1 1 100 723.086
2 2 100 723.994
3 3 100 1256.57
4 4 100 1291.79
5 5 100 1442.14
6 6 100 1492.02
7 7 100 1516.38
8 8 100 1533.36
9 9 100 1574.09
10 10 100 1583.27
11 11 100 2378.64
12 12 100 2381.65
13 13 100 2393.44
14 14 100 4036.21
15 15 100 4047.18
16 16 100 4054.48
17 17 100 4055.58
18 18 100 4068.1
19 19 100 4085.97
20 20 100 4126.02
21 21 100 4137.58
22 22 100 4143.99
23 23 100 4148.68
24 24 100 4150.14
25 25 100 4151.19
26 26 100 4152.24
27 27 100 4156.46
28 28 100 4160.7
29 29 100 4170.49
30 30 100 4171.55
31 31 100 4172.45
32 32 100 4173.44
33 33 100 4175.87
34 34 100 4176.95
35 35 100 4178.06
36 36 100 4179.3
37 37 100 4180.35
38 38 100 4181.37
39 39 100 4182.38
40 40 100 4183.39
41 41 100 4184.41
42 42 100 4185.42
43 43 100 4186.43
44 44 100 4187.45
45 45 100 4188.46
46 46 100 4189.47
47 47 100 4191.63
48 48 100 4201.37
49 49 100 4266.83
50 50 100 4270.02
