86 75420 2 0 2 240 0 2 0 0
86 639876 0 1 1 0 66 0 1 0
96 2181 0 1 1 0 848 0 1 0
175 7249 1 0 1 2874 0 1 0 0
175 11175 1 0 1 919 0 1 0 0
175 64556 1 0 1 312 0 1 0 0
175 378828 1 0 1 219 0 1 0 0
175 832591 1 0 1 161 0 1 0 0
175 835263 1 0 1 854 0 1 0 0
207 1861 1 0 1 626 0 1 0 0
207 2415 1 0 1 296 0 1 0 0
207 3055 1 0 1 275 0 1 0 0
207 4409 1 0 1 364 0 1 0 0
207 7657 1 0 1 534 0 1 0 0
207 9093 1 0 1 1002 0 1 0 0
207 12078 1 0 1 450 0 1 0 0
207 13574 1 0 1 330 0 1 0 0
207 14897 1 0 1 394 0 1 0 0
207 145742 1 0 1 58 0 1 0 0
207 177472 1 0 1 194 0 1 0 0
207 189522 1 0 1 565 0 1 0 0
207 213028 1 0 1 253 0 1 0 0
207 449475 1 0 1 14 0 1 0 0
207 567926 1 0 1 321 0 1 0 0
207 592114 1 0 1 1019 0 1 0 0
207 624825 1 0 1 207 0 1 0 0
207 839997 1 0 1 23 0 1 0 0
207 840975 1 0 1 1099 0 1 0 0
207 847141 1 0 1 815 0 1 0 0
276 839185 1 0 1 1206 0 1 0 0
302 1114 1 0 1 27 0 1 0 0
302 18733 1 0 1 26 0 1 0 0
302 23044 1 0 1 9 0 1 0 0
302 134251 1 0 1 6 0 1 0 0
302 134260 1 0 1 14 0 1 0 0
302 164045 1 0 1 34 0 1 0 0
302 170682 1 0 1 36 0 1 0 0
302 245444 1 0 1 9 0 1 0 0
302 263127 1 0 1 13 0 1 0 0
302 316925 1 0 1 10 0 1 0 0
302 430867 1 0 1 7 0 1 0 0
302 779247 1 0 1 22 0 1 0 0
302 780035 1 0 1 16 0 1 0 0
302 782299 1 0 1 41 0 1 0 0
302 814805 1 0 1 11 0 1 0 0
302 830029 1 0 1 43 0 1 0 0
302 831193 1 0 1 6 0 1 0 0
302 831202 1 0 1 7 0 1 0 0
302 831206 1 0 1 8 0 1 0 0
302 831222 1 0 1 10 0 1 0 0
302 831249 1 0 1 16 0 1 0 0
302 831291 1 0 1 23 0 1 0 0
302 831303 1 0 1 24 0 1 0 0
302 831322 1 0 1 27 0 1 0 0
302 831342 1 0 1 30 0 1 0 0
302 831429 1 0 1 45 0 1 0 0
302 831455 1 0 1 51 0 1 0 0
302 831468 1 0 1 55 0 1 0 0
322 4361 0 1 1 0 217 0 1 0
322 4400 0 1 1 0 938 0 1 0
322 6995 0 1 1 0 1235 0 1 0
322 8285 0 1 1 0 129 0 1 0
322 24794 0 2 2 0 899 0 2 0
322 39521 0 1 1 0 252 0 1 0
322 41700 0 2 2 0 1379 0 2 0
322 69959 0 1 1 0 35 0 1 0
322 88719 0 1 1 0 1089 0 1 0
322 96303 0 1 1 0 263 0 1 0
322 241335 0 1 1 0 136 0 1 0
322 256800 0 1 1 0 159 0 1 0
322 263349 0 1 1 0 339 0 1 0
322 298568 0 1 1 0 823 0 1 0
322 406869 0 1 1 0 307 0 1 0
322 423434 0 1 1 0 89 0 1 0
322 442839 0 1 1 0 1116 0 1 0
322 445704 0 1 1 0 196 0 1 0
322 481568 0 1 1 0 81 0 1 0
322 512162 0 1 1 0 134 0 1 0
322 565705 0 1 1 0 94 0 1 0
322 571697 0 1 1 0 147 0 1 0
322 604802 0 2 2 0 405 0 2 0
322 683899 0 1 1 0 857 0 1 0
322 715047 0 2 2 0 1398 0 2 0
322 737871 0 1 1 0 156 0 1 0
322 779236 0 1 1 0 1188 0 1 0
322 796660 0 1 1 0 140 0 1 0
322 807043 0 1 1 0 572 0 1 0
322 816078 0 1 1 0 249 0 1 0
322 817792 0 1 1 0 367 0 1 0
322 817957 0 3 3 0 378 0 3 0
322 824193 0 2 2 0 137 0 2 0
322 826384 0 1 1 0 879 0 1 0
322 826891 0 1 1 0 1148 0 1 0
322 826925 0 1 1 0 1133 0 1 0
322 827135 0 1 1 0 1048 0 1 0
322 827459 0 1 1 0 965 0 1 0
322 827908 0 1 1 0 816 0 1 0
322 828125 0 1 1 0 748 0 1 0
322 828699 0 1 1 0 60 0 1 0
322 828789 0 1 1 0 506 0 1 0
322 828946 0 1 1 0 458 0 1 0
322 829067 0 1 1 0 409 0 1 0
322 829104 0 1 1 0 227 0 1 0
322 829333 0 1 1 0 317 0 1 0
322 830029 0 1 1 0 58 0 1 0
322 830246 0 1 1 0 47 0 1 0
322 831026 0 1 1 0 526 0 1 0
322 839509 0 1 1 0 663 0 1 0
322 840630 0 1 1 0 195 0 1 0
322 841434 0 1 1 0 769 0 1 0
322 841721 0 1 1 0 683 0 1 0
322 842154 0 1 1 0 501 0 1 0
322 842262 0 1 1 0 456 0 1 0
322 842282 0 1 1 0 442 0 1 0
322 842321 0 1 1 0 429 0 1 0
322 842332 0 1 1 0 392 0 1 0
322 842451 0 1 1 0 333 0 1 0
322 842454 0 1 1 0 308 0 1 0
322 842466 0 1 1 0 206 0 1 0
322 842814 0 1 1 0 114 0 1 0
322 843041 0 1 1 0 41 0 1 0
322 843202 0 1 1 0 171 0 1 0
322 844023 0 1 1 0 634 0 1 0
322 844099 0 1 1 0 798 0 1 0
322 844135 0 1 1 0 21 0 1 0
322 844198 0 1 1 0 162 0 1 0
322 844360 0 1 1 0 66 0 1 0
322 844824 0 1 1 0 34 0 1 0
322 845082 0 1 1 0 43 0 1 0
322 845296 0 1 1 0 105 0 1 0
445704 486903 1 0 1 3055 0 0.5 0 0
445704 536478 1 0 1 948 0 1 0 0
445704 842447 1 0 1 1817 0 1 0 0
535035 538225 1 0 1 13 0 1 0 0
1021 639876 0 1 1 0 206 0 1 0
1086 639876 0 1 1 0 860 0 1 0
446316 639876 0 1 1 0 105 0 1 0
1261 12559 1 1 2 1570 317 1 1 0
1261 13125 0 1 1 0 703 0 1 0
1261 765915 0 1 1 0 323 0 1 0
1465 748901 0 1 1 0 426 0 1 0
1465 830120 0 1 1 0 549 0 1 0
1662 458216 1 0 1 18 0 1 0 0
1662 847724 1 0 1 11 0 1 0 0
1662 847731 1 0 1 12 0 1 0 0
1662 847962 1 0 1 79 0 1 0 0
803144 825531 0 1 1 0 154 0 1 0
803151 825531 0 1 1 0 154 0 1 0
803153 825531 0 1 1 0 155 0 1 0
803155 825531 0 1 1 0 155 0 1 0
803157 825531 0 1 1 0 155 0 1 0
803159 825531 0 1 1 0 155 0 1 0
803161 825531 0 1 1 0 154 0 1 0
803163 825531 0 1 1 0 155 0 1 0
803165 825531 0 1 1 0 155 0 1 0
803167 825531 0 1 1 0 155 0 1 0
803169 825531 0 1 1 0 155 0 1 0
803171 825531 0 1 1 0 155 0 1 0
803173 825531 0 1 1 0 155 0 1 0
803175 825531 0 1 1 0 155 0 1 0
803177 825531 0 1 1 0 155 0 1 0
803179 825531 0 1 1 0 154 0 1 0
803183 825531 0 1 1 0 155 0 1 0
803185 825531 0 1 1 0 155 0 1 0
803187 825531 0 1 1 0 155 0 1 0
803189 825531 0 1 1 0 155 0 1 0
803191 825531 0 1 1 0 155 0 1 0
803193 825531 0 1 1 0 155 0 1 0
803195 825531 0 1 1 0 155 0 1 0
803197 825531 0 1 1 0 154 0 1 0
803199 825531 0 1 1 0 155 0 1 0
803203 825531 0 1 1 0 155 0 1 0
803205 825531 0 1 1 0 154 0 1 0
803207 825531 0 1 1 0 155 0 1 0
1842 26632 0 1 1 0 11 0 1 0
1861 839997 1 0 1 187 0 1 0 0
803257 825531 0 1 1 0 153 0 1 0
803259 825531 0 1 1 0 153 0 1 0
803267 825531 0 1 1 0 155 0 1 0
803269 825531 0 1 1 0 155 0 1 0
803271 825531 0 1 1 0 154 0 1 0
803273 825531 0 1 1 0 155 0 1 0
803275 825531 0 1 1 0 154 0 1 0
803290 825531 0 1 1 0 155 0 1 0
803294 825531 0 1 1 0 155 0 1 0
803298 825531 0 1 1 0 155 0 1 0
803307 825531 0 1 1 0 153 0 1 0
803309 825531 0 1 1 0 153 0 1 0
803357 825531 0 1 1 0 154 0 1 0
2011 48783 0 1 1 0 6 0 1 0
2011 168413 0 2 2 0 74 0 2 0
2011 748901 0 1 1 0 38 0 1 0
2091 48783 0 1 1 0 25 0 1 0
2091 168413 0 1 1 0 117 0 1 0
2091 748901 0 1 1 0 146 0 1 0
2091 836040 0 1 1 0 32 0 1 0
2181 50622 1 0 1 13 0 1 0 0
2415 639876 0 1 1 0 1233 0 1 0
803823 825531 0 1 1 0 154 0 1 0
803825 825531 0 1 1 0 154 0 1 0
803827 825531 0 1 1 0 154 0 1 0
2518 821125 0 1 1 0 1915 0 1 0
2577 832481 0 1 1 0 269 0 1 0
2577 839526 0 1 1 0 190 0 1 0
448015 510983 0 1 1 0 18 0 1 0
2811 208563 1 0 1 194 0 1 0 0
2811 842771 1 0 1 812 0 1 0 0
2811 843219 1 0 1 938 0 1 0 0
2811 843295 1 0 1 959 0 1 0 0
3055 639876 0 1 1 0 9 0 1 0
448282 846776 0 1 1 0 344 0 1 0
92213 840176 0 1 1 0 57 0 1 0
3230 570828 0 1 1 0 287 0 1 0
3284 639876 0 1 1 0 232 0 1 0
805186 825531 0 1 1 0 154 0 1 0
3960 821982 0 1 1 0 1076 0 1 0
3965 415526 0 1 1 0 1293 0 1 0
93140 831357 0 1 1 0 387 0 1 0
4140 669000 0 1 1 0 897 0 1 0
4161 828650 1 0 1 116 0 1 0 0
4255 12078 1 0 1 1087 0 1 0 0
4255 37193 1 0 1 61 0 1 0 0
4255 58030 1 0 1 1225 0 1 0 0
4255 90686 2 0 2 185 0 2 0 0
4255 237985 1 0 1 14 0 1 0 0
4255 537533 1 0 1 142 0 1 0 0
4255 537769 3 0 3 470 0 3 0 0
4255 823048 1 0 1 12 0 1 0 0
93310 94537 1 0 1 1890 0 1 0 0
93310 151815 1 0 1 1011 0 1 0 0
93310 548594 1 0 1 581 0 1 0 0
93310 822937 1 0 1 150 0 1 0 0
93310 823149 1 0 1 188 0 1 0 0
93310 824803 1 0 1 516 0 1 0 0
93310 825338 1 0 1 625 0 1 0 0
93310 825538 1 0 1 681 0 1 0 0
93310 826782 1 0 1 947 0 1 0 0
93310 827028 1 0 1 1016 0 1 0 0
93310 827639 1 0 1 1151 0 1 0 0
93310 830817 1 0 1 1907 0 1 0 0
93310 840125 1 0 1 4390 0 1 0 0
93310 841230 1 0 1 319 0 1 0 0
93310 841792 1 0 1 4808 0 1 0 0
449475 639876 0 1 1 0 97 0 1 0
4409 639876 0 1 1 0 3176 0 1 0
182884 837696 1 0 1 397 0 1 0 0
806182 825531 0 1 1 0 157 0 1 0
4853 39156 1 0 1 1199 0 1 0 0
4853 796502 1 0 1 23 0 1 0 0
4853 825857 1 0 1 171 0 1 0 0
4946 827717 0 1 1 0 256 0 1 0
5150 822059 1 0 1 120 0 1 0 0
5221 66883 1 0 1 1209 0 1 0 0
5221 278318 1 0 1 13 0 1 0 0
5610 570828 0 1 1 0 2560 0 1 0
6247 16244 2 0 2 104 0 2 0 0
6247 27631 1 0 1 214 0 1 0 0
6247 42416 1 0 1 670 0 1 0 0
6247 531185 2 0 2 1562 0 2 0 0
6611 48783 0 1 1 0 93 0 1 0
6611 168413 0 2 2 0 449 0 2 0
6611 748901 0 1 1 0 315 0 1 0
6611 841229 0 1 1 0 81 0 1 0
6837 748901 0 1 1 0 2086 0 1 0
6917 42982 1 0 1 46 0 1 0 0
7135 748901 0 1 1 0 212 0 1 0
7361 639876 0 1 1 0 572 0 1 0
7361 825531 0 1 1 0 3456 0 1 0
7361 836806 0 1 1 0 692 0 1 0
7531 11357 0 1 1 0 479 0 1 0
274661 748901 0 1 1 0 816 0 1 0
808918 825531 0 1 1 0 161 0 1 0
274711 821795 0 1 1 0 1507 0 1 0
186118 411418 0 1 1 0 772 0 1 0
8504 414234 0 1 1 0 50 0 1 0
810201 825531 0 1 1 0 153 0 1 0
8996 95028 1 0 1 145 0 1 0 0
8996 322495 1 0 1 165 0 1 0 0
8996 829191 1 0 1 251 0 1 0 0
543417 823428 0 1 1 0 83 0 1 0
9252 158180 0 1 1 0 1084 0 1 0
810751 825531 0 1 1 0 157 0 1 0
810753 825531 0 1 1 0 157 0 1 0
810755 825531 0 1 1 0 157 0 1 0
810759 825531 0 1 1 0 157 0 1 0
810761 825531 0 1 1 0 157 0 1 0
98881 835810 0 1 1 0 229 0 1 0
9846 639876 0 1 1 0 1140 0 1 0
277116 306521 0 1 1 0 398 0 0.5 0
277116 314553 1 0 1 449 0 1 0 0
277116 448582 1 0 1 450 0 1 0 0
277116 847742 1 0 1 562 0 1 0 0
10008 10009 0 1 1 0 995 0 1 0
10009 30589 1 0 1 15 0 1 0 0
10009 56677 1 0 1 201 0 1 0 0
10009 87370 1 0 1 14 0 1 0 0
10009 845027 1 0 1 669 0 1 0 0
10009 845679 1 0 1 13 0 1 0 0
10009 845764 1 0 1 32 0 1 0 0
10009 845871 1 0 1 65 0 1 0 0
10009 846660 1 0 1 365 0 1 0 0
10009 847339 1 0 1 626 0 1 0 0
10009 847484 1 0 1 676 0 1 0 0
10009 847625 1 0 1 730 0 1 0 0
10009 847763 1 0 1 769 0 1 0 0
10009 847988 1 0 1 836 0 1 0 0
10009 848274 1 0 1 941 0 1 0 0
99083 833570 0 1 1 0 174 0 1 0
10127 259927 1 0 1 152 0 1 0 0
811524 830120 0 1 1 0 29 0 1 0
10326 570828 0 1 1 0 3631 0 1 0
10686 570828 0 1 1 0 1054 0 1 0
277857 426502 1 0 1 1589 0 1 0 0
277857 844531 1 0 1 256 0 1 0 0
189126 306521 0 1 1 0 22 0 1 0
11097 778510 1 0 1 2098 0 1 0 0
11119 748901 0 1 1 0 259 0 1 0
11357 123569 1 0 1 3680 0 1 0 0
11357 305330 1 0 1 21 0 1 0 0
11357 819835 1 0 1 176 0 1 0 0
11357 833067 1 0 1 597 0 1 0 0
11357 838879 1 0 1 2165 0 1 0 0
11357 848114 1 0 1 5024 0 1 0 0
11464 570828 0 1 1 0 2558 0 1 0
456699 570828 0 1 1 0 116 0 1 0
11519 411418 0 1 1 0 99 0 1 0
813103 815106 1 0 1 217 0 1 0 0
813103 823213 1 0 1 219 0 1 0 0
813103 832327 1 0 1 483 0 1 0 0
813103 838811 1 0 1 2235 0 1 0 0
11997 188830 2 0 2 263 0 2 0 0
635299 639876 0 1 1 0 282 0 1 0
457273 832434 0 1 1 0 689 0 1 0
12078 249425 0 1 1 0 291 0 1 0
12078 336977 0 1 1 0 2503 0 1 0
12078 831473 0 1 1 0 127 0 1 0
279471 688725 1 0 1 125 0 1 0 0
12565 346049 0 1 1 0 2040 0 1 0
12803 765915 0 1 1 0 1132 0 1 0
369156 570828 0 1 1 0 5312 0 1 0
13125 170213 1 0 1 421 0 1 0 0
13125 831471 1 0 1 210 0 1 0 0
13125 832986 1 0 1 593 0 1 0 0
13125 833830 1 0 1 792 0 1 0 0
13400 23184 1 0 1 2453 0 1 0 0
13429 28324 0 1 1 0 195 0 1 0
13871 831036 0 1 1 0 328 0 1 0
13871 833570 1 1 2 248 132 0.5 1 0
14144 35912 0 1 1 0 1 0 1 0
14144 841229 0 0 1 0 0 0 0 0
14296 841229 0 0 1 0 0 0 0 0
281450 570828 0 1 1 0 4690 0 1 0
815737 827776 0 1 1 0 64 0 1 0
14413 346049 0 1 1 0 756 0 1 0
14419 168413 0 1 1 0 83 0 1 0
637795 833107 1 0 1 73 0 1 0 0
14510 168413 0 1 1 0 86 0 1 0
815966 825531 0 1 1 0 151 0 1 0
15048 748901 0 1 1 0 1574 0 1 0
104278 748901 0 1 1 0 5858 0 1 0
15480 340995 1 0 1 58 0 1 0 0
105353 570828 0 1 1 0 226 0 1 0
639876 811524 1 0 1 330 0 1 0 0
639876 837629 1 0 1 94 0 1 0 0
639876 837736 1 0 1 120 0 1 0 0
639876 837762 4 0 4 425 0 4 0 0
639876 837913 1 0 1 427 0 1 0 0
639876 838073 1 0 1 202 0 1 0 0
639876 838294 1 0 1 269 0 1 0 0
639876 838327 1 0 1 277 0 1 0 0
639876 838442 1 0 1 314 0 1 0 0
639876 838535 1 0 1 338 0 1 0 0
639876 838750 1 0 1 404 0 1 0 0
639876 838977 1 0 1 468 0 1 0 0
639876 839683 1 0 1 671 0 1 0 0
639876 840975 1 0 1 1037 0 1 0 0
639876 841480 1 0 1 1141 0 1 0 0
639876 841646 1 0 1 1180 0 1 0 0
639876 841732 1 0 1 1210 0 1 0 0
639876 841833 1 0 1 1235 0 1 0 0
639876 841886 1 0 1 1253 0 1 0 0
639876 841994 1 0 1 1284 0 1 0 0
639876 842105 1 0 1 1310 0 1 0 0
639876 842553 1 0 1 1433 0 1 0 0
639876 842760 1 0 1 1498 0 1 0 0
639876 846677 1 0 1 2795 0 1 0 0
639876 846766 1 0 1 2826 0 1 0 0
283764 570828 0 1 1 0 408 0 1 0
461991 832434 0 1 1 0 2433 0 1 0
283943 818059 0 1 1 0 363 0 1 0
283943 833393 0 1 1 0 412 0 1 0
283943 837654 0 1 1 0 1285 0 1 0
105973 826662 1 0 1 61 0 1 0 0
17210 446795 0 1 1 0 95 0 1 0
18028 244206 1 0 1 1724 0 1 0 0
196153 824639 1 0 1 110 0 1 0 0
196153 835339 1 0 1 2668 0 1 0 0
18108 837958 1 0 1 1 0 1 0 0
196395 829159 1 0 1 171 0 1 0 0
18398 414234 0 1 1 0 1057 0 1 0
375087 411418 0 1 1 0 258 0 1 0
642299 841127 1 0 1 220 0 1 0 0
820542 821888 1 0 1 85 0 1 0 0
553535 836806 0 1 1 0 176 0 1 0
19487 826815 0 1 1 0 520 0 1 0
108615 830264 1 0 1 28 0 1 0 0
108615 844956 1 0 1 2338 0 1 0 0
108615 845726 1 0 1 2595 0 1 0 0
108615 846008 1 0 1 2689 0 1 0 0
19735 748901 0 1 1 0 172 0 1 0
821151 825861 1 0 1 901 0 1 0 0
821641 827997 1 0 1 1328 0 1 0 0
821641 839387 1 0 1 124 0 1 0 0
821641 840456 1 0 1 450 0 1 0 0
376456 669000 0 1 1 0 2914 0 1 0
465564 824543 1 0 1 95 0 1 0 0
20463 831546 1 0 1 1267 0 1 0 0
821887 823521 1 0 1 309 0 1 0 0
20595 827470 0 1 1 0 1029 0 1 0
821982 823814 1 0 1 323 0 1 0 0
821982 823821 1 0 1 327 0 1 0 0
821982 824495 1 0 1 468 0 1 0 0
733334 822817 0 1 1 0 402 0 1 0
644393 832434 0 1 1 0 2515 0 1 0
822708 829065 1 0 1 1394 0 1 0 0
822817 823058 1 0 1 40 0 1 0 0
822817 823245 0 1 1 0 47 0 1 0
822817 824343 1 0 1 281 0 1 0 0
822817 824911 1 0 1 410 0 1 0 0
822817 825600 1 0 1 565 0 1 0 0
822817 835274 1 0 1 2889 0 1 0 0
822817 835868 1 0 1 3051 0 1 0 0
822817 843893 1 0 1 5275 0 1 0 0
110671 820180 0 1 1 0 543 0 1 0
22004 130954 0 1 1 0 552 0 1 0
823428 823999 1 0 1 90 0 1 0 0
823428 824643 1 0 1 234 0 1 0 0
823428 826592 1 0 1 651 0 1 0 0
823428 828565 1 0 1 1136 0 1 0 0
823428 832364 1 0 1 2013 0 1 0 0
823428 834720 1 0 1 2638 0 1 0 0
823428 847511 1 0 1 6441 0 1 0 0
22094 49053 0 1 1 0 392 0 1 0
823577 836806 0 1 1 0 1768 0 1 0
823614 828337 1 0 1 1037 0 1 0 0
823614 836545 1 0 1 3093 0 1 0 0
823783 824238 1 0 1 91 0 1 0 0
823891 840328 1 0 1 4127 0 1 0 0
823891 842509 1 0 1 4679 0 1 0 0
823891 846994 1 0 1 6169 0 1 0 0
824060 826542 1 0 1 323 0 1 0 0
824060 834574 1 0 1 2840 0 1 0 0
200969 340995 1 0 1 84 0 1 0 0
824256 824328 1 0 1 43 0 1 0 0
23604 49475 1 0 1 430 0 1 0 0
825310 825479 0 1 1 0 6 0 1 0
825474 828627 1 0 1 599 0 1 0 0
825474 829112 1 0 1 720 0 1 0 0
825474 834329 1 0 1 1969 0 1 0 0
825474 848048 1 0 1 6059 0 1 0 0
825531 826341 1 0 1 196 0 1 0 0
825531 826349 1 0 1 196 0 1 0 0
825531 826351 1 0 1 196 0 1 0 0
825531 826596 1 0 1 220 0 1 0 0
825531 843179 1 0 1 4518 0 1 0 0
825587 828830 1 0 1 764 0 1 0 0
825587 834897 1 0 1 2241 0 1 0 0
825732 825877 1 0 1 35 0 1 0 0
380672 414234 0 1 1 0 159 0 1 0
825890 839341 1 0 1 3382 0 1 0 0
469814 639876 0 1 1 0 127 0 1 0
736994 845939 1 0 1 1962 0 1 0 0
113887 839558 0 1 1 0 736 0 1 0
826398 826934 1 0 1 145 0 1 0 0
826398 827178 1 0 1 200 0 1 0 0
826412 826534 1 0 1 34 0 1 0 0
826412 827892 1 0 1 358 0 1 0 0
826412 827964 1 0 1 375 0 1 0 0
826412 829756 1 0 1 816 0 1 0 0
470291 570828 0 1 1 0 205 0 1 0
826513 836172 1 0 1 2387 0 1 0 0
381310 414234 0 1 1 0 27 0 1 0
25182 570828 0 1 1 0 2415 0 1 0
203400 261292 1 0 1 431 0 1 0 0
203400 459194 1 0 1 577 0 1 0 0
292453 639876 0 1 1 0 824 0 1 0
826743 827539 1 0 1 194 0 1 0 0
826743 827839 1 0 1 260 0 1 0 0
826743 827939 1 0 1 285 0 1 0 0
827205 828632 1 0 1 343 0 1 0 0
827205 829335 1 0 1 515 0 1 0 0
827205 835210 1 0 1 1948 0 1 0 0
827205 835783 1 0 1 2100 0 1 0 0
827205 836250 1 0 1 2228 0 1 0 0
827205 837554 1 0 1 2591 0 1 0 0
25872 570828 0 1 1 0 1115 0 1 0
25975 570828 0 1 1 0 2397 0 1 0
827351 827837 1 0 1 111 0 1 0 0
827351 828114 1 0 1 174 0 1 0 0
827351 828157 1 0 1 186 0 1 0 0
827351 828680 1 0 1 327 0 1 0 0
26024 748901 0 1 1 0 5849 0 1 0
827449 828243 0 1 1 0 87 0 1 0
26128 830120 0 1 1 0 798 0 1 0
26239 843960 0 1 1 0 103 0 1 0
827622 844863 1 0 1 4596 0 1 0 0
827713 832458 1 0 1 1114 0 1 0 0
827717 828085 1 0 1 82 0 1 0 0
827717 829666 1 0 1 478 0 1 0 0
827717 829963 1 0 1 545 0 1 0 0
827717 833911 1 0 1 1486 0 1 0 0
827717 844872 1 0 1 4575 0 1 0 0
827717 846898 1 0 1 5286 0 1 0 0
827720 827726 1 0 1 1 0 1 0 0
827799 841884 1 0 1 3642 0 1 0 0
827799 842166 1 0 1 3714 0 1 0 0
827850 829575 1 0 1 431 0 1 0 0
471751 478111 1 0 1 158 0 1 0 0
828032 834991 0 1 1 0 1869 0 1 0
471874 826513 0 1 1 0 2264 0 1 0
828261 830343 1 0 1 240 0 1 0 0
116525 570828 0 1 1 0 3078 0 1 0
828896 837261 1 0 1 2101 0 1 0 0
116839 570828 0 1 1 0 4565 0 1 0
829390 829830 1 0 1 97 0 1 0 0
829390 831142 1 0 1 396 0 1 0 0
829390 831715 1 0 1 514 0 1 0 0
829524 829763 1 0 1 52 0 1 0 0
829524 829873 1 0 1 80 0 1 0 0
829524 829954 1 0 1 96 0 1 0 0
829524 830130 1 0 1 139 0 0.5 0 0
384349 570828 0 1 1 0 3945 0 1 0
829596 830573 1 0 1 228 0 1 0 0
28324 832422 2 0 2 68 0 2 0 0
829763 830130 2 0 2 170 0 1.5 0 0
117447 820180 0 1 1 0 321 0 1 0
830060 830113 1 0 1 14 0 1 0 0
295873 825977 0 1 1 0 73 0 1 0
296026 570828 0 1 1 0 3327 0 1 0
830284 830407 1 0 1 24 0 1 0 0
830284 838817 1 0 1 2209 0 1 0 0
296168 832434 0 1 1 0 4735 0 1 0
830532 833090 1 0 1 605 0 1 0 0
830612 839375 1 0 1 2285 0 1 0 0
118466 158180 0 1 1 0 4296 0 1 0
830798 831473 0 1 1 0 37 0 1 0
830903 833163 1 0 1 665 0 1 0 0
830903 837541 1 0 1 1892 0 1 0 0
831036 833570 1 0 1 576 0 0.5 0 0
831103 844381 1 0 1 3605 0 1 0 0
831364 831373 1 0 1 2 0 1 0 0
831473 831540 2 0 2 64 0 2 0 0
831473 831829 1 0 1 78 0 1 0 0
832206 833826 1 0 1 407 0 1 0 0
832206 834694 1 0 1 181 0 1 0 0
832206 835771 1 0 1 455 0 1 0 0
832206 844940 1 0 1 3068 0 1 0 0
298054 570828 0 1 1 0 93 0 1 0
832311 836611 1 0 1 1149 0 1 0 0
832434 833054 1 0 1 170 0 1 0 0
832434 833892 1 0 1 375 0 1 0 0
832434 838361 1 0 1 1592 0 1 0 0
832434 840951 1 0 1 2336 0 1 0 0
832434 841282 1 0 1 2414 0 1 0 0
832434 841286 1 0 1 2414 0 1 0 0
832434 841288 1 0 1 2414 0 1 0 0
832434 841290 1 0 1 2414 0 1 0 0
832434 841292 1 0 1 2414 0 1 0 0
832434 841294 1 0 1 2414 0 1 0 0
832434 841296 1 0 1 2414 0 1 0 0
832434 841298 1 0 1 2414 0 1 0 0
832434 841300 1 0 1 2414 0 1 0 0
832434 841302 1 0 1 2414 0 1 0 0
832434 841304 1 0 1 2414 0 1 0 0
832434 841306 1 0 1 2414 0 1 0 0
832434 841308 1 0 1 2414 0 1 0 0
832434 841310 1 0 1 2414 0 1 0 0
832434 841312 1 0 1 2414 0 1 0 0
832434 841314 1 0 1 2414 0 1 0 0
832434 841316 1 0 1 2414 0 1 0 0
832434 841318 1 0 1 2414 0 1 0 0
832434 841320 1 0 1 2414 0 1 0 0
832434 841322 1 0 1 2414 0 1 0 0
832434 841324 1 0 1 2414 0 1 0 0
832434 841326 1 0 1 2414 0 1 0 0
832434 841328 1 0 1 2414 0 1 0 0
832434 841330 1 0 1 2414 0 1 0 0
832434 841332 1 0 1 2414 0 1 0 0
832434 841334 1 0 1 2414 0 1 0 0
832434 841336 1 0 1 2414 0 1 0 0
832434 841338 1 0 1 2414 0 1 0 0
832434 841340 1 0 1 2414 0 1 0 0
832434 841342 1 0 1 2414 0 1 0 0
832434 841344 1 0 1 2414 0 1 0 0
832434 841346 1 0 1 2414 0 1 0 0
832434 841348 1 0 1 2414 0 1 0 0
832434 841350 1 0 1 2414 0 1 0 0
832434 841352 1 0 1 2414 0 1 0 0
832434 841354 1 0 1 2414 0 1 0 0
832434 841356 1 0 1 2414 0 1 0 0
832434 841358 1 0 1 2414 0 1 0 0
832434 841360 1 0 1 2414 0 1 0 0
832434 841362 1 0 1 2414 0 1 0 0
832434 841364 1 0 1 2414 0 1 0 0
832434 841366 1 0 1 2414 0 1 0 0
832434 841368 1 0 1 2414 0 1 0 0
832434 841370 1 0 1 2414 0 1 0 0
832434 841372 1 0 1 2414 0 1 0 0
832434 841374 1 0 1 2414 0 1 0 0
832434 841376 1 0 1 2414 0 1 0 0
832434 841413 1 0 1 2428 0 1 0 0
832434 841419 1 0 1 2430 0 1 0 0
832434 841441 1 0 1 2435 0 1 0 0
832434 841460 1 0 1 2438 0 1 0 0
832434 841476 1 0 1 2444 0 1 0 0
832434 841495 1 0 1 2447 0 1 0 0
832434 841498 1 0 1 2448 0 1 0 0
832434 841523 1 0 1 2455 0 1 0 0
832434 841536 1 0 1 2456 0 1 0 0
832434 841620 1 0 1 2476 0 1 0 0
832434 841639 1 0 1 2483 0 1 0 0
832434 841642 1 0 1 2483 0 1 0 0
832434 841664 1 0 1 2491 0 1 0 0
832434 841668 1 0 1 2493 0 1 0 0
832434 841712 1 0 1 2507 0 1 0 0
832434 841722 1 0 1 2511 0 1 0 0
832434 841730 1 0 1 2514 0 1 0 0
832434 841782 1 0 1 2528 0 1 0 0
832434 841784 1 0 1 2528 0 1 0 0
832434 841835 1 0 1 2539 0 1 0 0
832434 841956 1 0 1 2579 0 1 0 0
832434 842221 1 0 1 2645 0 1 0 0
832434 842326 1 0 1 2753 0 1 0 0
832434 842516 1 0 1 2725 0 1 0 0
832434 842703 1 0 1 2785 0 1 0 0
832434 842709 1 0 1 2788 0 1 0 0
832434 842802 1 0 1 2813 0 1 0 0
832434 842806 1 0 1 2813 0 1 0 0
832434 842919 1 0 1 2843 0 1 0 0
832434 842998 1 0 1 2863 0 1 0 0
832434 843062 1 0 1 2885 0 1 0 0
832434 843070 1 0 1 2886 0 1 0 0
832434 843152 1 0 1 2915 0 1 0 0
832434 843348 1 0 1 2971 0 1 0 0
832434 843388 1 0 1 2980 0 1 0 0
832434 843390 1 0 1 2981 0 1 0 0
832434 843621 1 0 1 3052 0 1 0 0
832434 843661 1 0 1 3065 0 1 0 0
832434 843692 1 0 1 3076 0 1 0 0
832434 843730 1 0 1 3088 0 1 0 0
832434 844136 1 0 1 3224 0 1 0 0
832434 844573 1 0 1 3374 0 1 0 0
832434 844958 1 0 1 3495 0 1 0 0
832434 846241 1 0 1 3933 0 1 0 0
832434 846381 1 0 1 3991 0 1 0 0
832434 846535 1 0 1 4040 0 1 0 0
832434 846551 1 0 1 4048 0 1 0 0
832434 846595 1 0 1 4068 0 1 0 0
832434 846837 1 0 1 4157 0 1 0 0
832434 847098 1 0 1 4266 0 1 0 0
832434 847997 1 0 1 4567 0 1 0 0
832683 842916 1 0 1 2991 0 1 0 0
31328 825220 0 1 1 0 3446 0 1 0
298568 458454 1 0 1 3001 0 1 0 0
832843 833073 1 0 1 58 0 1 0 0
298610 846078 1 0 1 4750 0 1 0 0
31618 848399 1 0 1 3153 0 1 0 0
31814 164466 0 1 1 0 430 0 1 0
566147 821056 1 0 1 1925 0 1 0 0
121103 570828 0 1 1 0 2676 0 1 0
833434 841434 0 1 1 0 66 0 1 0
833570 835095 1 0 1 226 0 1 0 0
833570 836063 1 0 1 479 0 1 0 0
833720 833894 1 0 1 49 0 1 0 0
833817 833960 1 0 1 47 0 1 0 0
834094 839477 1 0 1 1484 0 1 0 0
299942 778015 1 0 1 8 0 1 0 0
834385 843000 1 0 1 2454 0 1 0 0
478393 592526 1 0 1 1670 0 1 0 0
478393 768725 1 0 1 145 0 1 0 0
478393 823126 1 0 1 54 0 1 0 0
478393 824842 1 0 1 393 0 1 0 0
478393 832908 1 0 1 2280 0 1 0 0
478393 840040 1 0 1 4235 0 1 0 0
300431 833013 1 0 1 168 0 1 0 0
122428 836806 0 1 1 0 36 0 1 0
834761 842255 1 0 1 2035 0 1 0 0
834810 836623 1 0 1 491 0 1 0 0
834814 842506 1 0 1 1991 0 1 0 0
33498 266514 1 0 1 28 0 1 0 0
33498 846265 1 0 1 1857 0 1 0 0
33513 44596 1 0 1 16 0 1 0 0
33513 845742 1 0 1 971 0 1 0 0
745909 826505 1 0 1 650 0 1 0 0
835221 835290 1 0 1 18 0 1 0 0
835221 835440 1 0 1 59 0 1 0 0
835422 835610 1 1 2 46 135 1 1 0
835661 841197 1 0 1 1549 0 1 0 0
835778 835939 1 0 1 43 0 1 0 0
835778 835996 1 0 1 58 0 1 0 0
835778 836024 1 0 1 68 0 1 0 0
835778 836053 1 0 1 74 0 1 0 0
835810 837949 1 0 1 591 0 1 0 0
212559 823850 1 0 1 157 0 1 0 0
34489 570828 0 1 1 0 572 0 1 0
835890 837789 1 0 1 525 0 1 0 0
835958 842360 1 0 1 1755 0 1 0 0
34635 105973 1 0 1 44 0 1 0 0
123778 633092 0 1 1 0 262 0 1 0
34837 35912 0 1 1 0 1 0 1 0
124364 570828 0 1 1 0 420 0 1 0
391601 748901 0 1 1 0 3832 0 1 0
836806 836827 1 0 1 7 0 1 0 0
836806 836848 1 0 1 14 0 1 0 0
836806 836880 1 0 1 21 0 1 0 0
836806 836899 1 0 1 25 0 1 0 0
836806 836911 1 0 1 27 0 1 0 0
836806 836930 1 0 1 31 0 1 0 0
836806 836932 1 0 1 32 0 1 0 0
836806 836945 1 0 1 35 0 1 0 0
836806 836964 1 0 1 39 0 1 0 0
836806 836993 1 0 1 40 0 1 0 0
836806 837008 1 0 1 46 0 1 0 0
836806 837191 1 0 1 102 0 1 0 0
836806 837226 1 0 1 111 0 1 0 0
836806 837362 1 0 1 147 0 1 0 0
836806 837442 1 0 1 168 0 1 0 0
836806 837448 1 0 1 169 0 1 0 0
836806 837496 1 0 1 181 0 1 0 0
836806 837533 1 0 1 193 0 1 0 0
836806 837627 1 0 1 223 0 1 0 0
836806 837960 1 0 1 307 0 1 0 0
836806 838081 1 0 1 336 0 1 0 0
836806 838416 1 0 1 434 0 1 0 0
836806 838453 1 0 1 449 0 1 0 0
836806 838682 1 0 1 517 0 1 0 0
836806 838718 1 0 1 526 0 1 0 0
836806 838754 1 0 1 533 0 1 0 0
836806 838761 1 0 1 536 0 1 0 0
836806 838783 1 0 1 540 0 1 0 0
836806 838928 1 0 1 582 0 1 0 0
836806 839167 1 0 1 645 0 1 0 0
836806 839299 1 0 1 687 0 1 0 0
836806 839367 1 0 1 703 0 1 0 0
836806 839884 1 0 1 871 0 1 0 0
836806 839897 1 0 1 874 0 1 0 0
836806 839989 1 0 1 903 0 1 0 0
836806 840102 1 0 1 933 0 1 0 0
836806 840412 1 0 1 1024 0 1 0 0
836806 840417 1 0 1 1025 0 1 0 0
836806 840967 1 0 1 1164 0 1 0 0
836806 841048 1 0 1 1182 0 1 0 0
836806 841179 1 0 1 1212 0 1 0 0
836806 841606 1 0 1 1296 0 1 0 0
836806 841697 1 0 1 1326 0 1 0 0
836806 842168 1 0 1 1455 0 1 0 0
836806 842582 1 0 1 1574 0 1 0 0
836806 843044 1 0 1 1702 0 1 0 0
836806 843118 1 0 1 1729 0 1 0 0
836806 843221 1 0 1 1760 0 1 0 0
836806 844463 1 0 1 2163 0 1 0 0
836806 844601 1 0 1 2207 0 1 0 0
836806 844804 1 0 1 2269 0 1 0 0
836806 844836 1 0 1 2284 0 1 0 0
836806 845116 1 0 1 2375 0 1 0 0
836806 845245 1 0 1 2423 0 1 0 0
836806 845941 1 0 1 2643 0 1 0 0
836806 845953 1 0 1 2651 0 1 0 0
836806 846150 1 0 1 2726 0 1 0 0
836806 846292 1 0 1 2778 0 1 0 0
836806 847387 1 0 1 3192 0 1 0 0
836806 847722 1 0 1 3313 0 1 0 0
836847 837021 1 0 1 43 0 1 0 0
480704 748901 0 1 1 0 47 0 1 0
480704 841229 0 1 1 0 91 0 1 0
36080 835592 1 0 1 2364 0 1 0 0
36080 838861 1 0 1 3277 0 1 0 0
36080 844468 1 0 1 4876 0 1 0 0
748901 752099 1 0 1 1870 0 1 0 0
748901 764559 1 0 1 1837 0 1 0 0
748901 771309 1 0 1 5210 0 1 0 0
748901 773043 1 0 1 2449 0 1 0 0
748901 792639 1 0 1 88 0 1 0 0
748901 811524 1 0 1 16 0 1 0 0
748901 823957 1 0 1 180 0 1 0 0
748901 824526 1 0 1 303 0 1 0 0
748901 824671 1 0 1 337 0 1 0 0
748901 825629 1 0 1 554 0 1 0 0
748901 826095 1 0 1 663 0 1 0 0
748901 829379 1 0 1 1435 0 1 0 0
748901 830947 1 0 1 1789 0 1 0 0
748901 832336 1 0 1 2103 0 1 0 0
748901 836395 1 0 1 3184 0 1 0 0
748901 837826 1 0 1 3574 0 1 0 0
748901 838537 1 0 1 3768 0 1 0 0
748901 845513 1 0 1 5821 0 1 0 0
570828 636644 1 0 1 1055 0 1 0 0
570828 646683 1 0 1 1262 0 1 0 0
570828 731701 1 0 1 1105 0 1 0 0
570828 744100 1 0 1 1471 0 1 0 0
570828 777218 1 0 1 2825 0 1 0 0
570828 789024 1 0 1 1575 0 1 0 0
570828 827364 1 0 1 23 0 1 0 0
570828 827475 1 0 1 47 0 1 0 0
570828 827519 1 0 1 60 0 1 0 0
570828 827534 1 0 1 63 0 1 0 0
570828 827537 1 0 1 65 0 1 0 0
570828 827557 1 0 1 68 0 1 0 0
570828 827565 1 0 1 69 0 1 0 0
570828 827917 1 0 1 152 0 1 0 0
570828 827931 1 0 1 154 0 1 0 0
570828 827955 1 0 1 160 0 1 0 0
570828 828081 1 0 1 188 0 1 0 0
570828 828123 1 0 1 196 0 1 0 0
570828 828255 1 0 1 230 0 1 0 0
570828 828271 1 0 1 234 0 1 0 0
570828 828476 1 0 1 293 0 1 0 0
570828 828512 1 0 1 303 0 1 0 0
570828 828533 1 0 1 311 0 1 0 0
570828 828544 1 0 1 313 0 1 0 0
570828 828623 1 0 1 333 0 1 0 0
570828 828668 1 0 1 343 0 1 0 0
570828 828676 1 0 1 347 0 1 0 0
570828 828797 1 0 1 382 0 1 0 0
570828 828819 1 0 1 388 0 1 0 0
570828 828880 1 0 1 405 0 1 0 0
570828 829100 1 0 1 452 0 1 0 0
570828 829274 1 0 1 493 0 1 0 0
570828 829429 1 0 1 534 0 1 0 0
570828 829582 1 0 1 567 0 1 0 0
570828 829710 1 0 1 596 0 1 0 0
570828 829807 1 0 1 614 0 1 0 0
570828 830282 1 0 1 729 0 1 0 0
570828 830391 1 0 1 750 0 1 0 0
570828 830424 1 0 1 759 0 1 0 0
570828 830564 1 0 1 795 0 1 0 0
570828 830568 1 0 1 796 0 1 0 0
570828 830729 1 0 1 828 0 1 0 0
570828 830815 1 0 1 843 0 1 0 0
570828 830847 1 0 1 851 0 1 0 0
570828 830860 1 0 1 854 0 1 0 0
570828 831297 1 0 1 948 0 1 0 0
570828 831723 1 0 1 1039 0 1 0 0
570828 831790 1 0 1 1053 0 1 0 0
570828 833042 1 0 1 1378 0 1 0 0
570828 833129 1 0 1 1401 0 1 0 0
570828 833136 1 0 1 1402 0 1 0 0
570828 833209 1 0 1 1423 0 1 0 0
570828 833264 1 0 1 1433 0 1 0 0
570828 833282 1 0 1 1436 0 1 0 0
570828 833437 1 0 1 1475 0 1 0 0
570828 833568 1 0 1 1503 0 1 0 0
570828 833777 1 0 1 1550 0 1 0 0
570828 834316 1 0 1 1701 0 1 0 0
570828 834607 1 0 1 1790 0 1 0 0
570828 834824 1 0 1 1847 0 1 0 0
570828 835176 1 0 1 1933 0 1 0 0
570828 835212 1 0 1 1941 0 1 0 0
570828 835366 1 0 1 1978 0 1 0 0
570828 835657 1 0 1 2055 0 1 0 0
570828 835914 1 0 1 2130 0 1 0 0
570828 836003 1 0 1 2151 0 1 0 0
570828 836090 1 0 1 2176 0 1 0 0
570828 836448 1 0 1 2284 0 1 0 0
570828 836708 1 0 1 2360 0 1 0 0
570828 837029 1 0 1 2443 0 1 0 0
570828 837053 1 0 1 2446 0 1 0 0
570828 837100 1 0 1 2464 0 1 0 0
570828 838003 1 0 1 2702 0 1 0 0
570828 838114 1 0 1 2738 0 1 0 0
570828 838435 1 0 1 2826 0 1 0 0
570828 838615 1 0 1 2881 0 1 0 0
570828 838671 1 0 1 2899 0 1 0 0
570828 838757 1 0 1 2921 0 1 0 0
570828 839107 1 0 1 3019 0 1 0 0
570828 839377 1 0 1 3091 0 1 0 0
570828 839776 1 0 1 3221 0 1 0 0
570828 840312 1 0 1 3377 0 1 0 0
570828 840728 1 0 1 3490 0 1 0 0
570828 841726 1 0 1 3724 0 1 0 0
570828 841944 1 0 1 3785 0 1 0 0
570828 842002 1 0 1 3801 0 1 0 0
570828 842350 1 0 1 3891 0 1 0 0
570828 842485 1 0 1 3925 0 1 0 0
570828 844506 1 0 1 4565 0 1 0 0
570828 845989 1 0 1 5049 0 1 0 0
570828 846416 1 0 1 5210 0 1 0 0
570828 847350 1 0 1 5567 0 1 0 0
570828 847687 1 0 1 5692 0 1 0 0
570828 847806 1 0 1 5722 0 1 0 0
570828 847994 1 0 1 5777 0 1 0 0
570828 848066 1 0 1 5798 0 1 0 0
570828 848213 1 0 1 5856 0 1 0 0
125755 827153 0 1 1 0 1886 0 1 0
125756 414234 0 1 1 0 1401 0 1 0
838154 838155 0 1 1 0 416 0 1 0
36947 414234 0 1 1 0 48 0 1 0
838366 839664 1 0 1 378 0 1 0 0
838427 839191 1 0 1 219 0 1 0 0
749412 827850 0 1 1 0 275 0 1 0
37193 228788 0 1 1 0 40 0 1 0
37193 354632 0 1 1 0 272 0 1 0
37193 567843 0 1 1 0 315 0 1 0
37193 838636 0 1 1 0 59 0 1 0
37193 840573 0 1 1 0 411 0 1 0
37200 196153 0 1 1 0 228 0 1 0
838597 838857 1 0 1 80 0 1 0 0
838597 839216 1 0 1 180 0 1 0 0
838636 843366 1 0 1 1297 0 1 0 0
838643 839033 1 0 1 109 0 1 0 0
838712 839783 1 0 1 105 0 1 0 0
838715 839175 1 0 1 118 0 1 0 0
37620 843262 1 0 1 4368 0 1 0 0
839121 844403 1 0 1 1505 0 1 0 0
393963 826542 1 0 1 40 0 1 0 0
839421 840215 1 0 1 243 0 1 0 0
216446 306521 0 1 1 0 50 0 1 0
751028 834683 1 0 1 1473 0 1 0 0
840165 846092 1 0 1 1754 0 1 0 0
38799 832434 0 1 1 0 2732 0 1 0
127848 820180 0 1 1 0 362 0 1 0
38809 822708 0 1 1 0 71 0 1 0
662222 821982 0 1 1 0 471 0 1 0
573302 796816 1 0 1 10 0 1 0 0
573302 832666 1 0 1 143 0 1 0 0
39171 736512 0 1 1 0 1619 0 1 0
217376 263349 0 1 1 0 2955 0 1 0
306521 848428 1 0 1 425 0 1 0 0
840828 841163 1 0 1 76 0 1 0 0
39563 838636 0 0 1 0 0 0 0 0
39563 842321 0 1 1 0 429 0 1 0
217970 833880 0 1 1 0 711 0 1 0
40121 123018 2 0 2 661 0 2 0 0
40121 837813 1 0 1 253 0 1 0 0
40232 841069 1 0 1 219 0 1 0 0
308223 340995 1 0 1 47 0 1 0 0
41319 639876 0 1 1 0 843 0 1 0
308669 827850 0 1 1 0 35 0 1 0
842931 845627 1 0 1 880 0 1 0 0
842932 845367 1 0 1 795 0 1 0 0
842985 843028 1 0 1 10 0 1 0 0
486903 830903 0 1 1 0 2059 0 0.5 0
130954 441184 1 0 1 21 0 1 0 0
130954 846461 1 0 1 413 0 1 0 0
843337 843460 1 0 1 39 0 1 0 0
665492 779085 0 1 1 0 500 0 1 0
843637 846275 1 0 1 892 0 1 0 0
576570 832434 0 1 1 0 2735 0 1 0
131374 830303 1 0 1 1336 0 1 0 0
843886 844631 1 0 1 268 0 1 0 0
844307 844308 0 1 1 0 180 0 1 0
844308 847164 1 0 1 1194 0 1 0 0
43084 570828 0 1 1 0 541 0 1 0
43527 192438 1 0 1 87 0 1 0 0
221611 843911 1 0 1 1753 0 1 0 0
132653 748901 0 1 1 0 864 0 1 0
845082 846697 1 0 1 570 0 1 0 0
845115 845274 1 0 1 58 0 1 0 0
845115 846212 1 0 1 371 0 1 0 0
845115 847505 1 0 1 860 0 1 0 0
400092 832434 0 1 1 0 2854 0 1 0
311221 410648 0 1 1 0 348 0 1 0
44223 639876 0 1 1 0 2998 0 1 0
133272 748901 0 1 1 0 6149 0 1 0
667953 826412 0 1 1 0 240 0 1 0
846187 848499 1 0 1 835 0 1 0 0
134080 414234 0 1 1 0 1543 0 1 0
134294 846237 1 0 1 15 0 1 0 0
669000 838366 1 0 1 262 0 1 0 0
313354 846200 1 0 1 5422 0 1 0 0
224408 410648 0 1 1 0 659 0 1 0
135471 827717 0 1 1 0 2523 0 1 0
46541 414234 0 1 1 0 145 0 1 0
46726 415526 0 1 1 0 3241 0 1 0
403066 830141 0 1 1 0 375 0 1 0
47009 839825 0 1 1 0 696 0 1 0
848389 848395 1 0 1 2 0 1 0 0
47882 411418 0 1 1 0 4340 0 1 0
47914 830319 1 0 1 250 0 1 0 0
315423 832698 0 1 1 0 22 0 1 0
137361 847726 0 1 1 0 49 0 1 0
48783 60945 1 0 1 82 0 1 0 0
48783 120728 1 0 1 359 0 1 0 0
48783 480704 1 0 1 33 0 1 0 0
48783 838537 1 0 1 42 0 1 0 0
405263 827717 0 1 1 0 2632 0 1 0
138479 714332 0 1 1 0 2023 0 1 0
138479 714704 0 1 1 0 121 0 1 0
138527 826412 0 1 1 0 50 0 1 0
761832 842500 1 0 1 417 0 1 0 0
583774 637641 1 0 1 9 0 1 0 0
583774 824793 1 0 1 111 0 1 0 0
405814 570828 0 1 1 0 445 0 1 0
49820 827470 0 1 1 0 987 0 1 0
49820 837222 1 0 1 635 0 1 0 0
317005 832434 0 1 1 0 3202 0 1 0
50172 296144 1 0 1 2708 0 1 0 0
50172 836499 1 0 1 2577 0 1 0 0
50613 277116 2 0 2 729 0 1.5 0 0
50613 306521 0 1 1 0 156 0 1 0
407601 822734 1 0 1 287 0 1 0 0
231041 827717 0 1 1 0 2147 0 1 0
231065 628338 1 0 1 196 0 1 0 0
409437 410206 1 0 1 30 0 1 0 0
409437 410214 1 0 1 32 0 1 0 0
409437 410259 1 0 1 35 0 1 0 0
409437 410307 1 0 1 40 0 1 0 0
320591 570828 0 1 1 0 1327 0 1 0
676863 836040 0 1 1 0 3693 0 1 0
320712 752840 1 0 1 810 0 1 0 0
53743 639876 0 1 1 0 164 0 1 0
320906 845562 1 0 1 1979 0 1 0 0
232231 834991 0 1 1 0 1729 0 1 0
54301 827102 1 0 1 49 0 1 0 0
143356 821982 0 1 1 0 1729 0 1 0
410648 445704 0 1 1 0 704 0 1 0
410648 486903 3 0 3 8881 0 2 0 0
410648 552683 0 1 1 0 628 0 1 0
410648 553017 1 0 1 38 0 1 0 0
410648 559003 1 0 1 170 0 1 0 0
410648 604802 0 1 1 0 7 0 1 0
410648 812762 1 0 1 265 0 1 0 0
410648 812772 1 0 1 51 0 1 0 0
410648 813103 1 1 2 31 205 1 1 0
410648 815565 1 0 1 40 0 1 0 0
410648 818756 1 0 1 46 0 1 0 0
410648 826357 0 1 1 0 1060 0 1 0
410648 829376 1 0 1 391 0 1 0 0
410648 829609 1 0 1 19 0 1 0 0
410648 830903 0 1 1 0 119 0 1 0
410648 832606 1 0 1 710 0 1 0 0
410648 832947 1 0 1 803 0 1 0 0
410648 833362 1 0 1 904 0 1 0 0
410648 839573 1 0 1 2600 0 1 0 0
411418 485844 1 0 1 116 0 1 0 0
411418 822883 1 0 1 15 0 1 0 0
411418 823209 1 0 1 71 0 1 0 0
411418 828388 1 0 1 1204 0 1 0 0
55828 168413 0 2 2 0 145 0 2 0
145083 835661 0 1 1 0 322 0 1 0
145742 639876 0 1 1 0 653 0 1 0
769047 827717 0 1 1 0 443 0 1 0
56960 256662 0 1 1 0 786 0 1 0
235152 414234 0 1 1 0 415 0 1 0
235536 835302 0 1 1 0 397 0 1 0
681134 833964 0 1 1 0 333 0 1 0
414234 627167 1 0 1 483 0 1 0 0
414234 683973 1 0 1 148 0 1 0 0
414234 705111 1 0 1 245 0 1 0 0
414234 794842 1 0 1 1850 0 1 0 0
414234 841115 1 0 1 260 0 1 0 0
414234 843761 1 0 1 986 0 1 0 0
414234 845416 1 0 1 1551 0 1 0 0
58206 256662 0 1 2 0 1 0 1 0
58206 840700 0 1 2 0 1 0 1 0
58281 410648 0 1 1 0 2077 0 1 0
236722 570828 0 1 1 0 58 0 1 0
415526 416411 1 0 1 34 0 1 0 0
415526 837170 1 0 1 22 0 1 0 0
59498 748901 0 1 1 0 214 0 1 0
505046 836972 1 0 1 103 0 1 0 0
60604 92835 1 0 1 12 0 1 0 0
328394 840795 0 1 1 0 418 0 1 0
61407 838785 0 1 1 0 1910 0 1 0
150928 832434 0 1 1 0 3928 0 1 0
685466 832434 0 1 1 0 3176 0 1 0
62365 161944 0 1 1 0 901 0 1 0
685983 821056 1 0 1 17 0 1 0 0
508141 570828 0 1 1 0 1485 0 1 0
241678 570828 0 1 1 0 1455 0 1 0
241693 817303 1 0 1 2030 0 1 0 0
64126 639876 0 1 1 0 1618 0 1 0
421057 834154 0 1 1 0 52 0 1 0
65034 203287 0 1 1 0 1857 0 1 0
65364 108727 0 1 1 0 26 0 1 0
688712 732511 0 1 1 0 1623 0 1 0
65475 410648 0 1 1 0 151 0 1 0
421938 639876 0 1 1 0 821 0 1 0
66701 556833 0 1 1 0 49 0 1 0
66703 556833 0 1 1 0 49 0 1 0
66705 556833 0 1 1 0 49 0 1 0
66707 556833 0 1 1 0 49 0 1 0
66709 556833 0 1 1 0 49 0 1 0
66711 556833 0 1 1 0 49 0 1 0
66713 556833 0 1 1 0 49 0 1 0
66715 556833 0 1 1 0 49 0 1 0
66717 556833 0 1 1 0 49 0 1 0
66719 556833 0 1 1 0 49 0 1 0
66721 556833 0 1 1 0 49 0 1 0
66723 556833 0 1 1 0 49 0 1 0
66725 556833 0 1 1 0 49 0 1 0
66727 556833 0 1 1 0 49 0 1 0
779085 821982 1 0 1 101 0 1 0 0
779098 839880 0 1 1 0 1458 0 1 0
779098 842364 0 1 1 0 734 0 1 0
779236 839133 1 0 1 1 0 1 0 0
67971 639876 0 1 1 0 298 0 1 0
603162 822817 0 1 1 0 1664 0 1 0
514207 843953 1 0 1 5261 0 1 0 0
158180 233758 1 0 1 625 0 1 0 0
158180 313479 1 0 1 3239 0 1 0 0
158180 431647 1 0 1 140 0 1 0 0
158180 458062 1 0 1 3244 0 1 0 0
158180 460724 1 0 1 1627 0 1 0 0
158180 507572 1 0 1 376 0 1 0 0
158180 829603 1 0 1 446 0 1 0 0
158180 830562 1 0 1 670 0 1 0 0
158180 830647 1 0 1 687 0 1 0 0
158180 832498 1 0 1 1796 0 1 0 0
158180 833138 1 0 1 1277 0 1 0 0
158180 833925 1 0 1 1470 0 1 0 0
158180 834301 1 0 1 1573 0 1 0 0
158180 837714 1 0 1 2504 0 1 0 0
158180 839978 1 0 1 3159 0 1 0 0
158180 842972 1 0 1 3941 0 1 0 0
247758 414234 0 1 1 0 175 0 1 0
336977 487424 1 0 1 126 0 1 0 0
70200 127643 0 1 1 0 221 0 1 0
515653 517066 1 0 1 2546 0 1 0 0
515731 717918 0 1 1 0 154 0 1 0
604802 815106 1 0 1 422 0 1 0 0
604802 816098 1 0 1 48 0 1 0 0
604802 823213 1 0 1 76 0 1 0 0
159644 502888 1 0 1 165 0 1 0 0
159644 778380 1 0 1 31 0 1 0 0
159644 845420 1 0 1 3654 0 1 0 0
337792 639876 0 1 1 0 498 0 1 0
426867 827713 1 0 1 10 0 1 0 0
428182 439213 0 1 1 0 462 0 1 0
72238 195014 0 1 1 0 207 0 1 0
73562 130954 0 1 1 0 319 0 1 0
340995 442839 0 1 1 0 39 0 1 0
340995 490960 0 1 1 0 48 0 1 0
340995 826906 0 1 1 0 41 0 1 0
340995 826926 0 1 1 0 36 0 1 0
340995 833509 0 1 1 0 3494 0 1 0
340995 836375 0 1 1 0 2443 0 1 0
340995 840671 0 1 1 0 84 0 1 0
340995 840848 0 1 1 0 49 0 1 0
340995 840869 0 1 1 0 52 0 1 0
252669 290509 1 0 1 6 0 1 0 0
74788 192814 1 0 1 6798 0 1 0 0
74788 824709 1 0 1 668 0 1 0 0
164466 838231 1 0 1 255 0 1 0 0
432313 570828 0 1 1 0 43 0 1 0
343328 570828 0 1 1 0 4001 0 1 0
343333 841701 2 0 2 233 0 2 0 0
610670 840671 0 1 1 0 1142 0 1 0
76905 285944 1 0 1 65 0 1 0 0
76905 406103 1 0 1 2372 0 1 0 0
76905 549087 1 0 1 382 0 1 0 0
76905 574652 1 0 1 67 0 1 0 0
76905 825152 1 0 1 41 0 1 0 0
76905 825870 1 0 1 208 0 1 0 0
76905 826060 1 0 1 257 0 1 0 0
76905 828894 1 0 1 920 0 1 0 0
76905 848451 1 0 1 6452 0 1 0 0
77062 340995 1 0 1 615 0 1 0 0
344356 830641 1 0 1 1 0 1 0 0
166961 843335 0 1 1 0 82 0 1 0
78075 130159 0 1 1 0 2726 0 1 0
256662 258490 1 0 1 391 0 1 0 0
256662 259665 2 0 2 5211 0 2 0 0
256662 259772 2 0 2 5231 0 2 0 0
256662 260585 2 0 2 5383 0 2 0 0
256662 261192 2 0 2 5492 0 2 0 0
256662 261779 2 0 2 1375 0 2 0 0
256662 262161 2 0 2 885 0 2 0 0
256662 263295 2 0 2 231 0 2 0 0
256662 399605 2 0 2 473 0 2 0 0
256662 417437 1 0 1 1186 0 1 0 0
256662 418321 1 0 1 603 0 1 0 0
256662 814732 1 0 1 1407 0 1 0 0
168413 480704 2 0 2 160 0 2 0 0
168465 827799 0 1 1 0 436 0 1 0
346623 844390 0 1 1 0 549 0 1 0
80842 301384 1 0 1 113 0 1 0 0
80842 835446 1 0 1 33 0 1 0 0
171153 212486 1 0 1 218 0 1 0 0
171153 359803 1 0 1 2397 0 1 0 0
171153 544853 1 0 1 1895 0 1 0 0
171153 704937 1 0 1 2842 0 1 0 0
171153 823346 1 0 1 184 0 1 0 0
171153 828707 1 0 1 1374 0 1 0 0
171153 830798 1 0 1 1914 0 1 0 0
171153 831957 1 0 1 2107 0 1 0 0
82926 838636 0 1 1 0 62 0 1 0
439213 843354 1 0 1 141 0 1 0 0
261292 743905 0 1 1 0 254 0 1 0
261292 821151 0 1 1 0 422 0 1 0
261292 827611 0 1 1 0 3584 0 1 0
261292 829248 0 1 1 0 3181 0 1 0
261292 833204 0 1 1 0 281 0 1 0
261292 836432 0 1 1 0 1297 0 1 0
83661 827717 0 1 1 0 5117 0 1 0
529005 840108 0 1 1 0 979 0 1 0
796378 825977 0 1 1 0 4960 0 1 0
173209 516326 1 0 1 1141 0 1 0 0
173297 832434 0 1 1 0 2599 0 1 0
85911 827717 0 1 1 0 2077 0 1 0
442159 831473 0 1 1 0 25 0 1 0
710864 827717 0 1 1 0 5489 0 1 0
177086 827717 0 1 1 0 158 0 1 0
88493 827799 0 1 1 0 4109 0 1 0
444742 823428 0 1 1 0 5146 0 1 0
