1 1 100 71.5443
2 2 100 118.06
3 3 100 156.85
4 4 100 199.888
5 5 100 200.888
6 6 100 209.839
7 7 100 908.53
8 8 100 926.808
9 9 100 928.764
10 10 100 939.534
11 11 100 948.335
12 12 100 1125.41
13 13 100 1700.76
14 14 100 1707.08
15 15 100 1711.14
16 16 100 1712.6
17 17 100 1718.48
18 18 100 1732.07
19 19 100 2402.39
20 20 100 2408.74
21 21 100 2441.95
22 22 100 2445.78
23 23 100 2449.72
24 24 100 2452.97
25 25 100 2463.8
26 26 100 2513.98
27 27 100 2697.33
28 28 100 2723.28
29 29 100 2734.35
30 30 100 2746.66
31 31 100 3211.61
32 32 100 3237.89
33 33 100 3247.91
34 34 100 3251.6
35 35 100 3261.81
36 36 100 3270.31
37 37 100 3280.23
38 38 100 3283.42
39 39 100 3285.44
40 40 100 3291.96
41 41 100 3298.32
42 42 100 3302.68
43 43 100 3311.4
44 44 100 3319.03
45 45 100 3347.9
46 46 100 3355.16
47 47 100 10652
48 48 100 10654
49 49 100 10671.7
50 50 100 10675
