1 1 100 135.455
2 2 100 242.466
3 3 100 299.032
4 4 100 348.291
5 5 100 394.945
6 6 100 436.418
7 7 100 474.053
8 8 100 510.955
9 9 100 544.388
10 10 100 576.672
11 11 100 608.848
12 12 100 639.944
13 13 100 669.962
14 14 100 697.448
15 15 100 717.245
16 16 100 735.087
17 17 100 752.262
18 18 100 769.428
19 19 100 784.882
20 20 100 797.653
21 21 100 810.498
22 22 100 822.079
23 23 100 833.388
24 24 100 844.569
25 25 100 854.857
26 26 100 865.054
27 27 100 874.882
28 28 100 883.74
29 29 100 892.312
30 30 100 900.669
31 31 100 908.506
32 32 100 915.974
33 33 100 923.295
34 34 100 930.364
35 35 100 937.434
36 36 100 944.228
37 37 100 950.746
38 38 100 957.286
39 39 100 963.712
40 40 100 969.495
41 41 100 975.031
42 42 100 980.446
43 43 100 985.86
44 44 100 991.171
45 45 100 996.218
46 46 100 1001.08
47 47 100 1005.82
48 48 100 1010.58
49 49 100 1015.26
50 50 100 1019.94
