1 1 100 1.82357
2 2 100 10.1752
3 3 100 12.3042
4 4 100 13.3692
5 5 100 31.8977
6 6 100 33.1019
7 7 100 40.2608
8 8 100 41.8251
9 9 100 47.7301
10 10 100 106.375
11 11 100 144.856
12 12 100 149.106
13 13 100 182.203
14 14 100 185.176
15 15 100 210.529
16 16 100 213.828
17 17 100 215.006
18 18 100 217.293
19 19 100 239.691
20 20 100 256.982
21 21 100 272.882
22 22 100 275.758
23 23 100 278.689
24 24 100 279.97
25 25 100 281.239
26 26 100 283.102
27 27 100 295.948
28 28 100 307.79
29 29 100 318.447
30 30 100 319.475
31 31 100 330.408
32 32 100 340.422
33 33 100 350.619
34 34 100 352.301
35 35 100 354.686
36 36 100 362.952
37 37 100 370.482
38 38 100 378.3
39 39 100 386.29
40 40 100 392.9
41 41 100 395.258
42 42 100 401.777
43 43 100 407.651
44 44 100 413.986
45 45 100 419.768
46 46 100 424.815
47 47 100 429.264
48 48 100 434.035
49 49 100 438.714
50 50 100 443.761
