1 1 100 1.69371
2 2 100 3.06159
3 3 100 4.06159
4 4 100 5.06159
5 5 100 6.98129
6 6 100 8.0144
7 7 100 9.39454
8 8 100 10.424
9 9 100 12.8701
10 10 100 16.0884
11 11 100 17.0884
12 12 100 18.1693
13 13 100 19.5372
14 14 100 20.9051
15 15 100 22.273
16 16 100 23.6409
17 17 100 24.7328
18 18 100 29.6693
19 19 100 31.0372
20 20 100 32.4051
21 21 100 33.773
22 22 100 34.773
23 23 100 35.773
24 24 100 37.2328
25 25 100 38.9762
26 26 100 39.9762
27 27 100 41.3441
28 28 100 52.2816
29 29 100 550.02
30 30 100 550.928
31 31 100 551.952
32 32 100 552.967
33 33 100 553.996
34 34 100 555.364
35 35 100 556.364
36 36 100 558.099
37 37 100 559.18
38 38 100 560.186
39 39 100 668.229
40 40 100 669.597
41 41 100 670.597
42 42 100 676.934
43 43 100 678.302
44 44 100 679.304
45 45 100 683.003
46 46 100 684.003
47 47 100 686.842
48 48 100 688.578
49 49 100 689.652
50 50 100 690.652
