1 1 100 342.176
2 2 100 503.155
3 3 100 542.781
4 4 100 564.624
5 5 100 581.84
6 6 100 592.772
7 7 100 595.985
8 8 100 602.135
9 9 100 608.285
10 10 100 614.803
11 11 100 619.758
12 12 100 623.823
13 13 100 627.766
14 14 100 631.709
15 15 100 634.18
16 16 100 636.652
17 17 100 640.594
18 18 100 644.169
19 19 100 647.376
20 20 100 650.584
21 21 100 653.791
22 22 100 656.63
23 23 100 659.837
24 24 100 662.676
25 25 100 665.516
26 26 100 668.355
27 27 100 671.194
28 28 100 673.319
29 29 100 675.515
30 30 100 677.986
31 31 100 680.457
32 32 100 682.929
33 33 100 685.124
34 34 100 687.596
35 35 100 690.067
36 36 100 692.538
37 37 100 693.63
38 38 100 694.711
39 39 100 695.792
40 40 100 697.896
41 41 100 699.907
42 42 100 702.011
43 43 100 704.114
44 44 100 706.034
45 45 100 708.137
46 46 100 710.241
47 47 100 712.345
48 48 100 714.264
49 49 100 716.368
50 50 100 718.471
