1 1 100 1.32818
2 2 100 65.0105
3 3 100 66.1025
4 4 100 67.9238
5 5 100 70.2468
6 6 100 71.4307
7 7 100 72.7986
8 8 100 73.7986
9 9 100 75.5344
10 10 100 76.7379
11 11 100 78.1058
12 12 100 79.1978
13 13 100 80.5657
14 14 100 81.9336
15 15 100 83.3419
16 16 100 84.3419
17 17 100 85.7098
18 18 100 86.7098
19 19 100 87.8018
20 20 100 88.8018
21 21 100 89.8043
22 22 100 93.2159
23 23 100 94.9517
24 24 100 96.3195
25 25 100 97.3931
26 26 100 98.5771
27 27 100 99.9449
28 28 100 100.945
29 29 100 102.681
30 30 100 104.783
31 31 100 105.834
32 32 100 107.202
33 33 100 108.202
34 34 100 109.938
35 35 100 110.978
36 36 100 112.346
37 37 100 113.68
38 38 100 114.695
39 39 100 115.787
40 40 100 116.787
41 41 100 117.868
42 42 100 118.776
43 43 100 119.776
44 44 100 120.776
45 45 100 122.144
46 46 100 123.144
47 47 100 135.305
48 48 100 136.673
49 49 100 137.673
50 50 100 139.041
