6 25061 150 0 0
16 712 2646 0 0
16 1047 1099 0 0
16 1971 17 0 0
16 2077 1102 0 0
16 2941 1098 0 0
16 4417 1321 0 0
16 6803 2325 0 0
16 10760 1982 0 0
16 12326 1373 0 0
16 16547 100 0 0
16 19948 37 0 0
16 25495 1584 0 0
16 25698 2342 0 0
16 27356 745 0 0
16 28164 17 0 0
16 29890 195 0 0
16 30259 444 0 0
16 31116 257 0 0
16 36492 1689 0 0
16 37100 273 0 0
16 38961 1287 0 0
16 39111 517 0 0
16 41483 243 0 0
16 41577 88 0 0
16 42895 187 0 0
16 44956 245 0 0
16 45205 59 0 0
16 45295 218 0 0
16 52034 172 0 0
16 52182 913 0 0
16 54542 627 0 0
16 56470 309 0 0
16 58028 102 0 0
16 60142 563 0 0
16 62704 29 0 0
16 67772 657 0 0
16 72144 2111 0 0
16 72398 470 0 0
16 81162 16 0 0
16 82936 982 0 0
16 84707 2459 0 0
16 93370 531 0 0
16 98676 153 0 0
16 108877 518 0 0
16 111037 351 0 0
16 119502 197 0 0
16 125093 29 0 0
16 138242 573 0 0
16 145720 130 0 0
16 152468 2626 0 0
16 152989 437 0 0
16 160070 24 0 0
16 163503 325 0 0
16 172605 2100 0 0
16 188830 1659 0 0
16 189246 711 0 0
16 191581 41 0 0
16 196942 1835 0 0
16 198047 937 0 0
16 198265 984 0 0
16 200545 2548 0 0
16 206825 710 0 0
16 211428 14 0 0
16 211973 2000 0 0
16 220204 68 0 0
16 233044 35 0 0
16 233829 16 0 0
16 245217 76 0 0
16 258088 310 0 0
16 258485 422 0 0
16 260670 1042 0 0
16 262439 1027 0 0
16 268818 306 0 0
16 269533 31 0 0
16 289320 121 0 0
16 296773 1272 0 0
16 302963 18 0 0
16 313929 1117 0 0
16 317706 523 0 0
16 340721 35 0 0
16 340879 2387 0 0
16 362958 231 0 0
16 374102 146 0 0
16 413755 1032 0 0
16 428015 78 0 0
16 434549 1679 0 0
16 468220 569 0 0
16 500658 263 0 0
16 513769 92 0 0
16 516517 813 0 0
16 560079 307 0 0
16 590930 133 0 0
16 594688 160 0 0
16 596841 644 0 0
16 613562 123 0 0
16 622952 162 0 0
16 624847 286 0 0
16 719534 1867 0 0
16 723587 144 0 0
16 741203 2151 0 0
16 742744 16 0 0
16 742780 23 0 0
16 742823 32 0 0
16 742863 38 0 0
16 742867 39 0 0
16 742889 42 0 0
16 742898 43 0 0
16 742911 46 0 0
16 742940 52 0 0
16 742958 57 0 0
16 742973 59 0 0
16 742976 60 0 0
16 742986 61 0 0
16 743001 64 0 0
16 743014 66 0 0
16 743043 72 0 0
16 743136 92 0 0
16 743189 105 0 0
16 743263 133 0 0
16 743314 139 0 0
16 743328 142 0 0
16 743415 926 0 0
16 743573 198 0 0
16 743597 203 0 0
16 743605 205 0 0
16 743800 258 0 0
16 743840 271 0 0
16 743869 394 0 0
16 743912 294 0 0
16 744093 336 0 0
16 744179 355 0 0
16 744347 401 0 0
16 744355 401 0 0
16 744368 403 0 0
16 744409 415 0 0
16 744456 429 0 0
16 744527 446 0 0
16 744559 456 0 0
16 744608 468 0 0
16 744663 482 0 0
16 744854 530 0 0
16 744890 539 0 0
16 744929 550 0 0
16 745630 718 0 0
16 745995 822 0 0
16 746129 855 0 0
16 746292 896 0 0
16 746471 939 0 0
16 746510 949 0 0
16 746683 1006 0 0
16 746868 1047 0 0
16 747247 1164 0 0
16 747880 1343 0 0
16 749007 1655 0 0
16 749137 1697 0 0
16 749472 1794 0 0
16 749514 1802 0 0
16 749920 1924 0 0
16 750927 2228 0 0
16 750993 2245 0 0
16 751320 2336 0 0
16 751473 2370 0 0
16 751480 2372 0 0
16 751847 2537 0 0
16 752388 2605 0 0
16 752477 2626 0 0
34 48008 0 1229 0
54 48008 0 201 0
96 2212 0 2032 0
96 20111 0 407 0
96 267252 0 625 0
623429 731339 0 25 0
623429 738798 0 265 0
175 8610 3544 0 0
175 649002 3136 0 0
226 738771 10 0 0
623540 748021 0 176 0
356493 425392 0 93 0
379 296978 0 322 0
534835 734516 0 33 0
712974 726552 57 0 0
695 11695 0 116 0
178864 734053 0 2725 0
1051 7361 722 0 0
1051 17711 128 0 0
1051 17930 60 0 0
1051 19034 523 0 0
1051 21979 508 0 0
1051 36090 71 0 0
1051 37100 1193 0 0
1051 40273 3145 0 0
1051 43913 55 0 0
1051 80147 517 0 0
1051 153209 48 0 0
1051 233389 1581 0 0
1051 235740 71 0 0
1051 253726 344 0 0
1051 258088 108 0 0
1051 293739 452 0 0
1051 348876 395 0 0
1051 411284 3158 0 0
1051 446166 137 0 0
1051 461281 20 0 0
1051 488218 2098 0 0
1051 643505 827 0 0
1051 645483 1782 0 0
1051 732587 378 0 0
1051 735278 1540 0 0
1051 739103 20 0 0
1051 739109 20 0 0
1051 739121 22 0 0
1051 739155 29 0 0
1051 739275 52 0 0
1051 739621 143 0 0
1051 739890 203 0 0
1051 740086 254 0 0
1051 740909 467 0 0
1051 741203 544 0 0
1051 741854 693 0 0
1051 742316 811 0 0
1051 744255 1268 0 0
1051 744320 1287 0 0
1051 744874 1429 0 0
1051 746888 1950 0 0
1051 747306 2076 0 0
1051 747520 2143 0 0
1051 748450 2406 0 0
1051 750407 2979 0 0
1051 750880 3110 0 0
1051 752334 3490 0 0
1051 752601 3562 0 0
1262 164886 484 0 0
1262 198844 393 0 0
1262 479268 868 0 0
1262 545222 37 0 0
1262 725557 369 0 0
1262 729413 1272 0 0
1262 731858 1888 0 0
1262 732227 1975 0 0
1262 737372 3188 0 0
1262 740196 3826 0 0
1262 741715 4201 0 0
446585 717887 0 264 0
1445 20623 989 0 0
1445 34194 773 0 0
1445 95336 910 0 0
1445 200089 50 0 0
1445 321741 2075 0 0
1445 329369 133 0 0
1445 444286 2897 0 0
1445 710370 3602 0 0
1445 725255 237 0 0
1445 731980 867 0 0
1445 732099 899 0 0
1445 732288 943 0 0
1445 733083 1146 0 0
1445 736170 1878 0 0
1445 738271 2330 0 0
1445 741066 3009 0 0
179635 737733 0 131 0
1595 735763 0 110 0
1641 735573 0 3956 0
357879 743565 0 1087 0
1867 8094 1797 0 0
1867 323425 76 0 0
1867 365421 2804 0 0
1867 729991 102 0 0
1867 731834 560 0 0
1867 744809 3631 0 0
1867 748797 4717 0 0
1872 26112 0 370 0
1872 738528 0 180 0
1908 733862 0 2164 0
1973 26112 0 297 0
1973 738528 0 151 0
1975 485478 0 2338 0
2011 742754 0 42 0
2034 2126 73 0 0
2034 623429 86 0 0
2047 102332 292 0 0
2091 26112 0 394 0
2091 168413 0 81 0
2091 529825 0 261 0
2091 738528 0 236 0
2091 742754 0 75 0
2091 748901 0 260 0
2126 26632 0 53 0
2184 26112 0 391 0
2184 738528 0 188 0
2191 11695 0 2374 0
2197 26632 0 78 0
2212 2541 172 0 0
2212 44937 348 0 0
2212 55956 645 0 0
2212 60875 1219 0 0
2212 211428 164 0 0
2212 540649 1336 0 0
2212 744868 75 0 0
2212 748651 1104 0 0
2212 750215 1555 0 0
2260 86869 0 433 0
2289 26112 0 367 0
2289 738528 0 288 0
2353 26632 0 95 0
91433 717887 0 1958 0
625772 731333 0 41 0
2577 11707 0 394 0
2577 303984 0 153 0
2577 734046 0 254 0
2625 399069 0 50 0
91706 742302 520 0 0
2689 104385 0 895 0
2836 30221 209 0 0
2836 92483 296 0 0
2836 466144 163 0 0
2836 751310 16 0 0
181022 701090 0 1 0
181066 643383 0 231 0
3015 10277 0 43 0
181148 481878 0 155 0
3252 8715 0 2750 0
92303 340995 58 0 0
3583 745639 0 19 0
92693 481878 0 1415 0
3683 740690 0 40 0
3712 18163 0 209 0
3712 52043 274 0 0
3712 373155 454 0 0
3754 96240 0 868 0
3754 199991 0 660 0
3755 96240 169 427 0
3755 199991 0 72 0
181926 742003 2405 0 0
3860 735573 0 749 0
4068 4069 313 0 0
4069 740391 268 0 0
182191 749279 69 0 0
271404 728606 71 0 0
4288 464600 61 0 0
4424 48008 0 530 0
360944 735573 0 113 0
271938 735166 0 116 0
4901 48008 0 282 0
4937 742754 0 724 0
4956 48008 0 1229 0
4972 48008 0 598 0
4972 485478 0 2626 0
94154 350239 0 7 0
717441 744149 0 271 0
5117 48008 0 135 0
5126 681874 2712 0 0
5142 177857 24 0 0
450406 732239 0 1864 0
628716 735573 0 3944 0
183565 735573 0 175 0
717887 724057 38 0 0
717887 724369 97 0 0
717887 725365 0 1557 0
717887 747210 5603 0 0
5593 60495 0 1261 0
361778 731790 0 4947 0
5902 6247 0 23 0
6003 743993 111 0 0
6114 172778 0 211 0
6147 8715 0 1287 0
6152 48008 0 1213 0
6174 735520 0 261 0
6189 731790 0 1319 0
6247 28800 52 0 0
6247 42416 2455 0 0
6247 278018 10195 0 0
6247 712103 1630 0 0
6247 747292 4974 0 0
629538 735573 0 1538 0
184469 737978 0 53 0
184479 737978 0 53 0
718739 725193 0 176 0
184502 737978 0 53 0
184512 737978 0 53 0
184516 737978 0 53 0
184518 737978 0 53 0
6437 741673 0 111 0
184520 737978 0 53 0
184524 737978 0 53 0
184530 737978 0 53 0
184536 737978 0 53 0
6529 10277 0 293 0
6611 168413 0 18 0
6611 529825 0 156 0
6611 742754 0 231 0
6611 748901 0 155 0
6645 315742 118 0 0
6645 741784 2439 0 0
6940 42503 338 186 0
6940 53451 133 0 0
6995 182372 987 0 0
7135 748901 0 238 0
96240 199991 0 241 0
719561 723179 0 32 0
719561 723197 0 51 0
719561 723763 0 53 0
719561 723776 0 49 0
719561 723937 0 34 0
719561 723948 0 31 0
719567 723197 0 58 0
719567 724067 0 60 0
719567 724306 0 27 0
719567 724490 0 31 0
7271 56104 524 0 0
7271 747858 16 0 0
7271 750746 861 0 0
363473 741646 2056 0 0
7361 8104 0 786 0
7361 48008 0 1336 0
7361 735573 0 1442 0
7361 737978 0 937 0
719732 737978 0 53 0
96480 604082 212 0 0
96480 735481 317 0 0
96542 726180 1726 0 0
719911 741335 0 406 0
96657 475459 0 1076 0
720213 725489 0 244 0
186020 732941 0 35 0
631285 735573 0 1257 0
8068 712103 889 0 0
8104 37942 530 0 0
8104 54542 1857 0 0
8104 64699 843 0 0
8104 185184 1316 0 0
8104 214735 174 0 0
8104 351455 140 0 0
8104 574405 120 0 0
8104 738757 20 0 0
8104 738873 50 0 0
8104 739068 85 0 0
8104 739226 117 0 0
8104 739388 156 0 0
8104 739446 175 0 0
8104 740094 329 0 0
8104 740156 344 0 0
8104 740394 395 0 0
8104 740763 501 0 0
8104 741788 749 0 0
8104 747154 2107 0 0
8105 738819 37 0 0
8109 8512 49 0 0
8109 28911 255 0 0
8109 34253 183 0 0
8109 119711 98 0 0
8109 196431 549 0 0
8109 225434 1867 0 0
8109 302482 278 0 0
8109 491995 1012 0 0
8109 738929 61 0 0
8109 739665 227 0 0
8109 739802 257 0 0
8109 740514 432 0 0
8109 743538 1156 0 0
8126 735361 0 743 0
364401 740792 0 461 0
8300 742776 69 0 0
8300 743121 17 0 0
8715 24309 3995 0 0
8715 26121 130 0 0
8715 35809 1140 0 0
8715 49567 176 0 0
8715 52089 45 0 0
8715 54045 2857 0 0
8715 72060 2231 0 0
8715 92621 170 0 0
8715 107479 59 0 0
8715 111149 1453 0 0
8715 113006 22 0 0
8715 145720 473 0 0
8715 150814 65 0 0
8715 155871 682 0 0
8715 156357 910 0 0
8715 164846 1230 0 0
8715 188176 67 0 0
8715 196095 751 0 0
8715 200891 477 0 0
8715 229207 211 0 0
8715 258228 1723 0 0
8715 264456 900 0 0
8715 334235 177 0 0
8715 348372 2743 0 0
8715 423827 347 0 0
8715 456136 274 0 0
8715 473478 96 0 0
8715 624763 60 0 0
8715 636546 2370 0 0
8715 685064 61 0 0
8715 714613 18 0 0
8715 715686 287 0 0
8715 715799 1988 0 0
8715 717644 123 0 0
8715 718261 1495 0 0
8715 719621 2289 0 0
8715 721085 1548 0 0
8715 729529 607 0 0
8715 731422 50 0 0
8715 731441 56 0 0
8715 731455 59 0 0
8715 731481 63 0 0
8715 731507 68 0 0
8715 731511 69 0 0
8715 731547 76 0 0
8715 731614 94 0 0
8715 731619 95 0 0
8715 731677 109 0 0
8715 731701 114 0 0
8715 731724 118 0 0
8715 731774 130 0 0
8715 731851 146 0 0
8715 731869 150 0 0
8715 731887 153 0 0
8715 732045 189 0 0
8715 732367 271 0 0
8715 732461 292 0 0
8715 732521 306 0 0
8715 732665 345 0 0
8715 732669 345 0 0
8715 732702 352 0 0
8715 732770 369 0 0
8715 732793 376 0 0
8715 732858 390 0 0
8715 732990 430 0 0
8715 733238 494 0 0
8715 733392 535 0 0
8715 733395 535 0 0
8715 733514 569 0 0
8715 733623 592 0 0
8715 733850 646 0 0
8715 733893 660 0 0
8715 734344 762 0 0
8715 735765 1098 0 0
8715 735918 1128 0 0
8715 736804 1321 0 0
8715 736818 1325 0 0
8715 739813 1991 0 0
8715 740815 2249 0 0
8715 741192 2344 0 0
8715 741216 2347 0 0
8715 741648 2446 0 0
8715 742071 2550 0 0
8715 742374 2631 0 0
8715 744071 3030 0 0
8715 746842 3743 0 0
8715 748420 4203 0 0
97851 394850 372 0 0
8845 34355 0 115 0
8866 26381 0 42 0
8866 130535 0 355 0
8866 221277 4215 0 0
632263 741282 537 0 0
8985 75639 1 0 0
9035 296071 32 0 0
9308 485478 235 1286 0
9314 48008 0 652 0
543699 729859 0 128 0
9483 728444 774 0 0
365838 729353 0 14 0
276836 728965 0 4236 0
9756 623429 105 0 0
722105 723197 0 88 0
722105 723763 0 68 0
722105 723776 0 58 0
722105 723937 0 82 0
722105 723948 0 75 0
722105 724053 0 24 0
722105 724067 0 19 0
722105 724490 0 66 0
722105 725013 0 138 0
722105 725063 0 100 0
722105 725529 0 61 0
9808 643383 0 1113 0
9808 738526 0 2876 0
722247 723197 0 781 0
722247 723763 0 1156 0
722247 723948 0 143 0
9985 75275 478 0 0
10077 126871 639 0 0
10277 10304 25 0 0
10277 10326 13 0 0
10277 34697 37 0 0
10277 37725 8 0 0
10277 62704 11 0 0
10277 63659 90 0 0
10277 67942 36 0 0
10277 70740 73 0 0
10277 71130 55 0 0
10277 74406 22 0 0
10277 75458 41 0 0
10277 78656 141 0 0
10277 80464 277 0 0
10277 82311 353 0 0
10277 88239 64 0 0
10277 88587 12 0 0
10277 96942 270 0 0
10277 152161 208 0 0
10277 200015 134 0 0
10277 259183 27 0 0
10277 259359 196 0 0
10277 260451 9 0 0
10277 264647 303 0 0
10277 300004 114 0 0
10277 315742 214 0 0
10277 347594 74 0 0
10277 354857 339 0 0
10277 408935 199 0 0
10277 432577 114 0 0
10277 441448 45 0 0
10277 501437 68 0 0
10277 607613 206 0 0
10277 621282 228 0 0
10277 627066 182 0 0
10277 645468 200 0 0
10277 654998 69 0 0
10277 735629 97 0 0
10277 751231 13 0 0
10277 751242 16 0 0
10277 751247 18 0 0
10277 751268 25 0 0
10277 751356 42 0 0
10277 751417 57 0 0
10277 751420 59 0 0
10277 751424 60 0 0
10277 751666 121 0 0
10277 751687 131 0 0
10277 751694 132 0 0
10277 751774 153 0 0
10277 751826 167 0 0
10277 751892 180 0 0
10277 751946 191 0 0
10277 751980 199 0 0
10277 752278 282 0 0
10277 752307 290 0 0
10277 752338 294 0 0
10277 752433 315 0 0
10277 752469 325 0 0
10277 752542 349 0 0
10277 752612 369 0 0
10277 752624 371 0 0
277698 739051 0 913 0
545062 728885 0 5313 0
99888 243290 103 0 0
10849 206948 0 118 0
10849 481878 0 170 0
723179 726074 976 0 0
723197 726074 1751 0 0
723197 727760 68 0 0
10984 643383 0 128 0
11019 17436 0 563 0
100175 485478 0 177 0
11245 16546 0 144 0
278472 731778 0 549 0
367586 643383 0 895 0
723763 726074 943 0 0
723776 726074 935 0 0
723806 724527 142 0 0
723832 734088 2461 0 0
723912 729146 1220 0 0
723915 725675 391 0 0
723915 726204 517 0 0
723915 730347 1509 0 0
723915 731428 1791 0 0
723915 732933 2152 0 0
723915 735101 2698 0 0
723937 726074 857 0 0
723948 726074 854 0 0
11695 22718 67 0 0
11695 25734 345 0 0
11695 55101 93 0 0
11695 60827 137 0 0
11695 62336 179 0 0
11695 74406 133 0 0
11695 77329 332 0 0
11695 113918 254 0 0
11695 114451 23 0 0
11695 179095 253 0 0
11695 187477 60 0 0
11695 326397 323 0 0
11695 385795 278 0 0
11695 463285 71 0 0
11695 591237 61 0 0
11695 628351 328 0 0
11695 666895 2453 0 0
11695 722191 320 0 0
11695 736028 22 0 0
11695 736041 24 0 0
11695 736059 28 0 0
11695 736209 63 0 0
11695 736288 87 0 0
11695 736324 92 0 0
11695 737149 270 0 0
11695 737443 337 0 0
11695 737885 425 0 0
11695 739786 857 0 0
11695 740202 958 0 0
11695 742530 1544 0 0
11695 742568 1553 0 0
11695 750576 3701 0 0
189779 743926 0 866 0
724053 726074 815 0 0
724067 726074 812 0 0
100785 242388 0 86 0
189848 737956 0 1873 0
11792 485478 0 3370 0
11892 643383 0 1 0
11892 738526 0 1738 0
724306 726074 711 0 0
724306 746671 5362 0 0
11979 17528 628 0 0
11979 42416 2736 0 0
11979 42884 153 0 0
11979 725186 120 0 0
11979 735382 2598 0 0
368271 735821 46 0 0
724490 726074 663 0 0
724556 724969 98 0 0
724556 726197 388 0 0
724556 730764 1493 0 0
724556 737559 3094 0 0
724556 751707 6751 0 0
724559 734308 2366 0 0
101412 643383 0 188 0
724751 725705 226 0 0
724839 733055 1990 0 0
12516 48008 0 353 0
12565 86869 0 982 0
725010 725128 27 0 0
725010 725576 135 0 0
725013 726074 377 0 0
725030 725339 80 0 0
725030 729550 1068 0 0
725030 734173 2227 0 0
725030 741760 3974 0 0
725030 751258 6523 0 0
725063 726074 363 0 0
12812 725030 0 627 0
725193 726074 285 0 0
725218 726074 274 0 0
191024 224273 562 0 0
12947 48214 1095 0 0
13057 256662 0 313 0
13057 388837 0 37 0
13145 67615 0 1097 0
725529 726074 119 0 0
369462 485478 0 584 0
726180 738989 0 1183 0
726180 738990 0 118 0
726180 739500 0 142 0
13872 78242 126 0 0
13872 94662 870 0 0
13872 110669 777 0 0
13872 130890 1139 0 0
13872 722056 1187 0 0
13872 738618 27 0 0
14144 168413 0 1 0
14144 742754 0 1 0
14296 168413 0 1 0
14296 529825 0 1 0
14296 742754 0 1 0
14296 748901 0 0 0
459527 476354 66 0 0
459527 502846 0 88 0
459527 738656 91 0 0
459527 741629 804 0 0
459527 746496 0 138 0
459527 751621 3476 0 0
548855 745909 0 42 0
637937 740301 0 47 0
192843 736413 0 550 0
638063 736517 0 1066 0
14778 48008 0 908 0
727296 742948 3738 0 0
727340 727520 42 0 0
15063 736902 0 118 0
727446 730481 759 0 0
727647 741153 3239 0 0
104385 106278 2906 0 0
104385 109778 46 0 0
104385 724284 132 0 0
104385 731494 1868 0 0
104498 743565 0 2062 0
727902 734286 1591 0 0
727935 729146 304 0 0
193717 734797 0 1949 0
104822 481878 0 4192 0
461256 725834 130 0 0
461256 744067 4473 0 0
461256 750519 6255 0 0
105103 554202 0 3471 0
16078 34504 1383 0 0
16078 58859 6 0 0
105128 744982 196 0 0
728553 730260 428 0 0
728553 731103 648 0 0
194348 735461 0 203 0
728606 729644 260 0 0
728645 729666 254 0 0
728709 729146 107 0 0
16400 554202 0 1043 0
105477 481878 0 70 0
16546 340995 59 0 0
728885 738142 2226 0 0
728959 728960 0 142 0
728965 737146 1980 0 0
728965 742532 3255 0 0
728965 746163 4148 0 0
728965 749672 5363 0 0
728965 752076 5804 0 0
16795 728306 229 0 0
16795 729374 486 0 0
283943 329369 0 690 0
551134 735573 0 671 0
729343 729416 20 0 0
729343 729422 22 0 0
729343 729674 92 0 0
729343 729744 105 0 0
729343 730585 321 0 0
729343 739448 2395 0 0
729343 742769 3207 0 0
729343 748088 4588 0 0
640470 735400 41 0 0
284310 735166 0 37 0
729539 729733 53 74 0
729561 729875 83 0 0
729565 730951 357 0 0
729565 745020 3697 0 0
17385 48008 0 231 0
729721 732240 622 0 0
17439 313082 5939 0 0
284657 717887 0 1615 0
729935 730025 24 0 0
729948 741465 2736 0 0
729977 731799 454 0 0
730063 731088 262 0 0
730097 730797 179 0 0
730097 732649 631 0 0
730102 750830 5190 0 0
17807 491599 0 92 0
17930 729343 0 647 0
17957 48008 0 4005 0
18009 37327 71 0 0
18009 140707 49 0 0
18009 258892 15 0 0
18009 742733 236 0 0
18078 735573 0 34 0
730413 735573 0 764 0
18163 52400 1885 0 0
18163 241673 2045 0 0
18163 314107 2157 0 0
18163 377078 453 0 0
18163 562954 60 0 0
18163 724793 303 0 0
18163 745206 89 0 0
18163 749760 1349 0 0
730673 745434 3509 0 0
730673 745483 3522 0 0
730706 731279 145 0 0
18399 742545 0 90 0
18444 729748 0 1168 0
730835 731101 71 0 0
18518 27375 0 103 0
730945 732342 339 0 0
18684 268976 185 14 0
18684 745117 99 0 0
18684 746005 328 0 0
463943 745246 471 0 0
107833 743245 0 2146 0
285932 731307 0 60 0
731165 731210 13 0 0
731165 732764 385 0 0
18864 744149 0 54 0
286088 743565 0 335 0
731307 731694 92 0 0
731307 733246 474 0 0
731368 734374 733 0 0
731372 739507 1881 0 0
19185 745639 0 293 0
464423 686166 0 189 0
731608 731927 71 0 0
731608 732059 103 0 0
731608 748123 4023 0 0
731790 731807 9 0 0
731790 731855 14 0 0
731790 731931 30 0 0
731790 731933 31 0 0
731790 731961 36 0 0
731790 732200 92 0 0
731790 732237 102 0 0
731790 732276 114 0 0
731790 732324 128 0 0
731790 732484 163 0 0
731790 732645 208 0 0
731790 733551 924 0 0
731790 734314 624 0 0
731790 734649 831 0 0
731790 736601 1150 0 0
731790 736697 4979 0 0
731790 737758 1389 0 0
731790 738001 1451 0 0
731790 741060 2180 0 0
731790 743443 2734 0 0
731790 744416 3876 0 0
731790 747050 3835 0 0
731790 747765 122 0 0
731790 749034 4233 0 0
731790 750068 788 0 0
731790 750513 4678 0 0
731790 751348 1153 0 0
731790 752091 6435 0 0
731790 752431 5182 0 0
108607 350239 0 176 0
286724 487978 0 74 0
731936 732190 58 0 0
108764 728965 0 3133 0
732106 738158 1422 0 0
197867 354679 0 1073 0
732249 739230 1513 0 0
732272 742068 2302 0 0
554202 580987 363 0 0
554202 674739 3320 0 0
554202 734033 9 0 0
554202 734125 33 0 0
554202 734624 160 0 0
554202 737132 713 0 0
554202 741239 1670 0 0
554202 743235 2141 0 0
554202 744681 2505 0 0
554202 748342 3500 0 0
732341 746755 3451 0 0
732341 746757 3451 0 0
20061 48008 0 219 0
643383 648296 44 0 0
643383 666935 281 0 0
643383 746281 206 0 0
643383 746673 311 0 0
643383 747698 605 0 0
643383 749247 1044 0 0
20111 277857 293 0 0
20111 436148 314 0 0
20111 732552 282 0 0
20196 741448 0 34 0
732581 743565 0 964 0
287410 736517 0 2637 0
465538 729768 0 1944 0
20439 481878 0 91 0
732928 733118 49 0 0
732928 734082 294 0 0
732941 732984 14 0 0
732941 733232 78 0 0
732941 734154 308 0 0
732941 734614 423 0 0
732941 735409 613 0 0
732941 735674 668 0 0
732941 735834 698 0 0
732941 736011 732 0 0
732941 736599 868 0 0
732941 737600 1076 0 0
732941 737904 1146 0 0
732941 738509 1279 0 0
732941 739085 1406 0 0
732941 739698 1553 0 0
732941 740384 1711 0 0
732941 740810 1833 0 0
732941 740900 1855 0 0
732941 743871 2567 0 0
732941 748408 3786 0 0
732941 748857 3905 0 0
732941 749934 4221 0 0
732941 750704 4449 0 0
733156 742766 2253 0 0
466077 554202 0 401 0
733204 741650 1788 0 0
733204 744006 2357 0 0
733280 746795 3373 0 0
110048 574069 0 56 0
733355 742830 2209 0 0
466354 735573 0 577 0
110217 487978 0 300 0
733569 733726 39 0 0
733756 739183 0 933 0
644768 735573 0 4205 0
734053 738860 1085 0 0
734053 741938 35 0 0
734053 744686 2492 0 0
734053 750023 3969 0 0
734177 734727 141 0 0
734177 736643 562 0 0
734177 736775 587 0 0
467108 746085 2349 0 0
199991 642711 296 0 0
21972 21973 0 885 0
21973 22416 1023 0 0
21973 22510 915 0 0
21973 38470 647 0 0
21973 48162 576 0 0
22067 731790 0 1885 0
734516 735810 301 0 0
734516 741399 1591 0 0
734724 734867 37 0 0
734797 738322 760 0 0
734803 735415 137 0 0
734827 735054 55 0 0
22558 485478 0 1647 0
734937 751117 4061 0 0
735006 735322 74 0 0
735094 738064 645 0 0
735166 735605 92 0 0
735166 735614 96 0 0
735166 735659 104 0 0
735166 735870 145 0 0
468097 738432 80 0 0
735237 735427 41 0 0
557189 560808 218 0 0
735277 745214 2321 0 0
735398 735725 68 0 0
735398 735924 106 0 0
735398 736510 448 0 0
735398 736746 731 0 0
735398 736925 327 0 0
735398 736986 341 0 0
735398 736994 428 0 0
735398 737109 367 0 0
735398 743235 2064 0 0
735398 749310 43 0 0
735398 749404 3447 0 0
735398 749452 87 0 0
735398 749540 108 0 0
735398 749710 3775 0 0
735399 741134 1308 0 0
735399 744915 2224 0 0
735461 736065 120 0 0
735461 736268 168 0 0
735461 743728 1905 0 0
735463 747017 2757 0 0
735463 749488 3459 0 0
735477 737042 336 0 0
735477 737959 533 0 0
735477 738031 549 0 0
735477 742581 1643 0 0
735477 743003 1724 0 0
735520 735647 23 0 0
735520 735939 82 0 0
735573 735629 12 0 0
735573 735693 26 0 0
735573 735743 35 0 0
735573 735914 67 0 0
735573 735997 83 0 0
735573 736050 94 0 0
735573 736053 95 0 0
735573 736135 115 0 0
735573 736198 131 0 0
735573 736215 132 0 0
735573 736264 144 0 0
735573 736477 199 0 0
735573 736663 233 0 0
735573 736777 255 0 0
735573 736833 268 0 0
735573 736881 280 0 0
735573 736890 282 0 0
735573 736979 304 0 0
735573 736984 305 0 0
735573 737051 319 0 0
735573 737194 345 0 0
735573 737497 411 0 0
735573 737565 423 0 0
735573 737634 436 0 0
735573 737731 457 0 0
735573 737943 511 0 0
735573 738167 570 0 0
735573 738419 610 0 0
735573 739145 771 0 0
735573 739153 773 0 0
735573 740403 1069 0 0
735573 741162 1277 0 0
735573 741341 1316 0 0
735573 741658 1389 0 0
735573 741662 1390 0 0
735573 745115 2233 0 0
735573 745979 2459 0 0
735573 746269 2531 0 0
735573 750075 3618 0 0
735573 750795 3832 0 0
735573 751550 4037 0 0
735579 735812 47 0 0
735579 736812 263 0 0
735579 741930 1461 0 0
735579 750132 3629 0 0
468488 718679 0 306 0
557658 589761 0 139 0
735763 738843 677 0 0
735763 738909 692 0 0
735941 736019 14 0 0
736018 740150 926 0 0
23772 223706 0 2894 0
736116 737711 341 0 0
112896 736657 47 0 0
736195 738936 602 0 0
736283 736597 73 0 0
736322 743171 1584 0 0
113065 485478 0 1444 0
24080 746967 500 0 0
24080 749354 898 0 0
736419 745039 2029 0 0
24206 206948 0 1039 0
736591 736894 63 0 0
736591 737279 150 0 0
736596 751634 3834 0 0
24393 55101 36 0 0
24393 110369 108 0 0
24393 158604 23 0 0
24393 172147 68 0 0
24393 388876 50 0 0
24393 451831 110 0 0
24393 566342 1378 0 0
24393 674401 58 0 0
24393 733521 257 0 0
24393 734134 405 0 0
380664 686166 0 6453 0
736836 744509 1813 0 0
736836 748142 2789 0 0
647888 737978 0 53 0
737024 737025 0 177 0
24711 27626 210 0 0
737074 737807 150 0 0
737074 746548 2279 0 0
737483 737895 89 0 0
292463 292600 0 87 0
737671 739500 0 27478 0
737692 750549 3315 0 0
737733 737795 14 0 0
737733 737893 39 0 0
737733 738007 69 0 0
737733 738090 91 0 0
737733 738100 95 0 0
737733 739405 36 0 0
737733 740717 367 0 0
737733 741199 488 0 0
737733 741203 489 0 0
737733 741686 599 0 0
737733 741698 601 0 0
292600 747390 6 0 0
114656 735520 0 141 0
737978 738185 53 0 0
737978 738189 53 0 0
737978 738197 53 0 0
737978 738203 53 0 0
737978 738211 53 0 0
737978 738225 53 0 0
737978 738227 53 0 0
737994 739568 351 0 0
737994 740120 482 0 0
737994 741310 788 0 0
25728 731790 0 859 0
25951 623429 176 0 0
26057 730124 103 0 0
26057 730723 258 0 0
26112 58299 161 0 0
26112 58455 73 0 0
26112 745220 205 0 0
26121 735166 0 90 0
649455 750659 1365 0 0
738528 745220 1625 0 0
26225 727850 0 182 0
26381 47338 2506 0 0
26381 55649 4255 0 0
26381 90952 610 0 0
26381 490283 2214 0 0
738761 742063 796 0 0
204620 741736 0 27 0
204663 735573 0 22 0
738973 749192 0 2427 0
26790 311766 0 22 0
26857 736983 0 80 0
26941 246181 62 0 0
116027 146759 140 0 0
116027 164886 183 0 0
116027 165483 205 0 0
116027 180331 2142 0 0
116027 198844 792 0 0
116027 362092 685 0 0
116027 593107 103 0 0
116027 655132 316 0 0
116027 668773 663 0 0
116027 740407 34 0 0
116027 740445 45 0 0
116027 740524 71 0 0
116027 740623 97 0 0
116027 747869 1943 0 0
472202 543699 0 13 0
739470 743060 862 0 0
27293 130535 0 815 0
116336 732941 0 791 0
739628 740172 130 0 0
739676 740026 85 0 0
739677 740756 270 0 0
739677 743196 846 0 0
27375 127346 1266 0 0
27375 752262 2673 0 0
116457 172778 0 94 0
116493 735181 59 0 0
116493 736155 264 0 0
27512 224273 2019 0 0
739858 741108 327 0 0
739879 740190 78 0 0
472772 744386 0 1870 0
116755 633301 40 0 0
116755 731039 294 0 0
740100 742995 701 0 0
116873 725070 0 3204 0
740301 748294 2063 0 0
740317 752535 3240 0 0
740405 750017 2530 0 0
28100 677119 0 1145 0
740438 746602 1608 0 0
740456 742223 443 0 0
740470 741070 166 0 0
740809 745506 1139 0 0
740809 749946 764 0 0
206585 723915 0 1530 0
28756 485478 0 329 0
206948 736554 289 0 0
206948 738713 758 0 0
206948 750877 3931 0 0
741196 744015 670 0 0
385287 743926 0 23 0
741469 742227 180 0 0
118290 738528 0 95 0
741690 744848 773 0 0
29383 62422 1322 0 0
118955 643383 0 482 0
208024 743565 0 743 0
386227 745375 118 0 0
386241 406456 2347 0 0
386241 669566 7296 0 0
386241 741364 47 0 0
742415 742448 11 0 0
742545 744119 366 0 0
742545 752298 2612 0 0
30262 481878 0 649 0
386510 735573 0 45 0
742819 743028 38 0 0
30567 48008 0 553 0
119682 481878 0 1272 0
743144 743310 46 0 0
743397 748306 1007 0 0
743397 748730 1120 0 0
743397 750739 2015 0 0
743485 744391 236 0 0
743485 744393 236 0 0
743485 744637 304 0 0
743485 744902 369 0 0
209262 746232 0 175 0
743565 743627 15 0 0
743565 745692 543 0 0
743565 745882 595 0 0
743565 746043 636 0 0
743565 746156 665 0 0
743565 746268 695 0 0
743565 747021 904 0 0
743565 747257 971 0 0
743565 750929 2033 0 0
743565 751017 2056 0 0
743565 751316 2139 0 0
743565 751867 2280 0 0
743565 752558 2458 0 0
743623 744098 128 0 0
743915 745986 524 0 0
743926 744341 101 0 0
743926 745163 308 0 0
743926 745198 317 0 0
743926 750682 1856 0 0
743926 751924 2189 0 0
743988 750554 1818 0 0
31722 48008 0 116 0
31722 717887 0 410 0
744066 749449 1458 0 0
744122 744301 42 0 0
744149 744411 68 0 0
744149 744459 84 0 0
744149 745562 347 0 0
744149 746985 740 0 0
744149 750413 1738 0 0
655276 717887 0 97 0
744358 745041 108 0 0
744361 746584 570 0 0
744386 745593 298 0 0
744567 745149 0 72 0
744567 747628 1419 0 0
744567 749794 1427 0 0
32344 48008 0 105 0
299470 510240 0 257 0
744823 747511 725 0 0
745019 745283 0 460 0
745019 746515 0 32 0
477938 481878 0 920 0
745089 746727 421 0 0
745149 745999 220 0 0
745149 747628 671 0 0
656326 666989 283 0 0
745575 751751 1749 0 0
745628 748874 868 0 0
745639 745850 58 0 0
389510 731790 0 4835 0
33811 199991 0 472 0
746206 746207 0 512 0
746233 746602 97 0 0
479283 485478 0 3069 0
212316 735573 0 61 0
34355 78266 146 0 0
34355 91916 336 0 0
34355 119468 247 0 0
34355 151821 1115 0 0
34355 172219 111 0 0
34355 462084 51 0 0
34355 515469 3084 0 0
34355 670117 240 0 0
34355 688430 1606 0 0
34355 729788 1439 0 0
34355 730116 10 0 0
34355 730118 10 0 0
34355 730134 13 0 0
34355 730361 68 0 0
34355 730670 154 0 0
34355 730953 226 0 0
34355 731058 255 0 0
34355 731155 278 0 0
34355 731385 338 0 0
34355 732078 494 0 0
34355 733697 905 0 0
34355 734626 1138 0 0
34355 738115 1914 0 0
34355 742175 2871 0 0
34355 743255 3125 0 0
34411 746914 27 0 0
746914 747490 170 0 0
747023 747087 17 0 0
124017 311462 40 0 0
124017 335489 313 0 0
747452 747597 40 0 0
302260 744149 0 104 0
747594 748733 317 0 0
213350 281958 205 0 0
391506 485478 0 440 0
391660 734325 311 0 0
480704 529825 0 185 0
480704 742754 0 51 0
480704 748901 0 184 0
35686 48008 0 2342 0
748021 748046 7 0 0
748021 751490 992 0 0
748132 748189 17 0 0
748132 748360 70 0 0
748332 749341 274 0 0
748416 748598 45 0 0
36112 172778 0 207 0
125378 738618 0 820 0
125378 743185 0 9 0
748719 749098 106 0 0
748719 750860 628 0 0
748741 748830 23 0 0
36507 43527 25 0 0
36507 192829 131 0 0
36592 557189 0 193 0
392784 729091 51 0 0
481878 533395 606 0 0
481878 571085 782 0 0
481878 621282 131 0 0
481878 681532 287 0 0
481878 726293 59 0 0
481878 729562 53 0 0
481878 731039 1048 0 0
481878 734955 6 0 0
481878 734979 12 0 0
481878 735003 16 0 0
481878 735020 22 0 0
481878 735024 25 0 0
481878 735077 36 0 0
481878 735111 42 0 0
481878 735120 43 0 0
481878 735185 57 0 0
481878 735300 87 0 0
481878 735318 90 0 0
481878 735380 101 0 0
481878 735390 103 0 0
481878 735730 173 0 0
481878 735749 177 0 0
481878 735870 202 0 0
481878 735908 206 0 0
481878 736006 225 0 0
481878 736081 241 0 0
481878 736369 312 0 0
481878 736477 383 0 0
481878 737234 500 0 0
481878 737852 627 0 0
481878 742450 1732 0 0
481878 752538 4429 0 0
214800 227034 0 394 0
36947 252316 0 10 0
126026 738576 19 0 0
749496 751150 492 0 0
126221 735579 0 2556 0
571485 737978 0 53 0
37353 130535 0 2242 0
482896 731790 0 378 0
37725 735399 0 2304 0
37738 735573 0 563 0
215960 735142 0 2978 0
126994 316574 0 687 0
483345 508071 134 0 0
38155 57008 0 97 0
216241 740809 0 505 0
750575 750666 23 0 0
750587 751855 343 0 0
216454 216823 448 0 0
216546 739944 300 0 0
751028 752616 416 0 0
573006 744122 0 171 0
305906 481878 0 1923 0
38809 61200 282 0 0
38809 726074 168 0 0
662170 737978 0 53 0
751429 751552 35 0 0
39200 44672 0 22 0
751552 752571 0 26 0
306441 742187 0 421 0
39345 199319 113 0 0
39345 731896 628 0 0
573669 742545 0 2676 0
39494 67615 0 1146 0
39563 399069 0 45 0
39563 738528 0 151 0
662912 737978 0 53 0
662921 737978 0 53 0
306921 723915 0 59 0
485033 735573 0 43 0
129268 717887 0 96 0
485478 740732 0 32 0
485478 741905 498 0 0
485478 743802 944 0 0
485478 750274 2714 0 0
485478 751644 3100 0 0
485478 751836 3153 0 0
485478 752089 3206 0 0
396669 743397 0 1270 0
40876 750281 0 228 0
219116 554202 0 3042 0
130535 224273 1717 0 0
130535 330191 68 0 0
130535 471112 652 0 0
130535 734472 78 0 0
130535 739021 1090 0 0
130535 741235 1633 0 0
130535 744895 2525 0 0
130535 746436 2916 0 0
130766 188523 54 0 0
41751 724929 0 33 0
487102 742298 606 0 0
131000 746232 0 773 0
220101 426233 0 328 0
220101 677119 0 15 0
665553 743565 0 2124 0
220355 731790 0 1978 0
42505 85365 493 0 0
309863 707239 0 5354 0
487978 721930 292 0 0
487978 724769 34 0 0
487978 724843 51 0 0
487978 724985 86 0 0
487978 725410 194 0 0
487978 725412 194 0 0
487978 725414 194 0 0
487978 725416 194 0 0
487978 725418 194 0 0
487978 725420 194 0 0
487978 725422 194 0 0
487978 727037 551 0 0
42939 220742 112 0 0
577335 582486 0 1848 0
43305 130766 0 3340 0
43640 717887 0 161 0
666935 738526 0 2009 0
43809 130766 0 39 0
133449 643383 0 72 0
44968 48008 0 98 0
490358 746073 0 161 0
223706 741772 1609 0 0
401882 554202 0 38 0
224519 609787 0 474 0
669760 746732 16 0 0
224633 744386 0 1903 0
46690 57972 224 0 0
46690 450026 62 0 0
669987 735573 0 393 0
135748 461256 0 6767 0
46781 48245 0 1628 0
46854 252669 0 16 0
492603 735477 0 2815 0
225750 241279 44 0 0
314984 723915 0 1372 0
48008 48902 199 0 0
48008 51908 85 0 0
48008 66105 293 0 0
48008 66369 810 0 0
48008 66905 759 0 0
48008 73345 2315 0 0
48008 74062 50 0 0
48008 81621 198 0 0
48008 86771 75 0 0
48008 91612 51 0 0
48008 101410 2214 0 0
48008 102915 30 0 0
48008 105477 626 0 0
48008 110669 1121 0 0
48008 121936 526 0 0
48008 130192 213 0 0
48008 134730 219 0 0
48008 156948 3515 0 0
48008 156968 600 0 0
48008 159014 2453 0 0
48008 172969 88 0 0
48008 175112 128 0 0
48008 184096 810 0 0
48008 197979 135 0 0
48008 209389 2727 0 0
48008 215221 872 0 0
48008 263543 425 0 0
48008 266460 1414 0 0
48008 279695 58 0 0
48008 284657 117 0 0
48008 333231 91 0 0
48008 348429 672 0 0
48008 348590 234 0 0
48008 371467 196 0 0
48008 378042 352 0 0
48008 414884 225 0 0
48008 450529 915 0 0
48008 459304 310 0 0
48008 467657 266 0 0
48008 482325 17 0 0
48008 492717 263 0 0
48008 495428 490 0 0
48008 534835 328 0 0
48008 551134 565 0 0
48008 573093 1671 0 0
48008 594342 167 0 0
48008 594942 916 0 0
48008 604857 106 0 0
48008 606950 206 0 0
48008 618519 2798 0 0
48008 655925 216 0 0
48008 661384 3250 0 0
48008 672594 430 0 0
48008 672889 3129 0 0
48008 673272 810 0 0
48008 694638 307 0 0
48008 697640 58 0 0
48008 710288 3010 0 0
48008 735120 165 0 0
48008 736281 37 0 0
48008 736392 65 0 0
48008 736432 77 0 0
48008 736452 79 0 0
48008 736512 93 0 0
48008 736545 100 0 0
48008 736683 128 0 0
48008 737138 224 0 0
48008 737142 225 0 0
48008 737384 277 0 0
48008 737439 286 0 0
48008 737443 287 0 0
48008 737495 299 0 0
48008 737508 301 0 0
48008 737589 316 0 0
48008 737784 358 0 0
48008 737984 408 0 0
48008 738149 454 0 0
48008 738179 460 0 0
48008 738633 550 0 0
48008 739883 834 0 0
48008 739960 855 0 0
48008 740088 887 0 0
48008 740510 992 0 0
48008 740681 1040 0 0
48008 742300 1440 0 0
48008 743330 2382 0 0
48008 744012 1844 0 0
48008 748771 3120 0 0
48008 748960 3174 0 0
48008 749596 3351 0 0
404332 469459 0 95 0
582442 735573 0 101 0
48245 54542 546 0 0
48245 103940 126 0 0
48245 227301 1198 0 0
48245 503972 1305 0 0
48245 743960 246 0 0
315483 716578 0 11 0
315742 368271 0 111 0
48692 172778 0 35 0
226841 736690 0 134 0
227034 227250 20 0 0
672364 735573 0 2964 0
138242 252669 0 2132 0
316329 316574 0 2918 0
316574 322681 1603 0 0
316574 609787 37 0 0
316574 686143 367 0 0
316574 743809 1252 0 0
227545 458176 276 0 0
227545 550494 215 0 0
227545 551010 949 0 0
583839 735573 0 4050 0
49852 340995 66 0 0
495583 495676 0 375 0
495851 735398 0 156 0
228826 733058 0 3169 0
228955 678902 0 29 0
50996 738528 0 877 0
318210 744149 0 1651 0
318885 732941 0 3518 0
586678 743565 0 301 0
319961 655143 45 0 0
141919 730291 0 3518 0
142088 187477 14 0 0
142088 466655 35 0 0
142088 514042 448 0 0
142088 736931 2588 0 0
142165 734924 75 0 0
142165 736103 323 0 0
587377 734516 0 897 0
320292 505286 1303 0 0
231705 686166 0 270 0
54138 746154 286 0 0
588559 730102 0 107 0
232767 485478 0 76 0
678355 736405 0 727 0
55392 57008 0 385 0
55443 323558 2808 0 0
55443 730532 207 0 0
233818 735573 0 190 0
55828 168413 0 305 0
412277 737978 0 203 0
145648 723915 0 4502 0
56732 738526 0 1737 0
145796 399069 0 45 0
57008 292578 81 0 0
235552 732492 0 1962 0
413642 731790 0 1370 0
57982 481878 0 2082 0
325215 737733 0 2220 0
58206 256662 0 4 0
147451 206948 0 1401 0
147613 252669 0 8 0
326820 461256 0 4344 0
326820 738528 0 1232 0
416671 735573 0 2646 0
60879 744386 0 771 0
61200 723179 0 85 0
61200 723197 0 187 0
61200 723763 0 55 0
61200 723776 0 49 0
61200 723948 0 171 0
61200 724053 0 131 0
61200 724067 0 125 0
61200 724306 0 49 0
61200 725193 0 173 0
61200 725218 0 49 0
61200 725529 0 19 0
61200 728145 0 73 0
61219 723197 0 254 0
61219 723763 0 222 0
61219 724067 0 63 0
61219 724306 0 31 0
61219 725063 0 338 0
61219 725193 0 340 0
61219 725218 0 137 0
61219 727303 0 239 0
61219 727340 0 230 0
61219 728145 0 56 0
506675 732941 0 235 0
595744 737978 0 127 0
61512 643383 0 35 0
61549 738524 37 0 0
61549 746795 2186 0 0
239994 746232 0 633 0
61974 735463 0 3458 0
62130 738298 273 0 0
329531 734053 0 502 0
62422 558664 0 1149 0
62422 720094 0 161 0
62422 723197 0 211 0
62422 723294 0 567 0
62422 723948 0 390 0
62422 725063 0 1605 0
62422 727340 0 651 0
62422 727520 0 921 0
62422 732123 0 929 0
62422 732388 0 660 0
62422 732914 0 573 0
62422 733262 0 777 0
62422 733572 0 159 0
62422 733587 0 149 0
62422 733650 0 105 0
62422 733825 0 44 0
62422 736484 0 220 0
329566 732215 8 0 0
596924 743565 0 2090 0
62704 90228 0 38 0
151789 643383 0 827 0
151789 738526 0 707 0
686102 729575 0 1541 0
686166 726587 109 0 0
686166 726863 162 0 0
686166 726867 162 0 0
686166 726874 164 0 0
686166 726955 182 0 0
686166 727033 200 0 0
686166 727717 360 0 0
686166 728326 514 0 0
686166 728675 598 0 0
686166 730267 1000 0 0
686166 730504 1064 0 0
686166 730517 1066 0 0
686166 731503 1314 0 0
686166 733254 1743 0 0
686166 735443 2278 0 0
686166 736068 2403 0 0
686166 736085 2407 0 0
686166 736411 2488 0 0
686166 737161 2646 0 0
686166 740710 3468 0 0
686166 741626 3688 0 0
686166 744572 4408 0 0
241646 735573 0 1314 0
241840 485478 0 846 0
242100 735573 0 939 0
420403 731790 0 370 0
153547 623184 0 302 0
153728 736517 0 2504 0
688277 737594 287 0 0
421746 737978 0 53 0
65595 728965 0 712 0
599860 677119 0 2262 0
65950 726180 0 1 0
600246 729343 0 790 0
66441 485478 0 1227 0
67615 86106 1442 0 0
67615 135467 34 0 0
67615 166925 291 0 0
67615 246692 178 0 0
67615 614669 268 0 0
67615 747466 3362 0 0
156676 725575 0 6315 0
156948 735142 0 3958 0
246181 481878 0 180 0
602745 734516 0 140 0
157543 727614 27 0 0
68570 81393 0 27 0
157873 677119 0 2172 0
68904 744149 0 1696 0
158354 181022 3 0 0
158604 739183 0 129 0
603921 737978 0 53 0
247908 735573 0 23 0
337604 748021 0 93 0
159644 502888 53 0 0
159644 706520 839 0 0
70874 81393 0 45 0
70891 743926 0 76 0
338617 739500 0 70 0
71725 76062 0 537 0
427890 743565 0 78 0
160835 727804 0 4196 0
428028 428029 0 791 0
161019 461256 0 56 0
250148 728965 0 5899 0
72252 726180 0 3603 0
72252 738526 0 1344 0
517525 740415 2118 0 0
339582 737733 0 1594 0
162024 643383 0 189 0
696386 735166 0 129 0
429336 748719 0 869 0
340995 487447 0 46 0
340995 512606 0 385 0
340995 677578 0 31 0
340995 728702 0 35 0
340995 728709 0 41 0
340995 728727 0 45 0
340995 728735 0 49 0
340995 735993 0 3156 0
340995 743661 0 63 0
73936 723606 0 210 0
74062 481878 0 131 0
341432 740258 18 0 0
252669 341144 4 0 0
252669 426233 0 321 0
252669 740436 13 0 0
430781 442646 3091 0 0
430781 454845 645 0 0
430781 553310 962 0 0
430781 732527 1054 0 0
430781 737739 2266 0 0
342481 743565 0 528 0
75463 743565 0 2312 0
164530 735579 0 2231 0
699051 731790 0 977 0
75867 303807 13 0 0
75867 303813 14 0 0
75867 304829 290 0 0
75867 327970 1406 0 0
75867 741113 194 0 0
75867 748155 1986 0 0
165089 737978 0 53 0
165129 737978 0 53 0
165164 737978 0 53 0
432374 433155 18 0 0
76905 294022 2277 0 0
76905 728452 83 0 0
77148 487978 0 899 0
611613 746046 1159 0 0
433775 731307 0 186 0
166961 736688 0 311 0
78111 184904 9 0 0
78111 736735 272 0 0
434417 737978 0 53 0
78352 623429 16 0 0
256662 259665 7346 0 0
256662 259772 5130 0 0
256662 260585 7701 0 0
256662 261192 7901 0 0
256662 261779 5783 0 0
256662 262161 762 0 0
256662 262317 3523 0 0
256662 263295 46 0 0
256662 418321 135 0 0
701882 743926 0 576 0
78723 736018 0 44 0
79069 388837 0 393 0
257238 730424 0 230 0
257238 734362 0 2214 0
435441 743565 0 1786 0
168413 480704 50 0 0
79384 198531 0 475 0
435557 743565 0 1998 0
346731 734562 0 139 0
435791 743565 0 387 0
435833 743065 0 58 0
435833 744386 0 27 0
347345 455018 87 0 0
169460 447291 0 232 0
258777 316574 0 74 0
170085 481878 0 875 0
259414 643383 0 6 0
170434 307232 326 0 0
170434 743697 3869 0 0
348590 737443 53 43 0
259784 735579 0 4191 0
437888 725176 0 468 0
438154 482325 33 0 0
82192 116027 0 563 0
438520 643383 0 727 0
705791 731790 0 788 0
171725 732941 0 364 0
82837 88484 0 162 0
82926 742545 0 38 0
261012 735398 0 530 0
172147 643383 0 110 0
350536 599355 97 0 0
617677 746687 306 0 0
617677 746847 350 0 0
617677 750361 1368 0 0
172630 735573 0 932 0
172630 737978 0 564 0
83661 717887 0 1830 0
172778 206663 26 0 0
172778 206769 69 0 0
172778 217917 111 0 0
172778 244438 83 0 0
172778 410294 180 0 0
172778 425675 36 0 0
172778 427496 96 0 0
172778 430693 123 0 0
172778 466183 216 0 0
172778 498417 169 0 0
172778 685582 43 0 0
172778 703447 38 0 0
172778 752097 47 0 0
172778 752174 70 0 0
172778 752237 92 0 0
618056 723915 0 758 0
172852 267252 0 176 0
261922 606648 378 0 0
351178 745504 3630 0 0
351284 744149 0 1347 0
351371 459527 11 0 0
529710 716413 184 0 0
707852 712573 0 44 0
707852 726862 0 50 0
84573 744299 159 0 0
529825 751187 679 0 0
619051 735573 0 40 0
530081 745909 0 486 0
441299 735504 0 169 0
85280 735596 0 412 0
174430 485478 0 115 0
85399 727753 0 414 0
85520 413106 723 0 0
85956 733404 0 263 0
86179 643383 0 86 0
86712 738761 0 255 0
86869 733019 355 0 0
532530 731790 0 632 0
710659 717887 0 3512 0
621864 725030 0 5072 0
176768 725030 0 5299 0
176909 746793 1680 0 0
88030 481878 0 37 0
88040 729152 0 18 0
444265 745717 26 0 0
444278 735573 0 282 0
444278 737978 0 1736 0
533395 735573 0 213 0
444542 735573 0 223 0
88484 601495 119 0 0
88484 746246 280 0 0
88484 748161 819 0 0
177578 362777 40 0 0
712211 742545 0 1999 0
