34 1 1 1
54 1 1 1
96 3 3 1
379 1 1 1
695 1 1 1
712 1 1 1
1047 1 1 1
1595 1 1 1
1641 2 1 0.5
1872 2 2 1
1908 9 1 0.111111
1971 1 1 1
1973 2 2 1
1975 1 1 1
2011 1 1 1
2077 1 1 1
2091 6 6 1
2126 2 2 1
2184 2 2 1
2191 1 1 1
2197 1 1 1
2260 1 1 1
2289 2 2 1
2353 1 1 1
2541 1 1 1
2577 3 3 1
2625 1 1 1
2689 1 1 1
2941 1 1 1
3015 1 1 1
3252 1 1 1
3583 1 1 1
3683 1 1 1
3712 2 1 0.5
3754 2 2 1
3755 2 2 1
3860 1 1 1
4069 2 1 0.5
4417 1 1 1
4424 1 1 1
4901 1 1 1
4937 1 1 1
4956 1 1 1
4972 2 2 1
5117 1 1 1
5593 1 1 1
5902 1 1 1
6114 1 1 1
6147 1 1 1
6152 1 1 1
6174 1 1 1
6189 2 2 1
6437 1 1 1
6529 1 1 1
6611 4 4 1
6803 1 1 1
6940 6 1 0.166667
7135 2 2 1
7361 5 5 1
8094 1 1 1
8126 1 1 1
8512 1 1 1
8610 1 1 1
8845 1 1 1
8866 4 2 0.5
9308 2 1 0.5
9314 1 1 1
9808 2 2 1
10304 1 1 1
10326 1 1 1
10760 1 1 1
10849 2 2 1
10984 1 1 1
11019 1 1 1
11245 1 1 1
11792 1 1 1
11892 2 2 1
12326 1 1 1
12516 1 1 1
12565 1 1 1
12812 1 1 1
13057 2 2 1
13145 1 1 1
14144 2 2 1
14296 4 3 0.75
14778 1 1 1
15063 1 1 1
16400 1 1 1
16547 1 1 1
17385 1 1 1
17528 1 1 1
17711 1 1 1
17807 1 1 1
17930 2 2 1
17957 1 1 1
18078 1 1 1
18399 1 1 1
18444 1 1 1
18518 1 1 1
18684 2 1 0.5
18864 1 1 1
19034 1 1 1
19185 1 1 1
19948 1 1 1
20061 1 1 1
20196 1 1 1
20439 1 1 1
20623 1 1 1
21972 1 1 1
21979 1 1 1
22067 1 1 1
22416 1 1 1
22510 1 1 1
22558 1 1 1
22718 1 1 1
23772 1 1 1
24206 1 1 1
24309 1 1 1
25061 2 1 0.5
25495 1 1 1
25698 1 1 1
25728 1 1 1
25734 1 1 1
26121 2 2 1
26225 1 1 1
26790 1 1 1
26857 1 1 1
27293 1 1 1
27356 1 1 1
27626 1 1 1
28100 1 1 1
28164 1 1 1
28756 1 1 1
28800 1 1 1
28911 1 1 1
29890 1 1 1
30221 3 1 0.333333
30259 1 1 1
30262 1 1 1
30567 1 1 1
31116 1 1 1
31722 2 2 1
32344 1 1 1
33811 1 1 1
34194 1 1 1
34253 1 1 1
34504 1 1 1
34697 1 1 1
35686 1 1 1
35809 1 1 1
36090 1 1 1
36112 1 1 1
36492 1 1 1
36592 3 1 0.333333
36947 1 1 1
37100 2 2 1
37327 1 1 1
37353 1 1 1
37725 2 2 1
37738 1 1 1
37942 1 1 1
38155 1 1 1
38470 1 1 1
38961 2 1 0.5
39111 1 1 1
39200 1 1 1
39494 1 1 1
39563 2 2 1
40273 1 1 1
40876 2 1 0.5
41483 1 1 1
41577 1 1 1
41751 1 1 1
42416 2 2 1
42503 2 1 0.5
42884 1 1 1
42895 2 1 0.5
43305 1 1 1
43527 1 1 1
43640 1 1 1
43809 1 1 1
43913 1 1 1
44937 1 1 1
44956 1 1 1
44968 1 1 1
45205 1 1 1
45295 1 1 1
46781 1 1 1
46854 1 1 1
47338 1 1 1
48162 1 1 1
48214 1 1 1
48692 1 1 1
48902 1 1 1
49567 2 1 0.5
50996 1 1 1
51908 1 1 1
52034 1 1 1
52043 1 1 1
52089 1 1 1
52182 1 1 1
52400 2 1 0.5
53451 1 1 1
54045 1 1 1
54542 3 3 1
55101 2 2 1
55392 1 1 1
55649 1 1 1
55828 1 1 1
55956 1 1 1
56104 1 1 1
56470 1 1 1
56732 1 1 1
57972 1 1 1
57982 1 1 1
58028 1 1 1
58206 4 4 1
58299 2 2 1
58455 1 1 1
58859 1 1 1
60142 1 1 1
60827 1 1 1
60875 1 1 1
60879 1 1 1
61200 15 15 1
61219 13 13 1
61512 1 1 1
61974 1 1 1
62336 1 1 1
62422 21 21 1
62704 3 3 1
63659 2 1 0.5
64699 1 1 1
65595 1 1 1
65950 1 1 1
66105 1 1 1
66369 1 1 1
66441 1 1 1
66905 1 1 1
67772 1 1 1
67942 1 1 1
68570 2 1 0.5
68904 1 1 1
70740 1 1 1
70874 1 1 1
70891 1 1 1
71130 1 1 1
71725 1 1 1
72060 1 1 1
72144 1 1 1
72252 2 2 1
72398 1 1 1
73345 1 1 1
73936 1 1 1
74062 2 2 1
74406 2 2 1
75275 1 1 1
75458 2 1 0.5
75463 1 1 1
75639 1 1 1
77148 1 1 1
77329 1 1 1
78242 1 1 1
78266 1 1 1
78656 1 1 1
78723 1 1 1
79069 1 1 1
79384 1 1 1
80147 1 1 1
80464 1 1 1
81162 1 1 1
81621 1 1 1
82192 2 1 0.5
82311 1 1 1
82837 1 1 1
82926 1 1 1
82936 1 1 1
83661 1 1 1
84707 1 1 1
85280 1 1 1
85365 1 1 1
85399 1 1 1
85956 1 1 1
86106 1 1 1
86179 2 1 0.5
86712 1 1 1
86771 1 1 1
88030 1 1 1
88040 1 1 1
88239 1 1 1
88587 1 1 1
90952 1 1 1
91433 1 1 1
91612 1 1 1
91916 2 1 0.5
92483 2 1 0.5
92621 1 1 1
92693 1 1 1
93370 1 1 1
94154 1 1 1
94662 1 1 1
95336 1 1 1
96240 2 1 0.5
96657 1 1 1
96942 1 1 1
98676 1 1 1
100175 1 1 1
100785 1 1 1
101410 1 1 1
101412 1 1 1
102332 1 1 1
102915 1 1 1
103940 1 1 1
104498 1 1 1
104822 1 1 1
105103 1 1 1
105477 2 2 1
106278 1 1 1
107479 1 1 1
107833 1 1 1
108607 2 1 0.5
108764 1 1 1
108877 1 1 1
109778 1 1 1
110048 1 1 1
110217 1 1 1
110369 1 1 1
110669 3 2 0.666667
111037 1 1 1
111149 1 1 1
113006 1 1 1
113065 1 1 1
113918 1 1 1
114451 1 1 1
114656 1 1 1
116336 1 1 1
116457 1 1 1
116873 1 1 1
118290 1 1 1
118955 1 1 1
119468 1 1 1
119502 1 1 1
119682 1 1 1
119711 1 1 1
121936 1 1 1
125093 1 1 1
125378 2 2 1
126221 1 1 1
126871 1 1 1
126994 1 1 1
127346 1 1 1
129268 1 1 1
130192 1 1 1
130890 1 1 1
131000 2 1 0.5
133449 1 1 1
134730 1 1 1
135467 1 1 1
135748 1 1 1
138242 3 3 1
140707 1 1 1
141919 1 1 1
145648 1 1 1
145720 2 2 1
145796 1 1 1
146759 1 1 1
147451 1 1 1
147613 1 1 1
150814 1 1 1
151789 2 2 1
151821 1 1 1
152161 1 1 1
152468 1 1 1
152989 1 1 1
153209 1 1 1
153547 1 1 1
153728 1 1 1
155871 1 1 1
156357 1 1 1
156676 1 1 1
156948 2 2 1
156968 1 1 1
157873 1 1 1
158604 3 2 0.666667
159014 1 1 1
160070 1 1 1
160835 1 1 1
161019 1 1 1
162024 1 1 1
163503 1 1 1
164530 1 1 1
164846 1 1 1
164886 2 2 1
165089 1 1 1
165129 1 1 1
165164 1 1 1
165483 1 1 1
166925 1 1 1
166961 1 1 1
169460 1 1 1
170085 1 1 1
171725 1 1 1
172147 2 2 1
172219 1 1 1
172605 1 1 1
172630 2 2 1
172852 2 1 0.5
172969 1 1 1
174430 1 1 1
175112 1 1 1
176768 1 1 1
177857 1 1 1
178864 1 1 1
179095 1 1 1
179635 1 1 1
180331 1 1 1
181022 2 2 1
181066 1 1 1
181148 1 1 1
182372 2 1 0.5
183565 1 1 1
184096 1 1 1
184469 1 1 1
184479 1 1 1
184502 1 1 1
184512 1 1 1
184516 1 1 1
184518 1 1 1
184520 1 1 1
184524 1 1 1
184530 1 1 1
184536 1 1 1
184904 2 1 0.5
185184 1 1 1
186020 1 1 1
187477 2 2 1
188176 1 1 1
188523 1 1 1
188830 1 1 1
189246 1 1 1
189779 1 1 1
189848 1 1 1
191581 1 1 1
192829 1 1 1
192843 1 1 1
193717 1 1 1
194348 1 1 1
196095 1 1 1
196431 1 1 1
196942 1 1 1
197867 2 1 0.5
197979 1 1 1
198047 1 1 1
198265 3 1 0.333333
198844 2 2 1
199319 1 1 1
200015 1 1 1
200089 1 1 1
200545 1 1 1
200891 1 1 1
204620 1 1 1
204663 1 1 1
206585 1 1 1
206663 1 1 1
206769 1 1 1
206825 1 1 1
208024 1 1 1
209262 2 1 0.5
209389 1 1 1
211428 2 2 1
211973 1 1 1
212316 2 1 0.5
214735 1 1 1
214800 1 1 1
215221 1 1 1
215960 1 1 1
216241 2 2 1
216823 1 1 1
217917 1 1 1
219116 1 1 1
220101 2 2 1
220204 1 1 1
220355 1 1 1
220742 1 1 1
221277 1 1 1
224273 4 4 1
224519 1 1 1
224633 1 1 1
225434 1 1 1
226841 1 1 1
227250 1 1 1
227301 1 1 1
228826 1 1 1
228955 1 1 1
229207 1 1 1
231705 1 1 1
232767 1 1 1
233044 1 1 1
233389 1 1 1
233818 1 1 1
233829 1 1 1
235552 1 1 1
235740 1 1 1
239994 1 1 1
241279 2 2 1
241646 1 1 1
241673 1 1 1
241840 1 1 1
242100 1 1 1
243290 1 1 1
244438 1 1 1
245217 1 1 1
246181 2 2 1
246692 2 1 0.5
247908 1 1 1
250148 1 1 1
252669 3 1 0.333333
253726 1 1 1
257238 3 2 0.666667
258088 2 2 1
258228 1 1 1
258485 1 1 1
258777 1 1 1
258892 1 1 1
259183 1 1 1
259359 1 1 1
259414 1 1 1
259665 4 4 1
259772 3 3 1
259784 1 1 1
260451 1 1 1
260585 4 4 1
260670 1 1 1
261012 1 1 1
261192 4 4 1
261779 4 4 1
262161 3 3 1
262317 2 2 1
262439 1 1 1
263295 2 2 1
263543 1 1 1
264456 1 1 1
264647 1 1 1
266460 1 1 1
268818 1 1 1
268976 2 1 0.5
269533 1 1 1
271938 2 1 0.5
276836 1 1 1
277698 1 1 1
277857 1 1 1
278018 2 2 1
278472 1 1 1
279695 1 1 1
281958 1 1 1
283943 1 1 1
284310 1 1 1
284657 2 2 1
285932 1 1 1
286088 1 1 1
286724 1 1 1
287410 1 1 1
289320 1 1 1
292463 1 1 1
292578 2 1 0.5
293739 1 1 1
294022 1 1 1
296071 1 1 1
296773 1 1 1
299470 2 1 0.5
300004 1 1 1
302260 1 1 1
302482 1 1 1
302963 1 1 1
303807 1 1 1
303813 1 1 1
304829 1 1 1
305906 1 1 1
306441 1 1 1
306921 1 1 1
307232 1 1 1
309863 1 1 1
311462 1 1 1
313082 1 1 1
313929 1 1 1
314107 1 1 1
314984 1 1 1
315483 1 1 1
315742 3 3 1
316329 1 1 1
317706 1 1 1
318210 2 1 0.5
318885 1 1 1
321741 1 1 1
322681 1 1 1
323425 1 1 1
323558 1 1 1
325215 1 1 1
326397 1 1 1
326820 2 2 1
327970 1 1 1
329369 2 1 0.5
329531 1 1 1
330191 1 1 1
333231 1 1 1
334235 1 1 1
335489 1 1 1
337604 1 1 1
338617 2 1 0.5
339582 1 1 1
340721 1 1 1
340879 1 1 1
340995 12 12 1
341144 1 1 1
342481 1 1 1
346731 1 1 1
347594 1 1 1
348372 1 1 1
348429 1 1 1
348590 3 2 0.666667
348876 1 1 1
351284 1 1 1
351455 1 1 1
354857 1 1 1
356493 1 1 1
357879 1 1 1
360944 1 1 1
361778 1 1 1
362092 1 1 1
362777 1 1 1
362958 1 1 1
364401 3 1 0.333333
365421 1 1 1
365838 2 1 0.5
367586 1 1 1
369462 1 1 1
371467 1 1 1
373155 1 1 1
374102 1 1 1
377078 1 1 1
378042 1 1 1
380664 1 1 1
385287 1 1 1
385795 1 1 1
386510 1 1 1
388876 1 1 1
389510 2 2 1
391506 1 1 1
394850 1 1 1
396669 1 1 1
401882 1 1 1
404332 1 1 1
406456 2 2 1
408935 1 1 1
410294 1 1 1
411284 1 1 1
412277 1 1 1
413106 1 1 1
413642 1 1 1
413755 1 1 1
414884 1 1 1
416671 1 1 1
418321 2 2 1
420403 1 1 1
421746 1 1 1
423827 1 1 1
425675 1 1 1
427496 1 1 1
427890 1 1 1
428015 1 1 1
428028 1 1 1
429336 1 1 1
430693 1 1 1
432577 1 1 1
433155 1 1 1
433775 1 1 1
434417 1 1 1
434549 1 1 1
435441 1 1 1
435557 1 1 1
435791 1 1 1
435833 2 2 1
436148 1 1 1
437888 1 1 1
438520 1 1 1
441299 1 1 1
441448 1 1 1
442646 1 1 1
444278 2 2 1
444286 1 1 1
444542 1 1 1
446166 1 1 1
446585 1 1 1
450026 1 1 1
450406 1 1 1
450529 1 1 1
451831 1 1 1
454845 1 1 1
455018 1 1 1
456136 1 1 1
458176 1 1 1
459304 1 1 1
459527 4 3 0.75
461281 1 1 1
462084 1 1 1
463285 2 1 0.5
464423 1 1 1
464600 1 1 1
465538 1 1 1
466077 1 1 1
466144 2 1 0.5
466183 1 1 1
466354 1 1 1
466655 1 1 1
467657 1 1 1
468220 1 1 1
468488 1 1 1
471112 1 1 1
472202 1 1 1
472772 1 1 1
473478 1 1 1
476354 1 1 1
477938 1 1 1
479268 1 1 1
479283 1 1 1
480704 4 4 1
482325 2 2 1
482896 1 1 1
485033 1 1 1
485478 3 2 0.666667
488218 1 1 1
490283 1 1 1
490358 1 1 1
491995 1 1 1
492603 1 1 1
492717 1 1 1
495428 1 1 1
495583 1 1 1
495851 1 1 1
498417 1 1 1
500658 1 1 1
501437 1 1 1
502888 1 1 1
503972 1 1 1
505286 1 1 1
506675 1 1 1
508071 1 1 1
513769 1 1 1
514042 1 1 1
515469 1 1 1
516517 2 1 0.5
530081 1 1 1
532530 1 1 1
533395 2 2 1
534835 2 2 1
540649 1 1 1
543699 2 1 0.5
545062 1 1 1
545222 1 1 1
548855 1 1 1
550494 1 1 1
551010 1 1 1
551134 2 2 1
553310 1 1 1
557658 1 1 1
560079 1 1 1
560808 1 1 1
562954 1 1 1
566342 1 1 1
571085 1 1 1
571485 1 1 1
573006 1 1 1
573093 1 1 1
573669 1 1 1
574405 1 1 1
577335 1 1 1
580987 1 1 1
582442 1 1 1
583839 1 1 1
586678 1 1 1
587377 1 1 1
588559 1 1 1
590930 2 1 0.5
591237 1 1 1
593107 1 1 1
594342 1 1 1
594688 1 1 1
594942 1 1 1
595744 1 1 1
596841 1 1 1
596924 1 1 1
599355 1 1 1
599860 1 1 1
600246 1 1 1
601495 1 1 1
602745 1 1 1
603921 1 1 1
604082 1 1 1
604857 1 1 1
606648 1 1 1
606950 1 1 1
607613 1 1 1
609787 2 1 0.5
613562 1 1 1
614669 1 1 1
618056 1 1 1
618519 1 1 1
619051 1 1 1
621282 2 2 1
621864 1 1 1
622952 1 1 1
623429 8 6 0.75
623540 1 1 1
624763 1 1 1
624847 1 1 1
625772 1 1 1
627066 1 1 1
628351 2 1 0.5
628716 1 1 1
629538 1 1 1
631285 1 1 1
633301 1 1 1
636546 1 1 1
637937 1 1 1
638063 1 1 1
642711 1 1 1
643505 1 1 1
644768 1 1 1
645468 1 1 1
645483 1 1 1
647888 1 1 1
648296 1 1 1
649002 1 1 1
654998 1 1 1
655132 1 1 1
655143 1 1 1
655276 1 1 1
655925 1 1 1
661384 1 1 1
662170 1 1 1
662912 1 1 1
662921 1 1 1
665553 1 1 1
666895 1 1 1
666935 2 2 1
666989 1 1 1
668773 1 1 1
669566 2 2 1
669987 1 1 1
670117 1 1 1
672364 1 1 1
672594 1 1 1
672889 1 1 1
673272 1 1 1
674401 1 1 1
674739 1 1 1
678355 1 1 1
681532 1 1 1
681874 1 1 1
685064 1 1 1
685582 1 1 1
686102 1 1 1
686143 1 1 1
688430 1 1 1
694638 1 1 1
696386 1 1 1
697640 1 1 1
699051 2 2 1
701882 1 1 1
703447 1 1 1
705791 1 1 1
706520 1 1 1
707852 2 2 1
710288 1 1 1
710370 1 1 1
710659 1 1 1
712103 3 3 1
712211 1 1 1
714613 1 1 1
715686 1 1 1
715799 1 1 1
716413 1 1 1
717441 1 1 1
717644 1 1 1
717887 2 1 0.5
718261 1 1 1
718739 1 1 1
719534 1 1 1
719561 7 7 1
719567 4 4 1
719621 1 1 1
719732 1 1 1
719911 1 1 1
720213 1 1 1
721085 1 1 1
721930 1 1 1
722056 1 1 1
722105 12 12 1
722191 1 1 1
722247 3 3 1
723587 1 1 1
724057 1 1 1
724284 1 1 1
724369 1 1 1
724527 1 1 1
724769 1 1 1
724793 2 1 0.5
724843 1 1 1
724969 1 1 1
724985 1 1 1
725128 1 1 1
725186 1 1 1
725255 1 1 1
725339 1 1 1
725410 1 1 1
725412 1 1 1
725414 1 1 1
725416 1 1 1
725418 1 1 1
725420 1 1 1
725422 1 1 1
725557 1 1 1
725576 1 1 1
725675 1 1 1
725705 1 1 1
725834 1 1 1
726074 17 17 1
726180 29 11 0.37931
726197 1 1 1
726204 1 1 1
726293 1 1 1
726552 1 1 1
726587 1 1 1
726863 1 1 1
726867 1 1 1
726874 1 1 1
726955 1 1 1
727033 1 1 1
727037 1 1 1
727520 2 1 0.5
727614 1 1 1
727717 1 1 1
727760 1 1 1
728306 1 1 1
728326 1 1 1
728444 1 1 1
728452 1 1 1
728606 2 1 0.5
728675 1 1 1
728959 1 1 1
729091 1 1 1
729146 3 3 1
729374 1 1 1
729413 1 1 1
729416 1 1 1
729422 1 1 1
729529 1 1 1
729539 3 1 0.333333
729550 1 1 1
729562 2 1 0.5
729644 1 1 1
729666 1 1 1
729674 1 1 1
729733 2 1 0.5
729744 1 1 1
729788 2 1 0.5
729875 1 1 1
729991 1 1 1
730025 1 1 1
730116 1 1 1
730118 1 1 1
730124 1 1 1
730134 1 1 1
730260 1 1 1
730267 1 1 1
730347 1 1 1
730361 1 1 1
730413 2 1 0.5
730481 1 1 1
730504 1 1 1
730517 1 1 1
730532 1 1 1
730585 1 1 1
730670 1 1 1
730723 1 1 1
730764 1 1 1
730797 1 1 1
730951 1 1 1
730953 1 1 1
731039 2 2 1
731058 1 1 1
731088 1 1 1
731101 1 1 1
731103 1 1 1
731155 1 1 1
731210 1 1 1
731279 1 1 1
731385 1 1 1
731422 1 1 1
731428 1 1 1
731441 1 1 1
731455 1 1 1
731481 1 1 1
731494 1 1 1
731503 1 1 1
731507 1 1 1
731511 1 1 1
731547 1 1 1
731614 1 1 1
731619 1 1 1
731677 1 1 1
731694 1 1 1
731701 1 1 1
731724 1 1 1
731774 1 1 1
731799 1 1 1
731807 2 2 1
731834 1 1 1
731851 1 1 1
731855 1 1 1
731858 1 1 1
731869 1 1 1
731887 1 1 1
731896 1 1 1
731927 1 1 1
731931 1 1 1
731933 1 1 1
731961 1 1 1
731980 1 1 1
732045 1 1 1
732059 1 1 1
732078 1 1 1
732099 1 1 1
732190 1 1 1
732200 1 1 1
732215 1 1 1
732227 1 1 1
732237 1 1 1
732240 1 1 1
732276 1 1 1
732288 1 1 1
732324 1 1 1
732342 1 1 1
732367 1 1 1
732461 1 1 1
732484 1 1 1
732521 1 1 1
732527 2 1 0.5
732552 1 1 1
732581 1 1 1
732587 1 1 1
732645 1 1 1
732649 1 1 1
732665 1 1 1
732669 1 1 1
732702 1 1 1
732764 1 1 1
732770 1 1 1
732793 1 1 1
732858 1 1 1
732933 1 1 1
732984 1 1 1
732990 1 1 1
733019 1 1 1
733055 1 1 1
733083 1 1 1
733118 1 1 1
733232 1 1 1
733238 1 1 1
733246 1 1 1
733254 1 1 1
733392 1 1 1
733395 1 1 1
733514 1 1 1
733521 1 1 1
733551 2 2 1
733623 1 1 1
733697 1 1 1
733726 1 1 1
733756 1 1 1
733850 1 1 1
733893 1 1 1
734033 1 1 1
734082 1 1 1
734088 2 1 0.5
734125 1 1 1
734134 1 1 1
734154 1 1 1
734173 1 1 1
734286 1 1 1
734308 1 1 1
734314 1 1 1
734325 1 1 1
734344 1 1 1
734374 1 1 1
734472 1 1 1
734614 1 1 1
734624 1 1 1
734626 1 1 1
734649 2 2 1
734727 1 1 1
734867 1 1 1
734924 1 1 1
734955 1 1 1
734979 1 1 1
735003 1 1 1
735020 1 1 1
735024 2 1 0.5
735054 1 1 1
735077 1 1 1
735101 1 1 1
735111 1 1 1
735120 2 2 1
735181 1 1 1
735185 1 1 1
735278 2 1 0.5
735300 1 1 1
735318 1 1 1
735322 1 1 1
735380 1 1 1
735382 1 1 1
735390 1 1 1
735400 1 1 1
735409 1 1 1
735415 1 1 1
735427 1 1 1
735443 1 1 1
735481 1 1 1
735605 1 1 1
735614 1 1 1
735629 2 2 1
735647 1 1 1
735659 1 1 1
735674 1 1 1
735693 1 1 1
735725 1 1 1
735730 1 1 1
735743 1 1 1
735749 1 1 1
735765 1 1 1
735810 1 1 1
735812 1 1 1
735821 1 1 1
735834 1 1 1
735870 2 2 1
735908 1 1 1
735914 1 1 1
735918 1 1 1
735924 1 1 1
735939 1 1 1
735997 1 1 1
736006 1 1 1
736011 1 1 1
736019 1 1 1
736028 1 1 1
736041 1 1 1
736050 1 1 1
736053 1 1 1
736059 1 1 1
736065 1 1 1
736068 1 1 1
736081 1 1 1
736085 1 1 1
736103 1 1 1
736135 1 1 1
736155 1 1 1
736170 1 1 1
736198 1 1 1
736209 1 1 1
736215 1 1 1
736264 1 1 1
736268 1 1 1
736281 1 1 1
736288 2 1 0.5
736324 1 1 1
736369 1 1 1
736392 1 1 1
736411 1 1 1
736432 1 1 1
736452 1 1 1
736477 2 2 1
736510 2 2 1
736512 1 1 1
736545 1 1 1
736554 1 1 1
736597 1 1 1
736599 1 1 1
736601 1 1 1
736643 1 1 1
736657 1 1 1
736663 1 1 1
736683 1 1 1
736697 2 2 1
736735 1 1 1
736746 2 2 1
736775 1 1 1
736777 1 1 1
736804 1 1 1
736812 1 1 1
736818 1 1 1
736833 1 1 1
736881 1 1 1
736890 1 1 1
736894 1 1 1
736925 1 1 1
736931 1 1 1
736979 2 1 0.5
736984 1 1 1
736986 1 1 1
736994 3 1 0.333333
737024 1 1 1
737042 1 1 1
737051 1 1 1
737109 1 1 1
737132 1 1 1
737138 1 1 1
737142 1 1 1
737146 1 1 1
737149 1 1 1
737161 1 1 1
737194 1 1 1
737234 1 1 1
737279 1 1 1
737372 1 1 1
737384 1 1 1
737439 1 1 1
737443 3 2 0.666667
737495 1 1 1
737497 1 1 1
737508 1 1 1
737559 1 1 1
737565 1 1 1
737589 1 1 1
737594 1 1 1
737600 1 1 1
737634 1 1 1
737671 17 15 0.882353
737711 1 1 1
737731 1 1 1
737739 1 1 1
737758 1 1 1
737784 1 1 1
737795 1 1 1
737807 1 1 1
737852 1 1 1
737885 1 1 1
737893 1 1 1
737895 1 1 1
737904 1 1 1
737943 1 1 1
737959 1 1 1
737984 1 1 1
738001 1 1 1
738007 1 1 1
738031 1 1 1
738064 1 1 1
738090 1 1 1
738100 1 1 1
738115 1 1 1
738142 1 1 1
738149 1 1 1
738158 1 1 1
738167 1 1 1
738179 1 1 1
738185 1 1 1
738189 1 1 1
738197 1 1 1
738203 1 1 1
738211 1 1 1
738225 1 1 1
738227 1 1 1
738271 1 1 1
738298 1 1 1
738322 1 1 1
738419 1 1 1
738432 1 1 1
738509 1 1 1
738524 1 1 1
738576 1 1 1
738618 2 1 0.5
738633 1 1 1
738656 1 1 1
738713 1 1 1
738757 1 1 1
738771 1 1 1
738819 1 1 1
738843 1 1 1
738860 1 1 1
738873 1 1 1
738909 1 1 1
738929 1 1 1
738936 1 1 1
738973 2 1 0.5
739021 1 1 1
739068 1 1 1
739085 1 1 1
739103 1 1 1
739109 1 1 1
739121 1 1 1
739145 1 1 1
739153 1 1 1
739155 1 1 1
739226 1 1 1
739230 1 1 1
739275 1 1 1
739388 1 1 1
739405 1 1 1
739446 1 1 1
739448 1 1 1
739507 1 1 1
739568 1 1 1
739621 1 1 1
739665 1 1 1
739698 1 1 1
739786 1 1 1
739802 1 1 1
739813 1 1 1
739883 1 1 1
739890 1 1 1
739944 1 1 1
739960 1 1 1
740026 1 1 1
740086 1 1 1
740088 1 1 1
740094 1 1 1
740120 1 1 1
740150 1 1 1
740156 1 1 1
740172 1 1 1
740190 1 1 1
740196 1 1 1
740202 1 1 1
740258 1 1 1
740384 1 1 1
740391 1 1 1
740394 1 1 1
740403 1 1 1
740407 1 1 1
740415 1 1 1
740436 1 1 1
740445 1 1 1
740510 1 1 1
740514 1 1 1
740524 1 1 1
740623 1 1 1
740681 1 1 1
740710 1 1 1
740717 1 1 1
740756 1 1 1
740763 1 1 1
740810 1 1 1
740815 1 1 1
740900 1 1 1
740909 1 1 1
741060 1 1 1
741066 1 1 1
741070 1 1 1
741108 1 1 1
741113 1 1 1
741134 1 1 1
741153 1 1 1
741162 1 1 1
741192 1 1 1
741199 1 1 1
741203 3 3 1
741216 1 1 1
741235 1 1 1
741239 1 1 1
741282 1 1 1
741310 1 1 1
741341 1 1 1
741364 2 1 0.5
741399 1 1 1
741465 1 1 1
741626 1 1 1
741629 1 1 1
741646 1 1 1
741648 1 1 1
741650 1 1 1
741658 1 1 1
741662 1 1 1
741686 1 1 1
741698 1 1 1
741715 1 1 1
741760 1 1 1
741772 1 1 1
741784 1 1 1
741788 1 1 1
741854 1 1 1
741905 1 1 1
741930 1 1 1
741938 2 1 0.5
742003 1 1 1
742063 1 1 1
742068 1 1 1
742071 1 1 1
742175 1 1 1
742223 1 1 1
742227 1 1 1
742298 1 1 1
742300 1 1 1
742302 1 1 1
742316 1 1 1
742374 1 1 1
742448 1 1 1
742450 1 1 1
742530 1 1 1
742532 1 1 1
742568 1 1 1
742581 1 1 1
742733 1 1 1
742744 1 1 1
742766 1 1 1
742769 1 1 1
742776 1 1 1
742780 1 1 1
742823 1 1 1
742830 1 1 1
742863 1 1 1
742867 1 1 1
742889 1 1 1
742898 1 1 1
742911 1 1 1
742940 1 1 1
742948 1 1 1
742958 1 1 1
742973 1 1 1
742976 1 1 1
742986 1 1 1
742995 1 1 1
743001 2 1 0.5
743003 1 1 1
743014 1 1 1
743028 1 1 1
743043 1 1 1
743060 1 1 1
743121 1 1 1
743136 1 1 1
743171 1 1 1
743189 1 1 1
743196 1 1 1
743235 2 2 1
743255 1 1 1
743263 1 1 1
743310 1 1 1
743314 1 1 1
743328 1 1 1
743330 1 1 1
743415 1 1 1
743443 1 1 1
743538 1 1 1
743573 1 1 1
743597 1 1 1
743605 1 1 1
743627 1 1 1
743697 1 1 1
743728 1 1 1
743800 1 1 1
743802 1 1 1
743809 1 1 1
743840 1 1 1
743869 1 1 1
743871 1 1 1
743912 1 1 1
743960 1 1 1
743993 1 1 1
744006 1 1 1
744012 1 1 1
744015 1 1 1
744067 1 1 1
744071 1 1 1
744093 1 1 1
744098 2 1 0.5
744119 1 1 1
744179 1 1 1
744255 1 1 1
744299 1 1 1
744301 1 1 1
744320 1 1 1
744341 1 1 1
744347 1 1 1
744355 1 1 1
744368 1 1 1
744391 1 1 1
744393 1 1 1
744409 1 1 1
744411 1 1 1
744416 1 1 1
744456 1 1 1
744459 1 1 1
744509 1 1 1
744527 1 1 1
744559 1 1 1
744567 2 1 0.5
744572 1 1 1
744608 1 1 1
744637 1 1 1
744663 1 1 1
744681 1 1 1
744686 1 1 1
744809 1 1 1
744848 1 1 1
744854 1 1 1
744868 1 1 1
744874 1 1 1
744890 1 1 1
744895 1 1 1
744902 1 1 1
744915 1 1 1
744929 1 1 1
744982 1 1 1
745019 3 2 0.666667
745020 1 1 1
745039 1 1 1
745041 1 1 1
745115 1 1 1
745117 1 1 1
745163 1 1 1
745198 1 1 1
745206 1 1 1
745214 1 1 1
745220 2 2 1
745246 1 1 1
745375 1 1 1
745434 1 1 1
745483 1 1 1
745504 1 1 1
745506 1 1 1
745562 1 1 1
745593 1 1 1
745630 1 1 1
745692 1 1 1
745717 1 1 1
745850 1 1 1
745882 1 1 1
745979 1 1 1
745986 1 1 1
745995 1 1 1
745999 1 1 1
746005 1 1 1
746043 1 1 1
746046 1 1 1
746085 1 1 1
746129 1 1 1
746154 1 1 1
746156 1 1 1
746163 1 1 1
746206 1 1 1
746246 1 1 1
746268 2 1 0.5
746269 1 1 1
746281 1 1 1
746292 1 1 1
746436 1 1 1
746471 1 1 1
746510 1 1 1
746548 1 1 1
746584 1 1 1
746602 2 2 1
746671 1 1 1
746673 1 1 1
746683 1 1 1
746687 1 1 1
746727 2 1 0.5
746732 1 1 1
746755 1 1 1
746757 1 1 1
746793 1 1 1
746795 3 2 0.666667
746842 1 1 1
746847 1 1 1
746868 1 1 1
746888 1 1 1
746914 2 1 0.5
746967 2 2 1
746985 1 1 1
747017 1 1 1
747021 1 1 1
747050 2 2 1
747087 1 1 1
747154 1 1 1
747210 1 1 1
747247 1 1 1
747257 1 1 1
747292 1 1 1
747306 1 1 1
747390 1 1 1
747466 1 1 1
747490 1 1 1
747511 1 1 1
747520 1 1 1
747597 1 1 1
747628 2 2 1
747698 1 1 1
747765 1 1 1
747858 1 1 1
747869 1 1 1
747880 1 1 1
748046 1 1 1
748088 1 1 1
748123 1 1 1
748142 1 1 1
748155 1 1 1
748161 1 1 1
748189 1 1 1
748294 1 1 1
748306 1 1 1
748342 1 1 1
748360 1 1 1
748408 1 1 1
748420 1 1 1
748450 1 1 1
748598 1 1 1
748651 1 1 1
748730 1 1 1
748733 1 1 1
748771 1 1 1
748797 1 1 1
748830 1 1 1
748857 1 1 1
748874 1 1 1
748960 1 1 1
749007 1 1 1
749034 1 1 1
749098 1 1 1
749137 1 1 1
749247 1 1 1
749279 1 1 1
749310 1 1 1
749341 1 1 1
749354 1 1 1
749404 1 1 1
749449 1 1 1
749452 1 1 1
749472 1 1 1
749488 1 1 1
749514 1 1 1
749540 1 1 1
749596 1 1 1
749672 2 1 0.5
749710 2 2 1
749760 1 1 1
749794 1 1 1
749920 1 1 1
749934 1 1 1
749946 1 1 1
750017 1 1 1
750023 1 1 1
750068 1 1 1
750075 1 1 1
750132 1 1 1
750215 1 1 1
750274 1 1 1
750361 1 1 1
750407 1 1 1
750413 1 1 1
750513 1 1 1
750519 1 1 1
750549 1 1 1
750554 1 1 1
750576 1 1 1
750659 1 1 1
750666 1 1 1
750682 1 1 1
750704 1 1 1
750739 1 1 1
750746 1 1 1
750795 1 1 1
750830 1 1 1
750860 1 1 1
750877 1 1 1
750880 1 1 1
750927 1 1 1
750929 1 1 1
750993 1 1 1
751017 1 1 1
751117 1 1 1
751150 1 1 1
751187 1 1 1
751231 1 1 1
751242 1 1 1
751247 1 1 1
751258 1 1 1
751268 1 1 1
751310 1 1 1
751316 1 1 1
751320 1 1 1
751348 1 1 1
751356 1 1 1
751417 1 1 1
751420 1 1 1
751424 1 1 1
751473 1 1 1
751480 1 1 1
751490 1 1 1
751550 1 1 1
751552 2 2 1
751621 1 1 1
751634 1 1 1
751644 1 1 1
751666 1 1 1
751687 1 1 1
751694 1 1 1
751707 1 1 1
751751 1 1 1
751774 1 1 1
751826 1 1 1
751836 1 1 1
751847 1 1 1
751855 1 1 1
751867 1 1 1
751892 1 1 1
751924 1 1 1
751946 1 1 1
751980 1 1 1
752076 1 1 1
752089 1 1 1
752091 2 2 1
752097 1 1 1
752174 1 1 1
752237 1 1 1
752262 1 1 1
752278 1 1 1
752298 1 1 1
752307 1 1 1
752334 1 1 1
752338 1 1 1
752388 1 1 1
752431 1 1 1
752433 1 1 1
752469 1 1 1
752477 1 1 1
752535 1 1 1
752538 1 1 1
752542 1 1 1
752558 1 1 1
752601 1 1 1
752612 1 1 1
752616 1 1 1
752624 1 1 1
