1 1 100 227.642
2 2 100 321.246
3 3 100 1155.51
4 4 100 1180.46
5 5 100 1226.16
6 6 100 1252.15
7 7 100 1270.85
8 8 100 1284.15
9 9 100 1964.31
10 10 100 1974.96
11 11 100 1980.29
12 12 100 1986.5
13 13 100 2075.74
14 14 100 2108.65
15 15 100 2192.32
16 16 100 2194.83
17 17 100 2199.72
18 18 100 2203.12
19 19 100 2206.61
20 20 100 2208
21 21 100 2211.96
22 22 100 2212.97
23 23 100 2214.35
24 24 100 2271.3
25 25 100 2272.67
26 26 100 2274.04
27 27 100 2277.43
28 28 100 2283.16
29 29 100 2285.82
30 30 100 2310.97
31 31 100 2313.76
32 32 100 2317.34
33 33 100 2320.95
34 34 100 2340.18
35 35 100 2341.7
36 36 100 2346.19
37 37 100 2348.49
38 38 100 2350.27
39 39 100 2353.48
40 40 100 2373.28
41 41 100 2375.65
42 42 100 2378.67
43 43 100 2379.72
44 44 100 2382.09
45 45 100 2383.27
46 46 100 2386.11
47 47 100 2387.15
48 48 100 2389.29
49 49 100 2396.21
50 50 100 2398.87
