1 1 100 139.691
2 2 100 143.82
3 3 100 146.298
4 4 100 205.157
5 5 100 214.815
6 6 100 226.483
7 7 100 235.454
8 8 100 242.065
9 9 100 249.81
10 10 100 278.131
11 11 100 285.385
12 12 100 291.314
13 13 100 297.413
14 14 100 302.588
15 15 100 313.306
16 16 100 319.549
17 17 100 321.577
18 18 100 326.742
19 19 100 332.064
20 20 100 472.408
21 21 100 473.827
22 22 100 478.23
23 23 100 479.281
24 24 100 480.332
25 25 100 481.383
26 26 100 485.998
27 27 100 487.021
28 28 100 490.222
29 29 100 506.161
30 30 100 510.472
31 31 100 513.995
32 32 100 515.087
33 33 100 518.938
34 34 100 525.711
35 35 100 528.148
36 36 100 531.017
37 37 100 533.795
38 38 100 536.256
39 39 100 539.677
40 40 100 540.769
41 41 100 543.517
42 42 100 546.356
43 43 100 549.195
44 44 100 551.789
45 45 100 553.203
46 46 100 558.252
47 47 100 560.723
48 48 100 562.006
49 49 100 563.866
50 50 100 566.338
