1 1 100 295.763
2 2 100 361.399
3 3 100 422.181
4 4 100 476.249
5 5 100 516.226
6 6 100 553.534
7 7 100 583.629
8 8 100 613.414
9 9 100 628.147
10 10 100 642.022
11 11 100 655.346
12 12 100 665.082
13 13 100 674.359
14 14 100 683.268
15 15 100 691.625
16 16 100 699.679
17 17 100 706.59
18 18 100 713.475
19 19 100 719.993
20 20 100 726.293
21 21 100 732.443
22 22 100 738.204
23 23 100 743.925
24 24 100 745.752
25 25 100 750.983
26 26 100 755.661
27 27 100 760.156
28 28 100 765.034
29 29 100 769.345
30 30 100 773.288
31 31 100 777.231
32 32 100 781.17
33 33 100 784.937
34 34 100 788.512
35 35 100 792.087
36 36 100 795.662
37 37 100 799.237
38 38 100 802.812
39 39 100 806.111
40 40 100 809.319
41 41 100 812.526
42 42 100 815.696
43 43 100 818.811
44 44 100 821.834
45 45 100 824.674
46 46 100 827.513
47 47 100 830.352
48 48 100 833.191
49 49 100 835.969
50 50 100 838.625
