1 1 100 33.3109
2 2 100 49.3938
3 3 100 57.7868
4 4 100 66.7416
5 5 100 69.0292
6 6 100 74.1908
7 7 100 86.0434
8 8 100 88.0857
9 9 100 90.7037
10 10 100 93.727
11 11 100 96.0735
12 12 100 102.543
13 13 100 105.75
14 14 100 111.455
15 15 100 135.82
16 16 100 139.2
17 17 100 141.764
18 18 100 144.327
19 19 100 312.502
20 20 100 314.582
21 21 100 317.054
22 22 100 326.15
23 23 100 327.656
24 24 100 329.76
25 25 100 331.864
26 26 100 332.993
27 27 100 340.205
28 28 100 341.757
29 29 100 343.493
30 30 100 345.228
31 31 100 346.964
32 32 100 348.7
33 33 100 350.436
34 34 100 351.988
35 35 100 353.723
36 36 100 355.528
37 37 100 357.264
38 38 100 358.303
39 39 100 360.223
40 40 100 361.83
41 41 100 363.382
42 42 100 364.841
43 43 100 365.841
44 44 100 367.209
45 45 100 368.209
46 46 100 369.577
47 47 100 370.945
48 48 100 372.313
49 49 100 373.681
50 50 100 375.049
