8 12839 2309 0 0
8 82759 514 0 0
8 229975 1170 0 0
84 7666 0 16 0
86 893 3064 0 0
86 2415 3522 0 0
86 3284 633 0 0
86 4409 75 0 0
86 5962 1783 0 0
86 6275 322 0 0
86 6962 1926 0 0
86 19974 5377 0 0
86 32224 798 0 0
86 40124 0 571 0
86 52836 142 0 0
86 64126 48 492 0
86 75420 50 0 0
86 80219 41 0 0
86 132659 1207 0 0
86 143344 501 0 0
86 228809 2441 0 0
86 243837 253 0 0
86 255606 76 0 0
86 256367 907 0 0
86 259132 398 0 0
86 300333 824 0 0
86 309606 1844 0 0
86 359639 198 0 0
86 362143 31 0 0
86 375897 445 0 0
86 381373 5082 0 0
86 408111 525 0 0
86 438554 140 0 0
86 440450 166 0 0
86 443478 11 0 0
86 443846 56 0 0
86 443857 59 0 0
86 444006 193 0 0
86 444274 118 0 0
86 444286 119 0 0
86 446453 420 0 0
86 448500 711 0 0
86 448632 729 0 0
86 450735 1034 0 0
86 450782 1040 0 0
86 452611 1278 0 0
86 455311 1604 0 0
86 455942 1718 0 0
86 461675 2741 0 0
86 463114 3004 0 0
86 466478 3539 0 0
86 469240 4035 0 0
86 475031 5004 0 0
86 475481 5106 0 0
96 826 0 2538 0
96 2181 0 73 0
96 80827 0 218 0
106 1697 1375 0 0
106 5610 1176 0 0
106 6966 993 0 0
106 8589 4646 0 0
106 11821 5016 0 0
106 19617 1492 0 0
106 45229 2108 0 0
106 52342 34 0 0
106 57798 10 0 0
106 60184 3724 0 0
106 104283 11 0 0
106 104513 170 0 0
106 110675 2075 0 0
106 116317 2180 0 0
106 138191 1625 0 0
106 140286 622 0 0
106 144574 60 0 0
106 149046 648 0 0
106 151652 2042 0 0
106 200545 1711 0 0
106 217418 134 0 0
106 219915 8 0 0
106 258328 2012 0 0
106 260862 753 0 0
106 261601 14 0 0
106 269019 284 0 0
106 327769 634 0 0
106 356266 187 0 0
106 377952 227 0 0
106 387909 1658 0 0
106 432900 48 0 0
106 438469 15 0 0
106 438523 21 0 0
106 438698 45 0 0
106 438864 66 0 0
106 439733 169 0 0
106 439889 186 0 0
106 440074 212 0 0
106 440246 234 0 0
106 440277 239 0 0
106 440608 386 0 0
106 440862 289 0 0
106 442669 568 0 0
106 442704 573 0 0
106 443412 671 0 0
106 443443 676 0 0
106 444949 887 0 0
106 448277 1356 0 0
106 449434 1547 0 0
106 453776 2091 0 0
106 456192 2421 0 0
106 458013 2677 0 0
106 458773 2921 0 0
106 461620 3409 0 0
106 468110 4465 0 0
106 474905 5658 0 0
106 475283 5732 0 0
106 475781 5838 0 0
267257 455699 0 596 0
166 11754 33 0 0
166 190038 418 0 0
166 214301 1063 0 0
166 468861 95 0 0
166 469791 20 0 0
166 469793 20 0 0
166 470425 109 0 0
166 471023 270 0 0
166 471636 359 0 0
166 473423 621 0 0
166 473509 634 0 0
175 215960 379 0 0
175 476139 201 0 0
445394 446637 172 0 0
194 724 11 0 0
194 442577 435 0 0
89247 116873 0 1272 0
209 3683 772 0 0
209 4547 1510 0 0
209 7361 721 0 0
209 20476 14 0 0
209 28907 18 0 0
209 29111 409 0 0
209 29483 410 0 0
209 29510 28 0 0
209 29607 1826 0 0
209 29638 77 0 0
209 29917 3211 0 0
209 31464 1677 0 0
209 31708 35 0 0
209 41842 3254 0 0
209 43138 6260 0 0
209 43197 774 0 0
209 47513 744 0 0
209 49106 2252 0 0
209 59821 1277 0 0
209 70039 1535 0 0
209 73281 525 0 0
209 80147 804 0 0
209 85651 831 0 0
209 86056 1028 0 0
209 96657 2219 0 0
209 97408 373 0 0
209 123357 1161 0 0
209 126013 2286 0 0
209 146499 28 0 0
209 253326 37 0 0
209 292476 259 0 0
209 340442 1533 0 0
209 362280 246 0 0
209 366114 2632 0 0
209 402835 27 0 0
209 429797 4009 0 0
209 430930 19 0 0
209 430983 24 0 0
209 431051 35 0 0
209 431245 60 0 0
209 431605 105 0 0
209 431946 146 0 0
209 432074 161 0 0
209 432952 273 0 0
209 433065 286 0 0
209 433390 325 0 0
209 433957 401 0 0
209 434233 435 0 0
209 434874 499 0 0
209 435084 525 0 0
209 437499 924 0 0
209 441721 1521 0 0
209 441797 1533 0 0
209 442127 1579 0 0
209 442188 1587 0 0
209 442683 1652 0 0
209 443336 1738 0 0
209 444255 1873 0 0
209 444693 1931 0 0
209 446884 2235 0 0
209 448870 2799 0 0
209 460196 17 0 0
209 460365 27 0 0
209 460709 68 0 0
209 460803 75 0 0
209 460805 75 0 0
209 461085 151 0 0
209 461136 160 0 0
209 461156 163 0 0
209 461191 170 0 0
209 461281 4441 0 0
209 461449 208 0 0
209 461532 219 0 0
209 461559 224 0 0
209 461975 283 0 0
209 462225 4581 0 0
209 462413 348 0 0
209 462893 477 0 0
209 464311 753 0 0
209 465047 849 0 0
209 465336 890 0 0
209 466014 981 0 0
209 467339 1185 0 0
209 467392 1193 0 0
209 469109 1471 0 0
209 471019 1813 0 0
209 471858 1933 0 0
209 471932 1963 0 0
209 475582 2621 0 0
270 1374 1607 0 0
270 23205 1966 0 0
270 90595 2288 0 0
270 138242 576 0 0
270 189930 318 0 0
270 214706 1743 0 0
270 255383 321 0 0
270 273104 12 0 0
270 463703 52 0 0
270 475554 2087 0 0
445483 446806 182 0 0
322 212015 0 34 0
322 256406 0 58 0
322 312706 0 68 0
322 385984 0 43 0
322 389625 0 62 0
322 409437 0 25 0
322 435543 0 51 0
322 435844 0 91 0
322 436022 0 33 0
322 436026 0 27 0
322 436029 0 21 0
322 436272 0 128 0
322 436280 0 115 0
322 436835 0 113 0
322 436862 0 103 0
322 436892 0 92 0
322 436928 0 77 0
322 437102 0 25 0
356493 425392 0 233 0
379 9030 0 44 0
392 463 63 0 0
392 757 2612 0 0
392 769 2105 0 0
392 783 867 0 0
392 4501 90 0 0
392 6559 3119 0 0
392 6993 412 0 0
392 7361 3595 0 0
392 14654 4051 0 0
392 14897 321 0 0
392 16528 140 0 0
392 17930 1664 0 0
392 27927 2285 0 0
392 30126 386 0 0
392 31464 2101 0 0
392 36540 118 0 0
392 41842 412 0 0
392 71513 67 0 0
392 118647 3609 0 0
392 143968 114 0 0
392 149216 94 0 0
392 152550 115 0 0
392 175439 373 0 0
392 181537 307 0 0
392 182302 1134 0 0
392 183136 366 0 0
392 224870 1674 0 0
392 226086 1860 0 0
392 228158 3694 0 0
392 236244 3640 0 0
392 240072 3852 0 0
392 240772 3018 0 0
392 240866 3690 0 0
392 241051 1653 0 0
392 244545 1781 0 0
392 247241 131 0 0
392 247296 73 0 0
392 249284 39 0 0
392 253322 2412 0 0
392 255176 889 0 0
392 255694 592 0 0
392 256250 4214 0 0
392 256367 281 0 0
392 263162 2508 0 0
392 263580 26 0 0
392 264058 640 0 0
392 266149 973 0 0
392 267752 121 0 0
392 268089 154 0 0
392 269610 1823 0 0
392 273317 722 0 0
392 273401 343 0 0
392 274535 741 0 0
392 275885 523 0 0
392 283595 2489 0 0
392 285915 1106 0 0
392 288685 2663 0 0
392 289712 74 0 0
392 296064 2537 0 0
392 305401 16 0 0
392 311531 142 0 0
392 324404 27 0 0
392 325848 292 0 0
392 326313 1075 0 0
392 329451 24 0 0
392 329475 151 0 0
392 367412 406 0 0
392 397434 363 0 0
392 398866 247 0 0
392 415085 270 0 0
392 421449 115 0 0
392 439200 1162 0 0
392 447782 446 0 0
392 448053 53 0 0
392 448055 76 0 0
392 448133 27 0 0
392 448164 403 0 0
392 448212 37 0 0
392 448266 128 0 0
392 448294 112 0 0
392 448339 54 0 0
392 448344 56 0 0
392 448373 60 0 0
392 448406 63 0 0
392 448527 80 0 0
392 448564 84 0 0
392 448586 86 0 0
392 448595 64 0 0
392 448731 112 0 0
392 448790 268 0 0
392 448823 124 0 0
392 448870 393 0 0
392 449055 192 0 0
392 449321 226 0 0
392 449355 229 0 0
392 449432 238 0 0
392 449475 243 0 0
392 449525 2424 0 0
392 449641 266 0 0
392 450079 80 0 0
392 450118 84 0 0
392 450236 342 0 0
392 450288 108 0 0
392 450297 108 0 0
392 450394 119 0 0
392 450453 126 0 0
392 450458 127 0 0
392 450462 128 0 0
392 450707 157 0 0
392 450810 170 0 0
392 451014 194 0 0
392 451385 248 0 0
392 451472 261 0 0
392 451533 271 0 0
392 451626 1067 0 0
392 451664 286 0 0
392 452092 340 0 0
392 452116 344 0 0
392 452135 585 0 0
392 452156 350 0 0
392 452394 375 0 0
392 452724 419 0 0
392 452969 453 0 0
392 452996 456 0 0
392 453004 457 0 0
392 453913 561 0 0
392 453937 564 0 0
392 454306 607 0 0
392 455053 700 0 0
392 455424 747 0 0
392 455529 758 0 0
392 457559 1024 0 0
392 458445 1181 0 0
392 458549 1193 0 0
392 458562 1236 0 0
392 459423 1596 0 0
392 462913 2109 0 0
392 464773 2441 0 0
392 466836 2748 0 0
392 468024 2904 0 0
392 468557 2976 0 0
392 468581 2980 0 0
392 469181 3111 0 0
392 469808 3195 0 0
392 470261 3260 0 0
392 474167 3970 0 0
392 474876 4186 0 0
267606 401951 88 0 0
267606 465197 137 0 0
267606 467981 537 0 0
267631 443474 4858 0 0
267631 448365 1440 0 0
267631 468631 4611 0 0
267631 475335 5819 0 0
554 455699 0 283 0
615 5221 0 18 0
712 455699 0 1241 0
713 440996 208 0 0
713 469616 4624 0 0
445935 447409 204 0 0
445964 449729 417 0 0
791 242572 349 0 0
791 466445 53 0 0
446044 448964 453 0 0
969 2111 1771 0 0
969 57547 3085 0 0
969 457430 41 0 0
969 460158 668 0 0
1051 36601 1259 0 0
1051 38203 2441 0 0
1051 460350 1926 0 0
1051 460690 9 0 0
1051 461058 89 0 0
1051 461152 104 0 0
1051 462011 233 0 0
1051 462019 235 0 0
1051 462108 249 0 0
1051 462901 420 0 0
1051 466467 977 0 0
1051 466723 1046 0 0
1051 475008 2438 0 0
179159 455699 0 1769 0
268202 306521 0 16 0
1112 445008 0 50 0
1182 5530 3159 0 0
1182 456590 33 0 0
1182 456751 52 0 0
1182 457120 89 0 0
1182 457687 158 0 0
1182 458765 486 0 0
1182 460045 738 0 0
1182 465588 1661 0 0
1182 468889 2138 0 0
1182 473720 3092 0 0
1182 475499 3350 0 0
446387 448108 249 0 0
357397 458657 0 1380 0
446448 446449 0 70 0
446609 464956 0 2304 0
1465 313737 0 2537 0
1488 472904 1159 0 0
1662 5938 328 0 0
447061 447833 117 0 0
447061 448013 142 0 0
447061 448363 190 0 0
447061 450488 502 0 0
447061 450774 0 169 0
447061 450934 554 0 0
447061 451330 611 0 0
447061 452525 767 0 0
447061 452604 840 0 0
447061 453339 867 0 0
447061 454109 957 0 0
447061 460645 2062 0 0
447061 462582 2377 0 0
447061 464453 2773 0 0
447061 464782 2813 0 0
447061 471309 3857 0 0
447061 473539 4224 0 0
447061 475178 4533 0 0
447061 476641 4818 0 0
447061 476786 4856 0 0
179942 448928 19 0 0
90911 464356 0 628 0
1906 261292 0 2668 0
1916 450658 0 305 0
447172 472719 4039 0 0
2035 11470 438 0 0
2035 22149 2175 0 0
2091 465461 0 87 0
2102 232576 1422 0 0
2102 247252 370 0 0
2102 340927 26 0 0
2102 354191 17 0 0
2102 397365 12 0 0
2102 398227 167 0 0
2102 398451 171 0 0
2102 399631 41 0 0
2102 469523 22 0 0
2102 469782 58 0 0
2102 469797 60 0 0
2102 472570 532 0 0
2102 472700 552 0 0
2102 472705 553 0 0
2102 474939 980 0 0
2126 18028 0 255 0
2126 21644 0 115 0
2181 25224 1714 0 0
2181 50622 34 0 0
2181 460250 69 0 0
2181 466929 1187 0 0
2197 21644 0 364 0
2220 435833 0 22 0
447477 461185 2108 0 0
447491 451186 0 303 0
2337 93512 2251 0 0
2337 97408 610 0 0
2337 121236 127 0 0
2337 149316 136 0 0
2337 208319 14 0 0
2337 217808 141 0 0
2337 470577 2272 0 0
2337 474976 3334 0 0
358516 458657 0 1202 0
2353 18028 0 268 0
2353 21644 0 385 0
2381 256980 42 0 0
2518 94387 128 0 0
2518 429248 12 0 0
2518 452330 14 0 0
2577 391538 0 55 0
2577 465564 0 257 0
2625 391538 0 39 0
447926 448652 98 0 0
2764 3348 97 0 0
2764 444602 31 0 0
448059 448060 0 1430 0
448060 459377 3196 0 0
448113 448114 0 90 0
448371 448372 0 1285 0
92213 261292 0 2441 0
448430 454887 0 460 0
448496 449708 197 0 0
3377 32503 173 0 0
3377 461344 406 0 0
3377 463941 285 0 0
3377 468865 1021 0 0
3377 476741 2476 0 0
181537 441300 0 103 0
92507 162289 0 30 0
448690 448785 0 728 0
3597 12463 0 2032 0
448807 454887 0 413 0
3613 162289 0 644 0
3613 313737 0 185 0
3683 431843 0 26 0
3683 434026 0 47 0
3694 196118 0 67 0
271021 459920 38 0 0
271021 470676 1747 0 0
3909 261292 0 2141 0
449135 449258 18 0 0
449135 449338 28 0 0
449135 451611 324 0 0
449135 452324 93 0 0
449135 452328 94 0 0
449141 454367 653 0 0
3991 4299 1603 0 0
3991 9846 247 0 0
3991 26633 1053 0 0
3991 41707 125 0 0
3991 42443 97 0 0
3991 93484 432 0 0
3991 195479 3992 0 0
3991 244328 83 0 0
3991 274054 570 0 0
3991 454663 37 0 0
3991 462866 65 0 0
3991 462868 226 0 0
3991 462883 118 0 0
3991 462889 68 0 0
3991 462917 557 0 0
3991 462929 559 0 0
3991 462941 119 0 0
3991 462945 74 0 0
3991 462954 76 0 0
3991 462960 77 0 0
3991 462966 77 0 0
3991 462980 250 0 0
3991 462998 528 0 0
3991 463016 83 0 0
3991 463018 117 0 0
3991 463028 575 0 0
3991 464415 359 0 0
3991 464420 410 0 0
3991 464433 362 0 0
3991 464457 364 0 0
3991 464461 365 0 0
3991 464465 365 0 0
3991 464479 858 0 0
3991 464494 417 0 0
3991 464501 370 0 0
3991 464503 370 0 0
3991 464539 554 0 0
3991 464550 377 0 0
3991 464578 379 0 0
3991 464580 379 0 0
3991 464589 380 0 0
3991 464596 381 0 0
3991 464606 562 0 0
3991 464612 859 0 0
3991 464617 385 0 0
3991 464627 385 0 0
3991 464633 538 0 0
3991 464669 390 0 0
3991 464672 391 0 0
3991 464677 834 0 0
3991 464722 395 0 0
3991 464735 396 0 0
3991 464741 397 0 0
3991 464767 402 0 0
3991 464771 403 0 0
3991 464775 892 0 0
3991 464790 873 0 0
3991 464807 406 0 0
3991 464823 581 0 0
3991 464833 898 0 0
3991 464840 458 0 0
3991 464864 864 0 0
3991 464885 417 0 0
3991 464961 427 0 0
3991 464969 429 0 0
3991 466525 29 0 0
3991 466542 31 0 0
3991 466551 33 0 0
3991 466553 34 0 0
3991 466620 40 0 0
3991 466624 41 0 0
3991 466638 41 0 0
3991 466667 44 0 0
3991 466682 45 0 0
3991 466713 49 0 0
3991 466725 50 0 0
3991 466743 51 0 0
3991 466766 54 0 0
3991 466961 82 0 0
3991 467513 153 0 0
3991 467533 155 0 0
3991 467551 157 0 0
3991 467577 161 0 0
3991 467581 161 0 0
3991 467612 166 0 0
3991 467618 166 0 0
3991 467655 169 0 0
3991 467683 172 0 0
3991 467701 174 0 0
3991 467709 175 0 0
3991 467734 177 0 0
3991 467760 179 0 0
3991 468643 950 0 0
3991 469304 446 0 0
3991 469308 447 0 0
3991 469346 452 0 0
3991 469392 457 0 0
3991 469411 459 0 0
3991 469419 460 0 0
3991 469432 462 0 0
3991 469461 466 0 0
3991 469463 466 0 0
3991 469470 467 0 0
3991 469476 468 0 0
3991 469508 471 0 0
3991 469521 472 0 0
3991 469543 474 0 0
3991 469586 479 0 0
3991 469629 485 0 0
3991 471263 794 0 0
3991 472644 1013 0 0
3991 472753 1676 0 0
3991 473036 1054 0 0
3991 475938 2283 0 0
449227 453193 507 0 0
449257 451648 306 0 0
449257 460476 1691 0 0
4108 267252 0 257 0
449319 452366 386 0 0
4125 47688 0 185 0
4163 12463 0 2414 0
4288 464600 3020 0 0
4299 162289 0 2419 0
93371 436374 0 39 0
93371 454807 341 0 0
93371 466000 467 0 0
93371 467260 2475 0 0
93371 472113 330 539 0
93371 472572 3339 0 0
4419 12463 0 466 0
4501 11629 0 13 0
4501 14664 9023 0 0
4501 52305 1048 0 0
4501 59926 345 0 0
4501 78788 2174 0 0
4501 79384 720 0 0
4501 94697 22 0 0
4501 113006 19013 0 0
4501 173332 3101 0 0
4501 179159 1694 0 0
4501 210651 321 0 0
4501 218705 1276 0 0
4501 269019 9208 0 0
4501 327769 6626 0 0
4501 329411 92 0 0
4501 371749 752 0 0
4501 396848 4477 0 0
4501 441021 40 0 0
4501 447922 111 0 0
4501 449838 316 0 0
4501 450043 344 0 0
4501 451679 555 0 0
4501 460101 1898 0 0
4501 461661 2134 0 0
4501 461787 912 0 0
4501 463131 2402 0 0
4501 465221 2771 0 0
4501 465890 399 0 0
4501 468076 11356 0 0
4501 470986 2427 0 0
4501 472376 2663 0 0
449808 449809 0 1230 0
449809 459585 2754 0 0
4627 449135 0 116 0
182879 437973 0 529 0
182879 443561 0 4183 0
93845 340995 42 0 0
182924 476445 3494 0 0
4853 11288 5 0 0
4853 15389 1581 0 0
4853 470064 384 0 0
4853 471580 677 0 0
4860 5104 4998 0 0
93909 462509 0 264 0
4907 439031 0 1329 0
4937 116873 0 3575 0
450181 450256 11 0 0
5284 12463 0 153 0
450622 450623 0 1320 0
450623 451101 1381 0 0
272557 445008 0 31 0
450658 454666 499 0 0
450658 455830 683 0 0
450658 458117 988 0 0
450680 450681 0 1943 0
450737 454056 419 0 0
5610 11694 0 4545 0
5610 441300 0 841 0
450873 451490 87 0 0
5774 12463 0 2006 0
451054 461332 1619 0 0
451063 464729 2231 0 0
451066 461605 1656 0 0
94951 433606 294 0 0
5919 457329 1617 0 0
5919 457623 1655 0 0
5919 457833 1685 0 0
5932 309309 1280 0 0
5932 463758 504 0 0
5932 465357 1102 0 0
5938 185122 0 450 0
451186 451266 12 0 0
451186 451769 80 0 0
451186 451935 103 0 0
451186 453370 279 0 0
451186 454088 364 0 0
451186 454244 380 0 0
451186 465118 2266 0 0
451186 465137 2269 0 0
451186 468132 2700 0 0
451186 474796 3871 0 0
273146 443818 136 0 0
451255 451705 61 0 0
451255 456497 677 0 0
6058 175355 0 5009 0
6158 46801 0 166 0
6174 319048 0 84 0
6175 162289 0 3687 0
6183 162289 0 977 0
6183 220040 0 1693 0
6183 313737 0 318 0
6183 438824 0 5 0
6241 11892 888 0 0
6241 93340 701 0 0
6241 200739 888 0 0
6241 470579 329 0 0
451457 465740 2310 0 0
6274 267252 0 178 0
6275 12463 0 350 0
273505 458657 0 2990 0
6396 458651 0 1109 0
6453 438473 0 220 0
451750 452812 133 0 0
451750 453628 230 0 0
451752 465154 2195 0 0
451752 470730 3024 0 0
451752 473747 3594 0 0
95593 455699 0 3546 0
6611 465461 0 2 0
95658 454904 0 206 0
184848 454887 0 131 0
6983 368711 52 0 0
6990 85574 0 3079 0
6993 12463 0 112 0
6993 162289 0 934 0
363180 390151 680 0 0
363180 457779 128 0 0
185122 471947 838 0 0
185122 475885 1598 0 0
96103 454887 0 298 0
452382 454495 256 0 0
452382 455103 331 0 0
7271 464356 0 80 0
7301 454887 0 217 0
7361 261292 0 981 0
7361 454887 0 980 0
7361 455699 0 928 0
452686 452971 39 0 0
452686 453648 115 0 0
452710 471945 3157 0 0
452789 464356 0 1282 0
452798 455771 356 0 0
7666 442403 1322 0 0
7752 473125 4687 0 0
96796 319048 0 1139 0
7800 7891 23 0 0
7867 8298 0 113 0
7940 162289 0 1485 0
7951 475092 0 51 0
8068 466338 3408 0 0
453335 471745 3052 0 0
8282 460572 705 0 0
97502 441300 0 651 0
453707 454073 47 0 0
453707 463180 1606 0 0
453769 454902 140 0 0
453780 460065 1083 0 0
8610 319048 0 23 0
8661 467479 0 420 0
364852 458657 0 2733 0
454102 454938 101 0 0
454102 454940 101 0 0
8955 435833 0 26 0
454172 456127 275 0 0
9030 87030 1504 0 0
187224 462445 0 207 0
9161 455174 871 0 0
9161 455362 894 0 0
9184 464250 3447 0 0
9214 435833 0 436 0
454457 461187 1173 0 0
9327 9494 0 258 0
9455 12463 0 341 0
454698 476394 3752 0 0
9494 78302 859 0 0
9494 99818 3722 0 0
9494 285406 3448 0 0
9494 306006 70 0 0
9494 462274 1171 0 0
365749 455699 0 107 0
454887 455119 29 0 0
454887 455179 37 0 0
454887 455392 63 0 0
454887 455398 33 0 0
454887 455465 40 0 0
454887 455714 70 0 0
454887 456083 153 0 0
454887 456607 211 0 0
454887 456676 220 0 0
454887 456689 222 0 0
454887 456878 240 0 0
454887 456887 240 0 0
454887 457191 272 0 0
454887 457248 309 0 0
454887 457289 282 0 0
454887 458314 455 0 0
454887 458771 663 0 0
454887 459187 812 0 0
454887 459262 820 0 0
454887 459646 865 0 0
454887 460328 941 0 0
454887 460548 2075 0 0
454887 464486 1696 0 0
454887 464492 1696 0 0
454887 464982 1855 0 0
454887 465176 1784 0 0
454887 465624 1842 0 0
454887 465715 1855 0 0
454887 466704 2053 0 0
454887 466945 2054 0 0
454887 467809 2162 0 0
454887 468344 2238 0 0
454887 468368 2240 0 0
454887 469231 2409 0 0
454887 470299 2555 0 0
454887 471354 5660 0 0
454887 471638 2822 0 0
454887 472675 2973 0 0
454887 473615 3153 0 0
454900 454901 0 1442 0
454904 455535 77 0 0
454904 456148 188 0 0
9774 441300 0 5419 0
454997 468796 2317 0 0
10036 25247 0 2692 0
455455 456201 127 0 0
455455 470252 2510 0 0
99318 463873 3483 0 0
99520 242572 151 0 0
455699 455738 6 0 0
455699 455860 61 0 0
455699 455884 64 0 0
455699 455886 64 0 0
455699 455922 67 0 0
455699 455926 70 0 0
455699 455938 69 0 0
455699 455979 73 0 0
455699 456004 76 0 0
455699 456097 88 0 0
455699 456181 97 0 0
455699 456243 104 0 0
455699 456252 105 0 0
455699 456348 115 0 0
455699 456424 124 0 0
455699 456443 126 0 0
455699 456448 127 0 0
455699 456552 138 0 0
455699 456579 141 0 0
455699 456753 163 0 0
455699 456841 171 0 0
455699 456867 172 0 0
455699 456956 180 0 0
455699 457224 209 0 0
455699 457285 216 0 0
455699 457320 219 0 0
455699 457500 241 0 0
455699 457609 256 0 0
455699 457618 257 0 0
455699 457665 265 0 0
455699 457702 271 0 0
455699 457871 296 0 0
455699 458496 411 0 0
455699 458515 413 0 0
455699 458602 525 0 0
455699 458626 528 0 0
455699 459324 761 0 0
455699 459436 775 0 0
455699 459458 778 0 0
455699 459500 784 0 0
455699 459841 823 0 0
455699 459960 838 0 0
455699 459983 840 0 0
455699 460322 875 0 0
455699 460392 883 0 0
455699 460537 899 0 0
455699 460931 983 0 0
455699 461128 1012 0 0
455699 461175 1019 0 0
455699 461336 1045 0 0
455699 461540 1074 0 0
455699 461553 1075 0 0
455699 461949 1133 0 0
455699 462044 1150 0 0
455699 462079 1156 0 0
455699 462115 1161 0 0
455699 462161 1167 0 0
455699 462344 1191 0 0
455699 462576 1228 0 0
455699 462903 1331 0 0
455699 462970 1339 0 0
455699 463927 1504 0 0
455699 464064 1523 0 0
455699 464088 1527 0 0
455699 464202 1589 0 0
455699 465782 1800 0 0
455699 466646 1950 0 0
455699 466789 1964 0 0
455699 467349 2039 0 0
455699 467530 2062 0 0
455699 468751 2225 0 0
455699 469496 2378 0 0
455699 469593 2387 0 0
455699 470858 2603 0 0
455699 471028 2667 0 0
455699 472788 2922 0 0
455699 472798 2923 0 0
455699 473249 2991 0 0
455699 473720 3108 0 0
455699 474391 3235 0 0
455699 474658 3285 0 0
455699 474792 3313 0 0
455699 474960 3342 0 0
455699 475073 3363 0 0
455699 475144 3379 0 0
455699 475647 3485 0 0
455699 476447 3640 0 0
455699 476494 3648 0 0
455699 476898 3733 0 0
455738 474018 0 39 0
455845 456847 236 0 0
455845 458146 308 0 0
188733 462349 0 56 0
455950 456312 42 0 0
456097 474018 0 14 0
456135 456738 70 0 0
278152 450647 0 63 0
100078 458657 0 1508 0
278169 313737 0 2040 0
189181 242572 61 0 0
189356 458007 766 0 0
189356 458678 1000 0 0
11319 12463 0 2431 0
11464 441300 0 441 0
11467 441300 0 444 0
11470 11694 0 919 0
11505 441300 0 4298 0
11560 12463 0 2026 0
11668 18427 0 501 0
11668 380636 0 1528 0
11693 454887 0 194 0
11694 33098 39 0 0
11694 319418 18 0 0
11694 333439 102 0 0
11694 461164 166 0 0
11694 461515 217 0 0
11694 464170 12 0 0
11694 465860 57 0 0
11694 472774 2068 0 0
11695 474967 0 1062 0
456934 458294 209 0 0
11788 12463 0 1505 0
11791 196144 89 0 0
11791 453855 3446 0 0
11792 261292 0 916 0
11792 467022 882 0 0
278930 279811 119 0 0
11821 477086 0 12 0
457047 473946 2963 0 0
457047 474196 3008 0 0
11892 75594 0 0 0
368191 474018 0 72 0
457233 457482 29 0 0
457396 459794 586 0 0
457400 458123 134 0 0
12462 12463 0 175 0
12463 14945 1150 0 0
12463 15132 862 0 0
12463 15428 1366 0 0
12463 16414 292 0 0
12463 16596 528 0 0
12463 18837 751 0 0
12463 21631 551 0 0
12463 23046 1702 0 0
12463 23298 1709 0 0
12463 24934 1478 0 0
12463 26156 299 0 0
12463 27093 22 0 0
12463 27307 78 0 0
12463 27944 2111 0 0
12463 28125 1717 0 0
12463 30850 2390 0 0
12463 32397 1361 0 0
12463 32831 2492 0 0
12463 33705 1291 0 0
12463 36941 376 0 0
12463 39887 271 0 0
12463 41229 150 0 0
12463 42127 1911 0 0
12463 53847 22 0 0
12463 66935 153 0 0
12463 72811 218 0 0
12463 73821 2806 0 0
12463 75118 1005 0 0
12463 75155 495 0 0
12463 82841 468 0 0
12463 89619 1361 0 0
12463 92786 1707 0 0
12463 96680 74 0 0
12463 101016 1434 0 0
12463 104195 468 0 0
12463 119661 1241 0 0
12463 122479 305 0 0
12463 122875 142 0 0
12463 123300 930 0 0
12463 128713 2531 0 0
12463 138069 182 0 0
12463 141012 149 0 0
12463 148940 294 0 0
12463 155899 938 0 0
12463 158579 2032 0 0
12463 169780 2888 0 0
12463 185210 3079 0 0
12463 188364 1112 0 0
12463 193371 1022 0 0
12463 194613 1815 0 0
12463 223295 1246 0 0
12463 229239 44 0 0
12463 233325 1142 0 0
12463 237708 44 0 0
12463 237751 190 0 0
12463 237858 1360 0 0
12463 240136 159 0 0
12463 241481 1295 0 0
12463 241566 1743 0 0
12463 243545 3065 0 0
12463 243742 120 0 0
12463 244545 271 0 0
12463 245659 2295 0 0
12463 246505 1142 0 0
12463 246527 363 0 0
12463 246886 332 0 0
12463 248135 714 0 0
12463 250927 501 0 0
12463 255742 1306 0 0
12463 259152 1543 0 0
12463 259603 346 0 0
12463 259892 446 0 0
12463 261561 993 0 0
12463 262639 170 0 0
12463 263226 1778 0 0
12463 266149 2072 0 0
12463 267174 1075 0 0
12463 268887 1814 0 0
12463 269039 2750 0 0
12463 277797 228 0 0
12463 281386 163 0 0
12463 283053 1366 0 0
12463 283503 1073 0 0
12463 289476 371 0 0
12463 290435 383 0 0
12463 294112 2556 0 0
12463 298837 126 0 0
12463 303390 2626 0 0
12463 307414 1405 0 0
12463 312481 101 0 0
12463 315863 861 0 0
12463 319898 511 0 0
12463 320128 641 0 0
12463 321126 1423 0 0
12463 323015 2257 0 0
12463 330027 538 0 0
12463 336977 2565 0 0
12463 343278 184 0 0
12463 351639 427 0 0
12463 361352 676 0 0
12463 370305 2393 0 0
12463 375770 930 0 0
12463 377264 2617 0 0
12463 383194 685 0 0
12463 398746 745 0 0
12463 404233 81 0 0
12463 414565 348 0 0
12463 416208 475 0 0
12463 428975 44 0 0
12463 429077 2368 0 0
12463 433666 289 0 0
12463 436732 2724 0 0
12463 438698 41 0 0
12463 440176 3009 0 0
12463 443632 357 0 0
12463 444002 141 0 0
12463 447079 1713 0 0
12463 450453 90 0 0
12463 450464 79 0 0
12463 455181 149 0 0
12463 459034 15 0 0
12463 459062 19 0 0
12463 459066 20 0 0
12463 459100 25 0 0
12463 459126 30 0 0
12463 459155 33 0 0
12463 459161 34 0 0
12463 459249 44 0 0
12463 459278 47 0 0
12463 459282 47 0 0
12463 459322 51 0 0
12463 459375 58 0 0
12463 459391 61 0 0
12463 459558 81 0 0
12463 459579 84 0 0
12463 459634 89 0 0
12463 459667 93 0 0
12463 459671 93 0 0
12463 459689 96 0 0
12463 459763 103 0 0
12463 459787 108 0 0
12463 459805 110 0 0
12463 459814 111 0 0
12463 459843 109 0 0
12463 459847 115 0 0
12463 459888 120 0 0
12463 459924 125 0 0
12463 459937 126 0 0
12463 459964 129 0 0
12463 459995 132 0 0
12463 460002 134 0 0
12463 460006 134 0 0
12463 460008 135 0 0
12463 460075 142 0 0
12463 460104 145 0 0
12463 460113 147 0 0
12463 460125 149 0 0
12463 460218 156 0 0
12463 460223 156 0 0
12463 460229 157 0 0
12463 460243 158 0 0
12463 460246 158 0 0
12463 460338 167 0 0
12463 460447 182 0 0
12463 460467 184 0 0
12463 460472 184 0 0
12463 460478 184 0 0
12463 460493 186 0 0
12463 460506 188 0 0
12463 460629 204 0 0
12463 460685 211 0 0
12463 460734 214 0 0
12463 460824 221 0 0
12463 460838 329 0 0
12463 460850 223 0 0
12463 460899 270 0 0
12463 461005 285 0 0
12463 461011 285 0 0
12463 461061 292 0 0
12463 461095 297 0 0
12463 461103 299 0 0
12463 461116 301 0 0
12463 461118 301 0 0
12463 461120 302 0 0
12463 461201 315 0 0
12463 461207 315 0 0
12463 461226 318 0 0
12463 461289 328 0 0
12463 461359 339 0 0
12463 461455 353 0 0
12463 461538 364 0 0
12463 461547 365 0 0
12463 461579 370 0 0
12463 461597 372 0 0
12463 461637 378 0 0
12463 461671 383 0 0
12463 461679 383 0 0
12463 461742 391 0 0
12463 461794 400 0 0
12463 461796 400 0 0
12463 461809 403 0 0
12463 461894 416 0 0
12463 461991 430 0 0
12463 462090 446 0 0
12463 462104 450 0 0
12463 462175 460 0 0
12463 462194 462 0 0
12463 462209 464 0 0
12463 462264 471 0 0
12463 462278 474 0 0
12463 462431 494 0 0
12463 462446 497 0 0
12463 462481 503 0 0
12463 462520 510 0 0
12463 462570 517 0 0
12463 462625 531 0 0
12463 462637 532 0 0
12463 462697 541 0 0
12463 462719 544 0 0
12463 462723 545 0 0
12463 462729 546 0 0
12463 462747 549 0 0
12463 462873 619 0 0
12463 463020 637 0 0
12463 463026 637 0 0
12463 463135 650 0 0
12463 463139 650 0 0
12463 463289 673 0 0
12463 463300 674 0 0
12463 463330 676 0 0
12463 463368 680 0 0
12463 463443 687 0 0
12463 463491 696 0 0
12463 463651 718 0 0
12463 463687 724 0 0
12463 463705 726 0 0
12463 463795 740 0 0
12463 463831 744 0 0
12463 463919 795 0 0
12463 464134 1153 0 0
12463 464357 905 0 0
12463 464441 916 0 0
12463 464468 925 0 0
12463 464648 940 0 0
12463 464720 947 0 0
12463 465016 988 0 0
12463 465127 1003 0 0
12463 465189 1012 0 0
12463 465415 1041 0 0
12463 465496 1051 0 0
12463 465586 1062 0 0
12463 465726 1082 0 0
12463 465776 1090 0 0
12463 465812 1095 0 0
12463 465992 1122 0 0
12463 466064 1131 0 0
12463 466303 1159 0 0
12463 466352 1164 0 0
12463 466383 1169 0 0
12463 466499 1183 0 0
12463 466563 1233 0 0
12463 466671 1244 0 0
12463 466756 1251 0 0
12463 466852 1265 0 0
12463 467020 1288 0 0
12463 467072 1295 0 0
12463 467230 1314 0 0
12463 467243 1315 0 0
12463 467334 1328 0 0
12463 467386 1336 0 0
12463 467434 1341 0 0
12463 467510 1352 0 0
12463 467590 1361 0 0
12463 467699 1372 0 0
12463 467766 1379 0 0
12463 467769 1379 0 0
12463 467776 1380 0 0
12463 467785 1405 0 0
12463 467805 1387 0 0
12463 467857 1394 0 0
12463 467870 1395 0 0
12463 467976 1413 0 0
12463 467983 1414 0 0
12463 468049 1421 0 0
12463 468146 1436 0 0
12463 468377 1466 0 0
12463 468428 1473 0 0
12463 468831 1529 0 0
12463 469083 1610 0 0
12463 469171 1625 0 0
12463 469186 1626 0 0
12463 469240 1760 0 0
12463 469359 1652 0 0
12463 469485 1667 0 0
12463 469514 1671 0 0
12463 469566 1675 0 0
12463 469663 1688 0 0
12463 470106 1751 0 0
12463 470311 1781 0 0
12463 470588 1818 0 0
12463 470715 1845 0 0
12463 470722 1835 0 0
12463 470937 1906 0 0
12463 470997 1955 0 0
12463 471044 1960 0 0
12463 471054 1961 0 0
12463 471060 1962 0 0
12463 471062 1963 0 0
12463 471094 1966 0 0
12463 471098 1966 0 0
12463 471137 1970 0 0
12463 471295 1999 0 0
12463 471548 2033 0 0
12463 471615 2045 0 0
12463 471728 2059 0 0
12463 471771 2065 0 0
12463 471786 2067 0 0
12463 471963 2091 0 0
12463 471997 2097 0 0
12463 472090 2110 0 0
12463 472293 2136 0 0
12463 472325 2141 0 0
12463 472370 2148 0 0
12463 472459 2162 0 0
12463 472508 2172 0 0
12463 472940 2236 0 0
12463 473196 2277 0 0
12463 473562 2460 0 0
12463 473698 2493 0 0
12463 473716 2399 0 0
12463 473824 2418 0 0
12463 473904 2437 0 0
12463 473912 2439 0 0
12463 473927 2442 0 0
12463 473967 2448 0 0
12463 474052 2463 0 0
12463 474115 2473 0 0
12463 474180 2488 0 0
12463 474221 2495 0 0
12463 474727 2590 0 0
12463 474748 2595 0 0
12463 474876 2622 0 0
12463 475045 2649 0 0
12463 475114 2662 0 0
12463 475123 2662 0 0
12463 475150 2672 0 0
12463 475159 2673 0 0
12463 475169 2676 0 0
12463 475273 2696 0 0
12463 475358 2719 0 0
12463 475699 2790 0 0
12463 475878 2823 0 0
12463 476049 2853 0 0
12463 476280 2902 0 0
12463 476382 2920 0 0
12463 476589 2976 0 0
12463 476809 3004 0 0
12463 476911 3027 0 0
457731 461835 0 722 0
12531 65391 0 31 0
279695 465750 812 0 0
190696 451114 0 174 0
457890 458823 307 0 0
190788 439539 0 479 0
190870 319284 165 0 0
190870 472207 919 10 0
280094 459036 2906 0 0
458296 459214 0 668 0
458306 464356 0 1200 0
369425 452649 0 466 0
458584 458585 0 2431 0
458650 458651 0 35 0
458651 459212 255 0 0
458651 459544 294 0 0
458651 459628 303 0 0
458651 460371 386 0 0
458651 461346 551 0 0
458651 465430 1257 0 0
458651 465818 1310 0 0
458651 475829 3029 0 0
458652 459870 0 357 0
458656 458657 0 93 0
458657 458746 156 0 0
458657 458775 160 0 0
458657 458861 172 0 0
458657 458883 176 0 0
458657 458934 233 0 0
458657 459021 287 0 0
458657 459351 328 0 0
458657 459379 331 0 0
458657 459433 338 0 0
458657 459807 382 0 0
458657 459997 404 0 0
458657 460188 426 0 0
458657 460207 427 0 0
458657 460316 437 0 0
458657 460503 459 0 0
458657 460820 493 0 0
458657 460956 550 0 0
458657 461078 567 0 0
458657 461148 578 0 0
458657 461167 581 0 0
458657 461428 622 0 0
458657 461577 641 0 0
458657 461767 666 0 0
458657 461827 679 0 0
458657 461862 683 0 0
458657 461930 693 0 0
458657 462870 891 0 0
458657 462994 906 0 0
458657 463338 949 0 0
458657 463441 962 0 0
458657 463456 963 0 0
458657 463533 973 0 0
458657 463917 1067 0 0
458657 464044 1083 0 0
458657 464797 1230 0 0
458657 465025 1261 0 0
458657 465292 1300 0 0
458657 465746 1381 0 0
458657 466399 1444 0 0
458657 467211 1582 0 0
458657 467517 1624 0 0
458657 467887 1671 0 0
458657 468396 1741 0 0
458657 468731 1786 0 0
458657 468871 1807 0 0
458657 469606 1953 0 0
458657 469863 1991 0 0
458657 469865 1991 0 0
458657 470175 2035 0 0
458657 470543 2084 0 0
458657 470620 2095 0 0
458657 470827 2121 0 0
458657 471349 2278 0 0
458657 471434 2290 0 0
458657 471872 2351 0 0
458657 472224 2399 0 0
458657 472228 2400 0 0
458657 472547 2450 0 0
458657 472710 2475 0 0
458657 472874 2496 0 0
458657 473765 2681 0 0
458657 474153 2753 0 0
458657 474509 2826 0 0
458657 474513 2823 0 0
458657 474909 2897 0 0
458657 475134 2938 0 0
458657 476007 3118 0 0
458657 476467 3206 0 0
458657 476516 3215 0 0
458689 458690 0 574 0
458867 458868 0 29 0
13717 162289 0 229 0
13797 18443 471 0 0
459027 459028 0 1674 0
102906 454398 73 0 0
459106 459445 42 0 0
459106 468413 1445 0 0
459168 459169 0 31 0
459253 459441 23 0 0
14167 445008 0 119 0
459403 459655 30 0 0
103311 468284 121 0 0
103311 468733 181 0 0
14291 59246 36 0 0
459527 462033 0 31 0
459527 476354 2839 0 0
14359 435119 0 2288 0
103426 110016 0 291 0
459622 459623 0 249 0
459655 459977 0 65 0
14462 162289 0 3770 0
459799 460581 9 0 0
459870 464381 856 0 0
459870 472253 2015 0 0
459952 470724 1707 0 0
281958 342775 0 603 0
460091 466739 1106 0 0
460205 460206 0 304 0
15051 460841 0 903 0
104121 460874 0 2807 0
193205 440370 0 624 0
193315 261292 0 3482 0
104283 291858 0 104 0
460509 460510 0 176 0
460510 473720 2401 0 0
460658 461355 130 0 0
460658 462124 253 0 0
460658 474008 2248 0 0
15587 30792 690 0 0
371878 432939 0 3112 0
461019 461020 0 2945 0
461020 466156 3800 0 0
461256 461963 186 0 0
461256 466148 900 0 0
461256 469726 1457 0 0
461256 475013 2401 0 0
16078 457442 27 0 0
16078 473247 2783 0 0
461384 463002 291 0 0
16193 261292 0 3297 0
461517 467911 1044 0 0
461716 466677 360 0 0
461716 466957 396 0 0
194613 313737 0 2271 0
461835 461858 3 0 0
461899 465886 689 0 0
461946 462789 133 0 0
461946 463691 301 0 0
461946 469378 43 0 0
461946 470146 148 0 0
16808 359373 738 0 0
16808 440488 1036 0 0
462068 469612 1236 0 0
373060 442403 3121 0 0
17071 450196 103 0 0
462349 462649 52 0 0
462445 465825 806 0 0
462445 467366 1044 0 0
462445 474421 2366 0 0
462508 462509 0 123 0
17531 435331 13 0 0
17531 455541 0 202 0
17531 471929 0 99 0
17660 435833 0 235 0
462877 462878 0 101 0
462926 464289 269 0 0
17979 28039 0 464 0
463252 463462 25 0 0
374299 442662 0 34 0
18144 261292 0 881 0
463431 463432 0 244 0
463476 463681 30 0 0
463514 467095 598 0 0
463514 474609 1868 0 0
463590 463591 0 99 0
463750 463869 15 0 0
463790 467722 635 0 0
463921 464356 0 403 0
285906 441300 0 237 0
18892 445008 0 188 0
197037 261292 60 0 0
197037 471865 518 0 0
197073 441851 0 53 0
464255 464256 0 53 0
464256 465487 213 0 0
464256 465734 245 0 0
464256 465877 268 0 0
464256 465954 278 0 0
464256 466831 425 0 0
464256 471881 1244 0 0
464292 465037 96 0 0
464356 467519 528 0 0
464356 469322 835 0 0
464356 473130 1445 0 0
464356 476232 2080 0 0
19163 455560 294 0 0
19200 439685 86 0 0
19460 291660 0 790 0
464787 467819 0 279 0
464955 464956 0 1107 0
464956 475021 2770 0 0
465060 469759 709 0 0
19867 104828 251 0 0
19867 106703 763 0 0
19867 451474 13 0 0
19867 451939 75 0 0
19867 453224 235 0 0
465106 465107 0 177 0
465191 465192 0 174 0
198084 452163 296 0 0
465231 465232 0 449 0
109162 443561 0 146 0
465461 465705 32 0 0
109322 452680 0 11 0
109698 261292 0 2859 0
198873 313737 0 349 0
20867 82926 34 0 0
466077 470807 713 0 0
110016 450196 60 0 0
110016 451826 268 0 0
466236 466237 0 680 0
199128 457995 59 0 0
199128 458250 88 0 0
199128 464725 1365 0 0
199128 467778 1797 0 0
199128 469094 2029 0 0
466329 466330 0 3752 0
21143 363171 86 0 0
110206 455949 0 30 0
288312 291660 0 253 0
21203 313737 0 6738 0
21210 455699 0 81 0
466490 466965 100 0 0
466490 467963 230 0 0
466490 471234 808 0 0
466490 471799 888 0 0
466708 468039 33 0 0
466708 468241 62 0 0
466708 468405 82 0 0
466708 471157 588 0 0
466754 466755 0 38 0
21644 464600 356 0 0
466879 471974 826 0 0
466945 468576 97 0 0
466945 470074 351 0 0
466945 471256 595 0 0
466945 471477 628 0 0
466945 471959 694 0 0
466945 472732 808 0 0
466945 473021 854 0 0
467080 471855 620 0 0
467149 467324 25 0 0
467156 474131 1173 0 0
200187 447849 3581 0 0
200187 474989 4078 0 0
22150 458454 86 0 0
22150 467614 1754 0 0
289320 455699 0 64 0
22284 22564 310 0 0
467681 467682 0 4660 0
467711 467880 23 0 0
467929 468542 84 0 0
467943 468402 68 0 0
289929 313737 0 4126 0
468058 468059 0 17 0
379171 442627 0 1024 0
468278 468279 0 3984 0
468451 468631 32 0 0
112354 434644 0 2451 0
201518 448060 0 3775 0
468715 468716 0 4741 0
468727 468729 2 0 0
468728 475107 1147 0 0
468770 473377 783 0 0
201876 261292 0 4365 0
380155 459813 0 925 0
469208 469939 97 0 0
291346 454390 188 0 0
24299 474018 0 24 0
24334 96480 0 460 0
469702 469837 22 0 0
113576 447061 0 606 0
291660 294338 3257 0 0
291660 298180 5294 0 0
291660 357819 1757 0 0
291660 364173 422 0 0
291660 438797 371 0 0
291660 442983 292 0 0
291660 444053 22 0 0
291660 444093 28 0 0
291660 444577 97 0 0
291660 445992 773 0 0
291660 446810 405 0 0
291660 447814 552 0 0
291660 448443 637 0 0
291660 451164 1026 0 0
291660 452387 1183 0 0
291660 453428 1314 0 0
291660 460134 2444 0 0
291660 461684 2678 0 0
291660 461866 2705 0 0
291660 464322 3193 0 0
291660 469778 4001 0 0
291660 475660 5114 0 0
291660 476248 5189 0 0
291660 476380 5214 0 0
469810 469811 0 1777 0
24612 472859 3283 0 0
469907 469945 6 0 0
469912 470966 188 0 0
291858 452500 236 0 0
469944 471660 322 0 0
25247 47718 392 0 0
25247 437949 311 0 0
470481 470482 0 2201 0
25331 466490 0 305 0
470629 476772 1172 0 0
470699 471457 191 0 0
470814 471324 156 0 0
470814 471459 176 0 0
470814 472388 302 0 0
470963 474467 654 0 0
470963 474741 0 37 0
471112 471113 0 1711 0
293194 442953 0 1340 0
26111 66391 0 91 0
26277 313737 0 5177 0
115357 125378 97 0 0
115357 436819 408 0 0
115357 439795 844 0 0
204403 254951 132 0 0
204403 477015 2892 0 0
26358 64698 1400 0 0
26358 105575 333 0 0
471849 473082 0 672 0
471849 476475 0 998 0
471874 473175 194 0 0
471874 473299 210 0 0
471874 473645 307 0 0
471874 475610 691 0 0
471874 475916 751 0 0
471874 476840 931 0 0
471874 477155 999 0 0
471999 474838 532 0 0
472125 472126 0 2308 0
115989 267631 0 4610 0
205070 247159 5529 0 0
205070 442851 35 0 0
205070 445031 326 0 0
472207 472611 43 0 0
27014 33464 458 0 0
27014 36040 39 0 0
27014 42640 4196 0 0
27014 378754 12 0 0
27014 407891 187 0 0
27014 452241 67 0 0
27014 453195 180 0 0
27014 455478 464 0 0
27014 456986 660 0 0
27014 458926 1144 0 0
27014 460334 1351 0 0
27014 463150 1837 0 0
27014 465472 2237 0 0
27014 469883 2905 0 0
27014 474045 3794 0 0
27014 474405 3717 0 0
27014 475393 3910 0 0
472427 472428 0 226 0
472428 472997 316 0 0
472450 472506 12 0 0
383472 455699 0 586 0
294544 474474 538 0 0
294544 474838 610 0 0
205819 457324 0 2648 0
472963 472964 0 3824 0
116873 117228 99 0 0
116873 437425 248 0 0
116873 438036 0 59 0
116873 438481 0 11 0
116873 438878 486 0 0
116873 439266 535 0 0
116873 449676 1996 0 0
116873 451556 2239 0 0
116873 453291 2481 0 0
116873 457333 0 714 0
116873 459184 0 90 0
116873 463994 4254 0 0
116873 464039 4266 0 0
116873 468175 0 341 0
116873 468770 0 271 0
116873 475187 6129 0 0
473047 473226 26 0 0
473047 473515 69 0 0
28039 448684 335 0 0
473249 474018 0 8 0
473266 473320 7 0 0
28071 261292 0 979 0
473330 473331 0 2455 0
117310 261292 0 1584 0
28499 455699 0 1198 0
117718 291858 0 250 0
473973 474010 8 0 0
474018 474399 69 0 0
474018 474542 96 0 0
474018 474737 133 0 0
474018 475422 275 0 0
474018 475536 298 0 0
474018 475831 356 0 0
474018 476371 459 0 0
474018 476881 561 0 0
474097 474370 52 0 0
474097 474831 145 0 0
474097 477141 606 0 0
474211 474663 85 0 0
29023 327924 0 1185 0
29023 459158 0 114 0
29099 459032 2692 0 0
474467 474741 0 59 0
474585 476796 439 0 0
29428 239389 2673 0 0
29444 469076 181 0 0
29468 56104 0 656 0
29632 291660 0 400 0
207729 261292 0 1056 0
118707 162289 0 23 0
474898 474946 5 0 0
29728 472000 3032 0 0
29728 477061 190 0 0
29855 459870 0 237 0
475099 477143 418 0 0
29917 66391 0 3048 0
475139 475259 25 0 0
29995 467136 0 1464 0
386241 440574 0 1064 0
386293 458657 0 2304 0
297329 435296 0 3068 0
30305 394667 0 13 0
208404 438569 0 2125 0
119404 473264 4750 0 0
297547 474060 366 0 0
297547 474476 445 0 0
297547 476390 824 0 0
30573 449703 117 0 0
30584 95626 0 250 0
30584 110614 0 154 0
30584 464483 0 262 0
30584 466356 0 118 0
30589 227545 0 197 0
30589 455699 0 133 0
30589 474018 0 97 0
475833 476378 105 0 0
30796 110016 0 329 0
386984 435833 0 532 0
120047 458606 22 0 0
209360 291660 0 174 0
31375 455699 0 1998 0
209578 443509 0 25 0
120622 313737 0 6544 0
209838 471929 0 151 0
388699 455699 0 3406 0
210937 474744 214 0 0
33127 238059 0 559 0
211434 261292 47 742 0
122430 449227 0 528 0
33464 162289 0 266 0
33464 464356 0 795 0
33634 313737 0 181 0
211723 460998 0 21 0
33716 436206 0 114 0
33716 442273 0 214 0
33716 459403 0 291 0
122773 458049 2234 0 0
33742 198466 694 0 0
33742 448690 44 0 0
390017 393650 0 142 0
390028 435833 0 42 0
212015 435828 32 0 0
212015 437568 441 0 0
212015 449107 1926 0 0
212015 466977 4736 0 0
123048 186726 46 0 0
123048 442051 149 0 0
123048 442159 165 0 0
123048 442407 198 0 0
123048 448172 12 0 0
123246 291660 0 5357 0
212610 445312 0 125 0
34868 458657 0 391 0
34886 466227 1795 0 0
35024 435833 0 4030 0
302165 443563 0 54 0
213235 460751 0 1182 0
35341 471874 0 388 0
302506 440194 0 1276 0
35477 162289 0 473 0
302798 440194 0 1266 0
391970 435430 0 12 0
391970 439496 0 631 0
214406 454887 0 965 0
125378 130200 0 42 0
125378 439446 0 130 0
125378 445353 0 46 0
125378 450737 0 44 0
125378 453061 0 111 0
125620 438569 0 473 0
303811 435833 0 3084 0
303984 459494 1228 0 0
37193 204403 0 729 0
37193 426709 0 941 0
37224 458657 0 3151 0
393413 435833 0 350 0
393547 474097 0 47 0
393650 433732 47 0 0
393650 435258 224 0 0
393650 457105 3281 0 0
393650 458113 3447 0 0
37581 38203 640 0 0
37581 433596 330 0 0
305127 313737 0 2261 0
394371 467042 0 94 0
38556 457963 0 25 0
38619 162289 0 169 0
395067 455699 0 247 0
306441 475463 0 7 0
217407 435833 0 282 0
306521 306736 404 0 0
306521 401181 168 0 0
39563 426709 0 0 0
39614 107901 112 0 0
39614 469402 25 0 0
39614 469558 42 0 0
39614 470078 116 0 0
39630 40124 0 667 0
39649 439728 0 482 0
396114 455699 0 146 0
40124 64126 79 0 0
40124 359639 685 0 0
40124 365712 593 0 0
40124 381373 2914 0 0
40124 443380 177 0 0
40124 443478 576 0 0
40124 446316 586 0 0
40124 446704 640 0 0
40124 447245 718 0 0
307487 458657 0 349 0
397047 455201 359 0 0
129985 454887 0 132 0
41267 437130 0 107 0
219976 454887 0 3242 0
130954 466932 113 0 0
220009 466490 0 332 0
220040 254045 346 0 0
220040 308165 4756 0 0
220040 446747 893 0 0
220040 447511 1002 0 0
220040 459295 2839 0 0
220040 460968 3069 0 0
220220 437973 0 212 0
309568 441300 0 446 0
220563 464880 161 0 0
220563 468808 673 0 0
309680 462333 0 1778 0
42818 446806 178 0 0
42982 59471 0 18 0
42982 157498 0 30 0
310233 464356 0 497 0
221277 335804 0 152 0
311056 444723 0 3155 0
132993 454887 0 2738 0
400283 443424 0 114 0
44186 141919 1319 0 0
311372 471874 0 94 0
222449 463285 1255 0 0
44512 464256 0 798 0
400691 458657 0 1298 0
44785 271021 0 1435 0
133993 463293 0 278 0
312263 466490 0 300 0
223356 449227 0 499 0
45610 52555 41 0 0
224040 224113 0 47 0
224069 443815 0 293 0
46043 110016 0 213 0
46099 470214 0 32 0
224186 476832 1001 0 0
46344 436272 0 119 0
46601 460519 358 0 0
313737 313929 15 0 0
313737 314430 2613 0 0
313737 314505 436 0 0
313737 321122 562 0 0
313737 327182 5343 0 0
313737 331719 6988 0 0
313737 354171 1553 0 0
313737 377009 1280 0 0
313737 391375 984 0 0
313737 396455 607 0 0
313737 407891 7006 0 0
313737 411534 724 0 0
313737 431406 8 0 0
313737 431528 22 0 0
313737 431963 75 0 0
313737 432195 105 0 0
313737 432489 140 0 0
313737 432722 170 0 0
313737 432904 194 0 0
313737 433056 212 0 0
313737 433239 233 0 0
313737 433303 239 0 0
313737 433854 316 0 0
313737 433864 317 0 0
313737 433870 317 0 0
313737 434250 364 0 0
313737 435120 457 0 0
313737 435127 457 0 0
313737 435893 616 0 0
313737 436412 689 0 0
313737 436953 771 0 0
313737 437405 837 0 0
313737 437485 849 0 0
313737 437608 864 0 0
313737 437664 871 0 0
313737 437759 887 0 0
313737 437780 889 0 0
313737 437888 906 0 0
313737 437956 960 0 0
313737 438484 1025 0 0
313737 438758 1063 0 0
313737 438816 1068 0 0
313737 439264 1126 0 0
313737 439299 1684 0 0
313737 441421 1403 0 0
313737 442558 1561 0 0
313737 442774 1593 0 0
313737 443235 1654 0 0
313737 443769 1732 0 0
313737 443916 1750 0 0
313737 444947 2004 0 0
313737 445599 1987 0 0
313737 447079 2189 0 0
313737 447432 2241 0 0
313737 447446 2243 0 0
313737 447551 2258 0 0
313737 447619 2270 0 0
313737 448262 2363 0 0
313737 448555 2401 0 0
313737 449071 2511 0 0
313737 449296 2539 0 0
313737 449650 2669 0 0
313737 450553 2696 0 0
313737 450584 2699 0 0
313737 451205 2781 0 0
313737 452789 3428 0 0
313737 455076 3259 0 0
313737 455262 3282 0 0
313737 456562 3472 0 0
313737 457643 3594 0 0
313737 457724 3608 0 0
313737 458248 4421 0 0
313737 458923 4222 0 0
313737 460694 4253 0 0
313737 461342 4411 0 0
313737 461688 4426 0 0
313737 461940 4465 0 0
313737 464372 4948 0 0
313737 464394 4952 0 0
313737 465193 5054 0 0
313737 465888 5148 0 0
313737 468022 5460 0 0
313737 468282 5497 0 0
313737 474091 6510 0 0
313737 475111 6703 0 0
313737 475801 6851 0 0
313737 476120 6908 0 0
313737 476589 7048 0 0
135748 461256 0 463 0
46934 435833 0 266 0
135999 313737 0 442 0
314091 455699 0 2761 0
225369 460442 0 1595 0
47688 244328 166 0 0
47688 463173 326 0 0
225840 469418 0 868 0
48245 447061 0 30 0
137538 220563 0 2134 0
316177 440870 0 4435 0
138141 443069 65 0 0
138141 443818 168 0 0
316322 441965 0 647 0
405409 461946 0 27 0
49312 470586 3188 0 0
227545 249133 91 0 0
227545 368191 150 0 0
227545 389434 457 0 0
227545 455738 25 0 0
227545 456443 128 0 0
227545 472788 346 0 0
227545 474018 0 28 0
227545 474019 26 0 0
227545 474182 54 0 0
227545 474258 68 0 0
227545 475247 257 0 0
227545 475479 315 0 0
227545 476104 430 0 0
227545 476494 566 0 0
227545 476759 560 0 0
227545 477063 629 0 0
227545 477181 649 0 0
227999 455699 0 233 0
50510 65364 19 0 0
317685 447061 0 2501 0
407004 464356 0 463 0
139953 162289 0 107 0
318524 454887 0 452 0
319048 342481 253 0 0
319048 422167 649 0 0
319048 431994 424 0 0
319048 435441 34 0 0
319048 435557 122 0 0
319048 435594 939 0 0
319048 435791 138 0 0
319048 436016 717 0 0
319048 436442 229 0 0
319048 437830 434 0 0
319048 440107 238 0 0
319048 441626 448 0 0
319048 441839 479 0 0
319048 443852 755 0 0
319048 445131 936 0 0
319048 451666 2284 0 0
141019 454887 0 2068 0
52073 65576 0 14 0
52073 383502 370 0 0
408618 455699 0 87 0
52560 441300 0 141 0
230690 435833 0 20 0
52647 84716 1370 0 0
52647 247549 3294 0 0
52647 457370 421 0 0
52647 476118 3770 0 0
230868 445008 0 618 0
52859 445008 0 3236 0
141919 440149 0 1 0
231475 448657 2263 0 0
53474 454887 0 558 0
142682 162289 0 3087 0
54075 431455 0 5792 0
321448 445008 0 387 0
233574 313737 0 111 0
234135 261292 0 1134 0
56104 309568 681 0 0
56104 448825 1903 0 0
56402 219686 0 0 0
145796 426709 0 199 0
145847 467080 0 518 0
235196 445008 0 24 0
57205 162289 0 2334 0
146263 467026 0 806 0
57534 454887 0 295 0
413775 458868 0 173 0
235716 291660 0 2616 0
57716 470720 1242 0 0
58215 451037 59 0 0
58238 313737 0 506 0
58796 125378 197 0 0
415273 464356 0 419 0
59358 444670 0 1773 0
415704 435365 0 2701 0
59561 434320 0 90 0
59673 215960 0 75 0
59832 435833 0 19 0
60184 261292 0 1579 0
60342 461946 0 1196 0
327867 459870 0 219 0
328004 467098 592 0 0
60959 435833 0 1956 0
61512 440356 0 82 0
61803 313737 0 9 0
61803 433199 0 8 0
329134 441300 0 151 0
240257 291660 0 48 0
240338 430704 600 0 0
418522 435833 0 1634 0
151976 152940 57 0 0
151976 155339 377 0 0
63079 76905 0 1608 0
63079 445008 0 2299 0
63341 470676 284 0 0
152645 454887 0 40 0
420236 438057 0 161 0
242434 397047 0 2268 0
242572 469207 0 355 0
331715 441300 0 273 0
242888 245699 260 0 0
242888 433139 174 0 0
243450 327483 0 597 0
65391 158604 74 0 0
65576 212180 731 0 0
65576 253229 897 0 0
65576 474461 6647 0 0
65755 439909 0 1729 0
332919 439031 0 1198 0
243893 313737 0 267 0
333388 438569 0 4267 0
66391 68586 4837 0 0
66391 71513 6 0 0
66391 80147 5065 0 0
66391 81744 153 0 0
66391 95002 2467 0 0
66391 98434 4487 0 0
66391 123357 314 0 0
66391 345612 86 0 0
66391 384944 37 0 0
66391 402308 3458 0 0
66391 403482 260 0 0
66391 411211 31 0 0
66391 432287 10 0 0
66391 432329 16 0 0
66391 432366 20 0 0
66391 432406 25 0 0
66391 432469 33 0 0
66391 432543 42 0 0
66391 432547 42 0 0
66391 432561 44 0 0
66391 432564 44 0 0
66391 432727 66 0 0
66391 432744 68 0 0
66391 432756 70 0 0
66391 432778 71 0 0
66391 432794 74 0 0
66391 432800 75 0 0
66391 432851 81 0 0
66391 432884 85 0 0
66391 432981 99 0 0
66391 433068 110 0 0
66391 433153 119 0 0
66391 433195 123 0 0
66391 433392 147 0 0
66391 433488 159 0 0
66391 433649 180 0 0
66391 433843 210 0 0
66391 433911 216 0 0
66391 434019 231 0 0
66391 434084 239 0 0
66391 434211 255 0 0
66391 434957 332 0 0
66391 435012 339 0 0
66391 435030 341 0 0
66391 435453 395 0 0
66391 436556 607 0 0
66391 440520 1171 0 0
66391 441110 1220 0 0
66391 441609 1326 0 0
66391 441748 1346 0 0
66391 447484 2144 0 0
66391 448286 2262 0 0
66391 448850 2341 0 0
66391 449497 2461 0 0
66391 456247 3332 0 0
66391 457187 3434 0 0
66391 460196 4092 0 0
66391 462094 4386 0 0
66391 462362 4423 0 0
66391 462525 4448 0 0
66391 466049 5065 0 0
66391 466422 5111 0 0
66391 466709 5184 0 0
66391 466943 5215 0 0
66391 467557 5297 0 0
66391 467730 5313 0 0
66391 468407 5407 0 0
66391 469125 5554 0 0
66391 469684 5628 0 0
66391 470445 5738 0 0
66391 470582 5755 0 0
66391 471357 5945 0 0
66391 471858 6063 0 0
66391 471932 6025 0 0
66391 473602 6314 0 0
66391 475720 6732 0 0
244541 463246 0 199 0
244707 437114 568 0 0
244966 448940 770 0 0
244966 454923 1514 0 0
67235 166961 0 1753 0
67242 434320 0 310 0
67286 261292 0 214 0
156765 170913 2315 0 0
334910 457890 0 762 0
246121 451186 0 96 0
335331 444294 0 124 0
424497 438569 0 4721 0
424678 464158 0 2097 0
246733 451750 0 14 0
425037 436341 11 149 0
68980 445008 0 127 0
247159 297547 0 836 0
69117 436004 0 117 0
69143 329710 0 134 0
425492 463925 2815 0 0
69339 319048 0 201 0
158604 436004 0 3927 0
69688 429248 1922 0 0
69955 462068 0 588 0
248274 429696 1058 0 0
426709 436663 185 0 0
426709 445976 1988 0 0
426709 461587 259 0 0
426860 445008 0 608 0
249133 455699 0 2424 0
71310 162289 0 203 0
71952 443561 0 1165 0
161019 461256 0 82 0
339124 458657 0 377 0
428508 458657 0 657 0
72357 166961 0 222 0
250582 469372 432 0 0
251215 466490 0 829 0
162289 178803 161 0 0
162289 194613 2830 0 0
162289 225840 4074 0 0
162289 233739 939 0 0
162289 233829 2970 0 0
162289 237751 2506 0 0
162289 242998 116 0 0
162289 310233 1963 0 0
162289 320111 39 0 0
162289 333922 2781 0 0
162289 368209 3837 0 0
162289 376871 10 0 0
162289 393785 2389 0 0
162289 446797 19 0 0
162289 449529 437 0 0
162289 453302 12 0 0
162289 453318 14 0 0
162289 453336 16 0 0
162289 453343 17 0 0
162289 453387 22 0 0
162289 453412 24 0 0
162289 453635 48 0 0
162289 453639 49 0 0
162289 453825 70 0 0
162289 453860 73 0 0
162289 453976 89 0 0
162289 454064 102 0 0
162289 454096 105 0 0
162289 454135 109 0 0
162289 454173 113 0 0
162289 454288 126 0 0
162289 454304 128 0 0
162289 454386 136 0 0
162289 454597 163 0 0
162289 454723 178 0 0
162289 454855 196 0 0
162289 454898 201 0 0
162289 454934 206 0 0
162289 455002 213 0 0
162289 455029 216 0 0
162289 455368 260 0 0
162289 455504 276 0 0
162289 455575 282 0 0
162289 456071 382 0 0
162289 456635 446 0 0
162289 456950 477 0 0
162289 457970 646 0 0
162289 458030 652 0 0
162289 458814 902 0 0
162289 458923 966 0 0
162289 459476 1078 0 0
162289 460382 1179 0 0
162289 462117 1458 0 0
162289 462381 1494 0 0
162289 463150 2282 0 0
162289 463415 1692 0 0
162289 463608 1719 0 0
162289 463951 2709 0 0
162289 465020 1994 0 0
162289 465639 2075 0 0
162289 466833 2268 0 0
162289 467526 2359 0 0
162289 468782 2528 0 0
162289 472109 3117 0 0
162289 472822 3224 0 0
162289 474435 3540 0 0
162289 474480 3550 0 0
162289 475411 3737 0 0
251879 252902 2052 0 0
251879 255215 449 0 0
251879 457981 14 0 0
251879 458857 273 0 0
251879 459009 345 0 0
251879 459120 402 0 0
251879 459705 470 0 0
251879 460403 549 0 0
251879 460667 582 0 0
251879 464166 1247 0 0
251879 465329 1406 0 0
251879 466125 1511 0 0
251879 466320 1534 0 0
251879 468454 1850 0 0
251879 470624 2197 0 0
251879 471696 2427 0 0
251879 474511 2927 0 0
340995 367349 0 27 0
340995 435962 0 1899 0
340995 438936 0 30 0
340995 438950 0 37 0
340995 438988 0 38 0
340995 463078 0 27 0
340995 463099 0 34 0
340995 463123 0 34 0
340995 463147 0 36 0
340995 471273 0 97 0
73946 445008 0 43 0
74184 443561 0 2160 0
430751 433726 372 0 0
430781 442646 1645 0 0
430781 454845 3303 0 0
430798 435783 668 0 0
163706 261292 0 224 0
74796 457047 0 2126 0
74960 438057 0 604 0
253141 465031 374 0 0
431278 438894 1090 0 0
253231 441965 0 5192 0
431364 448169 0 677 0
431454 437222 796 0 0
431454 438768 1076 0 0
431454 452287 2967 0 0
431688 434725 366 0 0
431737 434623 350 0 0
431737 460653 4204 0 0
253689 473086 143 0 0
431794 473369 6292 0 0
75898 281346 1949 0 0
432116 449148 2426 0 0
432116 449831 2511 0 0
432116 469636 5634 0 0
432374 433155 98 0 0
432374 433963 202 0 0
432493 444110 0 266 0
432592 441202 1183 0 0
432609 432847 30 0 0
432609 433330 86 0 0
432939 435426 297 0 0
432939 437011 914 0 0
432939 437214 610 0 0
432939 439477 952 0 0
432939 451703 2650 0 0
432939 475730 6641 0 0
76905 177251 726 0 0
76905 214845 51 0 0
76905 449900 13 0 0
76905 450348 71 0 0
76905 450354 72 0 0
76905 450766 122 0 0
76905 451514 226 0 0
76905 452575 359 0 0
76905 453747 497 0 0
76905 462131 1896 0 0
76905 464241 2331 0 0
76905 465547 2499 0 0
76905 465557 2501 0 0
433171 457625 3365 0 0
255135 458657 0 466 0
77205 319048 0 148 0
255322 438271 537 0 0
433480 438057 0 83 0
433480 438114 0 46 0
433480 442384 0 116 0
433480 463359 0 23 0
433540 435137 189 0 0
77394 250867 86 0 0
77394 434768 48 0 0
77394 456260 3079 0 0
433680 454764 2929 0 0
433836 434112 33 0 0
166961 460832 261 0 0
345132 462919 137 0 0
78111 138522 27 0 0
78111 451277 2126 0 0
78111 461236 3696 0 0
434320 435445 125 0 0
256406 257914 14 0 0
256406 445376 1185 0 0
256406 454128 2375 0 0
434644 450716 2317 0 0
434868 435149 35 0 0
434880 472274 307 0 0
435122 435408 36 0 0
435136 462772 4137 0 0
435198 435484 37 0 0
435201 466633 4815 0 0
435378 456776 3009 0 0
79384 454887 0 220 0
435832 435833 0 243 0
435833 436113 282 0 0
435833 436366 315 0 0
435833 436401 322 0 0
435833 437904 545 0 0
435833 437983 599 0 0
435833 438406 652 0 0
435833 438768 706 0 0
435833 439031 0 713 0
435833 439254 1026 0 0
435833 439305 764 0 0
435833 440480 908 0 0
435833 443668 1351 0 0
435833 444098 2097 0 0
435833 445877 1659 0 0
435833 446876 1797 0 0
435833 450258 3348 0 0
435833 451767 2491 0 0
435833 452502 2582 0 0
435833 453159 2668 0 0
435833 455163 2906 0 0
435833 455544 2950 0 0
435833 460233 3834 0 0
435833 465803 4772 0 0
435833 470467 20 0 0
435833 470487 23 0 0
435833 470496 24 0 0
435833 470680 49 0 0
435833 470713 52 0 0
435833 470890 117 0 0
435833 471009 174 0 0
435833 471021 175 0 0
435833 471100 185 0 0
435833 471155 192 0 0
435833 471216 204 0 0
435833 471260 211 0 0
435833 471307 218 0 0
435833 471375 227 0 0
435833 471411 232 0 0
435833 471542 251 0 0
435833 471610 262 0 0
435833 471909 302 0 0
435833 472064 324 0 0
435833 472130 332 0 0
435833 472177 339 0 0
435833 472193 340 0 0
435833 472264 352 0 0
435833 472320 358 0 0
435833 472382 367 0 0
435833 472410 371 0 0
435833 472494 388 0 0
435833 472512 390 0 0
435833 472524 393 0 0
435833 472529 395 0 0
435833 472620 407 0 0
435833 472738 423 0 0
435833 472772 429 0 0
435833 473201 496 0 0
435833 473392 524 0 0
435833 473660 608 0 0
435833 473668 609 0 0
435833 473707 614 0 0
435833 473759 626 0 0
435833 473788 630 0 0
435833 473859 645 0 0
435833 473881 650 0 0
435833 474185 707 0 0
435833 474393 744 0 0
435833 474650 793 0 0
435833 474684 798 0 0
435833 474709 804 0 0
435833 474790 822 0 0
435833 474903 843 0 0
435833 474973 854 0 0
435833 475037 865 0 0
435833 475185 896 0 0
435833 475206 899 0 0
435833 475265 912 0 0
435833 475269 914 0 0
435833 475350 935 0 0
435833 475380 942 0 0
435833 475431 954 0 0
435833 475552 978 0 0
435833 475962 1056 0 0
435833 475980 1060 0 0
435833 476060 1074 0 0
435833 476062 1281 0 0
435833 476068 1075 0 0
435833 476200 1104 0 0
435833 476272 1119 0 0
435833 476299 1124 0 0
435833 476301 1124 0 0
435833 476842 1228 0 0
435833 476903 1242 0 0
435833 476930 1249 0 0
435833 476992 1264 0 0
435833 477019 1269 0 0
435833 477173 1299 0 0
435842 435843 0 88 0
435977 462189 3877 0 0
436004 436744 108 0 0
436004 437098 160 0 0
436004 457462 2940 0 0
436004 462641 3944 0 0
436077 470210 5166 0 0
347050 394667 0 154 0
436103 443130 996 0 0
436272 437159 135 0 0
436273 437691 0 156 0
169241 340995 33 0 0
169502 340995 34 0 0
436928 441178 568 0 0
437083 455699 0 605 0
170040 261292 0 185 0
437250 437880 92 0 0
437257 467024 1088 0 0
170208 451560 1079 0 0
437425 464039 4018 632 0
437907 438617 94 0 0
437907 441665 489 0 0
437922 438617 90 0 0
437941 437942 0 128 0
437942 446915 1337 0 0
437942 454559 2364 0 0
437942 454701 2382 0 0
437942 462964 3842 0 0
437973 451831 2113 0 0
437973 457989 2933 0 0
437973 464900 4264 0 0
437973 471630 5339 0 0
438022 441064 350 0 0
438280 438707 53 0 0
349416 443229 447 0 0
438466 441166 310 0 0
171364 313737 0 257 0
438490 441895 447 0 0
438496 450914 1711 0 0
260463 464585 0 725 0
438569 438980 59 0 0
438569 439190 83 0 0
438569 441934 444 0 0
438569 442595 531 0 0
438569 442991 589 0 0
438569 443441 650 0 0
438569 445022 873 0 0
438569 445135 887 0 0
438569 445764 973 0 0
438569 445825 983 0 0
438569 446945 1135 0 0
438569 449117 1481 0 0
438569 449409 1517 0 0
438569 450411 1643 0 0
438569 450686 1677 0 0
438569 451215 1747 0 0
438569 453939 2086 0 0
438569 456680 2452 0 0
438569 459289 3056 0 0
438569 463267 3676 0 0
438569 463936 3804 0 0
438569 468823 4535 0 0
438569 470228 4777 0 0
438569 471442 5027 0 0
438679 442986 572 0 0
349794 458657 0 3022 0
82676 449041 0 755 0
82759 437907 0 1380 0
438950 468171 4393 0 0
439031 450258 1562 0 0
82926 449135 0 59 0
439147 454075 2027 0 0
439196 455699 0 1264 0
439260 440001 86 0 0
439260 450953 1618 0 0
172219 455699 0 102 0
261292 282377 1002 0 0
261292 339354 2901 0 0
261292 360644 748 0 0
261292 389883 2274 0 0
261292 390568 1510 41 0
261292 393606 801 0 0
261292 400666 84 0 0
261292 419959 62 0 0
261292 443563 919 0 0
261292 446533 2459 0 0
261292 455382 23 0 0
261292 455471 33 0 0
261292 456386 176 0 0
261292 456740 219 0 0
261292 458725 1752 0 0
261292 459194 805 0 0
261292 459370 825 0 0
261292 460669 976 0 0
261292 460780 984 0 0
261292 460790 985 0 0
261292 461309 1099 0 0
261292 461422 111 0 0
261292 462135 1222 0 0
261292 462510 1276 0 0
261292 463143 412 0 0
261292 463203 1425 0 0
261292 463907 0 159 0
261292 464629 700 0 0
261292 465408 802 0 0
261292 465918 1876 0 0
261292 466011 1891 0 0
261292 466058 1897 0 0
261292 466212 909 0 0
261292 466569 2999 0 0
261292 467407 3216 0 0
261292 467624 1128 0 0
261292 467657 2135 0 0
261292 467919 2172 0 0
261292 468014 2185 0 0
261292 468080 3413 0 0
261292 468259 2218 0 0
261292 469043 1325 0 0
261292 469804 2477 0 0
261292 470070 4027 0 0
261292 470504 2573 0 0
261292 471073 4461 0 0
261292 471226 1749 0 0
261292 471598 4630 0 0
261292 471777 2833 0 0
261292 472408 2920 0 0
261292 472438 2925 0 0
261292 472834 2986 0 0
261292 473191 3043 0 0
261292 473560 2132 0 0
261292 473897 3202 0 0
261292 474075 2229 0 0
261292 475355 3485 0 0
261292 476743 3757 0 0
350493 435833 0 3046 0
439628 447421 1073 0 0
83513 84059 2328 0 0
439693 441040 0 587 0
439693 448224 1185 0 0
439693 461305 3233 0 0
439726 439737 0 426 0
439737 452380 2178 0 0
439737 472865 5513 0 0
439844 452087 1708 0 0
439909 440242 46 0 0
439909 444583 649 0 0
439909 447811 1103 0 0
439909 448452 1190 0 0
440149 449054 0 70 0
262397 454887 0 66 0
440845 457939 2383 0 0
351807 440631 279 0 0
351807 449842 1598 0 0
440870 442617 272 0 0
262932 449749 0 147 0
441037 446124 746 0 0
263120 435833 0 64 0
441299 441300 0 20 0
441300 441380 29 0 0
441300 441423 33 0 0
441300 442020 119 0 0
441300 442145 139 0 0
441300 442631 203 0 0
441300 443907 381 0 0
441300 446111 689 0 0
441300 448297 999 0 0
441300 449551 1204 0 0
441300 454468 1814 0 0
441300 455512 1944 0 0
441300 457920 2306 0 0
441300 459170 2708 0 0
441300 459534 2753 0 0
441300 461751 3065 0 0
441300 468142 4109 0 0
441339 442016 96 0 0
441376 448572 1005 0 0
441382 442283 127 0 0
441619 441620 0 69 0
85574 85841 2688 0 0
85574 96472 1809 0 0
85574 218388 3378 0 0
85574 406610 2616 0 0
85574 422713 531 0 0
85574 448916 80 0 0
85574 451387 392 0 0
85574 453675 674 0 0
85574 465545 2684 0 0
85574 466073 2762 0 0
85574 467961 3039 0 0
85574 468253 3079 0 0
85574 468272 3081 0 0
85574 468461 3105 0 0
85574 470124 3382 0 0
352726 455699 0 3511 0
85647 115411 46 0 0
85766 465830 398 0 0
441931 442011 0 734 0
441965 448391 896 0 0
441965 452306 1438 0 0
441965 452456 1456 0 0
441965 456845 2020 0 0
441974 442514 70 0 0
441974 443284 175 0 0
441974 443590 219 0 0
441974 443795 250 0 0
441974 475883 5381 0 0
85841 435833 0 525 0
85841 468952 0 1064 0
442011 469498 4956 0 0
442662 443257 81 0 0
442662 459413 2531 0 0
353714 445008 0 165 0
264934 441300 0 798 0
443150 443498 48 0 0
354199 462445 0 256 0
443318 464883 3348 0 0
443343 454778 1728 0 0
443540 468402 3827 0 0
443561 444265 100 0 0
443561 444766 168 0 0
443561 445953 335 0 0
443561 456911 1808 0 0
443563 446533 2008 0 0
443563 448232 712 0 0
443563 462297 241 0 0
443563 463354 707 0 0
443563 472478 1931 0 0
443571 444990 201 0 0
443571 451018 1050 0 0
443571 458977 2308 0 0
443571 465713 3421 0 0
443673 444112 62 0 0
444065 444066 0 43 0
444066 450123 911 0 0
444294 451494 1018 0 0
444294 452853 1191 0 0
444294 456542 1666 0 0
444480 444481 0 14 0
444515 444516 0 162 0
444670 445743 150 0 0
444670 447165 350 0 0
444670 462671 2729 0 0
444723 467436 3521 0 0
177635 443571 0 72 0
444759 449584 710 0 0
444759 449777 731 0 0
445008 445402 54 0 0
445008 445839 114 0 0
445008 445999 136 0 0
445008 447250 311 0 0
445008 447999 421 0 0
445008 448119 439 0 0
445008 449428 650 0 0
445008 450220 1007 0 0
445008 450246 756 0 0
445008 452171 1002 0 0
445008 452808 1081 0 0
445008 454196 1246 0 0
445008 460024 2273 0 0
445008 460031 2274 0 0
445008 466250 3289 0 0
445008 469350 3788 0 0
445008 471108 4104 0 0
445095 445190 89 0 0
445155 455004 1323 0 0
