1 1 100 434.001
2 2 100 511.461
3 3 100 515.036
4 4 100 524.589
5 5 100 539.015
6 6 100 549.027
7 7 100 711.69
8 8 100 714.216
9 9 100 715.781
10 10 100 789.014
11 11 100 860.039
12 12 100 930.952
13 13 100 934.078
14 14 100 939.009
15 15 100 989.486
16 16 100 1020.07
17 17 100 1022.2
18 18 100 1046.59
19 19 100 1070.4
20 20 100 1090.67
21 21 100 1094.11
22 22 100 1110.81
23 23 100 1127.26
24 24 100 1130.14
25 25 100 1133.1
26 26 100 1146.06
27 27 100 1158.09
28 28 100 1169.76
29 29 100 1171.5
30 30 100 1173.05
31 31 100 1174.14
32 32 100 1175.42
33 33 100 1176.66
34 34 100 1179.13
35 35 100 1186.94
36 36 100 1193.53
37 37 100 1200.48
38 38 100 1202.83
39 39 100 1208.98
40 40 100 1214.16
41 41 100 1218.4
42 42 100 1223.82
43 43 100 1229.23
44 44 100 1233.72
45 45 100 1238.49
46 46 100 1242.1
47 47 100 1246.14
48 48 100 1247.2
49 49 100 1248.64
50 50 100 1250.38
