1 1 100 28.2967
2 2 100 47.3211
3 3 100 63.1282
4 4 100 74.8704
5 5 100 85.8559
6 6 100 94.46
7 7 100 100.978
8 8 100 105.289
9 9 100 109.6
10 10 100 113.543
11 11 100 117.486
12 12 100 121.395
13 13 100 124.97
14 14 100 127.809
15 15 100 130.649
16 16 100 133.471
17 17 100 136.104
18 18 100 138.606
19 19 100 141.077
20 20 100 143.549
21 21 100 146.02
22 22 100 148.492
23 23 100 150.963
24 24 100 152.552
25 25 100 154.969
26 26 100 157.164
27 27 100 159.36
28 28 100 161.464
29 29 100 163.567
30 30 100 165.671
31 31 100 167.775
32 32 100 169.878
33 33 100 171.982
34 34 100 174.085
35 35 100 176.189
36 36 100 178.293
37 37 100 180.396
38 38 100 182.5
39 39 100 184.603
40 40 100 186.637
41 41 100 187.27
42 42 100 189.373
43 43 100 191.232
44 44 100 193.066
45 45 100 194.894
46 46 100 196.721
47 47 100 198.549
48 48 100 200.311
49 49 100 202.046
50 50 100 203.782
