1 1 100 78.8238
2 2 100 81.3812
3 3 100 93.7917
4 4 100 141.186
5 5 100 157.122
6 6 100 191.701
7 7 100 199.44
8 8 100 348.866
9 9 100 352.728
10 10 100 420.573
11 11 100 1156.59
12 12 100 1197.08
13 13 100 1207.21
14 14 100 1242.2
15 15 100 1749.71
16 16 100 1754.6
17 17 100 1755.98
18 18 100 1817.29
19 19 100 1850.56
20 20 100 1859.82
21 21 100 1860.82
22 22 100 1867.49
23 23 100 1902.36
24 24 100 1911.3
25 25 100 1913.16
26 26 100 1942.18
27 27 100 2163.97
28 28 100 2197.69
29 29 100 2265.98
30 30 100 2267.17
31 31 100 2270.95
32 32 100 2272.68
33 33 100 2274.07
34 34 100 2285.93
35 35 100 2289.97
36 36 100 2295.2
37 37 100 2300.06
38 38 100 2303.46
39 39 100 2306.58
40 40 100 2307.91
41 41 100 2310.01
42 42 100 2314.14
43 43 100 2319.15
44 44 100 9886.13
45 45 100 9887.87
46 46 100 9889.61
47 47 100 9891.9
48 48 100 9895.57
49 49 100 9899.33
50 50 100 9900.33
