1 1 100 1.03344
2 2 100 3.50496
3 3 100 4.87284
4 4 100 15.2994
5 5 100 16.6673
6 6 100 21.806
7 7 100 23.1739
8 8 100 24.5417
9 9 100 26.0095
10 10 100 27.3773
11 11 100 29.8489
12 12 100 31.2167
13 13 100 32.2502
14 14 100 33.6181
15 15 100 34.9859
16 16 100 36.3538
17 17 100 37.7217
18 18 100 39.0896
19 19 100 40.4575
20 20 100 41.8253
21 21 100 49.0793
22 22 100 50.5391
23 23 100 51.5796
24 24 100 53.3153
25 25 100 55.0511
26 26 100 56.419
27 27 100 57.7868
28 28 100 59.1547
29 29 100 60.2136
30 30 100 61.5814
31 31 100 64.2885
32 32 100 65.4725
33 33 100 66.8738
34 34 100 69.3453
35 35 100 70.3453
36 36 100 71.7132
37 37 100 73.0811
38 38 100 74.1731
39 39 100 75.541
40 40 100 76.9088
41 41 100 77.9824
42 42 100 79.0413
43 43 100 80.1149
44 44 100 91.0477
45 45 100 92.4155
46 46 100 93.449
47 47 100 94.8169
48 48 100 96.1848
49 49 100 97.3687
50 50 100 98.7366
