1 1 100 18.7502
2 2 100 29.9589
3 3 100 135.068
4 4 100 136.846
5 5 100 152.745
6 6 100 163.923
7 7 100 175.224
8 8 100 184.317
9 9 100 191.192
10 10 100 195.625
11 11 100 200.028
12 12 100 201.855
13 13 100 203.959
14 14 100 206.063
15 15 100 210.079
16 16 100 213.47
17 17 100 215.942
18 18 100 219.885
19 19 100 222.356
20 20 100 224.858
21 21 100 227.586
22 22 100 231.161
23 23 100 234.369
24 24 100 237.576
25 25 100 240.783
26 26 100 243.046
27 27 100 245.518
28 28 100 246.794
29 29 100 248.236
30 30 100 250.707
31 31 100 253.179
32 32 100 255.282
33 33 100 257.386
34 34 100 259.49
35 35 100 261.594
36 36 100 263.697
37 37 100 265.801
38 38 100 267.905
39 39 100 270.008
40 40 100 272.112
41 41 100 274.216
42 42 100 275.952
43 43 100 277.687
44 44 100 279.423
45 45 100 281.159
46 46 100 282.895
47 47 100 284.631
48 48 100 286.091
49 49 100 287.826
50 50 100 289.562
