1 1 100 1.73576
2 2 100 2.73576
3 3 100 3.73576
4 4 100 5.10364
5 5 100 6.10364
6 6 100 7.8394
7 7 100 21.1205
8 8 100 22.4884
9 9 100 24.776
10 10 100 26.2364
11 11 100 27.2889
12 12 100 28.2889
13 13 100 29.6568
14 14 100 30.6568
15 15 100 32.0247
16 16 100 33.3926
17 17 100 38.8133
18 18 100 39.8133
19 19 100 40.8133
20 20 100 41.8133
21 21 100 42.8133
22 22 100 44.1812
23 23 100 45.5491
24 24 100 56.0961
25 25 100 57.7623
26 26 100 58.7684
27 27 100 61.2039
28 28 100 62.2188
29 29 100 63.2188
30 30 100 64.2188
31 31 100 65.8254
32 32 100 67.1932
33 33 100 68.5611
34 34 100 69.7451
35 35 100 71.1129
36 36 100 72.113
37 37 100 74.9524
38 38 100 75.9524
39 39 100 76.9523
40 40 100 77.9523
41 41 100 78.9585
42 42 100 79.9585
43 43 100 81.3264
44 44 100 82.6943
45 45 100 83.6943
46 46 100 84.8782
47 47 100 86.466
48 48 100 88.9375
49 49 100 90.6733
50 50 100 92.7769
