1 1 100 2004.7
2 2 100 2471.7
3 3 100 2594.86
4 4 100 2702.92
5 5 100 2715.76
6 6 100 2756.97
7 7 100 2767.81
8 8 100 2774.52
9 9 100 2789.08
10 10 100 2792.22
11 11 100 2796.3
12 12 100 2801.65
13 13 100 3121.09
14 14 100 3171.73
15 15 100 3178.85
16 16 100 3182.35
17 17 100 3199.37
18 18 100 3206.27
19 19 100 3209.43
20 20 100 3227.94
21 21 100 3231.38
22 22 100 3283.03
23 23 100 3284.72
24 24 100 3287.79
25 25 100 3298.73
26 26 100 3796.52
27 27 100 3797.79
28 28 100 3805.47
29 29 100 3807.27
30 30 100 3809.72
31 31 100 3811.38
32 32 100 3814.01
33 33 100 3816.79
34 34 100 3820.18
35 35 100 3823.65
36 36 100 3826.22
37 37 100 3828.64
38 38 100 3853.27
39 39 100 3858.21
40 40 100 3861.42
41 41 100 3879.28
42 42 100 3881.31
43 43 100 3883.87
44 44 100 3887.84
45 45 100 3890.68
46 46 100 3893.09
47 47 100 3895.47
48 48 100 3896.95
49 49 100 3897.94
50 50 100 3900.41
