1 1 100 14.3176
2 2 100 16.9914
3 3 100 19.6012
4 4 100 23.0488
5 5 100 29.567
6 6 100 56.4104
7 7 100 64.4001
8 8 100 69.8377
9 9 100 73.9132
10 10 100 76.0168
11 11 100 78.1205
12 12 100 82.4314
13 13 100 86.3745
14 14 100 90.3176
15 15 100 93.8927
16 16 100 97.192
17 17 100 100.767
18 18 100 103.239
19 19 100 106.078
20 20 100 108.182
21 21 100 110.694
22 22 100 113.165
23 23 100 115.361
24 24 100 117.832
25 25 100 120.304
26 26 100 122.5
27 27 100 124.235
28 28 100 126.707
29 29 100 129.178
30 30 100 130.792
31 31 100 132.895
32 32 100 134.999
33 33 100 137.103
34 34 100 139.206
35 35 100 140.881
36 36 100 142.984
37 37 100 145.088
38 38 100 147.192
39 39 100 149.295
40 40 100 151.399
41 41 100 153.502
42 42 100 155.361
43 43 100 157.464
44 44 100 159.568
45 45 100 161.672
46 46 100 163.488
47 47 100 165.592
48 48 100 167.328
49 49 100 169.063
50 50 100 170.37
