1 1 100 44.5017
2 2 100 75.6678
3 3 100 96.4415
4 4 100 113.393
5 5 100 129.476
6 6 100 142.616
7 7 100 154.284
8 8 100 163.786
9 9 100 172.511
10 10 100 179.765
11 11 100 186.283
12 12 100 190.604
13 13 100 194.731
14 14 100 198.858
15 15 100 202.8
16 16 100 206.192
17 17 100 209.031
18 18 100 211.503
19 19 100 212.87
20 20 100 215.526
21 21 100 217.997
22 22 100 220.285
23 23 100 222.692
24 24 100 226.268
25 25 100 228.371
26 26 100 230.475
27 27 100 232.211
28 28 100 234.314
29 29 100 236.418
30 30 100 238.521
31 31 100 240.625
32 32 100 243.832
33 33 100 246.304
34 34 100 248.223
35 35 100 250.143
36 36 100 252.109
37 37 100 253.845
38 38 100 254.845
39 39 100 256.58
40 40 100 258.316
41 41 100 260.052
42 42 100 261.788
43 43 100 263.524
44 44 100 265.26
45 45 100 266.995
46 46 100 268.731
47 47 100 270.467
48 48 100 272.203
49 49 100 273.939
50 50 100 275.674
