322 15 15 1
713 1 1 1
1662 1 1 1
2011 1 1 1
2091 1 1 1
2577 3 3 1
3204 1 1 1
3683 1 1 1
4547 1 1 1
5471 1 1 1
5480 1 1 1
6158 1 1 1
6990 1 1 1
7111 1 1 1
8111 1 1 1
9077 1 1 1
10045 1 1 1
10326 2 2 1
10543 6 6 1
11505 1 1 1
12966 1 1 1
13057 1 1 1
14287 1 1 1
14397 1 1 1
14606 1 1 1
15381 3 1 0.333333
15810 1 1 1
16581 2 1 0.5
19220 1 1 1
19691 1 1 1
19735 1 1 1
20196 2 2 1
20497 1 1 1
20499 1 1 1
20712 2 1 0.5
21414 4 4 1
21909 1 1 1
21972 2 2 1
22094 1 1 1
22453 1 1 1
22510 2 2 1
22835 1 1 1
23199 1 1 1
23637 1 1 1
24137 1 1 1
24238 1 1 1
24714 2 1 0.5
25169 1 1 1
25502 1 1 1
26437 1 1 1
26683 1 1 1
27542 2 1 0.5
27710 2 2 1
28563 1 1 1
29023 19 4 0.210526
29312 1 1 1
30778 1 1 1
31431 1 1 1
31564 2 1 0.5
31638 2 2 1
32686 1 1 1
32968 1 1 1
33404 2 2 1
34353 1 1 1
34437 1 1 1
35384 1 1 1
35426 1 1 1
36180 1 1 1
36771 1 1 1
37062 1 1 1
37193 1 1 1
37677 2 2 1
37705 1 1 1
37725 1 1 1
37970 6 4 0.666667
38227 1 1 1
38470 2 2 1
38678 2 2 1
38759 2 1 0.5
38982 1 1 1
39156 1 1 1
39615 1 1 1
39633 1 1 1
39703 1 1 1
39847 1 1 1
39849 1 1 1
39868 1 1 1
39900 1 1 1
40057 1 1 1
40073 2 1 0.5
40177 1 1 1
40268 1 1 1
40273 1 1 1
40278 1 1 1
40303 1 1 1
40359 1 1 1
40392 1 1 1
40473 1 1 1
40485 1 1 1
40542 1 1 1
40596 1 1 1
40678 1 1 1
40775 1 1 1
40882 1 1 1
40885 1 1 1
40910 1 1 1
40912 1 1 1
40922 1 1 1
40937 2 2 1
41016 2 1 0.5
41020 1 1 1
41052 1 1 1
41055 1 1 1
41063 1 1 1
41107 1 1 1
41131 1 1 1
41169 1 1 1
41232 1 1 1
41319 1 1 1
41324 1 1 1
41336 1 1 1
41381 1 1 1
41483 1 1 1
41508 1 1 1
41514 1 1 1
41540 1 1 1
41545 3 2 0.666667
41577 1 1 1
41593 2 1 0.5
41626 1 1 1
41640 1 1 1
41646 1 1 1
41661 2 1 0.5
41693 1 1 1
41698 1 1 1
41705 1 1 1
41715 1 1 1
41724 1 1 1
41759 1 1 1
41845 1 1 1
41853 1 1 1
41859 1 1 1
41873 1 1 1
41898 1 1 1
41904 1 1 1
41916 1 1 1
41921 1 1 1
41947 1 1 1
41958 2 1 0.5
41975 1 1 1
42016 1 1 1
42033 2 1 0.5
42035 1 1 1
42039 1 1 1
42059 1 1 1
42097 1 1 1
42129 1 1 1
42157 1 1 1
42203 1 1 1
42234 1 1 1
42242 1 1 1
42278 1 1 1
42292 1 1 1
42314 1 1 1
42332 1 1 1
42439 1 1 1
42452 1 1 1
42454 1 1 1
42475 1 1 1
42519 1 1 1
42611 2 1 0.5
42644 1 1 1
42658 1 1 1
42701 2 1 0.5
42738 1 1 1
42745 1 1 1
42982 1 1 1
43108 1 1 1
43115 1 1 1
43140 1 1 1
43197 1 1 1
43203 1 1 1
43266 1 1 1
43305 1 1 1
43332 1 1 1
43344 1 1 1
43377 2 1 0.5
43400 1 1 1
43407 1 1 1
43419 1 1 1
43427 1 1 1
43432 1 1 1
43512 1 1 1
43537 1 1 1
43548 1 1 1
43554 1 1 1
43568 1 1 1
43603 1 1 1
43619 1 1 1
43757 1 1 1
43773 1 1 1
43777 1 1 1
43793 3 3 1
43809 1 1 1
43834 4 1 0.25
43844 1 1 1
43872 1 1 1
43874 1 1 1
43890 1 1 1
43946 1 1 1
43963 2 2 1
44025 1 1 1
44253 1 1 1
44262 1 1 1
44341 1 1 1
44397 1 1 1
44465 4 4 1
44477 1 1 1
44498 1 1 1
44588 1 1 1
44599 1 1 1
44613 1 1 1
44647 1 1 1
44726 1 1 1
44732 1 1 1
44768 2 1 0.5
44780 1 1 1
44802 1 1 1
44822 1 1 1
44904 1 1 1
44937 1 1 1
44983 1 1 1
45009 1 1 1
45056 1 1 1
45097 1 1 1
45176 1 1 1
45205 1 1 1
45232 2 1 0.5
45247 1 1 1
45295 2 1 0.5
45340 1 1 1
45358 1 1 1
45445 1 1 1
45457 1 1 1
45542 1 1 1
45592 1 1 1
45608 1 1 1
45656 1 1 1
45698 1 1 1
45733 2 1 0.5
45757 1 1 1
45767 1 1 1
45777 1 1 1
45799 2 1 0.5
45831 1 1 1
45881 1 1 1
45926 1 1 1
45968 1 1 1
46021 1 1 1
46046 1 1 1
46059 1 1 1
46086 1 1 1
46125 1 1 1
46230 1 1 1
46256 1 1 1
46351 1 1 1
46365 1 1 1
46371 1 1 1
46415 1 1 1
46427 1 1 1
46465 1 1 1
46484 1 1 1
46503 1 1 1
46521 1 1 1
46529 1 1 1
46643 1 1 1
46665 2 1 0.5
46781 1 1 1
46808 1 1 1
46836 1 1 1
46850 1 1 1
46913 1 1 1
46966 1 1 1
47037 2 1 0.5
47070 1 1 1
47097 1 1 1
47154 1 1 1
47180 1 1 1
47191 1 1 1
47221 1 1 1
47233 1 1 1
47255 1 1 1
47338 4 3 0.75
47373 1 1 1
47480 1 1 1
47487 1 1 1
47634 2 1 0.5
47720 1 1 1
47752 1 1 1
47757 1 1 1
47774 1 1 1
47813 1 1 1
47815 1 1 1
47874 1 1 1
47882 1 1 1
47910 1 1 1
47945 1 1 1
47956 1 1 1
47960 1 1 1
48003 1 1 1
48008 2 1 0.5
48049 1 1 1
48075 1 1 1
48088 1 1 1
48144 1 1 1
48162 1 1 1
48173 1 1 1
48181 1 1 1
48200 1 1 1
48248 1 1 1
48257 1 1 1
48279 1 1 1
48386 2 1 0.5
48390 1 1 1
48458 1 1 1
48510 1 1 1
48523 1 1 1
48534 1 1 1
48638 2 2 1
48677 1 1 1
48690 1 1 1
48708 1 1 1
48794 1 1 1
48796 1 1 1
48799 1 1 1
48810 1 1 1
48970 1 1 1
49007 1 1 1
49086 1 1 1
49107 1 1 1
49125 1 1 1
49136 1 1 1
49154 1 1 1
49224 1 1 1
49234 1 1 1
49255 2 2 1
49268 2 2 1
49362 1 1 1
49473 1 1 1
49504 1 1 1
49590 1 1 1
49597 1 1 1
49610 1 1 1
49663 1 1 1
49675 1 1 1
49706 1 1 1
49732 1 1 1
49742 1 1 1
49746 1 1 1
49789 1 1 1
49838 1 1 1
49918 2 1 0.5
49963 1 1 1
50032 1 1 1
50043 1 1 1
50048 1 1 1
50165 1 1 1
50174 1 1 1
50199 1 1 1
50290 1 1 1
50364 1 1 1
50383 1 1 1
50389 1 1 1
50456 1 1 1
50459 1 1 1
50469 1 1 1
50533 1 1 1
50622 1 1 1
50650 1 1 1
50680 1 1 1
50695 1 1 1
50789 1 1 1
50802 1 1 1
50817 1 1 1
50820 1 1 1
50839 1 1 1
50849 1 1 1
50869 1 1 1
50964 1 1 1
50982 1 1 1
51035 1 1 1
51077 1 1 1
51079 1 1 1
