132948 1 0
752716 2 0
42939 3 0
18017 4 0
758222 4 1396
138645 5 1
726180 6 2
752729 7 2
752728 8 2
60886 9 2
752737 10 3
752571 10 96
191046 11 4
752571 11 94
752739 12 4
41073 13 4
752571 13 91
753125 14 5
752571 14 89
116 15 5
351406 15 37
752889 15 42
79551 15 43
752571 15 87
753132 15 91
5059 15 119
622365 15 132
753471 15 171
163689 15 186
753694 15 218
753684 15 218
753784 15 248
753846 15 261
753897 15 274
754259 15 371
243552 15 374
256088 15 393
161214 16 5
752745 17 6
110817 18 6
752752 19 6
752571 19 84
3538 20 7
721860 21 7
752751 22 7
2811 23 7
514798 24 8
752767 25 9
752768 26 9
126741 27 9
132948 28 10
760103 28 1873
12115 29 10
752778 30 12
752779 31 13
390443 32 13
514798 33 13
81434 34 15
44493 35 15
752792 36 16
752793 37 17
12197 38 17
693425 39 18
94524 40 19
752807 41 21
6940 42 24
752825 43 25
397264 44 25
753114 44 88
71682 44 145
754062 44 318
756326 44 936
760089 44 1859
477938 44 1994
144279 44 2574
752833 45 27
394638 46 28
1916 46 2517
752835 47 29
752850 48 32
752851 49 33
15990 50 35
756442 50 977
638125 51 37
752864 52 38
752746 53 38
19867 54 39
555414 55 39
252396 56 39
229951 57 40
752884 58 42
752893 59 43
48070 60 44
29546 61 45
752902 62 45
753171 62 103
739193 63 47
752914 64 48
752922 65 49
753175 65 103
752571 65 108
145264 66 49
25273 67 50
756721 68 50
756720 68 1058
725660 69 52
287622 70 53
63778 71 54
752952 72 54
753392 72 153
776588 72 6969
752949 73 54
753092 73 85
753128 73 90
756848 73 1086
761208 73 2159
765754 73 3488
773548 73 6015
776954 73 7081
186118 74 55
457496 75 56
752962 76 56
100855 77 56
106528 78 57
187584 79 61
752982 80 61
752984 81 61
30221 82 62
752988 83 62
739500 84 63
344572 85 63
69395 86 65
397264 86 765
752728 87 65
753019 88 69
158 89 73
27370 90 74
539134 91 76
752571 91 114
753053 92 78
622401 93 80
693425 94 81
753066 95 81
6064 96 82
374732 97 84
514798 98 84
24389 99 86
5255 100 87
753105 101 87
90234 102 87
37970 103 88
753126 104 89
753136 105 92
753303 105 131
753137 106 93
725030 106 182
753138 107 93
753145 108 95
753150 109 99
753157 110 100
754019 110 307
753162 111 101
597310 112 105
415785 113 106
753194 114 106
753196 115 106
169111 116 108
12565 116 192
164045 116 2596
753216 117 109
42989 118 114
750973 119 116
753255 120 116
754036 120 311
754151 120 346
757014 120 1129
775435 120 6606
28080 121 119
738989 122 119
244373 123 120
753268 124 120
753274 125 121
6940 126 123
753296 127 129
753192 128 132
72819 129 133
753317 130 133
760969 130 2106
28854 131 134
66845 131 143
753357 131 146
95465 131 149
182555 131 155
753402 131 156
753410 131 157
753414 131 157
66980 131 161
753436 131 163
72874 131 164
117185 131 165
59438 131 168
753469 131 170
753475 131 172
753483 131 175
753487 131 177
753502 131 181
753506 131 182
753561 131 192
753559 131 192
753571 131 193
753598 131 199
102150 131 203
753639 131 207
753643 131 208
69480 131 211
753709 131 225
753853 131 263
111527 131 265
753918 131 278
96591 131 285
754094 131 329
754233 131 364
754351 131 395
754385 131 406
68010 131 418
294059 131 438
755254 131 631
755338 131 653
755418 131 681
95318 131 711
7361 131 729
87067 131 1007
140389 131 1276
79172 131 1534
758926 131 1564
59808 131 1624
759237 131 1635
759967 131 1827
761092 131 2138
762658 131 2609
79636 131 3170
753319 132 134
53677 133 135
753327 134 135
28324 135 138
712103 135 3593
753339 136 139
436148 137 141
753345 138 142
753350 139 144
26096 140 145
753356 141 146
753359 142 146
9335 143 149
67081 144 151
749451 145 152
753389 146 152
751896 147 154
753395 148 155
753420 149 159
753421 150 159
199261 151 160
264546 152 160
693425 153 161
753429 154 161
45617 155 163
154016 156 163
753441 157 164
50853 158 167
753460 159 167
753461 160 168
754376 160 403
753464 161 170
390585 162 175
753486 163 177
753489 164 177
100107 165 178
753490 166 178
570483 167 182
699484 168 183
8180 169 184
613752 170 186
231222 171 188
175310 172 194
726180 173 194
750625 174 194
753319 175 198
753597 176 199
753615 177 199
753606 178 200
105072 179 202
754327 179 390
62365 179 1103
753629 180 204
48070 181 205
753633 182 205
753638 183 207
758926 183 1574
14625 184 208
759839 184 1795
753654 185 210
753655 186 210
37779 187 210
753661 188 212
753666 189 212
753673 190 214
142329 191 222
753707 192 223
599589 193 224
753715 194 226
78111 195 227
753956 195 289
109828 195 436
755919 195 825
753717 196 228
753722 197 229
1437 198 235
753743 199 236
826 199 391
30595 199 778
203607 200 236
753746 201 238
758451 201 1447
759903 201 1810
570483 202 238
403833 203 239
404666 203 297
754593 203 456
755744 203 775
756318 203 935
756891 203 1095
758504 203 1462
418959 203 2539
763464 203 2793
763607 203 2829
771025 203 5194
776350 203 6892
753750 204 239
22476 205 241
753758 206 241
753763 207 241
746774 208 242
754475 208 426
578997 209 245
753781 210 247
753800 211 251
203229 212 252
579994 213 252
753821 214 254
753830 215 256
247737 216 258
753840 217 259
753843 218 260
616657 219 262
753865 220 264
753874 221 266
753875 222 267
31274 223 273
753901 224 274
54315 225 275
753911 226 276
257164 227 276
753473 228 276
62506 229 277
753917 230 278
562286 231 280
747549 232 283
753942 233 284
753943 234 284
125378 234 395
142329 235 286
753955 236 288
753964 237 293
753971 238 294
386622 239 294
753983 240 296
20972 241 298
753995 242 299
753996 243 299
764923 243 3212
753999 244 300
753136 245 301
753303 245 827
769496 245 4694
775392 245 6597
738989 246 301
96542 246 421
754002 247 301
294738 248 303
754006 249 303
754007 250 305
631348 251 305
287622 252 306
754016 253 306
753964 254 307
754024 255 308
296738 256 309
754031 257 310
287622 258 311
92303 258 450
248061 259 311
754051 260 315
287622 261 315
753955 262 316
728991 263 320
754087 264 326
754090 265 328
3755 266 329
3754 266 1417
754098 267 331
754099 268 332
768273 268 4296
327841 269 333
754105 270 333
754112 271 335
334849 272 336
776288 272 6874
234303 273 337
754121 274 337
702292 275 338
754131 276 339
29542 277 340
471084 278 342
754150 279 345
754153 280 346
754158 281 348
693425 282 349
693425 283 349
693425 284 349
693425 285 349
693425 286 350
693425 287 350
218551 288 353
754186 289 354
754189 290 354
754190 291 355
577984 292 355
754196 293 356
754199 294 357
296391 295 359
105641 295 3243
754204 296 359
754208 297 359
16026 298 360
323471 299 360
34954 300 361
754216 301 361
754247 302 367
754252 303 368
754261 304 370
754268 305 372
15736 306 374
473685 306 2139
490256 306 2268
48788 307 377
754291 308 379
640624 309 380
754307 310 382
17120 311 382
754309 312 383
287622 313 384
94621 314 386
754324 315 388
754335 316 391
754336 317 393
754343 318 394
754348 319 395
247737 320 397
754359 321 397
754363 322 398
299640 323 400
754371 324 400
322922 325 404
754391 326 406
763450 326 2790
754389 327 406
754390 328 406
754406 329 409
754409 330 409
754416 331 410
754425 332 412
754428 333 413
29000 334 416
754438 335 418
749674 336 420
754474 337 425
690359 338 427
35238 339 428
754495 340 430
758235 340 1398
284860 341 430
754494 342 430
754500 343 433
768921 343 5046
754501 344 434
616142 345 438
754515 346 438
48788 347 438
754543 348 443
116 349 443
196688 349 479
602065 349 482
47446 349 509
297630 349 526
351406 349 558
755010 349 566
755193 349 615
28015 349 623
755259 349 632
755285 349 639
755350 349 657
709690 349 680
755459 349 695
737107 349 738
596155 349 738
755679 349 759
5059 349 783
755958 349 834
755972 349 836
756058 349 856
121583 349 874
756180 349 895
192563 349 935
742021 349 1028
756622 349 1036
192699 349 1126
757063 349 1140
231821 349 1248
757980 349 1340
758312 349 1416
300741 349 1446
758834 349 1543
759234 349 1635
759745 349 1773
760053 349 1848
47612 349 1951
283804 349 1963
760576 349 1997
760670 349 2022
91238 349 2145
761667 349 2293
761815 349 2334
29809 349 2357
762208 349 2451
268143 349 2489
762376 349 2493
762390 349 2496
762533 349 2534
762683 349 2581
629857 349 2606
762927 349 2651
21607 349 2807
634192 349 3367
765739 349 3486
766270 349 3636
698346 349 3796
766762 349 3806
307525 349 4069
468557 349 4358
4085 349 4397
41385 349 4445
768688 349 4448
81744 349 4647
769850 349 4799
769966 349 4830
770351 349 4971
770748 349 5105
705683 349 5158
771247 349 5275
9545 349 5443
278729 349 5634
686562 349 6429
322205 349 6466
181608 349 6565
733764 349 7184
754545 350 443
754558 351 447
754561 352 447
5279 353 449
754577 354 451
38330 355 452
754579 356 453
685419 357 454
754592 358 455
39488 359 455
754597 360 457
754640 360 470
162493 361 464
203421 361 496
754809 361 510
77862 361 515
584962 361 545
755164 361 608
185582 361 646
30778 361 678
629734 361 702
275584 361 775
121936 361 812
756330 361 937
756490 361 996
757815 361 1297
758112 361 1373
758556 361 1476
761407 361 2224
33191 361 2426
159377 361 4309
84592 361 5158
754615 362 465
754624 363 467
754631 364 468
106219 365 469
436148 365 486
242104 365 642
754635 366 469
577325 367 477
12714 368 477
756521 368 1005
754666 369 478
25245 370 479
754678 371 482
369038 372 485
539233 373 486
1437 374 487
402009 375 489
754723 376 491
754724 377 491
63908 378 491
76829 379 493
421872 380 496
634729 381 497
767725 381 4138
96542 382 497
754758 383 497
465232 384 497
754784 385 504
138862 386 505
754786 387 505
19371 388 505
475800 389 506
754811 390 511
43228 391 515
2267 392 515
710738 393 516
755139 393 602
761739 393 2307
468415 394 518
504545 395 518
754845 396 519
9985 397 519
230904 398 524
754880 399 529
754889 400 531
754890 401 531
754905 402 536
727340 403 537
38088 404 537
27349 405 538
754910 406 538
7570 407 540
744123 408 541
113669 409 541
31088 410 543
38088 411 544
754959 412 548
18163 413 550
373155 413 584
52400 413 608
250895 413 686
62717 413 768
3712 413 913
59040 413 1715
745206 413 5421
754968 414 550
11692 415 550
340931 416 552
496798 417 552
204830 418 554
754980 419 556
754558 420 556
826 421 562
388190 421 571
303116 421 599
755200 421 619
641413 421 637
755289 421 640
337254 421 650
177251 421 665
755549 421 722
755604 421 741
30595 421 760
668765 421 766
755789 421 789
30175 421 794
8866 421 831
756163 421 888
756271 421 922
756308 421 931
18472 421 935
756408 421 964
756415 421 970
28249 421 1038
757004 421 1128
757036 421 1134
206458 421 1187
719465 421 1301
758545 421 1473
200020 421 1513
759202 421 1626
759711 421 1764
760716 421 2038
399489 421 2064
234519 421 2265
23890 421 2350
761983 421 2375
762446 421 2513
762541 421 2537
96 421 2542
762945 421 2657
763082 421 2695
763235 421 2741
41235 421 2804
540043 421 2836
301435 421 3162
764990 421 3233
765114 421 3279
113534 421 3315
765330 421 3351
293906 421 3428
766014 421 3556
432498 421 3785
63079 421 4277
7361 421 4304
768357 421 4322
670111 421 4523
768940 421 4536
12065 421 4577
769447 421 4680
769918 421 4816
770581 421 5046
770798 421 5122
772621 421 5700
35283 421 5710
772744 421 5745
240144 421 6064
108829 421 6136
17565 421 6643
776728 421 7019
422083 421 7180
330522 422 562
312651 422 814
762929 422 2652
240819 423 563
754043 424 563
139385 425 563
755007 426 564
755016 427 567
755017 428 567
380685 429 567
40542 429 597
26898 430 567
755026 431 569
755027 432 569
755034 433 571
755035 434 571
72475 435 571
755041 436 572
755044 437 573
754845 438 576
755042 439 577
640842 440 579
377332 441 581
559547 442 582
559548 443 582
559548 444 585
755114 445 597
497639 446 598
480336 447 600
191755 447 1022
755129 448 600
755136 449 601
755141 450 603
755142 451 603
755147 452 603
771185 452 5255
23397 453 604
257697 454 606
755156 455 607
755577 455 731
730555 455 757
51822 455 835
759558 455 1722
755159 456 607
755170 457 609
7521 458 610
755174 459 611
27427 460 612
755188 461 614
755189 462 614
755190 463 614
755199 464 618
44605 465 620
97686 466 620
755210 467 622
287622 468 623
760255 468 1901
755238 469 625
755245 470 629
497639 471 629
756258 471 919
555816 472 631
755258 473 632
88942 474 635
22021 475 635
755268 476 636
755272 477 636
746231 478 638
197168 479 639
755291 480 640
607544 480 662
755292 481 641
742087 482 644
749869 483 644
163772 484 644
755306 485 645
92771 486 647
755320 487 649
755329 488 651
755195 489 652
322 489 2594
132948 490 654
759347 490 1662
746191 491 656
755354 492 658
296144 493 662
162757 494 662
738989 495 662
755366 496 663
755371 497 664
114317 498 667
642420 498 900
755387 499 668
755390 500 669
755397 501 672
755400 502 675
5606 503 678
18427 504 679
755417 505 681
684522 506 683
755435 507 686
58170 508 688
755465 509 696
755470 510 696
202848 511 697
322 511 2578
742285 512 699
177579 513 703
41365 514 706
746191 515 706
755502 516 706
191847 517 709
7499 518 710
755515 519 710
723584 520 714
147299 521 717
759336 521 1658
755536 522 718
755537 523 719
654506 524 720
755555 525 725
302251 526 729
755581 527 732
755619 527 743
398651 528 732
755587 529 735
755590 530 737
756419 530 971
754845 531 737
401461 532 738
755601 533 739
3637 534 741
755609 535 741
755612 536 742
42031 537 744
755632 538 746
755637 539 749
40232 540 749
755671 541 757
60757 542 758
189056 543 759
640391 544 766
755713 545 766
728620 546 767
755723 547 770
92806 548 771
755729 549 771
745626 550 775
190952 551 775
755738 552 775
754845 553 775
755750 554 777
92806 555 778
211658 556 780
299219 557 780
755770 558 783
212610 558 1271
775570 558 6642
402109 559 784
755942 559 831
181066 559 871
89175 559 1034
761175 559 2281
331725 559 5374
67468 559 5774
776960 559 7081
777021 559 7103
755774 560 784
630974 561 785
755778 562 785
760092 562 1861
755785 563 787
755786 564 788
755793 565 789
755794 566 790
44177 567 793
458652 567 822
755805 568 793
1194 569 795
755818 570 796
755819 571 796
755826 572 798
41573 573 800
35205 574 810
755885 574 818
756464 574 984
322 574 2552
21787 574 3341
25139 574 4021
700404 575 812
755876 576 816
767451 576 4048
640391 577 819
755893 578 819
755892 579 820
755906 580 822
755909 581 822
726180 582 824
37395 582 824
669187 583 824
755912 584 824
755818 584 839
755923 585 826
755944 586 831
755948 587 833
755947 588 833
746191 589 834
100228 590 838
755995 591 840
1047 592 843
29000 593 846
756024 594 847
756029 595 849
756038 596 850
253830 597 851
756044 598 852
756049 599 853
756060 600 856
756065 601 857
756066 602 858
22674 603 863
756098 604 865
756147 604 880
756099 605 866
601655 606 872
181231 607 876
322 607 2539
221114 608 876
185587 609 877
756140 610 878
49775 611 878
333086 612 880
756155 613 883
476811 614 883
756157 615 884
756158 616 884
293418 617 885
246590 618 887
756167 619 889
756174 620 893
756179 621 895
769796 621 4783
756184 622 897
458652 622 935
756187 623 897
746191 624 898
756195 625 900
738989 626 901
707728 627 902
624349 628 903
650149 629 903
756214 630 904
597898 631 906
756225 632 906
756222 633 907
756226 634 907
16424 635 911
756238 636 913
357725 637 914
699249 638 914
756247 639 915
184735 640 915
87645 641 918
756262 642 919
326436 643 923
756280 644 925
756285 645 926
756226 646 926
756290 647 926
268339 648 926
756305 649 930
322 649 2519
157207 650 936
322 650 2515
756329 651 936
756338 652 941
292221 653 941
756363 653 950
756341 654 943
230578 655 945
480336 655 963
191755 655 1200
756369 656 952
756374 657 953
258060 658 954
756384 659 956
756967 659 1120
748866 660 958
756398 661 962
725561 662 962
756410 663 965
756411 664 967
756412 665 968
756417 666 970
756418 667 971
756421 668 971
322 668 2501
756424 669 971
756429 670 974
296506 671 974
756439 672 975
322 672 2486
756444 673 978
756461 674 982
249748 675 986
101390 676 986
482283 676 1057
6846 676 1743
381661 677 988
104951 678 990
31308 679 992
8112 679 1232
759273 679 1643
27542 679 2680
25917 680 993
756482 681 994
653988 682 994
90460 683 1000
360874 684 1003
756511 685 1003
37456 686 1003
756520 687 1004
94646 688 1007
184345 689 1007
763925 689 2920
134902 690 1008
756542 691 1012
758903 691 1558
463097 691 2066
761301 691 2187
764020 691 2946
767642 691 4109
756545 692 1015
8 693 1016
12078 693 1037
746203 693 1042
1719 693 1056
757017 693 1130
268627 693 1134
757312 693 1192
26156 693 1204
26185 693 1211
620559 693 1321
757992 693 1343
737155 693 1472
587499 693 1474
759250 693 1644
759386 693 1673
407803 693 1789
760157 693 1875
247866 693 2038
266845 693 2303
246851 693 2427
762192 693 2446
154558 693 2960
764110 693 2973
211727 693 3101
257149 693 3202
766369 693 3671
773409 693 5970
775328 693 6570
775344 693 6577
25194 693 6868
776988 693 7090
381310 694 1016
3683 694 1056
60058 695 1017
755982 696 1018
756562 697 1021
756565 698 1023
504652 699 1024
51630 699 1206
756569 700 1025
756570 701 1025
333349 702 1026
423754 703 1029
756587 704 1032
248061 705 1033
322 705 2470
756601 706 1034
756610 707 1034
413660 708 1035
317881 709 1042
322 709 2464
756649 710 1042
138479 711 1043
756661 712 1044
756290 713 1045
567877 714 1048
290468 715 1051
16768 716 1052
498377 717 1054
756602 718 1055
649371 719 1055
30224 720 1055
756726 721 1060
296144 721 1334
756729 722 1061
756730 723 1061
1707 724 1062
12642 725 1063
756741 726 1064
758240 726 1399
756742 727 1065
335207 728 1066
495563 729 1067
335207 730 1069
54403 731 1070
769876 731 4978
756773 732 1072
756788 733 1075
756823 734 1079
209779 735 1080
505826 736 1083
738989 737 1084
756838 738 1084
756854 739 1086
322 739 2448
116704 740 1087
756860 741 1089
6940 742 1089
361347 743 1092
756893 744 1095
756912 745 1098
322 745 2425
756925 746 1103
756928 747 1104
756929 748 1104
756936 749 1105
756941 750 1108
91475 751 1109
685842 752 1109
756950 753 1113
730721 754 1113
38076 755 1114
697149 756 1118
329120 757 1119
756974 758 1121
756973 759 1121
295527 760 1123
118182 761 1124
756987 762 1125
285154 763 1127
287622 764 1127
757519 764 1230
757016 765 1129
703527 766 1133
757038 767 1135
39384 768 1137
757058 769 1139
322 769 2420
757069 770 1141
203823 771 1142
110192 772 1143
340995 772 1186
757084 773 1144
702292 774 1146
757095 775 1146
340995 775 1189
69292 776 1146
470764 777 1147
757103 778 1147
340995 778 1196
329120 779 1148
24539 780 1148
756980 781 1153
757140 782 1153
340995 782 1200
757139 783 1154
554781 784 1154
755807 785 1156
340995 785 1210
757147 786 1157
757148 787 1157
757890 787 1315
6517 788 1158
117250 789 1160
5602 790 1160
7367 791 1163
757197 792 1166
69292 793 1167
670778 794 1169
762838 794 2618
757227 795 1173
756385 796 1173
165336 797 1177
761769 797 2317
327924 798 1178
757248 799 1179
757253 800 1179
757260 801 1180
322 801 2379
2486 802 1181
82601 802 1200
757547 802 1234
92378 802 1243
92426 802 1263
92460 802 1274
92505 802 1344
92663 802 1371
92729 802 1382
92753 802 1396
92797 802 1407
92836 802 1416
660049 802 3077
383799 802 3404
92458 802 4449
319254 802 5717
16546 803 1183
757273 804 1185
757276 805 1186
428529 806 1190
736324 807 1191
757307 808 1192
757238 809 1193
250953 810 1193
757320 811 1194
757323 812 1195
757326 813 1196
322 813 2368
757331 814 1196
582361 815 1196
757337 816 1197
322 816 2361
327924 816 4242
757358 817 1200
327536 818 1201
757372 819 1203
757373 820 1203
757380 821 1204
118728 822 1204
757394 823 1205
757395 824 1206
729091 824 1258
757751 824 1280
499168 824 1280
757749 824 1280
757747 824 1280
757753 824 1280
262161 824 1751
757402 825 1207
757407 826 1207
34768 827 1209
757419 828 1209
351500 829 1210
322 829 2350
3057 830 1212
757456 831 1216
68406 832 1221
757474 833 1221
757483 834 1224
757488 835 1224
28484 836 1225
757492 837 1225
757507 838 1226
757410 839 1227
757513 840 1227
757518 841 1228
50841 842 1231
757530 843 1232
759031 843 1589
68275 843 1706
212897 844 1233
757533 845 1233
37970 846 1233
322 846 1636
738877 847 1234
753150 848 1234
757546 849 1234
757549 850 1235
757566 851 1239
322 851 1630
558194 852 1239
757576 853 1241
736053 854 1243
187186 855 1243
329120 856 1249
757618 857 1251
757623 858 1253
26225 858 2364
757626 859 1255
757639 860 1257
221129 861 1257
757640 862 1257
51698 863 1257
757645 864 1258
16026 865 1260
757655 866 1261
757658 867 1262
757679 868 1265
322 868 1621
251724 869 1266
757681 870 1266
757690 871 1267
295669 872 1267
757698 873 1268
757703 874 1269
451529 875 1269
757709 876 1270
757712 877 1272
757713 878 1272
757714 879 1273
322 879 1615
7862 880 1273
322 880 1611
757730 881 1275
670506 882 1278
29000 883 1278
757745 884 1280
30105 885 1280
748901 886 1288
2011 886 1303
757945 886 1330
480704 886 1336
757976 886 1347
7135 886 1416
758468 886 1450
758538 886 1471
758594 886 1482
6611 886 1541
93129 886 1626
759224 886 1632
211727 886 2310
391601 886 2498
174891 886 2629
354396 886 2691
763149 886 2718
763295 886 2757
473036 886 2780
172271 886 2986
14616 886 3011
764559 886 3113
173490 886 3126
19735 886 3219
765320 886 3345
354367 886 3448
765911 886 3541
578184 886 3868
186132 886 4145
768911 886 4525
379197 886 5150
715743 886 5245
771309 886 5297
397549 886 5746
194483 886 5822
773043 886 5854
776655 886 6992
8072 887 1290
742884 888 1290
757786 889 1291
742810 890 1292
757337 891 1293
4378 892 1293
757806 893 1294
757827 894 1300
762039 894 2394
757844 895 1302
355888 896 1302
757852 897 1303
757859 898 1305
757866 899 1306
759627 899 1739
766748 899 3802
50995 900 1306
757870 901 1307
757875 902 1309
757880 903 1312
757887 904 1314
319910 905 1316
767405 905 4037
757907 906 1318
398119 907 1319
757915 908 1321
757920 909 1323
430366 910 1325
757936 911 1327
322 911 1603
757947 912 1330
757950 913 1331
539071 914 1332
757953 915 1332
535612 916 1334
536935 916 1365
551231 916 2097
40007 917 1335
757963 918 1336
585476 919 1336
757973 920 1338
596815 921 1340
531608 922 1341
757844 923 1341
79261 923 5250
757991 924 1342
35222 925 1345
758002 926 1345
758124 926 1377
758136 926 1381
758174 926 1385
758316 926 1416
758318 926 1417
758499 926 1460
758536 926 1470
758862 926 1550
759170 926 1620
759563 926 1723
761006 926 2115
762162 926 2440
762806 926 2609
763403 926 2779
763822 926 2895
766748 926 3806
768454 926 4361
769824 926 4790
770297 926 4955
770448 926 5003
771249 926 5275
771298 926 5289
775130 926 6504
758014 927 1347
138783 928 1348
138783 929 1348
226362 930 1350
758026 931 1351
758049 932 1358
758510 932 1463
758617 932 1490
759254 932 1638
759963 932 1827
760620 932 2005
763970 932 2933
764609 932 3130
765385 932 3369
768815 932 4492
769247 932 4614
773015 932 5846
773532 932 6006
777203 932 7172
381041 933 1360
251554 934 1362
728509 935 1363
322 935 1590
26033 936 1365
238043 937 1365
758083 938 1367
19090 939 1367
758093 940 1368
37116 941 1370
37970 942 1370
322 942 1577
758101 943 1370
757996 944 1372
758118 945 1376
758119 946 1376
758120 947 1376
322 947 1573
385984 948 1377
635651 949 1381
194077 950 1381
726180 951 1382
758156 952 1382
758151 953 1382
726180 954 1382
726180 955 1383
322 955 1560
49066 956 1384
758168 957 1384
398119 958 1384
758176 959 1386
681615 960 1388
371973 961 1388
147233 962 1389
758192 963 1389
96542 964 1393
758207 965 1393
96542 966 1393
758209 967 1394
96542 968 1394
96542 969 1394
588089 970 1396
758234 971 1398
758239 972 1398
758242 973 1399
758245 974 1400
758818 974 1539
34229 974 2385
440042 975 1400
758251 976 1400
758252 977 1401
758263 978 1403
322 978 1551
401447 979 1404
758269 980 1404
758274 981 1404
307817 982 1406
758276 983 1406
758287 984 1408
758272 985 1411
758299 986 1413
758300 987 1413
106533 988 1414
758306 989 1415
737792 990 1416
758328 991 1418
770355 991 4973
656232 992 1421
185392 993 1422
758353 994 1422
758360 995 1423
758373 996 1428
86383 997 1428
215962 998 1429
484293 999 1429
30792 1000 1432
758394 1001 1434
333075 1002 1436
322 1002 1539
381041 1003 1437
271205 1004 1437
758402 1005 1437
60563 1006 1437
758404 1007 1438
496088 1008 1440
322 1008 1533
82074 1008 6510
149351 1009 1441
322 1009 1528
758425 1010 1442
125378 1010 1475
761116 1010 2144
445910 1011 1444
758457 1012 1447
758458 1013 1448
758458 1014 1449
758480 1015 1454
758481 1016 1455
758494 1017 1458
168385 1018 1460
758514 1019 1463
758517 1020 1464
374975 1021 1466
758528 1022 1467
758525 1023 1468
698747 1024 1468
758481 1025 1469
610738 1026 1470
758540 1027 1472
251554 1028 1473
24129 1029 1476
758561 1030 1477
758564 1031 1477
1716 1032 1479
758578 1033 1480
322 1033 1510
757730 1034 1481
758588 1035 1482
368096 1036 1482
422450 1036 2092
758616 1037 1490
716485 1038 1496
532470 1039 1500
29348 1040 1501
114118 1041 1501
33605 1042 1501
758678 1043 1505
758683 1044 1507
139646 1045 1509
758693 1046 1510
758700 1047 1511
321559 1047 3167
758707 1048 1513
445108 1049 1514
684193 1050 1516
758720 1051 1516
248061 1052 1518
304921 1053 1519
498754 1054 1519
19777 1055 1521
758748 1056 1521
760304 1056 1917
766026 1056 3560
775259 1056 6555
758751 1057 1521
114118 1058 1522
26033 1059 1524
758619 1060 1524
758766 1061 1524
758777 1062 1527
758782 1063 1528
123388 1064 1528
758784 1065 1528
626846 1066 1528
758788 1067 1530
57730 1068 1532
327022 1069 1534
470 1070 1534
33170 1071 1536
758817 1072 1538
758820 1073 1539
726180 1074 1540
758528 1075 1544
473685 1076 1544
15736 1076 1720
490256 1076 2266
676544 1077 1546
758845 1078 1546
758846 1079 1546
341554 1080 1548
758866 1081 1550
41297 1082 1553
40232 1083 1553
153681 1084 1554
68355 1085 1557
758900 1086 1557
758912 1087 1560
758917 1088 1561
758934 1089 1566
769015 1089 4556
775883 1089 6751
758939 1090 1567
758944 1091 1568
758961 1092 1572
733045 1093 1574
667185 1094 1574
181332 1095 1580
125378 1095 1643
758985 1096 1580
185587 1097 1581
759005 1098 1584
15478 1099 1584
759013 1100 1584
129032 1100 1788
760723 1100 2040
761200 1100 2157
767519 1100 4074
759015 1101 1585
184807 1102 1586
759016 1103 1586
759035 1104 1589
759050 1105 1592
32288 1106 1593
759091 1106 1603
759060 1107 1595
759069 1108 1597
758939 1109 1598
759081 1110 1599
759082 1111 1600
19777 1112 1600
672564 1113 1600
759085 1114 1600
759090 1115 1602
759101 1116 1603
636254 1117 1604
759113 1118 1606
759116 1119 1607
737792 1120 1607
759128 1121 1609
759135 1122 1611
222468 1123 1612
758394 1124 1615
759160 1125 1616
759169 1126 1620
759174 1127 1620
759177 1128 1622
250908 1129 1623
605601 1130 1624
759190 1131 1625
759197 1132 1625
138527 1133 1628
759223 1134 1631
759226 1135 1632
759230 1136 1633
5422 1137 1633
759229 1138 1633
759228 1139 1633
759231 1140 1635
759232 1141 1635
759233 1142 1635
5422 1143 1635
759241 1144 1636
759256 1145 1638
759263 1146 1641
404493 1147 1641
759265 1148 1641
759270 1149 1642
55413 1150 1644
759284 1151 1644
449738 1152 1645
389258 1153 1645
757730 1154 1646
114118 1155 1647
257426 1156 1647
17539 1157 1648
29000 1158 1651
42429 1159 1651
759323 1160 1654
759326 1161 1654
759327 1162 1656
245988 1162 6237
181424 1163 1657
3538 1164 1657
759342 1165 1659
97939 1166 1660
635509 1166 1877
97335 1166 6976
470531 1167 1660
320712 1168 1663
179635 1169 1666
699740 1170 1667
759370 1171 1668
759373 1172 1669
568748 1173 1669
758168 1174 1671
120112 1175 1673
148553 1176 1673
731339 1177 1674
315503 1178 1685
759422 1179 1687
372237 1180 1687
759426 1181 1688
759427 1182 1689
227741 1183 1691
759445 1184 1694
6100 1185 1697
14886 1186 1702
699740 1187 1703
759471 1188 1703
759486 1189 1705
760368 1189 1934
401461 1190 1706
758270 1191 1707
759495 1192 1708
759496 1193 1708
758055 1194 1710
759502 1195 1711
759503 1196 1711
759508 1197 1712
760358 1197 1932
759531 1198 1716
404075 1199 1717
404075 1200 1717
404075 1201 1717
759539 1202 1718
209917 1203 1718
404075 1204 1718
759546 1205 1719
415638 1206 1720
404075 1207 1720
404075 1208 1720
404075 1209 1720
404075 1210 1720
759556 1211 1721
404075 1212 1721
686765 1213 1722
404075 1214 1725
759575 1215 1727
759574 1216 1727
429915 1217 1731
759589 1218 1731
759612 1219 1736
515992 1220 1740
759634 1221 1741
759643 1222 1744
759647 1223 1745
25698 1224 1745
133507 1225 1745
759657 1226 1747
669285 1227 1748
759663 1228 1750
759668 1229 1750
759671 1230 1751
759676 1231 1752
759679 1232 1753
759914 1232 1813
759680 1233 1755
759683 1234 1757
33754 1235 1757
759695 1236 1758
759698 1237 1759
759701 1238 1760
759702 1239 1761
15668 1240 1762
759706 1241 1763
17059 1242 1764
759714 1243 1764
759721 1244 1765
762660 1244 2572
433984 1245 1766
349967 1246 1766
350489 1246 3216
759730 1247 1767
759731 1248 1768
759756 1248 1774
759761 1248 1776
427890 1248 1787
760046 1248 1846
760432 1248 1956
760468 1248 1972
762824 1248 2613
765563 1248 3422
769420 1248 4672
769583 1248 4715
770087 1248 4872
605929 1248 5190
622480 1248 6217
759732 1249 1768
704463 1249 3728
759735 1250 1768
663050 1251 1770
622622 1252 1773
770875 1252 5148
759751 1253 1774
759760 1254 1775
759791 1255 1787
759794 1256 1787
759797 1257 1788
759668 1258 1789
759809 1259 1790
759834 1260 1794
654065 1261 1794
759838 1262 1794
190694 1263 1796
596663 1264 1798
452 1265 1798
56448 1265 2047
762223 1265 2454
340995 1265 2596
771962 1265 5496
759847 1266 1798
759854 1267 1799
18436 1268 1799
759859 1269 1800
2335 1270 1800
759862 1271 1800
287622 1272 1801
503245 1273 1801
42974 1274 1801
759871 1275 1802
759872 1276 1803
539478 1277 1803
741887 1278 1803
495769 1279 1804
747925 1280 1804
760578 1280 1997
390486 1281 1805
661757 1282 1809
759909 1283 1811
18110 1284 1813
826 1284 2581
303116 1284 2602
96 1284 2639
30595 1284 3030
318760 1285 1814
760137 1285 1871
759926 1286 1817
759933 1287 1819
9426 1288 1821
714683 1289 1821
759946 1290 1822
759949 1291 1823
759950 1292 1824
64556 1293 1825
61538 1294 1827
759969 1295 1827
759974 1296 1828
759979 1297 1829
759984 1298 1831
759985 1299 1831
759986 1300 1832
212901 1301 1835
760002 1302 1835
760003 1303 1837
760006 1304 1837
133507 1305 1838
758269 1306 1839
203721 1307 1843
760040 1308 1844
311977 1309 1844
92011 1310 1844
757147 1311 1845
2212 1312 1846
12468 1312 1909
2541 1312 1922
96 1312 2592
331810 1313 1848
51161 1314 1848
760071 1315 1853
534494 1316 1854
283432 1317 1856
82745 1318 1857
760091 1319 1861
760098 1320 1862
760101 1321 1862
760103 1322 1863
760102 1323 1863
747267 1324 1864
258088 1325 1866
760120 1326 1867
760141 1327 1871
760142 1328 1872
760145 1329 1873
136267 1330 1875
760177 1331 1879
40999 1332 1880
36101 1333 1882
760192 1334 1883
760193 1335 1883
760198 1336 1885
760201 1337 1886
760214 1338 1888
280480 1339 1890
121361 1339 2019
288506 1339 2145
762994 1339 2668
760222 1340 1892
760225 1341 1892
702292 1342 1894
602779 1343 1895
760240 1344 1896
5607 1345 1897
25389 1346 1899
760249 1347 1900
760252 1348 1900
760265 1349 1905
761366 1349 2211
763860 1349 2906
56540 1350 1908
702292 1351 1909
379607 1352 1912
760295 1353 1915
643274 1353 2085
760919 1353 2091
760298 1354 1916
760301 1355 1917
103501 1356 1918
760307 1357 1918
144263 1358 1918
736983 1358 2775
1723 1359 1920
537477 1360 1921
8470 1361 1922
507451 1362 1925
760341 1363 1926
37970 1364 1927
760744 1364 2043
753296 1365 1930
470764 1366 1935
760375 1367 1936
760378 1368 1936
760383 1369 1938
24662 1370 1940
610614 1371 1941
389997 1372 1943
760411 1373 1946
760412 1374 1946
760415 1375 1947
747124 1376 1948
49809 1377 1952
461862 1378 1955
727329 1379 1956
760438 1380 1959
770769 1380 5111
760439 1381 1959
110784 1382 1961
760449 1383 1962
247780 1384 1963
760455 1385 1965
760458 1386 1968
760459 1387 1968
760092 1388 1974
760040 1389 1974
760490 1390 1976
760167 1391 1977
83209 1392 1977
760513 1393 1979
116712 1394 1981
9401 1395 1981
760530 1396 1982
336158 1396 2000
760535 1397 1983
760552 1398 1988
760555 1399 1989
305891 1400 1997
298983 1401 1998
255301 1402 1999
538207 1403 2001
96542 1404 2003
760613 1405 2003
56455 1406 2004
757730 1407 2005
760622 1408 2006
760627 1409 2007
116712 1409 2102
507451 1410 2014
760655 1411 2016
196090 1412 2017
726180 1413 2018
758093 1414 2020
760669 1415 2022
760698 1416 2031
765037 1416 3250
760709 1417 2037
21787 1418 2039
760725 1419 2040
760726 1420 2040
760731 1421 2041
758845 1422 2041
759950 1423 2042
532187 1424 2044
760747 1425 2044
760756 1426 2046
1716 1427 2047
452704 1428 2047
537477 1429 2048
760778 1430 2054
760779 1431 2054
727616 1432 2055
28854 1433 2060
753506 1433 2074
759967 1433 2075
68010 1433 2076
117185 1433 2081
760931 1433 2093
59438 1433 2094
95465 1433 2097
95318 1433 2100
761092 1433 2144
761147 1433 2149
87666 1433 2173
753643 1433 2175
140389 1433 2203
753469 1433 2204
761591 1433 2274
761596 1433 2276
164296 1433 2460
762658 1433 2571
79636 1433 3173
111331 1433 3187
122288 1433 3510
7361 1433 4309
182555 1433 4467
72503 1433 4575
769301 1433 4626
770498 1433 5014
771611 1433 5400
760800 1434 2060
760801 1435 2060
447994 1436 2062
760339 1437 2064
760816 1438 2064
760835 1439 2068
760836 1440 2069
706134 1441 2075
760858 1442 2075
761219 1442 2164
760861 1443 2076
760864 1444 2077
367998 1445 2080
760880 1446 2080
760893 1447 2083
665956 1448 2084
31214 1449 2085
760904 1450 2087
760907 1451 2087
760910 1452 2088
760915 1453 2090
760916 1454 2090
761616 1454 2282
5422 1455 2093
184299 1455 6697
760933 1456 2093
554733 1457 2094
760827 1458 2096
760957 1459 2098
234713 1460 2099
6807 1461 2108
10926 1461 2149
170273 1461 2182
760552 1462 2109
760991 1463 2111
68340 1464 2113
616657 1465 2114
761008 1466 2116
79352 1467 2117
761014 1468 2118
761390 1468 2216
761398 1468 2219
761488 1468 2247
555644 1469 2119
49809 1470 2119
761023 1471 2120
761028 1472 2122
761029 1473 2123
761034 1474 2124
761041 1475 2126
680054 1476 2127
31731 1477 2129
761066 1478 2133
761075 1479 2135
319048 1480 2138
761165 1480 2152
427890 1480 2182
3020 1480 2233
268425 1480 2327
422167 1480 2336
56732 1480 2660
624853 1480 3049
489308 1480 3059
347263 1480 3060
474313 1480 3061
775568 1480 6642
18476 1481 2139
761122 1482 2144
761125 1483 2145
47713 1484 2147
761141 1485 2148
761142 1486 2148
768127 1486 4255
769357 1486 4650
277248 1487 2154
761192 1488 2156
761195 1489 2156
159516 1490 2157
761207 1491 2159
759683 1491 2307
761213 1492 2161
761212 1493 2161
761216 1494 2164
761223 1495 2165
761228 1496 2166
761237 1497 2169
608671 1498 2173
761265 1499 2176
761268 1500 2178
559464 1501 2179
761274 1502 2181
761275 1503 2181
631872 1504 2182
761303 1505 2187
761304 1506 2188
761321 1507 2192
382330 1508 2194
761327 1509 2195
452765 1510 2197
761331 1511 2199
425492 1512 2200
761335 1513 2202
761401 1513 2222
761336 1514 2202
207270 1515 2206
194021 1515 3844
761358 1516 2209
761365 1517 2211
412257 1518 2211
760747 1519 2212
494551 1520 2212
758845 1521 2213
761380 1522 2213
767729 1522 4140
312127 1523 2214
692661 1524 2215
761389 1525 2215
185210 1526 2219
325643 1527 2219
761400 1528 2221
761403 1529 2222
716053 1530 2222
761413 1531 2226
761416 1532 2226
761421 1533 2228
761440 1534 2234
761265 1535 2235
136293 1536 2235
239022 1537 2236
761466 1538 2243
761467 1539 2243
51246 1540 2244
761255 1541 2244
54867 1542 2244
761460 1543 2245
761496 1544 2250
761503 1545 2252
208819 1546 2254
761519 1547 2256
761525 1548 2257
761522 1549 2257
766409 1549 3684
761526 1550 2258
761535 1551 2261
761782 1551 2323
96 1551 2596
763913 1551 2917
764043 1551 2953
765835 1551 3521
761542 1552 2262
377659 1553 2264
761544 1554 2264
761549 1555 2265
24661 1556 2270
89438 1557 2270
773213 1557 5900
773485 1557 5994
761578 1558 2271
761581 1559 2272
163195 1560 2273
84833 1561 2274
5844 1561 2302
29855 1561 2364
78971 1561 2520
458652 1561 3071
761496 1562 2277
11707 1563 2278
761622 1564 2283
410553 1565 2283
340995 1565 2607
47138 1566 2285
761637 1567 2287
238553 1568 2290
761657 1569 2290
761642 1570 2291
761665 1571 2292
307334 1572 2292
761460 1573 2293
14824 1574 2296
15306 1575 2297
760552 1576 2297
336158 1576 2446
606974 1576 2685
761687 1577 2299
4191 1577 4196
761694 1578 2300
29937 1579 2300
761700 1580 2301
25061 1581 2302
761730 1582 2305
761735 1583 2305
761736 1584 2306
761749 1585 2310
761752 1586 2311
89438 1587 2313
508160 1588 2314
475800 1588 2410
620225 1589 2314
761766 1590 2317
761771 1591 2318
761678 1592 2318
749539 1593 2318
761784 1594 2323
34615 1595 2324
761785 1596 2324
40828 1597 2325
443646 1598 2327
746231 1599 2336
761832 1600 2338
761835 1601 2339
50097 1602 2340
310698 1603 2343
761926 1604 2355
759160 1605 2358
761496 1606 2360
761948 1607 2362
184709 1608 2362
761949 1609 2362
380714 1609 2432
762322 1609 2476
104676 1609 2759
763353 1609 2770
44718 1609 2788
767028 1609 3905
638020 1610 2369
761975 1611 2371
761976 1612 2371
508071 1612 3144
625871 1613 2374
761982 1614 2374
766814 1614 3824
410553 1615 2375
340995 1615 2599
757730 1616 2379
762007 1617 2382
762008 1618 2383
762011 1619 2383
124758 1620 2386
762011 1621 2386
762024 1622 2387
48311 1623 2387
160234 1624 2389
762035 1625 2391
762036 1626 2392
7669 1627 2392
762038 1628 2393
762043 1629 2396
476040 1630 2396
762049 1631 2398
762052 1632 2399
762053 1633 2400
595950 1634 2402
763093 1634 2698
24112 1634 5179
8203 1634 6345
762055 1635 2403
762058 1636 2403
169198 1637 2405
49179 1638 2408
762073 1639 2408
762084 1640 2411
762050 1641 2415
762102 1642 2419
83817 1643 2419
762110 1644 2421
762111 1645 2421
762517 1645 2530
186592 1646 2423
762121 1647 2424
762130 1648 2425
762137 1649 2428
762140 1650 2429
399069 1651 2429
762142 1652 2432
762145 1653 2433
762146 1654 2434
184616 1655 2436
26225 1655 5103
232779 1656 2437
762159 1657 2438
734046 1658 2441
761790 1659 2442
762182 1660 2444
762187 1661 2444
49809 1662 2451
762217 1663 2452
474297 1664 2453
762231 1665 2456
761835 1666 2457
762241 1667 2458
762244 1668 2458
425492 1669 2459
762248 1670 2460
753150 1671 2460
762254 1672 2460
157584 1673 2460
179884 1673 2472
346592 1673 2477
762454 1673 2514
56203 1673 2538
183226 1673 2545
58628 1673 2566
762695 1673 2583
73729 1673 2592
288795 1673 2662
183018 1673 3071
764481 1673 3083
764698 1673 3157
766473 1673 3702
767048 1673 3910
7361 1673 4318
160515 1673 4721
242799 1673 6423
69174 1673 7066
762262 1674 2463
762279 1675 2465
200253 1676 2466
762285 1677 2467
440510 1678 2468
596454 1679 2468
762292 1680 2468
762295 1681 2470
762306 1682 2471
748057 1683 2472
762312 1684 2473
762321 1685 2476
762332 1686 2479
762337 1687 2479
45113 1687 2526
762582 1687 2546
763091 1687 2698
763371 1687 2774
90305 1687 4512
762338 1688 2480
252180 1689 2482
634442 1690 2482
762357 1691 2484
633551 1691 2625
42477 1692 2486
556434 1693 2486
229162 1694 2489
740509 1695 2490
762372 1696 2491
762373 1697 2491
762384 1698 2494
490366 1699 2496
762400 1700 2498
138407 1701 2501
762408 1702 2502
142980 1703 2506
762422 1704 2506
762423 1705 2507
703479 1706 2515
762463 1707 2516
758944 1708 2519
762477 1709 2520
161814 1710 2520
1707 1711 2521
90283 1712 2522
1756 1713 2523
762502 1714 2526
762505 1715 2527
762357 1716 2527
762510 1717 2527
762509 1718 2527
762263 1719 2528
513005 1720 2529
762521 1721 2531
301864 1722 2531
712281 1723 2534
81760 1724 2536
32686 1725 2539
12480 1726 2540
762557 1727 2541
348040 1728 2541
762565 1729 2544
762572 1730 2545
560929 1730 5263
56203 1731 2545
456405 1732 2548
762589 1733 2550
762644 1733 2567
291039 1734 2551
17932 1735 2552
762600 1736 2554
762603 1737 2555
90033 1738 2558
758944 1739 2558
50960 1740 2559
762613 1741 2559
762618 1742 2560
41737 1743 2561
762626 1744 2562
508071 1744 3119
762637 1745 2564
46560 1746 2568
216862 1747 2568
243588 1748 2568
762650 1749 2569
45420 1750 2576
762671 1751 2576
762676 1752 2578
762689 1753 2581
1111 1754 2582
425499 1755 2583
762700 1756 2584
762707 1757 2584
762703 1758 2584
101390 1759 2584
482283 1759 3128
762710 1760 2585
133507 1761 2585
762720 1762 2587
762725 1763 2588
762732 1764 2589
762618 1765 2589
726180 1766 2592
726180 1767 2593
762758 1768 2593
96542 1769 2594
96542 1770 2595
121117 1771 2597
762772 1772 2597
762779 1773 2599
110532 1774 2602
762791 1775 2605
762802 1776 2606
762803 1777 2607
24880 1778 2609
762817 1779 2611
762833 1780 2616
762832 1781 2617
762466 1782 2618
374037 1783 2618
762840 1784 2620
762857 1785 2622
762858 1786 2622
762871 1787 2630
170093 1787 3160
666640 1788 2632
244117 1789 2634
762886 1790 2634
762887 1791 2637
247086 1792 2639
762895 1793 2639
762898 1794 2640
304019 1795 2640
675121 1796 2641
28196 1797 2641
762906 1798 2645
762911 1799 2646
26898 1800 2646
762914 1801 2647
762918 1802 2648
773780 1802 6092
762919 1803 2649
762926 1804 2650
64524 1805 2652
762932 1806 2652
762937 1807 2653
444342 1808 2654
762941 1809 2655
762942 1810 2656
747451 1811 2657
762952 1812 2659
232779 1813 2659
386331 1814 2660
24137 1815 2664
555692 1816 2668
926 1817 2669
763240 1817 2742
49859 1818 2669
33053 1819 2671
328998 1820 2673
5844 1821 2676
763023 1822 2678
763030 1823 2680
640702 1824 2680
763036 1825 2684
45538 1826 2687
367657 1827 2688
200914 1828 2688
763056 1829 2689
547380 1830 2690
50613 1831 2692
680973 1832 2692
763076 1833 2693
763079 1834 2694
763084 1835 2694
763097 1836 2699
318002 1837 2699
756318 1838 2700
348981 1839 2703
763111 1840 2703
763114 1841 2704
470105 1842 2704
110456 1843 2708
184886 1844 2711
3359 1845 2712
763153 1846 2719
701830 1847 2719
29937 1848 2721
508171 1849 2721
52739 1850 2722
126026 1851 2723
763524 1851 2812
329570 1851 2992
138110 1851 3443
738576 1851 5575
287622 1852 2724
429915 1853 2724
49859 1854 2725
337045 1855 2726
303133 1856 2734
763220 1857 2735
59016 1858 2740
557633 1859 2740
763605 1859 2829
59658 1859 2837
763886 1859 2911
764398 1859 3063
764751 1859 3171
765139 1859 3288
6858 1859 3356
236322 1859 3361
760201 1859 3413
765605 1859 3437
305276 1859 3497
104091 1859 3532
766377 1859 3673
766768 1859 3807
767218 1859 3978
767440 1859 4045
215984 1859 4142
768172 1859 4269
768241 1859 4290
768282 1859 4299
7361 1859 4323
769133 1859 4585
559493 1859 4728
770051 1859 4860
771598 1859 5397
773242 1859 5911
31487 1859 6189
382152 1859 6652
776331 1859 6888
776429 1859 6920
564307 1859 6949
763237 1860 2741
763246 1861 2743
50613 1862 2743
763254 1863 2746
763261 1864 2747
763264 1865 2748
763267 1866 2748
763270 1867 2748
763312 1867 2762
763281 1868 2750
298568 1869 2752
763285 1870 2754
762952 1871 2756
763305 1872 2759
688638 1873 2759
763311 1874 2761
65682 1875 2763
763329 1876 2765
763337 1877 2767
2785 1878 2767
763344 1879 2767
763345 1880 2768
66703 1880 2822
66705 1880 2822
66727 1880 2822
66717 1880 2822
66723 1880 2822
66701 1880 2822
66713 1880 2822
66711 1880 2822
66725 1880 2822
66719 1880 2822
66707 1880 2822
66721 1880 2822
66709 1880 2822
66715 1880 2822
164232 1880 3843
164245 1880 3843
164251 1880 3843
164234 1880 3843
164236 1880 3843
164249 1880 3843
164239 1880 3843
164241 1880 3844
7361 1880 4330
763352 1881 2769
763357 1882 2771
763368 1883 2773
762887 1884 2775
763382 1885 2776
763397 1886 2777
762217 1887 2778
763419 1888 2781
763430 1889 2783
479973 1890 2787
294864 1891 2787
763447 1892 2789
763456 1893 2791
763463 1894 2793
4474 1895 2795
419289 1896 2796
763478 1897 2797
763487 1898 2801
763510 1899 2809
763513 1900 2809
763515 1901 2810
20853 1902 2810
206733 1903 2813
763527 1904 2813
29022 1905 2815
88462 1906 2818
431303 1907 2819
336158 1907 4033
763593 1908 2825
187584 1909 2827
763611 1910 2831
763616 1911 2832
152614 1912 2832
763626 1913 2834
114441 1914 2839
763682 1915 2839
763681 1915 2852
124134 1916 2842
763649 1917 2842
340995 1917 6216
763658 1918 2844
399069 1919 2844
763660 1920 2845
152614 1921 2846
763666 1922 2847
29865 1922 2860
763669 1923 2849
763670 1924 2849
57276 1925 2851
763678 1926 2852
763687 1927 2853
50960 1928 2854
764563 1928 3115
292898 1929 2856
216583 1930 2860
763703 1931 2860
169121 1932 2862
763713 1933 2863
260917 1934 2865
763729 1935 2868
763730 1936 2869
763930 1936 2921
763743 1937 2870
763754 1938 2875
763755 1939 2875
764170 1939 2995
763758 1940 2876
763763 1941 2878
763766 1942 2878
35384 1942 4623
146836 1943 2883
150030 1943 3184
150102 1943 3186
149849 1943 3187
150058 1943 3187
150043 1943 3187
150051 1943 3190
149839 1943 3191
766215 1943 3618
766222 1943 3621
147313 1943 3622
147319 1943 3639
763788 1944 2884
763789 1945 2884
389133 1946 2884
763795 1947 2885
763804 1948 2888
763811 1949 2889
763804 1950 2890
295282 1951 2891
763821 1952 2891
763820 1953 2892
762871 1954 2895
763831 1955 2896
763832 1956 2897
763841 1957 2899
156543 1958 2901
376799 1959 2904
93173 1960 2908
763883 1961 2910
50106 1962 2912
763901 1963 2914
764339 1963 3048
765103 1963 3275
766441 1963 3691
763906 1964 2916
763919 1965 2919
726180 1966 2920
287743 1967 2920
235405 1968 2920
763929 1969 2921
763948 1970 2926
444548 1971 2929
759871 1972 2930
626073 1973 2931
763976 1974 2933
19948 1975 2935
764004 1976 2940
764007 1977 2942
764010 1978 2942
26358 1979 2944
450890 1980 2945
698843 1981 2946
764022 1982 2946
764031 1983 2950
764032 1984 2951
764032 1985 2951
335206 1986 2952
764039 1987 2952
590688 1988 2953
348410 1989 2953
764050 1990 2954
771734 1990 5432
764055 1991 2955
478393 1992 2955
592526 1992 3108
766685 1992 3783
637397 1992 3992
763976 1993 2955
764064 1994 2956
764065 1995 2957
25061 1996 2962
9071 1997 2965
238781 1997 3074
764092 1998 2966
380636 1999 2967
206985 1999 3069
231874 2000 2968
764099 2001 2969
764114 2002 2975
764117 2003 2975
476936 2004 2978
304921 2005 2989
764176 2006 2997
485536 2007 2997
45126 2008 3000
764185 2009 3001
764200 2010 3005
764203 2011 3007
294155 2012 3008
764217 2013 3009
613851 2014 3010
764231 2015 3011
9645 2016 3012
764233 2017 3012
732964 2018 3013
764247 2019 3016
764250 2020 3020
763820 2021 3021
764256 2022 3022
218180 2023 3023
431364 2023 4499
448169 2023 4929
764270 2024 3027
47138 2025 3027
41440 2026 3031
13057 2026 3082
764283 2027 3032
764286 2028 3032
96362 2029 3037
764298 2030 3038
9071 2031 3039
238781 2031 3070
764304 2032 3040
765116 2032 3281
21304 2033 3041
764310 2034 3041
764311 2035 3042
41440 2036 3047
764345 2037 3051
245 2038 3052
764351 2039 3054
707390 2040 3055
545454 2041 3055
51201 2042 3056
399006 2043 3057
494934 2044 3059
707390 2045 3059
764377 2046 3059
18780 2047 3060
764388 2048 3060
764389 2049 3061
764402 2050 3063
764403 2051 3063
764404 2052 3063
764412 2053 3065
762855 2054 3065
764415 2055 3067
377926 2056 3069
764449 2057 3075
764450 2058 3076
385068 2059 3076
200038 2060 3082
46292 2061 3083
152855 2062 3085
764501 2063 3086
381291 2064 3087
764507 2065 3089
251801 2066 3093
624464 2067 3105
156451 2068 3106
764528 2069 3107
764538 2070 3107
764539 2071 3107
230978 2072 3109
770058 2072 4862
742139 2073 3110
764556 2074 3112
764528 2075 3115
37977 2076 3115
764569 2077 3116
102507 2078 3116
743808 2079 3117
764580 2080 3120
419289 2081 3123
764592 2082 3124
760040 2083 3125
80614 2083 3145
764601 2084 3126
74416 2085 3127
764602 2086 3127
764611 2087 3130
707702 2087 5712
41440 2088 3130
4311 2089 3131
256734 2089 3161
765123 2089 3282
766358 2089 3667
767190 2089 3967
287870 2089 6090
764618 2090 3131
764619 2091 3132
571645 2092 3134
90283 2093 3136
625713 2094 3139
244438 2094 3461
764643 2095 3141
764644 2096 3142
764099 2097 3143
764652 2098 3144
764665 2099 3148
358852 2100 3148
764671 2101 3150
764688 2102 3155
87772 2103 3156
395914 2104 3158
59407 2105 3159
764708 2106 3160
764709 2107 3160
161800 2108 3161
764719 2109 3161
1241 2110 3163
764735 2111 3164
764744 2112 3169
764755 2113 3171
268548 2114 3176
764180 2115 3176
764782 2116 3179
601655 2117 3180
764788 2118 3180
10984 2119 3181
764800 2120 3185
764829 2121 3190
764722 2122 3194
10944 2123 3196
413694 2124 3196
764861 2125 3197
275840 2126 3200
764891 2127 3202
320712 2128 3204
96542 2129 3206
96542 2130 3207
742884 2131 3209
677766 2132 3211
766188 2132 3608
110026 2133 3215
3469 2134 3217
552473 2135 3218
301435 2136 3218
243729 2137 3220
764948 2138 3220
764953 2139 3223
764958 2140 3224
764975 2141 3227
412198 2142 3228
764981 2143 3229
242360 2144 3231
764982 2145 3231
96362 2146 3234
394282 2147 3235
765002 2148 3236
765011 2149 3240
765012 2150 3240
10411 2151 3243
765026 2152 3244
196381 2153 3246
765032 2154 3247
765043 2155 3251
419535 2156 3252
765047 2157 3252
765056 2158 3255
110026 2159 3255
765058 2160 3255
430470 2161 3256
19087 2162 3258
32686 2163 3259
765066 2164 3260
765073 2165 3264
765074 2166 3264
765077 2167 3265
568379 2168 3266
765101 2169 3272
765337 2169 3352
10514 2170 3274
765107 2171 3276
765118 2172 3281
765127 2173 3284
765128 2174 3284
765131 2175 3286
765000 2176 3288
765141 2177 3290
767455 2177 4049
276836 2178 3291
89438 2179 3291
3469 2180 3293
765169 2181 3296
384785 2182 3304
387166 2182 5497
765187 2183 3306
765192 2184 3307
765201 2185 3308
765202 2186 3308
748239 2187 3313
203097 2188 3314
47516 2189 3314
765228 2190 3316
765233 2191 3317
765234 2192 3317
765235 2193 3318
765246 2194 3319
8582 2195 3321
374028 2196 3322
765257 2197 3323
765258 2198 3323
765261 2199 3324
765264 2200 3325
318494 2201 3329
203097 2202 3331
102925 2203 3334
9071 2204 3335
238781 2204 3341
650976 2205 3338
173410 2205 4809
765002 2206 3338
765311 2207 3343
765322 2208 3350
765329 2209 3351
765336 2210 3352
764616 2211 3352
54956 2212 3354
765509 2212 3408
765345 2213 3354
61646 2214 3355
765415 2214 3377
23593 2215 3357
260017 2216 3358
765361 2217 3359
80860 2218 3360
58160 2219 3360
765365 2220 3360
765377 2221 3364
186286 2222 3367
577072 2223 3370
765402 2224 3373
765411 2225 3375
97075 2226 3377
40999 2227 3377
768375 2227 4327
765419 2228 3378
162962 2229 3379
284894 2230 3379
765422 2231 3380
765429 2232 3381
765434 2233 3382
765447 2234 3386
42938 2235 3386
294984 2236 3387
53517 2237 3390
644817 2238 3391
617266 2239 3391
134913 2240 3393
52768 2241 3393
765475 2242 3394
765478 2243 3394
766145 2243 3598
765481 2244 3395
765482 2245 3395
765495 2246 3403
765500 2247 3404
765511 2248 3409
221302 2249 3412
510512 2250 3414
238174 2251 3415
765541 2252 3417
408911 2253 3417
765547 2254 3419
398026 2255 3421
92483 2256 3421
765562 2257 3422
737671 2258 3422
75639 2258 3423
61512 2258 3453
508365 2259 3431
765595 2260 3432
775781 2260 6716
408284 2261 3433
111080 2262 3437
765226 2263 3438
765611 2264 3439
765614 2265 3440
133760 2266 3441
92483 2267 3443
765639 2268 3445
765574 2269 3449
375039 2270 3450
310204 2271 3452
765655 2272 3453
765658 2273 3454
765661 2274 3456
765662 2275 3457
765673 2276 3460
765674 2277 3460
109995 2278 3463
765678 2279 3464
765695 2280 3468
765843 2280 3522
765701 2281 3470
765700 2282 3471
310437 2283 3472
765709 2284 3474
38674 2285 3477
628716 2286 3477
765732 2287 3483
765738 2288 3484
765737 2289 3485
765745 2290 3487
726180 2291 3493
726180 2292 3494
726180 2293 3494
709548 2294 3495
765774 2295 3498
765781 2296 3502
765782 2297 3503
765783 2298 3504
765786 2299 3505
765789 2300 3506
47138 2301 3506
765793 2302 3507
279063 2303 3508
765801 2304 3509
765802 2305 3510
56615 2306 3512
765814 2307 3515
765827 2308 3520
756439 2309 3520
2811 2310 3527
743808 2311 3528
30271 2312 3530
765880 2313 3531
766383 2313 3675
306788 2313 3810
772823 2313 5773
390001 2314 3532
10319 2315 3532
2011 2315 3554
480704 2315 3567
6611 2315 3688
2091 2315 3717
19735 2315 4069
765899 2316 3535
765902 2317 3537
379815 2318 3537
510512 2319 3540
244706 2320 3543
66505 2321 3544
765925 2322 3545
765926 2323 3545
242388 2324 3547
765964 2325 3550
765977 2326 3551
50513 2327 3553
27432 2328 3555
610614 2329 3556
766017 2330 3557
283432 2331 3563
580070 2332 3563
765662 2333 3566
766067 2334 3575
766072 2335 3576
766075 2336 3577
766097 2337 3582
766238 2337 3626
766254 2337 3631
766094 2338 3583
766100 2339 3585
766105 2340 3586
255770 2341 3587
78337 2342 3587
766112 2343 3588
29022 2344 3590
274020 2345 3590
766426 2345 3688
259744 2345 3929
351847 2345 3950
11175 2345 4740
772676 2345 5719
766123 2346 3590
765922 2347 3590
766127 2348 3591
155817 2349 3597
4508 2350 3598
766144 2351 3598
33716 2351 4501
766149 2352 3599
766174 2352 3605
29366 2353 3599
85588 2353 3883
766150 2354 3599
303508 2355 3600
766154 2356 3600
766160 2357 3600
165580 2358 3601
3420 2359 3601
766159 2360 3601
157545 2361 3601
648001 2362 3601
388018 2363 3602
766167 2364 3603
413777 2365 3603
94714 2366 3605
129090 2367 3607
766187 2368 3608
766613 2368 3752
90283 2369 3609
376479 2370 3610
766196 2371 3612
3752 2372 3612
766150 2373 3612
739078 2374 3613
508956 2375 3614
766209 2376 3615
766210 2377 3615
11868 2377 3697
766809 2377 3823
766934 2377 3868
767076 2377 3918
767149 2377 3953
766212 2378 3615
766211 2379 3616
170498 2380 3617
766214 2381 3617
74152 2382 3620
766226 2383 3621
766227 2384 3621
766230 2385 3622
766075 2386 3622
61700 2387 3622
68582 2388 3623
766236 2389 3624
253458 2390 3625
766258 2391 3632
766267 2392 3635
440397 2393 3637
765674 2394 3638
766280 2395 3639
107983 2396 3640
766292 2397 3642
766295 2398 3643
572943 2399 3644
28124 2400 3645
766302 2401 3649
766303 2402 3650
766304 2403 3651
766311 2404 3654
766312 2405 3654
128860 2406 3658
179917 2407 3658
11462 2407 4104
345598 2408 3661
766334 2409 3661
766341 2410 3662
766344 2411 3663
402822 2412 3666
766356 2413 3667
253458 2414 3667
766364 2415 3669
567843 2416 3670
766366 2417 3670
766388 2418 3676
766295 2419 3676
766405 2420 3683
6064 2421 3683
766425 2422 3686
766430 2423 3689
38674 2424 3690
766436 2425 3690
424770 2426 3693
14483 2427 3695
766453 2428 3696
766461 2429 3697
766458 2430 3697
261292 2430 6182
10064 2431 3698
2047 2432 3705
415942 2433 3706
274020 2434 3710
378523 2434 4622
11175 2434 4734
772676 2434 5722
163023 2435 3713
766518 2436 3720
771634 2436 5405
85283 2437 3720
766519 2438 3720
377332 2439 3721
610614 2440 3722
766136 2441 3722
766527 2442 3723
732552 2443 3725
766531 2444 3725
507280 2445 3725
94524 2446 3727
3015 2446 3760
37139 2446 3854
769520 2446 4700
336475 2447 3729
3259 2448 3729
766550 2449 3733
766555 2450 3735
384934 2451 3735
250552 2451 3784
766561 2452 3736
766721 2452 3791
766713 2452 3791
766717 2452 3791
766709 2452 3791
766715 2452 3791
766711 2452 3791
766566 2453 3737
342691 2454 3738
766555 2455 3739
176710 2456 3739
64628 2457 3741
766593 2458 3745
297796 2459 3746
610614 2460 3747
766598 2461 3749
766564 2462 3750
253405 2463 3751
766607 2464 3751
766647 2464 3767
5573 2465 3752
42208 2466 3753
766616 2467 3754
766621 2468 3756
610614 2469 3760
170788 2470 3762
642318 2471 3762
766633 2472 3763
766636 2473 3764
56222 2474 3764
6667 2475 3765
766643 2476 3765
6668 2477 3766
766649 2478 3768
766650 2479 3769
771300 2479 5290
772663 2479 5715
774363 2479 6265
766651 2480 3769
766652 2481 3769
56222 2482 3770
766160 2483 3773
766667 2484 3776
36606 2485 3776
718215 2486 3778
766678 2487 3779
766679 2488 3779
770163 2488 4904
766682 2489 3779
3798 2490 3782
766684 2491 3782
63011 2492 3783
766700 2493 3787
766705 2494 3788
694368 2495 3790
136745 2496 3790
50530 2497 3790
766723 2498 3792
766724 2499 3792
766725 2500 3793
766723 2501 3793
766731 2502 3795
766732 2503 3795
766733 2504 3796
327924 2505 3796
54301 2506 3796
766743 2507 3797
766742 2508 3798
96542 2509 3800
766651 2510 3801
679614 2511 3804
2011 2511 3832
480704 2511 3840
2091 2511 3849
396588 2511 3974
6611 2511 3994
55828 2511 4062
771070 2511 5206
766759 2512 3805
682053 2513 3808
16546 2514 3808
726180 2515 3812
766798 2516 3815
296243 2517 3816
610614 2518 3818
766801 2519 3818
758269 2520 3820
766808 2521 3823
339605 2522 3824
43228 2523 3829
766829 2524 3832
766782 2525 3834
132349 2526 3836
442529 2527 3838
385984 2528 3838
234031 2529 3838
229114 2530 3839
766850 2531 3842
79623 2532 3843
776372 2532 6901
532187 2533 3843
766854 2534 3843
766874 2535 3844
468039 2535 6252
766875 2536 3844
288031 2537 3844
766876 2538 3844
766880 2539 3845
766889 2540 3851
767006 2540 3901
154522 2540 3964
767313 2540 4009
689161 2540 4049
708744 2540 4108
83661 2540 4150
264895 2540 4164
766687 2540 4659
188249 2540 4667
363288 2540 4718
4303 2540 5127
583343 2540 5161
163257 2540 5449
772060 2540 5521
774272 2540 6237
774764 2540 6399
774780 2540 6406
154091 2540 6433
775319 2540 6569
766904 2541 3854
766905 2542 3855
116434 2543 3856
116329 2543 3898
772848 2543 5779
766915 2544 3858
8721 2545 3858
766919 2546 3860
548341 2547 3864
766927 2548 3865
168413 2549 3866
2011 2549 3893
480704 2549 3909
2091 2549 3917
6611 2549 3993
766931 2550 3867
766940 2551 3868
766941 2552 3868
342691 2553 3869
513158 2554 3872
56203 2555 3872
766947 2556 3872
766952 2557 3875
5284 2558 3875
539536 2559 3880
728755 2560 3880
758269 2561 3886
766969 2562 3889
19241 2563 3891
440201 2564 3892
616657 2565 3894
117750 2566 3895
27649 2567 3895
766997 2568 3898
767010 2569 3902
29784 2570 3903
767030 2571 3906
767031 2572 3907
340995 2572 6211
767036 2573 3908
767037 2574 3909
3546 2575 3909
767209 2575 3975
529029 2575 5077
327867 2575 5333
772188 2575 5570
659688 2575 5603
345559 2575 6327
336765 2575 7011
385014 2576 3910
142335 2577 3911
752481 2578 3912
689556 2579 3913
271238 2580 3916
767072 2581 3916
13902 2582 3918
45538 2583 3920
767085 2584 3923
767090 2585 3926
202190 2586 3934
767106 2587 3934
767107 2588 3934
767112 2589 3936
242360 2590 3936
379818 2591 3937
749206 2592 3941
31344 2593 3942
767125 2594 3943
390291 2595 3944
111253 2595 4012
767130 2596 3945
767131 2597 3945
386241 2597 4289
467868 2598 3948
767368 2598 4025
767135 2599 3948
385014 2600 3949
767155 2601 3955
354626 2602 3956
17059 2603 3957
767164 2604 3957
767380 2604 4030
767167 2605 3958
767174 2606 3959
767177 2607 3962
768162 2607 4267
767178 2608 3962
767185 2609 3965
767186 2610 3965
7878 2611 3967
767192 2612 3968
36606 2613 3968
623483 2614 3969
268955 2615 3978
594310 2616 3979
157396 2617 3987
13937 2618 3988
74788 2619 3990
266188 2619 4849
385054 2620 3992
18878 2621 3992
40999 2622 3992
295404 2623 3996
24539 2624 3998
767279 2625 3999
398998 2626 4001
350827 2627 4001
517330 2628 4001
767285 2629 4003
767294 2630 4006
767295 2631 4006
50885 2632 4007
767303 2633 4008
767416 2633 4040
116058 2633 4841
770945 2633 5166
12209 2633 5985
307694 2633 6084
454709 2633 6719
767310 2634 4009
767311 2635 4009
767312 2636 4009
120112 2637 4015
767336 2638 4017
767351 2639 4021
711181 2640 4021
295059 2641 4025
767374 2642 4028
116704 2643 4029
517330 2644 4030
10706 2645 4032
767402 2646 4037
767407 2647 4038
767603 2647 4101
767665 2647 4114
376799 2648 4040
767419 2649 4041
770774 2649 5114
719399 2650 4044
767435 2651 4044
767442 2652 4047
767449 2653 4048
767343 2654 4048
767457 2655 4049
740586 2656 4052
767475 2657 4054
767478 2658 4058
246123 2658 4213
580070 2659 4058
157396 2660 4059
767491 2661 4062
767500 2662 4063
767503 2663 4064
767508 2664 4068
767527 2665 4075
767534 2666 4076
642895 2667 4077
767540 2668 4078
632079 2669 4078
767557 2670 4081
767556 2671 4082
357725 2672 4084
33755 2673 4085
767566 2674 4086
767577 2675 4091
47076 2676 4091
19735 2676 4119
305970 2676 4133
83536 2676 4165
26437 2676 4333
206832 2676 4357
3468 2676 5864
683985 2676 6066
613912 2677 4095
26898 2678 4095
127305 2679 4096
767590 2680 4097
767591 2681 4097
767600 2682 4100
767613 2683 4103
767622 2684 4104
767644 2685 4108
767639 2686 4108
767645 2687 4109
767664 2688 4114
255611 2689 4115
601089 2690 4116
767675 2691 4117
767676 2692 4118
767693 2693 4123
452218 2694 4125
647033 2695 4127
767718 2696 4132
767727 2697 4139
279063 2698 4139
767733 2699 4142
27476 2700 4142
751973 2701 4143
767742 2702 4143
767777 2703 4148
767782 2704 4149
47194 2705 4149
140277 2706 4152
767799 2707 4152
767800 2708 4152
767801 2709 4153
4338 2710 4153
767817 2711 4158
767822 2712 4163
767841 2713 4166
767844 2714 4168
229753 2715 4169
767860 2716 4171
767865 2717 4171
767868 2718 4171
767875 2719 4174
767876 2720 4175
767987 2720 4217
767883 2721 4178
767884 2722 4179
758360 2723 4180
12007 2724 4181
751582 2725 4182
261574 2726 4182
440937 2727 4182
24185 2728 4185
767911 2729 4185
767912 2730 4186
300004 2731 4190
767918 2732 4191
16546 2733 4191
767931 2734 4197
767930 2735 4197
767932 2736 4197
151789 2736 4215
181066 2736 4252
75639 2736 4579
72252 2736 4835
78691 2736 5400
499421 2736 5875
175849 2736 5882
767933 2737 4198
755400 2738 4201
767955 2739 4205
767956 2740 4205
767961 2741 4207
767966 2742 4208
50853 2743 4210
244613 2744 4214
767981 2745 4216
767986 2746 4217
29000 2747 4218
747124 2748 4218
767727 2749 4222
768002 2750 4223
767982 2751 4224
768004 2752 4225
511081 2753 4228
9295 2754 4229
768013 2755 4229
768034 2756 4232
768043 2757 4233
768064 2758 4236
768069 2759 4238
54956 2760 4239
1819 2761 4239
768071 2762 4240
116375 2763 4241
768084 2764 4243
4892 2765 4243
768096 2766 4246
136095 2766 4504
768105 2767 4250
768774 2767 4478
774254 2767 6228
344198 2768 4251
168413 2769 4255
2011 2769 4262
480704 2769 4288
6611 2769 4299
2091 2769 4318
755400 2770 4257
21528 2771 4258
768135 2772 4259
755387 2773 4260
656308 2774 4260
768152 2775 4265
87072 2776 4266
768166 2777 4267
166491 2778 4268
158421 2779 4270
768183 2780 4271
667690 2781 4271
768181 2782 4271
768184 2783 4272
768187 2784 4272
716485 2785 4272
763929 2786 4274
287622 2787 4275
10497 2788 4278
655547 2789 4278
768217 2790 4282
768220 2791 4282
694727 2792 4289
723396 2793 4289
724914 2794 4293
428061 2795 4294
768269 2796 4295
767961 2797 4296
767782 2798 4296
768276 2799 4298
162776 2800 4299
768288 2801 4301
12007 2802 4302
771237 2802 5272
768292 2803 4304
768303 2804 4305
768306 2805 4306
768311 2806 4308
648809 2807 4310
768329 2808 4313
768332 2809 4313
716485 2810 4317
319277 2811 4320
768353 2812 4321
768354 2813 4321
224951 2814 4324
260917 2815 4325
28334 2816 4329
768404 2817 4336
768405 2818 4337
768311 2819 4337
768419 2820 4339
768424 2821 4342
768354 2822 4346
60347 2823 4347
768433 2824 4349
768434 2825 4349
768441 2826 4355
768448 2827 4360
455037 2828 4360
145796 2828 4410
118290 2828 4446
294795 2829 4362
759015 2830 4365
768470 2831 4366
768475 2832 4369
768478 2833 4369
768479 2834 4369
52031 2835 4370
768497 2836 4374
385014 2837 4376
9726 2838 4377
768510 2839 4377
768517 2840 4379
768424 2841 4381
214966 2842 4382
768524 2843 4382
768610 2843 4419
768525 2844 4383
776352 2844 6894
768530 2845 4387
596590 2845 5028
85716 2845 6073
768531 2846 4389
2181 2847 4390
50622 2847 4489
768537 2848 4391
773582 2848 6026
768538 2849 4391
116704 2850 4396
768564 2851 4400
623124 2852 4402
62743 2853 4402
6917 2853 4411
620348 2853 4562
769162 2853 4591
769915 2853 4815
66883 2853 5138
365653 2853 5332
437011 2853 5455
485329 2854 4402
227441 2855 4404
768581 2856 4406
159644 2857 4410
502888 2857 7077
768597 2858 4413
78085 2859 4414
768605 2860 4418
768517 2860 5873
748398 2861 4420
768627 2862 4424
768634 2863 4428
768635 2864 4428
768888 2864 4516
768642 2865 4430
768643 2866 4433
768654 2867 4438
768655 2868 4438
770410 2868 4990
768658 2869 4439
768659 2870 4441
745577 2871 4443
395802 2872 4448
292474 2873 4449
29728 2874 4452
768705 2875 4453
768720 2876 4459
117250 2877 4462
768736 2878 4465
48681 2879 4465
768740 2880 4466
768743 2881 4466
770014 2881 4847
768744 2882 4467
768747 2883 4469
768754 2884 4471
657039 2885 4472
768762 2886 4474
768763 2887 4475
43143 2888 4476
768765 2889 4476
768768 2890 4477
768771 2891 4477
264210 2892 4483
768789 2893 4484
768804 2894 4488
768804 2895 4494
387481 2896 4495
727647 2897 4498
327401 2898 4498
249000 2898 4509
13735 2898 4510
327684 2898 4515
328005 2898 4520
260463 2898 4523
768904 2898 4523
568276 2898 4525
768924 2898 4528
329023 2898 4540
768960 2898 4543
7083 2898 4543
496592 2898 4549
768981 2898 4550
768996 2898 4553
549513 2898 4555
769011 2898 4555
510168 2898 4576
375770 2898 4586
452719 2898 4606
769327 2898 4634
769343 2898 4642
501475 2898 4659
769432 2898 4677
493594 2898 4679
769477 2898 4688
769513 2898 4699
769606 2898 4720
769654 2898 4736
769666 2898 4744
458640 2898 4747
345006 2898 4752
769733 2898 4762
328813 2898 4764
769749 2898 4766
14462 2898 4810
477030 2898 4826
769957 2898 4828
769987 2898 4837
770016 2898 4848
770070 2898 4868
770075 2898 4868
770150 2898 4899
770207 2898 4925
571267 2898 4948
770369 2898 4979
770412 2898 4991
770493 2898 5013
439299 2898 5018
770590 2898 5050
378057 2898 5082
770789 2898 5120
770807 2898 5125
477903 2898 5134
770903 2898 5157
3613 2898 5166
770955 2898 5168
771044 2898 5199
771129 2898 5229
372551 2898 5236
771211 2898 5262
771510 2898 5358
771522 2898 5361
422336 2898 5389
771585 2898 5393
563285 2898 5393
62365 2898 5399
764010 2898 5420
771730 2898 5430
771872 2898 5476
771888 2898 5479
16414 2898 5497
29391 2898 5520
772080 2898 5527
772128 2898 5550
772352 2898 5611
377909 2898 5624
772522 2898 5662
268377 2898 5670
772545 2898 5671
772746 2898 5745
772850 2898 5779
504231 2898 5836
773024 2898 5849
194613 2898 5930
773351 2898 5949
773604 2898 6034
773641 2898 6045
773870 2898 6122
726743 2898 6147
531473 2898 6155
774003 2898 6159
774336 2898 6257
775626 2898 6660
775824 2898 6732
776020 2898 6793
352730 2898 6795
343918 2898 6819
418279 2898 6985
776863 2898 7052
776882 2898 7056
777100 2898 7135
777232 2898 7180
751257 2899 4498
768836 2900 4499
752767 2901 4501
21231 2902 4501
71725 2902 4772
768840 2903 4501
54122 2904 4506
112282 2905 4506
340995 2905 6204
768859 2906 4508
146168 2907 4508
60495 2908 4509
768865 2909 4510
768876 2910 4513
4022 2911 4515
16546 2912 4518
500398 2913 4518
768894 2914 4519
479194 2915 4522
768906 2916 4523
541398 2917 4528
768926 2918 4528
177578 2919 4534
362777 2919 4554
260917 2920 4534
768935 2921 4534
741052 2922 4534
384211 2923 4534
768938 2924 4535
768939 2925 4535
118728 2926 4537
161937 2927 4537
768945 2928 4537
7521 2929 4541
768917 2930 4541
14019 2931 4542
232497 2932 4545
658564 2933 4547
768970 2934 4547
768971 2935 4548
768974 2936 4548
768975 2937 4548
768976 2938 4549
758360 2939 4551
769000 2940 4554
325118 2941 4557
769024 2942 4558
769025 2943 4558
87876 2944 4559
769033 2945 4562
768979 2946 4563
734863 2947 4566
745577 2948 4570
769067 2949 4572
236264 2950 4573
642287 2951 4573
769086 2952 4576
764449 2953 4577
769102 2954 4579
769127 2955 4583
769130 2956 4584
769147 2957 4588
769156 2958 4590
769159 2959 4591
375542 2960 4591
769169 2961 4593
769170 2962 4593
769193 2963 4599
22970 2964 4600
769207 2965 4601
224822 2966 4601
769219 2967 4608
601089 2968 4610
32888 2968 4659
769231 2969 4611
22970 2970 4611
769255 2971 4616
34238 2972 4618
769277 2973 4622
183909 2974 4624
769305 2975 4629
707856 2976 4629
660441 2977 4631
260917 2978 4632
116031 2979 4637
769334 2980 4639
4986 2981 4639
261292 2981 6186
769337 2982 4639
393323 2983 4639
769340 2984 4642
769345 2985 4644
82155 2986 4647
217459 2987 4652
273139 2988 4652
670506 2989 4653
653673 2990 4654
27662 2991 4657
53392 2992 4657
21113 2993 4657
769380 2994 4657
769385 2995 4658
24880 2996 4659
120018 2996 4744
769390 2997 4659
97 2998 4660
53619 2998 4707
769689 2998 4751
29210 2998 4778
769782 2998 4779
226504 2998 4821
254614 2998 5154
18867 2998 5301
771435 2998 5333
772744 2998 5814
240144 2998 6030
769397 2999 4662
769398 3000 4662
769411 3001 4669
120018 3002 4671
769417 3003 4671
769428 3004 4675
236673 3005 4676
21729 3006 4677
769435 3007 4678
33266 3008 4678
769453 3009 4681
769472 3010 4686
8267 3011 4687
508956 3012 4687
79375 3013 4689
769709 3013 4756
42212 3014 4690
769495 3015 4693
769506 3016 4696
769511 3017 4697
45703 3018 4698
22079 3019 4700
769526 3020 4702
769529 3021 4703
769536 3022 4705
270849 3023 4705
16693 3024 4706
714704 3025 4706
261574 3026 4706
496584 3027 4707
758168 3028 4707
769553 3029 4708
769560 3030 4709
769565 3031 4712
118182 3032 4712
35125 3033 4713
161097 3034 4714
769589 3035 4716
122743 3036 4717
738084 3037 4718
728559 3038 4719
769605 3039 4719
767932 3040 4720
363288 3041 4727
183909 3042 4731
272014 3043 4731
673156 3044 4732
472111 3045 4733
769644 3046 4734
507392 3047 4734
769656 3048 4738
769659 3049 4740
769660 3050 4741
15389 3051 4742
769670 3052 4744
769675 3053 4746
697583 3054 4751
770078 3054 4869
29257 3055 4752
40493 3056 4752
224822 3057 4756
340995 3057 4786
572830 3058 4759
340995 3058 4790
769725 3059 4759
232497 3060 4760
769745 3061 4764
340995 3061 4794
769746 3062 4765
340995 3062 4801
31344 3063 4766
340995 3063 4806
468596 3064 4773
176680 3065 4775
517717 3066 4781
126179 3067 4782
616172 3068 4786
769805 3069 4786
176127 3070 4787
769815 3071 4788
6940 3072 4791
769833 3073 4793
172760 3074 4795
769839 3075 4796
94507 3076 4798
769849 3077 4798
35384 3077 5328
769854 3078 4799
42429 3079 4800
27661 3080 4802
757084 3081 4803
769886 3082 4806
766915 3083 4811
57258 3084 4811
47962 3085 4815
769928 3086 4819
769939 3087 4822
769946 3088 4825
751825 3089 4827
769952 3090 4827
12618 3091 4830
769972 3092 4831
751825 3093 4833
29542 3094 4835
769991 3095 4837
769994 3096 4839
769995 3097 4840
751825 3098 4840
769997 3099 4840
247047 3100 4841
82155 3101 4843
751825 3102 4849
770021 3103 4849
751825 3104 4857
767911 3105 4857
770046 3106 4858
770053 3107 4860
769670 3108 4863
770063 3109 4864
770064 3110 4864
656273 3111 4865
456894 3112 4868
770077 3113 4868
162098 3114 4870
770089 3115 4872
770090 3116 4873
706911 3117 4873
770114 3118 4882
770117 3119 4885
770126 3120 4888
250049 3121 4889
590275 3122 4892
771493 3122 5350
770134 3123 4892
399547 3124 4893
570016 3125 4894
82155 3126 4895
770147 3127 4898
770157 3128 4900
692039 3129 4900
534954 3130 4901
771827 3130 5464
769847 3131 4903
770162 3132 4903
2518 3133 4905
30175 3133 5291
771442 3133 5335
769782 3133 6109
769939 3134 4908
656273 3135 4914
600183 3136 4919
533329 3137 4919
770198 3138 4921
114901 3139 4926
764891 3140 4931
770225 3141 4931
770316 3141 4959
320130 3142 4934
24543 3143 4935
120465 3143 5502
193296 3144 4937
55713 3145 4941
532403 3146 4942
772190 3146 5619
770281 3147 4950
345614 3148 4950
308667 3149 4958
719399 3150 4964
770337 3151 4968
656273 3152 4970
770357 3153 4975
770368 3154 4979
137383 3155 4980
382969 3156 4983
261292 3156 6192
26149 3157 4984
231372 3158 4985
770399 3159 4985
770400 3160 4985
276836 3160 5347
33755 3161 4988
770422 3162 4997
770429 3163 4997
770324 3164 4997
314362 3165 5000
203721 3166 5003
441265 3167 5005
770470 3168 5008
770485 3169 5011
770488 3170 5012
770679 3170 5082
771623 3170 5403
708255 3170 5625
773134 3170 5886
3868 3171 5014
770504 3172 5017
770505 3173 5017
368742 3174 5017
770510 3175 5018
770893 3175 5153
71993 3176 5018
99855 3177 5020
770523 3178 5022
770522 3179 5022
69292 3180 5025
69292 3181 5028
754199 3182 5032
441265 3183 5034
770556 3184 5037
770557 3185 5037
770485 3186 5038
596590 3187 5041
770568 3188 5041
770569 3189 5042
770572 3190 5043
99855 3191 5044
770576 3192 5044
770587 3193 5048
770592 3194 5050
50210 3195 5051
653859 3196 5051
5821 3197 5054
3359 3198 5056
8853 3199 5060
468844 3200 5060
108563 3201 5061
770624 3202 5061
770631 3203 5062
411801 3204 5064
770637 3205 5065
770641 3206 5066
572262 3206 5103
770640 3207 5066
770642 3208 5066
593849 3209 5066
22123 3210 5069
29278 3211 5075
770610 3212 5078
272014 3213 5078
317718 3214 5079
2047 3215 5085
770683 3216 5085
373398 3217 5087
17120 3218 5087
256071 3219 5088
770699 3220 5091
770698 3221 5091
100155 3222 5092
776327 3222 6887
770705 3223 5095
57171 3224 5098
770713 3225 5099
770714 3226 5099
770731 3227 5102
770734 3228 5103
158889 3229 5103
770754 3230 5105
770755 3231 5106
747124 3232 5106
767932 3233 5106
499421 3233 5892
363905 3234 5110
770771 3235 5112
178866 3236 5116
587364 3237 5116
770780 3238 5117
417882 3239 5118
261292 3239 6193
770782 3240 5118
236730 3241 5119
770786 3242 5120
458997 3243 5121
327841 3244 5121
770793 3245 5121
770800 3246 5122
775231 3246 6546
770801 3247 5124
770804 3248 5124
770813 3249 5126
645393 3250 5133
587364 3251 5134
24540 3252 5134
770837 3253 5135
396673 3254 5136
770847 3255 5138
770862 3256 5140
770863 3257 5141
648869 3258 5145
770877 3259 5149
770878 3260 5149
770898 3261 5154
27293 3262 5154
763430 3263 5155
91612 3264 5155
770929 3265 5161
770820 3266 5162
396673 3267 5164
740438 3268 5165
13665 3269 5170
327841 3270 5173
47168 3271 5174
48185 3272 5174
770981 3273 5177
770984 3274 5178
708061 3275 5178
770990 3276 5179
44927 3277 5181
335207 3278 5183
770995 3279 5183
362433 3280 5184
43663 3281 5184
771004 3282 5185
335207 3283 5185
771006 3284 5186
293704 3284 6410
44927 3285 5189
40999 3286 5190
150430 3287 5194
770569 3288 5194
2518 3289 5195
240406 3290 5195
771147 3290 5240
42213 3291 5199
771046 3292 5199
771055 3293 5200
771209 3293 5262
396673 3294 5202
736596 3295 5202
647558 3296 5202
771063 3297 5203
771064 3298 5203
596590 3298 6427
11823 3298 6499
771067 3299 5205
771080 3300 5207
117964 3301 5207
771086 3302 5210
194577 3303 5212
261292 3303 6204
536921 3304 5214
89308 3305 5214
771098 3306 5214
485189 3307 5216
243729 3308 5218
771109 3309 5221
771068 3310 5221
356372 3311 5224
763820 3312 5227
771123 3313 5228
771124 3314 5229
771139 3315 5236
771142 3316 5238
16693 3317 5247
771164 3318 5247
771167 3319 5249
769939 3320 5252
771187 3321 5255
771194 3322 5258
125378 3322 5283
40188 3323 5262
103199 3324 5267
25273 3325 5268
771233 3326 5269
771542 3326 5373
62815 3327 5270
771235 3328 5271
771236 3329 5272
28620 3330 5274
771244 3331 5274
771251 3332 5276
771254 3333 5278
771257 3334 5280
356328 3335 5281
771265 3336 5282
33605 3337 5283
657176 3338 5283
771278 3339 5284
771280 3340 5284
278402 3341 5284
379815 3342 5285
771288 3343 5286
771289 3344 5286
175775 3345 5291
771305 3346 5294
114018 3347 5295
771313 3348 5299
771330 3349 5305
340995 3349 6200
767442 3350 5306
594995 3351 5308
771465 3351 5343
771343 3352 5308
771344 3353 5309
771347 3354 5309
2035 3355 5311
346911 3356 5311
48687 3357 5315
751257 3358 5317
78248 3359 5318
771375 3360 5318
771378 3361 5319
771379 3362 5320
129135 3363 5320
771385 3364 5321
771386 3365 5321
771387 3366 5322
594185 3366 6156
427237 3367 5323
53086 3368 5324
771400 3369 5324
771401 3370 5324
194856 3371 5324
516992 3372 5324
775192 3372 6530
510557 3373 5325
18119 3374 5326
771414 3375 5327
389497 3376 5330
771432 3377 5332
189701 3378 5333
25427 3379 5334
243729 3380 5337
771462 3381 5341
275978 3382 5343
533728 3383 5344
771473 3384 5346
135209 3385 5348
670506 3386 5348
701205 3387 5348
771495 3388 5350
771504 3389 5352
376789 3390 5354
298806 3391 5355
179548 3392 5356
772126 3392 5550
374011 3392 5576
18224 3392 6138
45295 3392 6372
775141 3392 6509
7052 3392 6561
22284 3392 7177
113900 3393 5359
55262 3394 5360
771528 3395 5365
771529 3396 5366
771530 3397 5367
8610 3398 5368
771539 3399 5370
617331 3400 5377
771555 3401 5377
585358 3402 5379
752697 3403 5379
771566 3404 5382
771546 3405 5383
29000 3406 5385
378548 3407 5393
771610 3408 5400
771615 3409 5401
771620 3410 5402
771627 3411 5404
376878 3412 5404
16237 3413 5405
771636 3414 5405
771641 3415 5406
771644 3416 5406
6667 3417 5407
6668 3418 5408
111494 3419 5408
384077 3420 5409
771661 3421 5411
771662 3422 5412
44927 3423 5414
203229 3424 5416
44493 3425 5416
590275 3426 5419
771687 3427 5420
772376 3427 5617
773063 3427 5862
66593 3428 5421
26300 3429 5422
771697 3430 5422
252962 3431 5423
624 3432 5423
613172 3432 5718
447872 3432 6264
771703 3433 5423
306521 3434 5426
189126 3434 5446
306736 3434 5465
772167 3434 5562
35594 3434 5650
773232 3434 5907
1239 3434 6144
314553 3434 6437
775359 3434 6581
777190 3434 7168
777193 3434 7170
771715 3435 5427
414697 3436 5433
24539 3437 5433
766798 3438 5435
268749 3439 5436
17807 3440 5438
44927 3441 5438
5643 3442 5439
636419 3443 5443
771764 3444 5445
2553 3445 5446
771870 3445 5475
25331 3445 5725
602611 3445 5736
771768 3446 5446
65652 3447 5447
771782 3448 5448
745875 3449 5450
83946 3450 5452
83966 3451 5459
164360 3452 5459
771821 3453 5461
448060 3454 5463
771858 3454 5472
771825 3455 5463
771826 3456 5463
771829 3457 5465
16546 3458 5467
68570 3458 5521
771839 3459 5468
772735 3459 5744
674372 3460 5469
275268 3461 5470
719829 3462 5471
189448 3463 5471
4163 3464 5473
389793 3465 5474
758101 3466 5477
771881 3467 5478
771882 3468 5478
771887 3469 5479
771902 3470 5482
286377 3471 5482
772043 3471 5519
772533 3471 5668
772726 3471 5741
772772 3471 5757
773595 3471 6030
250259 3472 5483
771911 3473 5484
393111 3474 5485
771919 3475 5485
87815 3476 5487
771935 3477 5487
767311 3478 5488
110935 3479 5489
771952 3480 5493
59471 3481 5494
509953 3482 5494
593849 3483 5495
771964 3484 5496
245502 3485 5498
634267 3486 5501
198198 3487 5503
10319 3488 5506
19735 3488 5873
772001 3489 5507
772006 3490 5508
273833 3491 5509
293194 3492 5509
772011 3493 5509
567743 3494 5510
73231 3495 5513
775669 3495 6678
95944 3495 7025
772016 3496 5513
772017 3497 5513
9819 3498 5514
615511 3499 5518
14296 3499 5519
6611 3499 5525
480704 3499 5527
2091 3499 5553
55828 3499 5576
7206 3499 6093
20499 3499 6112
772040 3500 5519
772155 3500 5557
772361 3500 5615
96375 3500 5765
207164 3500 5878
773487 3500 5994
107209 3501 5520
772064 3502 5522
33742 3503 5523
772072 3504 5523
772077 3505 5526
25257 3506 5531
772095 3507 5532
772096 3508 5533
772097 3509 5535
416053 3510 5536
772186 3510 5568
772319 3510 5604
772394 3510 5624
7263 3510 5771
23331 3510 6801
772101 3511 5537
8470 3512 5538
772103 3513 5538
772106 3514 5539
772115 3515 5542
772124 3516 5549
25496 3517 5550
772134 3518 5553
772143 3519 5554
772150 3520 5556
401833 3521 5556
772152 3522 5556
8802 3523 5557
772158 3524 5558
772163 3525 5560
773019 3525 5848
772166 3526 5561
772639 3526 5708
772175 3527 5564
772155 3528 5565
772179 3529 5565
772077 3530 5565
179148 3531 5568
772190 3532 5571
15668 3533 5573
772196 3534 5574
2922 3535 5576
772210 3536 5576
336352 3537 5576
772218 3538 5577
772343 3538 5609
532187 3539 5583
772243 3540 5583
437011 3541 5584
772245 3542 5584
2922 3543 5586
757698 3544 5587
318825 3545 5587
26225 3545 6285
772254 3546 5588
466367 3547 5589
385443 3548 5590
772263 3549 5590
101237 3550 5592
772275 3551 5594
775511 3551 6625
772296 3552 5600
43287 3553 5601
201962 3554 5602
204444 3554 5655
772296 3555 5602
772312 3556 5603
772321 3557 5604
378548 3558 5606
772335 3559 5607
772342 3560 5609
759015 3561 5610
772358 3562 5613
9568 3563 5617
772378 3564 5618
404087 3565 5618
19874 3566 5621
684193 3567 5623
772410 3568 5628
772417 3569 5629
47990 3570 5630
772425 3571 5632
772426 3572 5633
204883 3573 5636
772497 3573 5652
343449 3573 6272
270034 3574 5636
684193 3575 5639
772450 3576 5641
772461 3577 5644
772462 3578 5644
187795 3579 5646
772467 3580 5646
772466 3581 5646
573955 3582 5649
10291 3583 5653
251414 3584 5656
47990 3585 5658
772520 3586 5661
772521 3587 5662
564840 3587 5761
772530 3588 5667
590275 3589 5671
772218 3590 5672
771634 3590 5723
189448 3591 5677
36371 3591 6207
772566 3592 5678
772567 3593 5679
286199 3594 5681
373060 3595 5682
442403 3595 6034
47990 3596 5685
633877 3597 5685
189448 3598 5690
36371 3598 6203
772605 3599 5691
772606 3600 5692
34238 3601 5694
772614 3602 5694
772615 3603 5697
47990 3604 5697
772619 3605 5698
772620 3606 5700
707053 3607 5701
772628 3608 5704
389395 3609 5708
10291 3610 5711
47990 3611 5712
361503 3612 5713
269703 3613 5717
772425 3614 5718
772673 3615 5718
234329 3616 5721
190301 3617 5724
772690 3618 5725
45214 3619 5727
772615 3620 5728
130704 3621 5729
772707 3622 5730
772706 3623 5731
772712 3624 5733
772713 3625 5735
772718 3626 5737
772721 3627 5739
561225 3628 5740
772725 3629 5741
772729 3630 5741
772011 3631 5742
318455 3632 5742
772733 3633 5743
772734 3634 5743
87815 3635 5745
772750 3636 5747
772757 3637 5751
772774 3638 5759
771343 3638 5891
402533 3639 5763
771881 3640 5763
772793 3641 5766
101238 3642 5766
411019 3643 5768
772806 3644 5768
161937 3645 5769
772425 3646 5769
772809 3647 5769
772812 3648 5770
772829 3649 5774
772830 3650 5774
772847 3651 5778
179548 3652 5781
193000 3653 5786
772866 3654 5787
772868 3655 5787
772867 3656 5787
772873 3657 5791
76063 3658 5793
772867 3659 5802
772906 3660 5803
772425 3661 5803
763976 3662 5803
130929 3663 5806
772916 3664 5807
242388 3665 5811
296243 3666 5813
772923 3667 5813
772938 3668 5814
773496 3668 6382
772945 3669 5816
83209 3670 5817
772949 3671 5818
7271 3672 5819
772999 3672 5838
773093 3672 5873
773360 3672 5951
773393 3672 5965
776048 3672 6798
777199 3672 7172
772953 3673 5820
234188 3674 5822
772959 3675 5822
321540 3676 5822
772965 3677 5825
772966 3678 5825
314257 3679 5829
42409 3680 5834
161363 3680 6698
772991 3681 5835
21113 3682 5838
682053 3683 5840
773006 3684 5841
773017 3685 5847
773018 3686 5848
773021 3687 5848
340522 3688 5850
729037 3689 5851
195242 3690 5851
95664 3691 5857
773054 3692 5858
773057 3693 5860
775506 3693 6622
58206 3694 5861
256662 3694 5861
261779 3694 5935
256661 3694 5970
1442 3694 6018
262161 3694 6054
263295 3694 6061
399605 3694 6071
1774 3694 6121
65597 3694 6141
259665 3694 6304
259772 3694 6313
388552 3694 6322
260585 3694 6396
261192 3694 6465
772462 3695 5865
773072 3696 5866
773085 3697 5872
773090 3698 5873
773151 3698 5890
4108 3699 5877
11973 3700 5878
773111 3701 5880
531905 3702 5880
773119 3703 5881
773122 3704 5882
207175 3705 5883
573955 3706 5886
448338 3707 5889
495769 3708 5890
773181 3709 5895
41573 3710 5895
773197 3711 5897
773210 3712 5899
773217 3713 5901
773218 3714 5902
773221 3715 5903
773234 3716 5909
773239 3717 5910
773252 3718 5913
4108 3719 5914
291944 3720 5915
659931 3721 5916
773262 3722 5918
32686 3723 5919
345705 3724 5919
773275 3725 5922
773276 3726 5922
137666 3727 5923
773280 3728 5924
773281 3729 5924
43228 3730 5926
203097 3731 5929
595209 3732 5933
773303 3733 5934
773312 3734 5936
773315 3735 5937
773316 3736 5938
773317 3737 5938
773322 3738 5939
13452 3739 5942
234821 3740 5942
773335 3741 5944
222204 3742 5945
293240 3743 5946
301732 3744 5947
15587 3745 5949
49708 3746 5952
773366 3747 5953
568379 3748 5954
773373 3749 5955
773388 3750 5962
773397 3751 5966
280824 3752 5967
278348 3753 5967
658265 3754 5969
658298 3754 5984
773702 3754 6068
773872 3754 6123
306020 3754 6152
776111 3754 6814
776246 3754 6856
21432 3755 5971
773418 3756 5973
773419 3757 5973
92806 3758 5973
49820 3759 5974
209167 3760 5974
773252 3761 5977
20194 3762 5980
92806 3763 5980
163597 3764 5981
92806 3765 5984
773239 3766 5986
775057 3766 6484
775723 3766 6697
776265 3766 6865
464968 3767 5987
92806 3768 5989
773388 3769 5994
774180 3770 5997
278402 3770 6205
15389 3771 6003
180009 3772 6005
773528 3773 6005
773529 3774 6006
773534 3775 6006
773535 3776 6008
175420 3777 6014
773547 3778 6015
25805 3779 6016
773557 3780 6017
774996 3780 6466
83817 3781 6017
773569 3782 6021
773570 3783 6021
773891 3783 6129
771343 3783 6150
773575 3784 6025
773588 3785 6028
773573 3786 6031
773612 3787 6035
5374 3788 6035
5893 3789 6038
5279 3790 6045
773573 3791 6046
773653 3792 6048
771473 3793 6050
773669 3794 6056
40472 3795 6059
773671 3796 6059
773672 3797 6059
773677 3798 6061
773680 3799 6062
337874 3800 6062
773682 3801 6063
773691 3802 6064
773694 3803 6066
272014 3804 6067
773708 3805 6070
773717 3806 6074
351450 3807 6076
773731 3808 6077
59471 3809 6079
773735 3810 6079
105451 3811 6081
5643 3812 6083
773749 3813 6083
40999 3814 6084
759556 3815 6086
773777 3816 6092
773787 3817 6093
222579 3818 6094
773788 3819 6094
51743 3820 6096
773796 3821 6097
68406 3822 6098
122919 3823 6098
256342 3824 6104
413184 3825 6106
9952 3826 6108
221625 3827 6110
773841 3828 6113
9998 3829 6114
689471 3829 6209
774241 3829 6223
774453 3829 6290
774484 3829 6300
203809 3829 6408
357725 3830 6115
358639 3831 6116
773847 3832 6116
773856 3833 6118
773865 3834 6121
34366 3835 6126
773885 3836 6127
773886 3837 6128
34384 3838 6129
773893 3839 6129
773897 3840 6130
775253 3840 6553
773901 3841 6130
243290 3842 6130
3608 3843 6132
773907 3844 6132
773910 3845 6133
773913 3846 6135
773930 3847 6138
773935 3848 6139
748830 3849 6141
773947 3850 6144
773948 3851 6145
773965 3852 6149
1603 3853 6150
773977 3854 6152
773978 3855 6153
773981 3856 6154
773996 3857 6157
774001 3858 6158
774002 3859 6158
179635 3860 6160
322922 3861 6163
773949 3862 6165
769231 3863 6165
737589 3864 6168
769231 3865 6168
774031 3866 6169
239072 3867 6170
774037 3868 6170
29542 3869 6171
773893 3870 6171
198265 3871 6172
774047 3872 6174
774052 3873 6175
774053 3874 6175
774063 3875 6177
774062 3876 6177
773677 3877 6180
294253 3878 6180
774076 3879 6180
774089 3880 6183
774170 3880 6202
15417 3881 6185
774095 3882 6185
774102 3883 6186
774103 3884 6187
774104 3885 6188
774113 3886 6190
774114 3887 6190
21644 3888 6193
774134 3889 6193
31383 3890 6195
774158 3891 6199
774165 3892 6201
774172 3893 6203
774185 3894 6205
774192 3895 6207
774193 3896 6208
774202 3897 6210
746291 3898 6213
774212 3899 6214
51842 3900 6217
774232 3901 6218
184602 3902 6218
774236 3903 6221
896 3904 6222
155203 3904 6841
643202 3904 7134
774240 3905 6223
774243 3906 6223
774406 3906 6274
29542 3907 6223
774342 3907 6258
774249 3908 6223
774258 3909 6232
776441 3909 6923
774267 3910 6235
774284 3911 6239
8955 3912 6240
41478 3913 6245
368918 3914 6245
16314 3915 6248
466447 3916 6249
774320 3917 6253
52401 3918 6254
774326 3919 6255
742046 3920 6256
774166 3921 6259
774347 3922 6259
107571 3923 6259
774351 3924 6261
29444 3925 6263
774369 3926 6266
535511 3927 6269
774387 3928 6270
432591 3929 6271
774391 3930 6271
324794 3931 6272
625449 3932 6273
774410 3933 6276
772134 3934 6280
774320 3935 6282
774443 3936 6286
774452 3937 6288
774457 3938 6290
774458 3939 6290
9611 3940 6291
4857 3941 6294
774320 3942 6294
15255 3943 6297
15254 3943 6652
675759 3944 6299
774627 3944 6356
774496 3945 6306
684788 3946 6306
670292 3947 6306
24540 3948 6308
284358 3949 6309
4857 3950 6311
774520 3951 6311
774530 3952 6315
199520 3953 6316
774531 3954 6317
774534 3955 6319
24264 3956 6320
762400 3957 6321
774537 3958 6321
774546 3959 6325
774547 3960 6326
774552 3961 6328
774559 3962 6332
552270 3963 6333
1603 3964 6334
372074 3965 6337
402636 3966 6338
774580 3967 6340
774595 3968 6344
774598 3969 6345
774457 3970 6346
774608 3971 6349
774457 3972 6354
774622 3973 6354
774629 3974 6357
774638 3975 6358
663171 3976 6361
774652 3977 6363
774661 3978 6364
774666 3979 6365
774667 3980 6366
29534 3981 6367
42446 3982 6369
163834 3983 6372
164232 3983 6427
164245 3983 6427
164251 3983 6427
164234 3983 6427
164236 3983 6427
164241 3983 6427
164249 3983 6427
164239 3983 6427
183728 3984 6372
774692 3985 6375
774693 3986 6376
774694 3987 6376
774695 3988 6377
98123 3989 6379
774705 3990 6381
35238 3991 6382
774711 3992 6383
701533 3993 6384
774717 3994 6384
774724 3995 6386
774731 3996 6389
699065 3997 6391
261292 3997 6546
774745 3998 6393
774750 3999 6394
48687 4000 6399
774770 4001 6400
774771 4002 6400
8996 4003 6401
9071 4003 6591
596590 4004 6402
775701 4004 6688
774784 4005 6407
545212 4006 6408
326682 4007 6414
774807 4008 6417
774808 4009 6418
774813 4010 6423
774844 4011 6427
93573 4012 6429
774862 4013 6431
774866 4014 6431
515992 4015 6431
389807 4016 6433
117310 4016 6618
774890 4017 6440
774891 4018 6440
43228 4019 6441
774820 4020 6445
774934 4021 6452
774936 4022 6452
774935 4023 6452
774939 4024 6452
774942 4025 6453
774943 4026 6453
331810 4027 6454
769231 4028 6454
774948 4029 6454
742046 4030 6455
774980 4031 6463
774983 4032 6464
775000 4033 6468
775003 4034 6468
661382 4035 6469
775009 4036 6470
127995 4037 6473
486439 4038 6473
775188 4038 6530
47009 4038 6554
508382 4039 6475
774417 4040 6477
43273 4041 6478
775039 4042 6480
775052 4043 6484
321540 4044 6485
775062 4045 6485
682623 4046 6486
378319 4047 6487
378319 4048 6488
188640 4049 6488
775071 4050 6490
9781 4051 6491
458804 4052 6492
587700 4053 6494
775095 4054 6495
775096 4055 6496
775097 4056 6497
775112 4057 6500
775115 4058 6500
637535 4059 6500
773534 4060 6505
49348 4061 6506
775147 4062 6510
100785 4063 6511
775163 4064 6514
23537 4065 6516
39100 4066 6518
775170 4067 6518
775171 4068 6519
775172 4069 6520
775177 4070 6523
172299 4071 6525
650385 4072 6527
775186 4073 6528
775187 4074 6528
775206 4075 6533
775213 4076 6538
775216 4077 6539
707180 4078 6540
682623 4079 6541
775220 4080 6541
775222 4081 6541
775223 4082 6543
56749 4083 6544
775229 4084 6545
775230 4085 6546
775235 4086 6546
567153 4087 6547
775263 4088 6556
230978 4088 6590
775277 4089 6558
775272 4090 6558
63228 4091 6560
576487 4092 6560
695 4093 6560
775297 4094 6562
743808 4095 6562
775317 4096 6568
775318 4097 6568
622832 4098 6570
775332 4099 6572
775341 4100 6575
775346 4101 6576
238485 4102 6577
775348 4103 6577
775353 4104 6580
59836 4104 6616
37193 4104 6669
146855 4105 6581
659052 4106 6582
771608 4107 6582
775369 4108 6584
107209 4109 6587
347345 4110 6591
231756 4110 6636
775386 4111 6596
374908 4112 6596
775397 4113 6597
775766 4113 6710
776299 4113 6879
775394 4114 6597
727217 4115 6598
775400 4116 6599
775466 4116 6612
775464 4116 6612
775462 4116 6612
775915 4116 6758
414079 4117 6599
479283 4118 6599
775418 4119 6602
608699 4120 6603
775357 4121 6605
508160 4122 6606
59311 4123 6606
775439 4124 6607
775440 4125 6607
775445 4126 6609
775448 4127 6609
759197 4128 6609
7180 4129 6610
775453 4130 6611
775456 4131 6611
775461 4132 6612
96003 4133 6614
775471 4134 6615
775490 4135 6618
302251 4136 6618
775496 4137 6618
85076 4138 6620
775317 4139 6625
775509 4140 6625
43228 4141 6625
59471 4142 6625
775517 4143 6626
775521 4144 6626
775522 4145 6627
531473 4146 6628
10228 4147 6629
475042 4148 6630
775544 4149 6631
376130 4150 6636
775558 4151 6638
630457 4152 6638
775564 4153 6640
775565 4154 6640
775566 4155 6640
69688 4156 6641
154928 4157 6643
775177 4158 6644
20660 4159 6645
775584 4160 6645
775587 4161 6646
775588 4162 6647
40999 4163 6649
763513 4164 6652
775607 4165 6652
239763 4166 6653
775615 4167 6655
25061 4168 6657
39100 4169 6660
613297 4170 6661
776541 4171 6662
776540 4171 6953
775633 4172 6662
775634 4173 6663
540779 4174 6663
243702 4175 6664
397111 4176 6666
775644 4177 6667
13057 4177 6700
775653 4178 6669
660573 4179 6671
775659 4180 6672
210985 4181 6673
2318 4182 6679
347345 4183 6681
775686 4184 6681
775694 4185 6685
775695 4186 6685
775700 4187 6687
775705 4188 6690
775712 4189 6693
641038 4190 6694
39100 4190 6706
775722 4191 6696
646840 4192 6697
139233 4193 6697
775733 4194 6699
621968 4195 6700
274350 4196 6702
74416 4197 6704
1701 4198 6705
719675 4198 6726
776250 4198 6859
745 4199 6705
775758 4200 6707
775763 4201 6710
118764 4202 6710
775789 4203 6719
775790 4204 6719
775842 4204 6739
752778 4205 6720
343958 4206 6725
775818 4207 6729
47751 4208 6729
251918 4209 6732
775827 4210 6735
776792 4210 7036
775828 4211 6735
466276 4212 6736
775832 4213 6736
303984 4214 6737
775852 4215 6741
775867 4216 6746
221234 4217 6746
775887 4218 6753
5221 4219 6757
12078 4219 6771
776668 4219 6998
776890 4219 7060
775921 4220 6758
381041 4221 6760
12959 4222 6762
775935 4223 6762
775855 4224 6763
24434 4225 6766
251918 4226 6772
775982 4227 6774
473945 4228 6776
775988 4229 6777
775993 4230 6779
473945 4231 6780
305124 4232 6787
640131 4233 6795
614506 4234 6796
410276 4235 6798
776157 4235 6828
775357 4236 6800
38921 4237 6800
776067 4238 6802
776072 4239 6803
517106 4240 6803
10500 4241 6808
11305 4241 6823
776091 4242 6808
776092 4243 6809
776097 4244 6810
776106 4245 6812
776129 4246 6818
255377 4247 6819
721089 4248 6820
107448 4249 6823
144602 4250 6824
363905 4251 6826
776161 4252 6828
326682 4253 6829
379488 4254 6830
532996 4255 6830
329120 4256 6831
682974 4257 6834
410264 4258 6837
776193 4259 6837
685155 4260 6838
776196 4261 6838
776197 4262 6839
776198 4263 6839
396707 4264 6841
776203 4265 6841
158341 4266 6842
2035 4267 6844
265530 4267 7050
222873 4268 6844
776212 4269 6844
776215 4270 6845
329120 4271 6846
21362 4272 6846
777096 4272 7134
470136 4273 6846
776223 4274 6847
608151 4275 6850
2047 4276 6852
776234 4277 6853
387059 4278 6855
776248 4279 6856
25526 4280 6857
188750 4281 6861
61651 4282 6861
776256 4283 6862
658906 4284 6862
331683 4285 6865
776269 4286 6866
776270 4287 6867
776271 4288 6867
776278 4289 6869
776279 4290 6870
776280 4291 6872
776283 4292 6873
19777 4293 6878
776301 4294 6879
776304 4295 6879
776305 4296 6880
776314 4297 6882
776315 4298 6882
776324 4299 6886
776333 4300 6888
21644 4301 6890
29784 4302 6890
776354 4303 6894
545710 4303 6966
775615 4304 6895
776362 4305 6898
644519 4306 6899
727340 4307 6903
776381 4308 6905
776394 4309 6906
776405 4310 6910
776410 4311 6911
776413 4312 6912
434879 4313 6913
721089 4314 6915
776420 4315 6916
202190 4316 6917
776424 4317 6917
590275 4318 6920
177578 4319 6920
776447 4320 6924
776456 4321 6928
776459 4322 6929
776466 4323 6932
776471 4324 6933
776474 4325 6934
772847 4326 6934
776476 4327 6934
776481 4328 6936
86557 4329 6936
128804 4330 6936
677792 4331 6940
776497 4332 6940
775921 4333 6940
776513 4334 6948
776522 4335 6949
776531 4336 6950
224695 4337 6951
776535 4338 6952
107448 4339 6954
776543 4340 6954
483747 4341 6956
689032 4342 6958
770631 4343 6960
776567 4344 6962
736889 4345 6963
21644 4346 6963
2212 4347 6965
776405 4348 6966
246312 4349 6967
177578 4350 6967
385984 4351 6970
775921 4352 6972
776594 4353 6973
635852 4354 6974
776598 4355 6974
776607 4356 6976
776610 4357 6978
776611 4358 6978
776612 4359 6978
60553 4360 6980
776618 4361 6980
776619 4362 6982
776630 4363 6984
776633 4364 6985
29071 4365 6985
397111 4366 6985
776640 4367 6986
776643 4368 6987
776644 4369 6988
776651 4370 6989
775496 4371 6990
776659 4372 6993
776660 4373 6994
776663 4374 6996
776666 4375 6997
776611 4376 6998
130192 4377 7001
379488 4378 7003
776684 4379 7004
17565 4380 7004
776696 4381 7010
776703 4382 7011
74416 4383 7011
455981 4384 7013
776618 4385 7016
455303 4386 7019
13146 4387 7020
26943 4388 7021
429592 4389 7021
776747 4390 7023
776754 4391 7024
776757 4392 7025
774212 4393 7025
776769 4394 7028
776770 4395 7029
776771 4396 7030
88455 4397 7030
201911 4398 7033
734214 4399 7033
776783 4400 7033
25496 4401 7033
776791 4402 7035
429915 4403 7036
776795 4404 7036
577672 4405 7037
47990 4406 7042
776818 4407 7042
776819 4408 7042
776822 4409 7043
776829 4410 7045
11973 4411 7046
480791 4412 7046
776842 4413 7048
204420 4414 7048
107448 4415 7048
261 4416 7049
776850 4417 7049
776619 4418 7053
704231 4419 7053
72460 4420 7055
15389 4421 7056
72460 4422 7057
776888 4423 7059
776889 4424 7060
776900 4425 7061
776910 4426 7063
78352 4427 7063
776917 4428 7064
400554 4429 7068
776931 4430 7068
356474 4431 7069
776933 4432 7069
776938 4433 7073
776945 4434 7076
776950 4435 7078
203965 4436 7079
737671 4437 7082
776964 4438 7082
107448 4439 7083
776969 4440 7083
776969 4441 7083
776969 4442 7083
776969 4443 7083
776659 4444 7084
555556 4445 7086
29542 4446 7089
402508 4447 7092
508450 4448 7092
776998 4449 7094
776999 4450 7097
455981 4451 7101
777019 4452 7102
777020 4453 7102
16693 4454 7103
254696 4455 7105
777037 4456 7107
776795 4457 7107
777041 4458 7108
777042 4459 7109
455981 4460 7111
777044 4461 7112
777047 4462 7112
340715 4463 7114
402508 4464 7117
777058 4465 7118
777059 4466 7119
777066 4467 7120
777019 4468 7123
777086 4469 7128
777087 4470 7129
455981 4471 7131
777091 4472 7132
777106 4473 7138
777111 4474 7140
777112 4475 7141
31267 4476 7144
165161 4477 7145
777125 4478 7147
455981 4479 7148
777135 4480 7150
89207 4481 7151
777139 4482 7152
27522 4483 7155
777146 4484 7155
33248 4485 7156
777149 4486 7157
251918 4487 7160
777165 4488 7161
777168 4489 7162
168189 4490 7166
245403 4491 7166
81962 4492 7168
777192 4493 7169
777218 4493 7177
777197 4494 7171
2879 4495 7172
777201 4496 7172
772017 4497 7172
101073 4498 7173
159900 4499 7174
777217 4500 7176
849404 4501 7177
687074 4502 7183
777249 4503 7185
371878 4504 7187
327654 4505 7187
777260 4506 7190
754199 4507 7190
