765259 738965 0
508071 483345 0
70874 81393 0
726180 738989 0
726180 738990 0
739103 1051 0
461281 1051 0
739109 1051 0
739121 1051 0
739155 1051 0
153209 1051 0
739275 1051 0
43913 1051 0
17930 1051 0
235740 1051 0
36090 1051 0
258088 1051 0
17711 1051 0
446166 1051 0
739621 1051 0
739890 1051 0
740086 1051 0
253726 1051 0
732587 1051 0
348876 1051 0
293739 1051 0
740909 1051 0
21979 1051 0
80147 1051 0
19034 1051 0
741203 1051 0
741854 1051 0
7361 1051 0
742316 1051 0
643505 1051 0
37100 1051 0
744255 1051 0
744320 1051 0
744874 1051 0
735278 1051 0
233389 1051 0
645483 1051 0
746888 1051 0
747306 1051 0
488218 1051 0
747520 1051 0
748450 1051 0
750407 1051 0
750880 1051 0
40273 1051 0
411284 1051 0
752334 1051 0
752601 1051 0
754498 1051 0
755221 1051 0
757238 1051 0
758272 1051 0
758562 1051 0
760748 1051 0
760953 1051 0
765516 1051 0
125378 738618 0
277698 739051 0
741282 632263 0
158604 739183 0
733756 739183 0
763435 148879 0
172852 267252 0
96 267252 0
686994 267252 0
739405 737733 0
179635 737733 0
740717 737733 0
741199 737733 0
741203 737733 0
741686 737733 0
741698 737733 0
339582 737733 0
325215 737733 0
753696 737733 0
755463 737733 0
35594 737733 0
756382 737733 0
765332 737733 0
726180 96542 0
740391 4069 0
181022 158354 0
459527 502846 0
743060 739470 0
737671 739500 0
96542 739500 0
726180 739500 0
726180 738990 0
75639 738990 0
252669 426233 0
220101 426233 0
282640 426233 0
740172 739628 0
740026 739676 0
740756 739677 0
743196 739677 0
726180 738989 0
726180 96542 0
577335 582486 0
738973 749192 0
24719 739838 0
741108 739858 0
742298 487102 0
740190 739879 0
232767 485478 0
174430 485478 0
100175 485478 0
28756 485478 0
391506 485478 0
741905 485478 0
369462 485478 0
241840 485478 0
743802 485478 0
66441 485478 0
9308 485478 0
113065 485478 0
22558 485478 0
1975 485478 0
4972 485478 0
750274 485478 0
479283 485478 0
751644 485478 0
751836 485478 0
752089 485478 0
11792 485478 0
196194 485478 0
754535 485478 0
755453 485478 0
7361 485478 0
758211 485478 0
758686 485478 0
759163 485478 0
759582 485478 0
760238 485478 0
760568 485478 0
761037 485478 0
215346 485478 0
765396 485478 0
341144 252669 0
147613 252669 0
46854 252669 0
138242 252669 0
282640 252669 0
726180 96542 0
338617 739500 0
737671 739500 0
96542 739500 0
726180 739500 0
68570 81393 0
746793 176909 0
742995 740100 0
740258 341432 0
742302 91706 0
740407 116027 0
740445 116027 0
740524 116027 0
740623 116027 0
593107 116027 0
146759 116027 0
164886 116027 0
165483 116027 0
655132 116027 0
82192 116027 0
668773 116027 0
362092 116027 0
198844 116027 0
747869 116027 0
180331 116027 0
753604 116027 0
7361 116027 0
757043 116027 0
118737 116027 0
726180 96542 0
637937 740301 0
748294 740301 0
752535 740317 0
765459 740317 0
459527 351371 0
599355 350536 0
740436 252669 0
138242 252669 0
282640 252669 0
750017 740405 0
303807 75867 0
303813 75867 0
741113 75867 0
304829 75867 0
327970 75867 0
748155 75867 0
637039 75867 0
123357 75867 0
746602 740438 0
742223 740456 0
741070 740470 0
726180 96542 0
220101 677119 0
28100 677119 0
157873 677119 0
599860 677119 0
479120 677119 0
3683 740690 0
726180 739500 0
737671 739500 0
96542 739500 0
726180 96542 0
485478 740732 0
364401 740792 0
216241 740809 0
745506 740809 0
182372 6995 0
505286 320292 0
726180 738989 0
744015 741196 0
746046 611613 0
719911 741335 0
20196 741448 0
742227 741469 0
621113 740792 0
6437 741673 0
744848 741690 0
737671 739500 0
96542 739500 0
726180 739500 0
204620 741736 0
258892 18009 0
140707 18009 0
37327 18009 0
742733 18009 0
468344 18009 0
741938 734053 0
178864 734053 0
596255 734053 0
379 296978 0
406456 386241 0
741364 386241 0
669566 386241 0
306441 742187 0
26790 311766 0
758385 311766 0
18518 27375 0
127346 27375 0
752262 27375 0
237939 27375 0
245801 27375 0
742448 742415 0
737671 739500 0
96542 739500 0
726180 739500 0
362777 177578 0
25061 6 0
3603 6 0
764753 6 0
742776 8300 0
82926 742545 0
18399 742545 0
744119 742545 0
712211 742545 0
752298 742545 0
573669 742545 0
2577 742545 0
752970 742545 0
753241 742545 0
211428 16 0
742744 16 0
81162 16 0
233829 16 0
1971 16 0
28164 16 0
302963 16 0
742780 16 0
160070 16 0
125093 16 0
62704 16 0
269533 16 0
742823 16 0
233044 16 0
340721 16 0
19948 16 0
742863 16 0
742867 16 0
191581 16 0
742889 16 0
742898 16 0
742911 16 0
742940 16 0
742958 16 0
742973 16 0
45205 16 0
742976 16 0
742986 16 0
743001 16 0
743014 16 0
220204 16 0
743043 16 0
245217 16 0
428015 16 0
41577 16 0
513769 16 0
743136 16 0
16547 16 0
58028 16 0
743189 16 0
289320 16 0
613562 16 0
145720 16 0
590930 16 0
743263 16 0
743314 16 0
743328 16 0
723587 16 0
374102 16 0
98676 16 0
594688 16 0
622952 16 0
52034 16 0
42895 16 0
29890 16 0
119502 16 0
743573 16 0
743597 16 0
743605 16 0
45295 16 0
362958 16 0
41483 16 0
44956 16 0
31116 16 0
743800 16 0
500658 16 0
743840 16 0
37100 16 0
624847 16 0
743912 16 0
268818 16 0
560079 16 0
56470 16 0
258088 16 0
163503 16 0
744093 16 0
111037 16 0
744179 16 0
743869 16 0
744355 16 0
744347 16 0
744368 16 0
744409 16 0
258485 16 0
744456 16 0
152989 16 0
30259 16 0
744527 16 0
744559 16 0
744608 16 0
72398 16 0
744663 16 0
39111 16 0
108877 16 0
317706 16 0
744854 16 0
93370 16 0
744890 16 0
744929 16 0
60142 16 0
468220 16 0
138242 16 0
54542 16 0
596841 16 0
67772 16 0
206825 16 0
189246 16 0
745630 16 0
27356 16 0
516517 16 0
745995 16 0
746129 16 0
746292 16 0
52182 16 0
743415 16 0
198047 16 0
746471 16 0
746510 16 0
82936 16 0
198265 16 0
746683 16 0
262439 16 0
413755 16 0
260670 16 0
746868 16 0
2941 16 0
1047 16 0
2077 16 0
313929 16 0
747247 16 0
296773 16 0
38961 16 0
4417 16 0
747880 16 0
12326 16 0
25495 16 0
749007 16 0
188830 16 0
434549 16 0
36492 16 0
749137 16 0
749472 16 0
749514 16 0
196942 16 0
719534 16 0
749920 16 0
10760 16 0
211973 16 0
172605 16 0
72144 16 0
741203 16 0
750927 16 0
750993 16 0
6803 16 0
751320 16 0
25698 16 0
751473 16 0
751480 16 0
340879 16 0
84707 16 0
751847 16 0
200545 16 0
752388 16 0
152468 16 0
752477 16 0
712 16 0
291187 16 0
3603 16 0
183537 16 0
116343 16 0
36296 16 0
754320 16 0
754506 16 0
508071 16 0
7578 16 0
7361 16 0
107668 16 0
213289 16 0
756005 16 0
756149 16 0
756451 16 0
6177 16 0
8496 16 0
296026 16 0
185642 16 0
697027 16 0
596246 16 0
61314 16 0
757637 16 0
757763 16 0
85321 16 0
71649 16 0
297583 16 0
758326 16 0
56677 16 0
758882 16 0
51173 16 0
760737 16 0
761047 16 0
761858 16 0
514190 16 0
763290 16 0
81299 16 0
763441 16 0
763448 16 0
763904 16 0
708685 16 0
60400 16 0
764587 16 0
764780 16 0
765005 16 0
765271 16 0
766103 16 0
220742 42939 0
14296 742754 0
14144 742754 0
2011 742754 0
480704 742754 0
2091 742754 0
6611 742754 0
4937 742754 0
743028 742819 0
103940 48245 0
743960 48245 0
54542 48245 0
227301 48245 0
503972 48245 0
46781 48245 0
48257 48245 0
764353 48245 0
743121 8300 0
404332 469459 0
763316 469459 0
435833 743065 0
756431 743104 0
743310 743144 0
760261 598771 0
125378 743185 0
107887 743185 0
756638 743185 0
107833 743245 0
232947 743245 0
745246 463943 0
744391 743485 0
744393 743485 0
744637 743485 0
744902 743485 0
753219 743485 0
743627 743565 0
427890 743565 0
586678 743565 0
286088 743565 0
435791 743565 0
342481 743565 0
745692 743565 0
745882 743565 0
746043 743565 0
746156 743565 0
746268 743565 0
208024 743565 0
747021 743565 0
732581 743565 0
747257 743565 0
357879 743565 0
435441 743565 0
435557 743565 0
750929 743565 0
751017 743565 0
104498 743565 0
596924 743565 0
665553 743565 0
751316 743565 0
751867 743565 0
75463 743565 0
752558 743565 0
753155 743565 0
753179 743565 0
133441 743565 0
331967 743565 0
747392 743565 0
748655 743565 0
419006 743565 0
190580 743565 0
658193 743565 0
610614 743565 0
29937 743565 0
29391 743565 0
577901 743565 0
763297 743565 0
763321 743565 0
764237 743565 0
183914 743565 0
743993 6003 0
744098 743623 0
455018 347345 0
340995 743661 0
340995 49852 0
744299 84573 0
340995 16546 0
340995 92303 0
340995 487447 0
745986 743915 0
385287 743926 0
70891 743926 0
744341 743926 0
745163 743926 0
745198 743926 0
701882 743926 0
189779 743926 0
750682 743926 0
751924 743926 0
758181 743926 0
118737 743926 0
762466 743926 0
750554 743988 0
749449 744066 0
126871 10077 0
744301 744122 0
573006 744122 0
18864 744149 0
744411 744149 0
744459 744149 0
302260 744149 0
717441 744149 0
745562 744149 0
746985 744149 0
351284 744149 0
318210 744149 0
68904 744149 0
750413 744149 0
753165 744149 0
737671 739500 0
96542 739500 0
726180 739500 0
746206 746207 0
1152 746207 0
760981 746207 0
744982 105128 0
226602 105128 0
759257 105128 0
755509 643911 0
753219 744274 0
754202 16006 0
746584 744361 0
435833 744386 0
745593 744386 0
60879 744386 0
472772 744386 0
224633 744386 0
752836 744395 0
744868 2212 0
211428 2212 0
55956 2212 0
748651 2212 0
60875 2212 0
540649 2212 0
750215 2212 0
96 2212 0
309568 2212 0
753544 2212 0
754559 2212 0
45642 2212 0
763683 2212 0
747628 744567 0
749794 744567 0
761941 744567 0
762355 744567 0
763879 744567 0
195758 744567 0
748306 743397 0
748730 743397 0
396669 743397 0
750739 743397 0
695705 743397 0
756435 743397 0
745041 744358 0
92806 11097 0
745117 18684 0
268976 18684 0
746005 18684 0
110048 574069 0
761039 128665 0
747511 744823 0
562954 18163 0
745206 18163 0
3712 18163 0
724793 18163 0
377078 18163 0
749760 18163 0
52400 18163 0
241673 18163 0
314107 18163 0
88748 18163 0
756946 18163 0
745375 386227 0
737671 739500 0
96542 739500 0
726180 739500 0
746154 54138 0
746727 745089 0
762959 745089 0
485478 9308 0
761462 745143 0
744567 745149 0
745999 745149 0
747628 745149 0
601495 88484 0
82837 88484 0
746246 88484 0
748161 88484 0
100785 242388 0
745019 745283 0
760505 745332 0
737671 739500 0
96542 739500 0
726180 739500 0
18684 268976 0
11892 643383 0
259414 643383 0
61512 643383 0
648296 643383 0
133449 643383 0
86179 643383 0
172147 643383 0
10984 643383 0
101412 643383 0
162024 643383 0
746281 643383 0
181066 643383 0
666935 643383 0
746673 643383 0
118955 643383 0
747698 643383 0
438520 643383 0
151789 643383 0
367586 643383 0
749247 643383 0
9808 643383 0
675759 643383 0
680669 643383 0
754502 643383 0
755573 643383 0
179589 643383 0
152046 643383 0
152048 643383 0
152052 643383 0
152050 643383 0
746687 617677 0
746847 617677 0
750361 617677 0
751751 745575 0
745717 444265 0
3583 745639 0
745850 745639 0
19185 745639 0
748874 745628 0
58859 16078 0
34504 16078 0
48214 12947 0
750659 649455 0
548855 745909 0
530081 745909 0
490358 746073 0
746967 24080 0
749354 24080 0
209262 746232 0
239994 746232 0
131000 746232 0
746602 746233 0
482325 438154 0
606648 261922 0
459527 746496 0
745019 746515 0
557658 589761 0
737671 739500 0
96542 739500 0
726180 739500 0
27626 24711 0
6940 42503 0
746732 669760 0
746967 24080 0
216823 216454 0
747490 746914 0
187863 747011 0
747087 747023 0
737671 739500 0
96542 739500 0
726180 739500 0
14296 168413 0
14144 168413 0
6611 168413 0
480704 168413 0
2091 168413 0
55828 168413 0
757212 28236 0
216241 740809 0
749946 740809 0
478275 202696 0
761529 202696 0
761582 202696 0
761631 202696 0
761728 202696 0
13832 202696 0
731807 731790 0
734649 731790 0
747765 731790 0
747050 731790 0
6189 731790 0
389510 731790 0
733551 731790 0
532530 731790 0
736697 731790 0
750068 731790 0
699051 731790 0
751348 731790 0
752091 731790 0
697216 731790 0
754017 731790 0
755191 731790 0
718159 731790 0
755951 731790 0
756172 731790 0
741060 731790 0
760259 747345 0
747390 292600 0
292463 292600 0
747597 747452 0
748733 747594 0
462878 747695 0
344674 747724 0
747858 7271 0
56104 7271 0
750746 7271 0
753833 747857 0
550494 227545 0
458176 227545 0
551010 227545 0
415259 227545 0
486214 227545 0
699922 227545 0
622611 227545 0
486841 227545 0
748046 748021 0
337604 748021 0
623540 748021 0
751490 748021 0
752812 748021 0
139842 748054 0
748189 748132 0
748360 748132 0
299470 510240 0
590145 286474 0
666989 656326 0
765527 656326 0
749341 748332 0
737671 739500 0
96542 739500 0
726180 739500 0
748598 748416 0
759053 748416 0
58299 26112 0
356493 425392 0
43527 36507 0
192829 36507 0
753646 748639 0
758592 748691 0
749098 748719 0
750860 748719 0
429336 748719 0
764045 748732 0
748830 748741 0
754606 748768 0
58299 26112 0
58455 26112 0
745220 26112 0
1973 26112 0
2289 26112 0
1872 26112 0
2184 26112 0
2091 26112 0
751187 529825 0
748901 529825 0
757976 529825 0
757945 529825 0
758538 529825 0
765911 529825 0
754423 748829 0
14296 529825 0
6611 529825 0
480704 529825 0
2091 529825 0
14296 748901 0
7135 748901 0
6611 748901 0
480704 748901 0
2091 748901 0
4069 4068 0
756108 4068 0
749279 182191 0
749310 735398 0
749452 735398 0
749540 735398 0
495851 735398 0
749710 735398 0
736510 735398 0
736746 735398 0
753212 735398 0
292578 57008 0
38155 57008 0
55392 57008 0
737671 739500 0
96542 739500 0
726180 739500 0
758999 749372 0
751150 749496 0
79069 388837 0
426862 388837 0
746914 34411 0
52043 3712 0
373155 3712 0
60516 3712 0
737671 739500 0
96542 739500 0
726180 739500 0
7135 748901 0
391601 748901 0
36947 252316 0
40876 750281 0
11019 17436 0
726180 96542 0
760845 750490 0
153547 623184 0
764299 623184 0
750666 750575 0
753764 750575 0
751855 750587 0
243290 99888 0
758211 750642 0
508071 750642 0
13057 388837 0
109828 750742 0
748549 750751 0
737671 739500 0
96542 739500 0
726180 739500 0
752616 751028 0
758375 751032 0
757845 751059 0
37725 10277 0
260451 10277 0
62704 10277 0
88587 10277 0
751231 10277 0
10326 10277 0
751242 10277 0
751247 10277 0
74406 10277 0
10304 10277 0
751268 10277 0
259183 10277 0
67942 10277 0
34697 10277 0
75458 10277 0
751356 10277 0
3015 10277 0
441448 10277 0
71130 10277 0
751417 10277 0
751420 10277 0
751424 10277 0
88239 10277 0
501437 10277 0
654998 10277 0
70740 10277 0
347594 10277 0
63659 10277 0
735629 10277 0
300004 10277 0
432577 10277 0
751666 10277 0
751687 10277 0
751694 10277 0
200015 10277 0
78656 10277 0
751774 10277 0
751826 10277 0
751892 10277 0
627066 10277 0
751946 10277 0
259359 10277 0
408935 10277 0
751980 10277 0
645468 10277 0
607613 10277 0
152161 10277 0
315742 10277 0
621282 10277 0
96942 10277 0
80464 10277 0
752278 10277 0
752307 10277 0
6529 10277 0
752338 10277 0
264647 10277 0
752433 10277 0
752469 10277 0
354857 10277 0
752542 10277 0
82311 10277 0
752612 10277 0
752624 10277 0
63320 10277 0
752801 10277 0
752810 10277 0
752879 10277 0
14273 10277 0
753686 10277 0
109903 10277 0
436359 10277 0
47874 10277 0
282724 10277 0
738281 10277 0
754047 10277 0
754064 10277 0
754135 10277 0
754181 10277 0
508071 10277 0
427331 10277 0
549 10277 0
755162 10277 0
66753 10277 0
7578 10277 0
7361 10277 0
750542 10277 0
18546 10277 0
756000 10277 0
756145 10277 0
583648 10277 0
756361 10277 0
756554 10277 0
756876 10277 0
174143 10277 0
71667 10277 0
757994 10277 0
152303 10277 0
85680 10277 0
174820 10277 0
759417 10277 0
759441 10277 0
273285 10277 0
135945 10277 0
137996 10277 0
760223 10277 0
118737 10277 0
760688 10277 0
216048 10277 0
290624 10277 0
648646 10277 0
77877 10277 0
761878 10277 0
763614 10277 0
763618 10277 0
763620 10277 0
764525 10277 0
700106 10277 0
764692 10277 0
765297 10277 0
751310 2836 0
466144 2836 0
30221 2836 0
92483 2836 0
40746 2836 0
753964 2836 0
323471 2836 0
38088 2836 0
755042 2836 0
47634 2836 0
755400 2836 0
56960 2836 0
251554 2836 0
761460 2836 0
761642 2836 0
41440 2836 0
764528 2836 0
764790 2836 0
3469 2836 0
765007 2836 0
753986 751350 0
751552 751429 0
490256 15736 0
44599 751673 0
53451 6940 0
18427 6940 0
759993 6940 0
206663 172778 0
48692 172778 0
425675 172778 0
703447 172778 0
685582 172778 0
752097 172778 0
206769 172778 0
752174 172778 0
244438 172778 0
752237 172778 0
116457 172778 0
427496 172778 0
217917 172778 0
430693 172778 0
498417 172778 0
410294 172778 0
36112 172778 0
6114 172778 0
466183 172778 0
752763 172778 0
170590 172778 0
752842 172778 0
133562 172778 0
188327 172778 0
753074 172778 0
171691 172778 0
171335 172778 0
753933 172778 0
39403 172778 0
219673 172778 0
172681 172778 0
754598 172778 0
187092 172778 0
258127 172778 0
13024 172778 0
62365 172778 0
88653 172778 0
169949 172778 0
201499 172778 0
79148 172778 0
371973 172778 0
437852 172778 0
757006 172778 0
355408 172778 0
194943 172778 0
659196 172778 0
281386 172778 0
200873 172778 0
463992 172778 0
231756 172778 0
36771 172778 0
758771 172778 0
192361 172778 0
397155 172778 0
435747 172778 0
197352 172778 0
759812 172778 0
306275 172778 0
760795 172778 0
760955 172778 0
23371 172778 0
59265 172778 0
761231 172778 0
761638 172778 0
761432 172778 0
25825 172778 0
194613 172778 0
25827 172778 0
13723 172778 0
762090 172778 0
762335 172778 0
260222 172778 0
762394 172778 0
757056 172778 0
758084 172778 0
675514 172778 0
763161 172778 0
264429 172778 0
26411 172778 0
256919 172778 0
763373 172778 0
763656 172778 0
763779 172778 0
15369 172778 0
14005 172778 0
407891 172778 0
26375 172778 0
764995 172778 0
133997 172778 0
105452 172778 0
18154 172778 0
753432 63659 0
545040 63659 0
751552 751871 0
737671 739500 0
96542 739500 0
726180 739500 0
655143 319961 0
751552 37970 0
752840 37970 0
753310 752343 0
487116 461946 0
751552 731254 0
751552 752544 0
752571 752565 0
752571 752938 0
751552 752571 0
752571 752582 0
48429 752523 0
753532 752638 0
750519 752638 0
461963 752638 0
163382 752638 0
724552 752638 0
754864 752638 0
755764 752638 0
161019 752638 0
756764 752638 0
756872 752638 0
760493 752638 0
753231 752641 0
753324 752641 0
763156 752641 0
169030 752702 0
758222 18017 0
752571 752737 0
752571 191046 0
752571 41073 0
752571 753125 0
351406 116 0
752889 116 0
79551 116 0
752571 116 0
753132 116 0
5059 116 0
622365 116 0
753471 116 0
163689 116 0
753694 116 0
753684 116 0
753784 116 0
753846 116 0
753897 116 0
754259 116 0
243552 116 0
256088 116 0
752571 752752 0
760103 132948 0
753114 397264 0
71682 397264 0
754062 397264 0
756326 397264 0
760089 397264 0
477938 397264 0
144279 397264 0
1916 394638 0
756442 15990 0
753171 752902 0
753175 752922 0
752571 752922 0
756720 756721 0
753392 752952 0
753092 752949 0
753128 752949 0
756848 752949 0
761208 752949 0
765754 752949 0
397264 69395 0
752571 539134 0
753303 753136 0
725030 753137 0
754019 753157 0
12565 169111 0
164045 169111 0
754036 753255 0
754151 753255 0
757014 753255 0
760969 753317 0
66845 28854 0
753357 28854 0
95465 28854 0
182555 28854 0
753402 28854 0
753410 28854 0
753414 28854 0
66980 28854 0
753436 28854 0
72874 28854 0
117185 28854 0
59438 28854 0
753469 28854 0
753475 28854 0
753483 28854 0
753487 28854 0
753502 28854 0
753506 28854 0
753561 28854 0
753559 28854 0
753571 28854 0
753598 28854 0
102150 28854 0
753639 28854 0
753643 28854 0
69480 28854 0
753709 28854 0
753853 28854 0
111527 28854 0
753918 28854 0
96591 28854 0
754094 28854 0
754233 28854 0
754351 28854 0
754385 28854 0
68010 28854 0
294059 28854 0
755254 28854 0
755338 28854 0
755418 28854 0
95318 28854 0
7361 28854 0
87067 28854 0
140389 28854 0
79172 28854 0
758926 28854 0
59808 28854 0
759237 28854 0
759967 28854 0
761092 28854 0
762658 28854 0
79636 28854 0
712103 28324 0
754376 753461 0
754327 105072 0
62365 105072 0
758926 753638 0
759839 14625 0
753956 78111 0
109828 78111 0
755919 78111 0
826 753743 0
30595 753743 0
758451 753746 0
759903 753746 0
404666 403833 0
754593 403833 0
755744 403833 0
756318 403833 0
756891 403833 0
758504 403833 0
418959 403833 0
763464 403833 0
763607 403833 0
754475 746774 0
125378 753943 0
764923 753996 0
753303 753136 0
96542 738989 0
92303 287622 0
3754 3755 0
105641 296391 0
473685 15736 0
490256 15736 0
763450 754391 0
758235 754495 0
196688 116 0
602065 116 0
47446 116 0
297630 116 0
351406 116 0
755010 116 0
755193 116 0
28015 116 0
755259 116 0
755285 116 0
755350 116 0
709690 116 0
755459 116 0
737107 116 0
596155 116 0
755679 116 0
5059 116 0
755958 116 0
755972 116 0
756058 116 0
121583 116 0
756180 116 0
192563 116 0
742021 116 0
756622 116 0
192699 116 0
757063 116 0
231821 116 0
757980 116 0
758312 116 0
300741 116 0
758834 116 0
759234 116 0
759745 116 0
760053 116 0
47612 116 0
283804 116 0
760576 116 0
760670 116 0
91238 116 0
761667 116 0
761815 116 0
29809 116 0
762208 116 0
268143 116 0
762376 116 0
762390 116 0
762533 116 0
762683 116 0
629857 116 0
762927 116 0
21607 116 0
634192 116 0
765739 116 0
754640 754597 0
203421 162493 0
754809 162493 0
77862 162493 0
584962 162493 0
755164 162493 0
185582 162493 0
30778 162493 0
629734 162493 0
275584 162493 0
121936 162493 0
756330 162493 0
756490 162493 0
757815 162493 0
758112 162493 0
758556 162493 0
761407 162493 0
33191 162493 0
436148 106219 0
242104 106219 0
756521 12714 0
755139 710738 0
761739 710738 0
373155 18163 0
52400 18163 0
250895 18163 0
62717 18163 0
3712 18163 0
59040 18163 0
388190 826 0
303116 826 0
755200 826 0
641413 826 0
755289 826 0
337254 826 0
177251 826 0
755549 826 0
755604 826 0
30595 826 0
668765 826 0
755789 826 0
30175 826 0
8866 826 0
756163 826 0
756271 826 0
756308 826 0
18472 826 0
756408 826 0
756415 826 0
28249 826 0
757004 826 0
757036 826 0
206458 826 0
719465 826 0
758545 826 0
200020 826 0
759202 826 0
759711 826 0
760716 826 0
399489 826 0
234519 826 0
23890 826 0
761983 826 0
762446 826 0
762541 826 0
96 826 0
762945 826 0
763082 826 0
763235 826 0
41235 826 0
540043 826 0
301435 826 0
764990 826 0
765114 826 0
113534 826 0
765330 826 0
293906 826 0
766014 826 0
312651 330522 0
762929 330522 0
40542 380685 0
191755 480336 0
755577 755156 0
730555 755156 0
51822 755156 0
759558 755156 0
760255 287622 0
756258 497639 0
607544 755291 0
322 755195 0
759347 132948 0
642420 114317 0
322 202848 0
759336 147299 0
755619 755581 0
756419 755590 0
212610 755770 0
755942 402109 0
181066 402109 0
89175 402109 0
761175 402109 0
760092 755778 0
458652 44177 0
755885 35205 0
756464 35205 0
322 35205 0
21787 35205 0
37395 726180 0
755818 755912 0
756147 756098 0
322 181231 0
458652 756184 0
322 756305 0
322 157207 0
756363 292221 0
480336 230578 0
191755 230578 0
756967 756384 0
322 756421 0
322 756439 0
482283 101390 0
6846 101390 0
8112 31308 0
759273 31308 0
27542 31308 0
763925 184345 0
758903 756542 0
463097 756542 0
761301 756542 0
764020 756542 0
12078 8 0
746203 8 0
1719 8 0
757017 8 0
268627 8 0
757312 8 0
26156 8 0
26185 8 0
620559 8 0
757992 8 0
737155 8 0
587499 8 0
759250 8 0
759386 8 0
407803 8 0
760157 8 0
247866 8 0
266845 8 0
246851 8 0
762192 8 0
154558 8 0
764110 8 0
211727 8 0
257149 8 0
3683 381310 0
51630 504652 0
322 248061 0
322 317881 0
296144 756726 0
758240 756741 0
322 756854 0
322 756912 0
757519 287622 0
322 757058 0
340995 110192 0
340995 757095 0
340995 757103 0
340995 757140 0
340995 755807 0
757890 757148 0
762838 670778 0
761769 165336 0
322 757260 0
82601 2486 0
757547 2486 0
92378 2486 0
92426 2486 0
92460 2486 0
92505 2486 0
92663 2486 0
92729 2486 0
92753 2486 0
92797 2486 0
92836 2486 0
660049 2486 0
383799 2486 0
322 757326 0
322 757337 0
729091 757395 0
757751 757395 0
499168 757395 0
757749 757395 0
757747 757395 0
757753 757395 0
262161 757395 0
322 351500 0
759031 757530 0
68275 757530 0
322 37970 0
322 757566 0
26225 757623 0
322 757679 0
322 757714 0
322 7862 0
2011 748901 0
757945 748901 0
480704 748901 0
757976 748901 0
7135 748901 0
758468 748901 0
758538 748901 0
758594 748901 0
6611 748901 0
93129 748901 0
759224 748901 0
211727 748901 0
391601 748901 0
174891 748901 0
354396 748901 0
763149 748901 0
763295 748901 0
473036 748901 0
172271 748901 0
14616 748901 0
764559 748901 0
173490 748901 0
19735 748901 0
765320 748901 0
354367 748901 0
765911 748901 0
762039 757827 0
759627 757866 0
322 757936 0
536935 535612 0
551231 535612 0
758124 758002 0
758136 758002 0
758174 758002 0
758316 758002 0
758318 758002 0
758499 758002 0
758536 758002 0
758862 758002 0
759170 758002 0
759563 758002 0
761006 758002 0
762162 758002 0
762806 758002 0
763403 758002 0
763822 758002 0
758510 758049 0
758617 758049 0
759254 758049 0
759963 758049 0
760620 758049 0
763970 758049 0
764609 758049 0
765385 758049 0
322 728509 0
322 37970 0
322 758120 0
322 726180 0
758818 758245 0
34229 758245 0
322 758263 0
322 333075 0
322 496088 0
322 149351 0
125378 758425 0
761116 758425 0
322 758578 0
422450 368096 0
321559 758700 0
760304 758748 0
766026 758748 0
15736 473685 0
490256 473685 0
125378 181332 0
129032 759013 0
760723 759013 0
761200 759013 0
759091 32288 0
635509 97939 0
760368 759486 0
760358 759508 0
759914 759679 0
762660 759721 0
350489 349967 0
759756 759731 0
759761 759731 0
427890 759731 0
760046 759731 0
760432 759731 0
760468 759731 0
762824 759731 0
765563 759731 0
56448 452 0
762223 452 0
340995 452 0
760578 747925 0
826 18110 0
303116 18110 0
96 18110 0
30595 18110 0
760137 318760 0
12468 2212 0
2541 2212 0
96 2212 0
121361 280480 0
288506 280480 0
762994 280480 0
761366 760265 0
763860 760265 0
643274 760295 0
760919 760295 0
736983 144263 0
760744 37970 0
336158 760530 0
116712 760627 0
765037 760698 0
753506 28854 0
759967 28854 0
68010 28854 0
117185 28854 0
760931 28854 0
59438 28854 0
95465 28854 0
95318 28854 0
761092 28854 0
761147 28854 0
87666 28854 0
753643 28854 0
140389 28854 0
753469 28854 0
761591 28854 0
761596 28854 0
164296 28854 0
762658 28854 0
79636 28854 0
111331 28854 0
122288 28854 0
761219 760858 0
761616 760916 0
10926 6807 0
170273 6807 0
761390 761014 0
761398 761014 0
761488 761014 0
761165 319048 0
427890 319048 0
3020 319048 0
268425 319048 0
422167 319048 0
56732 319048 0
624853 319048 0
489308 319048 0
347263 319048 0
474313 319048 0
759683 761207 0
761401 761335 0
761782 761535 0
96 761535 0
763913 761535 0
764043 761535 0
765835 761535 0
5844 84833 0
29855 84833 0
78971 84833 0
458652 84833 0
340995 410553 0
336158 760552 0
606974 760552 0
475800 508160 0
380714 761949 0
762322 761949 0
104676 761949 0
763353 761949 0
44718 761949 0
508071 761976 0
340995 410553 0
763093 595950 0
762517 762111 0
179884 157584 0
346592 157584 0
762454 157584 0
56203 157584 0
183226 157584 0
58628 157584 0
762695 157584 0
73729 157584 0
288795 157584 0
183018 157584 0
764481 157584 0
764698 157584 0
45113 762337 0
762582 762337 0
763091 762337 0
763371 762337 0
633551 762357 0
762644 762589 0
508071 762626 0
482283 101390 0
170093 762871 0
763240 926 0
763524 126026 0
329570 126026 0
138110 126026 0
763605 557633 0
59658 557633 0
763886 557633 0
764398 557633 0
764751 557633 0
765139 557633 0
6858 557633 0
236322 557633 0
760201 557633 0
765605 557633 0
305276 557633 0
104091 557633 0
763312 763270 0
66703 763345 0
66705 763345 0
66727 763345 0
66717 763345 0
66723 763345 0
66701 763345 0
66713 763345 0
66711 763345 0
66725 763345 0
66719 763345 0
66707 763345 0
66721 763345 0
66709 763345 0
66715 763345 0
763681 763682 0
29865 763666 0
764563 50960 0
763930 763730 0
764170 763755 0
150030 146836 0
150102 146836 0
149849 146836 0
150058 146836 0
150043 146836 0
150051 146836 0
149839 146836 0
764339 763901 0
765103 763901 0
592526 478393 0
238781 9071 0
206985 380636 0
13057 41440 0
238781 9071 0
765116 764304 0
80614 760040 0
256734 4311 0
765123 4311 0
244438 625713 0
765337 765101 0
238781 9071 0
765509 54956 0
765415 61646 0
75639 737671 0
61512 737671 0
765843 765695 0
2011 10319 0
480704 10319 0
