3 1
29 1
31 1
61 2
77 1
96 1
98 1
116 1
145 1
194 1
222 1
245 1
266 1
303 2
322 30
359 1
420 1
568 1
609 1
610 1
637 1
709 1
737 1
745 1
778 2
791 1
834 1
861 1
926 1
952 2
981 1
1004 1
1043 1
1109 1
1137 1
1180 1
1347 1
1381 1
1437 2
1461 1
1462 1
1465 1
1471 1
1529 1
1561 1
1573 1
1641 1
1653 1
1659 1
1697 1
1701 1
1719 1
1756 2
1842 1
1843 2
1855 1
1908 2
1940 1
1979 1
2047 1
2048 1
2077 1
2091 1
2119 1
2122 1
2155 1
2177 1
2181 1
2226 1
2233 1
2245 1
2335 2
2337 2
2440 1
2463 1
2486 1
2516 1
2563 1
2577 9
2625 1
2633 1
2652 1
2710 2
2878 1
2879 4
2935 1
2952 1
3015 1
3108 1
3191 1
3359 6
3377 1
3420 1
3463 1
3477 1
3591 1
3611 1
3637 1
3683 3
3895 1
3909 1
3925 2
4021 2
4027 1
4047 1
4174 2
4235 2
4258 1
4288 1
4328 1
4354 1
4360 1
4382 1
4474 1
4512 3
4648 1
4702 2
4801 1
4882 1
4911 1
4932 1
4946 2
4956 1
4962 1
4995 1
5010 3
5184 1
5190 2
5218 2
5255 2
5521 1
5532 2
5610 2
5774 1
5808 1
5837 1
5932 1
5992 1
6039 1
6150 1
6174 2
6207 1
6305 1
6307 1
6315 1
6319 1
6329 1
6343 1
6359 1
6399 1
6428 1
6611 1
6667 2
6668 2
6807 3
6940 9
7041 1
7083 2
7192 1
7209 1
7361 4
7367 1
7396 1
7442 1
7510 1
7669 4
7689 1
7915 1
8188 1
8197 1
8272 1
8278 1
8285 1
8333 1
8424 1
8496 3
8651 1
8876 1
9030 1
9103 1
9308 1
9317 1
9401 2
9483 1
9533 1
9645 2
9696 1
9749 1
9829 1
9846 7
9859 2
9894 1
9966 3
10031 1
10078 1
10099 1
10130 1
10252 1
10268 1
10319 1
10411 1
10458 1
10533 2
10625 1
10838 2
10847 2
10981 1
11051 3
11247 1
11414 1
11464 1
11694 1
11769 1
11791 1
11818 1
11823 1
11892 1
11973 2
11999 1
12043 2
12078 1
12138 1
12197 1
12198 2
12524 2
12683 1
12814 1
12824 2
13024 1
13046 2
13059 1
13452 2
13474 1
13593 1
13723 1
13735 1
13772 1
13858 1
13872 1
13904 1
14031 1
14035 1
14060 1
14273 1
14296 1
14413 5
14462 1
14991 2
14997 2
15084 1
15303 1
15369 1
15480 1
15497 1
15587 1
15803 1
15824 3
16013 3
16133 1
16355 1
16396 2
16435 1
16457 1
16546 4
16581 1
16608 1
16746 1
16768 1
16794 3
16824 1
16930 1
17004 1
17007 1
17116 1
17435 1
17436 1
17461 1
17650 1
17669 1
17761 1
17807 1
17917 1
17993 1
18006 1
18399 2
18476 1
18545 1
18677 1
18780 1
18931 1
18985 1
18994 1
19022 1
19087 1
19092 1
19160 2
19320 1
19327 2
19445 1
19691 1
19734 2
19735 1
19785 1
19943 1
20072 1
20081 1
20376 1
20428 1
20474 1
20492 1
20514 1
20613 3
20669 1
20712 3
20770 1
21003 1
21055 1
21079 1
21190 1
21353 1
21465 1
21483 1
21606 1
21626 1
21639 1
21729 1
22045 1
22140 1
22167 1
22212 1
22288 1
22360 2
22529 4
22539 2
22881 1
22907 3
23020 1
23179 1
23268 1
23365 1
23371 1
23598 1
23625 1
23651 1
23697 1
23726 1
23923 1
23942 6
23944 1
24057 1
24068 1
24092 1
24128 3
24264 3
24454 1
24473 1
24541 1
24603 2
24782 1
24918 1
24977 1
25046 1
25273 1
25290 2
25389 1
25400 1
25428 1
25495 1
25496 1
25511 1
25825 1
25956 1
26066 2
26089 2
26128 1
26284 1
26656 1
26898 1
26941 3
26984 1
27349 2
27542 3
27545 1
27675 1
27972 1
28080 1
28254 1
28260 1
28371 1
28517 1
28895 1
28900 1
29000 3
29022 2
29023 1
29141 1
29227 1
29542 3
29784 2
29891 1
30073 1
30169 1
30313 1
30419 1
30455 1
30511 1
30532 1
30547 1
30578 1
30998 1
31082 1
31156 1
31237 1
31515 1
31591 1
31722 1
31875 1
32060 1
32094 1
32095 1
32234 3
32365 1
32447 2
32472 1
32525 1
32597 2
32845 1
33031 1
33084 2
33173 1
33420 1
33562 1
33662 1
33934 1
33935 1
33937 1
34238 2
34361 1
34860 1
34883 1
34954 3
34967 1
35131 1
35404 1
35541 1
36040 1
36147 1
36158 1
36350 4
36403 1
36467 1
36507 1
36672 1
36675 1
36771 1
37023 1
37093 1
37100 1
37320 1
37725 1
38077 1
38155 2
38482 1
38674 2
38782 1
38909 1
39252 3
39494 1
39563 1
39710 1
40099 1
40232 2
40273 1
40439 1
40470 1
40493 1
40632 1
40864 1
41006 1
41011 1
41038 1
41097 1
41133 1
41158 5
41244 1
41299 1
41443 1
41466 1
41549 1
41573 1
41707 1
42443 2
42456 1
42546 1
42668 1
42982 1
43050 1
43107 1
43527 1
44013 1
44360 1
44658 1
44809 2
44842 1
44927 1
45145 1
45419 1
45617 1
46507 1
46690 3
46798 1
46865 1
46941 1
47410 2
47887 1
47942 1
48118 1
48170 1
48390 2
48411 1
48451 1
48562 1
48617 1
48732 1
49066 3
49161 1
49820 1
50210 1
50301 1
50354 1
50396 1
50569 1
50622 1
50733 1
51528 1
51548 1
51822 1
51853 1
51946 2
52031 1
52865 1
52902 3
53465 1
53531 1
53765 1
53768 1
54145 1
54716 1
55138 1
55188 1
55631 1
55741 1
55930 2
56185 2
56458 1
56864 3
57071 2
57128 1
57268 1
57276 1
57344 1
57399 1
57766 1
57918 1
58047 1
58072 1
58483 1
59068 1
59355 1
59627 1
59740 1
60182 1
60289 1
60533 1
60547 1
60621 2
60659 1
60690 1
60746 1
60753 1
60793 1
60827 1
60864 1
60887 1
60943 1
60992 1
61093 1
61097 1
61134 1
61202 1
61212 1
61260 1
61267 1
61314 1
61370 1
61424 1
61452 1
61512 1
61549 1
61688 1
61754 1
61871 1
61907 1
62125 1
62135 2
62153 1
62279 1
62328 1
62365 2
62376 1
62386 1
62393 1
62452 1
62464 1
62537 1
62577 1
62616 1
62630 1
62651 1
62717 1
62730 1
62774 1
62803 1
62816 1
62849 1
62926 1
62949 1
62962 1
63041 1
63076 1
63079 1
63117 1
63186 1
63216 1
63281 1
63296 1
63475 1
63534 1
63541 1
63590 1
63598 1
63611 1
63713 1
63768 1
63794 1
63805 1
63863 1
63985 1
63993 1
64097 1
64107 1
64261 1
64321 1
64439 1
64692 1
64701 1
64817 1
64975 1
65068 2
65098 1
65103 1
65189 1
65191 1
65225 1
65266 1
65292 1
65305 1
65334 1
65364 2
65368 1
65626 1
65646 1
65685 1
65768 2
65795 1
65805 1
65840 1
65861 1
65876 1
65950 1
65964 1
66008 1
66022 1
66024 1
66080 1
66092 1
66094 1
66099 1
66228 1
66245 1
66256 1
66260 1
66318 1
66378 1
66513 1
66553 1
66578 1
66591 1
66594 1
66627 1
66629 1
66653 1
66657 1
66689 1
66701 1
66703 1
66705 1
66707 1
66709 1
66711 1
66713 1
66715 1
66717 1
66719 1
66721 1
66723 1
66725 1
66727 1
66744 1
66755 1
66836 1
66839 1
66948 1
66964 1
66995 1
66999 1
67018 1
67040 2
67198 1
67225 1
67281 1
67361 1
67416 1
67470 1
67508 1
67539 1
67563 1
67567 1
67615 1
67632 1
67738 2
67765 1
67807 1
68064 1
68073 1
68114 1
68199 1
68238 1
68278 1
68329 1
68362 1
68372 1
68383 1
68420 1
68483 1
68550 1
68570 1
68576 2
68601 1
68611 1
68731 1
68774 1
68786 1
68818 1
68829 2
68866 1
68872 2
68884 1
68890 1
68920 1
68922 1
69072 1
69156 1
69292 3
69296 1
69305 1
69334 1
69388 1
69407 1
69476 1
69648 1
69702 1
69730 1
69760 1
69814 1
69870 2
69877 1
69879 1
69889 1
69949 1
69960 1
69994 1
70160 1
70164 1
70190 1
70283 1
70372 1
70442 1
70581 1
70632 2
70738 1
70773 1
70790 1
70901 2
70913 1
71083 1
71135 1
71171 1
71175 1
71179 1
71193 1
71224 1
71437 1
71451 1
71484 1
71524 1
71591 1
71606 1
71653 1
71704 1
71714 1
71718 1
71841 1
71897 1
71901 1
71923 1
72016 1
72216 1
72228 1
72252 2
72264 1
72267 1
72316 1
72331 1
72335 1
72446 1
72541 1
72681 1
72715 1
72797 1
72842 1
72854 1
72863 1
72867 1
72901 1
72943 1
72951 1
73112 1
73128 1
73138 1
73174 1
73192 1
73257 1
73314 1
73341 1
73345 1
73387 1
73394 1
73449 1
73482 1
73508 1
73530 1
73658 1
73677 1
73721 1
73722 1
73751 1
73818 1
73909 1
73957 1
74012 1
74022 1
74050 1
74102 1
74124 1
74152 1
74165 1
74231 1
74254 1
74379 1
74457 1
74476 1
74666 1
74706 1
74748 1
74835 1
74932 1
74960 1
74990 1
75015 1
75076 1
75173 1
75179 1
75275 2
75371 1
75476 1
75628 1
75639 2
75641 1
75649 1
75690 1
75699 1
75742 1
75846 1
75919 1
76145 1
76193 1
76265 1
76362 1
76385 1
76420 1
76598 1
76693 1
76781 1
76820 1
76950 1
77064 1
77079 1
77083 1
77150 1
77188 1
77280 1
77333 1
77381 1
77394 1
77414 1
77416 1
77471 1
77513 1
77576 1
77638 1
77819 1
77830 1
77881 1
77914 1
77977 1
78066 1
78163 1
78198 1
78232 1
78691 1
78788 1
78850 1
78888 1
78919 1
78994 1
79059 1
79069 1
79166 1
79177 1
79224 1
79276 1
79293 1
79384 1
79562 1
79827 1
79829 1
79932 1
79954 1
80037 1
80051 1
80155 1
80454 1
80647 1
80721 1
80748 1
80860 1
81008 1
81024 1
81076 1
81118 1
81121 1
81139 1
81423 1
81434 1
81478 1
81551 1
81740 1
81948 1
82092 1
82101 1
82132 1
82134 1
82159 1
82301 1
82453 1
82476 1
82601 1
82611 1
82613 1
82696 1
82712 1
82796 1
82820 1
83264 1
83288 1
83462 1
83531 1
83534 1
83732 1
83773 1
83817 1
83956 1
84018 1
84035 1
84063 1
84230 1
84321 1
84391 1
84527 1
84592 1
84630 1
84805 1
84996 1
85131 1
85181 1
85205 1
85225 1
85266 1
85327 1
85347 1
85390 1
85408 1
85504 1
85601 1
85709 1
85809 1
85826 1
86011 1
86064 1
86096 1
86165 1
86329 1
86339 1
86493 1
86541 1
86575 1
86593 1
86690 2
86737 1
86796 1
86804 1
86879 1
87024 1
87155 1
87206 1
87210 1
87346 1
87524 1
87554 1
87558 1
87632 1
87691 1
87772 1
87773 1
87811 1
87815 2
87822 1
87901 1
88040 1
88110 1
88149 1
88170 1
88320 1
88428 1
88455 1
88491 1
88630 1
88748 1
88754 1
88775 1
88889 1
89031 2
89133 1
89299 1
89390 1
89523 1
89637 1
89640 1
89666 1
89691 1
89891 1
90033 1
90087 1
90113 1
90128 2
90152 1
90213 1
90283 1
90355 1
90431 1
90557 1
90561 1
90822 1
90834 1
90954 1
91088 1
91110 1
91143 1
91475 3
91532 1
91586 1
91604 1
91674 1
91845 1
91916 1
91943 1
91951 1
92262 1
92306 1
92378 1
92426 1
92460 1
92505 1
92526 1
92608 1
92663 1
92791 1
92797 1
92836 1
93128 1
93315 1
93393 1
93468 1
93621 1
93680 1
93787 1
93791 1
93846 2
93860 1
93883 1
93905 1
93929 1
93993 1
94128 1
94161 1
94185 1
94262 1
94320 1
94361 1
94697 1
94738 1
94757 1
94773 1
94784 1
94841 1
94877 1
94898 1
94944 1
95043 1
95088 1
95233 1
95265 1
95361 1
95432 2
95519 1
95700 1
95736 1
95813 1
95862 1
95874 1
95947 1
96025 1
96159 1
96165 1
96183 1
96228 1
96242 1
96366 1
96394 1
96416 1
96562 1
96627 2
96670 1
96764 1
97255 1
97441 1
97474 1
97496 1
98123 2
98183 1
98186 1
98336 1
98392 1
98837 2
98995 1
99070 1
99106 1
99151 1
99153 1
99159 1
99194 1
99380 1
99432 1
99494 1
99556 1
99604 1
99649 2
99672 1
99740 1
99813 1
99861 1
99961 1
100063 6
100083 1
100271 1
100310 1
100314 1
100505 1
100631 1
100633 1
100665 1
100667 1
100690 1
100726 1
100799 1
100927 1
101121 1
101340 1
101412 1
101520 1
101606 1
101763 1
101984 1
102192 1
102394 1
102474 1
102593 2
102610 2
102825 1
102937 1
103007 1
103089 1
103214 1
103230 1
103281 1
103311 1
103381 1
103533 1
103548 1
103622 1
103749 1
104047 1
104072 1
104105 1
104115 1
104127 1
104165 2
104217 1
104274 1
104315 1
104337 1
104351 1
104426 1
104510 1
104809 1
104818 1
104853 1
105072 1
105284 1
105454 2
105517 1
105538 1
105811 1
105963 1
106193 1
106289 1
106435 1
106620 1
106686 1
106696 1
106757 1
106832 1
106840 1
106862 1
107398 1
107579 1
107617 1
107631 1
107741 1
107816 1
107828 1
107870 1
107887 1
107891 1
108131 2
108170 1
108192 1
108263 1
108324 1
108383 1
108470 1
108522 1
108564 1
108616 1
108649 1
108704 1
108751 1
109085 1
109153 1
109182 1
109230 1
109251 1
109476 1
109507 1
109510 1
109740 1
109778 1
109879 1
110040 1
110287 1
110362 1
110375 1
110400 1
110475 1
110697 1
110719 2
110800 1
110915 1
111094 1
111207 1
111470 1
111646 1
111658 2
111846 1
111889 1
112282 1
112708 1
113254 1
113355 1
113485 1
113540 1
113664 1
113918 1
114018 1
114396 1
114469 1
114574 1
114676 1
114691 1
114761 1
115022 1
115145 1
115210 1
115348 1
115434 1
115503 1
115549 1
115575 1
115637 1
115743 1
115850 1
115873 1
115933 1
116007 1
116031 1
116058 3
116277 1
116391 1
116434 1
116460 1
116462 1
116755 2
116917 1
116930 1
116961 1
117009 2
117109 1
117113 1
117136 1
117218 1
117281 1
117401 2
117420 1
117485 1
117554 1
117556 1
117669 1
117691 1
117786 1
117821 1
117893 1
118150 2
118245 1
118417 1
118457 1
118620 1
118667 1
118669 1
118671 1
118986 1
119057 1
119200 1
119412 1
119520 1
119568 1
119657 1
119838 1
119852 2
120018 1
120066 1
120266 1
120330 1
120599 1
120887 1
120929 1
121072 1
121236 1
121710 1
121758 1
121866 1
121941 1
121958 1
121984 1
122014 1
122253 1
122285 3
122371 1
122536 1
122689 1
122818 1
122930 1
123103 1
123181 1
123496 1
123768 2
123965 1
124126 1
124225 2
124362 1
124847 1
125168 1
125267 2
125330 1
125335 1
125378 8
125392 1
125476 1
125791 2
125818 1
125977 1
126026 3
126189 2
126403 1
126476 1
126588 1
126753 1
126891 1
127026 1
127147 2
127280 1
127436 1
127523 1
127643 1
127901 2
128019 1
128281 1
128395 1
128408 6
128523 1
128535 1
128561 1
128804 1
128935 2
129039 1
129096 1
129098 1
129357 1
129516 1
129560 1
129598 1
129711 1
129984 1
130152 1
130342 1
130574 1
130622 1
130663 1
130735 1
130784 1
130909 1
131079 1
131108 1
131148 1
131386 2
131996 1
132009 1
132098 1
132193 1
132210 1
132284 1
132359 1
132365 2
132379 1
132527 1
132588 1
132659 2
132878 1
132948 1
133083 1
133093 1
133141 1
133449 1
133457 6
133893 1
133918 1
133955 1
134036 1
134157 1
134294 1
134330 1
134581 1
134640 1
134657 2
134660 1
134738 2
134956 1
135021 1
135091 1
135384 1
135388 1
135503 1
135543 1
135552 1
135583 1
135707 1
135787 2
135966 2
136063 1
136103 1
136123 1
136139 1
136153 2
136260 1
136377 1
136389 1
137144 1
137169 1
137183 1
137189 1
137328 1
137568 1
137574 1
137651 1
137666 1
137903 2
138065 1
138191 1
138290 2
138329 1
138519 1
138547 1
138660 1
138783 1
139126 1
139233 1
139423 2
139442 1
139465 1
139715 1
139759 1
139881 1
140036 2
140062 1
140109 1
140182 1
140654 1
140673 1
141068 1
141660 1
141919 1
142688 1
142710 2
142724 1
142748 1
142998 1
143598 1
143816 1
143923 1
144274 1
144373 1
144548 1
144602 2
144717 1
145087 1
145112 1
145375 1
145972 1
146078 1
146174 3
146219 1
146231 1
146406 1
146546 1
146615 1
146906 1
146965 1
147171 1
147233 1
147428 1
147627 1
147672 1
147720 1
147948 1
148004 1
148171 1
148344 1
148435 1
148553 1
148735 1
148798 1
148829 1
149025 1
149288 1
149532 1
149561 1
149605 1
149613 1
149688 1
149716 1
150007 1
150117 1
150149 1
150198 1
150542 1
150620 1
150949 1
151053 2
151081 1
151226 1
151273 1
151633 1
151742 1
151851 1
151892 1
151981 1
152027 1
152161 1
153170 1
153307 1
153681 7
153952 1
154223 1
154616 1
155025 2
155311 1
155964 1
155966 1
156198 1
156262 1
156326 1
156528 1
156552 1
156730 1
156954 1
157207 2
157468 1
157477 1
157534 1
157633 1
157715 1
157810 1
157814 1
157820 1
157822 1
157832 1
157834 1
157836 1
157838 1
157840 1
157852 1
157886 1
158002 1
158085 2
158164 1
158343 1
158376 1
158518 1
158705 3
158940 1
158975 1
159092 1
159324 1
159336 1
159349 1
159446 1
159450 1
159478 1
159579 1
159644 1
159864 1
160514 1
160556 1
160563 1
160656 1
160664 2
160941 1
161331 1
161456 1
161773 3
161785 1
161787 1
161814 1
161860 1
161863 1
162024 1
162145 1
162232 1
162457 1
162483 1
162546 1
162791 1
162805 1
163497 1
163541 1
163577 1
163671 2
163689 1
163706 2
163709 1
164232 1
164234 1
164236 1
164239 1
164241 1
164245 1
164249 1
164251 1
164266 1
164431 1
164633 1
164837 1
165075 1
165332 1
165579 1
165580 1
165687 1
165822 1
165918 1
165969 1
166111 1
166147 1
166154 1
166359 1
166403 6
166437 1
166508 1
166643 1
166834 1
166961 1
167011 1
167039 1
167076 1
167210 1
167381 1
167862 3
168165 1
168632 1
168925 1
168930 1
169008 1
169200 1
169241 1
169289 1
169329 1
169398 1
169567 1
169583 1
169612 1
169831 1
169850 1
170140 1
170345 1
170565 1
170730 1
171129 1
171153 1
171455 1
171668 2
171691 1
172081 1
172134 1
172211 1
172265 1
172299 1
172306 1
172495 1
172508 2
172648 2
172778 1
172819 1
172852 1
172853 1
173060 2
173197 1
173231 1
173274 1
173286 1
173298 1
173609 1
173764 1
173992 1
174266 1
174340 1
174441 1
175027 1
175112 1
175282 1
175355 1
175360 1
175389 1
175458 1
175747 1
175775 1
175786 1
176666 1
176880 1
177003 2
177049 1
177106 1
177135 1
177257 4
177298 1
177457 1
177478 1
177533 1
177578 1
177694 1
177771 1
177898 1
178083 2
178529 1
178814 1
178845 1
179106 1
179267 1
179302 1
179487 2
179899 1
179970 1
180020 1
180187 1
180226 1
180431 1
180436 1
180529 1
180579 1
180721 1
180793 1
180875 1
181066 3
181094 1
181154 1
181202 2
181505 2
181608 1
181810 1
182042 1
182206 1
182372 2
182913 1
183220 1
183298 1
183591 1
183728 1
183809 1
184076 1
184136 1
184209 1
184294 1
184436 1
184510 1
184732 1
184761 1
184847 1
184998 1
185470 1
185582 2
186037 1
186163 1
186251 1
186464 1
186608 1
187015 1
187023 1
187127 1
187305 1
187326 1
187468 1
187487 1
187696 1
187744 1
187795 1
188122 1
188207 1
188249 1
188399 1
188654 1
188792 1
188830 1
189337 2
189340 1
189505 1
189828 1
190036 1
190188 1
190259 1
190396 3
190469 1
190546 1
191333 1
191461 1
191755 2
191829 1
191900 1
192025 1
192146 1
192391 1
192399 1
192435 1
192494 1
192783 1
192843 1
192907 1
193330 1
193335 1
193738 1
194061 2
194290 1
194615 1
194679 1
195062 1
195408 1
195910 1
196090 3
196144 1
196205 1
196410 1
196855 1
196957 1
197097 1
197205 1
197238 1
197273 1
197385 1
197611 1
197719 1
197957 1
198049 1
198146 1
198531 2
198983 1
199080 3
199157 1
199176 1
199261 1
199311 1
199391 1
199447 1
199750 1
200253 1
200380 1
200512 1
200605 1
201150 1
201259 1
201530 1
201898 1
202275 1
202513 1
202886 1
202934 1
202988 1
203110 1
203167 1
203313 1
203533 1
203941 3
204213 1
204312 1
204425 1
204620 2
204710 1
205074 1
205113 1
205134 1
205416 1
205706 1
205715 1
205948 1
205971 1
206276 1
206358 1
206398 1
206663 1
206948 1
207253 1
207452 1
207503 1
207513 1
207538 1
207903 1
208319 2
208717 1
208725 1
208749 1
208777 1
209124 1
209167 1
209266 1
209673 1
209884 1
210319 1
210418 1
210429 1
210627 1
210673 1
210940 1
210944 4
211219 1
211849 1
212126 1
212128 1
212398 1
212703 1
212956 1
213023 1
213035 2
213160 1
213962 1
214321 1
214349 1
214411 1
214528 2
214793 1
214800 1
214950 1
215128 2
215304 1
215442 1
215469 1
215618 1
216085 1
216297 1
216355 1
216410 1
216454 1
216681 1
216801 1
216823 1
216917 1
217544 2
217627 1
217708 3
217726 1
217808 1
217892 1
217964 1
217970 1
218031 1
218080 1
218142 1
218411 1
218632 4
219196 1
219421 1
219469 1
219536 1
219597 1
220099 1
220220 1
220278 1
220329 2
220593 1
220598 1
220712 1
220756 1
220779 1
221129 1
221168 2
221188 2
221234 2
221273 1
221484 1
221692 1
222056 1
222226 1
222363 1
222468 1
222507 1
223000 1
223532 1
223757 1
223833 1
223958 1
224401 1
224577 1
224612 3
225117 1
225280 1
225380 3
225431 1
225696 1
225946 1
225961 1
225999 2
226010 1
226017 1
226213 1
226272 1
226412 1
226413 1
226465 1
226626 1
226736 1
226740 1
226796 1
227208 1
227229 4
227545 2
227847 1
228158 1
228276 1
228418 1
228431 1
228582 1
228587 1
228948 1
229114 1
229369 1
229566 1
229695 1
229716 1
229907 1
230207 1
230237 1
230243 1
230272 1
230482 1
230676 1
230707 1
230725 1
230929 1
231696 1
232053 1
232184 1
232209 1
232288 1
232397 1
232497 2
232642 1
232857 1
233005 1
233267 2
233758 1
234005 1
234366 1
234776 1
235249 1
235449 1
235561 1
235676 1
235808 1
236147 1
236379 1
236582 1
237453 1
237463 1
237477 1
237823 1
238006 1
238483 1
238711 1
239419 1
239487 1
239650 1
239667 1
239730 1
240185 1
240375 1
240963 1
241141 1
241523 1
241967 1
242113 1
242211 1
242343 2
242360 1
242937 1
243135 1
243598 1
243945 1
244379 1
244532 1
244588 1
244613 2
244707 2
245008 1
245124 2
245347 1
245401 1
245426 1
245496 1
245650 1
245884 2
246024 1
246171 1
246470 1
246590 1
246692 1
246940 1
247086 2
247309 1
247803 1
247983 1
248520 1
248695 1
248961 1
249325 1
249604 1
249748 1
250312 1
250399 1
251284 1
251926 1
251984 1
252315 1
252507 1
252669 1
252760 1
252874 1
253169 1
253432 1
253565 2
253600 1
253830 1
253901 1
253903 1
254237 2
254294 1
254387 1
254454 1
254541 3
254696 1
254791 1
255245 3
255302 3
255322 1
255404 1
255417 1
255536 1
255936 4
256163 1
256453 1
256613 1
256737 3
256999 1
257021 1
257211 1
257380 2
257914 1
257991 1
258029 1
258131 3
258282 2
258313 1
258501 2
258626 1
259111 1
259414 4
259510 1
259927 3
260143 3
260346 1
260644 1
260705 3
260748 1
260806 2
261125 1
261292 3
261454 1
261488 1
261503 1
262071 1
262118 1
262246 1
262714 1
262780 1
263151 1
263596 1
264009 1
264013 1
264305 1
264369 1
264429 1
264773 1
264783 1
265468 1
265479 1
265963 1
266464 1
266501 1
266819 1
267466 1
268114 1
268339 1
268548 1
268662 1
268707 2
268708 1
269019 1
269025 1
269160 1
269305 1
269449 6
269608 1
269612 1
269904 1
270379 1
270635 1
270906 1
271207 1
271238 1
271286 1
271615 2
271620 1
271783 1
273197 4
273383 1
273881 1
274309 1
274488 1
275251 1
275521 1
275684 1
275748 1
275957 1
276018 2
276364 1
277192 1
277238 1
277806 1
278175 1
278754 1
279724 1
280379 1
281221 1
281386 1
282227 1
282236 1
282468 1
282512 1
283070 1
283212 1
283500 1
283634 1
283713 1
283852 1
284198 1
284358 1
284404 1
284588 1
284860 1
285202 1
285940 2
286088 1
286169 1
286285 2
286576 1
287287 1
287638 1
287742 1
287825 1
288323 1
288654 1
288775 1
288844 1
289026 1
289317 1
289757 1
289782 1
290533 1
291090 1
291381 1
292422 1
292533 1
292773 1
293057 1
293331 1
293459 1
293487 1
293570 1
293714 1
293826 1
294001 1
294739 1
294963 1
294986 1
295051 5
295171 1
295231 1
295283 1
295313 1
295404 1
295913 1
296323 1
296653 1
297018 1
297847 1
298137 1
298150 1
298477 1
298485 1
298975 1
299049 1
299059 1
299219 1
299225 2
299472 1
299538 1
299717 1
300173 1
300302 1
300741 1
300971 1
301178 1
301578 1
301821 1
301872 1
302251 2
302459 1
302763 1
303044 1
303281 1
303623 1
303749 1
303984 1
304096 1
304263 1
304857 1
304961 1
305217 1
305557 1
306130 1
306441 1
306451 1
306837 1
307525 1
307680 1
307898 2
307930 1
307953 1
308043 1
308346 2
308493 1
308654 1
308830 1
308905 1
308923 1
309264 1
309712 3
310109 1
310207 1
310312 1
310579 1
310648 1
311103 1
311614 1
311655 2
311865 1
311945 2
312346 1
313231 1
313902 1
313908 1
314041 4
314144 1
314284 1
314722 1
314839 1
315048 1
315479 1
315935 1
316038 1
316219 1
316339 1
316574 1
316996 1
317015 1
317195 2
317202 1
317343 1
317591 1
317750 1
317762 1
317881 1
317982 2
318009 1
318389 1
318887 2
318896 1
319127 4
319177 1
319284 1
319418 1
319673 1
319775 2
320092 1
320604 1
321641 1
322157 1
322205 1
322283 1
323528 2
323741 1
323792 1
323841 1
324416 1
325327 1
325992 1
326116 1
326508 1
326689 1
327664 1
327833 1
328130 1
328610 1
328624 1
328632 2
329588 1
329956 1
330031 1
330048 1
330218 2
330848 1
331316 1
331480 1
331725 1
331868 1
331894 1
332206 1
333122 1
333126 1
333294 1
333300 1
333831 1
334257 1
334451 2
334876 1
335207 1
335227 2
335451 1
335804 1
335821 1
336158 2
336159 1
336242 1
336329 1
336333 2
336335 1
337048 1
337198 1
337202 1
337381 1
337983 1
338430 1
338509 1
339300 1
339803 1
340139 5
340207 1
340329 1
340797 1
340995 17
341517 1
341774 1
341918 1
342194 1
342677 1
342822 1
343067 1
344098 1
344217 1
344283 1
344518 2
344669 1
345269 1
345315 1
345660 1
345842 1
346233 1
346409 1
346541 1
346598 2
346963 1
347345 3
347380 1
347399 1
347464 1
347961 1
348973 1
349019 1
349390 1
349605 1
350023 1
350194 1
350545 1
350827 3
351126 1
351236 1
351238 1
351406 1
351436 1
351618 1
352627 2
352664 1
353139 1
353650 1
354293 1
354694 1
354891 2
355020 1
355498 1
355944 1
356409 1
356506 2
356541 1
356781 1
357320 1
357866 1
358484 1
358812 1
358826 1
359256 1
360244 1
360341 1
360391 1
360437 1
360812 1
361341 1
361407 1
361527 1
361659 1
361966 1
361994 1
362762 1
362768 1
362777 1
363007 1
363426 1
363436 1
363756 3
363819 1
363946 1
364001 1
364401 1
364780 1
365697 1
365852 1
366114 1
366912 1
367047 1
367254 1
367602 1
367634 1
367873 1
368561 2
369404 1
369847 1
369880 1
369889 1
370202 1
370230 1
370848 1
371382 1
371501 1
371663 1
371720 2
371725 1
371913 1
372048 1
373155 1
373363 1
373698 1
374235 1
374237 1
374631 1
374636 2
375587 1
375699 1
375856 1
375977 1
376306 1
376456 1
376535 1
376728 1
376763 1
376899 1
376934 1
377663 1
377679 1
378402 1
378426 1
378548 1
378640 1
379254 2
379349 1
379742 1
379815 1
379880 1
381409 1
381792 1
381803 2
381995 1
382296 1
382681 1
382774 1
382804 1
382811 1
383249 1
384024 1
384094 1
384221 1
384293 1
384340 1
384793 1
384811 1
384977 1
385238 1
385822 1
385892 2
386052 1
386607 1
386668 1
386794 1
386907 1
387467 1
387670 1
388719 1
388855 1
389573 1
389627 1
389718 1
390017 1
390208 1
390419 1
390440 1
390548 1
390585 2
391112 1
391487 3
391816 1
392102 1
392140 1
392284 1
392465 1
392695 1
392871 1
392929 1
393128 1
393373 1
393434 1
394089 1
394428 1
394628 1
395570 1
395642 1
396063 1
396673 1
396728 1
397063 1
397071 1
397265 1
397453 1
397551 1
398101 1
398589 1
399069 1
399155 1
399651 1
400046 1
400191 1
400625 1
401395 1
401815 1
402822 1
402909 1
403047 1
403740 1
403901 1
403948 1
403974 1
404714 1
405376 1
405562 1
406511 1
406587 1
406902 1
407044 1
407246 1
407579 1
408073 1
408329 1
408335 1
408942 1
409045 1
409062 1
410009 1
410321 1
410426 1
411857 1
412088 2
412146 1
412251 1
412840 1
412977 1
413184 1
413612 1
413859 1
413988 1
414431 1
415197 1
415429 1
415830 1
415956 1
416298 1
417308 1
417731 1
418977 1
419207 1
419371 1
419405 1
419510 1
419892 1
420194 1
420885 1
421048 2
421350 1
422026 1
422203 1
422948 3
423668 1
423793 1
424176 1
424406 1
424915 1
425099 1
425392 1
425947 1
426013 1
426479 1
426833 1
426974 1
427595 3
427622 1
427856 1
427966 1
427995 1
428168 1
428529 1
428937 1
429326 1
429352 1
429696 1
429920 1
430385 1
430544 2
430571 1
430760 1
431278 1
431441 1
431511 1
431776 1
433625 1
433984 1
434491 1
435025 1
435361 1
435955 1
436123 1
436186 1
436835 1
436877 1
437039 1
437095 1
437340 1
437386 1
437487 1
438389 1
438408 1
438653 2
438704 1
438849 1
438946 1
438967 1
439290 1
439299 1
439354 1
440446 1
440620 1
441612 1
442001 1
442139 1
442373 1
443523 1
443780 1
443928 1
444781 1
445555 1
445592 1
446231 1
446414 1
446493 1
446737 1
447247 1
447505 1
447948 1
447994 1
449187 1
449824 1
450226 1
450327 1
450380 1
451111 1
451166 1
451869 1
452298 1
452519 1
452621 1
452910 1
452931 1
453211 1
453612 2
453634 1
454141 1
454488 1
455222 1
456478 1
456534 1
456695 1
457125 1
457324 1
457341 3
457496 3
457506 1
457705 2
458190 1
458443 1
458463 1
458512 1
458846 1
458851 1
459122 1
459273 2
460106 1
460682 1
461375 1
461870 1
462445 1
463246 1
464316 1
464968 1
465697 1
465796 1
466108 1
466129 1
467559 1
467943 1
468058 1
468130 1
468715 1
469153 1
469605 1
469610 1
469894 1
470128 1
471221 1
471258 1
471335 1
471692 1
472006 1
472628 1
472813 1
473191 1
473218 1
473266 1
474167 1
474315 1
474776 2
475616 1
475726 1
476467 1
476870 1
477420 1
478753 1
479498 1
479797 1
480584 1
480687 1
480704 1
481592 1
481709 1
482751 1
482803 1
483345 1
483509 1
483853 1
484238 1
484414 1
484497 1
484711 1
485114 1
485329 1
485460 1
486482 1
487583 2
487845 1
487852 1
489308 1
489654 1
489687 1
489874 1
490030 1
490363 1
490464 1
491185 1
492038 1
492162 1
493517 1
493872 9
493908 1
494019 1
494660 1
494956 1
496376 1
496601 1
497930 1
498198 1
498654 1
498922 1
498948 1
499175 1
499404 1
500961 1
501114 1
501123 1
501910 1
502823 1
504222 1
505826 1
506280 1
507074 1
507503 1
507509 1
507564 1
508160 2
508236 1
508920 2
509335 1
510512 5
511609 1
513005 2
513227 1
513886 1
513920 1
514334 1
514516 1
514696 1
514798 1
515154 1
515327 2
515554 1
517214 1
517330 1
517724 1
517869 1
530103 1
530373 1
530485 1
530857 1
530888 1
530928 1
531067 1
531392 1
531554 1
531608 1
532368 1
533040 1
534233 1
534846 1
535203 1
535643 1
535650 1
537214 1
538442 1
540257 1
542404 1
542690 1
542921 1
543615 1
543877 1
543903 3
546016 1
546394 1
546566 1
546769 1
547005 3
548169 1
549043 1
549058 1
550290 1
550494 1
550553 1
551244 1
551840 1
552411 1
552625 1
553985 1
554241 1
554463 7
556140 1
556649 1
556679 1
557166 2
557281 1
559771 1
560213 2
561507 1
561550 1
561567 1
561742 1
561757 1
561758 1
562197 1
562983 1
563826 1
564508 1
565248 1
565757 2
566330 1
566715 1
568058 1
568087 1
568812 1
569255 1
569696 1
569944 1
570369 1
571150 1
571294 1
571771 1
572031 1
572291 1
572391 1
572440 1
572467 1
572613 1
572732 1
572838 2
573066 2
574011 1
574538 1
574602 1
574981 1
576323 1
576941 1
576958 1
577465 1
578050 1
578469 1
578615 1
578739 1
579264 1
579331 1
579333 1
579498 1
580044 1
580073 1
580301 1
580500 2
581103 1
581115 1
582027 1
582063 1
582361 1
582442 1
582621 1
583842 1
584294 1
584901 1
585190 1
585228 3
585350 1
585758 1
586031 1
586933 1
587258 1
587630 1
588019 1
588089 1
588679 1
588713 1
588900 1
589756 1
590145 1
590544 1
590602 1
590872 1
591047 1
591576 1
592170 1
592767 1
592795 1
593256 1
593331 1
593759 1
593784 2
593797 1
593801 1
593949 1
594248 1
594407 1
594541 1
594697 1
594852 1
594875 1
594883 1
594892 1
595013 1
595080 1
595329 2
595525 2
595625 1
595650 1
595867 1
596402 1
596780 1
596783 1
597037 1
597166 1
597621 1
597879 1
597898 3
598034 1
598237 1
598313 1
598373 1
598819 1
598882 1
598959 1
599032 1
599171 1
599211 1
599215 2
599241 1
599795 1
600217 1
600235 1
600246 1
600392 1
600398 1
600470 3
600697 1
600758 1
601655 3
602158 1
602638 1
602703 1
602952 3
603006 1
603398 1
603774 1
603821 1
604347 1
604844 1
605000 1
605316 1
605332 1
605838 1
606009 1
606213 1
606503 1
606656 1
607077 1
607100 1
607175 1
607210 1
607279 1
607317 1
607507 1
608156 1
608971 4
609398 2
609523 1
609541 1
610653 1
611232 1
611357 1
611609 1
611947 1
612048 1
612083 1
612333 1
612401 1
612613 3
612798 1
612915 1
613301 1
613752 1
614235 1
614411 3
615243 1
615439 1
615978 1
616033 1
616076 1
616284 1
616312 1
616670 1
616837 1
617035 2
617183 1
617650 2
618123 1
618138 1
618318 2
618469 1
619128 1
619630 1
619867 1
620079 1
620154 1
620746 1
620935 1
620993 1
621113 1
621158 1
621512 1
621744 1
621780 1
621937 1
622270 1
622932 1
622936 1
622987 1
623256 1
623544 1
624337 1
624618 1
624626 1
624628 1
624853 1
624859 4
624948 1
625155 1
625317 3
625489 1
625785 1
626548 1
626569 1
627003 1
627074 1
627188 1
627224 1
627310 1
627478 1
627532 1
627598 11
627619 1
627800 1
627864 3
627891 1
627940 3
627944 2
628247 1
628290 1
628919 1
628956 1
629219 1
629496 1
629683 1
630059 1
630078 2
630207 1
630411 1
630504 1
630544 1
630583 1
630588 1
630689 1
630781 1
630958 1
631611 1
631634 1
631908 1
632298 1
632300 1
632420 1
632656 7
632797 1
632803 1
632806 1
632818 1
632833 1
632838 1
632862 1
632863 1
632877 1
632880 1
632905 1
632945 1
633005 1
633007 1
633010 1
633011 1
633020 1
633025 1
633026 1
633033 1
633040 1
633090 1
633110 1
633111 1
633122 1
633123 1
633124 1
633169 1
633190 1
633198 1
633199 1
633209 1
633222 2
633234 1
633239 1
633262 1
633283 1
633306 1
633324 1
633347 1
633348 1
633351 1
633439 1
633451 1
633454 1
633455 1
633458 1
633471 2
633484 1
633512 2
633562 1
633580 1
633587 1
633588 1
633593 1
633602 2
633618 1
633623 1
633643 1
633647 1
633650 1
633659 1
633669 1
633678 1
633683 1
633704 1
633707 1
633726 1
633735 1
633747 1
633752 1
633763 1
633765 2
633767 1
633774 1
633775 1
633776 1
633795 1
633812 1
633814 1
633827 1
633837 1
633847 1
633859 1
633862 1
633877 1
633894 1
633920 1
633934 1
633940 1
633961 1
633962 1
633965 1
633966 1
633967 1
633974 1
633993 1
634020 1
634025 1
634048 1
634050 2
634069 1
634077 1
634084 2
634088 1
634098 1
634137 1
634146 1
634155 1
634159 1
634166 1
634171 1
634177 1
634178 1
634185 1
634192 1
634198 1
634205 1
634225 1
634230 1
634233 1
634234 2
634264 1
634271 1
634274 1
634283 1
634311 1
634315 2
634316 1
634319 1
634330 1
634333 1
634350 1
634359 1
634377 1
634385 1
634386 1
634396 1
634399 1
634406 1
634423 1
634432 1
634439 1
634442 1
634446 1
634460 3
634470 1
634475 1
634484 1
634497 1
634504 1
634514 1
634529 1
634530 1
634533 1
634538 1
634571 1
634572 1
634575 1
634576 1
634585 1
634596 1
634600 1
634607 1
634609 1
634611 1
634614 1
634617 1
634623 1
634624 2
634625 1
634642 1
634652 1
634657 1
634703 1
634705 1
634706 1
634719 1
634729 1
634743 1
634747 1
634750 2
634762 1
634769 1
634792 1
634809 1
634845 1
634875 1
634881 1
634888 1
634897 1
634915 1
634921 2
634930 1
634938 1
634942 1
634954 1
634977 1
634981 1
635001 1
635034 1
635036 1
635046 1
635061 1
635063 2
635072 1
635083 1
635088 1
635102 1
635112 1
635133 1
635148 1
635157 1
635159 1
635167 1
635170 1
635173 1
635229 1
635236 1
635241 1
635265 2
635286 1
635299 1
635304 1
635333 1
635342 3
635363 1
635368 1
635370 1
635392 1
635393 1
635396 1
635417 1
635418 2
635428 1
635436 1
635457 1
635462 1
635509 1
635511 1
635512 1
635514 1
635538 1
635539 1
635540 1
635551 1
635567 1
635578 2
635581 2
635606 1
635609 1
635620 1
635621 1
635668 1
635677 1
635681 1
635687 1
635692 1
635734 1
635738 1
635740 1
635744 1
635803 1
635842 1
635848 1
635864 2
635912 1
635913 1
635914 1
635920 2
635925 1
635931 1
635934 1
635949 1
636037 1
636038 1
636078 2
636088 3
636103 1
636123 2
636127 1
636145 1
636153 1
636158 1
636163 1
636190 1
636196 1
636204 1
636209 1
636226 1
636236 1
636237 1
636244 1
636254 1
636262 1
636275 1
636280 1
636325 1
636328 1
636335 1
636340 1
636341 1
636355 1
636377 1
636379 1
636390 1
636405 1
636419 1
636422 1
636431 1
636436 1
636443 1
636487 1
636492 1
636499 1
636502 1
636524 1
636527 1
636534 1
636542 1
636563 1
636576 1
636579 1
636597 1
636617 2
636618 1
636621 1
636633 1
636634 1
636639 1
636644 1
636668 1
636675 1
636691 1
636716 1
636741 1
636758 1
636798 1
636811 1
636818 1
636819 1
636826 1
636833 1
636839 1
636848 1
636855 1
636858 1
636863 3
636900 1
636901 1
636911 1
636926 1
636948 1
636953 1
636954 1
636964 1
636970 1
636971 1
636979 1
636984 1
636987 1
636994 1
637023 1
637024 1
637031 1
637053 1
637054 1
637057 1
637081 1
637152 1
637165 1
637172 1
637183 1
637192 1
637197 1
637208 1
637214 1
637223 1
637227 1
637244 1
637249 1
637260 1
637261 2
637272 1
637283 1
637290 1
637338 2
637351 1
637354 1
637356 1
637358 1
637359 1
637373 2
637396 1
637399 1
637400 1
637407 1
637415 1
637428 1
637432 1
637473 1
637489 2
637519 1
637532 1
637555 1
637568 1
637587 1
637588 3
637600 1
637601 1
637605 1
637607 1
637612 1
637617 1
637629 3
637703 1
637708 1
637716 1
637717 1
637736 1
637751 1
637761 1
637781 1
637787 1
637797 1
637810 1
637818 1
637825 1
637830 1
637836 1
637852 1
637853 1
637857 2
637859 1
637868 1
637900 1
637947 1
637956 1
637958 1
637965 1
637970 1
637975 1
637986 1
638004 1
638013 1
638020 1
638037 2
638038 1
638047 1
638050 1
638066 1
638082 1
638096 1
638097 1
638098 1
638104 1
638122 1
638125 1
638144 4
638190 1
638214 1
638223 1
638237 1
638256 1
638259 1
638268 1
638269 2
638298 1
638308 1
638319 1
638321 1
638340 1
638344 1
638377 1
638383 1
638389 1
638402 1
638413 1
638414 1
638427 1
638444 1
638461 1
638469 1
638476 1
638495 1
638502 1
638521 1
638562 1
638575 1
638597 1
638632 1
638638 1
638643 1
638663 2
638706 1
638717 1
638740 1
638750 1
638784 1
638787 1
638828 1
638829 1
638832 1
638868 1
638887 2
638888 1
638910 1
638913 1
638917 1
638922 1
638946 1
638980 1
638988 2
638995 1
638998 1
639002 1
639013 1
639022 1
639047 1
639064 1
639066 1
639085 1
639093 1
639102 1
639125 1
639126 1
639141 1
639144 1
639147 1
639149 1
639153 1
639167 1
639183 1
639206 1
639244 1
639265 1
639268 1
639280 1
639281 1
639284 1
639301 2
639313 2
639338 1
639355 1
639364 1
639387 1
639410 1
639411 2
639415 1
639433 1
639434 1
639436 1
639483 1
639489 1
639495 2
639499 1
639516 2
639566 1
639594 1
639595 1
639605 1
639611 1
639624 1
639628 1
639637 1
639644 1
639646 1
639651 1
639653 1
639661 1
639674 1
639675 1
639687 1
639710 1
639714 1
639719 1
639726 3
639744 1
639747 1
639749 1
639767 1
639777 1
639781 1
639784 1
639797 1
639828 2
639840 1
639842 3
639845 2
639848 1
639863 1
639867 1
639876 1
639885 1
639893 1
639895 1
639900 1
639901 1
639912 1
639917 1
639939 1
639940 1
639946 1
639951 1
639956 1
639964 1
639973 1
639976 1
639981 1
639982 1
639989 1
639996 1
640002 2
640003 1
640006 2
640011 1
640064 1
640072 1
640075 1
640082 1
640103 1
640131 1
640132 2
640137 1
640161 1
640173 1
640178 1
640200 1
640216 1
640224 1
640230 1
640262 1
640267 1
640276 1
640288 1
640339 1
640342 1
640357 1
640374 1
640399 1
640407 1
640429 1
640432 1
640435 1
640458 1
640496 1
640502 1
640511 1
640527 1
640530 1
640552 1
640564 1
640565 1
640588 1
640596 1
640599 1
640604 1
640614 1
640615 1
640622 1
640624 1
640640 1
640649 1
640675 1
640715 1
640726 1
640734 1
640776 1
640789 1
640793 1
640806 1
640819 1
640822 1
640846 1
640901 1
640911 1
640928 1
640937 1
640949 1
640968 1
640975 1
640976 1
640983 1
640992 1
640993 1
640997 1
641007 1
641013 1
641023 1
641025 1
641038 1
641043 1
641092 1
641098 2
641101 1
641108 2
641133 2
641139 1
641145 1
641154 1
641164 2
641169 1
641200 1
641215 1
641233 1
641241 1
641258 1
641261 1
641265 1
641276 1
641296 1
641303 1
641323 1
641326 1
641344 1
641380 1
641381 1
641386 1
641390 4
641393 1
641400 1
641407 1
641408 1
641413 1
641424 1
641462 1
641469 1
641470 1
641472 1
641481 1
641488 1
641494 1
641513 1
641538 1
641545 1
641584 1
641598 1
641606 2
641608 1
641613 1
641623 2
641628 1
641642 1
641646 1
641675 1
641692 1
641723 1
641730 1
641733 1
641745 1
641757 1
641764 1
641765 1
641776 1
641794 1
641811 1
641815 1
641870 1
641871 1
641887 1
641893 1
641901 1
641962 1
641980 1
641982 1
642017 1
642021 1
642022 5
642036 1
642070 1
642081 1
642098 1
642127 1
642154 1
642157 2
642168 1
642183 1
642185 1
642191 1
642193 2
642202 1
642223 1
642229 1
642244 1
642250 1
642268 1
642269 1
642274 1
642276 1
642287 2
642292 1
642299 1
642303 1
642305 1
642307 1
642308 1
642318 2
642319 1
642346 1
642357 1
642358 1
642376 1
642387 1
642389 1
642439 1
642448 1
642452 1
642460 1
642477 1
642481 1
642489 1
642498 1
642511 1
642514 1
642553 2
642566 1
642572 1
642573 1
642589 1
642617 1
642619 1
642634 1
642637 1
642638 1
642640 1
642660 1
642683 1
642689 1
642690 1
642702 1
642711 1
642728 1
642732 1
642740 1
642745 1
642763 1
642769 1
642778 1
642786 1
642799 4
642811 1
642814 1
642815 2
642816 2
642836 1
642842 1
642882 1
642897 1
642901 1
642916 1
642919 1
642925 1
642933 1
642943 1
642952 1
642987 1
643017 1
643039 1
643058 1
643065 1
643077 1
643079 1
643086 1
643091 1
643097 1
643098 1
643101 1
643108 1
643114 1
643119 1
643125 1
643132 1
643158 1
643177 1
643180 1
643185 1
643189 1
643196 1
643197 1
643220 1
643225 1
643260 1
643261 2
643274 1
643279 1
643302 1
643310 1
643314 1
643370 1
643372 1
643376 1
643383 1
643393 1
643403 1
643408 1
643417 1
643441 1
643444 1
643456 1
643459 1
643476 1
643492 1
643509 1
643517 1
643529 1
643540 1
643557 1
643571 1
643573 1
643574 1
643575 1
643578 1
643609 1
643632 1
643649 1
643650 1
643651 1
643668 1
643670 1
643674 1
643677 1
643678 1
643682 1
643692 1
643702 1
643720 1
643729 1
643730 1
643735 1
643748 1
643763 1
643779 1
643816 1
643839 1
643858 1
643860 1
643869 1
643885 1
643886 1
643889 1
643890 1
643909 1
643923 1
643937 1
643940 1
643955 1
643961 1
643973 1
643974 2
643999 2
644004 2
644006 1
644026 1
644053 1
644054 1
644080 1
644084 1
644087 1
644088 1
644106 1
644124 1
644125 1
644130 1
644131 2
644160 2
644163 1
644222 1
644223 1
644229 1
644236 1
644254 1
644255 1
644260 1
644277 1
644282 1
644341 1
644344 1
644352 1
644357 1
644363 1
644364 1
644370 1
644373 1
644386 1
644393 1
644396 1
644399 1
644411 1
644421 1
644422 1
644423 1
644428 1
644448 1
644473 1
644496 1
644513 1
644521 1
644553 1
644563 1
644584 1
644605 1
644612 1
644622 1
644642 1
644648 1
644653 1
644673 1
644690 1
644694 1
644697 1
644702 1
644705 1
644709 1
644718 1
644719 1
644721 1
644741 1
644746 1
644755 1
644762 1
644767 1
644777 1
644790 1
644792 1
644797 1
644801 1
644807 1
644808 1
644810 1
644817 1
644822 1
644845 1
644846 1
644851 1
644868 1
644878 1
644879 1
644896 1
644907 1
644917 1
644920 1
644952 1
644954 1
644962 1
645020 1
645022 1
645025 1
645026 1
645030 1
645041 1
645065 1
645081 1
645084 1
645090 1
645099 1
645114 1
645121 2
645122 1
645123 1
645124 2
645131 1
645142 1
645145 1
645201 1
645211 1
645216 1
645226 1
645229 1
645236 1
645241 1
645272 1
645284 2
645305 1
645310 1
645314 1
645335 1
645346 1
645397 1
645401 1
645406 1
645415 1
645464 1
645468 2
645471 1
645493 1
645494 1
645502 1
645504 1
645505 1
645515 1
645534 1
645539 1
645561 1
645564 1
645572 1
645581 2
645606 1
645607 1
645616 1
645632 1
645643 1
645645 1
645650 1
645679 1
645680 1
645697 1
645704 1
645707 1
645712 1
645715 1
645739 1
645750 1
645760 1
645765 2
645768 2
645775 1
645780 1
645785 1
645789 1
645805 1
645806 3
645808 1
645818 1
645825 1
645827 1
645828 1
645831 1
645848 1
645894 1
645901 1
645908 1
645932 1
645944 1
645945 1
645950 1
645959 1
645965 3
645970 2
645975 1
645976 1
645987 1
645996 1
646008 1
646046 1
646049 1
646054 1
646069 1
646079 1
646080 1
646085 1
646104 1
646119 1
646144 1
646147 2
646159 1
646165 1
646169 6
646172 1
646192 1
646194 1
646208 1
646217 1
646228 1
646232 1
646251 1
646267 1
646270 1
646271 1
646279 2
646288 1
646294 1
646304 1
646309 1
646326 1
646339 1
646346 1
646361 1
646397 1
646400 1
646402 1
646420 1
646423 1
646439 1
646447 1
646452 2
646470 1
646478 3
646485 1
646490 1
646494 1
646504 1
646526 1
646533 1
646535 1
646563 2
646566 1
646573 1
646579 1
646582 1
646587 1
646595 1
646600 1
646613 1
646620 1
646629 1
646638 1
646678 1
646680 1
646685 1
646693 1
646712 1
646723 1
646727 2
646731 1
646734 1
646740 1
646745 2
646764 1
646798 1
646801 1
646808 1
646817 2
646820 1
646821 1
646826 1
646832 1
646833 1
646840 1
646841 1
646847 1
646882 1
646897 1
646919 1
646924 1
646931 1
646946 1
646953 1
646961 1
646962 1
646966 1
646968 1
646971 1
646976 1
646978 1
647026 1
647027 1
647028 1
647031 1
647033 1
647036 1
647072 2
647075 1
647086 1
647099 1
647111 1
647120 1
647126 1
647127 1
647128 1
647147 1
647191 1
647192 1
647210 2
647242 1
647268 1
647275 1
647304 1
647335 1
647342 1
647352 1
647393 1
647402 1
647412 1
647421 1
647424 1
647438 1
647448 1
647449 1
647481 1
647508 1
647531 1
647548 1
647583 1
647602 1
647609 3
647614 1
647618 1
647631 1
647643 1
647649 1
647668 1
647673 1
647688 1
647691 1
647698 1
647703 1
647704 1
647707 2
647718 1
647719 1
647730 1
647733 1
647736 1
647740 1
647744 1
647748 1
647756 1
647764 1
647766 1
647768 1
647770 1
647772 1
647776 1
647780 1
647786 1
647792 1
647794 1
647796 1
647798 1
647800 1
647804 1
647806 1
647808 1
647810 1
647812 1
647816 1
647818 1
647822 1
647830 1
647834 1
647836 1
647838 1
647840 1
647842 1
647844 1
647846 1
647848 1
647850 1
647852 1
647854 1
647856 1
647858 1
647860 1
647862 1
647864 1
647870 1
647872 1
647874 1
647876 1
647880 1
647882 1
647888 1
647898 1
647902 1
647903 2
647910 1
647919 1
647930 1
647933 1
647953 1
647964 1
647969 1
647970 1
647996 1
648001 1
648007 1
648052 1
648059 1
648063 1
648068 1
648071 2
648072 1
648083 2
648084 1
648104 1
648107 1
648122 1
648139 1
648141 1
648142 1
648164 1
648171 1
648179 1
648186 1
648192 1
648211 1
648214 1
648225 1
648251 1
648263 1
648283 1
648285 1
648292 1
648296 1
648304 1
648320 1
648321 1
648336 1
648346 1
648349 1
648368 1
648373 1
648388 1
648424 1
648434 1
648435 1
648437 1
648442 1
648458 1
648491 1
648494 1
648513 1
648523 1
648531 1
648534 1
648547 1
648548 1
648553 1
648565 1
648572 1
648589 1
648599 1
648608 1
648615 1
648620 1
648643 1
648652 1
648656 1
648659 1
648664 1
648670 1
648690 2
648719 3
648727 1
648740 1
648742 1
648767 1
648775 1
648780 1
648784 1
648791 1
648804 1
648809 1
648810 1
648817 1
648840 1
648841 1
648869 1
648880 1
648911 1
648914 1
648918 1
648929 1
648932 1
648948 2
648958 1
648967 1
648974 1
648997 1
649001 1
649010 1
649015 1
649030 1
649031 1
649042 1
649047 3
649077 1
649088 1
649099 1
649106 1
649109 1
649118 1
649133 2
649136 1
649155 1
649158 1
649163 1
649167 1
649169 1
649173 1
649178 1
649181 1
649185 1
649191 2
649217 1
649218 1
649224 1
649230 1
649235 1
649237 1
649240 1
649253 1
649257 1
649258 1
649274 1
649284 1
649314 1
649321 1
649322 1
649325 3
649336 1
649337 1
649338 1
649349 2
649402 1
649412 1
649417 1
649423 1
649435 1
649439 1
649455 1
649458 1
649472 1
649475 1
649486 1
649529 1
649532 1
649541 1
649542 1
649568 1
649577 1
649593 2
649595 1
649600 1
649613 1
649614 1
649617 1
649627 1
649628 1
649670 1
649673 2
649689 1
649690 1
649695 1
649703 1
649718 1
649722 1
649723 1
649736 1
649737 1
649771 1
649783 1
649786 1
649792 1
649796 1
649807 1
649810 1
649822 1
649834 1
649837 1
649857 1
649862 1
649866 1
649879 1
649887 1
649896 1
649912 1
649913 1
649916 1
649923 1
649927 1
649938 1
649951 1
649974 3
650055 1
650062 2
650069 1
650090 1
650096 1
650127 3
650136 1
650146 1
650171 1
650191 1
650203 2
650228 1
650241 1
650244 1
650249 1
650259 1
650269 1
650284 1
650302 1
650316 1
650318 1
650347 1
650354 1
650356 1
650361 2
650374 1
650380 1
650385 1
650392 1
650422 1
650434 1
650446 1
650448 1
650454 1
650468 1
650480 1
650488 1
650509 1
650519 1
650522 1
650526 1
650532 1
650545 1
650549 1
650551 1
650552 1
650564 1
650567 1
650574 1
650577 1
650582 1
650598 1
650612 1
650619 1
650630 1
650643 1
650647 1
650656 1
650659 1
650663 1
650664 1
650686 1
650687 1
650695 1
650707 1
650724 1
650730 1
650754 1
650755 1
650761 1
650777 1
650787 1
650820 1
650840 1
650870 1
650878 1
650881 1
650883 1
650888 1
650893 1
650903 1
650926 2
650927 1
650940 1
650947 1
650972 1
650976 2
650999 1
651010 1
651011 1
651029 1
651044 1
651046 1
651047 1
651053 1
651057 1
651058 2
651061 1
651074 1
651080 1
651083 1
651095 1
651103 1
651106 2
651112 1
651156 1
651163 1
651166 1
651167 1
651180 1
651183 1
651206 2
651210 1
651230 1
651246 1
651252 1
651267 1
651274 1
651283 1
651298 1
651301 1
651307 1
651327 1
651336 1
651340 1
651341 1
651357 1
651362 1
651370 1
651386 1
651397 1
651408 1
651412 1
651415 1
651419 1
651436 2
651439 1
651446 1
651451 1
651455 1
651472 1
651481 1
651495 1
651510 1
651512 1
651521 1
651524 7
651556 1
651562 1
651568 1
651582 1
651585 1
651592 1
651603 1
651607 1
651627 1
651633 1
651637 1
651638 1
651654 1
651662 1
651665 1
651682 2
651683 1
651696 1
651700 2
651709 1
651712 2
651713 1
651718 1
651776 1
651785 1
651786 1
651792 1
651810 1
651820 1
651830 1
651844 1
651848 1
651856 1
651865 1
651867 1
651893 1
651901 3
651922 1
651938 1
651947 1
651950 1
651962 1
651969 1
651975 1
651977 1
651985 1
651991 1
652019 1
652029 1
652038 1
652041 1
652043 1
652050 1
652051 1
652060 1
652070 1
652101 1
652113 1
652129 1
652146 1
652148 1
652156 1
652158 1
652189 1
652198 1
652201 1
652208 1
652225 1
652259 1
652271 1
652290 1
652293 1
652310 1
652321 1
652334 1
652361 1
652385 1
652388 1
652390 1
652400 1
652423 1
652433 1
652435 1
652436 1
652441 1
652448 1
652455 1
652461 1
652469 1
652473 1
652486 1
652496 1
652497 1
652510 1
652512 1
652515 2
652520 1
652521 1
652545 1
652552 1
652557 1
652569 1
652580 1
652581 1
652592 1
652598 1
652623 1
652635 1
652642 1
652645 1
652651 1
652677 1
652683 1
652684 1
652699 1
652702 1
652703 1
652716 1
652717 2
652724 1
652739 1
652763 1
652768 1
652796 1
652807 1
652819 1
652823 1
652826 1
652827 1
652841 1
652862 1
652870 1
652872 1
652881 1
652885 1
652889 1
652894 2
652905 1
652909 1
652910 1
652914 1
652921 2
652923 1
652924 1
652936 1
652940 1
652941 1
652945 1
652958 1
652960 2
652967 1
652970 1
652988 1
653006 1
653010 2
653020 1
653033 1
653041 1
653047 1
653050 1
653071 1
653073 1
653083 1
653089 1
653102 1
653105 1
653112 1
653128 1
653159 1
653163 1
653177 1
653199 1
653200 1
653213 1
653222 1
653233 1
653313 1
653330 2
653331 1
653346 1
653347 1
653353 1
653356 1
653369 1
653380 1
653392 1
653405 1
653424 1
653457 1
653480 1
653489 1
653493 1
653494 1
653504 1
653507 1
653509 1
653510 1
653513 1
653515 1
653557 1
653559 1
653568 1
653577 1
653581 1
653582 2
653585 1
653587 1
653614 3
653615 2
653616 1
653630 1
653654 1
653661 1
653666 1
653669 1
653673 1
653678 1
653684 1
653686 1
653687 1
653692 1
653696 1
653716 1
653718 1
653739 1
653745 1
653747 1
653757 1
653767 1
653772 1
653785 1
653800 1
653804 1
653809 1
653810 1
653812 1
653814 1
653822 1
653827 1
653834 1
653836 1
653843 1
653850 1
653857 2
653891 1
653894 1
653898 1
653903 1
653904 1
653911 1
653915 1
653917 1
653919 1
653932 1
653935 1
653942 3
653958 1
653963 1
653967 1
653971 1
653976 1
653979 1
653988 1
653991 1
654004 1
654015 1
654018 1
654022 1
654026 1
654027 1
654043 1
654046 1
654054 1
654065 2
654080 1
654085 1
654100 1
654143 1
654149 1
654153 1
654155 1
654163 1
654166 1
654167 1
654173 1
654180 1
654190 1
654195 1
654198 1
654201 1
654208 1
654214 1
654220 1
654234 1
654235 1
654239 1
654242 1
654284 1
654285 1
654290 1
654293 1
654302 1
654314 1
654327 1
654338 1
654349 1
654359 1
654363 1
654369 1
654372 1
654373 1
654381 1
654384 1
654398 1
654405 1
654440 1
654443 1
654468 1
654484 1
654485 1
654497 1
654503 1
654506 2
654516 1
654517 1
654518 1
654521 1
654525 1
654526 1
654528 1
654532 1
654538 1
654551 1
654556 1
654574 1
654576 1
654578 1
654587 1
654592 1
654598 1
654622 1
654627 1
654634 1
654639 1
654652 1
654657 1
654670 1
654691 1
654694 1
654722 1
654732 1
654753 1
654755 1
654761 1
654762 1
654773 1
654791 1
654797 1
654799 1
654802 1
654805 1
654815 1
654825 2
654827 1
654847 1
654883 1
654887 1
654889 1
654901 1
654917 1
654927 1
654942 1
654943 1
654965 1
654968 1
654975 1
654989 1
654991 1
654994 1
654995 1
655002 1
655011 1
655016 1
655017 1
655038 2
655041 1
655052 1
655058 1
655075 1
655089 1
655091 1
655092 1
655096 1
655102 7
655129 1
655132 1
655142 1
655143 1
655145 1
655148 1
655152 1
655156 1
655168 1
655169 1
655181 1
655188 1
655201 1
655205 1
655209 1
655239 1
655242 2
655243 1
655252 1
655253 2
655258 1
655276 1
655277 1
655296 1
655298 1
655300 1
655316 1
655324 1
655334 2
655335 1
655353 1
655363 1
655367 1
655374 1
655378 1
655388 1
655401 1
655405 1
655406 1
655420 1
655422 1
655425 1
655433 1
655435 1
655436 1
655437 1
655438 1
655442 2
655446 1
655447 1
655461 1
655471 1
655473 1
655474 1
655513 1
655514 1
655530 1
655540 1
655547 1
655551 1
655553 1
655561 1
655565 1
655566 1
655579 2
655582 1
655590 1
655593 1
655596 1
655603 1
655612 1
655614 3
655617 1
655621 1
655636 1
655640 1
655641 1
655646 1
655653 1
655657 1
655671 1
655675 1
655684 1
655693 1
655694 1
655696 2
655716 1
655717 1
655724 1
655730 1
655731 1
655735 1
655749 1
655766 1
655767 1
655777 1
655781 1
655791 1
655792 1
655795 1
655815 1
655822 2
655824 1
655856 1
655867 1
655886 1
655892 1
655913 3
655915 1
655925 1
655941 1
655945 1
655951 1
655960 1
655962 1
655970 2
655977 1
655980 1
656003 2
656021 1
656032 1
656042 1
656063 1
656064 1
656082 2
656083 1
656084 1
656085 1
656087 1
656088 1
656093 1
656097 1
656098 1
656121 1
656138 1
656140 1
656160 1
656164 1
656183 1
656191 1
656203 1
656205 1
656208 1
656210 1
656223 1
656224 1
656225 1
656232 1
656237 2
656240 1
656256 1
656273 1
656278 2
656299 1
656308 1
656315 1
656316 1
656326 2
656334 1
656344 1
656346 1
656400 1
656403 1
656405 1
656406 1
656414 1
656418 1
656421 1
656424 1
656428 1
656430 1
656431 1
656434 1
656442 1
656457 1
656458 1
656468 2
656471 2
656485 3
656490 1
656504 1
656514 1
656530 1
656542 1
656560 1
656561 1
656568 1
656577 1
656587 1
656643 1
656648 1
656657 1
656659 1
656660 1
656674 1
656709 1
656710 1
656714 1
656716 1
656719 1
656733 1
656802 1
656813 1
656824 1
656827 1
656833 1
656858 1
656859 1
656861 1
656874 1
656892 1
656901 2
656908 1
656909 1
656917 1
656918 1
656921 1
656930 1
656932 1
656943 1
656944 1
656950 1
656967 1
656995 1
657001 1
657004 1
657009 1
657014 1
657021 1
657025 1
657033 1
657036 1
657037 1
657039 2
657074 1
657090 1
657096 1
657107 2
657111 1
657113 1
657125 1
657128 1
657129 1
657131 1
657133 2
657176 1
657179 1
657188 1
657189 1
657190 1
657192 1
657193 2
657201 1
657207 1
657214 1
657216 1
657219 1
657226 1
657228 1
657238 1
657253 1
657271 1
657284 1
657288 1
657309 1
657317 1
657333 1
657345 1
657370 1
657376 1
657401 1
657406 1
657413 1
657441 1
657452 1
657455 1
657459 1
657461 1
657466 1
657523 1
657540 3
657547 1
657550 1
657555 1
657558 1
657559 1
657560 1
657597 2
657606 1
657610 1
657616 1
657628 1
657631 1
657639 1
657645 1
657654 1
657671 1
657675 1
657703 1
657709 1
657710 1
657713 1
657716 1
657717 2
657725 1
657727 2
657728 1
657730 1
657743 1
657746 2
657760 1
657783 1
657793 5
657796 1
657802 1
657810 1
657813 1
657830 1
657847 1
657849 1
657850 1
657852 1
657862 1
657874 1
657875 5
657877 1
657892 1
657902 1
657904 1
657912 1
657922 1
657938 1
657960 1
657989 1
657999 1
658008 1
658012 1
658013 1
658016 1
658018 1
658030 1
658033 2
658034 1
658042 1
658045 1
658048 2
658057 1
658072 1
658076 1
658078 1
658093 1
658107 1
658110 1
658133 1
658137 1
658157 1
658172 1
658183 1
658193 1
658195 1
658206 1
658215 1
658244 1
658259 1
658260 1
658265 1
658266 1
658269 1
658291 1
658298 1
658314 1
658322 2
658323 1
658327 2
658339 1
658349 3
658358 1
658361 1
658384 1
658395 1
658400 1
658466 1
658471 1
658493 1
658498 1
658500 1
658504 1
658511 1
658523 1
658526 1
658527 1
658539 1
658540 1
658558 1
658564 1
658592 1
658593 1
658607 1
658622 1
658626 1
658627 1
658628 1
658648 1
658660 1
658662 1
658672 1
658680 2
658682 1
658684 1
658685 1
658703 1
658708 1
658719 1
658760 1
658762 1
658763 1
658802 1
658826 1
658840 1
658842 2
658844 2
658845 2
658853 1
658854 1
658861 1
658865 1
658870 1
658880 1
658884 1
658901 1
658906 1
658911 1
658943 1
658945 1
658946 1
658953 2
658957 1
658958 1
658962 1
658970 1
658974 1
658977 1
658993 1
659015 1
659032 1
659046 1
659049 1
659052 1
659063 1
659078 1
659080 1
659083 1
659088 2
659108 1
659111 1
659116 1
659118 1
659141 1
659145 1
659148 1
659158 1
659165 1
659177 1
659179 1
659180 1
659185 1
659188 1
659191 1
659196 1
659198 1
659220 1
659224 1
659225 1
659229 1
659273 1
659287 1
659288 2
659319 1
659325 1
659340 1
659348 1
659357 1
659361 1
659368 1
659400 1
659404 1
659407 2
659414 1
659430 1
659433 1
659434 1
659445 1
659468 1
659472 1
659480 1
659490 1
659499 1
659502 1
659529 1
659532 1
659533 1
659543 1
659558 1
659574 1
659589 1
659594 1
659617 1
659619 1
659622 1
659650 1
659672 1
659674 1
659677 1
659688 1
659689 1
659693 2
659695 1
659713 1
659717 1
659724 1
659728 1
659752 1
659768 1
659778 1
659781 1
659794 1
659804 1
659805 1
659815 1
659816 1
659819 1
659823 1
659834 1
659843 1
659844 1
659870 1
659875 1
659877 1
659878 1
659884 1
659893 1
659898 1
659899 1
659912 1
659917 1
659925 1
659945 1
659949 1
659952 2
659954 1
659956 1
659968 1
659981 2
659982 1
659986 1
659992 1
659994 1
659995 1
660000 1
660031 1
660032 1
660035 1
660039 1
660045 1
660049 1
660059 1
660068 1
660069 1
660080 1
660086 1
660089 1
660091 1
660097 1
660107 1
660112 1
660135 1
660139 1
660145 1
660148 1
660152 1
660155 2
660158 1
660169 2
660178 1
660183 1
660190 1
660191 1
660194 1
660197 1
660203 1
660204 1
660207 1
660212 1
660216 1
660217 2
660226 1
660231 1
660259 1
660260 1
660262 1
660271 1
660273 1
660274 1
660295 1
660307 1
660310 1
660313 1
660328 1
660335 1
660339 1
660340 1
660390 1
660393 1
660401 1
660427 1
660432 1
660439 1
660441 1
660442 1
660446 1
660453 1
660456 1
660459 1
660483 1
660498 1
660510 1
660516 1
660522 1
660524 1
660539 1
660557 1
660570 1
660572 1
660573 1
660579 1
660587 1
660589 1
660595 1
660599 1
660605 1
660618 1
660623 1
660624 1
660634 1
660654 1
660663 1
660687 1
660690 1
660697 1
660720 1
660725 1
660727 1
660730 1
660753 1
660755 1
660777 1
660784 1
660796 1
660801 1
660814 1
660816 1
660818 1
660825 1
660834 1
660835 1
660841 1
660856 1
660867 1
660873 1
660874 1
660875 1
660885 1
660894 1
660895 1
660896 1
660899 1
660922 1
660934 1
660937 1
660953 1
660968 1
660983 1
660985 1
660999 1
661005 1
661009 1
661010 1
661011 1
661021 1
661043 1
661044 1
661067 1
661069 1
661074 1
661080 1
661088 1
661101 1
661106 1
661111 1
661112 1
661114 1
661119 1
661131 1
661153 1
661168 1
661171 1
661179 1
661206 1
661223 1
661237 1
661249 1
661275 1
661277 1
661291 1
661303 1
661305 1
661330 1
661345 1
661348 1
661361 1
661371 1
661374 1
661378 1
661382 1
661383 1
661395 1
661398 1
661411 1
661412 1
661415 1
661431 1
661456 1
661497 1
661502 1
661509 1
661510 1
661516 2
661517 1
661539 1
661554 1
661564 1
661577 1
661580 1
661588 2
661596 1
661597 1
661616 1
661623 1
661628 1
661629 1
661648 1
661653 1
661663 1
661667 1
661678 1
661683 1
661695 1
661697 3
661702 1
661714 1
661719 1
661721 1
661722 1
661730 1
661734 1
661738 1
661741 1
661743 1
661757 1
661764 1
661765 1
661772 1
661781 1
661782 1
661785 1
661791 1
661816 1
661831 1
661837 1
661851 1
661860 1
661862 1
661863 2
661888 1
661897 1
661922 1
661923 1
661927 1
661930 1
661931 1
661932 1
661935 1
661953 1
661957 1
661985 1
661992 1
661994 1
661998 1
661999 1
662009 1
662017 1
662019 1
662020 1
662033 1
662036 1
662044 1
662061 1
662070 1
662080 1
662092 1
662097 1
662099 1
662206 1
662210 1
662213 1
662235 2
662239 1
662245 1
662255 1
662266 1
662273 1
662278 1
662283 1
662289 1
662313 1
662351 1
662358 1
662361 1
662366 1
662394 1
662396 1
662399 1
662401 1
662408 1
662460 1
662463 1
662468 1
662478 1
662486 1
662518 1
662531 1
662601 1
662606 1
662622 1
662625 1
662643 1
662651 1
662652 1
662657 1
662680 1
662682 1
662684 1
662687 2
662689 1
662694 1
662702 1
662716 1
662718 1
662723 1
662724 1
662728 1
662737 1
662741 1
662747 1
662759 1
662761 1
662766 1
662781 1
662812 1
662860 1
662927 1
662933 1
662945 2
662947 1
662949 10
662950 1
662966 1
662974 1
662987 1
662997 1
663019 1
663032 1
663037 1
663039 1
663040 1
663050 1
663053 1
663061 1
663067 1
663092 1
663095 1
663096 1
663100 1
663108 2
663110 1
663125 1
663129 1
663136 1
663142 1
663146 1
663159 1
663165 1
663171 1
663174 1
663202 1
663214 1
663224 1
663236 1
663243 1
663246 1
663259 1
663262 1
663266 1
663277 1
663279 1
663297 1
663304 1
663308 1
663312 1
663332 1
663387 1
663392 1
663393 1
663397 1
663404 1
663411 1
663422 1
663439 1
663455 1
663474 1
663478 1
663482 1
663512 1
663515 1
663531 1
663532 1
663540 1
663556 1
663565 1
663570 1
663573 1
663575 1
663578 1
663581 1
663591 1
663593 1
663608 1
663627 1
663635 1
663637 1
663640 1
663642 1
663648 1
663657 1
663669 1
663676 1
663701 1
663710 1
663723 1
663735 1
663742 1
663765 1
663766 1
663773 1
663786 1
663793 1
663794 1
663803 1
663807 1
663808 1
663853 1
663866 1
663884 2
663890 1
663892 1
663895 1
663896 1
663897 1
663906 1
663907 1
663909 1
663913 1
663915 1
663916 1
663921 1
663930 1
663935 1
663943 1
663955 1
663958 1
663968 1
663978 2
663985 1
663989 1
663995 1
663997 1
663998 1
664023 1
664029 1
664039 1
664040 1
664048 1
664052 1
664069 1
664070 1
664095 1
664103 1
664107 1
664109 1
664113 1
664119 1
664126 1
664140 2
664151 1
664154 2
664158 1
664162 1
664167 1
664173 1
664181 1
664186 1
664190 1
664206 1
664208 2
664215 1
664229 1
664230 1
664240 1
664248 1
664251 1
664253 1
664260 1
664262 1
664271 1
664273 1
664283 1
664285 1
664287 1
664289 1
664293 1
664296 1
664321 1
664331 1
664332 2
664335 1
664353 1
664358 1
664361 1
664373 1
664385 1
664393 2
664402 2
664412 1
664414 1
664415 1
664417 1
664418 1
664421 1
664437 1
664443 1
664444 1
664452 1
664455 1
664468 1
664513 1
664546 2
664547 1
664554 1
664591 1
664595 1
664616 1
664633 1
664647 1
664652 1
664657 1
664659 1
664661 1
664662 1
664668 1
664676 1
664680 1
664683 1
664697 1
664698 1
664715 1
664732 1
664739 1
664742 1
664749 1
664753 1
664762 1
664776 1
664778 1
664786 1
664789 1
664797 1
664801 1
664806 1
664824 1
664833 1
664855 1
664864 1
664875 1
664882 1
664886 1
664902 1
664920 1
664924 1
664928 1
664938 1
664941 1
664963 1
664964 1
664994 1
664997 1
665000 7
665009 1
665015 1
665034 1
665035 1
665043 1
665067 1
665070 1
665085 1
665102 1
665104 1
665112 1
665117 1
665118 1
665120 1
665125 1
665131 1
665140 1
665146 1
665166 1
665167 1
665169 1
665170 1
665172 1
665184 1
665192 1
665197 1
665206 1
665210 1
665215 1
665221 2
665222 1
665246 1
665253 1
665264 1
665274 1
665282 1
665286 1
665287 1
665291 1
665301 1
665302 1
665307 1
665309 1
665321 1
665328 1
665342 1
665350 1
665354 2
665363 1
665369 3
665371 1
665374 1
665381 1
665385 1
665386 1
665420 1
665431 1
665445 1
665449 1
665457 1
665461 1
665466 1
665471 1
665477 1
665492 1
665494 1
665505 1
665516 1
665525 1
665541 1
665557 1
665561 1
665565 1
665569 1
665604 1
665605 1
665607 3
665617 1
665619 1
665620 1
665621 1
665623 1
665639 1
665648 1
665652 1
665669 1
665670 1
665676 1
665679 1
665685 1
665687 1
665695 2
665705 1
665710 1
665711 1
665719 1
665721 1
665736 1
665741 1
665744 1
665765 1
665781 2
665787 1
665802 1
665804 1
665806 1
665814 1
665831 1
665842 1
665846 1
665856 1
665864 1
665868 1
665870 1
665879 1
665884 1
665889 1
665907 1
665927 1
665928 1
665943 1
665945 1
665951 1
665952 1
665956 2
665959 1
665972 1
665977 1
665993 1
666002 1
666031 1
666036 3
666038 1
666046 1
666067 1
666069 1
666087 1
666090 1
666096 1
666130 1
666132 1
666145 5
666148 1
666172 1
666206 1
666209 2
666220 1
666236 1
666241 1
666244 1
666254 1
666259 1
666262 1
666267 1
666274 1
666276 1
666278 1
666280 1
666289 1
666305 1
666311 1
666312 1
666316 1
666322 1
666330 1
666331 1
666343 1
666356 1
666366 1
666367 1
666373 1
666382 1
666387 1
666393 1
666395 1
666404 1
666415 1
666416 1
666423 1
666432 1
666433 1
666434 1
666442 1
666454 2
666455 1
666459 1
666461 1
666468 1
666477 1
666488 1
666496 1
666516 1
666526 1
666554 1
666561 1
666564 1
666577 1
666580 1
666581 1
666587 1
666596 1
666617 2
666619 1
666621 1
666630 1
666642 1
666643 5
666661 1
666686 1
666694 1
666696 2
666699 1
666700 1
666701 1
666704 1
666710 1
666715 1
666729 1
666737 1
666762 1
666769 1
666781 1
666789 1
666792 1
666812 1
666825 1
666829 1
666834 2
666849 2
666861 1
666877 1
666888 1
666892 1
666895 1
666897 1
666906 1
666918 1
666925 1
666933 1
666937 1
666943 1
666955 1
666970 1
666976 1
666989 1
666991 1
666993 1
666995 1
666999 1
667005 1
667010 1
667020 1
667038 1
667054 1
667057 1
667073 1
667098 1
667104 1
667108 1
667111 1
667115 1
667117 1
667145 1
667148 1
667168 1
667170 1
667183 1
667185 1
667195 1
667201 1
667214 1
667217 1
667223 1
667224 1
667228 1
667231 1
667233 1
667240 1
667247 1
667248 1
667254 1
667264 1
667279 1
667298 1
667306 1
667326 1
667331 1
667333 1
667343 1
667349 1
667362 1
667365 1
667380 1
667425 1
667445 1
667453 2
667454 1
667466 1
667477 1
667485 1
667488 1
667489 2
667492 1
667500 1
667502 1
667503 1
667513 1
667517 1
667524 1
667529 1
667536 1
667540 1
667559 1
667570 1
667576 1
667577 1
667585 1
667586 1
667592 1
667599 1
667600 1
667602 1
667620 1
667625 1
667629 1
667644 2
667652 1
667666 1
667668 1
667681 1
667690 1
667696 1
667697 1
667698 1
667720 1
667722 1
667723 1
667742 2
667751 1
667760 1
667767 1
667777 1
667780 1
667798 1
667800 1
667805 3
667808 1
667809 1
667825 1
667834 1
667843 2
667856 1
667863 1
667903 1
667914 1
667921 1
667929 1
667930 1
667943 1
667950 1
667957 1
667960 1
667964 1
667973 1
667981 1
667982 1
667994 1
667996 1
667997 1
668016 1
668019 1
668050 1
668053 1
668062 1
668069 1
668073 1
668082 1
668092 1
668093 1
668107 1
668113 1
668115 1
668117 1
668118 1
668120 1
668122 1
668125 1
668126 1
668132 1
668162 1
668170 1
668175 1
668192 1
668202 1
668206 1
668214 1
668219 1
668220 1
668223 1
668224 2
668246 1
668260 1
668277 1
668282 1
668294 1
668306 1
668307 1
668309 2
668313 1
668315 1
668317 1
668332 1
668333 1
668335 1
668338 1
668343 1
668347 1
668355 1
668362 1
668367 1
668376 1
668378 1
668391 1
668403 1
668406 1
668413 1
668416 1
668427 1
668444 1
668450 1
668452 1
668474 3
668481 1
668486 1
668491 1
668494 1
668501 1
668504 3
668505 1
668518 1
668520 1
668576 1
668579 1
668582 1
668591 1
668600 1
668602 1
668622 1
668627 1
668651 1
668657 1
668661 1
668687 1
668694 1
668698 1
668699 1
668701 1
668702 1
668711 1
668713 1
668717 1
668720 1
668733 1
668749 1
668750 1
668756 1
668761 1
668765 1
668767 1
668787 1
668790 1
668804 1
668806 1
668811 1
668817 1
668820 1
668821 1
668826 1
668828 1
668830 1
668839 1
668840 1
668849 1
668856 1
668872 1
668877 1
668881 1
668887 1
668892 1
668925 1
668928 1
668934 1
668942 1
668951 1
668975 1
668977 1
668984 1
668987 1
669000 1
669001 1
669021 1
669027 1
669032 1
669035 1
669043 1
669044 1
669048 1
669059 1
669061 1
669070 1
669073 1
669081 1
669087 1
669089 1
669100 1
669101 1
669107 1
669111 1
669115 1
669119 1
669120 1
669124 1
669125 1
669130 1
669136 1
669138 1
669139 1
669141 1
669146 1
669155 1
669156 1
669160 1
669187 1
669191 1
669200 1
669202 1
669216 1
669226 1
669229 1
669230 1
669234 1
669236 1
669238 1
669246 1
669251 1
669254 1
669261 1
669266 1
669267 1
669268 1
669270 1
669285 2
669288 1
669306 1
669309 1
669311 1
669323 1
669326 1
669327 1
669337 1
669357 1
669360 1
669363 1
669364 1
669368 1
669371 2
669372 1
669375 1
669378 1
669381 1
669386 1
669394 1
669405 1
669422 1
669438 1
669439 1
669450 1
669456 1
669460 1
669463 1
669464 1
669475 1
669477 1
669488 1
669510 1
669513 1
669520 1
669544 1
669555 1
669558 1
669568 1
669571 1
669594 1
669636 1
669641 1
669644 1
669646 1
669648 1
669649 1
669651 1
669655 1
669657 1
669664 1
669685 1
669701 1
669704 1
669710 1
669719 1
669742 1
669743 1
669747 1
669760 1
669767 1
669773 1
669777 1
669792 1
669800 1
669818 1
669822 1
669842 1
669855 1
669858 1
669867 1
669868 1
669871 1
669877 1
669881 1
669884 2
669886 1
669888 1
669903 1
669908 1
669913 1
669925 1
669926 1
669939 1
669954 1
669960 1
669974 1
669984 1
669985 1
669987 1
669995 1
670004 1
670011 1
670015 1
670018 1
670034 1
670036 1
670061 1
670072 1
670076 1
670079 1
670083 1
670096 1
670099 1
670100 1
670109 1
670111 1
670117 1
670119 1
670120 1
670143 1
670154 1
670186 1
670193 1
670219 1
670223 1
670227 1
670245 1
670246 1
670259 1
670270 1
670274 1
670292 1
670298 1
670301 1
670312 1
670317 1
670318 1
670336 1
670347 1
670377 1
670392 1
670399 1
670402 1
670403 1
670404 1
670413 1
670436 1
670438 1
670440 1
670443 1
670447 1
670456 1
670461 1
670470 1
670487 1
670488 1
670489 1
670490 1
670491 1
670500 1
670505 1
670506 1
670511 1
670514 1
670519 1
670523 1
670529 1
670536 1
670539 1
670569 1
670573 1
670577 1
670579 1
670598 1
670606 1
670608 1
670609 1
670612 1
670624 1
670628 2
670654 1
670658 1
670682 1
670686 1
670710 1
670721 1
670727 1
670728 2
670732 1
670733 1
670748 1
670750 1
670774 1
670778 1
670781 1
670792 1
670806 1
670809 1
670810 1
670815 1
670817 1
670826 1
670831 1
670832 1
670841 1
670845 1
670852 2
670861 1
670862 1
670867 1
670869 1
670879 1
670884 1
670886 1
670899 1
670910 1
670924 1
670935 1
670936 1
670940 1
670944 1
670956 1
670962 1
670976 1
670990 1
670994 1
671008 1
671019 3
671021 1
671035 1
671036 1
671037 1
671044 1
671046 1
671051 1
671064 1
671073 1
671086 1
671091 1
671097 1
671101 1
671106 1
671120 1
671126 1
671128 2
671159 1
671176 1
671220 1
671224 1
671227 1
671233 1
671236 1
671243 1
671250 1
671259 1
671262 1
671275 1
671276 1
671278 1
671300 1
671307 1
671340 1
671341 1
671345 1
671355 1
671360 1
671363 1
671370 1
671375 1
671379 1
671411 1
671423 1
671434 1
671436 1
671442 1
671450 1
671456 1
671457 1
671458 1
671459 1
671475 1
671476 1
671477 1
671488 1
671493 1
671494 1
671495 1
671525 1
671527 1
671529 1
671541 1
671550 1
671555 1
671559 1
671566 1
671569 1
671574 1
671575 1
671579 1
671588 1
671607 1
671627 1
671641 1
