1 1 100 1224
2 2 100 1667.64
3 3 100 1668.53
4 4 100 1693.67
5 5 100 2286.82
6 6 100 2289.98
7 7 100 2303.24
8 8 100 2308.65
9 9 100 2309.69
10 10 100 2310.73
11 11 100 2311.76
12 12 100 2312.8
13 13 100 2313.83
14 14 100 2318.39
15 15 100 2319.3
16 16 100 2324.34
17 17 100 2328.46
18 18 100 2331.73
19 19 100 2338.38
20 20 100 2343.8
21 21 100 2347.75
22 22 100 2351.32
23 23 100 2357.78
24 24 100 2360.53
25 25 100 2371.49
26 26 100 2373.08
27 27 100 2375.92
28 28 100 2378.76
29 29 100 2379.97
30 30 100 2382.03
31 31 100 2384.87
32 32 100 2387.27
33 33 100 2389.42
34 34 100 2390.33
35 35 100 2392.62
36 36 100 2403.17
37 37 100 2405.64
38 38 100 2408.67
39 39 100 2410.72
40 40 100 2413.19
41 41 100 2415.66
42 42 100 2418.13
43 43 100 2420.97
44 44 100 2481.64
45 45 100 2482.76
46 46 100 2485.23
47 47 100 2497.17
48 48 100 2499.61
49 49 100 2500.33
50 50 100 2501.35
