1 1 100 1.327
2 2 100 3.35707
3 3 100 4.35707
4 4 100 5.72495
5 5 100 6.75504
6 6 100 7.75805
7 7 100 9.81509
8 8 100 10.8151
9 9 100 12.5508
10 10 100 13.5968
11 11 100 15.3326
12 12 100 16.3731
13 13 100 20.1808
14 14 100 22.637
15 15 100 23.729
16 16 100 35.3083
17 17 100 37.5959
18 18 100 38.6188
19 19 100 40.3546
20 20 100 41.7225
21 21 100 42.7225
22 22 100 44.0904
23 23 100 45.4828
24 24 100 46.4828
25 25 100 49.9033
26 26 100 54.6293
27 27 100 56.0892
28 28 100 57.4671
29 29 100 58.8349
30 30 100 60.6176
31 31 100 483.422
32 32 100 484.789
33 33 100 485.808
34 34 100 517.511
35 35 100 519.247
36 36 100 526.288
37 37 100 527.319
38 38 100 529.054
39 39 100 530.422
40 40 100 531.807
41 41 100 532.826
42 42 100 534.194
43 43 100 535.561
44 44 100 539.852
45 45 100 540.852
46 46 100 541.872
47 47 100 542.881
48 48 100 544.249
49 49 100 545.617
50 50 100 572.156
