1 1 100 77.4347
2 2 100 141.55
3 3 100 142.978
4 4 100 190.33
5 5 100 223.22
6 6 100 250.665
7 7 100 273.337
8 8 100 290.999
9 9 100 306.745
10 10 100 322.369
11 11 100 335.627
12 12 100 345.482
13 13 100 352.399
14 14 100 359.408
15 15 100 375.127
16 16 100 381.377
17 17 100 383.964
18 18 100 390.482
19 19 100 397.293
20 20 100 406.314
21 21 100 411.729
22 22 100 419.775
23 23 100 424.443
24 24 100 428.232
25 25 100 432.911
26 26 100 439.437
27 27 100 443.766
28 28 100 448.445
29 29 100 453.033
30 30 100 457.344
31 31 100 461.655
32 32 100 465.966
33 33 100 470.277
34 34 100 474.22
35 35 100 477.612
36 36 100 481.371
37 37 100 485.082
38 38 100 489.025
39 39 100 492.968
40 40 100 496.624
41 41 100 500.568
42 42 100 503.56
43 43 100 506.89
44 44 100 509.862
45 45 100 512.702
46 46 100 516.001
47 47 100 519.576
48 48 100 520.744
49 49 100 521.816
50 50 100 525.023
