8 1202 42 0 0
8 28096 4338 0 0
8 28907 41 0 0
8 29777 51 0 0
8 29798 58 0 0
8 29855 78 0 0
8 29925 90 0 0
8 30453 219 0 0
8 30835 325 0 0
8 33557 1236 0 0
8 33790 1332 0 0
8 35521 2084 0 0
8 36947 2645 0 0
16 1045 0 218 0
16 1202 10 0 0
16 5629 559 0 0
16 7111 2291 0 0
16 7634 1069 0 0
16 10045 445 0 0
16 12326 980 0 0
16 12741 564 0 0
16 17930 1051 0 0
16 20623 114 0 0
16 23565 54 0 0
16 24279 1352 0 0
16 27356 3924 0 0
16 29708 2865 0 0
16 31575 633 0 0
16 32823 2947 0 0
16 33904 1035 0 0
16 34253 22 0 0
16 35921 0 395 0
16 36739 17 0 0
16 36767 29 0 0
16 36792 37 0 0
16 36800 40 0 0
16 36857 58 0 0
16 36887 78 0 0
16 36932 82 0 0
16 36979 101 0 0
16 37050 124 0 0
16 37062 307 0 0
16 37100 187 0 0
16 37117 149 0 0
16 37128 156 0 0
16 37134 153 0 0
16 37139 155 0 0
16 37173 165 0 0
16 37231 184 0 0
16 37247 187 0 0
16 37258 190 0 0
16 37362 226 0 0
16 37369 358 0 0
16 37480 268 0 0
16 37537 335 0 0
16 37546 297 0 0
16 37611 316 0 0
16 37705 1654 0 0
16 37755 377 0 0
16 37936 455 0 0
16 37972 469 0 0
16 38047 3328 0 0
16 38227 25 0 0
16 38505 678 0 0
16 38512 679 0 0
16 38644 733 0 0
16 38678 2084 0 0
16 38731 780 0 0
16 38739 788 0 0
16 38759 802 0 0
16 38774 807 0 0
16 38817 827 0 0
16 38982 216 0 0
16 39261 988 0 0
16 39298 1001 0 0
16 39327 1013 0 0
16 39469 1068 0 0
16 39703 1208 0 0
16 39924 1272 0 0
16 39964 1300 0 0
16 40068 1347 0 0
16 40080 1355 0 0
16 40135 1435 0 0
16 40142 1380 0 0
16 40559 1580 0 0
16 40599 1596 0 0
16 40764 1665 0 0
16 40882 1789 0 0
16 41098 1836 0 0
16 41427 2024 0 0
16 41483 21 0 0
16 41514 38 0 0
16 41531 2078 0 0
16 41577 68 0 0
16 41626 89 0 0
16 41646 98 0 0
16 41734 2176 0 0
16 41842 2229 0 0
16 41898 222 0 0
16 41904 223 0 0
16 42035 284 0 0
16 42462 2539 0 0
16 42519 542 0 0
16 42640 2631 0 0
16 42658 606 0 0
16 43195 2929 0 0
16 43197 2931 0 0
16 43757 1194 0 0
16 44041 3392 0 0
16 44768 1755 0 0
16 44937 1841 0 0
16 45056 1903 0 0
16 45608 2521 0 0
34 24008 0 19 0
96 392 0 93 0
96 476 0 2768 0
96 34764 0 4105 0
116 1980 143 0 0
116 12286 2502 0 0
116 18006 1235 0 0
116 18976 121 0 0
116 19792 2742 0 0
116 28932 623 0 0
116 29750 51 0 0
116 29809 66 0 0
116 30049 133 0 0
116 30119 153 0 0
116 30129 159 0 0
116 30166 171 0 0
116 30831 333 0 0
116 30910 358 0 0
116 31773 617 0 0
116 32003 696 0 0
116 32098 724 0 0
116 34489 2053 0 0
116 34718 1763 0 0
116 35828 2270 0 0
116 36051 2322 0 0
116 38253 3148 0 0
116 39967 3868 0 0
116 40135 3944 0 0
116 43050 5414 0 0
176 26939 0 36 0
176 29879 0 126 0
194 28563 34 0 0
194 41661 23 0 0
194 43834 24 0 0
209 3683 1424 0 0
209 4547 4236 0 0
209 5471 7126 0 0
209 7361 719 0 0
209 17759 192 0 0
209 20476 25 0 0
209 29483 23 0 0
209 29500 30 0 0
209 29510 33 0 0
209 29600 61 0 0
209 29607 63 0 0
209 29630 67 0 0
209 29638 70 0 0
209 29681 84 0 0
209 29750 114 0 0
209 29917 151 0 0
209 30371 263 0 0
209 30776 370 0 0
209 31464 586 0 0
209 31708 652 0 0
209 32279 838 0 0
209 32376 872 0 0
209 33044 1128 0 0
209 33915 1444 0 0
209 34996 1933 0 0
209 35121 3371 0 0
209 36928 2700 0 0
209 36994 2888 0 0
209 41568 4714 0 0
209 42898 5385 0 0
209 43138 5519 0 0
209 43624 5764 0 0
322 637 0 1535 0
322 2935 0 1794 0
322 4247 0 152 0
322 5316 0 1853 0
322 7450 0 1675 0
322 7890 0 405 0
322 8126 0 494 0
322 8823 0 2075 0
322 11301 0 1456 0
322 14029 0 2084 0
322 23021 0 1022 0
322 26773 0 321 0
322 29373 0 2067 0
322 29423 0 2112 0
322 29619 0 2092 0
322 29869 0 1708 0
322 29968 0 3596 0
322 29975 0 1689 0
322 30098 0 1098 0
322 30225 0 1502 0
322 30595 0 1191 0
322 31366 0 989 0
322 31564 0 907 0
322 31882 0 442 0
322 32036 0 710 0
322 32050 0 697 0
322 32517 0 470 0
322 32702 0 341 0
322 32816 0 204 0
322 32908 0 1196 0
322 33074 0 1118 0
322 33271 0 1011 0
322 33904 0 1467 0
392 29686 25 0 0
392 29745 43 0 0
392 29798 57 0 0
392 29826 62 0 0
392 30229 185 0 0
392 30282 12 0 0
392 30305 16 0 0
392 31116 245 0 0
392 32816 985 0 0
392 33597 1263 0 0
392 35125 1929 0 0
392 42745 5279 0 0
468 8605 93 0 0
468 30122 137 0 0
468 31616 325 0 0
476 25913 1116 0 0
683 40473 103 0 0
713 7335 0 286 0
1045 36994 236 0 0
1045 37058 233 0 0
1045 37062 234 0 0
1045 37077 236 0 0
1045 37107 251 0 0
1045 37369 333 0 0
1045 37384 337 0 0
1045 37705 465 0 0
1045 38047 1616 0 0
1045 38233 683 0 0
1045 38431 750 0 0
1045 38678 1132 0 0
1045 41359 2092 0 0
1045 43665 3271 0 0
1112 9910 0 536 0
1335 9538 0 2766 0
1589 2577 306 0 0
1589 33756 761 0 0
2018 6086 0 52 0
2118 16581 6820 0 0
2267 8112 605 0 0
2267 30792 40 0 0
2267 31028 367 0 0
2267 33084 757 0 0
2267 33716 804 0 0
2267 33952 893 0 0
2267 34283 1014 0 0
2267 34798 1293 0 0
2267 36110 5478 0 0
2267 36622 2035 0 0
2267 37913 2506 0 0
2267 42690 4714 0 0
2267 43791 5305 0 0
2577 19785 0 489 0
2577 22360 0 509 0
2577 34059 0 310 0
3105 35384 439 0 0
3105 38328 629 0 0
3105 39392 1059 0 0
3105 40732 1670 0 0
3204 11695 0 368 0
3486 9438 0 5875 0
3683 44819 0 30 0
3712 33116 0 401 0
3902 22943 505 0 0
4022 27710 482 0 0
4140 30778 902 0 0
4140 32729 451 0 0
4140 34697 1245 0 0
4247 35854 90 0 0
4334 39864 2847 0 0
4501 20712 97 0 0
4501 20834 3455 0 0
4501 32775 141 0 0
4501 33404 1108 0 0
4501 37994 704 0 0
4501 39861 3874 0 0
4501 40818 1917 0 0
4501 42159 4107 0 0
4501 42452 873 0 0
4501 43554 339 0 0
4501 43793 15161 0 0
4501 44397 73 0 0
4501 44498 129 0 0
4501 44588 10526 0 0
4501 45777 880 0 0
4853 44812 3414 0 0
4899 24936 457 0 0
5142 5480 2342 0 0
5142 32686 1163 0 0
5142 39847 63 0 0
5142 39900 89 0 0
5142 41016 622 0 0
5142 42097 1206 0 0
5307 9438 0 6124 0
5422 31339 0 6616 0
5471 12524 0 3232 0
5558 36180 191 0 0
6086 25295 690 0 0
6086 32344 93 0 0
6086 34575 63 0 0
6086 34635 89 0 0
6086 34672 97 0 0
6086 34745 129 0 0
6086 34747 125 0 0
6086 34787 143 0 0
6086 35030 240 0 0
6086 35879 588 0 0
6086 36064 666 0 0
6086 36166 717 0 0
6086 36512 844 0 0
6086 36684 910 0 0
6086 38212 1481 0 0
6086 38683 1665 0 0
6086 41011 2705 0 0
6086 43253 3868 0 0
6086 43591 4046 0 0
6158 19785 0 71 0
6990 14508 0 1364 0
6990 38397 0 37 0
7268 25445 1553 0 0
7268 33977 97 0 0
7775 42203 204 0 0
7775 44904 1659 0 0
7867 38128 0 711 0
8055 32284 246 0 0
8055 34423 1051 0 0
8055 41520 4099 0 0
8112 12524 0 391 0
8112 21086 0 140 0
8112 29951 0 314 0
8126 35786 1345 0 0
8126 37387 1944 0 0
8126 38544 2402 0 0
8823 38999 3525 0 0
8866 33727 0 201 0
9030 40222 3791 0 0
9030 43890 260 0 0
9304 31787 0 463 0
9333 35426 17 0 0
9438 18093 6195 0 0
9438 18584 6175 0 0
9438 29937 1237 0 0
9438 32952 454 0 0
9438 33480 757 0 0
9438 39069 3207 0 0
9438 45911 12687 0 0
9469 29625 66 0 0
9910 19918 731 0 0
9910 33950 740 0 0
9910 43780 5235 0 0
10326 11695 0 1813 0
10326 34925 0 3911 0
10932 31338 0 463 0
11258 19691 243 0 0
11695 15810 548 0 0
11695 22453 1034 0 0
11695 37725 135 0 0
11695 40912 268 0 0
11695 41131 389 0 0
11695 41381 532 0 0
11695 41759 716 0 0
11695 43332 1533 0 0
11695 44477 2139 0 0
11695 44732 2292 0 0
11695 45881 1568 0 0
11695 46046 1653 0 0
11717 45968 91 0 0
11717 46021 126 0 0
12045 32093 112 0 0
12344 34676 0 18 0
12344 34900 0 62 0
12524 27710 1900 0 0
12524 38678 25 0 0
12740 29326 0 331 0
12966 29220 0 1536 0
12993 14824 0 37 0
12993 15414 259 207 0
12994 33202 1046 0 0
13057 41800 0 78 0
13337 39243 0 875 0
13730 34751 269 0 0
13730 34871 151 0 0
13730 36963 1606 0 0
13730 37345 440 0 0
13730 44571 3897 0 0
13730 44837 5324 0 0
14029 25913 31 0 0
14029 28644 0 119 0
14029 30896 344 0 0
14029 31186 436 0 0
14029 32710 941 0 0
14029 35247 1978 0 0
14029 37096 2826 0 0
14029 37100 2697 0 0
14029 45427 6707 0 0
14218 31759 41 0 0
14287 29220 0 193 0
14508 41845 46 0 0
14508 41873 62 0 0
14508 42332 290 0 0
14508 45358 1917 0 0
14508 45592 2088 0 0
14736 34764 0 862 0
14824 15414 296 0 0
14824 16581 993 0 0
15172 37561 48 0 0
15381 42789 0 31 0
15381 43344 69 0 0
16078 25502 1400 0 0
16078 34827 1870 0 0
16581 27542 0 244 0
16749 43827 5443 0 0
16980 38403 0 112 0
17461 31097 0 293 0
17759 34764 0 33 0
18104 20497 46 0 0
18104 21909 2420 0 0
18104 23637 343 0 0
18104 25169 2254 0 0
18104 26683 38 0 0
18104 29312 1966 0 0
18104 40359 51 0 0
18104 40392 69 0 0
18104 40485 122 0 0
18104 40596 166 0 0
18104 40678 196 0 0
18104 40775 242 0 0
18104 41055 387 0 0
18104 41107 416 0 0
18104 41916 832 0 0
18104 42644 1205 0 0
18104 43400 1622 0 0
18104 44983 2469 0 0
18104 45926 3023 0 0
18446 19220 62 0 0
19362 30225 108 0 0
19691 27542 0 264 0
19758 31055 63 0 0
19758 31237 123 0 0
19901 29326 0 328 0
20196 40547 0 2412 0
20450 30792 4723 0 0
20476 33309 0 1389 0
21143 32106 0 4163 0
21231 37732 295 0 0
21231 37801 317 0 0
21231 41871 2178 0 0
21972 21973 0 2697 0
21973 38470 1246 0 0
22094 43763 0 505 0
22396 34521 0 364 0
22513 36824 0 843 0
22618 29369 0 6564 0
23021 28144 84 0 0
23021 31431 43 0 0
23021 39849 28 0 0
23021 39868 38 0 0
23021 43946 2123 0 0
23028 23285 2536 0 0
23028 24099 340 0 0
23028 30221 111 0 0
23028 36861 48 0 0
23028 37537 296 0 0
23028 38088 464 0 0
23028 38417 589 0 0
23028 40746 1603 0 0
23429 38397 0 983 0
23446 37235 1653 0 0
23476 29542 0 27 0
23520 37395 0 0 0
23565 34253 0 1558 0
23651 31366 0 17 0
23900 35698 0 27 0
24714 24833 0 636 0
24716 32967 0 4067 0
25125 36935 0 2449 0
25643 28144 34 0 0
25805 46029 4926 0 0
26646 30274 0 4795 0
26705 26788 25 0 0
26705 35923 60 0 0
26705 37862 787 0 0
27019 30586 0 516 0
27019 33186 0 1591 0
27197 29023 10104 0 0
28080 29777 48 0 0
28080 30835 439 0 0
28080 40135 3992 0 0
28312 35579 0 65 0
28450 28907 42 0 0
28673 29326 0 256 0
28870 28907 44 0 0
28907 29516 0 47 0
28907 29527 0 42 0
28907 29555 0 39 0
29105 38397 0 1059 0
29194 43291 3498 0 0
29271 37878 0 171 0
29326 30455 143 0 0
29326 30529 161 0 0
29326 30701 210 0 0
29326 31007 301 0 0
29326 31393 429 0 0
29326 31409 432 0 0
29326 31468 448 0 0
29326 31550 470 0 0
29326 31857 562 0 0
29326 32086 636 0 0
29326 33276 1073 0 0
29326 35045 1810 0 0
29326 40925 4227 0 0
29369 35326 2085 0 0
29423 29553 43 0 0
29423 29968 160 0 0
29468 31218 0 565 0
29520 30086 163 0 0
29520 30145 181 215 0
29623 29724 32 0 0
29657 31729 580 0 0
29707 30663 248 0 0
29707 33894 1339 0 0
29728 30447 182 0 0
29728 31520 503 0 0
29765 33131 1046 0 0
29765 33171 1064 0 0
29785 31627 514 0 0
29851 36296 2343 0 0
29865 31007 311 0 0
29879 30111 65 0 0
29879 33585 1170 0 0
29879 33597 1175 0 0
29899 30711 205 0 0
29899 34526 1554 0 0
29951 30792 223 0 0
30036 30584 128 0 0
30036 33480 1095 0 0
30066 31638 441 0 0
30066 37677 2774 0 0
30105 42732 5156 0 0
30115 30254 35 0 0
30115 40759 4077 0 0
30197 32877 842 0 0
30197 38411 3029 0 0
30434 30733 79 0 0
30472 30589 28 0 0
30472 31375 277 0 0
30516 32266 536 0 0
30587 32140 477 0 0
30778 35665 0 716 0
30794 32016 320 0 0
30794 35347 1646 0 0
30848 30914 23 0 0
31048 31589 1 0 0
31083 31725 184 0 0
31217 31636 126 0 0
31217 31816 176 0 0
31217 31831 182 0 0
31217 32064 261 0 0
31217 32320 345 0 0
31217 32487 407 0 0
31217 32497 410 0 0
31217 33135 649 0 0
31217 33330 723 0 0
31217 33773 877 0 0
31217 34665 1291 0 0
31217 34881 1373 0 0
31217 34943 1400 0 0
31217 35000 1428 0 0
31217 35218 1523 0 0
31217 36154 1903 0 0
31217 36530 2049 0 0
31217 36815 2158 0 0
31217 37276 2307 0 0
31217 38553 2804 0 0
31217 39342 3133 0 0
31217 39348 3136 0 0
31217 41255 4040 0 0
31217 41259 4042 0 0
31217 41504 4176 0 0
31217 41727 4285 0 0
31217 43327 5112 0 0
31217 44315 5640 0 0
31217 44953 5989 0 0
31274 41669 4230 0 0
31332 31912 180 0 0
31338 31454 61 0 0
31419 31563 181 0 0
31421 31727 81 0 0
31424 31506 23 0 0
31424 31852 124 0 0
31424 39150 2988 0 0
31595 33838 792 0 0
31601 32503 257 0 0
31601 35594 1520 0 0
31601 40849 3662 0 0
31601 43963 203 0 0
31601 44025 397 0 0
31601 44465 5583 0 0
31691 33702 708 0 0
31712 39235 1235 0 0
31712 41508 34 0 0
31712 42039 284 0 0
31712 42176 2639 0 0
31876 32128 78 0 0
31903 45058 5834 0 0
31996 32066 23 0 0
32001 34390 0 380 0
32001 35698 0 266 0
32093 32137 13 0 0
32093 36266 1552 0 0
32111 32629 182 0 0
32111 34154 742 0 0
32197 40466 3346 0 0
32205 32459 100 0 0
32205 32511 113 0 0
32205 32581 139 0 0
32205 33121 342 0 0
32205 33332 422 0 0
32205 33433 450 0 0
32205 33828 596 0 0
32205 34239 752 0 0
32205 34244 753 0 0
32205 34869 1069 0 0
32205 36490 1732 0 0
32205 38564 2510 0 0
32205 41138 3675 0 0
32205 41584 3911 0 0
32205 45314 5888 0 0
32205 45755 6175 0 0
32205 45864 6225 0 0
32219 32294 0 39 0
32219 32419 71 0 0
32219 32564 127 0 0
32219 34912 0 169 0
32219 35058 1141 0 0
32222 33783 575 0 0
32412 37168 1900 0 0
32428 36924 1907 119 0
32450 33310 261 0 0
32669 36303 74 0 0
32678 33187 188 0 0
32678 33294 228 0 0
32774 32847 29 0 0
32774 32864 35 0 0
32774 32888 44 0 0
32816 32963 23 0 0
32816 34507 607 0 0
32819 33544 248 0 0
32901 32961 23 0 0
32901 32992 29 0 0
32901 33191 97 0 0
32901 36583 1493 0 0
32902 33023 40 0 0
32902 39740 2722 0 0
32939 33993 368 0 0
32939 38336 2138 0 0
32946 32947 0 404 0
32958 45284 5579 0 0
32965 32966 0 885 0
32984 34053 379 0 0
32996 37468 1773 0 0
32996 45681 5828 0 0
33016 36369 1378 0 0
33181 33834 237 0 0
33181 33836 237 0 0
33181 33840 238 0 0
33181 33848 239 0 0
33181 33850 241 0 0
33181 33863 245 0 0
33181 33866 248 0 0
33181 33874 251 0 0
33181 33877 253 0 0
33181 33879 254 0 0
33181 33884 255 0 0
33181 33886 255 0 0
33181 37043 1566 0 0
33181 37126 1595 0 0
33181 37222 1625 0 0
33181 37566 1746 0 0
33181 37902 1887 0 0
33181 38007 1922 0 0
33181 38186 2001 0 0
33181 38237 2024 0 0
33181 38273 2033 0 0
33181 38287 2040 0 0
33181 38516 2123 0 0
33181 38521 2126 0 0
33181 38621 2169 0 0
33181 38764 2248 0 0
33181 38771 2248 0 0
33181 38795 2261 0 0
33181 38876 2289 0 0
33181 38880 2291 0 0
33181 38933 2318 0 0
33181 38952 2327 0 0
33181 38984 2337 0 0
33181 38992 2343 0 0
33181 39001 2344 0 0
33181 39169 2399 0 0
33181 39918 2715 0 0
33181 39984 2755 0 0
33181 40023 2773 0 0
33181 40040 2778 0 0
33181 40042 2778 0 0
33181 40076 2798 0 0
33181 40122 2817 0 0
33181 40238 2866 0 0
33181 40307 2903 0 0
33181 40320 2910 0 0
33181 40351 2919 0 0
33181 40375 2929 0 0
33181 40390 2940 0 0
33181 40413 2950 0 0
33181 40420 2954 0 0
33181 40449 2963 0 0
33181 40482 2992 0 0
33181 40506 3002 0 0
33181 40518 3006 0 0
33181 40661 3061 0 0
33181 40743 3098 0 0
33181 40793 3122 0 0
33181 40795 3122 0 0
33181 40991 3220 0 0
33181 41028 3248 0 0
33181 41032 3249 0 0
33181 41034 3250 0 0
33181 41141 3309 0 0
33181 41264 3376 0 0
33181 41283 3386 0 0
33181 41342 3421 0 0
33181 41351 3425 0 0
33181 41356 3426 0 0
33181 41393 3453 0 0
33181 41490 3500 0 0
33181 41492 3500 0 0
33181 41518 3514 0 0
33181 41581 3544 0 0
33181 41600 3553 0 0
33181 41604 3553 0 0
33181 41628 3564 0 0
33181 41636 3567 0 0
33181 41643 3572 0 0
33181 41657 3577 0 0
33181 41680 3590 0 0
33181 41691 3598 0 0
33181 41730 3619 0 0
33181 41752 3628 0 0
33181 41813 3656 0 0
33181 41829 3666 0 0
33181 41868 3688 0 0
33181 41896 3697 0 0
33181 41909 3699 0 0
33181 41925 3710 0 0
33181 41933 3714 0 0
33181 41938 3714 0 0
33181 41951 3718 0 0
33181 42061 3775 0 0
33181 42117 3802 0 0
33181 42153 3823 0 0
33181 42164 3826 0 0
33181 42182 3832 0 0
33181 42262 3870 0 0
33181 42274 3881 0 0
33181 42284 3886 0 0
33181 42328 3915 0 0
33181 42339 3922 0 0
33181 42355 3928 0 0
33181 42382 3945 0 0
33181 42401 3949 0 0
33181 42413 3956 0 0
33181 42441 3973 0 0
33181 42460 3983 0 0
33181 42470 3994 0 0
33181 42473 3996 0 0
33181 42482 4001 0 0
33181 42548 4031 0 0
33181 42607 4055 0 0
33181 42636 4074 0 0
33181 42642 4075 0 0
33181 42654 4079 0 0
33181 42665 4086 0 0
33181 42677 4090 0 0
33181 42710 4107 0 0
33181 42712 4108 0 0
33181 42715 4109 0 0
33181 42735 4120 0 0
33181 42750 4127 0 0
33181 42765 4133 0 0
33181 42767 4133 0 0
33181 42779 4139 0 0
33181 42791 4147 0 0
33181 42796 4155 0 0
33181 42810 4164 0 0
33181 42833 4180 0 0
33181 42850 4187 0 0
33181 42886 4203 0 0
33181 42893 4205 0 0
33181 42923 4222 0 0
33181 42925 4224 0 0
33181 42936 4230 0 0
33181 42941 4231 0 0
33181 42948 4235 0 0
33181 42963 4239 0 0
33181 42971 4240 0 0
33181 42978 4245 0 0
33181 42980 4248 0 0
33181 43007 4269 0 0
33181 43011 4273 0 0
33181 43046 4290 0 0
33181 43062 4302 0 0
33181 43064 4303 0 0
33181 43070 4306 0 0
33181 43076 4309 0 0
33181 43080 4311 0 0
33181 43105 4321 0 0
33181 43131 4337 0 0
33181 43133 4338 0 0
33181 43153 4351 0 0
33181 43165 4356 0 0
33181 43167 4356 0 0
33181 43170 4361 0 0
33181 43172 4364 0 0
33181 43176 4367 0 0
33181 43187 4370 0 0
33181 43190 4370 0 0
33181 43231 4386 0 0
33181 43233 4387 0 0
33181 43235 4387 0 0
33181 43247 4391 0 0
33181 43280 4413 0 0
33181 43283 4414 0 0
33181 43307 4436 0 0
33181 43310 4437 0 0
33181 43336 4449 0 0
33181 43342 4450 0 0
33181 43381 4476 0 0
33181 43387 4483 0 0
33181 43409 4498 0 0
33181 43466 4521 0 0
33181 43469 4522 0 0
33181 43475 4522 0 0
33181 43477 4522 0 0
33181 43550 4555 0 0
33181 43556 4557 0 0
33181 43558 4558 0 0
33181 43646 4604 0 0
33181 43648 4604 0 0
33181 43655 4607 0 0
33181 43673 4615 0 0
33181 43811 4697 0 0
33181 43822 4701 0 0
33181 43864 4728 0 0
33181 43868 4730 0 0
33181 43888 4750 0 0
33181 43955 4782 0 0
33181 43994 4813 0 0
33181 43998 4815 0 0
33181 44016 4823 0 0
33181 44052 4841 0 0
33181 44059 4844 0 0
33181 44061 4844 0 0
33181 44071 4848 0 0
33181 44081 4854 0 0
33181 44114 4874 0 0
33181 44120 4877 0 0
33181 44122 4877 0 0
33181 44131 4880 0 0
33181 44138 4886 0 0
33181 44141 4889 0 0
33181 44147 4895 0 0
33181 44151 4896 0 0
33181 44159 4898 0 0
33181 44173 4905 0 0
33181 44175 4909 0 0
33181 44187 4916 0 0
33181 44192 4917 0 0
33181 44199 4920 0 0
33181 44201 4920 0 0
33181 44221 4928 0 0
33181 44238 4938 0 0
33181 44275 4955 0 0
33181 44277 4955 0 0
33181 44279 4956 0 0
33181 44323 4978 0 0
33181 44328 4981 0 0
33181 44331 4982 0 0
33181 44336 4983 0 0
33181 44347 4986 0 0
33181 44358 4992 0 0
33181 44362 4995 0 0
33181 44368 4997 0 0
33181 44370 4997 0 0
33181 44378 5001 0 0
33181 44383 5006 0 0
33181 44392 5009 0 0
33181 44403 5014 0 0
33181 44408 5015 0 0
33181 44430 5026 0 0
33181 44434 5028 0 0
33181 44439 5030 0 0
33181 44525 5096 0 0
33181 44529 5097 0 0
33181 44531 5097 0 0
33181 44533 5097 0 0
33181 44535 5098 0 0
33181 44537 5099 0 0
33181 44569 5121 0 0
33181 44590 5131 0 0
33181 44616 5144 0 0
33181 44632 5150 0 0
33181 44634 5150 0 0
33181 44637 5150 0 0
33181 44649 5155 0 0
33181 44660 5159 0 0
33181 44662 5162 0 0
33181 44673 5169 0 0
33181 44699 5183 0 0
33181 44703 5186 0 0
33181 44729 5203 0 0
33181 44736 5205 0 0
33181 44738 5205 0 0
33181 44740 5206 0 0
33181 44756 5216 0 0
33181 44758 5216 0 0
33181 44765 5223 0 0
33181 44770 5224 0 0
33181 44773 5225 0 0
33181 44778 5226 0 0
33181 44782 5227 0 0
33181 44793 5232 0 0
33181 44798 5233 0 0
33181 44824 5249 0 0
33181 44846 5263 0 0
33181 44867 5280 0 0
33181 44898 5294 0 0
33181 44900 5294 0 0
33181 44918 5308 0 0
33181 44921 5311 0 0
33181 44924 5312 0 0
33181 44931 5314 0 0
33181 44942 5320 0 0
33181 44948 5321 0 0
33181 44972 5335 0 0
33181 44974 5338 0 0
33181 44987 5344 0 0
33181 44995 5351 0 0
33181 44997 5352 0 0
33181 45003 5353 0 0
33181 45005 5355 0 0
33181 45016 5359 0 0
33181 45020 5360 0 0
33181 45045 5372 0 0
33181 45062 5379 0 0
33181 45070 5386 0 0
33181 45099 5404 0 0
33181 45102 5408 0 0
33181 45136 5425 0 0
33181 45162 5440 0 0
33181 45186 5453 0 0
33181 45189 5454 0 0
33181 45203 5461 0 0
33181 45233 5479 0 0
33181 45259 5492 0 0
33181 45263 5493 0 0
33181 45271 5498 0 0
33181 45288 5511 0 0
33181 45297 5515 0 0
33181 45308 5520 0 0
33181 45317 5524 0 0
33181 45319 5526 0 0
33181 45326 5532 0 0
33181 45332 5535 0 0
33181 45335 5536 0 0
33181 45356 5545 0 0
33181 45360 5545 0 0
33181 45364 5546 0 0
33181 45367 5548 0 0
33181 45384 5563 0 0
33181 45398 5576 0 0
33181 45421 5593 0 0
33181 45433 5600 0 0
33181 45449 5610 0 0
33181 45453 5613 0 0
33181 45492 5641 0 0
33181 45507 5650 0 0
33181 45518 5658 0 0
33181 45530 5663 0 0
33181 45533 5668 0 0
33181 45550 5681 0 0
33181 45557 5688 0 0
33181 45561 5692 0 0
33181 45571 5703 0 0
33181 45603 5719 0 0
33181 45626 5731 0 0
33181 45638 5738 0 0
33181 45647 5744 0 0
33181 45649 5745 0 0
33181 45653 5746 0 0
33181 45665 5751 0 0
33181 45668 5753 0 0
33181 45679 5760 0 0
33181 45683 5764 0 0
33181 45715 5789 0 0
33181 45727 5796 0 0
33181 45731 5797 0 0
33181 45737 5802 0 0
33181 45825 5845 0 0
33181 45833 5846 0 0
33181 45838 5847 0 0
33181 45845 5855 0 0
33181 45849 5856 0 0
33181 45852 5858 0 0
33181 45856 5858 0 0
33181 45860 5858 0 0
33181 45872 5867 0 0
33181 45891 5880 0 0
33181 45902 5887 0 0
33181 45905 5887 0 0
33181 45919 5893 0 0
33181 45921 5893 0 0
33181 45934 5900 0 0
33181 45938 5902 0 0
33181 45970 5912 0 0
33181 46003 5932 0 0
33181 46007 5935 0 0
33181 46024 5948 0 0
33181 46031 5951 0 0
33181 46041 5955 0 0
33181 46044 5956 0 0
33181 46061 5965 0 0
33181 46066 5966 0 0
33181 46078 5970 0 0
33181 46088 5980 0 0
33181 46097 5983 0 0
33181 46108 5987 0 0
33181 46118 5992 0 0
33181 46139 6005 0 0
33181 46141 6007 0 0
33181 46147 6011 0 0
33181 46149 6011 0 0
33309 33446 40 0 0
33309 33457 45 0 0
33309 33860 195 0 0
33309 34017 251 0 0
33309 35121 1604 0 0
33309 35416 882 0 0
33309 36365 1271 0 0
33309 37601 1708 0 0
33309 37732 1782 0 0
33309 41568 3603 0 0
33309 43138 4377 0 0
33318 33442 35 0 0
33361 34540 0 231 0
33438 33771 122 0 0
33561 37459 1580 0 0
33605 42475 15 0 0
33715 43603 19 0 0
33719 42069 3590 0 0
33727 43197 4232 0 0
33765 34290 199 0 0
33812 34356 13 0 0
33831 39352 2237 0 0
34009 34821 390 0 0
34009 36629 1124 0 0
34074 34401 138 0 0
34074 35259 552 0 0
34253 36812 1100 0 0
34253 36970 1154 0 0
34253 37128 1340 0 0
34253 38107 1583 0 0
34253 40251 2484 0 0
34253 40642 2680 0 0
34253 41391 3064 0 0
34253 45139 5037 0 0
34353 42619 3627 24 0
34390 34711 188 0 0
34403 38558 1680 0 0
34437 36665 958 0 0
34437 40895 2699 0 0
34437 41235 2889 0 0
34437 41820 0 30 0
34437 42411 3477 0 0
34437 43160 3878 0 0
34534 35782 510 0 0
34534 40703 2512 0 0
34543 34774 93 0 0
34550 34913 0 91 0
34689 35594 836 0 0
34689 39911 2083 0 0
34693 34694 0 67 0
34699 34876 71 0 0
34699 35716 419 0 0
34699 36730 827 0 0
34699 44441 4398 0 0
34764 35024 105 0 0
34764 35113 145 0 0
34764 35228 198 0 0
34764 35647 363 0 0
34764 35857 445 0 0
34764 35872 451 0 0
34764 36317 642 0 0
34764 36680 776 0 0
34764 39128 1715 0 0
34764 39574 1896 0 0
34764 40230 2198 0 0
34764 44240 4275 0 0
34764 44284 4294 0 0
34801 34935 53 0 0
34801 34976 75 0 0
34801 35400 254 0 0
34836 34837 1 0 0
34837 35912 0 2 0
34841 37725 399 0 0
34900 35336 195 0 0
34912 35404 385 0 0
34940 35017 34 0 0
35093 35268 0 25 0
35093 37945 0 291 0
35093 39100 0 351 0
35093 44301 3590 0 0
35093 45563 4317 0 0
35131 39453 1556 0 0
35187 42409 3112 0 0
35209 36019 326 0 0
35275 42787 3262 0 0
35373 39160 0 28 0
35384 35588 0 15 0
35384 35895 0 65 0
35384 37550 816 0 0
35384 37603 0 122 0
35384 38370 1144 0 0
35384 39392 2177 0 0
35384 39453 1579 0 0
35384 39547 0 113 0
35384 39580 1636 0 0
35384 40071 1867 0 0
35384 40197 1923 0 0
35384 40617 2121 0 0
35384 41144 2385 0 0
35384 41894 2772 0 0
35384 44385 4081 0 0
35579 42611 3055 0 0
35582 35778 111 0 0
35623 35624 0 83 0
35624 35802 151 0 0
35624 36092 277 0 0
35624 36326 375 0 0
35624 36796 549 0 0
35624 37198 683 0 0
35624 38190 1069 0 0
35624 38935 2413 0 0
35624 39087 1427 0 0
35624 39264 1499 0 0
35624 40410 2014 0 0
35624 41512 2579 0 0
35624 42310 2966 0 0
35732 36013 117 0 0
35732 38019 871 0 0
35759 35838 33 0 0
35804 36057 103 0 0
35804 37358 580 0 0
35804 38125 891 0 0
35804 44005 3731 0 0
35804 45642 4654 0 0
35895 37249 507 0 0
35921 36994 417 0 0
35921 37062 497 0 0
35921 37705 673 0 0
35921 38047 1824 0 0
35921 38459 969 0 0
35921 39163 1259 0 0
35921 41359 2293 0 0
35921 43665 3643 0 0
35927 35928 0 725 0
35979 40643 1898 0 0
35986 36053 27 0 0
35986 36130 62 0 0
36004 37820 688 0 0
36004 38320 878 0 0
36077 37098 383 0 0
36123 45610 4468 0 0
36132 40373 1700 0 0
36132 42308 2670 0 0
36153 36958 300 0 0
36212 40836 1882 0 0
36253 36426 61 0 0
36253 36438 66 0 0
36253 36544 107 0 0
36253 36724 177 0 0
36262 42353 2641 0 0
36313 43432 41 0 0
36344 36577 86 0 0
36344 36744 151 0 0
36344 37023 251 0 0
36344 37229 316 0 0
36344 38719 907 0 0
36344 38956 1016 0 0
36344 39940 1413 0 0
36344 40228 1549 0 0
36344 41524 2205 0 0
36672 38873 70 0 0
36672 38917 87 0 0
36672 39441 284 0 0
36672 39686 392 0 0
36672 40451 748 0 0
36806 38886 251 0 0
36824 42125 2313 0 0
36856 37089 79 0 0
36856 37160 105 0 0
36935 38142 457 0 0
36935 38902 768 0 0
36936 38102 442 0 0
36936 41124 1770 0 0
36936 43675 3086 0 0
37021 37529 173 0 0
37037 37635 206 0 0
37045 37193 49 0 0
37193 39487 0 493 0
37227 41267 1749 0 0
37255 39335 830 0 0
37261 38895 661 0 0
37453 45775 4115 0 0
37581 38203 261 0 0
37581 38678 820 0 0
37650 37807 63 0 0
37677 41086 0 490 0
37677 41557 0 218 0
37701 37988 50 0 0
37701 38003 53 0 0
37701 41792 1845 0 0
37762 40654 1236 0 0
37846 38024 75 0 0
37877 37970 34 0 0
37925 43874 940 0 0
37930 37931 0 141 0
37970 41439 0 20 0
37970 41545 53 22 0
37970 43462 0 61 0
38076 39489 561 0 0
38078 39727 665 0 0
38078 43356 2504 0 0
38102 38712 0 56 0
38128 40291 917 0 0
38283 38639 136 0 0
38397 38413 7 0 0
38397 38468 30 0 0
38397 38540 57 0 0
38397 38609 83 0 0
38397 38921 228 0 0
38397 38978 258 0 0
38397 39174 324 0 0
38397 39747 554 0 0
38397 40086 726 0 0
38397 40094 727 0 0
38397 41163 1247 0 0
38397 41376 1364 0 0
38397 41655 1499 0 0
38397 42217 2446 0 0
38397 42308 1938 0 0
38397 43400 2593 0 0
38397 43780 2601 0 0
38397 45997 3853 0 0
38403 41761 1551 0 0
38604 38838 119 0 0
38650 38810 89 0 0
38678 39709 0 72 0
38759 39292 0 129 0
38770 39022 100 0 0
39156 44177 0 219 0
39188 40180 432 0 0
39351 41324 946 0 0
39358 44465 2576 0 0
39437 41319 752 0 0
39530 39615 41 0 0
39532 39633 48 0 0
39532 40268 343 0 0
39572 45445 3050 0 0
39680 40177 235 0 0
39680 40278 281 0 0
39680 40885 565 0 0
39952 40057 53 0 0
39952 45698 3044 0 0
40073 40303 110 0 0
40073 41020 450 0 0
40073 41540 732 0 0
40078 46059 3166 0 0
40121 45542 2864 0 0
40265 43773 1797 0 0
40403 40404 0 1664 0
40404 40478 1707 0 0
40404 40585 1752 0 0
40468 42454 1003 0 0
40477 40542 30 0 0
40547 40922 36 0 0
40669 45009 2292 0 0
40735 42439 877 0 0
40750 40937 97 0 0
40750 41715 508 0 0
40783 41693 484 0 0
40833 40910 40 0 0
40833 41232 224 0 0
40859 41052 104 0 0
40872 41063 99 0 0
40872 41705 446 0 0
41166 41169 1 0 0
41245 42157 454 0 0
41336 41337 0 178 0
41361 42745 695 0 0
41439 41545 66 0 0
41462 43203 896 0 0
41545 43548 861 0 0
41545 44360 0 373 0
41593 41640 21 0 0
41593 41698 54 0 0
41593 41724 69 0 0
41593 41751 0 194 0
41593 42059 223 0 0
41593 42129 260 0 0
41593 42242 314 0 0
41593 42738 575 0 0
41593 43568 1016 0 0
41661 43407 116 0 0
41688 41859 85 0 0
41779 41958 82 0 0
41779 42292 249 0 0
41797 42016 99 0 0
41828 42033 93 0 0
41853 41854 0 56 0
41921 42321 0 90 0
41935 41947 1 0 0
41969 41975 1 0 0
42181 42314 69 0 0
42233 42234 1 0 0
42261 42278 11 0 0
42307 44341 1086 0 0
42551 43108 293 0 0
42611 42615 0 121 0
42701 44644 0 2129 0
42900 43512 328 0 0
42901 43419 289 0 0
42904 42982 37 0 0
42933 43115 98 0 0
42933 43266 179 0 0
42940 45097 1171 0 0
42977 43619 344 0 0
43038 43305 148 0 0
43038 43809 410 0 0
43038 45457 1328 0 0
43038 45831 1559 0 0
43100 43140 26 0 0
43347 43427 49 0 0
43347 43537 92 0 0
43347 43777 221 0 0
43429 45247 945 0 0
43457 44599 619 0 0
43645 44262 347 0 0
43692 43844 96 0 0
43775 43872 58 0 0
43775 44613 467 0 0
43776 45656 1072 0 0
43867 44780 496 0 0
44022 45799 1005 0 0
44465 44658 0 87 0
44563 44647 36 0 0
44644 44802 2212 0 0
44658 44726 45 0 0
44658 44822 90 0 0
44658 45205 304 0 0
44658 46086 820 0 0
44971 45176 114 0 0
45054 45757 435 0 0
45232 45553 0 174 0
45605 45767 95 0 0
45646 45733 57 0 0
46017 46125 51 0 0
