16 4 2 0.5
34 1 1 1
96 3 3 1
176 3 2 0.666667
322 34 34 1
713 1 1 1
1112 1 1 1
1202 3 2 0.666667
1335 4 1 0.25
1980 1 1 1
2018 1 1 1
2577 4 4 1
3204 1 1 1
3486 1 1 1
3683 2 2 1
3712 1 1 1
4547 1 1 1
5307 1 1 1
5422 1 1 1
5471 2 2 1
5480 2 1 0.5
5629 1 1 1
6158 1 1 1
6990 2 2 1
7111 2 2 1
7361 1 1 1
7634 2 1 0.5
7867 1 1 1
8112 4 4 1
8605 1 1 1
8866 2 1 0.5
9304 1 1 1
10045 1 1 1
10326 2 2 1
10932 2 1 0.5
12286 1 1 1
12326 1 1 1
12344 2 2 1
12740 1 1 1
12741 1 1 1
12966 1 1 1
12993 2 2 1
13057 1 1 1
13337 2 1 0.5
14029 2 1 0.5
14287 1 1 1
14736 1 1 1
15381 3 1 0.333333
15414 2 1 0.5
15810 1 1 1
16581 5 4 0.8
16980 1 1 1
17461 2 1 0.5
17759 2 2 1
17930 1 1 1
18006 1 1 1
18093 1 1 1
18584 1 1 1
18976 1 1 1
19220 1 1 1
19691 2 2 1
19792 1 1 1
19901 2 1 0.5
19918 1 1 1
20196 2 2 1
20476 2 2 1
20497 1 1 1
20623 1 1 1
20712 3 1 0.333333
20834 1 1 1
21143 1 1 1
21909 1 1 1
21972 3 3 1
22094 1 1 1
22396 1 1 1
22453 1 1 1
22513 1 1 1
22618 1 1 1
22943 1 1 1
23285 1 1 1
23429 1 1 1
23476 1 1 1
23565 2 2 1
23637 1 1 1
23651 1 1 1
23900 1 1 1
24099 1 1 1
24279 1 1 1
24714 2 1 0.5
24716 2 1 0.5
24936 1 1 1
25125 1 1 1
25169 1 1 1
25295 1 1 1
25445 1 1 1
25502 1 1 1
25913 2 2 1
26646 2 2 1
26683 1 1 1
26788 1 1 1
27019 2 2 1
27356 1 1 1
27710 2 2 1
28096 1 1 1
28144 4 2 0.5
28312 1 1 1
28563 1 1 1
28673 1 1 1
28907 7 6 0.857143
28932 1 1 1
29023 10 8 0.8
29105 1 1 1
29271 5 1 0.2
29312 1 1 1
29468 1 1 1
29483 1 1 1
29500 1 1 1
29510 1 1 1
29520 2 1 0.5
29553 1 1 1
29600 1 1 1
29607 1 1 1
29625 1 1 1
29630 1 1 1
29638 1 1 1
29681 1 1 1
29686 2 1 0.5
29708 1 1 1
29724 2 1 0.5
29745 1 1 1
29750 2 2 1
29777 2 2 1
29798 2 2 1
29809 1 1 1
29826 1 1 1
29855 1 1 1
29917 1 1 1
29925 1 1 1
29937 1 1 1
29968 2 1 0.5
30049 1 1 1
30086 1 1 1
30111 1 1 1
30119 1 1 1
30122 2 2 1
30129 1 1 1
30145 2 1 0.5
30166 1 1 1
30221 2 1 0.5
30225 2 1 0.5
30229 2 1 0.5
30254 1 1 1
30282 1 1 1
30305 1 1 1
30371 1 1 1
30447 1 1 1
30453 1 1 1
30455 1 1 1
30529 1 1 1
30584 1 1 1
30589 1 1 1
30663 1 1 1
30701 1 1 1
30711 1 1 1
30733 1 1 1
30776 1 1 1
30778 2 2 1
30792 5 3 0.6
30831 1 1 1
30835 2 2 1
30896 1 1 1
30910 1 1 1
30914 1 1 1
31007 2 2 1
31028 6 1 0.166667
31055 1 1 1
31116 1 1 1
31186 2 1 0.5
31237 1 1 1
31375 1 1 1
31393 1 1 1
31409 1 1 1
31431 2 2 1
31454 4 2 0.5
31464 1 1 1
31468 1 1 1
31506 1 1 1
31520 1 1 1
31550 1 1 1
31563 4 3 0.75
31575 2 1 0.5
31589 1 1 1
31616 2 1 0.5
31627 2 1 0.5
31636 1 1 1
31638 1 1 1
31708 1 1 1
31725 1 1 1
31727 1 1 1
31729 1 1 1
31759 1 1 1
31773 1 1 1
31816 1 1 1
31831 1 1 1
31852 1 1 1
31857 1 1 1
31912 1 1 1
32001 2 2 1
32003 1 1 1
32016 1 1 1
32064 1 1 1
32066 1 1 1
32086 1 1 1
32093 4 1 0.25
32098 1 1 1
32128 1 1 1
32137 1 1 1
32140 1 1 1
32219 4 2 0.5
32266 1 1 1
32279 1 1 1
32284 1 1 1
32320 1 1 1
32344 1 1 1
32376 1 1 1
32419 1 1 1
32428 2 1 0.5
32459 1 1 1
32487 1 1 1
32497 1 1 1
32503 1 1 1
32511 1 1 1
32564 1 1 1
32581 1 1 1
32629 1 1 1
32686 1 1 1
32710 1 1 1
32729 1 1 1
32775 1 1 1
32816 2 1 0.5
32823 1 1 1
32847 1 1 1
32864 1 1 1
32877 1 1 1
32888 1 1 1
32946 1 1 1
32952 1 1 1
32961 1 1 1
32963 1 1 1
32965 1 1 1
32992 1 1 1
33023 1 1 1
33044 1 1 1
33084 1 1 1
33121 1 1 1
33131 1 1 1
33135 1 1 1
33171 1 1 1
33187 1 1 1
33191 1 1 1
33202 2 1 0.5
33276 1 1 1
33294 1 1 1
33310 1 1 1
33330 1 1 1
33332 1 1 1
33361 1 1 1
33404 3 3 1
33433 1 1 1
33442 1 1 1
33446 1 1 1
33457 1 1 1
33480 2 2 1
33544 1 1 1
33557 1 1 1
33585 1 1 1
33597 3 2 0.666667
33702 1 1 1
33716 1 1 1
33756 1 1 1
33771 1 1 1
33773 1 1 1
33783 1 1 1
33790 1 1 1
33828 1 1 1
33834 1 1 1
33836 1 1 1
33838 1 1 1
33840 1 1 1
33848 1 1 1
33850 1 1 1
33860 1 1 1
33863 1 1 1
33866 1 1 1
33874 1 1 1
33877 1 1 1
33879 1 1 1
33884 1 1 1
33886 1 1 1
33894 1 1 1
33904 2 1 0.5
33915 2 1 0.5
33950 1 1 1
33952 1 1 1
33977 1 1 1
33993 1 1 1
34017 1 1 1
34053 1 1 1
34154 1 1 1
34239 1 1 1
34244 1 1 1
34253 2 1 0.5
34283 1 1 1
34290 1 1 1
34353 2 1 0.5
34356 1 1 1
34401 1 1 1
34423 1 1 1
34437 2 1 0.5
34489 1 1 1
34507 1 1 1
34526 1 1 1
34550 1 1 1
34575 1 1 1
34635 1 1 1
34665 1 1 1
34672 1 1 1
34693 2 1 0.5
34697 1 1 1
34711 1 1 1
34718 1 1 1
34745 1 1 1
34747 1 1 1
34751 2 1 0.5
34774 1 1 1
34787 1 1 1
34798 1 1 1
34821 1 1 1
34827 1 1 1
34837 2 2 1
34869 1 1 1
34871 1 1 1
34876 1 1 1
34881 1 1 1
34935 1 1 1
34943 1 1 1
34976 1 1 1
34996 1 1 1
35000 1 1 1
35017 1 1 1
35024 1 1 1
35030 1 1 1
35045 1 1 1
35058 1 1 1
35093 9 3 0.333333
35113 1 1 1
35121 2 2 1
35125 1 1 1
35218 1 1 1
35228 1 1 1
35247 1 1 1
35259 1 1 1
35326 1 1 1
35336 1 1 1
35347 1 1 1
35373 1 1 1
35384 6 5 0.833333
35400 1 1 1
35404 1 1 1
35416 1 1 1
35426 2 1 0.5
35521 1 1 1
35594 2 2 1
35623 1 1 1
35647 1 1 1
35716 1 1 1
35778 1 1 1
35782 1 1 1
35786 1 1 1
35802 1 1 1
35828 1 1 1
35838 1 1 1
35854 1 1 1
35857 1 1 1
35872 1 1 1
35879 1 1 1
35923 1 1 1
35927 1 1 1
36013 1 1 1
36019 1 1 1
36051 1 1 1
36053 1 1 1
36057 1 1 1
36064 1 1 1
36092 1 1 1
36110 1 1 1
36130 1 1 1
36154 1 1 1
36166 1 1 1
36180 2 1 0.5
36266 2 2 1
36296 1 1 1
36303 1 1 1
36317 1 1 1
36326 1 1 1
36365 1 1 1
36369 1 1 1
36426 1 1 1
36438 1 1 1
36490 1 1 1
36512 1 1 1
36530 1 1 1
36544 1 1 1
36577 1 1 1
36583 1 1 1
36622 1 1 1
36629 1 1 1
36665 1 1 1
36680 1 1 1
36684 1 1 1
36724 1 1 1
36730 1 1 1
36739 1 1 1
36744 1 1 1
36767 1 1 1
36792 1 1 1
36796 1 1 1
36800 1 1 1
36812 1 1 1
36815 1 1 1
36857 1 1 1
36861 3 1 0.333333
36887 1 1 1
36924 2 1 0.5
36928 1 1 1
36932 1 1 1
36947 1 1 1
36958 1 1 1
36963 1 1 1
36970 1 1 1
36979 1 1 1
36994 3 3 1
37023 1 1 1
37043 1 1 1
37050 1 1 1
37058 1 1 1
37062 3 3 1
37077 1 1 1
37089 1 1 1
37096 1 1 1
37098 1 1 1
37100 2 2 1
37107 1 1 1
37117 1 1 1
37126 1 1 1
37128 3 2 0.666667
37134 1 1 1
37139 1 1 1
37160 1 1 1
37168 1 1 1
37173 3 1 0.333333
37193 2 2 1
37198 1 1 1
37222 1 1 1
37229 1 1 1
37231 1 1 1
37235 1 1 1
37247 1 1 1
37249 1 1 1
37258 1 1 1
37276 1 1 1
37345 1 1 1
37358 1 1 1
37362 1 1 1
37369 2 2 1
37384 1 1 1
37387 1 1 1
37459 1 1 1
37468 1 1 1
37480 1 1 1
37529 1 1 1
37537 2 2 1
37546 1 1 1
37550 1 1 1
37561 1 1 1
37566 1 1 1
37601 1 1 1
37611 1 1 1
37635 1 1 1
37677 3 3 1
37705 4 4 1
37725 2 2 1
37732 2 2 1
37755 1 1 1
37801 1 1 1
37807 1 1 1
37820 1 1 1
37862 1 1 1
37902 1 1 1
37913 1 1 1
37930 1 1 1
37936 1 1 1
37970 6 5 0.833333
37972 1 1 1
37988 1 1 1
37994 1 1 1
38003 1 1 1
38007 1 1 1
38019 1 1 1
38024 1 1 1
38047 3 3 1
38088 1 1 1
38102 2 2 1
38107 1 1 1
38125 1 1 1
38142 1 1 1
38186 1 1 1
38190 1 1 1
38203 1 1 1
38212 1 1 1
38227 1 1 1
38233 1 1 1
38237 1 1 1
38253 1 1 1
38273 1 1 1
38287 1 1 1
38320 1 1 1
38328 1 1 1
38336 1 1 1
38370 1 1 1
38411 1 1 1
38413 1 1 1
38417 1 1 1
38431 1 1 1
38459 1 1 1
38468 1 1 1
38470 3 3 1
38505 1 1 1
38512 1 1 1
38516 1 1 1
38521 1 1 1
38540 1 1 1
38544 1 1 1
38553 1 1 1
38558 1 1 1
38564 1 1 1
38609 2 1 0.5
38621 1 1 1
38639 1 1 1
38644 1 1 1
38678 5 5 1
38683 1 1 1
38719 1 1 1
38731 1 1 1
38739 1 1 1
38759 3 2 0.666667
38764 1 1 1
38771 1 1 1
38774 1 1 1
38795 1 1 1
38810 1 1 1
38817 1 1 1
38838 1 1 1
38873 1 1 1
38876 1 1 1
38880 1 1 1
38886 1 1 1
38895 1 1 1
38902 1 1 1
38917 1 1 1
38921 2 1 0.5
38933 1 1 1
38935 1 1 1
38952 1 1 1
38956 1 1 1
38978 1 1 1
38982 1 1 1
38984 1 1 1
38992 1 1 1
38999 1 1 1
39001 1 1 1
39022 1 1 1
39069 1 1 1
39087 1 1 1
39128 1 1 1
39150 1 1 1
39156 1 1 1
39163 1 1 1
39169 1 1 1
39174 1 1 1
39235 1 1 1
39261 1 1 1
39264 2 1 0.5
39298 1 1 1
39327 1 1 1
39335 1 1 1
39342 1 1 1
39348 1 1 1
39352 1 1 1
39392 2 2 1
39441 1 1 1
39453 2 2 1
39469 1 1 1
39489 1 1 1
39574 1 1 1
39580 1 1 1
39615 1 1 1
39633 1 1 1
39686 1 1 1
39703 2 2 1
39727 1 1 1
39740 1 1 1
39747 1 1 1
39847 1 1 1
39849 1 1 1
39861 1 1 1
39864 1 1 1
39868 1 1 1
39900 1 1 1
39911 1 1 1
39918 1 1 1
39924 1 1 1
39940 1 1 1
39964 1 1 1
39967 1 1 1
39984 1 1 1
40023 1 1 1
40040 1 1 1
40042 1 1 1
40057 1 1 1
40068 1 1 1
40071 1 1 1
40076 1 1 1
40080 1 1 1
40086 2 1 0.5
40094 1 1 1
40122 1 1 1
40135 3 3 1
40142 1 1 1
40177 1 1 1
40180 1 1 1
40197 1 1 1
40222 1 1 1
40228 1 1 1
40230 1 1 1
40238 1 1 1
40251 1 1 1
40268 1 1 1
40278 1 1 1
40291 1 1 1
40303 1 1 1
40307 1 1 1
40320 1 1 1
40351 1 1 1
40359 1 1 1
40373 1 1 1
40375 1 1 1
40390 1 1 1
40392 1 1 1
40403 1 1 1
40410 1 1 1
40413 1 1 1
40420 1 1 1
40449 1 1 1
40451 1 1 1
40466 2 1 0.5
40473 1 1 1
40478 2 1 0.5
40482 1 1 1
40485 1 1 1
40506 1 1 1
40518 1 1 1
40542 1 1 1
40559 1 1 1
40585 1 1 1
40596 1 1 1
40599 1 1 1
40617 1 1 1
40642 2 1 0.5
40643 1 1 1
40654 1 1 1
40661 1 1 1
40678 1 1 1
40703 1 1 1
40732 1 1 1
40743 1 1 1
40746 1 1 1
40759 1 1 1
40764 1 1 1
40775 1 1 1
40793 1 1 1
40795 1 1 1
40818 1 1 1
40836 1 1 1
40849 1 1 1
40882 1 1 1
40885 1 1 1
40895 1 1 1
40910 1 1 1
40912 1 1 1
40922 1 1 1
40925 1 1 1
40937 1 1 1
40991 1 1 1
41011 1 1 1
41016 2 1 0.5
41020 1 1 1
41028 1 1 1
41032 1 1 1
41034 1 1 1
41052 1 1 1
41055 1 1 1
41063 1 1 1
41098 1 1 1
41107 1 1 1
41124 1 1 1
41131 1 1 1
41138 1 1 1
41141 1 1 1
41144 1 1 1
41163 1 1 1
41169 1 1 1
41232 1 1 1
41235 1 1 1
41255 1 1 1
41259 1 1 1
41264 1 1 1
41267 1 1 1
41283 1 1 1
41319 1 1 1
41324 1 1 1
41336 1 1 1
41342 1 1 1
41351 1 1 1
41356 1 1 1
41359 2 2 1
41376 1 1 1
41381 1 1 1
41391 1 1 1
41393 1 1 1
41427 1 1 1
41483 1 1 1
41490 1 1 1
41492 1 1 1
41504 1 1 1
41508 1 1 1
41512 1 1 1
41514 1 1 1
41518 1 1 1
41520 1 1 1
41524 1 1 1
41531 1 1 1
41540 1 1 1
41545 3 2 0.666667
41568 2 2 1
41577 1 1 1
41581 1 1 1
41584 1 1 1
41593 2 1 0.5
41600 1 1 1
41604 1 1 1
41626 1 1 1
41628 1 1 1
41636 1 1 1
41640 1 1 1
41643 1 1 1
41646 1 1 1
41655 1 1 1
41657 1 1 1
41661 2 1 0.5
41669 1 1 1
41680 1 1 1
41691 1 1 1
41693 1 1 1
41698 1 1 1
41705 1 1 1
41715 1 1 1
41724 1 1 1
41727 1 1 1
41730 1 1 1
41734 1 1 1
41752 1 1 1
41759 1 1 1
41761 1 1 1
41792 1 1 1
41813 1 1 1
41829 1 1 1
41842 1 1 1
41845 1 1 1
41853 1 1 1
41859 1 1 1
41868 1 1 1
41871 1 1 1
41873 1 1 1
41894 1 1 1
41896 1 1 1
41898 1 1 1
41904 1 1 1
41909 1 1 1
41916 1 1 1
41921 1 1 1
41925 1 1 1
41933 1 1 1
41938 1 1 1
41947 1 1 1
41951 1 1 1
41958 2 1 0.5
41975 1 1 1
42016 1 1 1
42033 2 1 0.5
42035 1 1 1
42039 1 1 1
42059 1 1 1
42061 1 1 1
42069 1 1 1
42097 1 1 1
42117 1 1 1
42125 1 1 1
42129 1 1 1
42153 1 1 1
42157 1 1 1
42159 1 1 1
42164 1 1 1
42176 1 1 1
42182 1 1 1
42203 1 1 1
42217 1 1 1
42234 1 1 1
42242 1 1 1
42262 1 1 1
42274 1 1 1
42278 1 1 1
42284 1 1 1
42292 1 1 1
42308 2 2 1
42310 1 1 1
42314 1 1 1
42328 1 1 1
42332 1 1 1
42339 1 1 1
42353 1 1 1
42355 1 1 1
42382 1 1 1
42401 1 1 1
42409 1 1 1
42411 1 1 1
42413 1 1 1
42439 1 1 1
42441 1 1 1
42452 1 1 1
42454 1 1 1
42460 1 1 1
42462 1 1 1
42470 1 1 1
42473 1 1 1
42475 1 1 1
42482 1 1 1
42519 1 1 1
42548 1 1 1
42607 1 1 1
42611 3 2 0.666667
42619 2 1 0.5
42636 1 1 1
42640 1 1 1
42642 1 1 1
42644 1 1 1
42654 1 1 1
42658 1 1 1
42665 1 1 1
42677 1 1 1
42690 1 1 1
42701 2 1 0.5
42710 1 1 1
42712 1 1 1
42715 1 1 1
42732 2 1 0.5
42735 1 1 1
42738 1 1 1
42745 2 2 1
42750 1 1 1
42765 1 1 1
42767 1 1 1
42779 1 1 1
42787 1 1 1
42791 1 1 1
42796 1 1 1
42810 1 1 1
42833 1 1 1
42850 1 1 1
42886 1 1 1
42893 1 1 1
42898 1 1 1
42923 1 1 1
42925 1 1 1
42936 1 1 1
42941 1 1 1
42948 1 1 1
42963 1 1 1
42971 1 1 1
42978 1 1 1
42980 1 1 1
42982 1 1 1
43007 1 1 1
43011 1 1 1
43046 1 1 1
43050 1 1 1
43062 1 1 1
43064 1 1 1
43070 1 1 1
43076 1 1 1
43080 1 1 1
43105 1 1 1
43108 1 1 1
43115 1 1 1
43131 1 1 1
43133 1 1 1
43138 2 2 1
43140 1 1 1
43153 1 1 1
43160 1 1 1
43165 1 1 1
43167 1 1 1
43170 1 1 1
43172 1 1 1
43176 1 1 1
43187 1 1 1
43190 1 1 1
43195 1 1 1
43197 2 2 1
43203 1 1 1
43231 1 1 1
43233 1 1 1
43235 1 1 1
43247 1 1 1
43253 1 1 1
43266 1 1 1
43280 1 1 1
43283 1 1 1
43291 1 1 1
43305 1 1 1
43307 1 1 1
43310 1 1 1
43327 1 1 1
43332 1 1 1
43336 1 1 1
43342 1 1 1
43344 1 1 1
43356 1 1 1
43381 1 1 1
43387 1 1 1
43400 2 2 1
43407 1 1 1
43409 1 1 1
43419 1 1 1
43427 1 1 1
43432 1 1 1
43466 1 1 1
43469 1 1 1
43475 1 1 1
43477 1 1 1
43512 1 1 1
43537 1 1 1
43548 1 1 1
43550 1 1 1
43554 1 1 1
43556 1 1 1
43558 1 1 1
43568 1 1 1
43591 1 1 1
43603 1 1 1
43619 1 1 1
43624 1 1 1
43646 1 1 1
43648 1 1 1
43655 1 1 1
43665 2 2 1
43673 1 1 1
43675 1 1 1
43757 1 1 1
43773 1 1 1
43777 1 1 1
43780 2 2 1
43791 1 1 1
43793 4 4 1
43809 1 1 1
43811 1 1 1
43822 1 1 1
43827 1 1 1
43834 4 1 0.25
43844 1 1 1
43864 1 1 1
43868 1 1 1
43872 1 1 1
43874 1 1 1
43888 1 1 1
43890 1 1 1
43946 1 1 1
43955 1 1 1
43963 1 1 1
43994 1 1 1
43998 1 1 1
44005 1 1 1
44016 1 1 1
44025 1 1 1
44041 1 1 1
44052 1 1 1
44059 1 1 1
44061 1 1 1
44071 1 1 1
44081 1 1 1
44114 1 1 1
44120 1 1 1
44122 1 1 1
44131 1 1 1
44138 1 1 1
44141 1 1 1
44147 1 1 1
44151 1 1 1
44159 1 1 1
44173 1 1 1
44175 1 1 1
44187 1 1 1
44192 1 1 1
44199 1 1 1
44201 1 1 1
44221 1 1 1
44238 1 1 1
44240 1 1 1
44262 1 1 1
44275 1 1 1
44277 1 1 1
44279 1 1 1
44284 1 1 1
44301 1 1 1
44315 1 1 1
44323 1 1 1
44328 1 1 1
44331 1 1 1
44336 1 1 1
44341 1 1 1
44347 1 1 1
44358 1 1 1
44362 1 1 1
44368 1 1 1
44370 1 1 1
44378 1 1 1
44383 1 1 1
44385 1 1 1
44392 1 1 1
44397 1 1 1
44403 1 1 1
44408 1 1 1
44430 1 1 1
44434 1 1 1
44439 1 1 1
44441 1 1 1
44465 3 3 1
44477 1 1 1
44498 1 1 1
44525 1 1 1
44529 1 1 1
44531 1 1 1
44533 1 1 1
44535 1 1 1
44537 1 1 1
44569 1 1 1
44571 1 1 1
44588 3 3 1
44590 1 1 1
44599 1 1 1
44613 1 1 1
44616 1 1 1
44632 1 1 1
44634 1 1 1
44637 1 1 1
44647 1 1 1
44649 1 1 1
44660 1 1 1
44662 1 1 1
44673 1 1 1
44699 1 1 1
44703 1 1 1
44726 1 1 1
44729 1 1 1
44732 1 1 1
44736 1 1 1
44738 1 1 1
44740 1 1 1
44756 1 1 1
44758 1 1 1
44765 1 1 1
44768 2 1 0.5
44770 1 1 1
44773 1 1 1
44778 1 1 1
44780 1 1 1
44782 1 1 1
44793 1 1 1
44798 1 1 1
44802 1 1 1
44812 1 1 1
44822 1 1 1
44824 1 1 1
44837 1 1 1
44846 1 1 1
44867 1 1 1
44898 1 1 1
44900 1 1 1
44904 1 1 1
44918 1 1 1
44921 1 1 1
44924 1 1 1
44931 1 1 1
44937 1 1 1
44942 1 1 1
44948 1 1 1
44953 1 1 1
44972 1 1 1
44974 1 1 1
44983 1 1 1
44987 1 1 1
44995 1 1 1
44997 1 1 1
45003 1 1 1
45005 1 1 1
45009 1 1 1
45016 1 1 1
45020 1 1 1
45045 1 1 1
45056 1 1 1
45058 1 1 1
45062 1 1 1
45070 1 1 1
45097 1 1 1
45099 1 1 1
45102 1 1 1
45136 1 1 1
45139 1 1 1
45162 1 1 1
45176 1 1 1
45186 1 1 1
45189 1 1 1
45203 1 1 1
45205 1 1 1
45232 2 1 0.5
45233 1 1 1
45247 1 1 1
45259 1 1 1
45263 1 1 1
45271 1 1 1
45284 1 1 1
45288 1 1 1
45297 1 1 1
45308 1 1 1
45314 1 1 1
45317 1 1 1
45319 1 1 1
45326 1 1 1
45332 1 1 1
45335 1 1 1
45356 1 1 1
45358 1 1 1
45360 1 1 1
45364 1 1 1
45367 1 1 1
45384 1 1 1
45398 1 1 1
45421 1 1 1
45427 1 1 1
45433 1 1 1
45445 1 1 1
45449 1 1 1
45453 1 1 1
45457 1 1 1
45492 1 1 1
45507 1 1 1
45518 1 1 1
45530 1 1 1
45533 1 1 1
45542 1 1 1
45550 1 1 1
45557 1 1 1
45561 1 1 1
45563 1 1 1
45571 1 1 1
45592 1 1 1
45603 1 1 1
45608 1 1 1
45610 1 1 1
45626 1 1 1
45638 1 1 1
45642 1 1 1
45647 1 1 1
45649 1 1 1
45653 1 1 1
45656 1 1 1
45665 1 1 1
45668 1 1 1
45679 1 1 1
45681 1 1 1
45683 1 1 1
45698 1 1 1
45715 1 1 1
45727 1 1 1
45731 1 1 1
45733 2 1 0.5
45737 1 1 1
45755 1 1 1
45757 1 1 1
45767 1 1 1
45775 1 1 1
45777 1 1 1
45799 1 1 1
45825 1 1 1
45831 1 1 1
45833 1 1 1
45838 1 1 1
45845 1 1 1
45849 1 1 1
45852 1 1 1
45856 1 1 1
45860 1 1 1
45864 1 1 1
45872 1 1 1
45881 1 1 1
45891 1 1 1
45902 1 1 1
45905 1 1 1
45911 2 2 1
45919 1 1 1
45921 1 1 1
45926 1 1 1
45934 1 1 1
45938 1 1 1
45968 1 1 1
45970 1 1 1
45997 1 1 1
46003 1 1 1
46007 1 1 1
46021 1 1 1
46024 1 1 1
46029 1 1 1
46031 1 1 1
46041 1 1 1
46044 1 1 1
46046 1 1 1
46059 1 1 1
46061 1 1 1
46066 1 1 1
46078 1 1 1
46086 1 1 1
46088 1 1 1
46097 1 1 1
46108 1 1 1
46118 1 1 1
46125 1 1 1
46139 1 1 1
46141 1 1 1
46147 1 1 1
46149 1 1 1
