1 1 100 510.11
2 2 100 549.412
3 3 100 561.632
4 4 100 568.886
5 5 100 672.058
6 6 100 673.868
7 7 100 679.433
8 8 100 684.117
9 9 100 686.451
10 10 100 689.175
11 11 100 694.681
12 12 100 700.095
13 13 100 704.958
14 14 100 710.004
15 15 100 714.315
16 16 100 716.296
17 17 100 720.361
18 18 100 722.134
19 19 100 723.962
20 20 100 727.537
21 21 100 731.112
22 22 100 734.687
23 23 100 738.262
24 24 100 741.653
25 25 100 744.308
26 26 100 747.515
27 27 100 750.355
28 28 100 753.194
29 29 100 755.397
30 30 100 757.5
31 31 100 760.339
32 32 100 763.179
33 33 100 765.065
34 34 100 767.537
35 35 100 770.008
36 36 100 771.672
37 37 100 773.408
38 38 100 775.88
39 39 100 778.351
40 40 100 780.638
41 41 100 782.742
42 42 100 784.846
43 43 100 786.949
44 44 100 788.468
45 45 100 790.571
46 46 100 792.675
47 47 100 794.502
48 48 100 796.422
49 49 100 798.526
50 50 100 800.629
