8 2
34 1
130 2
133 1
168 1
695 1
981 1
1561 1
1756 3
1834 1
2335 3
2463 3
2518 1
2577 2
2695 1
2729 1
2780 1
2959 1
3057 1
3227 1
3390 1
3574 1
3683 1
3921 1
4006 1
4234 1
4235 2
4474 1
4629 1
5275 1
5821 1
6667 2
6668 2
6846 1
6917 1
7060 1
7281 1
7303 1
7642 1
7821 1
7969 1
8512 1
8538 1
8660 2
8661 3
8866 1
9085 1
9161 3
10064 1
10148 1
10245 1
10411 4
10543 3
10830 1
10831 1
11505 1
11509 1
12097 1
12138 1
12141 1
12270 1
12582 1
12754 1
12865 1
12947 1
12976 1
13045 1
13118 1
14078 1
14218 1
14227 1
14256 1
14330 1
15270 1
15345 1
15736 1
15753 1
15931 1
15961 1
16026 1
16077 1
16223 2
16361 1
16424 2
17345 1
17464 1
17807 1
17985 1
18069 1
18154 2
18561 1
19189 2
19515 1
19785 1
19935 1
20094 1
20220 1
20322 1
20554 3
20595 1
21356 1
21625 1
21950 1
22024 1
22167 3
22302 1
22499 1
23409 1
23593 1
23604 1
23775 2
24027 1
24128 1
24260 1
24542 1
24543 2
25454 1
25580 1
25765 1
25947 1
26149 2
26156 1
26300 2
26737 1
27237 1
27415 1
27912 2
28308 1
28722 1
28983 1
29000 3
29022 1
29084 1
29102 1
29173 2
29475 1
29657 1
29663 1
29679 1
29855 1
30250 1
30639 1
30866 1
30992 1
31781 1
32033 1
32112 1
32963 1
33081 1
33098 1
33221 2
33266 1
33334 2
33533 1
33715 2
33716 1
33790 1
33906 1
33950 1
34117 1
34181 1
34558 1
34703 2
34832 2
34878 1
34967 1
35024 1
35127 1
35217 2
35341 1
36228 1
36265 1
36592 2
36882 1
37029 1
37200 1
37264 1
37646 1
37746 1
37817 1
37977 1
38185 1
39093 1
39702 1
39721 1
39972 1
40211 2
40359 1
40493 2
40529 1
40769 1
40780 1
41038 1
41090 1
41289 2
41297 3
41390 1
41432 1
41443 1
41478 1
41766 1
41789 1
41811 1
41818 1
42213 1
42396 1
42403 1
42407 1
42430 1
42456 1
42465 1
42514 1
42615 1
42812 2
42890 1
42895 1
42989 1
43094 1
43240 1
43287 1
43634 1
43671 1
43719 1
43990 1
44390 1
44407 1
44456 1
44479 1
44785 1
44851 1
44994 1
45022 1
45109 1
45166 1
45198 1
45221 1
45350 1
45420 1
45515 1
45538 1
45931 1
45964 2
46043 2
46405 1
46823 2
46838 1
46897 1
46915 1
46964 1
47056 1
47241 2
47410 1
47662 1
47713 1
48063 1
48206 1
48385 1
48588 3
48648 2
48728 1
48788 1
48834 1
49028 1
49037 1
49149 1
49325 1
49346 1
49538 1
49605 1
49612 1
49710 1
49846 1
49952 1
50023 1
50264 1
50267 1
50309 1
50371 1
50408 1
50441 1
50499 2
50513 2
50560 1
50589 1
50597 1
50824 1
50857 1
50877 1
50942 1
50984 1
51192 1
51244 1
51268 1
51335 2
51394 1
51605 1
51866 1
51873 1
51960 1
51968 1
51975 2
52024 1
52143 2
52265 1
52400 2
52402 1
52548 1
52584 2
52621 1
52625 1
52669 1
52729 1
52747 3
52762 17
52830 2
52902 1
52936 2
52967 1
52981 2
53196 2
53221 1
53401 2
53556 1
53775 1
53803 3
53913 1
54014 1
54088 1
54243 1
54301 2
54590 1
54691 1
54703 1
54727 1
54859 1
54917 2
54956 1
55257 1
55361 1
55489 2
55494 1
55543 5
55713 1
55741 3
55745 2
55823 1
55871 1
55935 1
55937 1
55971 3
56100 1
56222 1
56240 1
56329 1
56425 2
56455 2
56512 1
56586 1
56689 1
56725 1
56858 1
56877 1
56955 2
56985 1
57115 1
57140 1
57198 1
57229 1
57506 1
57539 1
57562 1
57629 1
57749 1
57801 1
57842 1
58028 1
58047 1
58090 1
58126 1
58204 2
58224 1
58242 1
58278 1
58340 2
58379 1
58380 1
58425 1
58430 1
58450 2
58616 1
58624 2
58653 2
58715 1
58780 1
58852 2
58898 1
58954 1
59101 1
59223 1
59354 1
59513 1
59549 1
59634 2
59761 1
59817 1
59861 1
60089 1
60241 1
60257 1
60457 1
60495 1
60650 1
60757 1
61236 1
61440 1
61538 5
61930 1
62129 1
62351 1
62758 2
63271 1
63423 1
63947 1
63985 2
64303 1
64441 1
64835 1
64971 1
65319 1
65334 2
65973 1
65979 1
66333 1
66544 1
66558 1
66701 1
66703 1
66705 1
66707 1
66709 1
66711 1
66713 1
66715 1
66717 1
66719 1
66721 1
66723 1
66725 1
66727 1
67163 1
67946 1
68219 2
68261 1
69394 1
69743 1
69870 1
69964 2
70104 1
70973 1
71019 1
71239 1
71326 1
71371 1
72082 1
72460 1
72616 1
72693 1
72712 1
73050 1
73281 1
73517 1
75279 1
75944 1
76226 1
76626 2
76666 1
78433 1
78512 1
81499 1
82789 1
83348 1
85347 1
85703 1
85745 1
85746 1
85752 1
85766 1
85799 1
85828 1
86064 1
86643 1
88942 1
89279 1
89295 1
90152 2
91029 1
91211 1
91888 1
91894 1
91895 1
92526 1
94128 1
94322 1
94361 1
94639 1
94772 1
96757 1
96758 1
96766 1
97283 1
98352 2
98647 1
99407 1
101242 1
102038 1
102414 1
102624 1
103661 1
103665 1
103669 1
103684 1
104165 1
104264 1
105082 1
106116 1
108112 1
108269 1
108760 1
111224 1
113431 1
113678 1
113799 1
113880 1
114925 1
117250 1
117805 1
118182 1
118728 1
119481 1
125618 1
126393 1
126741 2
127125 1
127658 1
128523 1
131444 1
131700 1
132193 3
132313 1
132548 1
133457 5
133676 3
133760 1
134729 1
134902 2
136719 1
138290 1
138986 1
140461 1
141916 1
141919 1
142414 1
142480 1
143546 1
143811 1
144790 2
149351 2
150198 2
151273 1
153789 1
154358 2
154557 1
156357 1
158421 1
159183 2
159486 1
163009 1
163282 1
165336 1
166117 2
166834 1
167687 1
169095 1
169778 1
172358 1
172575 1
173040 1
174215 1
175223 1
175432 1
175675 1
176448 1
177540 1
178251 1
181715 1
184412 6
187152 1
188062 1
188695 1
189701 1
190301 1
190800 1
195113 1
195160 1
195614 1
195717 1
196774 1
197795 1
198198 1
198826 2
200883 1
202131 1
202190 1
204179 1
206304 1
208263 1
209758 1
209876 1
210937 2
213283 1
213572 1
214034 1
216002 1
216451 1
216787 1
216900 1
217212 1
218064 1
219133 1
219505 1
219651 1
220191 1
220397 1
220491 1
222907 1
226564 1
227439 1
229688 1
230327 1
230854 1
230906 2
231231 1
231475 4
231680 1
232588 1
232610 1
232779 2
235871 3
236856 3
238576 1
238711 8
238732 1
240768 3
242072 1
242907 1
243917 1
243945 1
244613 6
244707 1
244771 1
245124 1
246097 1
251107 1
251385 1
251444 1
252861 1
253769 1
254074 1
254202 2
254824 1
255081 1
255872 1
256541 1
256669 1
258938 1
259082 1
260216 1
260396 1
260705 5
262011 1
262705 1
264786 1
264844 1
265263 1
265660 1
265914 1
265931 1
265962 1
266067 2
266128 1
267252 1
267292 1
268752 1
269985 1
270319 1
270837 1
270947 3
271021 1
271192 1
271216 1
272305 1
273569 1
275699 2
277260 1
277782 1
277821 1
280787 1
281001 1
281886 1
282983 1
283018 1
284894 1
288051 1
289914 1
290091 1
292291 1
294206 1
294877 1
295420 1
295512 1
296878 1
298806 1
299580 2
300039 1
301435 1
301839 2
302452 1
302676 1
303118 1
303594 1
306888 1
307887 1
308379 1
308736 1
310379 1
320160 1
320789 1
327098 1
327200 2
328655 1
329312 1
331239 1
331938 1
333478 1
334990 1
337039 1
339493 1
340995 12
343117 2
346598 1
348806 2
349369 1
350217 1
350849 1
351639 1
353017 1
353457 1
355686 1
355888 1
356697 1
360470 1
360549 1
363420 1
366087 1
370127 1
370686 1
371336 1
372597 1
372733 2
373146 1
374190 1
374414 1
377332 2
377828 1
381413 1
382563 1
384178 1
387906 1
388277 1
388929 1
390197 1
391420 1
391559 1
392224 1
393854 1
394092 2
395051 1
395914 1
396387 1
399002 1
400845 1
401191 1
405035 1
406552 1
407564 1
409507 3
409944 1
409961 1
409977 1
410206 1
410214 1
410236 3
410259 1
410307 1
410648 1
411302 1
411908 1
413394 1
415682 1
419365 1
419920 1
420437 1
420699 1
422948 1
425252 4
427937 1
428846 1
431591 1
432874 1
434749 1
435922 1
435947 1
437930 2
440042 1
441974 1
442649 1
442925 5
444569 1
444592 1
444955 2
445082 1
445516 1
445635 1
447349 1
448046 1
448110 1
448652 1
449440 1
449738 1
450255 1
450286 1
451158 1
452850 2
453158 1
458240 1
459178 1
460792 1
464968 1
469620 1
470214 1
471001 1
471557 1
473429 1
476703 1
476842 1
480968 2
482659 2
484876 1
486903 1
487102 1
487704 1
487887 1
493978 1
494355 2
494691 1
495636 1
495673 1
496204 1
497052 2
497491 1
497930 2
498915 1
501481 1
501853 1
502752 1
502823 1
504545 1
504998 1
505071 1
505577 1
505944 1
506951 1
507359 1
507995 1
508057 1
508359 1
508394 1
510168 1
510422 1
510895 1
511429 1
511941 1
512308 1
512924 1
513071 1
513158 1
513982 1
514002 2
514236 1
514516 1
515448 2
515942 1
517656 1
518026 1
518495 2
529089 1
529262 1
529710 2
530485 1
530656 1
531240 1
531682 1
531724 1
531869 2
531905 3
531979 2
532360 1
532403 1
532682 2
533067 1
533124 1
533303 1
534844 1
535196 1
535275 1
535313 1
536744 2
537477 1
538992 1
539183 1
539271 1
539517 2
539555 1
540456 1
540593 1
541534 1
542245 1
542408 1
543077 1
543679 1
543883 1
544497 1
545245 1
545454 2
546234 1
546522 1
546548 1
547005 1
547137 1
547191 1
547569 1
547767 1
547782 2
547899 1
548009 1
548101 1
548486 1
548925 2
549262 4
549481 1
549484 1
549517 1
550608 1
551025 1
551083 1
551262 1
551296 1
551671 1
552142 1
552166 1
552270 1
552392 1
552402 1
552473 3
552484 1
552530 1
552545 1
552548 2
552557 1
552558 1
552565 1
552583 1
552592 1
552593 1
552604 1
552607 1
552614 1
552623 1
552625 1
552626 1
552629 1
552634 2
552638 1
552644 1
552653 1
552656 1
552659 1
552666 1
552671 1
552674 2
552685 1
552694 1
552695 1
552701 1
552702 1
552712 1
552716 1
552728 1
552731 1
552733 1
552742 1
552764 1
552774 1
552783 2
552792 1
552803 1
552819 1
552824 1
552833 1
552836 1
552842 1
552865 1
552867 1
552877 1
552880 1
552887 2
552892 1
552908 1
552912 1
552922 1
552927 1
552934 1
552936 2
552940 1
552943 1
552945 1
552947 1
552950 1
552952 1
552958 1
552963 1
552975 1
552985 1
553016 1
553017 1
553030 1
553050 1
553062 1
553065 1
553068 1
553069 1
553078 1
553079 1
553085 1
553090 1
553104 1
553119 1
553131 1
553134 2
553149 1
553160 1
553165 1
553168 1
553169 1
553174 1
553191 1
553218 1
553225 1
553228 1
553243 1
553306 1
553310 1
553318 1
553324 1
553326 2
553331 2
553334 1
553335 1
553340 1
553349 1
553352 1
553353 1
553361 1
553371 1
553374 1
553394 1
553400 1
553401 1
553438 1
553447 1
553457 1
553464 1
553470 3
553473 1
553486 1
553491 1
553502 2
553503 1
553509 1
553513 1
553519 1
553525 1
553534 1
553535 1
553536 1
553549 1
553575 1
553589 1
553612 1
553617 1
553622 1
553623 1
553628 1
553629 1
553650 1
553666 1
553678 2
553695 2
553713 2
553714 1
553733 1
553738 1
553746 1
553750 1
553755 1
553771 1
553775 1
553776 1
553779 1
553783 1
553784 1
553811 1
553817 1
553819 1
553835 1
553845 1
553846 1
553848 1
553849 1
553856 1
553870 1
553877 1
553878 1
553886 2
553888 1
553906 1
553908 1
553909 1
553930 1
553932 1
553934 1
553937 1
553940 1
553943 1
553946 1
553950 1
553963 1
554014 1
554030 1
554065 1
554072 1
554078 1
554083 1
554084 1
554086 1
554089 1
554101 1
554107 1
554128 1
554129 1
554134 1
554145 1
554162 1
554176 1
554193 1
554204 1
554207 1
554219 1
554225 2
554226 1
554241 1
554251 1
554254 1
554255 1
554264 1
554267 1
554290 1
554309 1
554344 1
554350 1
554351 1
554372 1
554401 1
554413 4
554423 1
554433 1
554446 1
554455 1
554458 1
554461 1
554462 1
554463 2
554470 3
554483 1
554500 3
554507 2
554511 1
554521 1
554540 1
554542 1
554543 1
554546 1
554550 1
554566 1
554569 2
554592 1
554593 1
554607 1
554635 1
554638 1
554643 1
554656 1
554689 1
554690 1
554691 1
554701 1
554703 1
554708 1
554713 1
554714 1
554723 1
554733 1
554735 1
554740 1
554754 1
554755 1
554763 1
554774 1
554779 1
554781 1
554786 1
554799 1
554806 1
554823 1
554824 1
554825 1
554863 1
554865 1
554872 1
554878 1
554879 1
554888 3
554892 1
554893 1
554901 1
554916 1
554937 1
554942 1
554953 1
554957 1
554976 1
554978 1
554979 1
554982 1
554989 1
555020 1
555021 1
555029 1
555030 1
555073 2
555112 1
555117 1
555122 1
555125 1
555129 2
555133 2
555143 1
555145 1
555150 1
555153 1
555156 1
555159 1
555168 1
555169 1
555170 1
555181 2
555184 1
555201 2
555237 1
555258 1
555265 1
555268 1
555278 1
555292 1
555296 1
555303 1
555307 1
555310 1
555313 1
555317 1
555323 1
555342 1
555346 1
555358 1
555372 1
555376 2
555380 1
555386 1
555387 1
555412 1
555414 1
555439 1
555442 1
555449 1
555452 1
555479 1
555534 1
555536 1
555537 1
555546 1
555554 1
555555 1
555556 1
555564 1
555567 1
555572 1
555605 1
555626 1
555635 1
555644 1
555652 1
555681 1
555682 1
555691 1
555700 1
555702 1
555708 1
555711 1
555714 1
555715 1
555721 1
555732 1
555739 1
555744 1
555749 1
555756 1
555768 1
555775 1
555778 1
555781 1
555782 1
555783 1
555816 1
555817 1
555823 1
555826 1
555828 1
555833 1
555842 1
555845 1
555851 1
555852 1
555855 1
555867 1
555885 1
555888 1
555899 1
555912 1
555916 1
555928 1
555931 1
555934 1
555943 1
555966 1
555970 1
555973 1
555984 1
555993 1
555995 1
555998 1
556001 1
556007 1
556013 1
556026 1
556049 1
556050 1
556063 1
556065 1
556072 1
556100 1
556103 1
556140 1
556151 1
556164 1
556191 1
556205 1
556214 1
556219 1
556226 1
556230 1
556235 1
556245 1
556246 1
556247 1
556252 1
556261 1
556262 1
556271 1
556290 2
556293 1
556314 1
556315 2
556320 1
556323 1
556343 1
556346 1
556347 2
556348 1
556353 1
556356 1
556365 3
556373 1
556374 1
556382 1
556391 1
556392 1
556399 1
556400 1
556408 1
556416 1
556434 1
556440 1
556455 1
556460 1
556464 1
556465 1
556483 1
556487 1
556508 1
556524 1
556525 1
556532 2
556544 1
556546 1
556549 1
556551 1
556569 1
556573 1
556578 2
556579 1
556583 1
556589 1
556596 1
556608 1
556611 1
556634 1
556644 1
556649 1
556691 1
556704 1
556715 1
556724 3
556725 1
556744 1
556751 1
556756 1
556757 1
556777 1
556805 2
556806 1
556809 1
556819 1
556833 1
556836 1
556855 2
556862 1
556865 1
556872 1
556873 1
556899 1
556900 1
556902 1
556907 1
556919 1
556978 1
556980 1
556985 1
556987 1
557010 1
557017 1
557018 1
557077 1
557082 1
557106 1
557119 1
557122 1
557131 1
557139 1
557140 1
557145 1
557146 2
557147 1
557152 1
557155 1
557160 2
557161 1
557162 1
557166 3
557189 2
557192 1
557193 3
557194 1
557195 1
557197 1
557226 1
557227 1
557229 1
557257 1
557266 1
557274 1
557281 1
557282 1
557284 1
557287 1
557288 1
557292 1
557296 1
557302 1
557303 1
557313 1
557321 1
557329 3
557331 1
557359 1
557360 1
557364 1
557372 1
557375 1
557381 1
557390 1
557399 1
557403 1
557411 1
557414 1
557415 1
557433 1
557434 1
557472 1
557477 1
557478 1
557485 1
557492 1
557493 1
557508 1
557520 1
557527 1
557538 1
557548 1
557556 1
557562 1
557571 1
557573 1
557596 1
557602 1
557606 1
557613 1
557616 1
557633 1
557636 1
557641 1
557658 1
557660 1
557671 1
557690 1
557692 1
557700 1
557702 1
557712 1
557713 1
557718 5
557724 1
557732 1
557742 1
557754 1
557759 1
557760 1
557777 1
557803 1
557805 1
557808 1
557810 1
557815 1
557822 1
557829 1
557832 1
557834 2
557837 1
557840 1
557848 1
557867 1
557873 1
557878 1
557887 1
557890 1
557893 1
557896 1
557902 1
557911 1
557927 1
557936 1
557946 1
557950 1
557955 1
557956 1
557970 1
557990 1
557991 1
557992 3
558002 1
558003 1
558020 2
558031 1
558035 1
558044 1
558049 1
558068 2
558075 1
558076 1
558100 1
558108 1
558110 1
558112 1
558113 1
558115 1
558136 1
558149 1
558162 1
558164 1
558165 1
558179 1
558185 1
558189 1
558190 1
558191 1
558194 1
558214 1
558224 1
558230 1
558231 1
558232 2
558250 1
558251 1
558252 1
558269 1
558288 1
558297 1
558303 1
558304 1
558305 1
558309 1
558317 2
558339 1
558340 1
558343 1
558366 1
558374 2
558379 1
558390 1
558420 1
558437 1
558449 1
558456 1
558465 1
558467 1
558468 1
558481 1
558505 1
558540 1
558547 1
558562 1
558586 1
558596 1
558598 1
558609 1
558611 2
558615 1
558618 1
558621 1
558639 1
558644 1
558648 1
558666 1
558669 1
558672 1
558683 1
558684 1
558705 1
558720 1
558721 1
558725 1
558729 1
558736 2
558748 1
558750 1
558782 1
558789 1
558796 1
558810 1
558815 1
558819 1
558837 1
558842 1
558844 1
558849 1
558856 1
558880 1
558898 1
558913 1
558917 1
558922 1
558924 1
558934 1
558945 1
558958 1
558965 1
558968 1
558969 1
558970 1
558979 1
558984 2
558991 1
558992 1
558997 1
559002 1
559003 1
559015 1
559032 1
559041 1
559042 1
559048 1
559055 1
559058 1
559061 1
559066 1
559067 1
559079 1
559084 1
559098 1
559129 1
559130 1
559131 1
559132 1
559135 1
559142 1
559149 1
559150 1
559155 1
559162 1
559170 1
559174 1
559179 1
559182 1
559199 1
559203 1
559212 1
559220 1
559221 1
559227 1
559229 1
559236 1
559268 1
559274 1
559283 1
559284 1
559292 1
559302 1
559311 1
559319 1
559321 1
559337 1
559363 1
559382 1
559383 1
559388 1
559391 1
559415 1
559422 1
559425 1
559429 1
559431 1
559436 1
559438 1
559457 1
559464 2
559479 1
559483 1
559489 1
559492 1
559493 1
559499 1
559500 1
559511 1
559512 1
559513 1
559514 1
559515 1
559527 1
559533 1
559536 1
559547 1
559548 1
559549 1
559550 1
559560 1
559570 1
559574 1
559578 1
559579 1
559582 1
559590 1
559595 1
559607 1
559608 1
559609 1
559616 1
559628 1
559629 1
559630 1
559631 1
559634 1
559640 1
559646 1
559653 1
559659 1
559660 1
559661 1
559668 1
559686 1
559691 1
559693 1
559698 1
559705 1
559706 1
559709 1
559720 1
559730 1
559741 2
559742 1
559743 1
559746 1
559754 1
559761 1
559788 1
559795 1
559812 1
559813 1
559814 1
559862 1
559864 2
559873 1
559876 1
559889 1
559891 1
559892 1
559896 1
559912 1
559915 1
559916 1
559929 1
559940 1
559946 1
559953 1
559954 1
559961 1
559965 1
559967 1
559970 1
559988 1
560002 1
560019 1
560030 1
560031 1
560044 1
560055 1
560067 1
560069 1
560072 1
560083 1
560102 1
560111 1
560126 1
560127 1
560165 1
560196 1
560204 1
560224 1
560249 1
560262 1
560269 1
560279 1
560280 2
560290 1
560299 1
560300 1
560303 1
560304 1
560309 1
560323 1
560335 1
560342 1
560350 1
560356 1
560370 1
560371 1
560376 1
560382 1
560384 1
560393 1
560402 1
560403 1
560404 1
560414 1
560424 1
560428 4
560434 1
560448 1
560450 1
560453 1
560455 2
560464 1
560470 1
560475 1
560476 1
560486 1
560494 1
560495 1
560502 1
560503 1
560521 1
560538 1
560543 1
560553 1
560557 1
560566 1
560576 1
560577 1
560578 1
560579 1
560590 1
560591 1
560593 2
560609 1
560620 1
560621 1
560627 1
560640 1
560642 1
560643 1
560644 1
560651 1
560658 1
560660 1
560671 1
560693 1
560698 1
560699 1
560702 1
560722 1
560728 1
560734 1
560759 1
560765 1
560766 1
560783 1
560791 1
560802 1
560808 1
560817 1
560820 1
560823 1
560824 1
560827 1
560846 1
560855 1
560892 1
560900 1
560903 1
560904 1
560907 1
560908 1
560910 1
560911 1
560912 1
560931 1
560941 1
560945 1
560947 1
560948 1
560953 1
560964 1
560988 1
560990 1
560998 1
561006 1
561022 1
561023 1
561030 1
561037 1
561042 1
561047 1
561052 1
561053 2
561060 1
561063 1
561068 1
561070 1
561074 1
561080 1
561098 1
561099 1
561101 1
561105 1
561110 2
561111 1
561129 1
561137 1
561144 1
561164 1
561192 1
561195 1
561197 1
561203 1
561206 1
561211 1
561213 1
561222 1
561227 1
561234 1
561236 1
561256 1
561259 1
561265 1
561276 1
561278 1
561282 1
561289 1
561291 1
561300 1
561312 1
561313 1
561329 1
561335 1
561336 1
561340 1
561343 1
561347 1
561350 1
561359 1
561362 1
561364 1
561383 1
561391 1
561392 1
561397 2
561402 1
561424 1
561425 1
561428 1
561431 1
561442 1
561449 1
561451 1
561464 1
561475 1
561488 1
561495 1
561500 1
561507 1
561510 1
561514 1
561528 1
561537 1
561538 1
561542 1
561543 1
561550 1
561562 1
561565 1
561567 1
561572 1
561583 1
561591 1
561623 1
561630 1
561639 1
561653 1
561657 1
561664 1
561667 1
561670 1
561682 1
561689 1
561693 1
561731 1
561742 1
561744 1
561755 1
561771 1
561772 1
561789 1
561790 1
561791 1
561794 1
561795 1
561796 1
561798 1
561802 1
561804 1
561814 1
561815 1
561820 1
561821 1
561832 1
561838 1
561850 1
561854 1
561867 1
561883 1
561887 1
561894 1
561899 2
561905 1
561921 1
561935 1
561945 1
561953 1
561954 1
561968 1
561969 1
561974 1
561976 1
561977 1
562007 1
562016 2
562025 1
562028 1
562031 1
562037 1
562052 1
562058 1
562061 1
562082 1
562102 1
562105 1
562108 1
562115 1
562120 1
562123 1
562126 1
562152 1
562168 1
562197 2
562198 1
562204 1
562208 1
562221 1
562229 1
562231 1
562238 3
562241 1
562246 1
562250 1
562274 1
562286 4
562289 1
562292 1
562314 1
562315 1
562319 1
562322 1
562342 1
562361 1
562368 1
562376 1
562384 1
562386 1
562397 1
562398 1
562401 1
562428 1
562433 1
562447 1
562454 1
562488 1
562491 1
562492 1
562499 2
562502 1
562510 1
562511 1
562531 1
562550 1
562570 1
562573 1
562587 1
562588 1
562591 1
562602 1
562604 1
562612 1
562617 1
562618 1
562622 1
562629 1
562631 1
562636 1
562639 1
562670 1
562673 1
562679 1
562682 1
562698 1
562705 1
562710 1
562717 1
562718 1
562724 1
562734 2
562739 1
562742 1
562751 1
562752 1
562753 1
562759 3
562761 1
562762 1
562765 2
562767 1
562784 1
562814 1
562818 1
562819 1
562823 1
562831 1
562836 1
562838 1
562839 1
562840 1
562843 1
562850 1
562855 2
562865 1
562866 1
562867 1
562869 1
562875 1
562882 1
562894 1
562900 1
562914 1
562918 1
562919 1
562920 1
562923 1
562927 1
562928 1
562937 1
562943 1
562946 2
562950 1
562954 1
562961 1
562976 1
562977 1
562981 2
562983 1
562992 1
562993 1
563020 1
563035 1
563046 1
563047 1
563053 1
563056 2
563057 2
563058 1
563061 1
563068 1
563073 1
563078 1
563085 1
563088 1
563107 1
563112 1
563115 1
563119 1
563121 2
563131 1
563145 1
563164 1
563167 1
563171 1
563174 1
563198 1
563199 6
563207 1
563221 1
563225 1
563238 1
563247 1
563248 1
563249 1
563254 1
563258 1
563268 1
563307 1
563311 1
563327 1
563336 1
563339 1
563347 1
563353 1
563354 1
563355 1
563358 1
563359 1
563368 1
563385 1
563386 1
563393 1
563398 1
563401 2
563404 1
563405 1
563407 1
563410 1
563426 1
563451 1
563452 1
563467 1
563474 1
563477 1
563480 1
563481 1
563488 1
563489 1
563492 1
563493 1
563496 1
563534 1
563535 1
563544 1
563559 1
563565 1
563567 1
563575 1
563588 1
563589 1
563591 1
563596 1
563610 1
563614 1
563626 3
563629 1
563631 1
563637 1
563638 1
563640 1
563641 1
563659 1
563681 1
563690 1
563707 1
563730 1
563733 1
563745 1
563747 1
563748 3
563757 1
563761 1
563771 1
563777 1
563778 1
563788 1
563789 1
563792 1
563794 1
563795 1
563799 1
563800 1
563801 1
563805 1
563806 1
563809 1
563823 1
563826 1
563827 1
563831 1
563842 1
563844 1
563850 1
563851 1
563862 1
563876 1
563893 1
563894 2
563895 1
563913 1
563917 1
563918 1
563921 2
563930 1
563934 1
563943 1
563963 1
563968 1
563969 1
563986 6
563989 1
564036 1
564045 1
564049 1
564051 1
564054 1
564056 1
564058 1
564067 1
564074 1
564075 1
564079 1
564083 1
564092 1
564102 1
564122 1
564139 1
564144 1
564147 1
564151 1
564155 1
564168 1
564179 1
564181 1
564183 1
564193 1
564200 1
564205 1
564215 1
564216 1
564219 1
564235 1
564240 1
564248 1
564260 1
564271 1
564296 1
564298 1
564299 1
564309 1
564312 1
564314 1
564320 1
564322 1
564327 2
564330 1
564331 2
564332 1
564333 1
564339 2
564341 1
564342 1
564349 1
564350 1
564363 1
564384 1
564391 1
564392 1
564400 1
564403 1
564406 1
564407 1
564414 1
564417 2
564422 1
564434 1
564448 1
564466 1
564485 1
564490 1
564510 1
564513 1
564537 1
564578 1
564579 1
564580 1
564585 1
564586 1
564589 1
564613 1
564620 1
564627 1
564629 1
564630 1
564641 1
564646 1
564664 1
564677 1
564678 1
564681 1
564684 1
564715 1
564732 1
564734 1
564735 1
564740 1
564745 1
564750 1
564753 1
564756 1
564762 1
564779 1
564780 1
564785 1
564790 1
564804 1
564807 1
564814 1
564826 1
564830 1
564833 1
564838 1
564839 1
564840 1
564841 1
564842 1
564847 1
564852 1
564856 1
564866 1
564869 1
564896 1
564897 1
564902 1
564915 1
564917 1
564924 1
564927 1
564928 1
564934 1
564935 1
564950 1
564969 1
564970 1
564977 1
564986 1
564991 1
564999 1
565023 1
565056 1
565065 1
565070 1
565072 1
565075 1
565077 1
565078 1
565084 1
565086 1
565093 1
565096 1
565100 1
565102 2
565103 1
565115 1
565116 1
565124 1
565128 1
565129 1
565141 1
565142 1
565163 1
565180 1
565184 1
565212 1
565219 1
565220 2
565225 1
565227 1
565230 1
565236 1
565239 1
565248 1
565258 1
565259 1
565263 1
565266 1
565267 2
565268 1
565281 1
565296 1
565305 1
565312 1
565313 1
565325 1
565331 1
565333 1
565342 1
565351 2
565356 1
565358 1
565360 1
565361 1
565368 1
565370 1
565375 1
565376 1
565395 1
565396 1
565415 1
565418 1
565431 1
565433 1
565440 1
565450 1
565452 1
565457 1
565465 1
565473 1
565476 1
565494 1
565500 1
565513 1
565529 1
565535 1
565538 1
565547 1
565549 1
565552 1
565554 1
565558 1
565563 1
565564 1
565568 1
565577 1
565578 1
565579 1
565583 1
565584 1
565587 1
565590 1
565602 1
565613 1
565648 1
565649 1
565652 1
565659 1
565665 1
565674 1
565692 1
565695 1
565705 1
565713 1
565724 1
565728 1
565733 1
565752 1
565757 1
565758 1
565770 1
565799 1
565804 1
565810 1
565819 1
565822 1
565833 1
565834 1
565837 1
565844 1
565871 1
565874 1
565888 1
565893 1
565906 1
565913 1
565914 1
576445 1
587932 1
