1 1 100 1339.17
2 2 100 1375.7
3 3 100 1397.73
4 4 100 1419.7
5 5 100 1459.72
6 6 100 1553.03
7 7 100 1564.57
8 8 100 1580.84
9 9 100 1588.1
10 10 100 1594.25
11 11 100 1606.56
12 12 100 1612.71
13 13 100 1617.75
14 14 100 1621.09
15 15 100 1625.41
16 16 100 1629.76
17 17 100 1633.39
18 18 100 1637.09
19 19 100 1640.47
20 20 100 1644.13
21 21 100 1647.75
22 22 100 1652.72
23 23 100 1668.35
24 24 100 1684.6
25 25 100 1687.56
26 26 100 1690.4
27 27 100 1693.24
28 28 100 1695.25
29 29 100 1862.78
30 30 100 1865.33
31 31 100 1879.04
32 32 100 1881.26
33 33 100 1883.55
34 34 100 1890.8
35 35 100 1893.47
36 36 100 1895.39
37 37 100 1897.5
38 38 100 1899.6
39 39 100 1901.71
40 40 100 1903.38
41 41 100 1904.88
42 42 100 1906.73
43 43 100 1908.14
44 44 100 1910.05
45 45 100 1911.97
46 46 100 1913.28
47 47 100 1914.92
48 48 100 1916.75
49 49 100 1918.22
50 50 100 1919.82
