1 1 100 6819.6
2 2 100 7689.08
3 3 100 7792.78
4 4 100 7854.15
5 5 100 7933.73
6 6 100 7997.32
7 7 100 8036.85
8 8 100 8093.96
9 9 100 8151.07
10 10 100 8203.25
11 11 100 8212.13
12 12 100 8300.68
13 13 100 8350.7
14 14 100 8378.4
15 15 100 8410.87
16 16 100 8437.56
17 17 100 8529.24
18 18 100 8553.44
19 19 100 8577.97
20 20 100 8600.46
21 21 100 8601.3
22 22 100 8633.78
23 23 100 8649.62
24 24 100 8663.49
25 25 100 8676.48
26 26 100 8706.03
27 27 100 8718.07
28 28 100 8744.04
29 29 100 8923.43
30 30 100 8931.83
31 31 100 8943.15
32 32 100 8953.17
33 33 100 8958.77
34 34 100 8968.99
35 35 100 8974.07
36 36 100 8981.92
37 37 100 8995.61
38 38 100 8997.47
39 39 100 9006.39
40 40 100 9012.45
41 41 100 9043.18
42 42 100 9071.4
43 43 100 9077.74
44 44 100 11403
45 45 100 11485.2
46 46 100 11510.6
47 47 100 11516.5
48 48 100 11523.2
49 49 100 11528.3
50 50 100 11533.6
