1 1 100 6.15031
2 2 100 7.26527
3 3 100 8.63315
4 4 100 10.001
5 5 100 11.3689
6 6 100 27.452
7 7 100 28.8199
8 8 100 30.1877
9 9 100 31.8622
10 10 100 33.2301
11 11 100 34.414
12 12 100 36.4146
13 13 100 37.7825
14 14 100 39.1504
15 15 100 40.6102
16 16 100 41.7941
17 17 100 42.8401
18 18 100 44.208
19 19 100 45.5759
20 20 100 49.1913
21 21 100 50.5591
22 22 100 51.927
23 23 100 53.111
24 24 100 54.2949
25 25 100 55.8927
26 26 100 57.2606
27 27 100 58.6285
28 28 100 59.7502
29 29 100 61.1181
30 30 100 62.4859
31 31 100 63.6699
32 32 100 64.7159
33 33 100 66.0837
34 34 100 67.4516
35 35 100 68.8195
36 36 100 73.1304
37 37 100 74.8662
38 38 100 76.2341
39 39 100 77.602
40 40 100 80.2574
41 41 100 81.9932
42 42 100 83.729
43 43 100 86.6406
44 44 100 88.0085
45 45 100 90.6787
46 46 100 92.0466
47 47 100 93.4145
48 48 100 94.8744
49 49 100 1455.47
50 50 100 1456.65
