1 1 100 414.68
2 2 100 682.338
3 3 100 1077.71
4 4 100 4930.97
5 5 100 5063.64
6 6 100 5109.25
7 7 100 5134.55
8 8 100 5162.3
9 9 100 5186.86
10 10 100 5208.86
11 11 100 5220.1
12 12 100 5231.55
13 13 100 5240.52
14 14 100 5310.86
15 15 100 5320.41
16 16 100 5329.27
17 17 100 5337.65
18 18 100 5345.55
19 19 100 5353.94
20 20 100 5361.76
21 21 100 5369.75
22 22 100 5377.4
23 23 100 5384.65
24 24 100 5389.77
25 25 100 5395.37
26 26 100 5402.46
27 27 100 5407.96
28 28 100 5413.04
29 29 100 5417.99
30 30 100 5422.77
31 31 100 5427.14
32 32 100 5431.28
33 33 100 5435.77
34 34 100 5442.89
35 35 100 5447.57
36 36 100 5452.24
37 37 100 5456.3
38 38 100 5460.61
39 39 100 5464.73
40 40 100 5469.04
41 41 100 5472.02
42 42 100 5476.88
43 43 100 5480.96
44 44 100 5484.71
45 45 100 5488.33
46 46 100 5492.15
47 47 100 5495.95
48 48 100 5499.89
49 49 100 5523.63
50 50 100 5635.87
