16 2 2 1
34 2 2 1
63 1 1 1
170 1 1 1
508 1 1 1
557 1 1 1
588 1 1 1
613 2 1 0.5
687 1 1 1
995 1 1 1
1088 1 1 1
1185 1 1 1
1202 1 1 1
1350 2 1 0.5
1362 1 1 1
1465 2 2 1
1486 1 1 1
1529 1 1 1
1587 1 1 1
1659 1 1 1
1758 1 1 1
1971 1 1 1
2011 1 1 1
2048 2 2 1
2091 3 3 1
2104 1 1 1
2271 1 1 1
2379 1 1 1
2453 2 2 1
2514 1 1 1
2557 1 1 1
2577 4 4 1
2625 2 2 1
2819 1 1 1
2841 3 1 0.333333
2850 2 1 0.5
2883 1 1 1
3087 1 1 1
3109 1 1 1
3191 2 2 1
3252 1 1 1
3388 1 1 1
3421 1 1 1
3683 4 4 1
3784 1 1 1
3860 1 1 1
3966 1 1 1
4067 1 1 1
4217 2 1 0.5
4367 1 1 1
4409 1 1 1
4614 1 1 1
4659 1 1 1
4710 1 1 1
4956 1 1 1
5108 3 2 0.666667
5139 2 1 0.5
5148 1 1 1
5236 1 1 1
5540 2 2 1
5610 9 7 0.777778
5611 1 1 1
5735 3 1 0.333333
5844 2 1 0.5
5874 1 1 1
5962 1 1 1
6183 1 1 1
6307 1 1 1
6329 1 1 1
6335 1 1 1
6343 1 1 1
6347 1 1 1
6361 1 1 1
6400 1 1 1
6611 3 3 1
6837 1 1 1
6993 1 1 1
7083 1 1 1
7113 1 1 1
7281 1 1 1
7361 6 6 1
7442 1 1 1
7613 2 2 1
8012 1 1 1
8035 2 1 0.5
8112 1 1 1
8333 1 1 1
8345 1 1 1
8347 1 1 1
8349 1 1 1
8351 1 1 1
8353 1 1 1
8355 1 1 1
8361 1 1 1
8478 1 1 1
8575 1 1 1
8614 1 1 1
9103 1 1 1
9200 1 1 1
9250 1 1 1
9304 1 1 1
9652 1 1 1
9808 1 1 1
9846 7 1 0.142857
9919 1 1 1
10166 1 1 1
10326 2 2 1
10375 1 1 1
10540 1 1 1
10734 1 1 1
10926 1 1 1
10969 1 1 1
10984 1 1 1
11092 1 1 1
11258 1 1 1
11457 1 1 1
11464 3 1 0.333333
11467 3 1 0.333333
11476 1 1 1
11558 1 1 1
11630 1 1 1
11633 1 1 1
11885 2 2 1
11892 3 3 1
11965 1 1 1
12169 1 1 1
12456 1 1 1
12803 1 1 1
13057 2 2 1
13059 1 1 1
13273 1 1 1
13306 1 1 1
13543 3 1 0.333333
13681 1 1 1
13723 1 1 1
13858 1 1 1
13872 2 1 0.5
13982 2 2 1
14005 1 1 1
14108 1 1 1
14296 3 2 0.666667
14419 1 1 1
14462 2 2 1
14510 1 1 1
14819 1 1 1
14897 2 2 1
14911 1 1 1
15338 1 1 1
15369 1 1 1
15426 1 1 1
15637 3 2 0.666667
15767 1 1 1
15939 1 1 1
16355 5 2 0.4
16435 1 1 1
16581 1 1 1
16782 1 1 1
16991 1 1 1
17174 1 1 1
17273 1 1 1
17395 1 1 1
17478 1 1 1
17488 1 1 1
17680 1 1 1
17828 1 1 1
17858 1 1 1
17882 2 2 1
18028 1 1 1
18399 2 2 1
18424 2 2 1
18864 1 1 1
18888 2 2 1
19017 1 1 1
19216 1 1 1
19262 1 1 1
19273 1 1 1
19735 1 1 1
19808 1 1 1
19901 1 1 1
20151 1 1 1
20164 1 1 1
20177 1 1 1
20226 1 1 1
20361 4 3 0.75
20543 1 1 1
20595 1 1 1
20759 1 1 1
21145 2 1 0.5
21316 1 1 1
21626 1 1 1
21787 2 2 1
21813 1 1 1
21834 1 1 1
21959 1 1 1
22284 1 1 1
22294 2 2 1
22414 1 1 1
22476 2 2 1
22529 7 4 0.571429
22545 1 1 1
22687 1 1 1
22692 2 2 1
22759 1 1 1
22901 1 1 1
22985 1 1 1
23136 1 1 1
23207 1 1 1
23237 1 1 1
23294 1 1 1
23504 2 1 0.5
23520 2 1 0.5
23900 2 1 0.5
24334 3 2 0.666667
24662 2 2 1
24770 1 1 1
24839 1 1 1
24892 1 1 1
25149 1 1 1
25324 1 1 1
25331 4 4 1
25337 1 1 1
25434 1 1 1
25511 2 1 0.5
25610 1 1 1
25682 1 1 1
25695 1 1 1
25771 1 1 1
25825 2 2 1
25827 1 1 1
26109 1 1 1
26128 3 3 1
26375 1 1 1
26411 2 2 1
26428 1 1 1
26452 1 1 1
26493 1 1 1
26617 1 1 1
26741 1 1 1
27067 1 1 1
27091 1 1 1
27246 2 1 0.5
27352 2 1 0.5
27375 4 2 0.5
27510 1 1 1
27552 4 1 0.25
27624 1 1 1
28029 1 1 1
28144 1 1 1
28190 1 1 1
28209 1 1 1
28932 1 1 1
28952 2 2 1
28968 1 1 1
29009 1 1 1
29020 1 1 1
29068 1 1 1
29089 1 1 1
29160 1 1 1
29391 1 1 1
29479 1 1 1
29761 2 2 1
29937 5 5 1
29951 1 1 1
29975 1 1 1
29995 1 1 1
30143 1 1 1
30282 1 1 1
30291 1 1 1
30455 1 1 1
30775 1 1 1
30792 1 1 1
30864 1 1 1
31030 1 1 1
31358 1 1 1
31381 1 1 1
31446 1 1 1
31494 1 1 1
31550 2 1 0.5
31722 1 1 1
31814 2 2 1
31829 1 1 1
32016 1 1 1
32023 1 1 1
32076 1 1 1
32089 1 1 1
32161 2 2 1
32438 2 2 1
32845 1 1 1
32888 1 1 1
32904 1 1 1
33017 1 1 1
33416 1 1 1
33470 1 1 1
33498 1 1 1
33716 3 3 1
34308 1 1 1
34697 1 1 1
34722 2 2 1
34871 1 1 1
35131 1 1 1
35205 1 1 1
35509 1 1 1
35531 1 1 1
35934 1 1 1
35962 1 1 1
36040 1 1 1
36110 1 1 1
36277 1 1 1
36336 1 1 1
36597 1 1 1
36692 1 1 1
36856 1 1 1
37139 1 1 1
37141 1 1 1
37187 3 2 0.666667
37280 1 1 1
37546 2 2 1
37603 1 1 1
37688 2 2 1
37754 1 1 1
37795 1 1 1
37907 1 1 1
37953 1 1 1
38005 1 1 1
38047 2 2 1
38421 1 1 1
38674 6 1 0.166667
38828 1 1 1
39298 1 1 1
39563 1 1 1
39729 1 1 1
40273 2 2 1
40537 1 1 1
40562 1 1 1
40717 1 1 1
41013 1 1 1
41299 1 1 1
41319 1 1 1
42059 1 1 1
42127 1 1 1
42443 1 1 1
42452 1 1 1
42718 3 3 1
42898 4 1 0.25
42982 1 1 1
43050 1 1 1
43058 1 1 1
43432 1 1 1
43902 1 1 1
44588 1 1 1
44692 1 1 1
44743 1 1 1
44753 1 1 1
44768 2 1 0.5
45034 2 2 1
45414 1 1 1
45601 1 1 1
45908 1 1 1
46993 2 1 0.5
47305 1 1 1
47486 1 1 1
47502 2 1 0.5
47675 1 1 1
48170 3 2 0.666667
48696 1 1 1
49091 1 1 1
51082 3 3 1
51110 2 2 1
51280 1 1 1
51753 1 1 1
51822 2 2 1
51895 2 1 0.5
52400 4 1 0.25
52874 2 2 1
53040 1 1 1
53257 1 1 1
53600 3 3 1
53623 1 1 1
53765 1 1 1
53768 1 1 1
53910 1 1 1
54096 1 1 1
54339 1 1 1
54561 1 1 1
54872 1 1 1
54902 1 1 1
55316 1 1 1
55351 1 1 1
55470 1 1 1
55520 1 1 1
55828 2 2 1
55875 1 1 1
55902 1 1 1
56329 1 1 1
56694 1 1 1
56864 1 1 1
56922 1 1 1
57120 1 1 1
57399 1 1 1
57495 1 1 1
57798 1 1 1
57867 1 1 1
58026 1 1 1
58175 2 1 0.5
58312 1 1 1
58628 1 1 1
59122 1 1 1
59246 1 1 1
59297 2 1 0.5
59301 1 1 1
59634 2 1 0.5
59673 1 1 1
59811 1 1 1
60400 2 2 1
60575 2 2 1
60648 1 1 1
60659 1 1 1
60690 1 1 1
60746 2 2 1
60869 1 1 1
60887 1 1 1
60943 2 2 1
61064 1 1 1
61093 1 1 1
61124 1 1 1
61156 1 1 1
61202 1 1 1
61212 1 1 1
61223 1 1 1
61242 1 1 1
61452 2 2 1
61512 2 2 1
61539 1 1 1
61564 1 1 1
61865 1 1 1
61874 1 1 1
61899 1 1 1
61907 1 1 1
62081 1 1 1
62085 1 1 1
62158 1 1 1
62365 3 3 1
62386 1 1 1
62393 1 1 1
62433 1 1 1
62456 1 1 1
62545 1 1 1
62630 1 1 1
62659 1 1 1
62663 1 1 1
62726 1 1 1
62821 2 2 1
62880 1 1 1
62945 1 1 1
63065 1 1 1
63079 1 1 1
63205 1 1 1
63212 2 1 0.5
63233 2 2 1
63289 1 1 1
63296 1 1 1
63513 1 1 1
63522 1 1 1
63541 1 1 1
63555 2 2 1
63627 2 1 0.5
63639 1 1 1
63661 3 3 1
63677 3 3 1
63716 1 1 1
63724 1 1 1
63747 1 1 1
63764 1 1 1
63787 1 1 1
63818 1 1 1
63863 1 1 1
63898 1 1 1
63908 2 2 1
63993 1 1 1
64094 1 1 1
64113 1 1 1
64227 1 1 1
64236 1 1 1
64319 1 1 1
64341 1 1 1
64355 2 2 1
64384 1 1 1
64400 1 1 1
64478 2 2 1
64520 1 1 1
64522 1 1 1
64598 1 1 1
64710 1 1 1
64714 1 1 1
64735 1 1 1
64746 1 1 1
65189 1 1 1
65264 2 1 0.5
65364 1 1 1
65456 1 1 1
65595 1 1 1
65612 1 1 1
65835 1 1 1
65874 1 1 1
65950 3 2 0.666667
65994 1 1 1
66067 1 1 1
66107 1 1 1
66131 1 1 1
66156 1 1 1
66320 1 1 1
66412 1 1 1
66495 1 1 1
66513 2 1 0.5
66539 1 1 1
66622 1 1 1
66635 1 1 1
66851 1 1 1
66908 1 1 1
66948 1 1 1
66988 1 1 1
67008 1 1 1
67044 1 1 1
67048 1 1 1
67094 1 1 1
67143 1 1 1
67151 1 1 1
67221 2 2 1
67237 6 6 1
67259 1 1 1
67316 1 1 1
67353 1 1 1
67547 2 2 1
67580 1 1 1
67600 1 1 1
67652 1 1 1
67698 1 1 1
67706 1 1 1
67765 1 1 1
67800 1 1 1
67863 1 1 1
68092 1 1 1
68139 1 1 1
68153 1 1 1
68164 1 1 1
68234 1 1 1
68381 1 1 1
68385 2 1 0.5
68456 1 1 1
68526 1 1 1
68550 1 1 1
68563 1 1 1
68601 1 1 1
68635 1 1 1
68863 1 1 1
68866 1 1 1
68920 1 1 1
68969 1 1 1
68991 1 1 1
69047 1 1 1
69117 1 1 1
69197 1 1 1
69227 1 1 1
69345 1 1 1
69536 1 1 1
69648 1 1 1
69671 1 1 1
69706 2 1 0.5
69762 1 1 1
69795 1 1 1
69850 1 1 1
69852 1 1 1
69879 2 2 1
69903 1 1 1
69933 1 1 1
70177 1 1 1
70200 1 1 1
70240 2 1 0.5
70253 1 1 1
70272 1 1 1
70314 1 1 1
70329 1 1 1
70469 1 1 1
70538 1 1 1
70555 1 1 1
70569 1 1 1
70584 1 1 1
70592 1 1 1
70687 1 1 1
70959 1 1 1
71014 1 1 1
71075 1 1 1
71081 1 1 1
71118 1 1 1
71179 1 1 1
71258 1 1 1
71305 1 1 1
71430 1 1 1
71463 1 1 1
71520 2 2 1
71560 1 1 1
71568 1 1 1
71579 1 1 1
71604 1 1 1
71642 1 1 1
71682 2 2 1
71704 1 1 1
71714 1 1 1
71718 1 1 1
71755 2 2 1
71806 3 3 1
71865 1 1 1
71875 1 1 1
71983 3 3 1
72014 1 1 1
72018 1 1 1
72058 1 1 1
72181 1 1 1
72214 1 1 1
72216 1 1 1
72303 1 1 1
72335 1 1 1
72368 1 1 1
72370 1 1 1
72376 1 1 1
72384 1 1 1
72405 1 1 1
72407 1 1 1
72446 1 1 1
72451 1 1 1
72495 2 1 0.5
72559 5 5 1
72625 1 1 1
72670 1 1 1
72705 1 1 1
72726 1 1 1
72775 1 1 1
72854 1 1 1
72959 2 1 0.5
73128 1 1 1
73164 1 1 1
73431 2 2 1
73539 1 1 1
73625 2 2 1
73679 1 1 1
73681 1 1 1
73729 1 1 1
73973 1 1 1
73994 3 2 0.666667
74050 1 1 1
74060 1 1 1
74102 1 1 1
74124 1 1 1
74233 1 1 1
74472 1 1 1
74480 1 1 1
74497 2 2 1
74522 1 1 1
74566 1 1 1
74666 1 1 1
74704 2 2 1
74706 1 1 1
74725 1 1 1
74768 1 1 1
74840 1 1 1
74893 3 3 1
74917 1 1 1
75049 1 1 1
75159 1 1 1
75171 1 1 1
75173 1 1 1
75179 2 2 1
75182 1 1 1
75327 1 1 1
75351 1 1 1
75374 1 1 1
75535 1 1 1
75564 1 1 1
75582 1 1 1
75592 2 2 1
75594 2 2 1
75600 1 1 1
75715 1 1 1
75735 1 1 1
75763 1 1 1
75846 1 1 1
75905 1 1 1
75994 1 1 1
76043 1 1 1
76178 1 1 1
76205 1 1 1
76220 1 1 1
76278 1 1 1
76381 1 1 1
76416 3 3 1
76466 1 1 1
76515 1 1 1
76622 1 1 1
76624 2 2 1
76632 1 1 1
76726 1 1 1
76783 1 1 1
76800 1 1 1
76944 1 1 1
76950 1 1 1
77064 1 1 1
77105 2 2 1
77144 2 2 1
77308 1 1 1
77412 1 1 1
77414 1 1 1
77549 1 1 1
77737 1 1 1
77819 3 3 1
77864 1 1 1
77881 1 1 1
77968 1 1 1
77970 1 1 1
77995 1 1 1
78055 4 1 0.25
78119 1 1 1
78172 1 1 1
78268 1 1 1
78356 1 1 1
78391 2 2 1
78477 1 1 1
78587 1 1 1
78643 1 1 1
78723 1 1 1
78742 2 2 1
78854 1 1 1
78907 1 1 1
79025 1 1 1
79031 1 1 1
79059 1 1 1
79069 2 2 1
79104 2 1 0.5
79432 1 1 1
79532 1 1 1
79679 1 1 1
79690 1 1 1
79696 1 1 1
79731 1 1 1
79887 1 1 1
79903 1 1 1
79987 1 1 1
80102 1 1 1
80147 1 1 1
80153 1 1 1
80215 1 1 1
80221 1 1 1
80381 1 1 1
80667 1 1 1
80942 1 1 1
81025 1 1 1
81096 1 1 1
81110 1 1 1
81162 2 2 1
81194 1 1 1
81212 1 1 1
81323 2 2 1
81337 1 1 1
81390 1 1 1
81474 1 1 1
81542 1 1 1
81588 1 1 1
81590 1 1 1
81611 1 1 1
81658 1 1 1
81694 1 1 1
81704 1 1 1
81716 1 1 1
81726 1 1 1
81728 1 1 1
81844 1 1 1
81967 2 2 1
82047 1 1 1
82288 1 1 1
82311 1 1 1
82387 1 1 1
82431 1 1 1
82435 1 1 1
82796 1 1 1
82926 2 2 1
83047 1 1 1
83083 1 1 1
83135 1 1 1
83399 1 1 1
83428 1 1 1
83534 1 1 1
83599 1 1 1
83740 1 1 1
83798 1 1 1
83940 1 1 1
83952 1 1 1
83986 1 1 1
84026 1 1 1
84061 1 1 1
84088 1 1 1
84321 1 1 1
84475 1 1 1
84484 1 1 1
84760 1 1 1
84793 1 1 1
84805 1 1 1
84870 1 1 1
84891 1 1 1
85082 1 1 1
85201 2 1 0.5
85225 1 1 1
85301 1 1 1
85447 1 1 1
85504 4 1 0.25
85530 1 1 1
85543 1 1 1
85577 1 1 1
85637 1 1 1
85672 1 1 1
85688 1 1 1
85716 1 1 1
85800 1 1 1
85901 3 2 0.666667
85966 1 1 1
85988 1 1 1
86061 1 1 1
86080 1 1 1
86179 1 1 1
86372 1 1 1
86448 1 1 1
86793 1 1 1
86867 1 1 1
87036 1 1 1
87065 1 1 1
87148 2 1 0.5
87233 1 1 1
87237 1 1 1
87264 1 1 1
87273 1 1 1
87279 1 1 1
87376 1 1 1
87402 1 1 1
87406 2 1 0.5
87458 1 1 1
87492 1 1 1
87554 1 1 1
87558 1 1 1
87621 1 1 1
87713 1 1 1
87928 1 1 1
87931 1 1 1
88030 1 1 1
88137 1 1 1
88191 1 1 1
88273 2 2 1
88311 1 1 1
88359 1 1 1
88435 1 1 1
88503 1 1 1
88526 1 1 1
88653 1 1 1
88682 1 1 1
88699 1 1 1
88739 1 1 1
88790 1 1 1
88939 1 1 1
88992 1 1 1
89048 1 1 1
89066 1 1 1
89347 1 1 1
89362 1 1 1
89525 1 1 1
89609 1 1 1
89684 1 1 1
89691 1 1 1
89877 1 1 1
89942 1 1 1
90042 1 1 1
90044 1 1 1
90097 1 1 1
90115 1 1 1
90120 1 1 1
90211 1 1 1
90268 1 1 1
90396 1 1 1
90952 2 2 1
90958 1 1 1
90992 1 1 1
91012 2 1 0.5
91040 2 2 1
91152 1 1 1
91299 1 1 1
91302 2 2 1
91357 1 1 1
91394 1 1 1
91433 2 2 1
91574 1 1 1
91715 1 1 1
91916 1 1 1
91927 1 1 1
91974 2 1 0.5
92248 1 1 1
92256 1 1 1
92265 2 2 1
92293 1 1 1
92306 1 1 1
92365 1 1 1
92463 1 1 1
92532 1 1 1
92570 1 1 1
92634 1 1 1
92872 1 1 1
92916 1 1 1
93107 1 1 1
93121 1 1 1
93201 1 1 1
93287 1 1 1
93315 1 1 1
93317 1 1 1
93344 2 2 1
93374 1 1 1
93424 1 1 1
93512 1 1 1
93637 1 1 1
93686 1 1 1
93833 1 1 1
94075 1 1 1
94152 1 1 1
94155 1 1 1
94441 1 1 1
94490 2 2 1
94566 1 1 1
94697 1 1 1
94732 1 1 1
94738 1 1 1
94755 1 1 1
94806 1 1 1
94985 2 2 1
95132 2 2 1
95265 1 1 1
95275 1 1 1
95557 4 2 0.5
95594 1 1 1
95602 2 2 1
95744 1 1 1
95862 1 1 1
95902 1 1 1
95914 1 1 1
96007 1 1 1
96101 1 1 1
96159 1 1 1
96163 1 1 1
96226 1 1 1
96240 1 1 1
96709 1 1 1
96796 2 2 1
96853 1 1 1
96909 2 1 0.5
97001 1 1 1
97005 2 2 1
97298 1 1 1
97402 1 1 1
97496 2 2 1
97513 1 1 1
97641 1 1 1
97788 1 1 1
97800 2 2 1
97859 1 1 1
97873 1 1 1
97929 1 1 1
97999 2 1 0.5
98004 1 1 1
98037 1 1 1
98316 1 1 1
98429 1 1 1
98451 3 1 0.333333
98472 1 1 1
98476 2 1 0.5
98483 1 1 1
98502 1 1 1
98829 1 1 1
98859 1 1 1
98890 1 1 1
99036 1 1 1
99194 1 1 1
99268 1 1 1
99575 1 1 1
99672 1 1 1
99877 1 1 1
100083 1 1 1
100190 1 1 1
100194 1 1 1
100493 1 1 1
100631 1 1 1
100661 2 2 1
100685 1 1 1
100927 1 1 1
100932 1 1 1
101054 1 1 1
101121 1 1 1
101237 1 1 1
101253 1 1 1
101412 1 1 1
101422 1 1 1
101453 1 1 1
101457 1 1 1
101763 1 1 1
101819 1 1 1
101904 1 1 1
101933 1 1 1
102023 1 1 1
102113 1 1 1
102159 1 1 1
102259 1 1 1
102394 1 1 1
102485 1 1 1
102606 1 1 1
102616 1 1 1
102923 1 1 1
103108 1 1 1
103176 1 1 1
103361 2 1 0.5
103470 2 2 1
103503 1 1 1
103533 1 1 1
103608 1 1 1
103749 1 1 1
103811 1 1 1
103908 1 1 1
104008 1 1 1
104121 2 2 1
104172 2 2 1
104283 3 3 1
104405 8 7 0.875
104426 1 1 1
104608 1 1 1
104624 1 1 1
104626 1 1 1
104707 1 1 1
104836 1 1 1
104912 1 1 1
105061 1 1 1
105115 1 1 1
105284 1 1 1
105339 3 1 0.333333
105365 1 1 1
105432 1 1 1
105627 2 1 0.5
105649 1 1 1
105802 2 1 0.5
105836 1 1 1
105909 1 1 1
106067 1 1 1
106091 1 1 1
106311 1 1 1
106480 1 1 1
106484 1 1 1
106502 1 1 1
106529 1 1 1
106568 3 3 1
106686 1 1 1
107127 1 1 1
107164 1 1 1
107288 2 2 1
107345 1 1 1
107398 2 1 0.5
107442 1 1 1
107457 1 1 1
107598 1 1 1
107600 4 3 0.75
107668 4 2 0.5
107741 1 1 1
107828 1 1 1
107838 1 1 1
107976 1 1 1
107993 1 1 1
108144 1 1 1
108198 1 1 1
108375 1 1 1
108511 1 1 1
108536 1 1 1
108552 1 1 1
108619 1 1 1
108704 1 1 1
108803 1 1 1
108836 1 1 1
108881 1 1 1
108958 1 1 1
108994 1 1 1
109021 1 1 1
109120 2 1 0.5
109182 1 1 1
109254 1 1 1
109316 2 2 1
109322 1 1 1
109395 2 2 1
109549 1 1 1
109729 1 1 1
109778 1 1 1
109842 2 2 1
110192 2 2 1
110384 1 1 1
110412 1 1 1
110555 2 2 1
110601 2 2 1
110628 2 1 0.5
110837 1 1 1
110853 1 1 1
111135 1 1 1
111149 2 2 1
111183 1 1 1
111249 1 1 1
111387 1 1 1
111490 1 1 1
111535 1 1 1
111537 1 1 1
111603 1 1 1
111618 1 1 1
111691 1 1 1
111789 1 1 1
111907 1 1 1
111941 1 1 1
112261 2 2 1
112301 1 1 1
112409 1 1 1
112414 1 1 1
112474 1 1 1
112561 1 1 1
112605 1 1 1
112618 1 1 1
112760 1 1 1
112916 1 1 1
112946 1 1 1
112956 202 200 0.990099
113006 4 4 1
113029 1 1 1
113051 1 1 1
113139 1 1 1
113281 1 1 1
113488 1 1 1
113712 1 1 1
113763 1 1 1
113772 1 1 1
113844 1 1 1
113980 1 1 1
114096 1 1 1
114117 1 1 1
114140 1 1 1
114322 1 1 1
114395 1 1 1
114496 1 1 1
114564 1 1 1
114742 1 1 1
114764 1 1 1
114904 2 1 0.5
114988 1 1 1
115044 1 1 1
115064 1 1 1
115313 1 1 1
115499 1 1 1
115509 2 2 1
115572 1 1 1
115607 1 1 1
115632 1 1 1
115649 1 1 1
115797 1 1 1
115807 1 1 1
115873 1 1 1
115937 2 2 1
116007 1 1 1
116060 1 1 1
116077 1 1 1
116275 2 1 0.5
116372 3 2 0.666667
116481 1 1 1
116489 1 1 1
116527 1 1 1
116679 3 2 0.666667
116714 1 1 1
116910 1 1 1
117097 1 1 1
117136 1 1 1
117202 1 1 1
117218 1 1 1
117286 2 2 1
117413 1 1 1
117474 1 1 1
117680 1 1 1
117752 1 1 1
117874 1 1 1
117932 1 1 1
117949 1 1 1
118005 1 1 1
118122 1 1 1
118203 1 1 1
118426 1 1 1
118466 1 1 1
118471 1 1 1
118707 1 1 1
118992 1 1 1
119029 1 1 1
119042 1 1 1
119381 1 1 1
119404 1 1 1
119568 1 1 1
119711 2 2 1
119863 2 2 1
119876 1 1 1
119967 1 1 1
119973 1 1 1
120195 1 1 1
120215 1 1 1
120339 1 1 1
120501 1 1 1
120578 2 1 0.5
120613 1 1 1
120688 1 1 1
120698 1 1 1
120748 1 1 1
120795 1 1 1
120900 1 1 1
120911 1 1 1
121052 1 1 1
121072 1 1 1
121252 1 1 1
121265 1 1 1
121275 1 1 1
121279 1 1 1
121427 1 1 1
121435 1 1 1
121455 1 1 1
121710 1 1 1
121712 2 2 1
121765 2 2 1
121776 1 1 1
121808 1 1 1
121936 1 1 1
121994 1 1 1
122089 1 1 1
122479 1 1 1
122607 1 1 1
122768 7 7 1
122854 1 1 1
122921 1 1 1
122930 1 1 1
123035 1 1 1
123097 1 1 1
123103 2 2 1
123338 1 1 1
123368 3 2 0.666667
123403 2 2 1
123544 1 1 1
123578 1 1 1
123589 3 1 0.333333
123909 2 2 1
123946 2 2 1
124205 1 1 1
124251 1 1 1
124270 1 1 1
124296 2 2 1
124362 1 1 1
124392 1 1 1
124522 1 1 1
124622 1 1 1
125088 1 1 1
125093 2 2 1
125122 1 1 1
125142 1 1 1
125150 1 1 1
125194 1 1 1
125330 1 1 1
125378 3 2 0.666667
125392 2 2 1
125535 4 4 1
125563 1 1 1
125594 2 1 0.5
125616 1 1 1
125769 1 1 1
125896 1 1 1
125952 1 1 1
125977 5 2 0.4
126000 1 1 1
126010 1 1 1
126130 1 1 1
126163 1 1 1
126263 1 1 1
126269 3 1 0.333333
126277 1 1 1
126357 1 1 1
126414 1 1 1
126503 1 1 1
126512 1 1 1
126731 1 1 1
126749 1 1 1
126838 1 1 1
126891 1 1 1
127010 1 1 1
127036 1 1 1
127068 1 1 1
127248 3 1 0.333333
127272 1 1 1
127316 1 1 1
127346 2 2 1
127371 1 1 1
127416 1 1 1
127444 1 1 1
127494 1 1 1
127643 2 1 0.5
127711 1 1 1
127713 1 1 1
127803 1 1 1
127838 1 1 1
127874 1 1 1
127899 1 1 1
127904 1 1 1
128021 3 3 1
128032 1 1 1
128187 1 1 1
128221 1 1 1
128483 1 1 1
128535 1 1 1
128550 1 1 1
128613 1 1 1
128621 1 1 1
128698 1 1 1
128726 1 1 1
128806 1 1 1
128878 1 1 1
129030 1 1 1
129036 1 1 1
129047 2 1 0.5
129192 1 1 1
129210 1 1 1
129243 1 1 1
129290 1 1 1
129355 1 1 1
129449 1 1 1
129455 1 1 1
129516 3 2 0.666667
129659 1 1 1
129705 1 1 1
129736 1 1 1
129752 1 1 1
129766 1 1 1
129779 1 1 1
129850 1 1 1
129874 1 1 1
129882 1 1 1
129910 1 1 1
129921 1 1 1
129926 1 1 1
130112 1 1 1
130156 1 1 1
130176 1 1 1
130280 1 1 1
130334 3 3 1
130342 1 1 1
130346 2 2 1
130400 1 1 1
130420 1 1 1
130445 1 1 1
130502 1 1 1
130560 1 1 1
130617 2 1 0.5
130642 1 1 1
130687 1 1 1
130715 1 1 1
130735 1 1 1
130774 1 1 1
130792 1 1 1
130796 1 1 1
130836 2 1 0.5
130945 1 1 1
130955 1 1 1
130966 1 1 1
131000 3 2 0.666667
131010 2 2 1
131022 2 1 0.5
131026 1 1 1
131045 3 3 1
131128 1 1 1
131146 2 2 1
131185 1 1 1
131207 2 1 0.5
131274 1 1 1
131282 2 2 1
131390 2 1 0.5
131410 1 1 1
131444 2 1 0.5
131451 1 1 1
131523 1 1 1
131538 1 1 1
131637 1 1 1
131651 1 1 1
131705 2 1 0.5
131722 1 1 1
131743 1 1 1
131768 1 1 1
131786 1 1 1
131805 1 1 1
131824 1 1 1
131847 1 1 1
131902 1 1 1
132202 1 1 1
132213 1 1 1
132217 1 1 1
132270 1 1 1
132357 1 1 1
132365 1 1 1
132397 1 1 1
132403 1 1 1
132413 1 1 1
132415 1 1 1
132427 1 1 1
132482 1 1 1
132490 1 1 1
132539 2 1 0.5
132574 1 1 1
132582 1 1 1
132649 1 1 1
132668 1 1 1
132742 1 1 1
132754 1 1 1
132769 1 1 1
132772 1 1 1
132781 1 1 1
132800 1 1 1
132908 1 1 1
132947 2 1 0.5
132993 1 1 1
132997 1 1 1
133023 1 1 1
133025 1 1 1
133031 1 1 1
133048 1 1 1
133058 1 1 1
133083 1 1 1
133093 1 1 1
133112 2 1 0.5
133130 1 1 1
133147 1 1 1
133149 1 1 1
133156 2 2 1
133219 1 1 1
133240 1 1 1
133250 1 1 1
133254 1 1 1
133279 2 2 1
133303 1 1 1
133307 1 1 1
133309 2 1 0.5
133336 1 1 1
133343 1 1 1
133345 1 1 1
133349 1 1 1
133353 1 1 1
133382 1 1 1
133434 1 1 1
133449 1 1 1
133466 1 1 1
133501 1 1 1
133507 2 2 1
133555 1 1 1
133576 1 1 1
133604 1 1 1
133621 1 1 1
133643 2 2 1
133654 1 1 1
133702 1 1 1
133729 1 1 1
133748 1 1 1
133780 1 1 1
133838 1 1 1
133867 1 1 1
133893 1 1 1
133906 1 1 1
133912 1 1 1
133914 1 1 1
133939 1 1 1
133943 1 1 1
133953 1 1 1
133955 1 1 1
133970 1 1 1
133972 2 1 0.5
134036 1 1 1
134106 1 1 1
134119 1 1 1
134137 1 1 1
134156 2 1 0.5
134221 1 1 1
134223 1 1 1
134242 1 1 1
134249 1 1 1
134251 1 1 1
134256 1 1 1
134260 1 1 1
134264 1 1 1
134280 1 1 1
134314 1 1 1
134360 2 2 1
134365 1 1 1
134380 1 1 1
134435 1 1 1
134468 1 1 1
134503 1 1 1
134516 1 1 1
134564 1 1 1
134576 1 1 1
134587 1 1 1
134601 2 1 0.5
134634 1 1 1
134651 1 1 1
134657 3 1 0.333333
134677 1 1 1
134689 1 1 1
134725 2 2 1
134731 1 1 1
134745 1 1 1
134760 1 1 1
134817 1 1 1
134819 1 1 1
134821 1 1 1
134846 1 1 1
134862 1 1 1
134898 1 1 1
134968 1 1 1
134972 1 1 1
134980 1 1 1
134982 1 1 1
135007 1 1 1
135017 1 1 1
135027 1 1 1
135059 1 1 1
135129 1 1 1
135175 2 1 0.5
135187 1 1 1
135217 1 1 1
135230 1 1 1
135257 1 1 1
135273 1 1 1
135374 1 1 1
135386 1 1 1
135405 1 1 1
135410 1 1 1
135435 1 1 1
135449 1 1 1
135467 1 1 1
135476 1 1 1
135488 2 1 0.5
135541 1 1 1
135548 3 3 1
135581 1 1 1
135634 1 1 1
135637 1 1 1
135691 1 1 1
135738 1 1 1
135748 1 1 1
135754 1 1 1
135764 1 1 1
135787 6 1 0.166667
135811 1 1 1
135858 1 1 1
135912 1 1 1
135945 1 1 1
135959 1 1 1
135971 1 1 1
135992 2 2 1
136026 1 1 1
136040 1 1 1
136095 1 1 1
136128 1 1 1
136139 1 1 1
136153 2 2 1
136202 1 1 1
136240 1 1 1
136273 1 1 1
136278 1 1 1
136286 1 1 1
136293 1 1 1
136317 1 1 1
136322 1 1 1
136326 1 1 1
136345 1 1 1
136366 1 1 1
136383 1 1 1
136387 1 1 1
136396 1 1 1
136416 1 1 1
136434 1 1 1
136440 1 1 1
136448 1 1 1
136450 1 1 1
136452 1 1 1
136457 1 1 1
136486 1 1 1
136503 2 1 0.5
136547 1 1 1
136551 1 1 1
136567 1 1 1
136621 1 1 1
136627 1 1 1
136650 1 1 1
136722 1 1 1
136741 1 1 1
136745 1 1 1
136751 1 1 1
136764 1 1 1
136783 2 2 1
136789 1 1 1
136853 1 1 1
136906 1 1 1
136920 1 1 1
136929 1 1 1
137074 1 1 1
137100 1 1 1
137120 1 1 1
137140 1 1 1
137176 1 1 1
137184 2 1 0.5
137208 1 1 1
137237 1 1 1
137239 1 1 1
137257 1 1 1
137261 1 1 1
137271 1 1 1
137277 1 1 1
137283 1 1 1
137287 1 1 1
137315 1 1 1
137322 1 1 1
137332 1 1 1
137334 1 1 1
137340 1 1 1
137359 2 2 1
137367 1 1 1
137376 1 1 1
137378 1 1 1
137393 1 1 1
137406 1 1 1
137411 1 1 1
137439 1 1 1
137453 1 1 1
137455 1 1 1
137457 1 1 1
137480 1 1 1
137489 1 1 1
137492 1 1 1
137497 1 1 1
137508 1 1 1
137532 1 1 1
137542 1 1 1
137548 1 1 1
137559 1 1 1
137566 1 1 1
137587 1 1 1
137601 1 1 1
137607 1 1 1
137613 1 1 1
137623 1 1 1
137634 1 1 1
137682 2 1 0.5
137701 1 1 1
137703 1 1 1
137708 1 1 1
137723 1 1 1
137741 1 1 1
137791 1 1 1
137799 2 2 1
137801 1 1 1
137818 1 1 1
137820 1 1 1
137824 1 1 1
137849 1 1 1
137864 1 1 1
137872 1 1 1
137876 1 1 1
137903 1 1 1
137926 1 1 1
137944 1 1 1
137948 1 1 1
138038 2 1 0.5
138044 1 1 1
138054 1 1 1
138059 1 1 1
138092 1 1 1
138100 1 1 1
138103 1 1 1
138114 1 1 1
138120 2 1 0.5
138129 1 1 1
138152 1 1 1
138163 1 1 1
138173 1 1 1
138191 1 1 1
138198 1 1 1
138206 1 1 1
138220 1 1 1
138242 3 1 0.333333
138259 1 1 1
138272 1 1 1
138284 1 1 1
138286 1 1 1
138300 1 1 1
138304 1 1 1
138318 1 1 1
138329 1 1 1
138332 1 1 1
138347 1 1 1
138354 1 1 1
138370 1 1 1
138387 1 1 1
138419 1 1 1
138421 1 1 1
138445 1 1 1
138470 1 1 1
138474 1 1 1
138486 2 2 1
138488 1 1 1
138504 1 1 1
138508 1 1 1
138510 1 1 1
138512 1 1 1
138514 2 1 0.5
138576 1 1 1
138598 1 1 1
138608 1 1 1
138616 1 1 1
138622 1 1 1
138654 1 1 1
138663 1 1 1
138685 1 1 1
138687 1 1 1
138719 1 1 1
138721 1 1 1
138728 1 1 1
138736 2 1 0.5
138739 1 1 1
138774 1 1 1
138780 1 1 1
138787 1 1 1
138798 2 2 1
138800 1 1 1
138812 1 1 1
138830 1 1 1
138864 1 1 1
138890 1 1 1
138892 1 1 1
138906 1 1 1
138915 1 1 1
138931 1 1 1
138935 1 1 1
138946 1 1 1
138953 1 1 1
138970 1 1 1
139003 1 1 1
139035 1 1 1
139041 1 1 1
139071 1 1 1
139077 4 1 0.25
139091 1 1 1
139112 1 1 1
139127 1 1 1
139133 1 1 1
139163 1 1 1
139166 1 1 1
139184 1 1 1
139213 1 1 1
139224 1 1 1
139234 3 1 0.333333
139258 1 1 1
139260 1 1 1
139302 1 1 1
139310 1 1 1
139355 1 1 1
139375 1 1 1
139394 1 1 1
139439 1 1 1
139466 1 1 1
139470 1 1 1
139476 1 1 1
139487 1 1 1
139492 1 1 1
139529 1 1 1
139544 1 1 1
139568 1 1 1
139665 1 1 1
139834 1 1 1
139893 1 1 1
139917 1 1 1
139928 1 1 1
139931 2 1 0.5
139975 1 1 1
139991 1 1 1
140013 1 1 1
140017 1 1 1
140054 1 1 1
140062 1 1 1
140074 1 1 1
140084 1 1 1
140096 1 1 1
140109 1 1 1
140133 1 1 1
140144 1 1 1
140190 1 1 1
140198 1 1 1
140207 1 1 1
140209 1 1 1
140213 1 1 1
140286 1 1 1
140292 1 1 1
140311 1 1 1
140313 1 1 1
140319 1 1 1
140348 1 1 1
140350 1 1 1
140401 1 1 1
140405 1 1 1
140419 1 1 1
140423 1 1 1
140437 1 1 1
140459 1 1 1
140484 1 1 1
140490 2 1 0.5
140500 1 1 1
140520 1 1 1
140569 1 1 1
140572 1 1 1
140591 1 1 1
140605 1 1 1
140680 1 1 1
140712 1 1 1
140810 2 2 1
140821 1 1 1
140823 1 1 1
140829 1 1 1
140831 1 1 1
140902 1 1 1
140967 1 1 1
140976 1 1 1
141004 1 1 1
141008 1 1 1
141047 2 2 1
141063 1 1 1
141115 2 1 0.5
141139 1 1 1
141167 1 1 1
141189 1 1 1
141223 1 1 1
141236 1 1 1
141265 1 1 1
141334 1 1 1
141351 1 1 1
141439 1 1 1
141446 1 1 1
141470 1 1 1
141490 1 1 1
141501 1 1 1
141542 1 1 1
141544 2 1 0.5
141590 1 1 1
141672 1 1 1
141675 1 1 1
141692 1 1 1
141725 1 1 1
141731 1 1 1
141750 1 1 1
141776 1 1 1
141786 1 1 1
141812 1 1 1
141820 1 1 1
141865 1 1 1
141878 1 1 1
141886 1 1 1
141919 1 1 1
141937 1 1 1
141946 1 1 1
141971 1 1 1
141983 2 2 1
142004 1 1 1
142066 1 1 1
142090 2 2 1
142199 1 1 1
142219 1 1 1
142236 1 1 1
142292 1 1 1
142296 1 1 1
142309 1 1 1
142360 1 1 1
142364 1 1 1
142376 1 1 1
142389 2 2 1
142394 2 2 1
142496 1 1 1
142500 1 1 1
142509 1 1 1
142513 1 1 1
142551 2 2 1
142564 1 1 1
142579 1 1 1
142746 1 1 1
142765 2 2 1
142836 1 1 1
142859 1 1 1
142861 1 1 1
142865 1 1 1
142920 2 1 0.5
142926 1 1 1
142928 1 1 1
142935 1 1 1
142966 1 1 1
142998 1 1 1
143030 1 1 1
143043 1 1 1
143045 1 1 1
143047 1 1 1
143098 1 1 1
143100 1 1 1
143140 1 1 1
143163 1 1 1
143167 1 1 1
143178 2 1 0.5
143207 1 1 1
143269 1 1 1
143290 1 1 1
143329 1 1 1
143354 1 1 1
143358 1 1 1
143416 1 1 1
143456 1 1 1
143481 7 2 0.285714
143546 1 1 1
143599 3 1 0.333333
143600 3 3 1
143607 1 1 1
143611 1 1 1
143630 1 1 1
143671 1 1 1
143678 1 1 1
143682 1 1 1
143687 1 1 1
143710 1 1 1
143746 1 1 1
143771 1 1 1
143809 1 1 1
143835 1 1 1
143857 1 1 1
143866 1 1 1
143905 1 1 1
143907 1 1 1
143911 1 1 1
143919 2 2 1
143923 1 1 1
143925 1 1 1
143933 3 1 0.333333
143957 1 1 1
143980 1 1 1
143990 1 1 1
143995 1 1 1
144035 1 1 1
144053 1 1 1
144113 1 1 1
144136 1 1 1
144155 1 1 1
144182 1 1 1
144188 1 1 1
144199 1 1 1
144210 1 1 1
144235 1 1 1
144250 1 1 1
144256 1 1 1
144270 1 1 1
144276 1 1 1
144302 2 1 0.5
144329 1 1 1
144367 1 1 1
144380 1 1 1
144417 1 1 1
144419 1 1 1
144440 1 1 1
144447 1 1 1
144465 1 1 1
144503 1 1 1
144507 1 1 1
144544 1 1 1
144546 1 1 1
144551 1 1 1
144574 1 1 1
144576 1 1 1
144623 1 1 1
144645 1 1 1
144676 1 1 1
144684 2 1 0.5
144694 1 1 1
144713 1 1 1
144733 2 2 1
144837 1 1 1
144841 2 1 0.5
144875 1 1 1
144905 1 1 1
144998 1 1 1
145005 1 1 1
145038 1 1 1
145040 1 1 1
145044 1 1 1
145046 1 1 1
145048 1 1 1
145055 1 1 1
145069 1 1 1
145087 2 2 1
145137 1 1 1
145158 1 1 1
145191 1 1 1
145195 1 1 1
145199 1 1 1
145203 1 1 1
145205 1 1 1
145207 1 1 1
145235 6 4 0.666667
145271 1 1 1
145287 1 1 1
145309 1 1 1
145313 1 1 1
145375 2 2 1
145420 2 1 0.5
145436 1 1 1
145450 1 1 1
145468 1 1 1
145473 1 1 1
145500 1 1 1
145508 1 1 1
145525 1 1 1
145531 1 1 1
145594 1 1 1
145608 1 1 1
145673 1 1 1
145690 1 1 1
145702 1 1 1
145710 1 1 1
145720 1 1 1
145740 1 1 1
145784 1 1 1
145792 2 2 1
145796 1 1 1
145814 1 1 1
145842 1 1 1
145861 1 1 1
145863 1 1 1
145874 2 2 1
145880 1 1 1
145904 1 1 1
145931 1 1 1
145977 1 1 1
145990 1 1 1
145995 1 1 1
145999 1 1 1
146011 1 1 1
146034 1 1 1
146043 1 1 1
146064 1 1 1
146082 3 1 0.333333
146100 1 1 1
146111 1 1 1
146113 4 1 0.25
146155 1 1 1
146195 1 1 1
146208 1 1 1
146212 1 1 1
146238 1 1 1
146241 1 1 1
146244 1 1 1
146246 1 1 1
146249 1 1 1
146254 1 1 1
146257 1 1 1
146261 1 1 1
146265 1 1 1
146267 1 1 1
146270 1 1 1
146280 1 1 1
146286 1 1 1
146289 1 1 1
146303 1 1 1
146311 1 1 1
146315 1 1 1
146320 1 1 1
146324 1 1 1
146328 1 1 1
146332 1 1 1
146334 1 1 1
146344 1 1 1
146348 1 1 1
146350 1 1 1
146354 1 1 1
146358 1 1 1
146365 1 1 1
146373 1 1 1
146379 1 1 1
146382 1 1 1
146389 1 1 1
146394 1 1 1
146399 1 1 1
146404 1 1 1
146416 1 1 1
146420 1 1 1
146426 1 1 1
146428 1 1 1
146430 1 1 1
146434 1 1 1
146444 1 1 1
146446 1 1 1
146448 1 1 1
146452 1 1 1
146456 1 1 1
146458 1 1 1
146462 1 1 1
146472 1 1 1
146474 1 1 1
146493 1 1 1
146499 1 1 1
146504 1 1 1
146508 1 1 1
146512 1 1 1
146516 1 1 1
146529 1 1 1
146531 1 1 1
146533 1 1 1
146535 1 1 1
146537 1 1 1
146539 1 1 1
146548 1 1 1
146552 1 1 1
146556 1 1 1
146558 1 1 1
146569 1 1 1
146575 1 1 1
146578 1 1 1
146584 1 1 1
146586 1 1 1
146589 1 1 1
146605 1 1 1
146609 1 1 1
146611 1 1 1
146613 1 1 1
146625 2 1 0.5
146629 1 1 1
146639 1 1 1
146643 1 1 1
146647 1 1 1
146649 1 1 1
146653 1 1 1
146658 1 1 1
146669 1 1 1
146679 1 1 1
146684 1 1 1
146686 1 1 1
146693 1 1 1
146696 1 1 1
146698 1 1 1
146702 1 1 1
146711 1 1 1
146736 1 1 1
146739 1 1 1
146741 1 1 1
146759 1 1 1
146770 1 1 1
146772 1 1 1
146776 1 1 1
146780 1 1 1
146788 1 1 1
146796 1 1 1
146808 1 1 1
146810 1 1 1
146816 1 1 1
146818 1 1 1
146828 1 1 1
146830 1 1 1
146832 1 1 1
146834 1 1 1
146839 1 1 1
146841 1 1 1
146847 1 1 1
146849 1 1 1
146853 1 1 1
146857 1 1 1
146861 1 1 1
146864 1 1 1
146866 1 1 1
146868 1 1 1
146876 1 1 1
146887 1 1 1
146889 1 1 1
146894 1 1 1
146899 1 1 1
146910 1 1 1
146915 1 1 1
146924 1 1 1
146929 1 1 1
146931 1 1 1
146933 1 1 1
146939 1 1 1
146944 1 1 1
146946 1 1 1
146948 1 1 1
146959 1 1 1
146965 2 2 1
146978 1 1 1
146980 1 1 1
146982 1 1 1
146986 1 1 1
146988 1 1 1
146990 1 1 1
146994 1 1 1
146998 1 1 1
147040 1 1 1
147049 1 1 1
147058 1 1 1
147062 1 1 1
147066 1 1 1
147068 1 1 1
147093 1 1 1
147095 1 1 1
147097 1 1 1
147155 1 1 1
147159 1 1 1
147175 1 1 1
147183 1 1 1
147189 1 1 1
147211 1 1 1
147233 1 1 1
147235 1 1 1
147237 1 1 1
147240 1 1 1
147248 1 1 1
147250 1 1 1
147252 1 1 1
147254 1 1 1
147256 1 1 1
147258 1 1 1
147263 1 1 1
147265 1 1 1
147269 1 1 1
147271 1 1 1
147273 1 1 1
147278 1 1 1
147282 1 1 1
147284 1 1 1
147286 1 1 1
147288 1 1 1
147290 1 1 1
147292 1 1 1
147295 1 1 1
147305 1 1 1
147307 1 1 1
147311 1 1 1
147313 1 1 1
147315 1 1 1
147319 1 1 1
147321 1 1 1
147323 1 1 1
147325 1 1 1
147327 1 1 1
147330 1 1 1
147333 1 1 1
147335 1 1 1
147337 1 1 1
147339 1 1 1
147343 1 1 1
147345 1 1 1
147349 1 1 1
147351 1 1 1
147354 1 1 1
147360 1 1 1
147362 1 1 1
147364 1 1 1
147370 1 1 1
147374 1 1 1
147381 1 1 1
147385 1 1 1
147393 1 1 1
147401 2 2 1
147413 1 1 1
147426 1 1 1
147430 1 1 1
147459 1 1 1
147465 1 1 1
147472 2 2 1
147476 1 1 1
147478 1 1 1
147482 1 1 1
147494 1 1 1
147501 1 1 1
147503 1 1 1
147514 1 1 1
147516 1 1 1
147518 1 1 1
147520 1 1 1
147524 1 1 1
147526 1 1 1
147528 1 1 1
147534 1 1 1
147544 1 1 1
147546 1 1 1
147548 1 1 1
147556 2 1 0.5
147559 1 1 1
147561 1 1 1
147571 1 1 1
147577 1 1 1
147579 1 1 1
147587 1 1 1
147600 1 1 1
147603 1 1 1
147605 1 1 1
147607 1 1 1
147611 1 1 1
147613 1 1 1
147616 1 1 1
147622 1 1 1
147629 1 1 1
147633 1 1 1
147635 1 1 1
147639 1 1 1
147646 1 1 1
147648 1 1 1
147653 1 1 1
147659 1 1 1
147663 1 1 1
147665 1 1 1
147670 1 1 1
147680 1 1 1
147683 2 2 1
147685 1 1 1
147687 1 1 1
147689 1 1 1
147691 1 1 1
147693 1 1 1
147705 1 1 1
147707 1 1 1
147711 1 1 1
147722 1 1 1
147724 1 1 1
147727 1 1 1
147729 1 1 1
147733 1 1 1
147735 1 1 1
147737 2 1 0.5
147745 1 1 1
147747 1 1 1
147755 1 1 1
147757 1 1 1
147759 1 1 1
147764 1 1 1
147769 1 1 1
147775 1 1 1
147779 1 1 1
147781 1 1 1
147788 1 1 1
147793 1 1 1
147803 1 1 1
147813 1 1 1
147821 1 1 1
147824 1 1 1
147832 1 1 1
147836 1 1 1
147842 1 1 1
147846 2 2 1
147848 1 1 1
147852 1 1 1
147854 1 1 1
147861 1 1 1
147863 1 1 1
147867 1 1 1
147871 1 1 1
147877 1 1 1
147881 1 1 1
147890 1 1 1
147906 1 1 1
147911 1 1 1
147920 2 2 1
147927 1 1 1
147949 1 1 1
147951 1 1 1
147960 1 1 1
147962 1 1 1
147973 1 1 1
147975 1 1 1
147981 1 1 1
147988 1 1 1
147990 1 1 1
147994 1 1 1
147998 1 1 1
148000 1 1 1
148004 1 1 1
148011 1 1 1
148015 1 1 1
148023 1 1 1
148025 1 1 1
148036 1 1 1
148041 1 1 1
148048 1 1 1
148060 1 1 1
148064 1 1 1
148066 1 1 1
148068 1 1 1
148070 1 1 1
148078 1 1 1
148093 2 1 0.5
148094 1 1 1
148096 1 1 1
148114 1 1 1
148118 2 1 0.5
148120 1 1 1
148122 1 1 1
148126 1 1 1
148130 1 1 1
148139 1 1 1
148145 1 1 1
148147 1 1 1
148149 1 1 1
148151 1 1 1
148159 1 1 1
148163 1 1 1
148165 1 1 1
148169 1 1 1
148180 1 1 1
148182 1 1 1
148186 1 1 1
148188 1 1 1
148194 1 1 1
148198 1 1 1
148204 1 1 1
148212 1 1 1
148216 1 1 1
148219 1 1 1
148224 1 1 1
148228 2 2 1
148232 1 1 1
148240 1 1 1
148245 1 1 1
148248 1 1 1
148250 1 1 1
148255 1 1 1
148257 1 1 1
148263 1 1 1
148265 1 1 1
148269 1 1 1
148271 1 1 1
148275 1 1 1
148281 1 1 1
148283 1 1 1
148287 1 1 1
148291 2 2 1
148295 1 1 1
148297 1 1 1
148301 1 1 1
148314 1 1 1
148318 1 1 1
148320 1 1 1
148322 1 1 1
148326 1 1 1
148332 1 1 1
148364 1 1 1
148388 1 1 1
148395 1 1 1
148399 1 1 1
148402 1 1 1
148413 1 1 1
148420 1 1 1
148431 1 1 1
148440 1 1 1
148447 1 1 1
148449 1 1 1
148453 1 1 1
148459 1 1 1
148463 1 1 1
148465 1 1 1
148467 1 1 1
148479 1 1 1
148489 1 1 1
148493 1 1 1
148498 1 1 1
148506 1 1 1
148508 1 1 1
148514 1 1 1
148527 1 1 1
148529 1 1 1
148531 1 1 1
148537 1 1 1
148545 1 1 1
148559 1 1 1
148564 1 1 1
148573 1 1 1
148575 1 1 1
148585 1 1 1
148587 1 1 1
148594 1 1 1
148598 1 1 1
148610 1 1 1
148615 1 1 1
148617 1 1 1
148619 1 1 1
148621 1 1 1
148625 1 1 1
148635 1 1 1
148642 1 1 1
148648 1 1 1
148652 1 1 1
148661 1 1 1
148665 1 1 1
148667 1 1 1
148672 1 1 1
148674 2 1 0.5
148676 1 1 1
148682 1 1 1
148686 1 1 1
148694 1 1 1
148700 1 1 1
148702 1 1 1
148721 1 1 1
148725 1 1 1
148738 1 1 1
148740 1 1 1
148744 1 1 1
148747 1 1 1
148749 1 1 1
148763 1 1 1
148772 1 1 1
148774 1 1 1
148778 1 1 1
148785 3 2 0.666667
148788 1 1 1
148791 1 1 1
148803 1 1 1
148812 1 1 1
148820 1 1 1
148831 1 1 1
148842 1 1 1
148849 1 1 1
148851 1 1 1
148853 1 1 1
148855 1 1 1
148857 1 1 1
148859 1 1 1
148861 1 1 1
148864 2 2 1
148868 1 1 1
148872 1 1 1
148877 1 1 1
148879 1 1 1
148887 1 1 1
148897 1 1 1
148901 1 1 1
148903 1 1 1
148905 1 1 1
148910 1 1 1
148915 1 1 1
148918 1 1 1
148928 1 1 1
148952 1 1 1
148956 1 1 1
148962 1 1 1
148964 1 1 1
148976 1 1 1
148980 1 1 1
148989 1 1 1
148993 1 1 1
148995 1 1 1
149007 1 1 1
149012 1 1 1
149014 2 2 1
149018 1 1 1
149022 1 1 1
149029 2 2 1
149031 1 1 1
149037 1 1 1
149039 1 1 1
149041 1 1 1
149048 1 1 1
149050 1 1 1
149061 1 1 1
149063 1 1 1
149065 1 1 1
149068 1 1 1
149074 1 1 1
149076 1 1 1
149081 1 1 1
149085 1 1 1
149091 1 1 1
149094 1 1 1
149098 1 1 1
149109 1 1 1
149119 1 1 1
149125 2 2 1
149132 1 1 1
149135 1 1 1
149146 1 1 1
149167 1 1 1
149173 1 1 1
149188 1 1 1
149201 2 1 0.5
149204 1 1 1
149210 1 1 1
149224 1 1 1
149232 1 1 1
149247 1 1 1
149261 1 1 1
149265 1 1 1
149284 1 1 1
149289 1 1 1
149300 1 1 1
149302 1 1 1
149306 1 1 1
149310 1 1 1
149318 1 1 1
149324 1 1 1
149326 1 1 1
149332 1 1 1
149337 2 1 0.5
149347 1 1 1
149358 1 1 1
149360 2 2 1
149362 1 1 1
149387 1 1 1
149397 1 1 1
149401 1 1 1
149403 1 1 1
149409 1 1 1
149411 1 1 1
149428 1 1 1
149436 1 1 1
149452 1 1 1
149455 1 1 1
149457 1 1 1
149459 1 1 1
149471 2 1 0.5
149479 1 1 1
149484 1 1 1
149487 1 1 1
149503 1 1 1
149508 1 1 1
149517 1 1 1
149522 1 1 1
149524 1 1 1
149534 1 1 1
149536 1 1 1
149542 1 1 1
149545 1 1 1
149548 1 1 1
149557 1 1 1
149561 1 1 1
149574 1 1 1
149580 1 1 1
149587 1 1 1
149589 1 1 1
149591 1 1 1
149593 1 1 1
149601 1 1 1
149606 1 1 1
149618 2 2 1
149622 1 1 1
149629 1 1 1
149635 1 1 1
149646 1 1 1
149660 1 1 1
149666 1 1 1
149668 1 1 1
149688 1 1 1
149691 1 1 1
149699 1 1 1
149713 1 1 1
149718 1 1 1
149720 1 1 1
149729 1 1 1
149734 1 1 1
149740 1 1 1
149744 1 1 1
149746 1 1 1
149752 1 1 1
149770 1 1 1
149772 1 1 1
149777 1 1 1
149785 1 1 1
149787 1 1 1
149795 1 1 1
149800 1 1 1
149807 1 1 1
149810 1 1 1
149812 1 1 1
149814 1 1 1
149821 1 1 1
149825 1 1 1
149839 1 1 1
149849 1 1 1
149851 1 1 1
149853 1 1 1
149857 1 1 1
149859 1 1 1
149862 1 1 1
149875 1 1 1
149879 3 3 1
149890 1 1 1
149894 1 1 1
149907 1 1 1
149909 1 1 1
149934 1 1 1
149940 1 1 1
149951 1 1 1
149953 1 1 1
149956 1 1 1
149963 1 1 1
149979 1 1 1
149991 1 1 1
149993 1 1 1
149999 1 1 1
150001 1 1 1
150013 1 1 1
150019 1 1 1
150025 1 1 1
150028 1 1 1
150030 1 1 1
150035 1 1 1
150041 1 1 1
150043 1 1 1
150045 2 2 1
150049 1 1 1
150051 1 1 1
150053 1 1 1
150058 1 1 1
150060 1 1 1
150065 1 1 1
150067 1 1 1
150073 1 1 1
150085 1 1 1
150092 1 1 1
150094 1 1 1
150098 1 1 1
150102 1 1 1
150105 1 1 1
150107 1 1 1
150121 1 1 1
150123 1 1 1
150125 1 1 1
150141 1 1 1
150143 1 1 1
150145 1 1 1
150151 1 1 1
150153 1 1 1
150159 1 1 1
150163 1 1 1
150165 1 1 1
150171 1 1 1
150189 1 1 1
150192 1 1 1
150199 1 1 1
150207 1 1 1
150214 1 1 1
150216 1 1 1
150226 1 1 1
150233 1 1 1
150238 2 1 0.5
150239 1 1 1
150241 1 1 1
150243 1 1 1
150245 1 1 1
150247 1 1 1
150257 1 1 1
150261 1 1 1
150267 1 1 1
150271 1 1 1
150273 1 1 1
150277 1 1 1
150279 1 1 1
150285 1 1 1
150290 1 1 1
150295 1 1 1
150300 1 1 1
150308 1 1 1
150315 1 1 1
150321 1 1 1
150323 1 1 1
150327 1 1 1
150329 1 1 1
150332 1 1 1
150334 1 1 1
150336 1 1 1
150346 1 1 1
150355 1 1 1
150360 1 1 1
150362 1 1 1
150379 1 1 1
150387 1 1 1
150395 1 1 1
150401 1 1 1
150405 1 1 1
150411 1 1 1
150418 1 1 1
150424 1 1 1
150426 1 1 1
150438 1 1 1
150441 1 1 1
150445 1 1 1
150451 1 1 1
150453 1 1 1
150455 1 1 1
150459 1 1 1
150463 1 1 1
150465 1 1 1
150469 1 1 1
150475 1 1 1
150481 1 1 1
150486 1 1 1
150490 1 1 1
150495 1 1 1
150499 1 1 1
150504 1 1 1
150510 1 1 1
150519 1 1 1
150523 1 1 1
150536 1 1 1
150540 1 1 1
150560 2 1 0.5
150574 1 1 1
150582 1 1 1
150586 1 1 1
150590 1 1 1
150606 1 1 1
150609 1 1 1
150615 1 1 1
150629 1 1 1
150637 1 1 1
150642 1 1 1
150644 1 1 1
150660 1 1 1
150670 1 1 1
150678 1 1 1
150682 1 1 1
150691 1 1 1
150693 1 1 1
150695 1 1 1
150704 1 1 1
150723 1 1 1
150729 1 1 1
150737 1 1 1
150756 1 1 1
150762 1 1 1
150764 1 1 1
150772 1 1 1
150774 1 1 1
150784 1 1 1
150791 1 1 1
150808 1 1 1
150814 1 1 1
150816 1 1 1
150833 2 1 0.5
150860 1 1 1
150866 1 1 1
150868 1 1 1
150871 1 1 1
150873 1 1 1
150877 1 1 1
150883 1 1 1
150889 2 2 1
150895 1 1 1
150897 1 1 1
150902 1 1 1
150904 1 1 1
150911 1 1 1
150915 1 1 1
150930 1 1 1
150932 1 1 1
150935 1 1 1
150944 1 1 1
150957 1 1 1
150961 1 1 1
150975 1 1 1
150978 1 1 1
150980 1 1 1
150997 1 1 1
151001 1 1 1
151003 1 1 1
151009 1 1 1
151024 1 1 1
151038 1 1 1
151045 1 1 1
151057 1 1 1
151059 1 1 1
151061 1 1 1
151065 1 1 1
151067 1 1 1
151102 1 1 1
151107 1 1 1
151109 3 1 0.333333
151111 1 1 1
151113 1 1 1
151121 1 1 1
151125 1 1 1
151133 1 1 1
151135 1 1 1
151137 1 1 1
151139 1 1 1
151149 1 1 1
151153 1 1 1
151155 1 1 1
151159 1 1 1
151163 1 1 1
151170 1 1 1
151172 1 1 1
151178 1 1 1
151185 1 1 1
151187 1 1 1
151189 1 1 1
151197 1 1 1
151204 1 1 1
151224 1 1 1
151231 1 1 1
151235 1 1 1
151237 1 1 1
151248 1 1 1
151253 1 1 1
151255 1 1 1
151259 1 1 1
151264 1 1 1
151274 1 1 1
151281 1 1 1
151283 1 1 1
151287 1 1 1
151292 1 1 1
151305 1 1 1
151317 1 1 1
151319 1 1 1
151327 1 1 1
151329 1 1 1
151331 1 1 1
151342 1 1 1
151358 1 1 1
151368 1 1 1
151374 1 1 1
151380 1 1 1
151385 1 1 1
151387 1 1 1
151407 1 1 1
151413 1 1 1
151419 1 1 1
151421 1 1 1
151427 1 1 1
151431 1 1 1
151437 1 1 1
151455 1 1 1
151461 1 1 1
151476 1 1 1
151491 1 1 1
151493 1 1 1
151498 1 1 1
151511 1 1 1
151513 1 1 1
151524 1 1 1
151532 1 1 1
151545 1 1 1
151551 1 1 1
151553 1 1 1
151556 1 1 1
151570 1 1 1
151574 1 1 1
151576 1 1 1
151580 1 1 1
151608 1 1 1
151617 1 1 1
151621 1 1 1
151627 1 1 1
151635 1 1 1
151639 1 1 1
151648 1 1 1
151652 1 1 1
151662 1 1 1
151672 1 1 1
151678 1 1 1
151693 2 1 0.5
151695 1 1 1
151698 1 1 1
151704 1 1 1
151707 1 1 1
151724 1 1 1
151732 1 1 1
151738 1 1 1
151744 1 1 1
151746 1 1 1
151763 1 1 1
151765 1 1 1
151769 1 1 1
151779 1 1 1
151781 1 1 1
151783 1 1 1
151789 3 3 1
151798 1 1 1
151800 1 1 1
151802 1 1 1
151811 1 1 1
151819 1 1 1
151821 1 1 1
151826 1 1 1
151842 1 1 1
151844 1 1 1
151853 1 1 1
151855 1 1 1
151857 1 1 1
151861 1 1 1
151866 1 1 1
151872 1 1 1
151878 1 1 1
151888 1 1 1
151899 1 1 1
151903 1 1 1
151916 1 1 1
151931 1 1 1
151938 1 1 1
151943 1 1 1
151947 1 1 1
151954 1 1 1
151959 1 1 1
151963 1 1 1
151969 1 1 1
151974 1 1 1
151981 2 1 0.5
151983 1 1 1
152007 1 1 1
152013 1 1 1
152018 1 1 1
152046 2 2 1
152048 2 2 1
152050 2 2 1
152052 2 2 1
152071 1 1 1
152073 1 1 1
152080 1 1 1
152084 1 1 1
152089 1 1 1
152093 1 1 1
152103 1 1 1
152119 1 1 1
152121 1 1 1
152128 1 1 1
152148 1 1 1
152150 1 1 1
152159 1 1 1
152187 1 1 1
152194 1 1 1
152218 2 1 0.5
152243 1 1 1
152245 1 1 1
152250 1 1 1
152261 1 1 1
152270 1 1 1
152272 1 1 1
152275 1 1 1
152277 1 1 1
152285 1 1 1
152295 1 1 1
152299 1 1 1
152304 1 1 1
152308 1 1 1
152317 1 1 1
152329 2 1 0.5
152333 1 1 1
152335 1 1 1
152353 1 1 1
152355 1 1 1
152357 1 1 1
152370 1 1 1
152375 1 1 1
152387 1 1 1
152393 1 1 1
152395 1 1 1
152397 1 1 1
152401 1 1 1
152403 1 1 1
152410 1 1 1
152420 1 1 1
152422 1 1 1
152426 1 1 1
152444 1 1 1
152446 1 1 1
152449 1 1 1
152468 1 1 1
152474 1 1 1
152478 1 1 1
152491 1 1 1
152497 1 1 1
152517 1 1 1
152519 1 1 1
152531 1 1 1
152542 1 1 1
152548 1 1 1
152555 1 1 1
152557 1 1 1
152561 1 1 1
152576 1 1 1
152578 1 1 1
152582 1 1 1
152606 1 1 1
152620 1 1 1
152622 1 1 1
152626 1 1 1
152630 1 1 1
152634 1 1 1
152636 1 1 1
152642 1 1 1
152650 1 1 1
152652 1 1 1
152654 1 1 1
152656 1 1 1
152662 1 1 1
152667 1 1 1
152670 1 1 1
152682 1 1 1
152684 1 1 1
152688 1 1 1
152691 1 1 1
152700 1 1 1
152709 1 1 1
152712 1 1 1
152714 1 1 1
152716 1 1 1
152720 1 1 1
152722 1 1 1
152727 1 1 1
152731 1 1 1
152738 1 1 1
152740 1 1 1
152755 2 1 0.5
152760 1 1 1
152770 1 1 1
152778 1 1 1
152786 1 1 1
152788 1 1 1
152791 1 1 1
152799 1 1 1
152811 1 1 1
152821 1 1 1
152827 1 1 1
152829 1 1 1
152831 1 1 1
152833 1 1 1
152841 1 1 1
152853 1 1 1
152876 3 3 1
152893 1 1 1
152903 1 1 1
152918 1 1 1
152926 1 1 1
152928 1 1 1
152933 1 1 1
152935 4 1 0.25
152946 1 1 1
152957 1 1 1
152959 1 1 1
152961 1 1 1
152973 1 1 1
152978 1 1 1
152980 1 1 1
152982 1 1 1
152989 1 1 1
152991 1 1 1
153019 1 1 1
153023 1 1 1
153036 1 1 1
153042 1 1 1
153044 1 1 1
153050 1 1 1
153068 1 1 1
153070 1 1 1
153072 1 1 1
153074 1 1 1
153112 1 1 1
153118 1 1 1
153129 1 1 1
153140 1 1 1
153143 1 1 1
153151 1 1 1
153153 1 1 1
153155 1 1 1
153158 1 1 1
153162 1 1 1
153166 1 1 1
153168 1 1 1
153174 1 1 1
153176 2 1 0.5
153179 1 1 1
153181 1 1 1
153183 2 1 0.5
153187 1 1 1
153189 1 1 1
153193 1 1 1
153197 1 1 1
153207 1 1 1
153212 1 1 1
153216 1 1 1
153222 1 1 1
153231 2 2 1
153233 1 1 1
153236 1 1 1
153243 1 1 1
153249 1 1 1
153258 1 1 1
153265 1 1 1
153276 1 1 1
153278 1 1 1
153280 1 1 1
153286 1 1 1
153288 1 1 1
153291 1 1 1
153293 1 1 1
153312 1 1 1
153335 1 1 1
153338 1 1 1
153342 1 1 1
153344 1 1 1
153354 1 1 1
153356 1 1 1
153360 1 1 1
153362 1 1 1
153364 1 1 1
153366 1 1 1
153368 1 1 1
153370 1 1 1
153373 1 1 1
153375 1 1 1
153379 1 1 1
153383 1 1 1
153399 1 1 1
153408 1 1 1
153423 2 2 1
153431 1 1 1
153437 1 1 1
153439 1 1 1
153448 1 1 1
153458 1 1 1
153462 1 1 1
153465 1 1 1
153478 1 1 1
153482 1 1 1
153484 1 1 1
153489 1 1 1
153497 1 1 1
153507 1 1 1
153509 1 1 1
153513 1 1 1
153517 1 1 1
153519 1 1 1
153522 1 1 1
153526 1 1 1
153533 1 1 1
153539 1 1 1
153541 1 1 1
153543 1 1 1
153557 1 1 1
153561 1 1 1
153575 1 1 1
153577 1 1 1
153579 1 1 1
153586 1 1 1
153607 1 1 1
153624 2 2 1
153626 1 1 1
153633 1 1 1
153639 1 1 1
153646 1 1 1
153660 1 1 1
153662 1 1 1
153664 1 1 1
153666 1 1 1
153671 1 1 1
153698 1 1 1
153702 1 1 1
153720 1 1 1
153722 1 1 1
153728 2 1 0.5
153740 1 1 1
153742 1 1 1
153744 1 1 1
153746 1 1 1
153758 1 1 1
153766 1 1 1
153777 1 1 1
153796 1 1 1
153798 1 1 1
153800 1 1 1
153806 1 1 1
153812 1 1 1
153816 1 1 1
153818 1 1 1
153822 1 1 1
153824 1 1 1
153833 1 1 1
153842 1 1 1
153844 1 1 1
153848 1 1 1
153856 1 1 1
153882 3 3 1
153887 1 1 1
153908 1 1 1
153910 1 1 1
153915 1 1 1
153920 1 1 1
153928 1 1 1
153930 1 1 1
153934 1 1 1
153957 1 1 1
153960 1 1 1
153962 1 1 1
153968 1 1 1
153973 1 1 1
153977 1 1 1
153982 1 1 1
153987 1 1 1
153993 1 1 1
154018 1 1 1
154034 1 1 1
154067 1 1 1
154071 1 1 1
154073 2 1 0.5
154085 1 1 1
154087 1 1 1
154091 1 1 1
154120 1 1 1
154129 2 2 1
154144 1 1 1
154161 1 1 1
154167 1 1 1
154187 1 1 1
154189 1 1 1
154191 1 1 1
154218 1 1 1
154226 1 1 1
154230 1 1 1
154232 1 1 1
154234 1 1 1
154238 1 1 1
154257 2 2 1
154259 1 1 1
154263 1 1 1
154271 1 1 1
154279 1 1 1
154288 1 1 1
154294 2 1 0.5
154296 1 1 1
154304 1 1 1
154308 1 1 1
154314 1 1 1
154316 1 1 1
154330 1 1 1
154334 1 1 1
154336 1 1 1
154346 1 1 1
154356 1 1 1
154364 1 1 1
154380 1 1 1
154384 1 1 1
154386 1 1 1
154400 1 1 1
154404 1 1 1
154410 1 1 1
154414 1 1 1
154416 1 1 1
154442 1 1 1
154449 2 1 0.5
154453 1 1 1
154457 1 1 1
154460 1 1 1
154462 1 1 1
154468 1 1 1
154477 1 1 1
154483 1 1 1
154489 1 1 1
154494 1 1 1
154496 1 1 1
154511 1 1 1
154520 1 1 1
154527 1 1 1
154536 1 1 1
154538 1 1 1
154546 1 1 1
154555 1 1 1
154578 1 1 1
154580 2 1 0.5
154584 1 1 1
154588 1 1 1
154590 1 1 1
154592 1 1 1
154596 1 1 1
154600 1 1 1
154605 1 1 1
154609 1 1 1
154611 1 1 1
154618 1 1 1
154624 1 1 1
154626 1 1 1
154630 1 1 1
154643 1 1 1
154648 1 1 1
154654 2 2 1
154656 1 1 1
154664 1 1 1
154678 1 1 1
154680 1 1 1
154688 1 1 1
154699 1 1 1
154701 1 1 1
154710 1 1 1
154714 1 1 1
154731 1 1 1
154742 1 1 1
154746 1 1 1
154748 1 1 1
154762 2 2 1
154766 1 1 1
154776 1 1 1
154797 1 1 1
154807 1 1 1
154809 1 1 1
154831 1 1 1
154838 1 1 1
154840 1 1 1
154842 1 1 1
154855 1 1 1
154865 1 1 1
154867 1 1 1
154870 1 1 1
154883 1 1 1
154891 1 1 1
154896 1 1 1
154898 1 1 1
154908 1 1 1
154915 1 1 1
154917 2 1 0.5
154921 1 1 1
154924 1 1 1
154942 1 1 1
154945 1 1 1
154950 1 1 1
154964 1 1 1
154969 1 1 1
154994 1 1 1
154996 1 1 1
155001 1 1 1
155011 1 1 1
155016 1 1 1
155023 1 1 1
155026 1 1 1
155028 1 1 1
155030 1 1 1
155039 1 1 1
155042 1 1 1
155048 1 1 1
155050 2 1 0.5
155056 1 1 1
155062 1 1 1
155072 1 1 1
155091 1 1 1
155094 1 1 1
155121 1 1 1
155127 1 1 1
155132 1 1 1
155158 1 1 1
155171 1 1 1
155173 1 1 1
155182 1 1 1
155184 1 1 1
155190 1 1 1
155194 1 1 1
155196 1 1 1
155199 2 1 0.5
155211 1 1 1
155221 1 1 1
155228 1 1 1
155230 1 1 1
155233 1 1 1
155244 1 1 1
155262 1 1 1
155264 1 1 1
155266 1 1 1
155268 1 1 1
155272 1 1 1
155281 1 1 1
155283 1 1 1
155296 1 1 1
155304 1 1 1
155311 1 1 1
155319 1 1 1
155321 1 1 1
155324 1 1 1
155328 1 1 1
155339 1 1 1
155341 1 1 1
155344 2 1 0.5
155347 2 1 0.5
155353 1 1 1
155359 1 1 1
155373 1 1 1
155375 1 1 1
155379 1 1 1
155385 1 1 1
155393 1 1 1
155395 1 1 1
155399 1 1 1
155409 1 1 1
155411 1 1 1
155414 1 1 1
155420 1 1 1
155422 1 1 1
155434 1 1 1
155442 1 1 1
155446 1 1 1
155455 1 1 1
155468 1 1 1
155475 1 1 1
155477 1 1 1
155479 1 1 1
155485 1 1 1
155502 2 1 0.5
155503 1 1 1
155509 2 1 0.5
155520 1 1 1
155540 1 1 1
155544 1 1 1
155551 1 1 1
155573 1 1 1
155583 1 1 1
155585 1 1 1
155592 1 1 1
155597 1 1 1
155604 1 1 1
155623 1 1 1
155635 1 1 1
155639 1 1 1
155646 1 1 1
155654 1 1 1
155656 1 1 1
155658 1 1 1
155662 1 1 1
155681 1 1 1
155687 1 1 1
155695 1 1 1
155711 1 1 1
155715 1 1 1
155717 1 1 1
155722 1 1 1
155724 1 1 1
155731 1 1 1
155751 1 1 1
155756 1 1 1
155768 1 1 1
155772 1 1 1
155774 1 1 1
155777 1 1 1
155795 1 1 1
155799 1 1 1
155805 1 1 1
155811 1 1 1
155815 1 1 1
155835 1 1 1
155847 1 1 1
155854 1 1 1
155865 1 1 1
155867 1 1 1
155871 1 1 1
155876 1 1 1
155878 1 1 1
155922 1 1 1
155929 1 1 1
155949 1 1 1
155957 1 1 1
155964 1 1 1
155968 1 1 1
155975 1 1 1
155979 1 1 1
155983 1 1 1
155990 1 1 1
155996 1 1 1
155998 1 1 1
156001 1 1 1
156013 1 1 1
156024 1 1 1
156026 1 1 1
156039 1 1 1
156049 1 1 1
156056 1 1 1
156066 1 1 1
156071 1 1 1
156074 1 1 1
156076 1 1 1
156078 1 1 1
156087 1 1 1
156107 1 1 1
156109 1 1 1
156122 1 1 1
156138 1 1 1
156143 1 1 1
156171 1 1 1
156180 1 1 1
156183 1 1 1
156187 1 1 1
156193 1 1 1
156198 1 1 1
156210 1 1 1
156212 1 1 1
156214 1 1 1
156216 1 1 1
156229 1 1 1
156234 1 1 1
156238 1 1 1
156242 1 1 1
156246 1 1 1
156248 1 1 1
156262 1 1 1
156270 1 1 1
156285 1 1 1
156287 1 1 1
156295 1 1 1
156308 1 1 1
156310 1 1 1
156316 1 1 1
156320 1 1 1
156331 1 1 1
156344 1 1 1
156346 1 1 1
156348 1 1 1
156378 1 1 1
156385 1 1 1
156388 1 1 1
156397 1 1 1
156414 1 1 1
156433 1 1 1
156437 1 1 1
156441 1 1 1
156470 1 1 1
156473 1 1 1
156477 1 1 1
156481 1 1 1
156483 1 1 1
156485 1 1 1
156493 1 1 1
156495 2 2 1
156497 1 1 1
156501 1 1 1
156505 1 1 1
156518 1 1 1
156522 1 1 1
156526 1 1 1
156541 1 1 1
156552 1 1 1
156554 1 1 1
156556 1 1 1
156560 1 1 1
156562 1 1 1
156565 1 1 1
156571 1 1 1
156579 1 1 1
156588 1 1 1
156590 1 1 1
156594 1 1 1
156601 1 1 1
156611 1 1 1
156622 1 1 1
156624 1 1 1
156634 1 1 1
156643 1 1 1
156656 1 1 1
156658 2 2 1
156669 1 1 1
156673 2 1 0.5
156682 1 1 1
156695 1 1 1
156697 1 1 1
156704 1 1 1
156722 1 1 1
156724 1 1 1
156735 1 1 1
156741 1 1 1
156753 1 1 1
156768 1 1 1
156770 1 1 1
156775 1 1 1
156780 1 1 1
156792 1 1 1
156794 1 1 1
156804 1 1 1
156823 1 1 1
156825 1 1 1
156833 1 1 1
156860 1 1 1
156869 1 1 1
156876 1 1 1
156883 1 1 1
156890 1 1 1
156893 1 1 1
156909 1 1 1
156922 1 1 1
156924 1 1 1
156926 1 1 1
156929 2 2 1
156942 1 1 1
156946 1 1 1
156948 2 2 1
156955 1 1 1
156970 1 1 1
156986 2 1 0.5
156992 1 1 1
156998 1 1 1
157005 1 1 1
157013 1 1 1
157017 1 1 1
157037 1 1 1
157047 1 1 1
157049 1 1 1
157051 1 1 1
157060 1 1 1
157062 1 1 1
157064 1 1 1
157072 1 1 1
157077 1 1 1
157080 1 1 1
157082 1 1 1
157092 1 1 1
157096 1 1 1
157098 1 1 1
157104 1 1 1
157121 1 1 1
157124 1 1 1
157129 1 1 1
157139 1 1 1
157148 1 1 1
157171 1 1 1
157183 1 1 1
157185 1 1 1
157194 1 1 1
157200 1 1 1
157205 1 1 1
157208 1 1 1
157214 1 1 1
157228 1 1 1
157236 1 1 1
157238 1 1 1
157241 1 1 1
157243 1 1 1
157245 1 1 1
157249 1 1 1
157251 1 1 1
157257 1 1 1
157261 1 1 1
157268 1 1 1
157302 1 1 1
157304 1 1 1
157310 1 1 1
157316 2 1 0.5
157319 1 1 1
157321 1 1 1
157323 1 1 1
157325 1 1 1
157327 1 1 1
157329 1 1 1
157333 1 1 1
157341 1 1 1
157343 1 1 1
157347 1 1 1
157353 1 1 1
157359 1 1 1
157371 1 1 1
157373 1 1 1
157377 1 1 1
157396 1 1 1
157398 1 1 1
157415 1 1 1
157417 1 1 1
157419 1 1 1
157436 1 1 1
157438 1 1 1
157448 1 1 1
157452 1 1 1
157456 1 1 1
157473 1 1 1
157479 1 1 1
157492 1 1 1
157496 1 1 1
157506 2 2 1
157508 1 1 1
157510 6 1 0.166667
157518 1 1 1
157532 1 1 1
157536 1 1 1
157551 1 1 1
157566 1 1 1
157574 1 1 1
157580 1 1 1
157582 1 1 1
157585 1 1 1
157589 1 1 1
157591 1 1 1
157597 1 1 1
157602 1 1 1
157615 3 3 1
157623 1 1 1
157626 1 1 1
157628 1 1 1
157630 1 1 1
157648 1 1 1
157666 1 1 1
157680 1 1 1
157688 3 2 0.666667
157692 6 5 0.833333
157709 1 1 1
157711 1 1 1
157717 1 1 1
157719 1 1 1
157721 1 1 1
157723 1 1 1
157725 1 1 1
157727 1 1 1
157729 1 1 1
157731 1 1 1
157733 1 1 1
157735 1 1 1
157739 1 1 1
157743 1 1 1
157763 1 1 1
157765 1 1 1
157789 1 1 1
157792 1 1 1
157799 1 1 1
157806 1 1 1
157808 1 1 1
157810 1 1 1
157814 1 1 1
157820 1 1 1
157822 1 1 1
157824 1 1 1
157826 1 1 1
157828 1 1 1
157830 1 1 1
157832 1 1 1
157834 1 1 1
157836 1 1 1
157838 1 1 1
157840 1 1 1
157842 2 2 1
157844 1 1 1
157846 1 1 1
157848 1 1 1
157850 1 1 1
157852 1 1 1
157861 1 1 1
157870 1 1 1
157884 1 1 1
157894 1 1 1
157901 1 1 1
157952 1 1 1
157962 1 1 1
157964 1 1 1
157977 1 1 1
157982 1 1 1
157986 1 1 1
157988 1 1 1
157992 1 1 1
157998 1 1 1
158002 1 1 1
158014 1 1 1
158028 1 1 1
158030 1 1 1
158039 1 1 1
158045 1 1 1
158054 1 1 1
158063 1 1 1
158079 1 1 1
158081 1 1 1
158086 1 1 1
158088 2 2 1
158090 1 1 1
158092 1 1 1
158095 1 1 1
158100 1 1 1
158110 1 1 1
158125 1 1 1
158131 1 1 1
158133 1 1 1
158135 1 1 1
158139 1 1 1
158141 1 1 1
158148 1 1 1
158175 1 1 1
158181 1 1 1
158183 1 1 1
158192 1 1 1
158194 1 1 1
158200 1 1 1
158204 1 1 1
158214 1 1 1
158223 1 1 1
158228 1 1 1
158237 1 1 1
158241 1 1 1
158243 1 1 1
158245 1 1 1
158263 1 1 1
158267 1 1 1
158269 1 1 1
158283 1 1 1
158287 1 1 1
158294 1 1 1
158296 1 1 1
158305 1 1 1
158307 1 1 1
158309 1 1 1
158317 1 1 1
158319 1 1 1
158325 1 1 1
158327 1 1 1
158329 1 1 1
158331 1 1 1
158333 1 1 1
158360 1 1 1
158362 2 2 1
158371 1 1 1
158374 1 1 1
158378 1 1 1
158384 1 1 1
158394 1 1 1
158400 1 1 1
158411 1 1 1
158413 1 1 1
158447 1 1 1
158457 1 1 1
158478 1 1 1
158480 1 1 1
158494 1 1 1
158500 1 1 1
158508 1 1 1
158532 1 1 1
158549 1 1 1
158566 1 1 1
158571 1 1 1
158577 1 1 1
158595 1 1 1
158600 1 1 1
158611 1 1 1
158613 1 1 1
158630 1 1 1
158673 1 1 1
158677 1 1 1
158695 1 1 1
158697 2 2 1
158726 1 1 1
158728 1 1 1
158732 1 1 1
158740 1 1 1
158744 1 1 1
158750 1 1 1
158758 1 1 1
158762 1 1 1
158764 1 1 1
158791 1 1 1
158793 1 1 1
158796 1 1 1
158798 1 1 1
158800 1 1 1
158810 1 1 1
158820 1 1 1
158823 1 1 1
158838 1 1 1
158862 1 1 1
158872 1 1 1
158887 1 1 1
158892 1 1 1
158896 1 1 1
158908 1 1 1
158924 1 1 1
158945 1 1 1
158949 1 1 1
158953 2 1 0.5
158956 1 1 1
158966 1 1 1
158970 1 1 1
158973 1 1 1
158981 1 1 1
158983 1 1 1
158987 1 1 1
158999 1 1 1
159012 1 1 1
159016 1 1 1
159020 1 1 1
159025 1 1 1
159046 1 1 1
159054 1 1 1
159056 1 1 1
159058 1 1 1
159076 2 1 0.5
159086 1 1 1
159092 1 1 1
159098 1 1 1
159119 1 1 1
159162 1 1 1
159164 1 1 1
159179 2 2 1
159181 1 1 1
159190 1 1 1
159204 1 1 1
159207 1 1 1
159216 1 1 1
159221 1 1 1
159226 1 1 1
159248 1 1 1
159253 1 1 1
159260 1 1 1
159262 1 1 1
159276 1 1 1
159286 1 1 1
159288 1 1 1
159294 1 1 1
159301 1 1 1
159306 1 1 1
159312 1 1 1
159318 1 1 1
159328 1 1 1
159334 1 1 1
159338 1 1 1
159340 2 2 1
159350 1 1 1
159362 1 1 1
159371 1 1 1
159375 3 3 1
159377 2 2 1
159386 1 1 1
159399 1 1 1
159403 1 1 1
159415 1 1 1
159419 1 1 1
159422 1 1 1
159436 1 1 1
159442 1 1 1
159444 1 1 1
159457 2 1 0.5
159465 1 1 1
159478 1 1 1
159482 1 1 1
159488 1 1 1
159490 1 1 1
159492 1 1 1
159500 1 1 1
159502 1 1 1
159516 1 1 1
159518 1 1 1
159520 1 1 1
159522 1 1 1
159526 1 1 1
159540 1 1 1
159562 4 3 0.75
159573 1 1 1
159588 1 1 1
159594 1 1 1
159597 1 1 1
159601 1 1 1
159612 1 1 1
159620 1 1 1
159622 2 1 0.5
159625 1 1 1
159631 1 1 1
159641 1 1 1
159645 1 1 1
159649 1 1 1
159651 1 1 1
159654 1 1 1
159668 1 1 1
159672 1 1 1
159674 1 1 1
159676 1 1 1
159678 1 1 1
159680 1 1 1
159687 1 1 1
159700 1 1 1
159702 1 1 1
159712 1 1 1
159716 1 1 1
159722 1 1 1
159761 1 1 1
159768 1 1 1
159775 1 1 1
159777 1 1 1
159781 1 1 1
159783 1 1 1
159785 1 1 1
159791 1 1 1
159799 1 1 1
159802 1 1 1
159804 1 1 1
159810 1 1 1
159821 1 1 1
159824 1 1 1
159835 1 1 1
159845 1 1 1
159849 1 1 1
159853 1 1 1
159860 1 1 1
159877 1 1 1
159879 1 1 1
159888 1 1 1
159894 1 1 1
159898 1 1 1
159901 1 1 1
159903 1 1 1
159920 1 1 1
159928 1 1 1
159930 2 1 0.5
159944 1 1 1
159946 1 1 1
159964 1 1 1
159969 1 1 1
159973 1 1 1
159975 1 1 1
159980 1 1 1
160007 1 1 1
160018 1 1 1
160020 1 1 1
160032 1 1 1
160034 1 1 1
160041 1 1 1
160045 1 1 1
160047 1 1 1
160053 1 1 1
160064 1 1 1
160068 1 1 1
160070 3 2 0.666667
160080 1 1 1
160088 1 1 1
160105 1 1 1
160141 1 1 1
160146 1 1 1
160152 2 1 0.5
160157 1 1 1
160169 1 1 1
160182 1 1 1
160186 1 1 1
160198 1 1 1
160202 1 1 1
160211 1 1 1
160216 1 1 1
160224 1 1 1
160232 1 1 1
160239 1 1 1
160241 1 1 1
160245 1 1 1
160256 1 1 1
160274 1 1 1
160276 1 1 1
160280 1 1 1
160292 1 1 1
160294 1 1 1
160300 1 1 1
160308 1 1 1
160310 1 1 1
160312 1 1 1
160314 1 1 1
160316 1 1 1
160330 1 1 1
160350 1 1 1
160352 1 1 1
160354 1 1 1
160358 1 1 1
160391 1 1 1
160398 3 1 0.333333
160431 1 1 1
160449 1 1 1
160455 1 1 1
160457 1 1 1
160461 1 1 1
160467 2 2 1
160469 1 1 1
160483 1 1 1
160485 1 1 1
160487 2 1 0.5
160489 1 1 1
160493 1 1 1
160497 1 1 1
160515 1 1 1
160523 1 1 1
160527 1 1 1
160544 1 1 1
160552 1 1 1
160554 1 1 1
160563 1 1 1
160565 1 1 1
160579 1 1 1
160591 1 1 1
160599 1 1 1
160613 1 1 1
160617 1 1 1
160619 1 1 1
160621 1 1 1
160625 1 1 1
160630 1 1 1
160638 1 1 1
160644 1 1 1
160658 1 1 1
160664 3 1 0.333333
160668 1 1 1
160670 1 1 1
160675 2 1 0.5
160683 1 1 1
160693 1 1 1
160699 1 1 1
160731 1 1 1
160733 1 1 1
160748 1 1 1
160755 1 1 1
160759 1 1 1
160767 1 1 1
160778 2 1 0.5
160782 1 1 1
160788 1 1 1
160811 1 1 1
160817 1 1 1
160831 1 1 1
160849 1 1 1
160858 1 1 1
160866 1 1 1
160868 1 1 1
160870 1 1 1
160886 1 1 1
160890 2 2 1
160902 1 1 1
160908 1 1 1
160920 1 1 1
160938 1 1 1
160955 1 1 1
160961 1 1 1
160977 1 1 1
160985 1 1 1
160993 1 1 1
160995 1 1 1
160997 1 1 1
160999 1 1 1
161006 1 1 1
161019 1 1 1
161021 1 1 1
161023 1 1 1
161038 1 1 1
161054 1 1 1
161056 1 1 1
161059 1 1 1
161064 1 1 1
161066 1 1 1
161072 1 1 1
161075 1 1 1
161089 1 1 1
161091 1 1 1
161093 1 1 1
161098 1 1 1
161108 1 1 1
161113 1 1 1
161119 1 1 1
161123 1 1 1
161131 2 2 1
161136 1 1 1
161147 1 1 1
161155 1 1 1
161159 1 1 1
161161 1 1 1
161167 1 1 1
161172 1 1 1
161191 1 1 1
161199 3 3 1
161207 1 1 1
161211 2 2 1
161217 1 1 1
161223 1 1 1
161227 1 1 1
161231 1 1 1
161233 2 2 1
161235 1 1 1
161238 1 1 1
161242 1 1 1
161263 1 1 1
161272 1 1 1
161289 1 1 1
161305 1 1 1
161307 1 1 1
161319 1 1 1
161321 1 1 1
161331 1 1 1
161334 1 1 1
161342 1 1 1
161363 1 1 1
161366 1 1 1
161372 1 1 1
161384 1 1 1
161391 1 1 1
161415 1 1 1
161420 1 1 1
161426 1 1 1
161431 1 1 1
161444 1 1 1
161448 1 1 1
161452 2 2 1
161467 1 1 1
161472 2 1 0.5
161484 1 1 1
161501 1 1 1
161513 1 1 1
161517 1 1 1
161526 1 1 1
161549 3 2 0.666667
161551 1 1 1
161569 1 1 1
161580 1 1 1
161590 1 1 1
161598 1 1 1
161606 1 1 1
161614 1 1 1
161621 1 1 1
161634 1 1 1
161636 1 1 1
161676 1 1 1
161682 1 1 1
161684 1 1 1
161686 1 1 1
161706 1 1 1
161709 1 1 1
161711 1 1 1
161713 1 1 1
161728 1 1 1
161736 1 1 1
161738 1 1 1
161740 1 1 1
161744 1 1 1
161763 1 1 1
161767 1 1 1
161773 1 1 1
161783 1 1 1
161785 1 1 1
161792 1 1 1
161806 1 1 1
161827 1 1 1
161837 1 1 1
161863 1 1 1
161865 1 1 1
161869 1 1 1
161871 1 1 1
161873 1 1 1
161880 1 1 1
161886 1 1 1
161904 1 1 1
161912 1 1 1
161916 1 1 1
161920 1 1 1
161925 1 1 1
161931 1 1 1
161933 1 1 1
161940 1 1 1
161942 1 1 1
161947 1 1 1
161958 1 1 1
161960 1 1 1
161966 1 1 1
161981 1 1 1
161988 1 1 1
161999 1 1 1
162003 1 1 1
162024 1 1 1
162027 1 1 1
162029 1 1 1
162040 1 1 1
162050 1 1 1
162064 1 1 1
162077 1 1 1
162083 1 1 1
162085 1 1 1
162098 1 1 1
162105 1 1 1
162113 1 1 1
162122 1 1 1
162146 1 1 1
162170 1 1 1
162191 1 1 1
162199 1 1 1
162202 1 1 1
162208 2 2 1
162227 1 1 1
162230 2 2 1
162240 1 1 1
162246 1 1 1
162252 2 2 1
162260 1 1 1
162262 1 1 1
162271 1 1 1
162273 1 1 1
162282 1 1 1
162292 1 1 1
162302 1 1 1
162304 1 1 1
162311 1 1 1
162315 1 1 1
162317 1 1 1
162324 1 1 1
162326 1 1 1
162355 1 1 1
162363 1 1 1
162366 1 1 1
162374 1 1 1
162390 1 1 1
162398 1 1 1
162400 1 1 1
162412 2 2 1
162414 1 1 1
162426 1 1 1
162431 1 1 1
162459 1 1 1
162463 1 1 1
162473 1 1 1
162484 1 1 1
162498 1 1 1
162505 1 1 1
162507 1 1 1
162509 1 1 1
162525 1 1 1
162527 1 1 1
162529 1 1 1
162535 1 1 1
162543 2 2 1
162547 1 1 1
162549 1 1 1
162559 1 1 1
162566 1 1 1
162568 1 1 1
162576 1 1 1
162578 1 1 1
162585 1 1 1
162590 1 1 1
162598 1 1 1
162606 1 1 1
162608 1 1 1
162612 1 1 1
162614 1 1 1
162623 1 1 1
162627 1 1 1
162629 1 1 1
162634 1 1 1
162638 1 1 1
162644 1 1 1
162653 1 1 1
162661 1 1 1
162669 1 1 1
162671 1 1 1
162681 1 1 1
162683 1 1 1
162687 1 1 1
162712 1 1 1
162721 1 1 1
162724 1 1 1
162741 1 1 1
162743 1 1 1
162749 1 1 1
162751 1 1 1
162755 2 2 1
162763 1 1 1
162765 1 1 1
162786 1 1 1
162791 1 1 1
162793 1 1 1
162797 1 1 1
162799 1 1 1
162801 1 1 1
162803 1 1 1
162806 1 1 1
162809 1 1 1
162814 1 1 1
162828 1 1 1
162835 1 1 1
162846 1 1 1
162859 1 1 1
162869 1 1 1
162905 1 1 1
162913 2 2 1
162923 1 1 1
162939 1 1 1
162941 1 1 1
162960 1 1 1
162974 1 1 1
162982 1 1 1
162995 1 1 1
163000 1 1 1
163015 1 1 1
163021 1 1 1
163024 1 1 1
163030 1 1 1
163035 1 1 1
163041 1 1 1
163043 1 1 1
163045 1 1 1
163047 1 1 1
163051 1 1 1
163056 2 2 1
163058 1 1 1
163072 1 1 1
163084 1 1 1
163092 1 1 1
163099 1 1 1
163103 1 1 1
163105 1 1 1
163107 1 1 1
163111 1 1 1
163117 1 1 1
163125 1 1 1
163147 1 1 1
163151 1 1 1
163153 1 1 1
163161 1 1 1
163163 1 1 1
163169 1 1 1
163173 2 2 1
163180 1 1 1
163184 1 1 1
163190 1 1 1
163203 1 1 1
163225 1 1 1
163238 1 1 1
163245 1 1 1
163249 1 1 1
163259 1 1 1
163280 1 1 1
163282 1 1 1
163294 1 1 1
163304 1 1 1
163306 1 1 1
163318 1 1 1
163335 1 1 1
163350 1 1 1
163367 1 1 1
163374 1 1 1
163376 1 1 1
163380 1 1 1
163382 1 1 1
163384 1 1 1
163388 1 1 1
163396 2 2 1
163402 1 1 1
163421 1 1 1
163424 1 1 1
163429 1 1 1
163431 1 1 1
163447 1 1 1
163461 1 1 1
163463 1 1 1
163465 1 1 1
163473 1 1 1
163479 1 1 1
163501 1 1 1
163512 1 1 1
163520 1 1 1
163522 1 1 1
163524 1 1 1
163532 1 1 1
163536 1 1 1
163541 3 3 1
163543 1 1 1
163545 1 1 1
163552 1 1 1
163564 1 1 1
163569 1 1 1
163575 1 1 1
163578 2 2 1
163584 1 1 1
163593 1 1 1
163602 1 1 1
163614 1 1 1
163631 1 1 1
163633 1 1 1
163644 1 1 1
163650 1 1 1
163660 2 1 0.5
163663 1 1 1
163666 1 1 1
163675 1 1 1
163681 1 1 1
163683 1 1 1
163695 1 1 1
163698 1 1 1
163700 1 1 1
163702 1 1 1
163704 1 1 1
163707 1 1 1
163709 3 3 1
163712 1 1 1
163716 1 1 1
163722 1 1 1
163738 1 1 1
163740 1 1 1
163742 1 1 1
163746 1 1 1
163756 1 1 1
163784 1 1 1
163788 1 1 1
163795 1 1 1
163802 1 1 1
163810 1 1 1
163814 1 1 1
163817 1 1 1
163823 1 1 1
163825 1 1 1
163828 1 1 1
163830 1 1 1
163840 1 1 1
163842 1 1 1
163846 1 1 1
163852 1 1 1
163858 3 1 0.333333
163871 1 1 1
163887 1 1 1
163900 1 1 1
163903 1 1 1
163909 1 1 1
163913 1 1 1
163919 1 1 1
163923 1 1 1
163925 1 1 1
163936 1 1 1
163938 1 1 1
163950 1 1 1
163952 1 1 1
163956 1 1 1
163960 1 1 1
163964 1 1 1
163968 1 1 1
163976 1 1 1
163985 1 1 1
163987 1 1 1
163991 1 1 1
163994 1 1 1
164001 1 1 1
164003 1 1 1
164016 1 1 1
164018 1 1 1
164020 1 1 1
164037 1 1 1
164046 1 1 1
164052 1 1 1
164054 1 1 1
164059 1 1 1
164061 1 1 1
164067 1 1 1
164081 1 1 1
164090 1 1 1
164118 1 1 1
164124 1 1 1
164127 1 1 1
164141 1 1 1
164147 1 1 1
164154 1 1 1
164167 1 1 1
164171 1 1 1
164178 1 1 1
164188 1 1 1
164195 1 1 1
164197 1 1 1
164207 1 1 1
164216 1 1 1
164232 1 1 1
164234 1 1 1
164236 1 1 1
164239 1 1 1
164241 1 1 1
164245 1 1 1
164249 1 1 1
164251 1 1 1
164257 1 1 1
164268 1 1 1
164270 1 1 1
164272 1 1 1
164286 1 1 1
164290 1 1 1
164307 1 1 1
164323 1 1 1
164327 1 1 1
164339 1 1 1
164341 1 1 1
164353 1 1 1
164355 1 1 1
164365 1 1 1
164382 1 1 1
164387 1 1 1
164391 1 1 1
164393 1 1 1
164397 1 1 1
164402 1 1 1
164406 1 1 1
164408 1 1 1
164415 1 1 1
164424 1 1 1
164431 1 1 1
164434 1 1 1
164448 1 1 1
164460 1 1 1
164464 1 1 1
164470 2 2 1
164487 1 1 1
164515 1 1 1
164530 1 1 1
164536 1 1 1
164546 1 1 1
164553 2 2 1
164557 1 1 1
164559 1 1 1
164569 1 1 1
164577 1 1 1
164583 1 1 1
164585 1 1 1
164597 1 1 1
164601 1 1 1
164617 1 1 1
164622 1 1 1
164633 2 2 1
164649 1 1 1
164655 1 1 1
164671 1 1 1
164673 1 1 1
164693 1 1 1
164705 1 1 1
164711 1 1 1
164731 1 1 1
164742 1 1 1
164744 1 1 1
164746 1 1 1
164752 1 1 1
164754 1 1 1
164759 1 1 1
164763 1 1 1
164767 1 1 1
164769 1 1 1
164779 1 1 1
164783 1 1 1
164785 1 1 1
164797 1 1 1
164807 1 1 1
164815 1 1 1
164818 1 1 1
164820 1 1 1
164834 1 1 1
164838 1 1 1
164846 1 1 1
164853 1 1 1
164855 1 1 1
164869 1 1 1
164873 1 1 1
164886 1 1 1
164888 1 1 1
164893 1 1 1
164897 1 1 1
164903 1 1 1
164912 1 1 1
164914 1 1 1
164953 2 1 0.5
164965 1 1 1
164976 1 1 1
164979 1 1 1
164996 1 1 1
165007 1 1 1
165021 1 1 1
165029 1 1 1
165031 1 1 1
165037 1 1 1
165043 1 1 1
165051 1 1 1
165062 1 1 1
165064 1 1 1
165067 1 1 1
165071 1 1 1
165073 1 1 1
165075 1 1 1
165077 1 1 1
165079 1 1 1
165081 1 1 1
165083 1 1 1
165085 1 1 1
165087 1 1 1
165089 1 1 1
165091 1 1 1
165093 1 1 1
165097 1 1 1
165099 1 1 1
165105 1 1 1
165107 1 1 1
165109 1 1 1
165111 1 1 1
165113 1 1 1
165115 1 1 1
165119 1 1 1
165121 1 1 1
165125 1 1 1
165127 1 1 1
165129 1 1 1
165133 1 1 1
165135 1 1 1
165144 1 1 1
165146 1 1 1
165148 1 1 1
165150 1 1 1
165152 1 1 1
165154 1 1 1
165156 1 1 1
165162 1 1 1
165164 1 1 1
165166 1 1 1
165186 1 1 1
165193 1 1 1
165198 1 1 1
165220 1 1 1
165246 1 1 1
165249 1 1 1
165251 1 1 1
165256 1 1 1
165270 1 1 1
165285 1 1 1
165287 1 1 1
165291 1 1 1
165300 1 1 1
165307 1 1 1
165313 1 1 1
165319 1 1 1
165325 1 1 1
165332 1 1 1
165337 1 1 1
165340 1 1 1
165342 1 1 1
165347 1 1 1
165350 1 1 1
165371 1 1 1
165376 1 1 1
165391 1 1 1
165399 1 1 1
165412 1 1 1
165416 1 1 1
165420 1 1 1
165422 1 1 1
165428 1 1 1
165447 1 1 1
165451 1 1 1
165456 1 1 1
165461 1 1 1
165469 1 1 1
165471 1 1 1
165497 1 1 1
165500 1 1 1
165515 1 1 1
165519 1 1 1
165521 1 1 1
165523 1 1 1
165528 1 1 1
165530 1 1 1
165533 1 1 1
165535 1 1 1
165545 3 2 0.666667
165547 1 1 1
165555 1 1 1
165561 1 1 1
165565 1 1 1
165585 1 1 1
165593 1 1 1
165599 1 1 1
165608 1 1 1
165611 2 2 1
165617 1 1 1
165624 1 1 1
165633 1 1 1
165635 1 1 1
165643 1 1 1
165652 1 1 1
165658 1 1 1
165675 1 1 1
165677 1 1 1
165708 1 1 1
165712 1 1 1
165714 3 2 0.666667
165720 1 1 1
165724 1 1 1
165726 1 1 1
165730 1 1 1
165743 1 1 1
165747 1 1 1
165768 2 2 1
165774 1 1 1
165780 1 1 1
165784 1 1 1
165787 1 1 1
165794 1 1 1
165802 1 1 1
165813 1 1 1
165823 1 1 1
165829 1 1 1
165840 1 1 1
165845 1 1 1
165849 2 2 1
165853 1 1 1
165863 1 1 1
165865 1 1 1
165875 1 1 1
165878 1 1 1
165880 1 1 1
165893 1 1 1
165903 1 1 1
165907 1 1 1
165910 1 1 1
165916 1 1 1
165918 1 1 1
165929 1 1 1
165936 1 1 1
165939 1 1 1
165941 1 1 1
165947 1 1 1
165957 1 1 1
165959 1 1 1
165961 1 1 1
165963 1 1 1
165965 1 1 1
165967 1 1 1
165975 1 1 1
165988 1 1 1
165993 1 1 1
165995 1 1 1
166001 1 1 1
166003 1 1 1
166015 1 1 1
166024 1 1 1
166026 1 1 1
166036 1 1 1
166038 1 1 1
166046 1 1 1
166051 1 1 1
166055 1 1 1
166059 1 1 1
166061 2 1 0.5
166064 1 1 1
166076 1 1 1
166082 1 1 1
166084 1 1 1
166090 1 1 1
166096 1 1 1
166102 1 1 1
166107 1 1 1
166139 1 1 1
166154 1 1 1
166166 1 1 1
166170 1 1 1
166181 1 1 1
166183 1 1 1
166190 1 1 1
166194 1 1 1
166196 1 1 1
166213 1 1 1
166221 1 1 1
166226 1 1 1
166234 1 1 1
166237 1 1 1
166241 1 1 1
166245 1 1 1
166247 1 1 1
166251 1 1 1
166255 1 1 1
166257 1 1 1
166275 1 1 1
166292 1 1 1
166296 1 1 1
166310 1 1 1
166322 1 1 1
166330 1 1 1
166349 1 1 1
166351 1 1 1
166355 1 1 1
166366 1 1 1
166380 2 1 0.5
166383 1 1 1
166385 1 1 1
166397 1 1 1
166408 1 1 1
166412 1 1 1
166426 1 1 1
166429 1 1 1
166466 1 1 1
166476 1 1 1
166489 1 1 1
166491 1 1 1
166495 1 1 1
166514 1 1 1
166532 1 1 1
166538 1 1 1
166540 1 1 1
166557 1 1 1
166559 1 1 1
166561 1 1 1
166568 1 1 1
166572 1 1 1
166574 1 1 1
166579 2 2 1
166585 1 1 1
166587 1 1 1
166599 1 1 1
166604 1 1 1
166608 1 1 1
166612 1 1 1
166614 1 1 1
166620 1 1 1
166628 1 1 1
166634 1 1 1
166639 1 1 1
166641 1 1 1
166643 2 2 1
166660 1 1 1
166683 1 1 1
166690 1 1 1
166695 1 1 1
166699 1 1 1
166703 1 1 1
166707 1 1 1
166718 1 1 1
166720 1 1 1
166722 1 1 1
166737 1 1 1
166751 1 1 1
166753 1 1 1
166757 1 1 1
166763 1 1 1
166765 1 1 1
166773 1 1 1
166782 1 1 1
166786 1 1 1
166788 1 1 1
166791 1 1 1
166801 1 1 1
166805 1 1 1
166807 1 1 1
166811 1 1 1
166813 1 1 1
166819 1 1 1
166828 1 1 1
166835 1 1 1
166839 1 1 1
166848 1 1 1
166855 1 1 1
166857 1 1 1
166870 1 1 1
166872 1 1 1
166876 1 1 1
166878 1 1 1
166894 1 1 1
166903 1 1 1
166907 1 1 1
166911 1 1 1
166913 1 1 1
166925 1 1 1
166936 1 1 1
166940 1 1 1
166950 1 1 1
166968 1 1 1
166975 1 1 1
166977 1 1 1
166983 1 1 1
166987 1 1 1
166989 1 1 1
166999 2 2 1
167009 1 1 1
167013 1 1 1
167025 1 1 1
167028 1 1 1
167030 3 1 0.333333
167032 1 1 1
167037 1 1 1
167042 1 1 1
167044 1 1 1
167049 1 1 1
167051 1 1 1
167057 1 1 1
167066 1 1 1
167074 1 1 1
167076 1 1 1
167081 1 1 1
167090 1 1 1
167103 1 1 1
167109 1 1 1
167123 1 1 1
167127 1 1 1
167129 1 1 1
167133 1 1 1
167154 1 1 1
167158 1 1 1
167166 1 1 1
167175 1 1 1
167183 1 1 1
167196 1 1 1
167202 1 1 1
167212 1 1 1
167214 1 1 1
167220 1 1 1
167222 1 1 1
167237 1 1 1
167247 1 1 1
167249 1 1 1
167255 1 1 1
167257 1 1 1
167264 1 1 1
167270 1 1 1
167281 1 1 1
167285 1 1 1
167293 1 1 1
167295 1 1 1
167302 1 1 1
167314 1 1 1
167321 1 1 1
167330 1 1 1
167336 1 1 1
167338 1 1 1
167341 1 1 1
167377 1 1 1
167388 1 1 1
167394 1 1 1
167402 1 1 1
167406 1 1 1
167415 2 2 1
167419 1 1 1
167426 1 1 1
167435 1 1 1
167445 1 1 1
167449 1 1 1
167451 1 1 1
167458 1 1 1
167471 1 1 1
167477 1 1 1
167483 1 1 1
167485 1 1 1
167492 1 1 1
167500 1 1 1
167504 1 1 1
167508 1 1 1
167514 1 1 1
167518 1 1 1
167522 1 1 1
167531 1 1 1
167535 1 1 1
167541 1 1 1
167552 1 1 1
167570 1 1 1
167574 1 1 1
167584 1 1 1
167586 1 1 1
167602 1 1 1
167608 1 1 1
167611 1 1 1
167629 1 1 1
167634 1 1 1
167652 1 1 1
167660 1 1 1
167675 1 1 1
167690 1 1 1
167692 1 1 1
167702 1 1 1
167709 1 1 1
167716 1 1 1
167727 1 1 1
167733 1 1 1
167740 1 1 1
167742 1 1 1
167748 1 1 1
167750 1 1 1
167756 1 1 1
167765 1 1 1
167797 1 1 1
167803 1 1 1
167812 1 1 1
167818 1 1 1
167829 1 1 1
167848 2 1 0.5
167852 1 1 1
167857 1 1 1
167867 1 1 1
167874 1 1 1
167885 1 1 1
167889 1 1 1
167897 1 1 1
167904 1 1 1
167912 1 1 1
167914 1 1 1
167924 1 1 1
167947 1 1 1
167951 1 1 1
167956 1 1 1
167960 1 1 1
167964 1 1 1
167972 1 1 1
168000 1 1 1
168029 1 1 1
168035 1 1 1
168039 1 1 1
168043 1 1 1
168051 1 1 1
168053 1 1 1
168055 1 1 1
168057 1 1 1
168066 1 1 1
168080 1 1 1
168084 1 1 1
168103 1 1 1
168107 1 1 1
168110 1 1 1
168116 1 1 1
168121 1 1 1
168126 1 1 1
168141 1 1 1
168173 1 1 1
168180 1 1 1
168182 1 1 1
168186 1 1 1
168193 1 1 1
168204 1 1 1
168206 1 1 1
168208 1 1 1
168210 1 1 1
168216 1 1 1
168219 1 1 1
168221 1 1 1
168241 1 1 1
168251 1 1 1
168264 1 1 1
168275 1 1 1
168279 1 1 1
168281 1 1 1
168285 1 1 1
168287 1 1 1
168297 1 1 1
168304 1 1 1
168314 1 1 1
168321 1 1 1
168326 1 1 1
168329 1 1 1
168331 1 1 1
168335 1 1 1
168337 1 1 1
168349 1 1 1
168353 1 1 1
168356 1 1 1
168358 1 1 1
168360 1 1 1
168364 1 1 1
168370 1 1 1
168378 1 1 1
168385 1 1 1
168400 1 1 1
168402 1 1 1
168404 1 1 1
168411 1 1 1
168436 1 1 1
168450 1 1 1
168455 1 1 1
168460 1 1 1
168470 1 1 1
168474 1 1 1
168486 1 1 1
168488 1 1 1
168490 1 1 1
168497 1 1 1
168511 1 1 1
168514 1 1 1
168518 1 1 1
168520 1 1 1
168528 1 1 1
168559 1 1 1
168567 1 1 1
168598 1 1 1
168610 1 1 1
168618 1 1 1
168626 1 1 1
168633 1 1 1
168635 1 1 1
168641 1 1 1
168648 1 1 1
168650 1 1 1
168661 1 1 1
168669 1 1 1
168672 1 1 1
168683 1 1 1
168694 1 1 1
168725 1 1 1
168780 1 1 1
168799 1 1 1
168801 1 1 1
168803 1 1 1
168805 1 1 1
168813 1 1 1
168823 1 1 1
168836 1 1 1
168840 1 1 1
168842 1 1 1
168851 1 1 1
168858 1 1 1
168880 1 1 1
168884 1 1 1
168891 1 1 1
168900 1 1 1
168908 1 1 1
168918 1 1 1
168925 1 1 1
168943 1 1 1
168946 2 2 1
168952 1 1 1
168954 1 1 1
168981 1 1 1
168991 1 1 1
168995 1 1 1
168998 1 1 1
169000 2 1 0.5
169001 2 2 1
169008 1 1 1
169018 1 1 1
169024 1 1 1
169026 1 1 1
169033 1 1 1
169036 1 1 1
169039 1 1 1
169043 1 1 1
169062 1 1 1
169070 1 1 1
169081 1 1 1
169083 1 1 1
169089 1 1 1
169093 1 1 1
169095 1 1 1
169103 1 1 1
169107 1 1 1
169128 1 1 1
169132 1 1 1
169134 1 1 1
169136 1 1 1
169139 1 1 1
169146 1 1 1
169154 1 1 1
169158 2 2 1
169166 1 1 1
169172 1 1 1
169174 1 1 1
169186 1 1 1
169200 1 1 1
169202 1 1 1
169206 1 1 1
169210 1 1 1
169212 1 1 1
169214 1 1 1
169216 1 1 1
169238 1 1 1
169244 1 1 1
169246 1 1 1
169250 1 1 1
169276 1 1 1
169285 1 1 1
169289 1 1 1
169291 1 1 1
169296 1 1 1
169308 1 1 1
169313 1 1 1
169339 1 1 1
169348 1 1 1
169354 1 1 1
169359 1 1 1
169364 2 1 0.5
169368 1 1 1
169370 1 1 1
169376 1 1 1
169382 1 1 1
169386 1 1 1
169390 1 1 1
169394 1 1 1
169399 1 1 1
169403 1 1 1
169407 1 1 1
169409 1 1 1
169416 1 1 1
169429 1 1 1
169439 1 1 1
169441 1 1 1
169448 1 1 1
169452 1 1 1
169454 1 1 1
169460 1 1 1
169479 1 1 1
169489 1 1 1
169496 1 1 1
169502 1 1 1
169504 1 1 1
169508 1 1 1
169510 1 1 1
169518 1 1 1
169530 1 1 1
169542 1 1 1
169546 1 1 1
169552 1 1 1
169556 1 1 1
169558 1 1 1
169563 2 2 1
169568 1 1 1
169571 1 1 1
169573 1 1 1
169579 1 1 1
169581 1 1 1
169583 1 1 1
169594 1 1 1
169596 1 1 1
169599 1 1 1
169607 1 1 1
169609 1 1 1
169612 1 1 1
169618 1 1 1
169620 1 1 1
169622 1 1 1
169630 1 1 1
169634 1 1 1
169640 1 1 1
169644 1 1 1
169652 1 1 1
169664 1 1 1
169666 1 1 1
169673 1 1 1
169675 1 1 1
169677 1 1 1
169681 1 1 1
169706 1 1 1
169712 1 1 1
169715 1 1 1
169726 1 1 1
169728 1 1 1
169739 1 1 1
169760 1 1 1
169766 1 1 1
169768 1 1 1
169770 1 1 1
169778 3 1 0.333333
169790 1 1 1
169801 1 1 1
169831 1 1 1
169833 1 1 1
169845 1 1 1
169863 1 1 1
169865 1 1 1
169871 1 1 1
169877 1 1 1
169893 1 1 1
169897 1 1 1
169903 1 1 1
169920 1 1 1
169926 1 1 1
169929 2 2 1
169931 1 1 1
169939 1 1 1
169944 1 1 1
169980 1 1 1
169983 1 1 1
169994 1 1 1
170003 1 1 1
170007 1 1 1
170013 2 2 1
170015 1 1 1
170019 1 1 1
170027 1 1 1
170031 1 1 1
170036 1 1 1
170038 1 1 1
170043 1 1 1
170055 1 1 1
170085 1 1 1
170093 1 1 1
170105 1 1 1
170107 2 2 1
170109 1 1 1
170115 1 1 1
170127 2 2 1
170146 1 1 1
170153 1 1 1
170158 1 1 1
170162 1 1 1
170174 1 1 1
170178 1 1 1
170180 1 1 1
170191 1 1 1
170193 1 1 1
170198 1 1 1
170221 1 1 1
170234 1 1 1
170237 1 1 1
170244 1 1 1
170246 1 1 1
170248 1 1 1
170255 1 1 1
170257 1 1 1
170271 1 1 1
170273 1 1 1
170286 1 1 1
170293 1 1 1
170295 1 1 1
170307 1 1 1
170309 1 1 1
170311 1 1 1
170315 1 1 1
170317 1 1 1
170337 1 1 1
170341 1 1 1
170356 1 1 1
170358 1 1 1
170368 1 1 1
170374 1 1 1
170384 1 1 1
170386 1 1 1
170388 1 1 1
170391 1 1 1
170405 2 2 1
170413 2 1 0.5
170420 1 1 1
170422 1 1 1
170428 1 1 1
170443 1 1 1
170460 1 1 1
170462 2 1 0.5
170472 1 1 1
170499 1 1 1
170508 1 1 1
170511 1 1 1
170517 1 1 1
170539 1 1 1
170544 1 1 1
170554 1 1 1
170556 1 1 1
170565 1 1 1
170567 1 1 1
170577 2 2 1
170590 1 1 1
170593 2 2 1
170596 2 1 0.5
170618 1 1 1
170620 1 1 1
170630 1 1 1
170634 1 1 1
170645 1 1 1
170649 1 1 1
170663 1 1 1
170667 1 1 1
170669 1 1 1
170694 1 1 1
170707 1 1 1
170716 2 1 0.5
170720 1 1 1
170731 1 1 1
170737 1 1 1
170743 1 1 1
170751 2 2 1
170763 1 1 1
170774 1 1 1
170778 1 1 1
170796 1 1 1
170807 1 1 1
170813 1 1 1
170832 1 1 1
170836 1 1 1
170856 1 1 1
170858 1 1 1
170860 1 1 1
170862 1 1 1
170868 1 1 1
170906 1 1 1
170913 2 2 1
170931 1 1 1
170933 1 1 1
170941 1 1 1
170944 1 1 1
170952 1 1 1
170956 1 1 1
170960 1 1 1
170964 1 1 1
170979 1 1 1
170985 1 1 1
170987 1 1 1
170989 1 1 1
170996 1 1 1
170998 1 1 1
171007 1 1 1
171015 1 1 1
171022 1 1 1
171030 1 1 1
171032 1 1 1
171034 1 1 1
171042 1 1 1
171044 1 1 1
171061 1 1 1
171069 1 1 1
171071 1 1 1
171074 1 1 1
171084 1 1 1
171092 1 1 1
171098 1 1 1
171102 1 1 1
171104 1 1 1
171129 1 1 1
171140 1 1 1
171142 1 1 1
171163 1 1 1
171171 1 1 1
171176 1 1 1
171212 1 1 1
171220 1 1 1
171231 1 1 1
171241 1 1 1
171245 1 1 1
171255 1 1 1
171257 1 1 1
171259 1 1 1
171265 1 1 1
171267 1 1 1
171269 1 1 1
171281 1 1 1
171283 1 1 1
171285 1 1 1
171303 1 1 1
171311 1 1 1
171324 1 1 1
171327 1 1 1
171333 1 1 1
171335 1 1 1
171340 1 1 1
171354 2 1 0.5
171357 1 1 1
171370 2 1 0.5
171374 1 1 1
171377 1 1 1
171379 1 1 1
171381 1 1 1
171391 1 1 1
171396 1 1 1
171398 1 1 1
171402 1 1 1
171410 1 1 1
171414 1 1 1
171420 1 1 1
171429 3 3 1
171433 1 1 1
171435 1 1 1
171440 1 1 1
171443 1 1 1
171448 1 1 1
171451 1 1 1
171461 1 1 1
171468 1 1 1
171480 1 1 1
171483 2 1 0.5
171499 1 1 1
171510 1 1 1
171516 1 1 1
171531 1 1 1
171535 1 1 1
171539 1 1 1
171544 1 1 1
171558 1 1 1
171572 1 1 1
171592 2 1 0.5
171596 1 1 1
171598 1 1 1
171610 1 1 1
171615 1 1 1
171628 1 1 1
171633 1 1 1
171640 1 1 1
171642 1 1 1
171652 1 1 1
171654 1 1 1
171664 1 1 1
171666 1 1 1
171674 1 1 1
171689 1 1 1
171691 1 1 1
171695 1 1 1
171697 1 1 1
171701 1 1 1
171709 1 1 1
171715 1 1 1
171725 1 1 1
171737 1 1 1
171742 1 1 1
171751 1 1 1
171758 1 1 1
171764 1 1 1
171766 1 1 1
171779 1 1 1
171781 1 1 1
171785 1 1 1
171796 1 1 1
171810 1 1 1
171814 1 1 1
171835 3 3 1
171849 1 1 1
171866 1 1 1
171891 1 1 1
171902 1 1 1
171914 1 1 1
171920 1 1 1
171935 1 1 1
171937 1 1 1
171954 1 1 1
171960 1 1 1
171965 1 1 1
172004 1 1 1
172009 1 1 1
172012 1 1 1
172014 1 1 1
172028 1 1 1
172039 1 1 1
172042 1 1 1
172051 1 1 1
172055 1 1 1
172077 1 1 1
172081 1 1 1
172092 1 1 1
172101 2 1 0.5
172106 1 1 1
172110 1 1 1
172132 1 1 1
172134 1 1 1
172142 1 1 1
172164 1 1 1
172171 1 1 1
172175 1 1 1
172191 1 1 1
172196 1 1 1
172211 1 1 1
172213 1 1 1
172217 1 1 1
172233 1 1 1
172240 1 1 1
172242 1 1 1
172256 1 1 1
172265 1 1 1
172267 1 1 1
172271 2 2 1
172273 1 1 1
172277 1 1 1
172306 1 1 1
172312 1 1 1
172326 1 1 1
172328 2 1 0.5
172332 1 1 1
172334 1 1 1
172336 1 1 1
172344 1 1 1
172348 1 1 1
172359 1 1 1
172361 1 1 1
172365 1 1 1
172367 1 1 1
172391 1 1 1
172401 1 1 1
172410 1 1 1
172412 1 1 1
172420 1 1 1
172423 1 1 1
172426 1 1 1
172428 1 1 1
172435 1 1 1
172441 1 1 1
172443 1 1 1
172447 1 1 1
172451 1 1 1
172454 2 1 0.5
172459 1 1 1
172461 1 1 1
172471 1 1 1
172473 1 1 1
172481 1 1 1
172491 1 1 1
172508 1 1 1
172512 1 1 1
172518 1 1 1
172528 1 1 1
172534 1 1 1
172540 1 1 1
172559 1 1 1
172561 1 1 1
172563 1 1 1
172565 1 1 1
172567 1 1 1
172576 1 1 1
172581 1 1 1
172583 1 1 1
172593 1 1 1
172601 1 1 1
172603 1 1 1
172607 1 1 1
172609 1 1 1
172611 1 1 1
172618 1 1 1
172622 1 1 1
172626 1 1 1
172630 1 1 1
172636 1 1 1
172638 1 1 1
172640 1 1 1
172644 1 1 1
172658 1 1 1
172661 1 1 1
172663 1 1 1
172665 2 2 1
172668 1 1 1
172672 1 1 1
172678 1 1 1
172684 1 1 1
172689 1 1 1
172704 1 1 1
172717 1 1 1
172744 1 1 1
172756 1 1 1
172762 1 1 1
172769 1 1 1
172771 1 1 1
172773 1 1 1
172780 1 1 1
172784 1 1 1
172786 1 1 1
172788 1 1 1
172793 1 1 1
172802 1 1 1
172815 1 1 1
172824 1 1 1
172828 1 1 1
172884 1 1 1
172887 1 1 1
172902 1 1 1
172920 1 1 1
172930 1 1 1
172934 1 1 1
172936 1 1 1
172945 1 1 1
172947 1 1 1
172961 1 1 1
173000 1 1 1
173008 1 1 1
173010 1 1 1
173021 1 1 1
173025 1 1 1
173032 1 1 1
173042 1 1 1
173048 1 1 1
173061 1 1 1
173065 1 1 1
173067 1 1 1
173079 1 1 1
173086 1 1 1
173095 1 1 1
173103 1 1 1
173109 1 1 1
173115 1 1 1
173123 1 1 1
173137 1 1 1
173139 1 1 1
173143 1 1 1
173149 1 1 1
173158 1 1 1
173179 1 1 1
173182 1 1 1
173186 1 1 1
173197 1 1 1
173201 1 1 1
173207 1 1 1
173209 3 2 0.666667
173216 1 1 1
173220 1 1 1
173226 1 1 1
173240 1 1 1
173246 1 1 1
173268 1 1 1
173272 1 1 1
173286 1 1 1
173300 2 2 1
173302 1 1 1
173304 1 1 1
173308 1 1 1
173311 1 1 1
173313 1 1 1
173321 1 1 1
173324 1 1 1
173328 1 1 1
173332 2 2 1
173340 1 1 1
173348 1 1 1
173352 1 1 1
173365 1 1 1
173369 1 1 1
173373 1 1 1
173388 1 1 1
173390 1 1 1
173392 1 1 1
173394 2 1 0.5
173405 1 1 1
173410 1 1 1
173437 1 1 1
173455 1 1 1
173461 1 1 1
173469 1 1 1
173486 1 1 1
173490 1 1 1
173503 1 1 1
173508 1 1 1
173510 1 1 1
173514 1 1 1
173516 1 1 1
173519 2 1 0.5
173521 1 1 1
173534 1 1 1
173536 1 1 1
173570 1 1 1
173572 1 1 1
173574 1 1 1
173576 1 1 1
173582 1 1 1
173586 1 1 1
173593 1 1 1
173598 1 1 1
173614 1 1 1
173619 1 1 1
173621 1 1 1
173629 1 1 1
173633 1 1 1
173635 1 1 1
173647 1 1 1
173649 1 1 1
173651 1 1 1
173653 1 1 1
173655 2 2 1
173684 2 2 1
173703 1 1 1
173713 1 1 1
173715 1 1 1
173717 1 1 1
173724 2 1 0.5
173732 1 1 1
173742 1 1 1
173749 1 1 1
173751 1 1 1
173753 1 1 1
173762 1 1 1
173764 1 1 1
173766 1 1 1
173772 1 1 1
173774 1 1 1
173796 1 1 1
173815 1 1 1
173833 1 1 1
173845 1 1 1
173854 1 1 1
173856 1 1 1
173873 1 1 1
173875 1 1 1
173877 1 1 1
173879 1 1 1
173882 1 1 1
173884 1 1 1
173888 1 1 1
173894 1 1 1
173898 1 1 1
173907 1 1 1
173909 1 1 1
173914 1 1 1
173916 1 1 1
173918 1 1 1
173920 1 1 1
173922 2 1 0.5
173924 1 1 1
173933 1 1 1
173935 1 1 1
173939 1 1 1
173946 1 1 1
173951 1 1 1
173969 1 1 1
173977 1 1 1
173984 1 1 1
173992 1 1 1
173996 2 1 0.5
173998 1 1 1
174009 1 1 1
174018 1 1 1
174024 1 1 1
174035 1 1 1
174052 1 1 1
174059 1 1 1
174071 1 1 1
174086 1 1 1
174088 1 1 1
174094 1 1 1
174098 1 1 1
174113 1 1 1
174115 1 1 1
174118 1 1 1
174129 1 1 1
174143 2 1 0.5
174150 1 1 1
174154 1 1 1
174164 1 1 1
174170 1 1 1
174191 1 1 1
174197 1 1 1
174200 1 1 1
174204 1 1 1
174210 1 1 1
174217 1 1 1
174225 1 1 1
174231 1 1 1
174240 1 1 1
174246 1 1 1
174257 1 1 1
174284 1 1 1
174286 1 1 1
174308 2 2 1
174332 1 1 1
174342 1 1 1
174349 1 1 1
174351 1 1 1
174354 1 1 1
174359 1 1 1
174385 1 1 1
174387 1 1 1
174398 1 1 1
174402 1 1 1
174406 2 1 0.5
174407 1 1 1
174410 1 1 1
174415 1 1 1
174420 1 1 1
174430 1 1 1
174435 1 1 1
174439 1 1 1
174442 1 1 1
174448 1 1 1
174465 1 1 1
174472 1 1 1
174476 1 1 1
174478 1 1 1
174484 1 1 1
174493 1 1 1
174495 1 1 1
174510 1 1 1
174521 1 1 1
174538 1 1 1
174572 1 1 1
174590 1 1 1
174592 1 1 1
174598 1 1 1
174600 1 1 1
174602 1 1 1
174619 1 1 1
174624 1 1 1
174628 1 1 1
174630 1 1 1
174642 1 1 1
174649 1 1 1
174664 1 1 1
174670 1 1 1
174675 2 2 1
174682 1 1 1
174703 1 1 1
174715 1 1 1
174717 1 1 1
174725 1 1 1
174742 1 1 1
174746 1 1 1
174762 1 1 1
174767 2 2 1
174772 1 1 1
174781 1 1 1
174812 1 1 1
174836 1 1 1
174847 1 1 1
174887 1 1 1
174899 1 1 1
174907 1 1 1
174912 2 2 1
174924 1 1 1
174952 1 1 1
174956 1 1 1
174960 1 1 1
174962 1 1 1
174968 1 1 1
174970 1 1 1
174979 2 1 0.5
174997 1 1 1
175002 1 1 1
175006 1 1 1
175008 1 1 1
175010 1 1 1
175017 1 1 1
175019 1 1 1
175021 1 1 1
175044 1 1 1
175046 1 1 1
175059 1 1 1
175068 1 1 1
175077 1 1 1
175081 1 1 1
175083 1 1 1
175087 1 1 1
175101 1 1 1
175106 1 1 1
175114 1 1 1
175121 1 1 1
175123 1 1 1
175128 2 1 0.5
175132 1 1 1
175146 1 1 1
175155 1 1 1
175167 1 1 1
175169 1 1 1
175195 1 1 1
175205 1 1 1
175212 1 1 1
175220 1 1 1
175223 1 1 1
175237 1 1 1
175252 1 1 1
175274 1 1 1
175284 1 1 1
175289 1 1 1
175296 1 1 1
175298 1 1 1
175303 1 1 1
175307 1 1 1
175315 1 1 1
175321 1 1 1
175333 1 1 1
175335 1 1 1
175343 1 1 1
175361 1 1 1
175385 1 1 1
175412 1 1 1
175421 1 1 1
175432 1 1 1
175435 1 1 1
175437 1 1 1
175461 1 1 1
175467 1 1 1
175470 1 1 1
175472 1 1 1
175474 1 1 1
175476 1 1 1
175478 1 1 1
175489 1 1 1
175496 1 1 1
175502 1 1 1
175505 1 1 1
175511 1 1 1
175514 1 1 1
175516 1 1 1
175518 1 1 1
175530 1 1 1
175548 1 1 1
175551 1 1 1
175553 1 1 1
175563 1 1 1
175567 1 1 1
175575 1 1 1
175598 1 1 1
175600 1 1 1
175603 1 1 1
175611 1 1 1
175616 1 1 1
175618 1 1 1
175632 1 1 1
175671 1 1 1
175691 1 1 1
175693 1 1 1
175702 1 1 1
175709 1 1 1
175728 1 1 1
175732 1 1 1
175734 1 1 1
175738 1 1 1
175745 1 1 1
175764 1 1 1
175773 1 1 1
175789 1 1 1
175795 1 1 1
175797 3 2 0.666667
175814 1 1 1
175817 1 1 1
175822 1 1 1
175824 1 1 1
175826 1 1 1
175849 1 1 1
175854 1 1 1
175860 1 1 1
175864 1 1 1
175868 1 1 1
175875 2 1 0.5
175883 1 1 1
175890 1 1 1
175910 1 1 1
175914 1 1 1
175916 1 1 1
175932 1 1 1
175936 1 1 1
175954 1 1 1
175969 1 1 1
175975 1 1 1
175980 1 1 1
175990 1 1 1
175995 1 1 1
176001 1 1 1
176007 1 1 1
176020 1 1 1
176024 1 1 1
176033 1 1 1
176035 1 1 1
176039 1 1 1
176043 1 1 1
176051 1 1 1
176053 1 1 1
176062 1 1 1
176069 1 1 1
176076 1 1 1
176078 1 1 1
176082 1 1 1
176090 1 1 1
176098 1 1 1
176102 1 1 1
176120 1 1 1
176132 1 1 1
176136 1 1 1
176140 1 1 1
176142 1 1 1
176147 1 1 1
176157 1 1 1
176174 1 1 1
176198 1 1 1
176238 1 1 1
176243 1 1 1
176248 1 1 1
176263 1 1 1
176270 1 1 1
176296 1 1 1
176300 1 1 1
176313 1 1 1
176315 1 1 1
176324 1 1 1
176331 1 1 1
176346 1 1 1
176354 1 1 1
176367 1 1 1
176369 1 1 1
176389 1 1 1
176404 1 1 1
176411 1 1 1
176426 1 1 1
176430 1 1 1
176446 1 1 1
176451 1 1 1
176453 1 1 1
176465 1 1 1
176467 1 1 1
176478 1 1 1
176480 1 1 1
176485 1 1 1
176493 1 1 1
176502 1 1 1
176513 1 1 1
176519 1 1 1
176521 1 1 1
176531 1 1 1
176537 1 1 1
176541 1 1 1
176551 1 1 1
176554 1 1 1
176566 1 1 1
176579 1 1 1
176582 1 1 1
176584 1 1 1
176590 1 1 1
176597 1 1 1
176610 1 1 1
176619 1 1 1
176650 1 1 1
176657 1 1 1
176664 1 1 1
176666 1 1 1
176676 1 1 1
176704 1 1 1
176711 1 1 1
176713 1 1 1
176717 1 1 1
176723 1 1 1
176725 1 1 1
176727 1 1 1
176731 1 1 1
176733 2 2 1
176750 1 1 1
176754 1 1 1
176756 1 1 1
176766 1 1 1
176777 1 1 1
176785 1 1 1
176799 1 1 1
176801 1 1 1
176805 1 1 1
176817 1 1 1
176827 1 1 1
176837 1 1 1
176841 1 1 1
176847 1 1 1
176861 1 1 1
176865 1 1 1
176890 1 1 1
176892 1 1 1
176905 1 1 1
176911 1 1 1
