4 5 0 152 0
4 192 0 32 0
4 227 0 24 0
4 439 0 84 0
4 462 0 23 0
4 845 0 46 0
4 1184 0 24 0
4 1187 0 29 0
4 2277 0 54 0
4 2386 0 33 0
4 2825 0 34 0
4 9573 0 68 0
4 11856 0 38 0
4 13594 0 246 0
4 13619 0 234 0
4 13630 0 221 0
10 11 0 2443 0
11 21 2445 0 0
11 33 2512 0 0
11 112 2524 0 0
11 212 7211 0 0
11 272 2557 0 0
11 369 2572 0 0
11 391 2575 0 0
11 415 2580 0 0
11 466 2589 0 0
11 475 2591 0 0
11 642 2626 0 0
11 839 2663 0 0
11 893 2675 0 0
11 969 2691 0 0
11 983 2695 0 0
11 1185 2741 0 0
11 1228 2748 0 0
11 1358 2766 0 0
11 1463 2784 0 0
11 1512 2790 0 0
11 1904 2954 0 0
11 2004 2878 0 0
11 2021 2923 0 0
11 2234 2957 0 0
11 2471 2993 0 0
11 2840 3059 0 0
11 2917 3073 0 0
11 2968 3080 0 0
11 3077 3108 0 0
11 3222 3222 0 0
11 3227 3222 0 0
11 3503 3271 0 0
11 3534 3280 0 0
11 3567 3286 0 0
11 3609 3292 0 0
11 3642 3298 0 0
11 4021 3438 0 0
11 4065 3449 0 0
11 4094 3455 0 0
11 4162 3468 0 0
11 4185 3537 0 0
11 4194 3540 0 0
11 4203 3542 0 0
11 4205 3542 0 0
11 4395 3585 0 0
11 4444 3593 0 0
11 4721 6898 0 0
11 4792 3683 0 0
11 4995 3781 0 0
11 5039 3852 0 0
11 5144 3808 0 0
11 5170 3815 0 0
11 5316 3839 0 0
11 5425 3862 0 0
11 5613 3938 0 0
11 5661 3946 0 0
11 5685 3951 0 0
11 5815 4023 0 0
11 5879 4034 0 0
11 6021 4182 0 0
11 6165 4128 0 0
11 6212 4106 0 0
11 6231 4110 0 0
11 6306 4121 0 0
11 6308 4121 0 0
11 6366 4181 0 0
11 6455 4198 0 0
11 6574 4228 0 0
11 6611 10985 0 0
11 6848 4730 0 0
11 6900 4360 0 0
11 6924 4367 0 0
11 6964 4377 0 0
11 7040 4396 0 0
11 7125 5019 0 0
11 7154 5449 0 0
11 7429 4593 0 0
11 7553 4511 0 0
11 7619 10423 0 0
11 7643 5039 0 0
11 7689 4534 0 0
11 7770 4554 0 0
11 7824 4566 0 0
11 7910 4584 0 0
11 8107 4696 0 0
11 8171 4637 0 0
11 8248 4758 0 0
11 8485 4703 0 0
11 8719 4751 0 0
11 8758 4758 0 0
11 8811 4764 0 0
11 8862 4773 0 0
11 8864 4773 0 0
11 8932 4784 0 0
11 9487 4946 0 0
11 9536 4955 0 0
11 9623 5265 0 0
11 9789 5193 0 0
11 9811 5000 0 0
11 9813 5000 0 0
11 9822 5001 0 0
11 9829 5002 0 0
11 9891 5014 0 0
11 9893 5014 0 0
11 9901 5016 0 0
11 9911 5016 0 0
11 9955 5024 0 0
11 9985 5030 0 0
11 10013 5038 0 0
11 10031 5041 0 0
11 10137 5058 0 0
11 10141 5059 0 0
11 10180 5068 0 0
11 10246 5076 0 0
11 10254 5077 0 0
11 10256 10470 0 0
11 10270 5079 0 0
11 10313 5085 0 0
11 10323 5088 0 0
11 10477 5118 0 0
11 10502 4730 0 0
11 10568 5136 0 0
11 10578 5139 0 0
11 10604 5146 0 0
11 10630 5150 0 0
11 10719 5161 0 0
11 10766 5171 0 0
11 10797 5178 0 0
11 10840 5189 0 0
11 10901 5204 0 0
11 10912 5209 0 0
11 10991 5224 0 0
11 11074 5241 0 0
11 11077 5241 0 0
11 11159 5259 0 0
11 11215 5273 0 0
11 11272 5287 0 0
11 11280 5290 0 0
11 11413 5315 0 0
11 11612 5549 0 0
11 11743 5393 0 0
11 11835 5412 0 0
11 11844 5413 0 0
11 11909 5465 0 0
11 11921 5433 0 0
11 12030 5458 0 0
11 12084 5470 0 0
11 12144 5482 0 0
11 12159 5561 0 0
11 12169 5486 0 0
11 12191 5492 0 0
11 12270 5512 0 0
11 12290 5515 0 0
11 12465 5564 0 0
11 12467 5571 0 0
11 12534 6703 0 0
11 12552 5581 0 0
11 12633 5604 0 0
11 12853 10915 0 0
11 12913 5665 0 0
11 13038 5692 0 0
11 13045 5692 0 0
11 13096 5705 0 0
11 13149 5715 0 0
11 13234 5731 0 0
11 13526 5801 0 0
11 13571 5811 0 0
11 13601 5817 0 0
11 13747 5851 0 0
11 13827 5912 0 0
11 14009 5942 0 0
11 14512 6109 0 0
11 14533 6112 0 0
11 14540 6114 0 0
11 14554 6118 0 0
11 14570 6120 0 0
11 14663 6134 0 0
11 14784 6156 0 0
11 14793 6158 0 0
11 14820 6163 0 0
11 15111 6220 0 0
11 15373 6280 0 0
11 15452 6300 0 0
11 15603 6332 0 0
11 15680 6348 0 0
11 15713 6355 0 0
11 15843 6385 0 0
11 15960 6446 0 0
11 15973 6447 0 0
11 15975 6447 0 0
11 16041 6463 0 0
11 16148 6486 0 0
11 16192 6495 0 0
11 16194 6496 0 0
11 16257 6510 0 0
11 16451 6553 0 0
11 16528 6575 0 0
11 16551 6583 0 0
11 17000 6704 0 0
11 17103 6693 0 0
11 17183 6710 0 0
11 17281 6730 0 0
11 17499 6777 0 0
11 17761 6892 0 0
11 17815 6906 0 0
11 17823 7158 0 0
11 17843 6913 0 0
11 18075 6959 0 0
11 18207 6989 0 0
11 18299 7008 0 0
11 18329 7015 0 0
11 18525 7054 0 0
11 18544 7062 0 0
11 18586 7068 0 0
11 18622 7076 0 0
11 18626 7076 0 0
11 18945 7143 0 0
11 18951 7181 0 0
11 19140 7178 0 0
11 19300 7209 0 0
11 19427 7234 0 0
11 19920 7359 0 0
11 19987 7372 0 0
11 20107 7397 0 0
11 20136 7414 0 0
11 20162 7407 0 0
11 20164 7408 0 0
11 20290 7434 0 0
11 20338 7477 0 0
11 20523 7483 0 0
11 20652 7507 0 0
11 20860 7552 0 0
13 14 0 202 0
14 105 281 0 0
14 140 286 0 0
14 173 295 0 0
14 325 322 0 0
14 470 348 0 0
14 589 377 0 0
14 650 385 0 0
14 705 396 0 0
14 727 398 0 0
14 807 413 0 0
14 843 421 0 0
14 876 430 0 0
14 925 438 0 0
14 1026 464 0 0
14 1065 474 0 0
14 1109 481 0 0
14 1148 471 0 0
14 1175 497 0 0
14 1322 519 0 0
14 1450 540 0 0
14 1470 543 0 0
14 1521 550 0 0
14 1600 566 0 0
14 1832 599 0 0
14 1864 608 0 0
14 1960 627 0 0
14 2076 690 0 0
14 2125 700 0 0
14 2416 742 0 0
14 2586 768 0 0
14 2834 817 0 0
14 2888 826 0 0
14 3446 1020 0 0
14 3913 1173 0 0
14 4081 911 0 0
14 4092 1213 0 0
14 4405 1344 0 0
14 4555 1379 0 0
14 4648 1402 0 0
14 4724 1424 0 0
14 4878 1514 0 0
14 5423 1619 0 0
14 5541 1641 0 0
14 5719 1718 0 0
14 5971 1811 0 0
14 6648 2062 0 0
14 6693 2071 0 0
14 6868 2111 0 0
14 6884 2114 0 0
14 7112 2164 0 0
14 7174 2177 0 0
14 7498 2260 0 0
14 7519 2262 0 0
14 7521 2262 0 0
14 7529 2264 0 0
14 8042 2371 0 0
14 8118 2386 0 0
14 8813 2523 0 0
14 8964 2552 0 0
14 9265 2659 0 0
14 9621 2725 0 0
14 10108 2810 0 0
14 10379 2858 0 0
14 10439 2871 0 0
14 10632 2908 0 0
14 10893 2961 0 0
14 11120 3012 0 0
14 11338 3060 0 0
14 11375 3069 0 0
14 11510 3101 0 0
14 11628 3125 0 0
14 12006 3209 0 0
14 12600 3353 0 0
14 12830 3403 0 0
14 12900 3420 0 0
14 13020 3447 0 0
14 13265 3497 0 0
14 13660 3590 0 0
14 13905 3685 0 0
14 13966 3694 0 0
14 14294 3821 0 0
14 14378 3840 0 0
14 14913 3936 0 0
14 15855 4187 0 0
14 15955 4204 0 0
14 16460 4313 0 0
14 16498 4320 0 0
14 16938 4416 0 0
14 17246 4558 0 0
14 18312 4770 0 0
14 18914 4894 0 0
14 19148 4937 0 0
14 19335 4973 0 0
14 19857 5104 0 0
14 20285 5192 0 0
14 20838 5306 0 0
14 20848 5309 0 0
19 723 25 0 0
19 1549 10 0 0
19 1564 13 0 0
19 1578 16 0 0
19 1594 18 0 0
19 1602 20 0 0
19 1604 20 0 0
19 1611 21 0 0
19 1626 24 0 0
19 1659 28 0 0
19 1673 30 0 0
19 1752 40 0 0
19 1754 41 0 0
19 1776 6014 0 0
19 1840 56 0 0
19 1856 59 0 0
19 1933 76 0 0
19 1991 87 0 0
19 2097 149 0 0
19 2401 194 0 0
19 2622 228 0 0
19 2802 261 0 0
19 2823 6238 0 0
19 3083 322 0 0
19 3115 370 0 0
19 3303 450 0 0
19 3313 451 0 0
19 3589 6472 0 0
19 3762 6611 0 0
19 4907 1911 0 0
19 5039 1002 0 0
19 5146 1021 0 0
19 5188 1031 0 0
19 5290 1046 0 0
19 5721 7143 0 0
19 6477 1417 0 0
19 6970 7713 0 0
19 7255 1686 0 0
19 7889 1791 0 0
19 8052 7798 0 0
19 8526 1921 0 0
19 8838 7952 0 0
19 9789 8202 0 0
19 9820 10530 0 0
19 12397 11627 0 0
19 13214 2940 0 0
19 13238 2943 0 0
19 14185 3192 0 0
19 16238 9688 0 0
19 16831 9816 0 0
19 17168 3918 0 0
19 17439 3975 0 0
19 17522 9962 0 0
19 17602 4000 0 0
19 18382 4239 0 0
28 29 0 465 0
29 30 86 0 0
38 2564 338 0 0
42 43 0 17 0
45 2366 464 0 0
46 47 0 312 0
47 262 353 0 0
47 818 455 0 0
47 2297 766 0 0
47 11350 3103 0 0
49 50 0 4029 0
50 221 4062 0 0
50 278 4073 0 0
50 703 4152 0 0
50 857 4182 0 0
50 1315 4276 0 0
50 1385 7730 0 0
50 1702 4335 0 0
50 1878 4370 0 0
50 2442 4503 0 0
50 2509 4513 0 0
50 2964 4595 0 0
50 3194 4732 0 0
50 3377 4763 0 0
50 3496 4785 0 0
50 3520 4792 0 0
50 4179 5050 0 0
50 4434 5107 0 0
50 5058 5307 0 0
50 5117 5318 0 0
50 5153 5327 0 0
50 5474 5385 0 0
50 6062 5588 0 0
50 6162 5610 0 0
50 6519 5728 0 0
50 6774 5847 0 0
50 7037 5910 0 0
50 8764 6274 0 0
50 8802 6279 0 0
50 9473 6458 0 0
50 9615 6481 0 0
50 9688 6489 0 0
50 9857 6523 0 0
50 10229 6590 0 0
50 10248 6591 0 0
50 10431 6626 0 0
50 10610 6676 0 0
50 10678 6671 0 0
50 10682 6672 0 0
50 10832 6702 0 0
50 11329 6814 0 0
50 11604 6876 0 0
50 11816 6922 0 0
50 11897 8638 0 0
50 12196 7007 0 0
50 12454 7075 0 0
50 12793 7154 0 0
50 13050 7210 0 0
50 13121 7224 0 0
50 14259 7570 0 0
50 15176 7750 0 0
50 15404 7804 0 0
50 15765 7882 0 0
50 16179 8006 0 0
50 17085 8216 0 0
50 17121 8214 0 0
50 17459 8282 0 0
50 17489 8326 0 0
50 17855 8430 0 0
50 17948 8450 0 0
50 18173 8497 0 0
50 18361 8537 0 0
50 19287 8722 0 0
50 19698 8832 0 0
50 20862 9067 0 0
50 20865 9068 0 0
56 57 0 3843 0
57 59 3843 0 0
57 64 3843 0 0
57 73 3844 0 0
57 82 3847 0 0
57 121 3853 0 0
57 365 3899 0 0
57 373 3900 0 0
57 525 3933 0 0
57 564 3943 0 0
57 647 3954 0 0
57 717 3966 0 0
57 836 3989 0 0
57 851 3992 0 0
57 890 4002 0 0
57 974 4019 0 0
57 1009 4030 0 0
57 1058 4042 0 0
57 1116 4051 0 0
57 1157 4060 0 0
57 1177 4066 0 0
57 1208 4072 0 0
57 1226 4075 0 0
57 1249 4077 0 0
57 1347 4092 0 0
57 1379 4097 0 0
57 1392 4098 0 0
57 1399 4100 0 0
57 1403 4102 0 0
57 1475 4112 0 0
57 1480 4113 0 0
57 1544 4124 0 0
57 1551 7522 0 0
57 1873 4178 0 0
57 1923 4190 0 0
57 1935 4191 0 0
57 1969 4198 0 0
57 1998 4204 0 0
57 2014 4208 0 0
57 2091 4263 0 0
57 2108 4266 0 0
57 2227 4282 0 0
57 2317 4299 0 0
57 2372 4304 0 0
57 2527 4328 0 0
57 2669 4352 0 0
57 2673 4352 0 0
57 2697 4357 0 0
57 2804 4377 0 0
57 2820 4382 0 0
57 2869 4392 0 0
57 2884 4394 0 0
57 2900 4398 0 0
57 3028 7069 0 0
57 3035 4424 0 0
57 3126 4487 0 0
57 3169 4499 0 0
57 3397 4580 0 0
57 3435 4587 0 0
57 3463 4977 0 0
57 3537 4607 0 0
57 3634 4623 0 0
57 3665 4630 0 0
57 3728 4706 0 0
57 3985 5133 0 0
57 4150 4793 0 0
57 4209 4870 0 0
57 4217 4872 0 0
57 4289 4889 0 0
57 4330 4900 0 0
57 4384 4909 0 0
57 4446 4921 0 0
57 4494 4936 0 0
57 4506 4940 0 0
57 4814 5012 0 0
57 4854 5027 0 0
57 4889 5087 0 0
57 5035 5116 0 0
57 5080 5124 0 0
57 5132 5133 0 0
57 5334 5170 0 0
57 5338 5171 0 0
57 5387 5181 0 0
57 5455 5195 0 0
57 5498 5203 0 0
57 5563 5213 0 0
57 5773 5342 0 0
57 5793 5347 0 0
57 6093 5407 0 0
57 6119 5411 0 0
57 6316 5450 0 0
57 6411 5517 0 0
57 6522 5540 0 0
57 6552 5548 0 0
57 6563 5549 0 0
57 6595 5556 0 0
57 6797 5665 0 0
57 7473 5821 0 0
57 7508 5831 0 0
57 7523 5832 0 0
57 7561 5840 0 0
57 8382 6004 0 0
57 8768 6086 0 0
57 8914 6109 0 0
57 9153 6206 0 0
57 9477 6271 0 0
57 9566 6286 0 0
57 9878 6339 0 0
57 10072 6373 0 0
57 10098 6378 0 0
57 10156 6391 0 0
57 10296 6411 0 0
57 10602 8354 0 0
57 10637 6478 0 0
57 10642 6479 0 0
57 10658 6480 0 0
57 10686 6485 0 0
57 11144 6585 0 0
57 11479 6660 0 0
57 11545 6677 0 0
57 11609 6690 0 0
57 11752 6721 0 0
57 11757 6722 0 0
57 11761 6722 0 0
57 11877 6746 0 0
57 11899 8824 0 0
57 11987 6774 0 0
57 12350 6857 0 0
57 12378 6869 0 0
57 12454 6959 0 0
57 12489 6896 0 0
57 12499 6898 0 0
57 12510 6899 0 0
57 12532 6904 0 0
57 12857 6978 0 0
57 12938 6998 0 0
57 12947 6999 0 0
57 13104 7034 0 0
57 13211 7055 0 0
57 13346 7084 0 0
57 13383 7090 0 0
57 13402 7095 0 0
57 13465 7114 0 0
57 13478 7118 0 0
57 13482 7118 0 0
57 13507 7123 0 0
57 13575 7138 0 0
57 13577 7139 0 0
57 13583 7140 0 0
57 13608 7145 0 0
57 13652 7158 0 0
57 13856 7245 0 0
57 14195 7371 0 0
57 14215 7372 0 0
57 14274 7387 0 0
57 14468 7429 0 0
57 14648 7460 0 0
57 14698 7467 0 0
57 14728 7472 0 0
57 14750 7477 0 0
57 14832 7492 0 0
57 14957 7513 0 0
57 15039 7534 0 0
57 15299 7593 0 0
57 15600 7659 0 0
57 15950 7772 0 0
57 16097 7802 0 0
57 16109 7804 0 0
57 16211 7827 0 0
57 16270 7840 0 0
57 16279 7840 0 0
57 16465 7884 0 0
57 16473 7885 0 0
57 16530 7903 0 0
57 16569 7913 0 0
57 16574 7914 0 0
57 16673 7935 0 0
57 16710 7945 0 0
57 16738 7950 0 0
57 16907 7975 0 0
57 17078 8013 0 0
57 17382 8077 0 0
57 17812 8232 0 0
57 18011 8274 0 0
57 18150 8659 0 0
57 18581 8395 0 0
57 18755 8430 0 0
57 18970 8476 0 0
57 19049 8493 0 0
57 19406 8556 0 0
57 19880 8678 0 0
57 20315 8766 0 0
57 20359 8777 0 0
57 20398 8789 0 0
57 20600 8825 0 0
57 20615 8827 0 0
57 20758 8859 0 0
57 20880 8883 0 0
57 20890 8886 0 0
67 20082 0 105 0
71 72 0 3450 0
72 411 3511 0 0
72 664 3564 0 0
72 1119 3658 0 0
72 1634 3746 0 0
72 2910 4005 0 0
72 3387 4183 0 0
72 4106 4389 0 0
72 5831 4959 0 0
72 6646 5236 0 0
72 8504 5639 0 0
72 8866 5707 0 0
72 10375 6030 0 0
72 10721 6094 0 0
72 11984 6379 0 0
72 13897 7062 0 0
72 14575 7054 0 0
72 15048 7142 0 0
72 20104 8328 0 0
85 495 0 257 0
100 717 164 0 0
100 7646 0 63 0
101 102 0 319 0
102 1366 564 0 0
102 2148 742 0 0
102 5889 1832 0 0
102 6326 1921 0 0
102 8873 0 2571 0
103 104 0 2068 0
104 1040 2240 0 0
104 1262 2283 0 0
104 3555 2815 0 0
112 620 0 2937 0
114 115 0 126 0
114 282 0 7647 0
114 559 0 437 0
114 2966 0 37 0
114 3953 0 469 0
114 6680 0 173 0
114 6859 0 46 0
114 9913 0 604 0
114 13080 0 54 0
114 16637 0 178 0
115 1538 4130 0 0
115 3393 4586 0 0
115 10993 6558 0 0
125 1152 2582 0 0
125 1448 2632 0 0
125 3607 3142 0 0
125 7017 4241 0 0
125 8299 4511 0 0
125 9146 4919 0 0
125 14580 5971 0 0
125 18101 6816 0 0
128 20042 4907 0 0
131 132 0 5701 0
142 143 0 5478 0
152 1528 0 44 0
155 14882 3641 0 0
171 5401 222 0 0
192 509 64 0 0
203 204 0 4955 0
204 210 4956 0 0
204 214 4957 0 0
204 238 4962 0 0
204 274 4968 0 0
204 294 4970 0 0
204 302 4971 0 0
204 313 4972 0 0
204 343 4978 0 0
204 387 4986 0 0
204 396 4987 0 0
204 406 4989 0 0
204 431 4993 0 0
204 499 5013 0 0
204 607 5033 0 0
204 621 5034 0 0
204 662 5042 0 0
204 680 5064 0 0
204 682 5045 0 0
204 684 5045 0 0
204 744 5054 0 0
204 789 5061 0 0
204 823 5069 0 0
204 935 5094 0 0
204 1007 5114 0 0
204 1056 5125 0 0
204 1112 5134 0 0
204 1114 5134 0 0
204 1236 5159 0 0
204 1275 5164 0 0
204 1345 5175 0 0
204 1434 5192 0 0
204 1438 5192 0 0
204 1496 5199 0 0
204 1519 5202 0 0
204 1542 5208 0 0
204 1596 5218 0 0
204 1613 5220 0 0
204 1615 5221 0 0
204 1716 5233 0 0
204 1744 5237 0 0
204 1779 5243 0 0
204 1972 5282 0 0
204 1977 5285 0 0
204 2028 5336 0 0
204 2036 5338 0 0
204 2206 5380 0 0
204 2269 5375 0 0
204 2289 5378 0 0
204 2382 5390 0 0
204 2438 5399 0 0
204 2476 5405 0 0
204 2497 5408 0 0
204 2680 5438 0 0
204 2713 5443 0 0
204 2744 5451 0 0
204 2754 5453 0 0
204 2809 5462 0 0
204 2826 5466 0 0
204 2828 5467 0 0
204 2854 5473 0 0
204 2881 5478 0 0
204 2921 5484 0 0
204 2961 5490 0 0
204 3038 5508 0 0
204 3104 5629 0 0
204 3117 5569 0 0
204 3153 5577 0 0
204 3158 5578 0 0
204 3162 5580 0 0
204 3175 5584 0 0
204 3179 5584 0 0
204 3277 5645 0 0
204 3385 5661 0 0
204 3565 5697 0 0
204 3584 5699 0 0
204 3632 5707 0 0
204 3671 5715 0 0
204 3692 5718 0 0
204 3724 5789 0 0
204 3751 5797 0 0
204 3772 5802 0 0
204 3832 5812 0 0
204 3872 5820 0 0
204 3930 5830 0 0
204 3945 5833 0 0
204 4164 5879 0 0
204 4222 5956 0 0
204 4263 5964 0 0
204 4324 5982 0 0
204 4339 5985 0 0
204 4349 5986 0 0
204 4413 5998 0 0
204 4424 6002 0 0
204 4511 6025 0 0
204 4666 6061 0 0
204 4687 6066 0 0
204 4731 6078 0 0
204 4757 6085 0 0
204 4852 6111 0 0
204 4865 6165 0 0
204 4903 6173 0 0
204 4933 6179 0 0
204 4935 6180 0 0
204 5020 6197 0 0
204 5054 6203 0 0
204 5066 6205 0 0
204 5086 6208 0 0
204 5183 6229 0 0
204 5221 6233 0 0
204 5278 6242 0 0
204 5404 6269 0 0
204 5458 6279 0 0
204 5581 6301 0 0
204 5608 6349 0 0
204 5676 6360 0 0
204 5696 6365 0 0
204 5715 6369 0 0
204 5749 6378 0 0
204 5782 6427 0 0
204 5799 6432 0 0
204 5884 6446 0 0
204 5901 6448 0 0
204 5922 6453 0 0
204 5938 6457 0 0
204 5962 6462 0 0
204 5968 6464 0 0
204 5977 6465 0 0
204 6042 6480 0 0
204 6058 6483 0 0
204 6073 6487 0 0
204 6098 6492 0 0
204 6236 6521 0 0
204 6311 6533 0 0
204 6322 6534 0 0
204 6324 6535 0 0
204 6368 6592 0 0
204 6389 6597 0 0
204 6391 6598 0 0
204 6436 6605 0 0
204 6457 6610 0 0
204 6481 6616 0 0
204 6500 6618 0 0
204 6653 6717 0 0
204 6765 6740 0 0
204 6817 6754 0 0
204 6822 6756 0 0
204 6827 6756 0 0
204 6848 7663 0 0
204 6928 6780 0 0
204 6949 6783 0 0
204 6960 6787 0 0
204 6962 6788 0 0
204 6984 6792 0 0
204 6990 6794 0 0
204 6995 6796 0 0
204 7102 6816 0 0
204 7125 6818 0 0
204 7163 6826 0 0
204 7225 6837 0 0
204 7411 6892 0 0
204 7413 6893 0 0
204 7440 6898 0 0
204 7500 6913 0 0
204 7584 6927 0 0
204 7607 6929 0 0
204 7613 6930 0 0
204 7622 6964 0 0
204 7627 6934 0 0
204 7775 6966 0 0
204 7779 6966 0 0
204 7802 6973 0 0
204 7833 6981 0 0
204 7864 6987 0 0
204 7917 6998 0 0
204 7950 7002 0 0
204 7971 7006 0 0
204 7980 7008 0 0
204 8177 9206 0 0
204 8187 8760 0 0
204 8401 7095 0 0
204 8559 7128 0 0
204 8565 7129 0 0
204 8594 7133 0 0
204 8650 7143 0 0
204 8678 7149 0 0
204 8729 7163 0 0
204 8736 7165 0 0
204 8798 7174 0 0
204 8905 7192 0 0
204 8947 7201 0 0
204 8967 7247 0 0
204 8982 7250 0 0
204 9000 7256 0 0
204 9126 7284 0 0
204 9173 7294 0 0
204 9197 7299 0 0
204 9237 7306 0 0
204 9241 7307 0 0
204 9412 7340 0 0
204 9575 7372 0 0
204 9770 7406 0 0
204 9849 7418 0 0
204 9881 7423 0 0
204 10161 7476 0 0
204 10201 7481 0 0
204 10252 7488 0 0
204 10287 7493 0 0
204 10300 7496 0 0
204 10344 7504 0 0
204 10617 7559 0 0
204 10669 7566 0 0
204 10891 7613 0 0
204 10910 7619 0 0
204 10926 7622 0 0
204 10987 7635 0 0
204 11026 7640 0 0
204 11142 7668 0 0
204 11225 7901 0 0
204 11229 7686 0 0
204 11244 7691 0 0
204 11268 7697 0 0
204 11302 7707 0 0
204 11433 7731 0 0
204 11443 7734 0 0
204 11490 7749 0 0
204 11492 7749 0 0
204 11548 7761 0 0
204 11638 7779 0 0
204 11683 7791 0 0
204 11728 7801 0 0
204 11805 7817 0 0
204 11888 7831 0 0
204 11924 7844 0 0
204 11939 7848 0 0
204 11943 7848 0 0
204 11965 7852 0 0
204 12034 7870 0 0
204 12094 7882 0 0
204 12272 7923 0 0
204 12402 7959 0 0
204 12438 8209 0 0
204 12441 7969 0 0
204 12644 8017 0 0
204 12653 8020 0 0
204 12812 8052 0 0
204 12887 8072 0 0
204 13027 8101 0 0
204 13191 8135 0 0
204 13246 8144 0 0
204 13357 8169 0 0
204 13389 8175 0 0
204 13400 8178 0 0
204 13419 8183 0 0
204 13460 8195 0 0
204 13631 8237 0 0
204 13928 8351 0 0
204 14011 8354 0 0
204 14051 8363 0 0
204 14164 8384 0 0
204 14329 8480 0 0
204 14412 8500 0 0
204 14471 8513 0 0
204 14508 8520 0 0
204 14514 8520 0 0
204 14563 8530 0 0
204 14604 8538 0 0
204 14805 8573 0 0
204 14896 8585 0 0
204 14931 8592 0 0
204 14944 8595 0 0
204 15090 8627 0 0
204 15187 8651 0 0
204 15261 8669 0 0
204 15308 8678 0 0
204 15387 8695 0 0
204 15483 8716 0 0
204 15673 8759 0 0
204 15934 8853 0 0
204 16146 8897 0 0
204 16289 8926 0 0
204 16320 8931 0 0
204 16334 8933 0 0
204 16341 8937 0 0
204 16413 8952 0 0
204 16610 9008 0 0
204 16613 9009 0 0
204 16673 9565 0 0
204 16713 9122 0 0
204 16943 9070 0 0
204 16958 9072 0 0
204 17006 9083 0 0
204 17219 9127 0 0
204 17243 9675 0 0
204 17394 9164 0 0
204 17818 9318 0 0
204 18091 9374 0 0
204 18409 9441 0 0
204 18412 9444 0 0
204 18511 9464 0 0
204 18628 9488 0 0
204 18639 9490 0 0
204 18891 9541 0 0
204 19042 9576 0 0
204 19090 9581 0 0
204 19107 9582 0 0
204 19150 9591 0 0
204 19276 9615 0 0
204 19329 9625 0 0
204 19352 9632 0 0
204 19460 9653 0 0
204 19619 9671 0 0
204 19728 9733 0 0
204 19745 9739 0 0
204 19771 9743 0 0
204 20031 9792 0 0
204 20211 9831 0 0
204 20814 9954 0 0
205 553 0 5392 0
213 9117 6453 0 0
219 1412 231 0 0
219 12941 3125 0 0
224 714 25 0 0
224 723 41 0 0
224 725 27 0 0
224 771 34 0 0
224 830 47 0 0
224 841 50 0 0
224 1782 219 0 0
224 5239 1212 0 0
224 5290 153 0 0
224 5678 1337 0 0
224 6529 1611 0 0
224 6880 1930 0 0
224 9342 2303 0 0
224 9822 184 0 0
224 9970 2414 0 0
224 19837 96 0 0
224 19938 113 0 0
224 20100 146 0 0
224 20530 238 0 0
224 20707 272 0 0
241 2188 0 9412 0
248 1137 313 0 0
249 250 0 5566 0
250 567 5629 0 0
250 7160 7428 0 0
250 12265 8524 0 0
250 14674 9148 0 0
250 15280 9274 0 0
250 15632 9352 0 0
250 15941 9456 0 0
250 17185 9723 0 0
252 3218 1065 0 0
252 6091 1924 0 0
252 12204 3339 0 0
262 6943 0 34 0
281 282 0 2710 0
282 308 2713 0 0
282 542 2761 0 0
282 792 2803 0 0
282 1107 2874 0 0
282 1160 2885 0 0
282 1406 6830 0 0
282 1662 2969 0 0
282 1673 7126 0 0
282 1995 3029 0 0
282 2133 3095 0 0
282 3375 3399 0 0
282 3959 3576 0 0
282 4071 3604 0 0
282 4085 3606 0 0
282 4509 3766 0 0
282 4673 3802 0 0
282 5348 3997 0 0
282 5420 4012 0 0
282 5486 4915 0 0
282 5936 4197 0 0
282 6370 4333 0 0
282 6538 4371 0 0
282 6993 4537 0 0
282 7444 4640 0 0
282 7599 4669 0 0
282 7667 4681 0 0
282 7829 4721 0 0
282 8220 4797 0 0
282 8795 5975 0 0
282 9966 5178 0 0
282 10373 5249 0 0
282 11133 5408 0 0
282 11785 5551 0 0
282 13085 5856 0 0
282 13805 6059 0 0
282 14071 6106 0 0
282 14578 6325 0 0
282 15005 7060 0 0
282 16174 6643 0 0
282 16378 6686 0 0
282 16560 6737 0 0
282 16817 6782 0 0
282 16866 6792 0 0
282 17325 6892 0 0
282 17328 6893 0 0
282 17379 6902 0 0
282 17391 6905 0 0
282 17850 7066 0 0
282 18522 7206 0 0
282 18700 7528 0 0
282 18737 7254 0 0
282 18859 7276 0 0
282 18932 7293 0 0
282 19263 7353 0 0
282 19501 7400 0 0
282 20282 7586 0 0
282 20629 7654 0 0
282 20696 7670 0 0
282 20781 7688 0 0
291 292 0 2109 0
89341 89342 673 0 0
355 885 0 5392 0
357 426 11 0 0
357 20688 354 0 0
379 380 0 115 0
379 441 0 126 0
379 495 0 176 0
379 551 0 401 0
379 2601 0 1725 0
379 6843 0 653 0
379 7497 0 491 0
379 8140 0 2335 0
379 8145 0 2325 0
379 8301 0 2285 0
379 8896 0 2106 0
379 9573 0 2140 0
379 9627 0 1837 0
379 10371 0 1673 0
379 10497 0 2035 0
379 10800 0 1541 0
379 10966 0 1483 0
379 11076 0 1439 0
379 11299 0 1349 0
379 11682 0 1240 0
379 12056 0 1095 0
379 12179 0 1057 0
379 12359 0 981 0
379 12609 0 886 0
379 12623 0 869 0
379 12669 0 845 0
379 12911 0 774 0
379 13292 0 634 0
379 13304 0 628 0
379 13543 0 544 0
379 13594 0 503 0
379 13630 0 479 0
379 13637 0 469 0
379 13792 0 358 0
379 13834 0 327 0
379 13932 0 296 0
379 14001 0 278 0
379 14193 0 88 0
379 14267 0 61 0
379 14342 0 41 0
379 14782 0 147 0
379 14929 0 186 0
379 14967 0 200 0
379 16008 0 96 0
379 18028 672 138 0
379 18282 0 56 0
379 18578 0 114 0
379 18700 0 57 0
379 18795 0 25 0
379 19028 883 64 0
379 19485 0 129 0
379 19801 0 72 0
379 19835 0 62 0
379 19851 1066 56 0
415 620 0 3196 0
417 418 0 703 0
420 13860 0 1107 0
425 9024 55 0 0
425 9105 70 0 0
425 9440 139 0 0
425 10608 348 0 0
439 1257 252 0 0
443 444 0 811 0
444 2445 38 0 0
444 2534 52 0 0
444 9055 5204 0 0
444 12980 6635 0 0
457 14061 3248 0 0
457 16250 500 0 0
457 18719 1089 0 0
469 2307 11 0 0
469 2311 12 0 0
469 2345 16 0 0
469 2347 16 0 0
469 2349 16 0 0
469 2354 17 0 0
469 2361 17 0 0
469 2391 21 0 0
469 2393 22 0 0
469 2395 22 0 0
469 2418 26 0 0
469 2431 28 0 0
469 2436 29 0 0
469 2455 30 0 0
469 2459 32 0 0
469 2493 37 0 0
469 2518 40 0 0
469 2560 48 0 0
469 2562 48 0 0
469 2582 50 0 0
469 2584 51 0 0
469 2613 55 0 0
469 2653 63 0 0
469 2655 63 0 0
469 2700 72 0 0
469 2770 85 0 0
469 2861 105 0 0
469 3015 131 0 0
469 3020 132 0 0
469 3046 4370 0 0
469 3062 145 0 0
469 3132 203 0 0
469 3320 281 0 0
469 3658 343 0 0
469 3688 348 0 0
469 4191 580 0 0
469 4295 605 0 0
469 4303 607 0 0
469 4411 628 0 0
469 4470 643 0 0
469 5232 865 0 0
469 5280 872 0 0
469 6130 1127 0 0
469 6199 1143 0 0
469 6753 1366 0 0
469 6880 1570 0 0
469 7588 1557 0 0
469 7975 1637 0 0
469 8040 1654 0 0
469 8179 1680 0 0
469 8526 1759 0 0
469 8699 1787 0 0
469 9021 1893 0 0
469 9151 1920 0 0
469 9820 2042 0 0
469 10807 2221 0 0
469 11115 2293 0 0
469 11123 2295 0 0
469 11581 2398 0 0
469 12206 2536 0 0
469 12208 2536 0 0
469 13147 2755 0 0
469 13936 2972 0 0
469 14457 3140 0 0
469 14545 3155 0 0
469 15434 3335 0 0
469 16511 3608 0 0
469 17360 3789 0 0
469 18169 4022 0 0
469 18182 4024 0 0
469 20084 4556 0 0
492 13540 3205 0 0
524 766 40 0 0
524 1271 146 0 0
547 2305 360 0 0
550 551 0 2130 0
551 650 1661 0 0
551 1534 2315 0 0
551 5510 3398 0 0
551 8704 4265 0 0
551 11690 320 0 0
551 13842 38 0 0
551 13863 41 0 0
551 13895 47 0 0
551 13954 56 0 0
551 14310 187 0 0
551 14337 192 0 0
551 14754 272 0 0
551 14824 285 0 0
551 15073 334 0 0
551 15147 352 0 0
551 15163 354 0 0
551 15254 378 0 0
551 15339 395 0 0
551 15364 401 0 0
551 15422 414 0 0
551 15499 431 0 0
551 15511 435 0 0
551 15610 456 0 0
551 15630 461 0 0
551 15636 461 0 0
551 15652 486 0 0
551 15772 491 0 0
551 15832 505 0 0
551 15880 555 0 0
551 15923 563 0 0
551 15931 564 0 0
551 15957 568 0 0
551 16045 585 0 0
551 16131 604 0 0
551 16273 635 0 0
551 16298 638 0 0
551 16313 642 0 0
551 16395 659 0 0
551 16409 6060 0 0
551 16445 672 0 0
551 16538 702 0 0
551 16635 724 0 0
551 16647 727 0 0
551 16659 727 0 0
551 16694 737 0 0
551 16703 739 0 0
551 16902 769 0 0
551 16979 787 0 0
551 17040 800 0 0
551 17061 804 0 0
551 17144 824 0 0
551 17162 827 0 0
551 17188 832 0 0
551 17217 838 0 0
551 17233 841 0 0
551 17241 842 0 0
551 17284 852 0 0
551 17338 865 0 0
551 17403 877 0 0
551 17411 878 0 0
551 17453 887 0 0
551 17455 888 0 0
551 17539 901 0 0
551 17567 905 0 0
551 17572 1677 0 0
551 17578 906 0 0
551 17681 931 0 0
551 17838 1280 0 0
551 17905 1045 0 0
551 17943 1057 0 0
551 18016 1070 0 0
551 18054 1080 0 0
551 18077 1081 0 0
551 18086 1082 0 0
551 18089 1084 0 0
551 18194 1106 0 0
551 18196 1108 0 0
551 18204 1110 0 0
551 18211 1112 0 0
551 18246 1118 0 0
551 18295 1129 0 0
551 18358 1143 0 0
551 18369 1146 0 0
551 18405 1152 0 0
551 18710 1219 0 0
551 18841 1247 0 0
551 19004 7981 0 0
551 19058 1289 0 0
551 19092 1292 0 0
551 19115 1294 0 0
551 19146 1301 0 0
551 19225 1315 0 0
551 19260 1323 0 0
551 19319 1334 0 0
551 19443 1363 0 0
551 19454 1364 0 0
551 19489 1369 0 0
551 19494 1369 0 0
551 19513 1373 0 0
551 19623 1382 0 0
551 19732 1447 0 0
551 19763 1453 0 0
551 19798 1459 0 0
551 19946 1486 0 0
551 19948 1485 0 0
551 19992 1496 0 0
551 20097 1516 0 0
551 20252 1549 0 0
551 20323 1564 0 0
551 20504 1600 0 0
551 20532 1608 0 0
551 20566 1617 0 0
551 20632 1624 0 0
551 20654 1630 0 0
551 20868 1676 0 0
551 20883 1679 0 0
555 556 0 336 0
556 4246 1272 0 0
556 12696 3344 0 0
559 2052 26 0 0
559 2061 17 0 0
559 2153 33 0 0
559 2622 2085 0 0
559 2966 167 0 0
559 9100 1955 0 0
559 9799 618 0 0
559 12235 2593 0 0
559 15634 28 0 0
559 18716 786 0 0
559 19237 4285 0 0
559 19239 2962 0 0
583 584 0 2878 0
584 5545 4143 0 0
619 620 0 2774 0
620 1165 2886 0 0
620 1203 2895 0 0
620 1264 2903 0 0
620 1382 2920 0 0
620 1712 6376 0 0
620 1811 2989 0 0
620 1821 3134 0 0
620 1830 2992 0 0
620 1902 3010 0 0
620 1952 3019 0 0
620 2001 3029 0 0
620 2271 3131 0 0
620 2856 3213 0 0
620 2875 3217 0 0
620 3242 3376 0 0
620 3274 3384 0 0
620 3308 3389 0 0
620 3701 3844 0 0
620 4228 3780 0 0
620 4557 3772 0 0
620 4650 3795 0 0
620 4728 3817 0 0
620 5264 3980 0 0
620 5579 4092 0 0
620 6029 4216 0 0
620 6483 4357 0 0
620 7100 4556 0 0
620 7154 4572 0 0
620 7180 4570 0 0
620 7429 4636 0 0
620 7929 4740 0 0
620 8107 4776 0 0
620 8860 5084 0 0
620 8992 4993 0 0
620 9548 5108 0 0
620 9893 5280 0 0
620 9923 5169 0 0
620 10026 5191 0 0
620 10089 5201 0 0
620 10719 5367 0 0
620 11103 5398 0 0
620 11447 5477 0 0
620 12159 5653 0 0
620 12848 5800 0 0
620 13094 5903 0 0
620 13708 5994 0 0
620 14314 6218 0 0
620 14623 6280 0 0
620 14651 6285 0 0
620 14775 6306 0 0
620 14996 6416 0 0
620 15058 6361 0 0
620 15818 6531 0 0
620 16127 7102 0 0
620 16155 7123 0 0
620 16417 6693 0 0
620 16451 7162 0 0
620 16891 6797 0 0
620 17000 6821 0 0
620 17135 6852 0 0
620 17399 6905 0 0
620 17773 7048 0 0
620 17932 7082 0 0
620 18451 7194 0 0
620 18559 7281 0 0
620 19186 7339 0 0
620 19810 7489 0 0
620 19904 7506 0 0
620 19920 7609 0 0
644 645 0 596 0
716 5589 1252 0 0
737 738 0 741 0
818 856 0 339 0
821 822 0 358 0
822 2115 639 0 0
828 829 0 5557 0
829 1693 5717 0 0
845 4551 958 0 0
856 15066 3883 0 0
860 1743 0 3307 0
864 865 0 4757 0
864 11088 2789 0 0
865 11088 7341 0 0
885 8286 7377 0 0
885 11559 8071 0 0
885 12891 8379 0 0
885 203850 39 0 0
887 980 21 0 0
925 8564 0 2782 0
959 1063 27 0 0
959 1406 88 0 0
959 2564 345 0 0
985 12381 4145 0 0
985 16428 4177 0 0
986 15493 3898 0 0
998 1123 2623 0 0
998 1733 4789 0 0
998 2117 2837 0 0
998 4477 3500 0 0
998 5687 3849 0 0
998 5689 678 0 0
998 7907 4481 0 0
998 7924 4486 0 0
998 8458 4595 0 0
998 8744 4653 0 0
998 9064 4758 0 0
998 9475 4841 0 0
998 9799 3423 0 0
998 9807 4897 0 0
998 10437 5015 0 0
998 12045 5359 0 0
998 13971 5834 0 0
998 14098 5856 0 0
998 14683 6033 0 0
1072 1533 0 4881 0
1076 1077 0 5307 0
1091 1273 33 0 0
1091 2044 207 0 0
1091 3095 2131 0 0
1121 1122 0 602 0
1122 7827 2444 0 0
1122 10417 2985 0 0
1137 2384 0 30 0
1137 6467 0 61 0
1137 6545 478 0 0
1137 9401 0 213 0
1137 15420 0 6672 0
1137 17680 0 310 0
1171 1172 0 910 0
1172 1665 988 0 0
1172 5649 2115 0 0
1172 6398 2359 0 0
1172 7242 2641 0 0
1172 7973 2766 0 0
1172 18449 5213 0 0
1287 1288 0 2875 0
1288 14723 6263 0 0
1288 18834 7239 0 0
1288 18977 7269 0 0
1317 1318 0 1605 0
1318 1319 178 0 0
1324 1325 0 2283 0
1325 4483 3127 0 0
1325 11018 4948 0 0
1376 2601 315 0 0
1376 17868 2355 0 0
1406 16184 0 233 0
1467 1686 34 0 0
1467 2082 149 0 0
1478 1479 0 5829 0
1524 1681 180 0 0
1561 1562 253 0 0
1563 1657 133 0 0
1646 1681 0 776 0
1646 2185 135 0 0
1646 6401 2595 0 0
1646 6746 1509 0 0
1680 1681 0 621 0
1681 2325 774 0 0
1681 2552 807 0 0
1681 2746 843 0 0
1681 2792 850 0 0
1681 4387 1384 0 0
1681 5044 1593 0 0
1681 5954 1852 0 0
1681 6188 1902 0 0
1681 6401 1997 0 0
1681 6584 2028 8 0
1681 11533 3150 0 0
1681 15872 4232 0 0
1704 1705 0 3793 0
1705 2783 4019 0 0
1705 10914 6182 0 0
1743 6252 1288 0 0
1800 1801 0 3965 0
1801 1802 30 0 0
1819 1820 0 2205 0
1821 2188 0 5741 0
1866 1867 0 5607 0
1867 7903 7340 0 0
1870 1871 0 675 0
1872 3032 448 0 0
1872 7580 9 0 0
1872 9664 2119 0 0
1877 2190 96 0 0
1951 2762 175 0 0
1956 6526 39 0 0
1956 6697 140 0 0
1956 6880 181 0 0
1956 6882 181 0 0
1956 7027 219 0 0
1956 7170 242 0 0
1956 7415 307 0 0
1956 7750 376 0 0
1956 8124 455 0 0
1956 8339 493 0 0
1956 8827 593 0 0
1956 9109 695 0 0
1956 10481 943 0 0
1956 11612 1188 0 0
1956 12397 2824 0 0
1956 15647 2167 0 0
1956 16678 2434 0 0
2000 2144 68 0 0
2000 2378 102 0 0
2000 3518 399 0 0
2000 3867 531 0 0
2000 5912 1164 0 0
2000 7262 1601 0 0
2000 13706 2966 0 0
2017 18907 4254 0 0
2044 3095 1924 1203 0
2058 2059 0 1148 0
2059 8151 2851 0 0
2059 9185 3105 0 0
2059 13811 4127 0 0
2066 9276 3516 0 0
2066 10488 758 0 0
2099 7127 1469 0 0
2102 2576 70 0 0
2164 2165 0 51 0
2184 2202 153 0 0
2184 2313 174 0 0
2184 2358 26 0 0
2184 2451 38 0 0
2184 2567 57 0 0
2184 2688 329 0 0
2184 7675 13 0 0
2184 7926 71 0 0
2184 8269 138 0 0
2188 2840 8549 0 0
2188 4850 6491 0 0
2188 11957 8230 0 0
2214 3613 339 0 0
2221 17293 3778 0 0
2250 2251 0 67 0
2277 12990 2769 0 0
2351 6496 203 0 0
2351 14427 8490 0 0
2358 7896 0 39 0
2358 16312 0 10 0
2386 7871 2230 0 0
2386 11060 48 0 0
2386 11567 164 0 0
2386 11707 192 0 0
2386 11770 206 0 0
2386 11973 253 0 0
2386 12516 3635 0 0
2386 13472 598 0 0
2386 17920 1738 0 0
2386 20298 2244 0 0
2386 20634 2312 0 0
2451 16312 0 39 0
2475 2615 20 0 0
2485 2486 0 1064 0
2493 2584 35 0 0
2493 2770 81 0 0
2495 2496 0 742 0
2530 2531 0 1166 0
2539 2540 0 3616 0
2540 4633 4253 0 0
2540 7898 5195 0 0
2540 10033 5654 0 0
2540 10784 5788 0 0
2540 11660 5985 0 0
2540 13839 6529 0 0
2540 19396 7840 0 0
2573 2574 0 4824 0
2574 2778 4861 0 0
2601 2931 63 0 0
2601 2989 170 0 0
2601 5897 1024 0 0
2743 2981 46 0 0
2750 2751 0 835 0
2781 3630 0 1168 0
2806 3611 243 0 0
2806 9903 1966 0 0
2846 3674 245 0 0
2846 12518 2513 0 0
2846 14124 180 0 0
2880 3032 29 0 0
2880 3088 45 0 0
2977 2978 0 2502 0
3005 14089 2869 0 0
3032 8117 0 312 0
3068 3360 140 0 0
3095 3123 47 0 0
3095 13151 2602 0 0
3107 3110 42 0 0
3107 3130 46 0 0
3107 3145 50 0 0
3107 3201 103 0 0
3107 3286 120 0 0
3107 3479 153 0 0
3107 3582 173 0 0
3107 3600 176 0 0
3107 3603 176 0 0
3107 3780 278 0 0
3107 3845 288 0 0
3107 4036 326 0 0
3107 4098 340 0 0
3107 4232 432 0 0
3107 4341 459 0 0
3107 4419 474 0 0
3107 4422 475 0 0
3107 4487 492 0 0
3107 4527 502 0 0
3107 4543 505 0 0
3107 4776 564 0 0
3107 4785 566 0 0
3107 4800 568 0 0
3107 4884 644 0 0
3107 4926 652 0 0
3107 5228 708 0 0
3107 5533 768 0 0
3107 5577 773 0 0
3107 5598 778 0 0
3107 5870 918 0 0
3107 5907 924 0 0
3107 5926 929 0 0
3107 5940 931 0 0
3107 6006 946 0 0
3107 6075 962 0 0
3107 6334 1014 0 0
3107 6429 1078 0 0
3107 6541 1104 0 0
3107 6790 1222 0 0
3107 6805 1224 0 0
3107 6973 1264 0 0
3107 7213 1308 0 0
3107 7219 1310 0 0
3107 7425 1369 0 0
3107 7464 1378 0 0
3107 7708 1422 0 0
3107 7956 1477 0 0
3107 8126 1515 0 0
3107 8263 1540 0 0
3107 8319 1549 0 0
3107 8347 1555 0 0
3107 8369 1559 0 0
3107 8395 1566 0 0
3107 8433 1576 0 0
3107 8526 1607 0 0
3107 8585 1607 0 0
3107 8589 1607 0 0
3107 8789 1647 0 0
3107 8945 1675 0 0
3107 9091 1752 0 0
3107 9315 1795 0 0
3107 9361 1806 0 0
3107 9397 1811 0 0
3107 9485 1830 0 0
3107 9859 1894 0 0
3107 10185 1954 0 0
3107 10413 1993 0 0
3107 10486 2004 0 0
3107 10764 2056 0 0
3107 11177 2149 0 0
3107 11199 2154 0 0
3107 11227 2160 0 0
3107 11255 2168 0 0
3107 11903 2314 0 0
3107 12391 2431 0 0
3107 12393 2431 0 0
3107 12449 2444 0 0
3107 12618 2485 0 0
3107 12681 2502 0 0
3107 12867 2539 0 0
3107 12954 2559 0 0
3107 13187 2608 0 0
3107 13243 2616 0 0
3107 13381 2648 0 0
3107 13428 2659 0 0
3107 13560 2694 0 0
3107 13628 2709 0 0
3107 13720 2730 0 0
3107 14113 2847 0 0
3107 14499 2991 0 0
3107 14640 3017 0 0
3107 14746 3033 0 0
3107 14935 3067 0 0
3107 15613 3220 0 0
3107 15708 3238 0 0
3107 16022 3343 0 0
3107 16090 3358 0 0
3107 16996 3553 0 0
3107 17022 3561 0 0
3107 17693 3697 0 0
3107 18060 3842 0 0
3107 18180 3868 0 0
3107 18904 4020 0 0
3107 19017 4043 0 0
3107 19103 4056 0 0
3107 19409 4114 0 0
3107 19475 4129 0 0
3107 19933 4246 0 0
3107 20070 4274 0 0
3107 20362 4338 0 0
3107 20812 4427 0 0
3164 8207 437 0 0
3196 3297 20 0 0
3196 14495 2861 0 0
3208 3209 0 2279 0
3241 3905 39 0 0
3241 5711 581 0 0
3241 12480 2191 0 0
3241 12929 2293 0 0
3241 15157 2855 0 0
3241 18574 3690 0 0
3270 3328 11 0 0
3270 3334 12 0 0
3270 3364 15 0 0
3270 3449 31 0 0
3270 3459 33 0 0
3270 3483 78 0 0
3270 3587 58 0 0
3270 3813 167 0 0
3270 3856 175 0 0
3270 3879 179 0 0
3270 3937 190 0 0
3270 3974 197 0 0
3270 4615 405 0 0
3270 4708 430 0 0
3270 4827 457 0 0
3270 6468 993 0 0
3270 7629 1292 0 0
3270 8526 1496 0 0
3270 9467 1712 0 0
3270 12357 2303 0 0
3270 16339 3294 0 0
3270 16526 3344 0 0
3270 20197 4187 0 0
3270 20668 14 0 0
3270 20710 24 0 0
3270 20852 55 0 0
3295 3332 7 0 0
3322 6139 848 0 0
3351 3352 0 1579 0
3366 3367 0 1502 0
3367 12572 3842 0 0
3407 3677 0 3685 0
3407 3709 0 129 0
3407 3972 0 109 0
3451 3452 0 4616 0
3469 17362 3482 0 0
3509 8164 1362 0 0
3522 3523 0 68 0
3523 5633 733 0 0
3630 7428 0 2367 0
3673 9076 1561 0 0
3677 11875 5798 0 0
3677 17713 7248 0 0
3701 5063 0 35 0
3704 3782 2091 0 0
3704 4029 129 0 0
3704 4273 246 0 0
3704 20091 5960 0 0
3709 12381 3041 0 0
3716 3717 0 247 0
3717 4381 451 0 0
3717 4515 485 0 0
3764 4215 154 0 0
3838 3950 23 0 0
3855 3921 280 0 0
3855 3947 0 32 0
3855 3988 49 0 0
3855 4160 63 0 0
3855 4171 132 84 0
3855 4182 68 92 0
3855 4256 249 0 0
3855 4491 203 0 0
3855 4643 3244 0 0
3855 4839 0 45 0
3855 4997 3857 0 0
3855 5022 1065 0 0
3855 5103 633 21 0
3855 5119 0 19 0
3855 6958 969 0 0
3855 7007 5706 0 0
3855 7110 3629 0 0
3855 8147 3086 0 0
3855 8526 1327 0 0
3855 9017 5342 0 0
3855 11720 11538 0 0
3855 13700 2436 0 0
3855 17483 13267 0 0
3855 17806 3499 0 0
3855 19072 20529 0 0
3884 3885 0 2945 0
3885 165417 0 16 0
3908 17192 0 679 0
3921 3947 0 43 0
3921 4171 0 333 0
3921 5119 0 276 0
3925 3926 0 988 0
3935 3936 0 3919 0
3939 4017 17 0 0
3939 4026 19 0 0
3939 5005 260 0 0
3939 5008 260 0 0
3939 5122 42 0 0
3939 9897 159 0 0
3939 10453 259 0 0
3939 11185 159 0 0
3939 11851 630 0 0
3939 12216 1799 0 0
3939 14029 604 0 0
3939 19777 1531 0 0
3939 238851 596 0 0
3947 4256 135 0 0
3947 4643 1947 0 0
3947 4997 414 0 0
3947 5022 438 0 0
3947 5103 526 0 0
3947 7007 1510 0 0
3947 7110 1221 0 0
3947 11720 1991 0 0
3947 17483 4010 0 0
3947 19072 3749 0 0
3972 9618 1648 0 0
3972 20441 4149 0 0
3988 4182 0 114 0
3990 4169 38 0 0
4039 4040 0 3146 0
4040 10717 4864 0 0
4040 14371 5784 0 0
4046 4047 0 116 0
4137 4138 0 5684 0
4171 4182 0 147 0
4171 4256 97 0 0
4171 4266 89 104 0
4171 4643 1201 0 0
4171 4839 0 100 0
4171 4997 3398 16 0
4171 5022 568 11 0
4171 5103 580 66 0
4171 5119 0 51 0
4171 7007 4621 0 0
4171 7110 2305 0 0
4171 9595 1493 0 0
4171 11720 9499 0 0
4171 17483 5965 0 0
4171 19072 16766 0 0
4182 4266 43 0 0
4182 4643 1145 0 0
4182 4839 0 75 0
4182 4997 805 0 0
4182 5022 299 0 0
4182 5103 109 36 0
4182 5119 0 42 0
4182 7007 3292 0 0
4182 8147 1911 0 0
4182 9017 3988 0 0
4182 11720 6695 0 0
4182 19072 10386 0 0
4182 20292 3900 0 0
4199 12314 308 0 0
4199 17013 1508 0 0
4199 17416 1542 0 0
4235 4534 72 0 0
4266 4839 0 80 0
4266 5103 104 48 0
4266 5119 0 49 0
4283 4284 0 38 0
4283 12774 0 27 0
4284 4691 133 0 0
4292 4293 0 2354 0
4307 4308 499 4615 0
4326 4327 0 4215 0
4327 4503 4257 0 0
4366 4367 0 3054 0
4577 4578 0 1474 0
4578 9111 2718 0 0
4586 15658 39 0 0
4586 16731 316 0 0
4596 4597 0 1145 0
4609 4610 0 1419 0
4613 4614 0 4664 0
4614 11088 6274 0 0
4621 9722 70 0 0
4621 9935 84 0 0
4621 11398 375 0 0
4621 11543 412 0 0
4621 13218 807 0 0
4643 5103 318 1970 0
4643 5119 0 548 0
4672 9375 758 0 0
4672 19214 424 0 0
4685 5445 0 203 0
4690 18184 3329 0 0
4721 7615 0 248 0
4737 9529 1288 0 0
4818 4819 0 5597 0
4819 4820 338 0 0
4819 4822 331 0 0
4819 28003 154 0 0
4829 4863 13 0 0
4839 4997 84 0 0
4839 5022 89 0 0
4839 5103 184 0 0
4839 7007 1936 0 0
4839 11720 1738 0 0
4899 4900 0 1505 0
4908 4909 0 3895 0
4909 5362 3981 0 0
4909 6289 4322 0 0
4909 8107 4899 0 0
4909 9756 5125 0 0
4909 18023 7081 0 0
4909 19284 7338 0 0
4920 4921 0 3374 0
4941 7079 630 0 0
4941 8013 837 0 0
4941 8722 980 0 0
4941 15159 2461 0 0
4941 17727 3114 0 0
4945 4946 0 44 0
4946 5235 97 0 0
4946 8958 1064 0 0
4946 10984 1496 0 0
4946 11163 1532 0 0
4946 14957 2521 0 0
4946 15263 2530 0 0
4970 12558 0 2053 0
4997 5103 349 278 0
5019 5313 53 0 0
5063 5111 9 0 0
5063 5142 15 0 0
5063 5151 17 0 0
5063 5164 21 0 0
5063 5185 25 0 0
5063 5219 29 0 0
5063 5515 87 0 0
5063 5651 151 0 0
5063 5942 253 0 0
5063 5944 254 0 0
5063 6922 574 0 0
5063 7432 692 0 0
5063 8854 978 0 0
5063 9603 1171 0 0
5063 9970 1304 0 0
5063 10488 1326 0 0
5063 12648 1814 0 0
5063 16214 2707 0 0
5063 17311 3241 0 0
5063 17737 3093 0 0
5063 19162 3396 0 0
5063 20015 3585 0 0
5063 20340 3652 0 0
5103 7007 4304 0 0
5103 7110 2018 0 0
5103 8147 832 0 0
5103 11720 6108 0 0
5103 19072 9871 0 0
5119 5479 67 0 0
5119 7110 603 0 0
5119 11720 1603 0 0
5119 17483 3627 0 0
5119 19072 3365 0 0
5209 13780 20 0 0
5209 15479 424 0 0
5209 17418 77 0 0
5209 18338 335 0 0
5209 18878 1247 0 0
5209 20353 2361 0 0
5238 12320 812 0 0
5257 8564 0 15 0
5275 5863 202 0 0
5310 7969 0 2374 0
5342 6143 244 0 0
5427 7138 549 0 0
5445 5767 0 192 0
5445 14127 0 202 0
5486 5933 0 45 0
5486 16649 0 724 0
5549 5550 0 147 0
5579 5854 0 6512 0
5591 8878 886 0 0
5618 5619 0 4052 0
5635 6558 279 0 0
5691 19386 3274 0 0
5721 6027 0 1169 0
5723 5724 0 434 0
5756 10602 4084 0 0
5766 5767 0 3806 0
5767 7281 8547 0 0
5767 7299 8547 0 0
5767 7400 8547 0 0
5767 19520 8547 0 0
5767 19523 8547 0 0
5767 19525 8547 0 0
5767 19527 8547 0 0
5767 19529 8547 0 0
5767 19531 8547 0 0
5767 19534 8547 0 0
5767 19537 8547 0 0
5767 19539 18 0 0
5767 19541 8547 0 0
5767 19543 8547 0 0
5767 19552 8547 0 0
5767 19554 8547 0 0
5767 19557 8547 0 0
5767 19560 8547 0 0
5767 19562 8547 0 0
5767 19565 8547 0 0
5767 19570 8547 0 0
5767 19572 8547 0 0
5767 19574 8547 0 0
5767 19577 8547 0 0
5767 19580 8547 0 0
5767 19583 8547 0 0
5767 19585 8547 0 0
5767 19587 8547 0 0
5803 6277 94 0 0
5810 5811 0 40 0
5821 5822 0 5784 0
5825 5826 0 2431 0
5830 5992 33 0 0
5854 8854 7372 0 0
5881 9334 881 0 0
5881 16830 2622 0 0
5964 9697 927 0 0
5976 12862 1600 0 0
6012 6013 0 5496 0
6024 6025 0 1970 0
6121 6504 123 0 0
6122 6260 30 0 0
6122 6802 254 0 0
6199 8564 0 2664 0
6297 6650 186 0 0
6349 8548 582 0 0
6388 7046 210 0 0
6388 8489 517 0 0
6388 9234 709 0 0
6388 12730 1441 0 0
6388 13125 1525 0 0
6388 19785 3150 0 0
6407 11018 1086 0 0
6438 8972 642 0 0
6438 12906 1468 0 0
6452 18085 14 0 0
6462 6463 0 3724 0
6479 6480 0 484 0
6480 6593 507 0 0
6480 17408 3035 0 0
6507 6508 0 2004 0
6507 13470 0 328 0
6560 15736 2141 0 0
6583 10415 884 0 0
6620 6621 0 3893 0
6628 10737 926 0 0
6673 7090 91 0 0
6680 6681 18 0 0
6684 6685 0 7471 0
6707 8920 467 0 0
6707 11531 1032 0 0
6710 6711 0 970 0
6813 8065 277 0 0
6880 11608 0 547 0
6886 6887 0 2063 0
6944 6945 0 3478 0
6954 13999 1589 0 0
6956 6957 0 222 0
7010 7011 0 2669 0
7020 7438 96 0 0
7020 7814 174 0 0
7020 8539 321 0 0
7020 8930 393 0 0
7020 10329 697 0 0
7020 16101 2085 0 0
7137 7948 180 0 0
7142 7143 0 2522 0
7142 9941 594 0 0
7143 7144 47 0 0
7144 14262 267 0 0
7154 18913 0 191 0
7187 7188 0 3543 0
7227 7228 0 3862 0
7253 7254 0 40 0
7254 14810 1728 0 0
7264 7265 0 4954 0
7428 19214 18 0 0
7429 10361 0 91 0
7492 7493 0 62 0
7493 7977 158 0 0
7580 11838 0 61 0
7615 7855 55 0 0
7615 8277 138 0 0
7615 8609 207 0 0
7615 10139 539 0 0
7615 10357 577 0 0
7615 11346 785 0 0
7647 7648 0 828 0
7675 7896 0 11 0
7675 16495 0 44 0
7714 12072 929 0 0
7870 8522 131 0 0
7870 9392 348 0 0
7870 15814 1802 0 0
7893 12588 0 36 0
7896 7966 13 0 0
7896 8269 75 0 0
7896 8354 90 0 0
7896 8818 186 0 0
7896 8829 187 0 0
7896 8847 189 0 0
7926 16312 0 538 0
7969 10804 290 0 0
7969 12381 429 0 0
7993 13226 1128 0 0
8032 9420 320 0 0
8123 8222 17 0 0
8227 10848 543 0 0
8269 16312 0 68 0
8292 8293 0 5255 0
8293 8581 5317 0 0
8362 8452 24 0 0
8362 9375 251 0 0
8362 18052 36 0 0
8364 8365 0 4858 0
8401 11838 0 35 0
8415 9718 0 7928 0
8420 10786 643 0 0
8420 10936 525 0 0
8533 8842 60 0 0
8533 14830 1455 0 0
8536 9634 258 0 0
8536 11293 581 0 0
8536 13880 1213 0 0
8536 16225 1792 0 0
8536 19855 2635 0 0
8564 8633 13 0 0
8564 8784 45 0 0
8564 8787 45 0 0
8564 8869 58 0 0
8564 8887 62 0 0
8564 8897 64 0 0
8564 9058 142 0 0
8564 9083 148 0 0
8564 9149 1424 0 0
8564 9170 166 0 0
8564 9730 2745 0 0
8564 9889 296 0 0
8564 9944 305 0 0
8564 10570 420 0 0
8564 11321 581 0 0
8564 11618 647 0 0
8564 11792 685 0 0
8564 12082 753 0 0
8564 12162 768 0 0
8564 12171 770 0 0
8564 12174 771 0 0
8564 12416 835 0 0
8564 13022 972 0 0
8564 13059 980 0 0
8564 13487 1075 0 0
8564 13819 1193 78 0
8564 13831 1198 0 0
8564 13875 1206 0 0
8564 13933 1214 0 0
8564 14031 1230 0 0
8564 14038 1233 0 0
8564 14053 1236 0 0
8564 14234 1333 0 0
8564 14243 1334 0 0
8564 14284 1344 0 0
8564 14359 1358 0 0
8564 14366 1360 0 0
8564 14501 1468 0 0
8564 14519 1393 0 0
8564 14572 1404 0 0
8564 14778 1438 0 0
8564 14845 1451 0 0
8564 14848 1451 0 0
8564 14922 1463 0 0
8564 15033 1610 0 0
8564 15061 1494 0 0
8564 15119 1506 0 0
8564 15153 1514 0 0
8564 15199 1526 0 0
8564 15395 1570 0 0
8564 15463 1585 0 0
8564 15652 394 0 0
8564 15706 1636 0 0
8564 15752 1647 0 0
8564 15912 1721 0 0
8564 15925 1724 0 0
8564 15945 1727 0 0
8564 15977 1731 0 0
8564 16086 1756 0 0
8564 16203 1781 0 0
8564 16291 1798 0 0
8564 16326 1804 0 0
8564 16656 1888 0 0
8564 16700 1899 0 0
8564 16843 1918 0 0
8564 16881 1926 0 0
8564 16922 1936 0 0
8564 16950 1943 0 0
8564 16969 1947 0 0
8564 17063 1966 0 0
8564 17193 1994 0 0
8564 17246 2005 0 0
8564 17306 2020 0 0
8564 17462 2050 0 0
8564 17524 2062 0 0
8564 17766 2177 0 0
8564 17799 2185 0 0
8564 17909 2207 0 0
8564 17917 2211 0 0
8564 18019 2232 0 0
8564 18175 2266 0 0
8564 18267 2284 0 0
8564 18320 2296 0 0
8564 18443 2324 0 0
8564 18504 2334 0 0
8564 18539 2344 0 0
8564 18564 2348 0 0
8564 18636 2362 0 0
8564 18706 2378 0 0
8564 18750 2386 0 0
8564 18799 2398 0 0
8564 19376 2506 0 0
8564 19446 2524 0 0
8564 19487 2529 0 0
8564 19505 2532 0 0
8564 19793 2620 0 0
8564 20005 2659 0 0
8564 20152 2689 0 0
8564 20389 2744 0 0
8564 20497 2759 0 0
8564 20527 2767 0 0
8564 20571 2778 0 0
8564 20650 2790 0 0
8564 20898 2885 0 0
8564 20904 2885 0 0
8608 8766 34 0 0
8738 12764 879 0 0
8739 8740 0 4834 0
8873 9177 2680 0 0
8873 10237 2871 0 0
8895 11658 591 0 0
9012 9013 0 4470 0
9023 9129 72 0 0
9023 13907 1075 0 0
9074 9075 0 7984 0
9075 17420 9878 0 0
9080 9144 14 0 0
9080 9149 14 0 0
9080 9207 24 0 0
9080 9210 24 0 0
9080 9267 37 0 0
9080 9269 37 0 0
9080 9282 39 0 0
9080 9284 39 0 0
9080 9289 40 0 0
9080 9303 41 0 0
9080 9310 43 0 0
9080 9329 49 0 0
9080 9406 64 0 0
9080 9460 75 0 0
9080 9493 82 0 0
9080 9495 83 0 0
9080 9571 95 0 0
9080 9581 96 0 0
9080 9656 105 0 0
9080 9710 116 0 0
9080 9722 164 0 0
9080 9978 162 0 0
9080 10010 172 0 0
9080 10075 182 0 0
9080 10351 230 0 0
9080 10435 246 0 0
9080 10696 293 0 0
9080 10710 294 0 0
9080 10921 345 0 0
9080 10931 348 0 0
9080 11001 361 0 0
9080 11055 372 0 0
9080 11300 430 0 0
9080 11385 446 0 0
9080 11598 494 0 0
9080 11680 513 0 0
9080 11949 573 0 0
9080 11977 579 0 0
9080 12330 661 0 0
9080 13014 820 0 0
9080 13711 979 0 0
9080 13761 989 0 0
9080 13897 1060 0 0
9080 13914 1062 0 0
9080 14023 1079 0 0
9080 15078 1349 0 0
9080 15125 1360 0 0
9080 15208 1379 0 0
9080 15520 1449 0 0
9080 15551 1456 0 0
9080 16115 1613 0 0
9080 17108 1830 0 0
9080 17493 1910 0 0
9080 17613 1926 0 0
9080 19011 2292 0 0
9080 20490 2611 0 0
9080 20823 2681 0 0
9090 11455 461 0 0
9187 9188 0 85 0
9209 20458 2580 0 0
9233 9372 0 78 0
9289 14453 0 13 0
9327 10838 275 0 0
9345 9346 0 3072 0
9367 10194 82 0 0
9367 10206 83 0 0
9367 10365 109 0 0
9367 10392 116 0 0
9367 15243 1265 0 0
9367 15769 1380 0 0
9367 17437 1774 0 0
9368 9432 13 0 0
9372 9968 38 0 0
9372 10225 86 0 0
9372 11508 355 0 0
9375 18351 0 511 0
9391 9637 44 0 0
9391 9640 44 0 0
9391 9642 44 0 0
9391 9645 44 0 0
9391 9648 45 0 0
9391 9650 45 0 0
9391 9658 45 0 0
9391 10675 231 0 0
9446 9447 0 2932 0
9462 9463 0 5809 0
9560 12973 18 13 0
9560 15519 0 150 0
9573 15371 7195 0 0
9662 9663 0 1633 0
9718 9972 7973 0 0
9718 9974 665 0 0
9842 10934 206 0 0
9855 9856 0 3976 0
9870 12584 577 0 0
9888 12958 663 0 0
9913 13803 890 0 0
9998 9999 0 8222 0
10000 12381 583 0 0
10015 10048 6 0 0
10015 10050 6 0 0
10015 10052 6 0 0
10015 10056 6 0 0
10015 10058 6 0 0
10015 10062 6 0 0
10015 11632 330 0 0
10015 13372 1030 0 0
10077 10078 0 1343 0
10086 10470 68 0 0
10281 10282 0 2713 0
10372 10463 18 0 0
10377 12292 416 0 0
10450 10451 0 7790 0
10513 10576 14 0 0
10585 13581 669 0 0
10591 10744 21 0 0
10591 11494 196 0 0
10591 13160 575 0 0
10591 13180 579 0 0
10591 18659 1940 0 0
10661 11182 112 0 0
10661 11251 129 0 0
10661 11257 131 0 0
10661 13351 605 0 0
10755 10756 0 6653 0
10756 12425 7039 0 0
10756 14853 7653 0 0
10782 15117 0 65 0
10799 12332 101 0 0
10799 12738 202 0 0
10800 10829 8 0 0
10800 11028 52 0 0
10809 11574 175 0 0
10820 10821 0 4369 0
10925 13658 622 0 0
10925 16620 1390 0 0
10928 13114 496 0 0
11022 11023 0 7529 0
11076 11583 116 0 0
11088 11558 0 8331 0
11088 11601 0 7343 0
11094 16123 1235 0 0
11125 11126 0 7501 0
11271 12098 186 0 0
11304 11305 0 3985 0
11305 12016 4141 0 0
11305 13069 4388 0 0
11305 14660 4823 0 0
11333 11360 6 0 0
11396 11397 0 1832 0
11397 11899 1949 0 0
11397 15475 2824 0 0
11503 11539 7 0 0
11503 11555 10 0 0
11503 11585 15 0 0
11503 12435 215 0 0
11627 11713 19 0 0
11838 11873 6 0 0
11838 11897 15 0 0
11838 12152 71 0 0
11838 12875 243 0 0
11838 13620 410 0 0
11838 19271 1791 0 0
11856 15848 2839 0 0
11979 19212 1745 0 0
12013 13338 302 0 0
12074 12146 14 0 0
12074 12200 25 0 0
12096 12190 0 7072 0
12103 12781 189 0 0
12103 12826 26 0 0
12103 12933 197 0 0
12103 13008 212 0 0
12103 13024 71 0 0
12103 13032 219 0 0
12103 13193 106 0 0
12103 13236 259 0 0
12103 13269 2121 0 0
12103 13340 283 0 0
12103 13501 510 0 0
12103 13654 359 0 0
12103 14933 709 0 0
12103 15109 747 0 0
12103 15226 631 0 0
12103 15621 718 0 0
12103 16682 1139 0 0
12103 18609 1455 0 0
12103 18647 1463 0 0
12103 18821 1646 0 0
12103 18993 1681 0 0
12103 19679 1842 0 0
12103 19783 1863 0 0
12103 20142 1787 0 0
12103 20562 2021 0 0
12103 25408 1801 0 0
12206 12652 0 4357 0
12222 13164 218 0 0
12366 12367 0 5228 0
12371 12594 53 0 0
12381 15556 0 2595 0
12381 16219 0 3990 0
12447 12448 0 4707 0
12588 13634 237 0 0
12646 12810 35 0 0
12695 12931 49 0 0
12791 12978 41 0 0
12791 12986 42 0 0
12791 13398 129 0 0
12791 13887 287 0 0
12791 18553 1424 0 0
12791 19758 1692 0 0
12791 20726 1885 0 0
12963 12964 0 5413 0
12973 13376 84 0 0
13071 13072 0 6296 0
13198 15689 326 0 0
13201 14298 40 0 0
13257 13485 53 0 0
13409 13410 0 3712 0
13432 18414 1256 0 0
13433 14277 283 0 0
13470 16142 561 0 0
13470 17423 357 0 0
13540 13557 0 5848 0
13817 13818 0 47 0
13818 13871 59 0 0
13818 13993 78 0 0
13818 14066 369 0 0
13818 14076 91 0 0
13818 14246 190 0 0
13818 14410 226 0 0
13818 14919 316 0 0
13818 15008 334 0 0
13818 15076 351 0 0
13818 15628 476 0 0
13818 15853 566 0 0
13818 15937 580 0 0
13818 16168 627 0 0
13818 17295 870 0 0
13818 17750 1027 0 0
13818 18635 1362 0 0
13818 18987 1289 0 0
13818 19022 1298 0 0
13818 19929 1497 0 0
13818 20516 1618 0 0
13819 15033 495 0 0
13846 16369 616 0 0
13996 13997 0 46 0
13997 18489 490 0 0
14019 19350 1277 0 0
14128 14129 0 8327 0
14184 15357 299 0 0
14308 15570 259 0 0
14309 15444 233 0 0
14346 14347 0 72 0
14347 14389 86 0 0
14347 14393 87 0 0
14347 14565 121 0 0
14347 14898 175 0 0
14347 14991 195 0 0
14347 18063 958 0 0
14347 19253 1361 0 0
14364 16495 0 454 0
14368 14502 29 0 0
14383 18287 140 0 0
14383 19819 473 0 0
14436 14437 0 7784 0
14595 14596 0 87 0
14596 15219 208 0 0
14770 16358 188 0 0
14770 18347 676 0 0
14803 15505 150 0 0
14842 15036 40 0 0
14879 14880 0 9052 0
14963 14964 0 176 0
14963 17143 0 42 0
15043 15044 0 182 0
15134 15135 0 4545 0
15144 19979 1144 0 0
15156 15191 10 0 0
15660 15791 191 0 0
15660 16034 117 0 0
15660 18928 796 0 0
15660 20833 1203 0 0
15670 16236 157 0 0
15826 15827 0 7029 0
15922 19870 909 0 0
15922 27008 390 0 0
16005 18157 524 0 0
16029 16488 101 0 0
16159 16160 0 4236 0
16184 16748 134 0 0
16184 16751 134 0 0
16184 16758 135 0 0
16184 16761 135 0 0
16184 16764 135 0 0
16184 16767 135 0 0
16184 16771 136 0 0
16184 16775 136 0 0
16184 16780 136 0 0
16184 16786 136 0 0
16184 16791 137 0 0
16184 16795 137 0 0
16184 16798 137 0 0
16184 16805 137 0 0
16184 16809 138 0 0
16184 16993 177 0 0
16184 17036 187 0 0
16184 17845 423 0 0
16184 18823 628 0 0
16196 16197 0 7173 0
16262 17882 0 19 0
16312 16317 0 0 0
16312 16599 75 0 0
16312 16645 85 0 0
16312 16838 113 0 0
16312 17668 284 0 0
16312 18728 580 0 0
16336 16337 23 110 0
16408 16496 23 0 0
16408 16513 29 0 0
16408 16567 47 0 0
16408 18039 415 0 0
16495 16500 0 0 0
16495 16632 39 0 0
16495 16754 64 0 0
16495 16897 85 0 0
16495 17227 157 0 0
16522 16643 32 0 0
16524 16624 27 0 0
16524 18701 521 0 0
16697 18913 0 369 0
16886 16887 0 5631 0
16995 18004 278 0 0
17105 19289 514 0 0
17143 17826 40 0 0
17192 18007 236 0 0
17213 19821 625 0 0
17470 17573 15 0 0
17590 17591 0 5909 0
17641 17642 0 398 0
17674 17982 140 0 0
17674 18502 248 0 0
17674 18566 263 0 0
17674 18961 342 0 0
17674 19189 385 0 0
17674 19399 425 0 0
17801 17988 43 0 0
17877 17878 0 2489 0
17990 18950 0 237 0
18038 18103 13 0 0
18050 18051 0 5475 0
18351 20328 1556 0 0
18351 20330 503 0 0
18356 18357 0 5716 0
18476 18477 0 189 0
18618 18619 0 3070 0
18686 19866 0 60 0
18686 20111 306 0 0
18700 19304 116 0 0
18709 19046 70 0 0
18769 20301 330 0 0
18769 20349 342 0 0
18792 19735 0 52 0
18898 19381 91 0 0
18913 18989 17 0 0
18913 19019 23 0 0
18913 19152 44 0 0
18913 19253 64 0 0
18913 19463 106 0 0
18913 19593 119 0 0
18913 19650 128 0 0
18913 19860 210 0 0
18913 20034 245 0 0
18913 20136 268 0 0
18913 20271 296 0 0
18913 20478 337 0 0
18913 20682 397 0 0
18918 20875 419 0 0
18969 19138 30 0 0
18969 19971 219 0 0
19024 19025 27 17 0
19255 19613 58 0 0
19827 20001 33 0 0
19839 19840 0 43 0
20078 20079 0 86 0
20129 20130 0 6690 0
20146 20147 0 8491 0
20381 20382 0 9106 0
20382 20648 9154 0 0
20560 20713 30 0 0
20806 20807 0 8868 0
42288 42289 523 0 0
78557 78558 638 0 0
