457430 969 0
460158 969 0
2111 969 0
74796 457047 0
473946 457047 0
474196 457047 0
78788 4501 0
461787 4501 0
179159 4501 0
470986 4501 0
472376 4501 0
327769 4501 0
173332 4501 0
113006 4501 0
480467 4501 0
439161 4501 0
17673 4501 0
460572 8282 0
141919 44186 0
64698 26358 0
457442 16078 0
473247 16078 0
486027 16078 0
457482 457233 0
205819 457324 0
116873 457333 0
459794 457396 0
458123 457400 0
6158 46801 0
18443 13797 0
208319 2337 0
121236 2337 0
149316 2337 0
217808 2337 0
97408 2337 0
93512 2337 0
470577 2337 0
474976 2337 0
173505 2337 0
485723 363870 0
464600 4288 0
457995 199128 0
458250 199128 0
464725 199128 0
467778 199128 0
469094 199128 0
458823 457890 0
334910 457890 0
328480 489647 0
470481 470482 0
458454 22150 0
467614 22150 0
18671 22150 0
38556 457963 0
457981 251879 0
458857 251879 0
459009 251879 0
459120 251879 0
255215 251879 0
459705 251879 0
460403 251879 0
460667 251879 0
464166 251879 0
465329 251879 0
466125 251879 0
466320 251879 0
468454 251879 0
252902 251879 0
470624 251879 0
471696 251879 0
474511 251879 0
480268 251879 0
483471 251879 0
484216 251879 0
484631 251879 0
489808 251879 0
615 5221 0
11470 2035 0
22149 2035 0
482352 482353 0
458656 458657 0
458746 458657 0
458775 458657 0
458861 458657 0
458883 458657 0
458934 458657 0
459021 458657 0
459351 458657 0
459379 458657 0
459433 458657 0
307487 458657 0
339124 458657 0
459807 458657 0
34868 458657 0
459997 458657 0
460188 458657 0
460207 458657 0
460316 458657 0
460503 458657 0
255135 458657 0
460820 458657 0
460956 458657 0
461078 458657 0
461148 458657 0
461167 458657 0
461428 458657 0
461577 458657 0
428508 458657 0
461767 458657 0
461827 458657 0
461862 458657 0
461930 458657 0
462870 458657 0
462994 458657 0
463338 458657 0
463441 458657 0
463456 458657 0
463533 458657 0
463917 458657 0
464044 458657 0
358516 458657 0
464797 458657 0
465025 458657 0
400691 458657 0
465292 458657 0
357397 458657 0
465746 458657 0
466399 458657 0
100078 458657 0
467211 458657 0
467517 458657 0
467887 458657 0
468396 458657 0
468731 458657 0
468871 458657 0
469606 458657 0
469865 458657 0
469863 458657 0
470175 458657 0
470543 458657 0
470620 458657 0
470827 458657 0
471349 458657 0
471434 458657 0
386293 458657 0
471872 458657 0
472224 458657 0
472228 458657 0
472547 458657 0
472710 458657 0
472874 458657 0
473765 458657 0
364852 458657 0
474153 458657 0
474513 458657 0
474509 458657 0
474909 458657 0
475134 458657 0
273505 458657 0
349794 458657 0
476007 458657 0
37224 458657 0
476467 458657 0
476516 458657 0
477758 458657 0
478152 458657 0
215523 458657 0
274393 458657 0
261822 458657 0
480422 458657 0
480708 458657 0
480959 458657 0
481481 458657 0
482379 458657 0
483188 458657 0
483576 458657 0
386996 458657 0
485539 458657 0
487343 458657 0
487680 458657 0
489312 458657 0
490400 458657 0
491242 458657 0
492258 458657 0
486063 457724 0
477879 477880 0
404435 482128 0
458650 458651 0
459212 458651 0
459544 458651 0
459628 458651 0
460371 458651 0
461346 458651 0
6396 458651 0
465430 458651 0
465818 458651 0
475829 458651 0
477990 458651 0
486065 458651 0
458606 120047 0
472125 472126 0
96 80827 0
460519 46601 0
29995 467136 0
459622 459623 0
473330 473331 0
460205 460206 0
458867 458868 0
413775 458868 0
464955 464956 0
446609 464956 0
475021 464956 0
16659 464956 0
40315 464956 0
7867 8298 0
29023 459158 0
461344 3377 0
309309 5932 0
465357 5932 0
469810 469811 0
116873 459184 0
72357 166961 0
460832 166961 0
67235 166961 0
232141 166961 0
485478 166961 0
478068 458954 0
275533 354879 0
459034 12463 0
459062 12463 0
459066 12463 0
27093 12463 0
53847 12463 0
459100 12463 0
459126 12463 0
459155 12463 0
459161 12463 0
438698 12463 0
237708 12463 0
229239 12463 0
459249 12463 0
428975 12463 0
459282 12463 0
459278 12463 0
459322 12463 0
459375 12463 0
459391 12463 0
96680 12463 0
27307 12463 0
450464 12463 0
459558 12463 0
404233 12463 0
459579 12463 0
459634 12463 0
450453 12463 0
459667 12463 0
459671 12463 0
459689 12463 0
312481 12463 0
459763 12463 0
459787 12463 0
459843 12463 0
459805 12463 0
459814 12463 0
6993 12463 0
459847 12463 0
459888 12463 0
243742 12463 0
459924 12463 0
459937 12463 0
298837 12463 0
459964 12463 0
459995 12463 0
460002 12463 0
460006 12463 0
460008 12463 0
444002 12463 0
460075 12463 0
122875 12463 0
460104 12463 0
460113 12463 0
455181 12463 0
460125 12463 0
141012 12463 0
41229 12463 0
66935 12463 0
5284 12463 0
460218 12463 0
460223 12463 0
460229 12463 0
460243 12463 0
460246 12463 0
240136 12463 0
281386 12463 0
460338 12463 0
262639 12463 0
12462 12463 0
460447 12463 0
138069 12463 0
460472 12463 0
460467 12463 0
460478 12463 0
343278 12463 0
460493 12463 0
460506 12463 0
237751 12463 0
460629 12463 0
460685 12463 0
460734 12463 0
72811 12463 0
460824 12463 0
460850 12463 0
277797 12463 0
460899 12463 0
39887 12463 0
244545 12463 0
461011 12463 0
461005 12463 0
433666 12463 0
461061 12463 0
16414 12463 0
148940 12463 0
461095 12463 0
461103 12463 0
26156 12463 0
461116 12463 0
461118 12463 0
461120 12463 0
122479 12463 0
461207 12463 0
461201 12463 0
461226 12463 0
461289 12463 0
460838 12463 0
246886 12463 0
461359 12463 0
9455 12463 0
259603 12463 0
414565 12463 0
6275 12463 0
461455 12463 0
443632 12463 0
246527 12463 0
461538 12463 0
461547 12463 0
461579 12463 0
289476 12463 0
461597 12463 0
36941 12463 0
461637 12463 0
290435 12463 0
461671 12463 0
461679 12463 0
461742 12463 0
461796 12463 0
461794 12463 0
461809 12463 0
461894 12463 0
351639 12463 0
461991 12463 0
462090 12463 0
259892 12463 0
462104 12463 0
462175 12463 0
462194 12463 0
462209 12463 0
4419 12463 0
82841 12463 0
104195 12463 0
462264 12463 0
462278 12463 0
416208 12463 0
462431 12463 0
75155 12463 0
462446 12463 0
250927 12463 0
462481 12463 0
462520 12463 0
319898 12463 0
462570 12463 0
16596 12463 0
462625 12463 0
462637 12463 0
330027 12463 0
462697 12463 0
462719 12463 0
462723 12463 0
462729 12463 0
462747 12463 0
21631 12463 0
462873 12463 0
463026 12463 0
463020 12463 0
320128 12463 0
463135 12463 0
463139 12463 0
463289 12463 0
463300 12463 0
361352 12463 0
463330 12463 0
463368 12463 0
383194 12463 0
463443 12463 0
463491 12463 0
248135 12463 0
463651 12463 0
463687 12463 0
463705 12463 0
463795 12463 0
463831 12463 0
398746 12463 0
18837 12463 0
463919 12463 0
315863 12463 0
15132 12463 0
464357 12463 0
464441 12463 0
464468 12463 0
375770 12463 0
123300 12463 0
155899 12463 0
464648 12463 0
464720 12463 0
465016 12463 0
261561 12463 0
465127 12463 0
75118 12463 0
465189 12463 0
193371 12463 0
465415 12463 0
465496 12463 0
465586 12463 0
283503 12463 0
267174 12463 0
465726 12463 0
465776 12463 0
465812 12463 0
188364 12463 0
465992 12463 0
466064 12463 0
246505 12463 0
233325 12463 0
14945 12463 0
464134 12463 0
466303 12463 0
466352 12463 0
466383 12463 0
466499 12463 0
466563 12463 0
119661 12463 0
466671 12463 0
223295 12463 0
466756 12463 0
466852 12463 0
467020 12463 0
33705 12463 0
241481 12463 0
467072 12463 0
255742 12463 0
467230 12463 0
467243 12463 0
467334 12463 0
467386 12463 0
467434 12463 0
467510 12463 0
237858 12463 0
32397 12463 0
467590 12463 0
89619 12463 0
283053 12463 0
15428 12463 0
467699 12463 0
467769 12463 0
467766 12463 0
467776 12463 0
467805 12463 0
467857 12463 0
467870 12463 0
307414 12463 0
467785 12463 0
467976 12463 0
467983 12463 0
468049 12463 0
321126 12463 0
101016 12463 0
468146 12463 0
468377 12463 0
468428 12463 0
24934 12463 0
11788 12463 0
468831 12463 0
259152 12463 0
469083 12463 0
469171 12463 0
469186 12463 0
469359 12463 0
469485 12463 0
469514 12463 0
469566 12463 0
469663 12463 0
23046 12463 0
92786 12463 0
23298 12463 0
447079 12463 0
28125 12463 0
241566 12463 0
470106 12463 0
469240 12463 0
263226 12463 0
470311 12463 0
268887 12463 0
194613 12463 0
470588 12463 0
470722 12463 0
470715 12463 0
470937 12463 0
42127 12463 0
470997 12463 0
471044 12463 0
471054 12463 0
471060 12463 0
471062 12463 0
471098 12463 0
471094 12463 0
471137 12463 0
471295 12463 0
5774 12463 0
11560 12463 0
3597 12463 0
158579 12463 0
471548 12463 0
471615 12463 0
471728 12463 0
471771 12463 0
471786 12463 0
266149 12463 0
471963 12463 0
471997 12463 0
472090 12463 0
27944 12463 0
472293 12463 0
472325 12463 0
472370 12463 0
472459 12463 0
472508 12463 0
472940 12463 0
323015 12463 0
473196 12463 0
245659 12463 0
429077 12463 0
30850 12463 0
370305 12463 0
473716 12463 0
4163 12463 0
473824 12463 0
11319 12463 0
473904 12463 0
473912 12463 0
473927 12463 0
473967 12463 0
473562 12463 0
474052 12463 0
474115 12463 0
474180 12463 0
32831 12463 0
473698 12463 0
474221 12463 0
128713 12463 0
294112 12463 0
336977 12463 0
474727 12463 0
474748 12463 0
377264 12463 0
474876 12463 0
303390 12463 0
475045 12463 0
475123 12463 0
475114 12463 0
475150 12463 0
475159 12463 0
475169 12463 0
475273 12463 0
475358 12463 0
436732 12463 0
269039 12463 0
475699 12463 0
73821 12463 0
475878 12463 0
476049 12463 0
169780 12463 0
476280 12463 0
476382 12463 0
476589 12463 0
476809 12463 0
440176 12463 0
476911 12463 0
243545 12463 0
185210 12463 0
162984 12463 0
477308 12463 0
477374 12463 0
477694 12463 0
477696 12463 0
383753 12463 0
477496 12463 0
477778 12463 0
404746 12463 0
118276 12463 0
478086 12463 0
449759 12463 0
478273 12463 0
478316 12463 0
299957 12463 0
478368 12463 0
478558 12463 0
478611 12463 0
241852 12463 0
360415 12463 0
414275 12463 0
478811 12463 0
15338 12463 0
444579 12463 0
331734 12463 0
342336 12463 0
479648 12463 0
479693 12463 0
479823 12463 0
396264 12463 0
480134 12463 0
480270 12463 0
6123 12463 0
480721 12463 0
410526 12463 0
480729 12463 0
480756 12463 0
46205 12463 0
480784 12463 0
480808 12463 0
480840 12463 0
42335 12463 0
238476 12463 0
322423 12463 0
481008 12463 0
360904 12463 0
481255 12463 0
481734 12463 0
481982 12463 0
482237 12463 0
216720 12463 0
208530 12463 0
482350 12463 0
482535 12463 0
204288 12463 0
482592 12463 0
482600 12463 0
482768 12463 0
482909 12463 0
481750 12463 0
256319 12463 0
16659 12463 0
461965 12463 0
483256 12463 0
483432 12463 0
483552 12463 0
224444 12463 0
427587 12463 0
314192 12463 0
483975 12463 0
484172 12463 0
484183 12463 0
484372 12463 0
484627 12463 0
484891 12463 0
484984 12463 0
211507 12463 0
56029 12463 0
485118 12463 0
20921 12463 0
403770 12463 0
485390 12463 0
485626 12463 0
485767 12463 0
485798 12463 0
485635 12463 0
246544 12463 0
485974 12463 0
486365 12463 0
486712 12463 0
484545 12463 0
254434 12463 0
29937 12463 0
486778 12463 0
405608 12463 0
486687 12463 0
93403 12463 0
487084 12463 0
288429 12463 0
487322 12463 0
487458 12463 0
487480 12463 0
453124 12463 0
487568 12463 0
487631 12463 0
487514 12463 0
487761 12463 0
487775 12463 0
488026 12463 0
488028 12463 0
488154 12463 0
212407 12463 0
406787 12463 0
488786 12463 0
283316 12463 0
488823 12463 0
489211 12463 0
485234 12463 0
326407 12463 0
490036 12463 0
42649 12463 0
32579 12463 0
490351 12463 0
490353 12463 0
490487 12463 0
490558 12463 0
490652 12463 0
491011 12463 0
491928 12463 0
491930 12463 0
491945 12463 0
491943 12463 0
492685 12463 0
492851 12463 0
492966 12463 0
58684 12463 0
493101 12463 0
7613 12463 0
361470 12463 0
314453 12463 0
493384 12463 0
459168 459169 0
460509 460510 0
473720 460510 0
459445 459106 0
468413 459106 0
486548 459106 0
458296 459214 0
459441 459253 0
125378 130200 0
459655 459403 0
33716 459403 0
476354 459527 0
459920 271021 0
44785 271021 0
470676 271021 0
50622 2181 0
460250 2181 0
96 2181 0
466929 2181 0
25224 2181 0
380155 459813 0
39563 426709 0
436663 426709 0
145796 426709 0
461587 426709 0
37193 426709 0
445976 426709 0
327867 459870 0
29855 459870 0
458652 459870 0
464381 459870 0
472253 459870 0
470724 459952 0
459655 459977 0
461164 11694 0
461515 11694 0
11470 11694 0
5610 11694 0
472774 11694 0
466739 460091 0
29510 209 0
20476 209 0
460196 209 0
31708 209 0
460365 209 0
402835 209 0
460709 209 0
460805 209 0
460803 209 0
461085 209 0
461136 209 0
461156 209 0
461191 209 0
461449 209 0
461532 209 0
461559 209 0
362280 209 0
292476 209 0
461975 209 0
462413 209 0
97408 209 0
29483 209 0
29111 209 0
462893 209 0
31464 209 0
47513 209 0
464311 209 0
3683 209 0
80147 209 0
85651 209 0
465047 209 0
465336 209 0
466014 209 0
467339 209 0
467392 209 0
96657 209 0
469109 209 0
340442 209 0
471019 209 0
29607 209 0
471858 209 0
471932 209 0
49106 209 0
475582 209 0
479251 209 0
73418 209 0
43138 209 0
29917 209 0
485808 209 0
143367 209 0
490269 209 0
491872 209 0
254951 204403 0
37193 204403 0
477015 204403 0
225369 460442 0
460581 459799 0
489802 459799 0
443818 273146 0
467024 437257 0
460690 1051 0
461058 1051 0
461152 1051 0
462011 1051 0
462019 1051 0
462108 1051 0
462901 1051 0
466467 1051 0
466723 1051 0
36601 1051 0
460350 1051 0
475008 1051 0
38203 1051 0
479611 1051 0
488218 1051 0
141265 1051 0
461355 460658 0
462124 460658 0
474008 460658 0
482032 460658 0
213235 460751 0
104121 460874 0
309309 5932 0
463758 5932 0
462297 443563 0
463354 443563 0
472478 443563 0
400666 261292 0
461422 261292 0
67286 261292 0
463143 261292 0
464629 261292 0
211434 261292 0
360644 261292 0
393606 261292 0
465408 261292 0
466212 261292 0
109698 261292 0
466569 261292 0
282377 261292 0
207729 261292 0
467407 261292 0
467624 261292 0
16193 261292 0
468080 261292 0
469043 261292 0
92213 261292 0
470070 261292 0
60184 261292 0
471073 261292 0
471226 261292 0
458725 261292 0
471598 261292 0
201876 261292 0
473560 261292 0
474075 261292 0
303703 261292 0
478097 261292 0
479283 261292 0
188683 261292 0
485018 261292 0
489156 261292 0
490025 261292 0
133290 261292 0
491967 261292 0
493047 261292 0
161019 461256 0
461963 461256 0
135748 461256 0
466148 461256 0
469726 461256 0
475013 461256 0
471112 471113 0
465750 279695 0
211723 460998 0
187224 462445 0
354199 462445 0
465825 462445 0
467366 462445 0
474421 462445 0
443229 349416 0
244328 47688 0
4125 47688 0
463173 47688 0
463002 461384 0
479316 144051 0
482942 461421 0
487902 461421 0
467911 461517 0
479462 461517 0
462508 462509 0
93909 462509 0
467022 11792 0
461858 461835 0
457731 461835 0
465886 461899 0
414299 461899 0
134749 461899 0
405409 461946 0
462789 461946 0
463691 461946 0
60342 461946 0
477350 461946 0
459527 462033 0
463431 463432 0
69955 462068 0
469612 462068 0
487572 462215 0
466236 466237 0
309680 462333 0
462649 462349 0
188733 462349 0
462919 345132 0
32503 3377 0
463941 3377 0
468865 3377 0
476741 3377 0
462877 462878 0
462866 3991 0
462868 3991 0
462883 3991 0
462889 3991 0
462917 3991 0
462929 3991 0
462945 3991 0
462941 3991 0
462954 3991 0
462960 3991 0
462966 3991 0
462980 3991 0
462998 3991 0
244328 3991 0
463016 3991 0
463018 3991 0
463028 3991 0
41707 3991 0
9846 3991 0
464415 3991 0
464420 3991 0
464433 3991 0
464457 3991 0
464461 3991 0
464465 3991 0
464479 3991 0
464494 3991 0
464503 3991 0
464501 3991 0
464539 3991 0
464550 3991 0
464578 3991 0
464580 3991 0
464589 3991 0
464596 3991 0
464606 3991 0
464612 3991 0
464627 3991 0
464617 3991 0
464633 3991 0
464669 3991 0
464677 3991 0
464672 3991 0
464722 3991 0
464735 3991 0
464741 3991 0
464767 3991 0
464775 3991 0
464771 3991 0
464790 3991 0
464807 3991 0
464823 3991 0
464833 3991 0
464840 3991 0
464864 3991 0
464885 3991 0
464961 3991 0
464969 3991 0
93484 3991 0
274054 3991 0
468643 3991 0
472753 3991 0
475938 3991 0
195479 3991 0
7361 3991 0
485687 3991 0
465231 465232 0
482982 425392 0
464600 21644 0
2197 21644 0
2353 21644 0
261292 463907 0
470720 57716 0
463590 463591 0
465031 253141 0
464289 462926 0
340995 463078 0
340995 463099 0
340995 463123 0
340995 463147 0
340995 93845 0
466000 93371 0
244541 463246 0
463462 463252 0
133993 463293 0
273104 270 0
463703 270 0
189930 270 0
255383 270 0
138242 270 0
1374 270 0
214706 270 0
23205 270 0
475554 270 0
90595 270 0
480766 270 0
24913 270 0
33100 270 0
488675 270 0
491313 270 0
491333 270 0
8635 270 0
433480 463359 0
463681 463476 0
465830 85766 0
467095 463514 0
474609 463514 0
467098 328004 0
429696 248274 0
463869 463750 0
467722 463790 0
261292 390568 0
437425 464039 0
465106 465107 0
7271 464356 0
463921 464356 0
415273 464356 0
407004 464356 0
310233 464356 0
467519 464356 0
90911 464356 0
33464 464356 0
469322 464356 0
458306 464356 0
452789 464356 0
473130 464356 0
476232 464356 0
478228 464356 0
7361 464356 0
350518 464356 0
488577 464356 0
490275 464356 0
493113 464356 0
243450 327483 0
464255 464256 0
465487 464256 0
465734 464256 0
465877 464256 0
465954 464256 0
466831 464256 0
44512 464256 0
471881 464256 0
482956 464256 0
490369 464256 0
491899 464256 0
465191 465192 0
88775 481718 0
464880 220563 0
468808 220563 0
137538 220563 0
30584 95626 0
464170 11694 0
33098 11694 0
11470 11694 0
5610 11694 0
487157 11694 0
486999 11694 0
424678 464158 0
401951 267606 0
465197 267606 0
467981 267606 0
486791 267606 0
326062 267606 0
492667 267606 0
466677 461716 0
466957 461716 0
168364 272598 0
465037 464292 0
30584 464483 0
260463 464585 0
52555 45610 0
261292 211434 0
78788 4501 0
113006 4501 0
164553 4501 0
33404 4501 0
477666 406610 0
469759 465060 0
105575 26358 0
319418 11694 0
465860 11694 0
333439 11694 0
11470 11694 0
5610 11694 0
6611 465461 0
465705 465461 0
2091 465461 0
2577 465564 0
472904 1488 0
30584 110614 0
317053 267731 0
37089 36856 0
37160 36856 0
466445 791 0
470807 466077 0
466932 130954 0
30584 466356 0
466965 466490 0
467963 466490 0
312263 466490 0
25331 466490 0
220009 466490 0
471234 466490 0
251215 466490 0
471799 466490 0
489461 466490 0
38190 466490 0
466525 3991 0
466542 3991 0
463018 3991 0
466551 3991 0
466553 3991 0
454663 3991 0
466620 3991 0
466638 3991 0
466624 3991 0
466667 3991 0
466682 3991 0
462941 3991 0
464840 3991 0
464494 3991 0
466713 3991 0
464420 3991 0
466725 3991 0
466743 3991 0
462883 3991 0
466766 3991 0
466961 3991 0
42443 3991 0
274054 3991 0
464633 3991 0
467513 3991 0
467533 3991 0
467551 3991 0
462868 3991 0
467577 3991 0
467581 3991 0
467618 3991 0
467612 3991 0
467655 3991 0
464823 3991 0
467683 3991 0
462980 3991 0
467701 3991 0
467709 3991 0
467734 3991 0
467760 3991 0
464606 3991 0
464539 3991 0
464677 3991 0
469304 3991 0
462998 3991 0
469308 3991 0
464864 3991 0
469346 3991 0
469392 3991 0
469411 3991 0
469419 3991 0
469432 3991 0
469461 3991 0
469463 3991 0
469470 3991 0
469476 3991 0
464790 3991 0
469508 3991 0
469521 3991 0
469543 3991 0
464612 3991 0
469586 3991 0
469629 3991 0
462917 3991 0
462929 3991 0
464833 3991 0
464775 3991 0
464479 3991 0
463028 3991 0
471263 3991 0
472644 3991 0
26633 3991 0
473036 3991 0
4299 3991 0
195479 3991 0
7361 3991 0
484505 3991 0
410140 3991 0
319284 190870 0
472207 190870 0
477634 477635 0
466754 466755 0
7361 466755 0
469372 250582 0
5938 185122 0
471947 185122 0
475885 185122 0
712 185122 0
30305 394667 0
347050 394667 0
471974 466879 0
146263 467026 0
491433 9910 0
467324 467149 0
474131 467156 0
479289 467156 0
466592 467365 0
468284 103311 0
468733 103311 0
8661 467479 0
11288 4853 0
470064 4853 0
471580 4853 0
15389 4853 0
8635 4853 0
467880 467711 0
93340 6241 0
200739 6241 0
11892 6241 0
480318 6241 0
468039 466708 0
468241 466708 0
468405 466708 0
471157 466708 0
483246 466708 0
464787 467819 0
483797 467819 0
468576 466945 0
470074 466945 0
471256 466945 0
471477 466945 0
471959 466945 0
472732 466945 0
473021 466945 0
478255 466945 0
468542 467929 0
468058 468059 0
240516 468059 0
5938 1662 0
468402 467943 0
469076 29444 0
116873 468175 0
430704 240338 0
145847 467080 0
471855 467080 0
468631 468451 0
470579 6241 0
468729 468727 0
475107 468728 0
116873 468770 0
473377 468770 0
24334 96480 0
470676 63341 0
85841 468952 0
482925 468952 0
261292 197037 0
471865 197037 0
11695 474967 0
482915 482916 0
482911 482916 0
363171 21143 0
469378 461946 0
470146 461946 0
60342 461946 0
482733 461946 0
487116 461946 0
493417 461946 0
493404 461946 0
242572 469207 0
469939 469208 0
469402 39614 0
469558 39614 0
107901 39614 0
470078 39614 0
242572 791 0
492702 469295 0
397365 2102 0
354191 2102 0
469523 2102 0
340927 2102 0
399631 2102 0
469782 2102 0
469797 2102 0
398227 2102 0
398451 2102 0
247252 2102 0
472570 2102 0
472700 2102 0
472705 2102 0
474939 2102 0
232576 2102 0
478710 2102 0
479212 2102 0
489685 2102 0
397599 2102 0
491828 2102 0
492545 2102 0
225840 469418 0
469793 166 0
469791 166 0
11754 166 0
468861 166 0
470425 166 0
471023 166 0
471636 166 0
190038 166 0
473423 166 0
473509 166 0
214301 166 0
477839 166 0
479913 166 0
480219 166 0
491627 166 0
469837 469702 0
242572 99520 0
493404 461946 0
470966 469912 0
478702 469912 0
483724 469912 0
484936 469912 0
469945 469907 0
158604 65391 0
471660 469944 0
22564 22284 0
481742 470131 0
94697 4501 0
218705 4501 0
113006 4501 0
46099 470214 0
59832 435833 0
470467 435833 0
230690 435833 0
2220 435833 0
470487 435833 0
470496 435833 0
8955 435833 0
390028 435833 0
470680 435833 0
470713 435833 0
263120 435833 0
470890 435833 0
471009 435833 0
471021 435833 0
471100 435833 0
471155 435833 0
471216 435833 0
471260 435833 0
471307 435833 0
471375 435833 0
471411 435833 0
17660 435833 0
471542 435833 0
471610 435833 0
217407 435833 0
471909 435833 0
472064 435833 0
472130 435833 0
472177 435833 0
472193 435833 0
393413 435833 0
472264 435833 0
472320 435833 0
472382 435833 0
472410 435833 0
472494 435833 0
472512 435833 0
472524 435833 0
472529 435833 0
472620 435833 0
472738 435833 0
472772 435833 0
9214 435833 0
473201 435833 0
473392 435833 0
85841 435833 0
386984 435833 0
473660 435833 0
473668 435833 0
473707 435833 0
473759 435833 0
473788 435833 0
473859 435833 0
473881 435833 0
444098 435833 0
474185 435833 0
474393 435833 0
474650 435833 0
474684 435833 0
474709 435833 0
474790 435833 0
474903 435833 0
474973 435833 0
475037 435833 0
475185 435833 0
475206 435833 0
475265 435833 0
475269 435833 0
475350 435833 0
475380 435833 0
475431 435833 0
475552 435833 0
475962 435833 0
475980 435833 0
476060 435833 0
476068 435833 0
476200 435833 0
476272 435833 0
476301 435833 0
476299 435833 0
476842 435833 0
476903 435833 0
476930 435833 0
476992 435833 0
477019 435833 0
476062 435833 0
477173 435833 0
477209 435833 0
477430 435833 0
477714 435833 0
477726 435833 0
27065 435833 0
64574 435833 0
478109 435833 0
478118 435833 0
478232 435833 0
478263 435833 0
478265 435833 0
409533 435833 0
478341 435833 0
42503 435833 0
478660 435833 0
478695 435833 0
479027 435833 0
479223 435833 0
479149 435833 0
479607 435833 0
479699 435833 0
479731 435833 0
479787 435833 0
479940 435833 0
480005 435833 0
480052 435833 0
480064 435833 0
480432 435833 0
480434 435833 0
480563 435833 0
250572 435833 0
481050 435833 0
481060 435833 0
14227 435833 0
481435 435833 0
482190 435833 0
482563 435833 0
483035 435833 0
483225 435833 0
483346 435833 0
483590 435833 0
483864 435833 0
484046 435833 0
484077 435833 0
60363 435833 0
484766 435833 0
483888 435833 0
484780 435833 0
485120 435833 0
11519 435833 0
486021 435833 0
486516 435833 0
486564 435833 0
486699 435833 0
486969 435833 0
487041 435833 0
487108 435833 0
487447 435833 0
487544 435833 0
405876 435833 0
487620 435833 0
487834 435833 0
25244 435833 0
488198 435833 0
488685 435833 0
488711 435833 0
488799 435833 0
221649 435833 0
489092 435833 0
489187 435833 0
489485 435833 0
489767 435833 0
490058 435833 0
55649 435833 0
490283 435833 0
303073 435833 0
491610 435833 0
491747 435833 0
492414 435833 0
492449 435833 0
413427 435833 0
492691 435833 0
492896 435833 0
493200 435833 0
493322 435833 0
493359 435833 0
493471 435833 0
4501 11629 0
476772 470629 0
472274 434880 0
482831 334243 0
471457 470699 0
471324 470814 0
471459 470814 0
472388 470814 0
39641 19616 0
485670 19616 0
394371 467042 0
42982 59471 0
465890 4501 0
113006 4501 0
218705 4501 0
164553 4501 0
475245 4501 0
2126 21644 0
474467 470963 0
472427 472428 0
472997 472428 0
471849 476475 0
416237 477313 0
30792 15587 0
59246 14291 0
340995 471273 0
279811 278930 0
474474 294544 0
474838 294544 0
478413 294544 0
480003 294544 0
485960 294544 0
490785 294544 0
492573 294544 0
476832 224186 0
116897 360491 0
242572 189181 0
398765 93371 0
479870 93371 0
11668 18427 0
340995 169502 0
482030 471644 0
285344 187584 0
478111 471751 0
311372 471874 0
473175 471874 0
473299 471874 0
473645 471874 0
35341 471874 0
475610 471874 0
475916 471874 0
476840 471874 0
477155 471874 0
478732 471874 0
479259 471874 0
480862 471874 0
481646 471874 0
12245 471874 0
482165 471874 0
483137 471874 0
483250 471874 0
483829 471874 0
484893 471874 0
11347 471874 0
436353 471874 0
31302 471874 0
231277 471874 0
489497 471874 0
490636 471874 0
17531 471929 0
209838 471929 0
474838 471999 0
474060 297547 0
474476 297547 0
476390 297547 0
247159 297547 0
484764 297547 0
491734 297547 0
93371 472113 0
473086 253689 0
450196 17071 0
482565 377845 0
190870 472207 0
472611 472207 0
472506 472450 0
480619 4198 0
268202 306521 0
401181 306521 0
306736 306521 0
189126 306521 0
391358 262690 0
473226 473047 0
473515 473047 0
3694 196118 0
471849 473082 0
473320 473266 0
480073 21362 0
474744 210937 0
65364 50510 0
478026 125349 0
470736 223706 0
429248 2518 0
455738 227545 0
474019 227545 0
474182 227545 0
474258 227545 0
249133 227545 0
368191 227545 0
30589 227545 0
456443 227545 0
475247 227545 0
475479 227545 0
472788 227545 0
476104 227545 0
389434 227545 0
476759 227545 0
476494 227545 0
477063 227545 0
477181 227545 0
477366 227545 0
387467 227545 0
458374 227545 0
479450 227545 0
234850 227545 0
7361 227545 0
481373 227545 0
459436 227545 0
17376 227545 0
482504 227545 0
479233 227545 0
457500 227545 0
456753 227545 0
437083 227545 0
226602 227545 0
486841 227545 0
390669 227545 0
4164 227545 0
481880 227545 0
488234 227545 0
456579 227545 0
489681 227545 0
490810 227545 0
474010 473973 0
482530 473973 0
473249 474018 0
456097 474018 0
24299 474018 0
227545 474018 0
455738 474018 0
474399 474018 0
368191 474018 0
474542 474018 0
30589 474018 0
474737 474018 0
475422 474018 0
475536 474018 0
475831 474018 0
476371 474018 0
476881 474018 0
477249 474018 0
477681 474018 0
478378 474018 0
478386 474018 0
387467 474018 0
479545 474018 0
480126 474018 0
234850 474018 0
480426 474018 0
459436 474018 0
456753 474018 0
484964 474018 0
214700 474018 0
486841 474018 0
390669 474018 0
4164 474018 0
456579 474018 0
471874 35341 0
478034 171592 0
393547 474097 0
474370 474097 0
474831 474097 0
477141 474097 0
477829 474097 0
477849 474097 0
482567 474097 0
485381 474097 0
491802 474097 0
483904 483905 0
474663 474211 0
116873 474241 0
493476 107231 0
93371 472113 0
480025 472113 0
11892 75594 0
480073 21362 0
480558 474444 0
476796 474585 0
470963 474741 0
474467 474741 0
253408 156865 0
474946 474898 0
478570 474970 0
147762 474970 0
7951 475092 0
477143 475099 0
476139 175 0
215960 175 0
64556 175 0
475259 475139 0
71028 475173 0
306441 475463 0
477211 475459 0
491608 475459 0
472113 93371 0
120795 11414 0
478499 23482 0
482565 23482 0
316322 485046 0
2126 18028 0
2353 18028 0
2197 18028 0
476378 475833 0
2577 314144 0
477061 29728 0
477424 29728 0
478951 29728 0
481417 29728 0
488001 29728 0
491778 29728 0
484461 475882 0
174772 192354 0
470963 474741 0
474467 474741 0
481006 59114 0
479444 479445 0
484864 479445 0
477647 477648 0
493037 316147 0
28621 476822 0
488844 476975 0
11821 477086 0
477534 477216 0
283996 438 0
478484 438 0
265437 438 0
52766 438 0
444621 438 0
493107 438 0
480334 477224 0
477421 249949 0
43138 249949 0
479240 210937 0
482884 210937 0
484606 477570 0
485484 477570 0
435215 477570 0
485922 477570 0
443273 477570 0
437346 477570 0
487779 477570 0
442058 477570 0
436844 477570 0
488016 477570 0
488117 477570 0
444125 477570 0
443028 477570 0
437071 477570 0
126745 477570 0
488784 477570 0
488861 477570 0
437700 477570 0
489035 477570 0
489165 477570 0
125178 477570 0
489293 477570 0
442641 477570 0
489620 477570 0
489618 477570 0
442484 477570 0
435449 477570 0
41829 477570 0
489737 477570 0
489815 477570 0
450989 477570 0
489957 477570 0
490007 477570 0
490039 477570 0
490089 477570 0
490103 477570 0
490184 477570 0
440195 477570 0
437212 477570 0
490237 477570 0
490289 477570 0
490427 477570 0
446174 477570 0
490812 477570 0
490816 477570 0
490831 477570 0
456480 477570 0
128744 477570 0
490976 477570 0
449902 477570 0
491091 477570 0
436408 477570 0
491153 477570 0
491173 477570 0
491201 477570 0
446698 477570 0
491267 477570 0
445372 477570 0
436243 477570 0
491344 477570 0
446590 477570 0
491381 477570 0
491418 477570 0
491437 477570 0
491445 477570 0
491499 477570 0
491508 477570 0
491564 477570 0
491566 477570 0
491597 477570 0
491640 477570 0
491652 477570 0
491655 477570 0
441586 477570 0
491702 477570 0
491773 477570 0
440393 477570 0
491810 477570 0
491816 477570 0
447376 477570 0
491907 477570 0
491949 477570 0
491969 477570 0
491975 477570 0
491993 477570 0
492029 477570 0
126643 477570 0
492089 477570 0
492099 477570 0
492111 477570 0
492101 477570 0
437000 477570 0
492116 477570 0
448422 477570 0
492145 477570 0
492143 477570 0
492157 477570 0
492163 477570 0
492190 477570 0
492194 477570 0
492196 477570 0
492206 477570 0
492223 477570 0
492245 477570 0
492238 477570 0
443706 477570 0
492298 477570 0
440192 477570 0
492337 477570 0
492362 477570 0
445524 477570 0
492396 477570 0
492400 477570 0
492418 477570 0
492495 477570 0
492508 477570 0
436239 477570 0
492521 477570 0
492536 477570 0
492550 477570 0
455787 477570 0
492571 477570 0
455266 477570 0
440262 477570 0
492660 477570 0
492693 477570 0
492721 477570 0
492727 477570 0
484291 477707 0
150030 146836 0
150043 146836 0
149839 146836 0
478526 347883 0
480249 347883 0
480953 347883 0
483104 347883 0
71028 477859 0
17210 34548 0
327867 187584 0
71028 478005 0
478210 478023 0
478331 478023 0
478376 478023 0
479023 478023 0
479909 478023 0
486073 478042 0
491807 478042 0
478583 276797 0
479625 43629 0
116873 478244 0
478436 358782 0
478490 358782 0
382503 358782 0
359450 358782 0
162585 478393 0
44880 478393 0
162608 478393 0
478692 478393 0
478908 478393 0
478991 478393 0
479059 478393 0
479295 478393 0
452789 478393 0
1465 478393 0
29937 478393 0
484951 478393 0
482813 478393 0
485622 478393 0
478564 227545 0
479005 227545 0
461852 227545 0
474258 227545 0
437083 227545 0
480543 227545 0
293840 227545 0
480934 227545 0
481130 227545 0
459436 227545 0
481880 227545 0
482336 227545 0
482792 227545 0
484137 227545 0
484497 227545 0
485685 227545 0
486214 227545 0
487404 227545 0
487974 227545 0
478535 1051 0
490390 478643 0
227545 478685 0
390669 478685 0
74628 1051 0
478815 1051 0
478884 1051 0
478966 1051 0
479200 1051 0
479360 1051 0
71725 1051 0
480157 1051 0
5750 1051 0
480625 1051 0
481711 1051 0
482071 1051 0
482271 1051 0
37139 1051 0
482519 1051 0
458222 1051 0
460350 1051 0
484246 1051 0
183669 1051 0
4839 1051 0
488059 1051 0
60011 1051 0
492353 1051 0
493308 1051 0
487671 276366 0
196727 478881 0
364 303 0
123368 142219 0
250867 77394 0
2577 77394 0
2318 77394 0
14688 77394 0
13057 77394 0
66316 479187 0
446945 481026 0
482697 481026 0
483673 481026 0
485175 481026 0
486279 481026 0
489043 481026 0
491710 481026 0
493544 481026 0
460442 478275 0
327483 43706 0
482619 6247 0
480315 479567 0
33716 361791 0
480704 479719 0
488461 479803 0
41267 479861 0
492603 479771 0
2764 295939 0
271155 173534 0
17520 14218 0
490011 14218 0
345612 66391 0
481947 66391 0
482945 66391 0
29917 66391 0
492950 66391 0
484580 93371 0
398765 93371 0
227545 292784 0
461852 292784 0
480677 292784 0
113197 292784 0
342707 292784 0
482017 480112 0
221379 220801 0
224175 220801 0
222068 220801 0
224455 220801 0
308363 220801 0
487500 220801 0
224273 26381 0
37353 26381 0
483827 480470 0
460748 427670 0
480796 384546 0
227545 480687 0
461852 480687 0
459436 480687 0
482336 480687 0
482685 480687 0
347592 480687 0
487058 480687 0
234362 12042 0
340995 480765 0
97 19948 0
18977 19948 0
42503 257426 0
487124 487125 0
482114 480902 0
491151 491152 0
471874 481033 0
482819 481057 0
487427 481057 0
378116 481147 0
34 481292 0
376910 481228 0
381002 481228 0
482896 481228 0
487137 481269 0
479890 384361 0
386897 384361 0
357378 2983 0
484478 2983 0
481667 7271 0
358598 481589 0
220468 481698 0
484408 484409 0
484512 484409 0
252811 70704 0
481895 481822 0
1754 51210 0
1716 51210 0
286576 51210 0
482431 51210 0
46244 51210 0
20595 51210 0
476272 51210 0
183537 51210 0
482846 332442 0
486697 332442 0
487073 332442 0
487626 332442 0
482300 481926 0
116873 257442 0
486888 221058 0
32888 482180 0
490473 6247 0
312103 6247 0
490682 482405 0
424440 413394 0
181066 482420 0
340995 467042 0
340995 8285 0
340995 366851 0
340995 481858 0
340995 461835 0
419290 482473 0
433480 484694 0
490154 482651 0
60011 482651 0
490364 490365 0
13057 477216 0
483008 482872 0
484367 482872 0
485705 482872 0
26646 30274 0
483812 483059 0
484050 483190 0
484106 483230 0
484868 483230 0
451670 224113 0
358598 483263 0
164232 483320 0
164245 483320 0
164251 483320 0
164234 483320 0
164236 483320 0
164241 483320 0
164249 483320 0
164239 483320 0
358598 483388 0
361615 483403 0
486576 483403 0
486589 483403 0
350165 483403 0
485779 63150 0
65364 438473 0
493372 483558 0
487392 487393 0
312545 287264 0
483823 480717 0
486507 480717 0
483691 32083 0
484187 484026 0
491050 26984 0
115417 488149 0
141983 26646 0
484602 484603 0
18028 18069 0
327867 288045 0
484344 106 0
474016 106 0
484414 106 0
327054 106 0
484536 106 0
59049 106 0
484653 106 0
320852 106 0
484746 106 0
484776 106 0
484811 106 0
262210 106 0
66976 106 0
484840 106 0
484866 106 0
350172 106 0
98882 106 0
37696 106 0
484995 106 0
583 106 0
485202 106 0
232225 106 0
121328 106 0
485260 106 0
351976 106 0
75948 106 0
485392 106 0
485401 106 0
104283 106 0
5610 106 0
485460 106 0
349666 106 0
24712 106 0
485556 106 0
485615 106 0
485620 106 0
485637 106 0
426060 106 0
37611 106 0
138191 106 0
485831 106 0
485835 106 0
44747 106 0
347559 106 0
71682 106 0
485991 106 0
486018 106 0
384969 106 0
486158 106 0
486186 106 0
486202 106 0
486210 106 0
468110 106 0
486421 106 0
486708 106 0
486803 106 0
486843 106 0
373206 106 0
486873 106 0
14664 106 0
38129 106 0
420799 106 0
487244 106 0
487272 106 0
487387 106 0
487454 106 0
36722 106 0
401602 106 0
487719 106 0
487896 106 0
487964 106 0
22226 106 0
112016 106 0
284588 106 0
488277 106 0
345476 106 0
361753 106 0
488658 106 0
224379 106 0
488835 106 0
263914 106 0
489142 106 0
489596 106 0
489762 106 0
490147 106 0
45229 106 0
292343 106 0
490481 106 0
456992 106 0
490774 106 0
491089 106 0
491335 106 0
363590 106 0
492131 106 0
492283 106 0
492468 106 0
492641 106 0
492674 106 0
197537 106 0
42428 106 0
493411 106 0
493564 106 0
485107 481861 0
486963 105109 0
490358 490359 0
492318 490359 0
491218 482855 0
242136 28080 0
11892 8610 0
34568 8610 0
485151 8610 0
61512 8610 0
485329 8610 0
435557 8610 0
485660 8610 0
485882 8610 0
485947 8610 0
486059 8610 0
245786 8610 0
486635 8610 0
218953 8610 0
57918 8610 0
271527 8610 0
3383 8610 0
1362 8610 0
488226 8610 0
488933 8610 0
488957 8610 0
342017 8610 0
26452 8610 0
220462 8610 0
75639 8610 0
192082 8610 0
476272 47180 0
477964 47180 0
489697 47180 0
492109 47180 0
363132 223483 0
485844 485201 0
487747 485201 0
486273 485477 0
227545 485492 0
437083 485492 0
487727 485492 0
487925 485492 0
485790 485791 0
486113 485791 0
471767 438 0
486744 438 0
486795 438 0
456275 438 0
479214 438 0
52073 438 0
377295 438 0
377733 353457 0
486191 482855 0
486885 485698 0
237323 237305 0
486103 237305 0
464196 237305 0
486431 237305 0
486680 237305 0
488320 237305 0
272881 237305 0
486101 485962 0
490994 486092 0
486347 287536 0
487200 46477 0
39563 378516 0
82926 378516 0
79069 378516 0
981 36467 0
491218 482855 0
493463 223858 0
380672 1662 0
490634 486470 0
348623 338229 0
171923 486545 0
488336 486587 0
492478 486587 0
490647 487102 0
487183 14289 0
491218 482855 0
487102 487057 0
487827 487072 0
487289 21534 0
21909 21534 0
50423 21534 0
462879 21534 0
487856 21534 0
487914 21534 0
212829 21534 0
487944 21534 0
488305 21534 0
42895 21534 0
476068 21534 0
488763 21534 0
488761 21534 0
489073 21534 0
490664 21534 0
491050 21534 0
7271 101190 0
478728 101190 0
488291 101190 0
488963 101190 0
18424 101190 0
245872 101190 0
490468 101190 0
412934 101190 0
492458 101190 0
404575 101190 0
490869 490870 0
489075 487576 0
340995 487640 0
492881 56104 0
490604 487840 0
399370 464356 0
492426 487978 0
488044 488003 0
17100 488003 0
39563 2702 0
79069 2702 0
78119 2702 0
488837 488598 0
491218 482855 0
490009 490010 0
490927 488815 0
493156 488815 0
490588 489109 0
490840 489109 0
247159 489141 0
489959 482855 0
491218 482855 0
301684 9030 0
491002 475144 0
210651 4501 0
489797 488004 0
35688 488004 0
490446 490447 0
490760 489939 0
490594 490363 0
492765 490363 0
491375 490779 0
491230 490865 0
480668 490886 0
238115 490886 0
38302 491390 0
492333 492334 0
493052 492334 0
492603 493003 0
491721 491722 0
492234 491722 0
492335 491722 0
492577 491722 0
492828 491722 0
493542 491722 0
491782 491716 0
413568 491758 0
493292 492069 0
492236 492120 0
492624 443856 0
492922 492918 0
137903 135787 0
136153 135787 0
493647 65576 0
493433 493291 0
493609 493456 0
493667 493519 0
