1 1 100 1
2 2 100 2.09197
3 3 100 3.82773
4 4 100 4.82773
5 5 100 6.19561
6 6 100 23.6223
7 7 100 24.9902
8 8 100 27.6457
9 9 100 28.7449
10 10 100 29.7975
11 11 100 30.7975
12 12 100 32.1654
13 13 100 35.3726
14 14 100 36.7405
15 15 100 39.3849
16 16 100 40.7528
17 17 100 41.7813
18 18 100 42.7813
19 19 100 43.7813
20 20 100 44.7813
21 21 100 61.5775
22 22 100 62.5775
23 23 100 63.9454
24 24 100 71.9434
25 25 100 82.9882
26 26 100 84.6544
27 27 100 86.0223
28 28 100 87.0281
29 29 100 88.1091
30 30 100 89.0171
31 31 100 111.748
32 32 100 112.749
33 33 100 114.412
34 34 100 115.452
35 35 100 116.82
36 36 100 117.82
37 37 100 119.188
38 38 100 120.188
39 39 100 122.108
40 40 100 123.108
41 41 100 125.058
42 42 100 126.058
43 43 100 127.15
44 44 100 128.15
45 45 100 129.886
46 46 100 130.886
47 47 100 131.886
48 48 100 166.289
49 49 100 167.294
50 50 100 168.375
