16 222 339 0 0
16 1372 30 0 0
16 1971 120 0 0
16 2077 47 0 0
16 2941 1312 0 0
16 3038 44 0 0
16 8432 128 0 0
16 8517 55 0 0
16 8635 422 0 0
16 9328 691 0 0
16 16289 1251 0 0
16 20673 35 0 0
16 22579 836 0 0
16 26975 1348 0 0
16 27291 1021 0 0
16 29018 1386 0 0
16 32120 233 0 0
16 34000 111 0 0
16 34192 220 0 0
16 37139 1286 0 0
16 37940 135 0 0
16 40882 624 0 0
16 43444 461 0 0
16 45414 1756 0 0
16 53073 893 0 0
16 54716 175 0 0
16 55036 1095 0 0
16 56206 51 0 0
16 60400 1556 0 0
16 61314 834 0 0
16 65334 1715 0 0
16 68160 940 0 0
16 70874 39 0 0
16 72398 1089 0 0
16 74704 192 0 0
16 78742 69 0 0
16 78788 102 0 0
16 102976 92 0 0
16 113503 566 0 0
16 125093 43 0 0
16 127597 60 0 0
16 128187 559 0 0
16 132172 570 0 0
16 146037 198 0 0
16 152989 163 0 0
16 157506 998 0 0
16 161291 46 0 0
16 162525 47 0 0
16 167200 1520 0 0
16 179452 247 0 0
16 180744 229 0 0
16 181694 70 0 0
16 183093 751 0 0
16 188830 1751 0 0
16 209784 60 0 0
16 212119 27 0 0
16 213289 680 0 0
16 215697 24 0 0
16 220204 46 0 0
16 222515 21 0 0
16 232933 1582 0 0
16 237553 205 0 0
16 242569 388 0 0
16 247274 611 0 0
16 249220 52 0 0
16 251020 974 0 0
16 258013 1784 0 0
16 278537 498 0 0
16 298870 1438 0 0
16 298975 837 0 0
16 299136 337 0 0
16 307533 304 0 0
16 307654 28 0 0
16 308704 171 0 0
16 308830 673 0 0
16 319858 157 0 0
16 323560 40 0 0
16 330740 1630 0 0
16 335950 208 0 0
16 351337 291 0 0
16 380264 239 0 0
16 437619 998 0 0
16 458697 792 0 0
16 462117 13 0 0
16 463811 386 0 0
16 465694 1560 0 0
16 477563 1288 0 0
16 477983 843 0 0
16 481649 739 0 0
16 543048 650 0 0
16 560440 1074 0 0
16 627682 196 0 0
16 646342 1235 0 0
16 652823 308 0 0
16 683420 1710 0 0
16 688414 758 0 0
16 696691 19 0 0
16 696741 28 0 0
16 696776 32 0 0
16 696786 33 0 0
16 696880 48 0 0
16 697027 78 0 0
16 697056 86 0 0
16 697117 98 0 0
16 697132 101 0 0
16 697139 102 0 0
16 697162 106 0 0
16 697190 112 0 0
16 697288 130 0 0
16 697346 140 0 0
16 697360 142 0 0
16 697408 154 0 0
16 697411 154 0 0
16 697722 218 0 0
16 697899 251 0 0
16 698072 283 0 0
16 698188 303 0 0
16 698229 311 0 0
16 698342 332 0 0
16 698816 430 0 0
16 698897 445 0 0
16 699162 508 0 0
16 699240 524 0 0
16 699415 560 0 0
16 699480 573 0 0
16 699541 584 0 0
16 699751 634 0 0
16 699869 660 0 0
16 700084 708 0 0
16 700108 713 0 0
16 700477 790 0 0
16 700974 882 0 0
16 701350 963 0 0
16 701814 1055 0 0
16 702198 1136 0 0
16 702263 1150 0 0
16 703136 1350 0 0
16 703576 1457 0 0
16 704312 1602 0 0
46 83033 363 0 0
46 95736 4087 0 0
46 420396 836 0 0
46 693544 3586 0 0
46 695793 4372 0 0
96 9317 0 157 0
96 38155 0 195 0
116 2815 2702 0 0
116 43197 303 0 0
116 48170 209 0 0
116 65652 503 0 0
116 110190 3022 0 0
116 146695 1567 0 0
116 260143 177 0 0
116 459799 7059 0 0
116 671740 8 0 0
116 677200 1112 0 0
116 690235 3881 0 0
116 704966 14 0 0
116 705011 27 0 0
116 705062 38 0 0
116 705148 51 0 0
267252 684379 2254 0 0
623429 634747 0 90 0
623429 694725 623 0 0
166 18447 604 0 0
166 61314 534 0 0
166 305817 164 0 0
166 583141 3416 0 0
166 653882 22 0 0
166 675602 31 0 0
166 689003 34 0 0
166 689005 18 0 0
166 689011 19 0 0
166 689030 22 0 0
166 689080 33 0 0
166 689422 148 0 0
166 689446 151 0 0
166 689953 272 0 0
166 691167 567 0 0
166 692074 781 0 0
166 692737 939 0 0
194 724 365 0 0
194 893 1182 0 0
194 7361 3103 0 0
194 8635 8761 0 0
194 17821 2189 0 0
194 23242 5288 0 0
194 25194 504 0 0
194 37742 902 0 0
194 47350 4775 0 0
194 61314 12 0 0
194 78302 1284 0 0
194 125875 4374 0 0
194 130380 1324 0 0
194 134032 2864 0 0
194 137755 1387 0 0
194 137969 461 0 0
194 222515 3706 0 0
194 225826 123 0 0
194 226086 3478 0 0
194 238322 310 0 0
194 243748 3627 0 0
194 243861 4687 0 0
194 247866 179 0 0
194 254143 889 0 0
194 257783 26 0 0
194 265092 27 0 0
194 268724 5526 0 0
194 280134 824 0 0
194 292300 2062 0 0
194 294832 140 0 0
194 299175 516 0 0
194 302058 969 0 0
194 321723 3499 0 0
194 329498 1113 0 0
194 347554 356 0 0
194 407891 536 0 0
194 418171 119 0 0
194 423148 1638 0 0
194 423990 4874 0 0
194 447653 659 0 0
194 448049 132 0 0
194 450453 39 0 0
194 457178 3363 0 0
194 492788 1620 0 0
194 529512 2844 0 0
194 570643 1019 0 0
194 620279 1781 0 0
194 624527 1374 0 0
194 642198 1304 0 0
194 674203 246 0 0
194 675312 51 0 0
194 675640 2416 0 0
194 676945 1346 0 0
194 677570 348 0 0
194 678022 76 0 0
194 678075 90 0 0
194 678755 31 0 0
194 679043 285 0 0
194 679125 101 0 0
194 680218 291 0 0
194 680389 522 0 0
194 680687 377 0 0
194 680704 380 0 0
194 681047 440 0 0
194 681850 797 0 0
194 682074 1085 0 0
194 682693 783 0 0
194 683174 887 0 0
194 683289 919 0 0
194 683496 949 0 0
194 683673 990 0 0
194 683802 1227 0 0
194 685013 1289 0 0
194 686522 1799 0 0
194 687034 1723 0 0
194 687273 1974 0 0
194 687301 1778 0 0
194 688252 1993 0 0
194 689076 2182 0 0
194 690639 2580 0 0
194 691931 2901 0 0
194 691978 2911 0 0
194 692540 3711 0 0
194 694257 5143 0 0
194 694807 3590 0 0
194 695245 3690 0 0
194 696477 3968 0 0
194 697160 4305 0 0
194 701810 5771 0 0
194 704493 11513 0 0
226 686298 2893 0 0
178331 697770 0 1057 0
303 395881 322 0 0
392 4501 2583 0 0
392 95423 5614 0 0
405 56473 831 0 0
405 164613 35 0 0
405 227625 1040 0 0
405 244206 766 0 0
405 697015 333 0 0
405 697638 457 0 0
405 702024 1351 0 0
405 702336 1424 0 0
433 4614 694 0 0
433 5735 5280 0 0
433 116289 184 0 0
433 116356 2272 0 0
433 156948 1659 0 0
433 591237 332 0 0
433 651980 3570 0 0
433 680836 116 0 0
433 698834 4142 0 0
438 7361 4302 0 0
438 29596 1687 0 0
438 52073 27 0 0
438 52472 2259 0 0
438 52766 672 0 0
438 56025 1068 0 0
438 56104 2882 0 0
438 57239 3008 0 0
438 208421 1108 0 0
438 218430 4046 0 0
438 234622 4996 0 0
438 309568 603 0 0
438 532093 2460 0 0
438 534870 4356 0 0
438 547775 2693 0 0
438 560869 1548 0 0
438 675126 741 0 0
438 677418 1153 0 0
438 678551 1392 0 0
438 679061 1491 0 0
438 689037 3578 0 0
438 694874 5009 0 0
438 695574 5162 0 0
438 696338 5330 0 0
737 315288 0 976 0
745 85504 1945 0 0
535000 699829 117 0 0
884 126021 94 0 0
884 164448 76 0 0
884 169103 21 0 0
884 498472 59 0 0
884 703485 33 0 0
884 703584 56 0 0
884 703865 109 0 0
884 705048 370 0 0
981 3913 15 0 0
981 702122 1119 0 0
446585 694643 0 603 0
1442 256662 0 254 0
179595 688142 0 143 0
268670 299219 0 2236 0
535877 697770 0 499 0
1664 6875 348 0 0
1664 8496 598 0 0
1664 17565 87 0 0
1664 43197 1726 0 0
1664 189666 609 0 0
1664 206985 65 0 0
1664 429696 57 0 0
1664 688007 24 0 0
1781 676073 0 93 0
269025 395881 323 0 0
1949 697770 0 1515 0
2011 11452 0 52 0
2011 529825 0 1 0
2011 679614 0 4 0
2018 3946 0 1315 0
2035 32950 3623 0 0
2035 92806 5127 0 0
2077 386907 0 761 0
2091 11452 0 118 0
2091 108270 0 55 0
2091 529825 0 17 0
2091 679614 0 29 0
2091 700805 0 4 0
2126 9317 0 72 0
2210 570828 0 294 0
180336 690952 584 0 0
2353 9317 0 112 0
625795 688642 0 2427 0
91706 340995 35 0 0
359101 697770 0 215 0
2941 107842 0 1270 0
2941 697770 0 1130 0
181066 432577 0 169 0
181066 676902 0 152 0
3038 142980 0 159 0
3062 683536 119 0 0
448282 640675 0 21 0
270502 693680 0 1234 0
181505 395881 1670 0 0
3692 697770 0 1341 0
92773 693755 0 138 0
92806 94524 0 3209 0
449062 677119 0 688 0
449232 676798 0 2013 0
93101 107842 0 48 0
4288 6940 0 295 0
4474 56240 36 0 0
4501 43793 113 0 0
4501 74000 541 0 0
4501 94697 381 0 0
4501 364092 2231 0 0
4501 692025 51 0 0
4501 692373 134 0 0
4534 694643 0 1219 0
4710 147436 0 53 0
5003 612995 4081 0 0
5003 693369 2310 0 0
183093 570828 0 38 0
5026 24033 0 9 0
5134 703644 2671 0 0
5134 705150 2989 0 0
5611 31308 306 0 0
5611 286762 80 0 0
5611 688806 478 0 0
184033 570828 0 92 0
6177 178830 3125 0 0
6247 680477 40 0 0
6247 680706 84 0 0
6611 11452 0 192 0
6611 108270 0 25 0
6611 529825 0 198 0
6611 679614 0 173 0
363026 693680 0 1137 0
7041 413045 0 215 0
7206 11452 0 553 0
7206 679614 0 903 0
7361 33181 0 2351 0
7361 680109 0 2635 0
7361 689852 0 525 0
7442 26089 0 58 0
7521 659688 391 0 0
7559 470534 883 0 0
7559 698152 129 0 0
7559 699767 467 0 0
7559 699780 472 0 0
7915 686077 68 0 0
631349 697770 0 591 0
8111 54253 0 131 0
8112 13462 0 1661 0
8112 26089 0 465 0
8112 31308 3502 28 0
8126 693960 0 22 0
8169 693680 0 515 0
8272 13462 0 20 0
364544 674870 21 0 0
631717 693680 0 1319 0
8496 8585 0 134 0
8496 9317 0 2561 0
275684 280019 13 0 0
8585 690311 124 0 0
8715 208287 42 0 0
8715 696927 56 0 0
9030 673029 89 0 0
9071 238781 224 0 0
276362 697770 0 1568 0
9317 464600 92 0 0
276621 570828 0 166 0
187738 203856 0 2202 0
633110 694371 910 0 0
544102 623429 111 0 0
9929 23081 217 0 0
9929 590872 271 0 0
455232 677891 0 2931 0
455471 694643 0 528 0
10319 327449 124 0 0
277445 690852 26 0 0
277741 697770 0 293 0
99740 674990 716 0 0
100183 687201 0 254 0
11452 14296 0 0 0
11452 20499 223 0 0
11452 55828 54 0 0
11452 480704 48 0 0
11462 693743 0 366 0
11473 693743 0 364 0
11645 680055 52 0 0
12078 414644 0 1329 0
12565 697770 0 1066 0
12565 701449 0 269 0
635852 697770 0 231 0
12741 112242 0 311 0
12803 131934 0 3842 0
12814 623429 4 0 0
12829 191755 0 134 0
190952 238611 73 0 0
13057 88307 0 25 0
13057 256662 0 53 0
13112 680811 22 0 0
636668 690420 0 137 0
13462 19691 4363 0 0
13462 27542 2209 0 0
13462 31308 4443 0 0
13462 222939 90 0 0
191755 230578 5148 0 0
191755 264546 5083 0 0
458965 630523 0 24 0
14296 108270 0 1 0
192633 578050 0 3897 0
459882 643046 0 2114 0
14699 84425 0 170 0
14699 547380 221 0 0
14699 693548 122 0 0
281958 671941 0 3938 0
103940 107842 0 431 0
104206 157886 0 1736 0
460596 680663 1528 0 0
460596 690334 0 1701 0
15459 697920 0 531 0
282793 677891 0 454 0
461422 694643 0 1615 0
105268 295056 203 0 0
105268 485837 4188 0 0
105268 690501 3487 0 0
16435 68829 0 78 0
16435 697770 0 817 0
16581 140920 0 634 0
16596 241615 0 693 0
194679 697770 0 989 0
462259 694643 0 657 0
106173 147436 0 16 0
551670 701449 0 188 0
106679 671436 0 1123 0
17807 395881 1185 0 0
641565 694643 0 1036 0
18399 47076 0 566 0
18399 671795 0 40 0
18408 288823 0 59 0
107617 693680 0 169 0
463939 686149 1297 0 0
107842 109483 806 0 0
107842 130176 1050 0 0
107842 204763 15 0 0
107842 205296 1484 0 0
107842 239682 1715 0 0
107842 245392 577 0 0
107842 247579 1259 0 0
107842 254456 685 0 0
107842 274757 547 0 0
107842 276632 462 0 0
107842 378305 210 0 0
107842 437619 41 0 0
107842 454086 382 0 0
107842 566068 1646 0 0
107842 664285 708 0 0
107842 667841 1083 0 0
107842 693142 209 0 0
107842 697111 30 0 0
107842 697137 35 0 0
107842 697145 36 0 0
107842 697198 47 0 0
107842 697252 55 0 0
107842 697315 67 0 0
107842 697340 72 0 0
107842 697348 74 0 0
107842 697384 82 0 0
107842 697420 89 0 0
107842 697444 92 0 0
107842 697471 98 0 0
107842 697492 103 0 0
107842 697620 130 0 0
107842 697636 133 0 0
107842 697638 1078 0 0
107842 697674 141 0 0
107842 697681 142 0 0
107842 697788 161 0 0
107842 697803 164 0 0
107842 697824 168 0 0
107842 697921 192 0 0
107842 697923 192 0 0
107842 698109 223 0 0
107842 698167 233 0 0
107842 698215 241 0 0
107842 698225 243 0 0
107842 698249 247 0 0
107842 698251 248 0 0
107842 698279 256 0 0
107842 698287 257 0 0
107842 698334 264 0 0
107842 698447 286 0 0
107842 698521 300 0 0
107842 698526 301 0 0
107842 698570 309 0 0
107842 698621 320 0 0
107842 698752 351 0 0
107842 698883 376 0 0
107842 699025 409 0 0
107842 699160 439 0 0
107842 699234 457 0 0
107842 699321 475 0 0
107842 700005 624 0 0
107842 700099 645 0 0
107842 700153 658 0 0
107842 700166 661 0 0
107842 700340 697 0 0
107842 700361 700 0 0
107842 700387 707 0 0
107842 700487 724 0 0
107842 700504 726 0 0
107842 700602 744 0 0
107842 700660 757 0 0
107842 700706 763 0 0
107842 700866 793 0 0
107842 700937 808 0 0
107842 700943 810 0 0
107842 701001 821 0 0
107842 701093 836 0 0
107842 701171 855 0 0
107842 701199 859 0 0
107842 701265 874 0 0
107842 701439 912 0 0
107842 701527 928 0 0
107842 701923 1009 0 0
107842 702390 1111 0 0
107842 702423 1119 0 0
107842 702469 1128 0 0
107842 702566 1146 0 0
107842 702641 1165 0 0
107842 702645 1165 0 0
107842 702876 1229 0 0
107842 702984 1257 0 0
107842 703028 1264 0 0
107842 703033 1264 0 0
107842 703198 1299 0 0
107842 703709 1417 0 0
107842 703803 1435 0 0
107842 704046 1481 0 0
107842 704057 1487 0 0
107842 704126 1499 0 0
107842 704324 1539 0 0
107842 704361 1547 0 0
107842 704486 1573 0 0
107842 704968 1687 0 0
107842 705036 1704 0 0
107842 705069 1711 0 0
107842 705089 1715 0 0
286156 672564 0 622 0
197122 652530 0 1184 0
19092 457177 120 0 0
108270 108511 195 0 0
108270 108536 196 0 0
108270 108552 195 0 0
108270 231317 2963 0 0
108270 480704 48 0 0
108270 691603 28 0 0
108270 692685 294 0 0
108270 695157 886 0 0
19331 693157 123 0 0
19331 700231 1662 0 0
286545 696496 0 369 0
19565 671948 0 629 0
19691 91706 0 1089 0
19735 47076 0 95 0
19735 529825 0 51 0
19784 672342 0 599 0
19820 672564 0 669 0
108939 698434 0 1267 0
287071 697770 0 1323 0
198084 335804 423 0 0
198084 452163 1049 0 0
109232 696768 250 0 0
20192 20597 1408 0 0
109322 372819 0 42 0
20428 679100 289 0 0
643740 694643 0 1889 0
20623 146779 0 63 0
377038 674604 0 48 0
199550 564010 4305 0 0
288823 318885 4099 0 0
288823 451522 1783 0 0
288823 531554 1220 0 0
288823 686712 211 0 0
645493 685536 0 151 0
378400 697770 0 309 0
22288 62381 72 0 0
22288 173839 1625 0 0
22288 305280 1046 0 0
22288 478753 303 0 0
22288 640993 1258 0 0
22288 660612 502 0 0
22288 690557 259 0 0
378461 378548 0 634 0
200431 210094 0 93 0
22368 29807 3152 0 0
22368 88877 379 0 0
22368 443857 676 0 0
22368 458652 1321 0 0
22368 687210 711 0 0
467657 694643 0 261 0
22529 687443 0 120 0
22529 688292 0 812 0
111658 684083 0 291 0
646069 693296 0 405 0
200896 679456 0 3945 0
23081 261292 178 0 0
23081 517169 638 0 0
112241 112242 0 86 0
112242 691326 1649 0 0
112242 691336 1651 0 0
23598 697770 0 409 0
23942 697918 0 127 0
113049 309510 657 0 0
113049 672754 211 0 0
113049 674739 858 0 0
113049 679026 1480 0 0
113049 705019 7167 0 0
24033 25866 418 0 0
24033 35373 1003 0 0
24033 57434 987 0 0
24033 85670 1850 0 0
24033 114527 432 0 0
24033 130687 721 0 0
24033 137967 16 0 0
24033 144952 2611 0 0
24033 155977 1111 0 0
24033 368882 2302 0 0
24033 403340 2305 0 0
24033 604469 151 0 0
24033 626017 1872 0 0
24033 675825 168 0 0
24033 691268 1603 0 0
24033 691452 90 0 0
24033 693306 537 0 0
24033 694288 763 0 0
24033 694876 914 0 0
24033 700102 2015 0 0
113534 697770 0 696 0
114040 498248 132 0 0
559380 697770 0 452 0
114527 131934 0 91 0
292792 697770 0 49 0
649106 676101 0 1524 0
204060 215305 21 0 0
204060 674225 284 0 0
26089 594697 81 0 0
26128 162442 0 1050 0
204314 697770 0 370 0
26541 675437 0 105 0
650249 673165 0 1492 0
383662 413045 0 995 0
27542 91706 0 115 0
27542 95043 0 899 0
27542 140920 0 859 0
27674 261292 619 0 0
384244 678902 0 257 0
28190 693911 4460 0 0
117310 694643 0 1937 0
384493 617438 0 61 0
29294 82678 9 0 0
29391 162442 0 258 0
29443 340995 56 0 0
385971 694058 1893 0 0
29874 261292 72 0 0
29937 162442 0 2981 0
29951 47076 0 4304 0
386241 681506 0 2273 0
564769 699829 0 617 0
386907 648958 27 0 0
386907 691778 233 0 0
31308 91706 0 507 0
31308 413045 0 475 0
31367 660170 36 0 0
31367 685141 238 0 0
31367 685953 394 0 0
209838 699332 0 140 0
298975 697770 0 520 0
210094 696093 468 0 0
210094 696316 521 0 0
210094 697156 703 0 0
299219 384340 2892 0 0
477420 677283 0 4608 0
32288 320155 438 0 0
299470 674177 0 178 0
299470 674845 0 132 0
477563 678842 0 5178 0
477563 694503 0 1841 0
32992 673182 0 324 0
33181 126045 3055 0 0
33181 126665 4298 0 0
33181 128210 2493 0 0
33181 128279 5116 0 0
33181 129298 3752 0 0
33181 129388 1419 0 0
33181 436239 4144 0 0
33181 436247 3327 0 0
33181 436667 4095 0 0
33181 436844 2248 0 0
33181 436984 5092 0 0
33181 437000 4398 0 0
33181 437346 4945 0 0
33181 437438 2343 0 0
33181 437572 3255 0 0
33181 437623 3120 0 0
33181 437669 4478 0 0
33181 439355 1514 0 0
33181 439633 5033 0 0
33181 440101 3471 0 0
33181 440141 3237 0 0
33181 440206 4006 0 0
33181 440262 3489 0 0
33181 441116 3906 0 0
33181 441160 3509 0 0
33181 441196 1334 0 0
33181 441507 1484 0 0
33181 441793 4127 0 0
33181 442413 3059 0 0
33181 442481 3331 0 0
33181 442738 3326 0 0
33181 442795 3609 0 0
33181 442822 1855 0 0
33181 443032 3970 0 0
33181 443050 3121 0 0
33181 443146 904 0 0
33181 443163 2093 0 0
33181 443273 1118 0 0
33181 443517 4064 0 0
33181 443756 1871 0 0
33181 444125 5198 0 0
33181 444916 1780 0 0
33181 445273 908 0 0
33181 445321 3408 0 0
33181 445931 3259 0 0
33181 445941 2422 0 0
33181 446115 1436 0 0
33181 446487 4457 0 0
33181 446590 2814 0 0
33181 446613 2102 0 0
33181 446698 4353 0 0
33181 446850 1473 0 0
33181 446939 3309 0 0
33181 447376 2952 0 0
33181 447460 4213 0 0
33181 447478 1359 0 0
33181 447651 2889 0 0
33181 448018 3913 0 0
33181 448422 3751 0 0
33181 448639 960 0 0
33181 449648 1447 0 0
33181 449666 3985 0 0
33181 449888 4952 0 0
33181 449892 4839 0 0
33181 449902 5137 0 0
33181 450989 3684 0 0
33181 451020 2286 0 0
33181 451169 2875 0 0
33181 451588 2104 0 0
33181 451933 3022 0 0
33181 452000 3618 0 0
33181 452013 2980 0 0
33181 452251 4948 0 0
33181 454885 1925 0 0
33181 455297 3161 0 0
33181 455740 3863 0 0
33181 455787 3837 0 0
33181 456085 4953 0 0
33181 456861 1261 0 0
33181 485484 3480 0 0
33181 487779 1297 0 0
33181 491267 2368 0 0
33181 491564 4471 0 0
33181 491597 3951 0 0
33181 492194 1837 0 0
33181 492396 1175 0 0
33181 492495 3547 0 0
33181 684537 674 1493 0
33181 684538 617 0 0
33181 684545 618 0 0
33181 684574 624 0 0
33181 684611 632 0 0
33181 684632 637 0 0
33181 684635 637 0 0
33181 684641 637 0 0
33181 684649 640 0 0
33181 684657 641 0 0
33181 684661 642 0 0
33181 684673 644 0 0
33181 684686 647 0 0
33181 684701 649 0 0
33181 684793 668 0 0
33181 684808 672 0 0
33181 684824 675 0 0
33181 684826 676 0 0
33181 685302 761 0 0
33181 685981 911 0 0
33181 686085 929 0 0
33181 686342 989 0 0
33181 686898 1118 0 0
33181 687756 1318 0 0
33181 687836 1339 0 0
33181 688268 1432 0 0
33181 688426 1465 0 0
33181 688455 1475 0 0
33181 688576 1502 0 0
33181 688665 1523 0 0
33181 688722 1534 0 0
33181 688760 1545 0 0
33181 688764 1547 0 0
33181 688965 1597 0 0
33181 689343 1710 0 0
33181 689512 1751 0 0
33181 689536 1755 0 0
33181 689595 1766 0 0
33181 689641 1776 0 0
33181 689697 1789 0 0
33181 689741 1802 0 0
33181 689760 1807 0 0
33181 689811 1820 0 0
33181 689836 1825 0 0
33181 689905 1846 0 0
33181 689955 1855 0 0
33181 689967 1857 0 0
33181 690052 1874 0 0
33181 690066 1875 0 0
33181 690076 1878 0 0
33181 690111 1884 0 0
33181 690196 1908 0 0
33181 690344 1948 0 0
33181 690352 1951 0 0
33181 690453 1975 0 0
33181 690463 1977 0 0
33181 690477 1979 0 0
33181 690520 1993 0 0
33181 690561 2000 0 0
33181 690792 2057 0 0
33181 690815 2065 0 0
33181 690821 2066 0 0
33181 690901 2082 0 0
33181 690943 2095 0 0
33181 691039 2118 0 0
33181 691085 2132 0 0
33181 691133 2143 0 0
33181 691195 2162 0 0
33181 691213 2166 0 0
33181 691309 2190 0 0
33181 691320 2191 0 0
33181 691417 2214 0 0
33181 691436 2216 0 0
33181 691479 2225 0 0
33181 691496 2229 0 0
33181 691523 2232 0 0
33181 691881 2324 0 0
33181 691952 2340 0 0
33181 691963 2343 0 0
33181 691970 2345 0 0
33181 691990 2349 0 0
33181 692142 2387 0 0
33181 692244 2409 0 0
33181 692319 2423 0 0
33181 693746 2769 0 0
33181 693757 2772 0 0
33181 693773 2774 0 0
33181 693795 2782 0 0
33181 693801 2784 0 0
33181 693820 2787 0 0
33181 693831 2790 0 0
33181 693907 2807 0 0
33181 693929 2810 0 0
33181 694076 2844 0 0
33181 694078 2844 0 0
33181 694093 2850 0 0
33181 694123 2855 0 0
33181 694137 2860 0 0
33181 694197 2875 0 0
33181 694199 2875 0 0
33181 694225 2879 0 0
33181 694268 2887 0 0
33181 694282 2891 0 0
33181 694333 2901 0 0
33181 694383 2915 0 0
33181 694450 2934 0 0
33181 694457 2936 0 0
33181 694528 2952 0 0
33181 694537 2953 0 0
33181 694549 2955 0 0
33181 694591 2965 0 0
33181 694597 2966 0 0
33181 694607 2969 0 0
33181 694672 2990 0 0
33181 694685 2994 0 0
33181 694721 3001 0 0
33181 694723 3001 0 0
33181 694769 3015 0 0
33181 694846 3036 0 0
33181 694903 3051 0 0
33181 694936 3057 0 0
33181 694990 3073 0 0
33181 695001 3077 0 0
33181 695032 3082 0 0
33181 695042 3086 0 0
33181 695135 3104 0 0
33181 695267 3133 0 0
33181 695317 3142 0 0
33181 695332 3145 0 0
33181 695365 3153 0 0
33181 695391 3157 0 0
33181 695400 3159 0 0
33181 695408 3160 0 0
33181 695562 3195 0 0
33181 695580 3197 0 0
33181 695643 3211 0 0
33181 695655 3212 0 0
33181 695677 3214 0 0
33181 695700 3219 0 0
33181 695727 3227 0 0
33181 695738 3229 0 0
33181 695741 3229 0 0
33181 695924 3267 0 0
33181 695949 3273 0 0
33181 696010 3288 0 0
33181 696014 3289 0 0
33181 696035 3292 0 0
33181 696051 3297 0 0
33181 696104 3305 0 0
33181 696112 3306 0 0
33181 696144 3319 0 0
33181 696200 3329 0 0
33181 696215 3331 0 0
33181 696224 3333 0 0
33181 696275 3344 0 0
33181 696301 3350 0 0
33181 696407 3387 0 0
33181 696421 3389 0 0
33181 696451 3399 0 0
33181 696463 3400 0 0
33181 696475 3404 0 0
33181 696488 3405 0 0
33181 696512 3409 0 0
33181 696644 3443 0 0
33181 696670 3449 0 0
33181 696719 3457 0 0
33181 696764 3463 0 0
33181 696780 3465 0 0
33181 696835 3474 0 0
33181 696888 3483 0 0
33181 697109 3530 0 0
33181 697121 3533 0 0
33181 697150 3537 0 0
33181 697224 3550 0 0
33181 697264 3557 0 0
33181 697283 3562 0 0
33181 697357 3575 0 0
33181 697440 3592 0 0
33181 697469 3598 0 0
33181 697480 3601 0 0
33181 697678 3642 0 0
33181 697818 3667 0 0
33181 697830 3670 0 0
33181 697860 3677 0 0
33181 697893 3683 0 0
33181 697925 3692 0 0
33181 697939 3694 0 0
33181 697981 3702 0 0
33181 698004 3706 0 0
33181 698056 3712 0 0
33181 698074 3716 0 0
33181 698154 3731 0 0
33181 698281 3756 0 0
33181 698294 3759 0 0
33181 698417 3780 0 0
33181 698474 3791 0 0
33181 698670 3833 0 0
33181 698773 3856 0 0
33181 698777 3856 0 0
33181 698790 3858 0 0
33181 698792 3858 0 0
33181 698794 3858 0 0
33181 698844 3869 0 0
33181 698863 3872 0 0
33181 698885 3876 0 0
33181 698906 3880 0 0
33181 698941 3889 0 0
33181 698952 3893 0 0
33181 699014 3906 0 0
33181 699108 3928 0 0
33181 699140 3935 0 0
33181 699143 3936 0 0
33181 699301 3972 0 0
33181 699326 3976 0 0
33181 699387 3987 0 0
33181 699398 3989 0 0
33181 699403 3991 0 0
33181 699429 3995 0 0
33181 699440 3998 0 0
33181 699449 4000 0 0
33181 699459 4000 0 0
33181 699492 4008 0 0
33181 699566 4022 0 0
33181 699703 4059 0 0
33181 699735 4065 0 0
33181 699755 4067 0 0
33181 699773 4070 0 0
33181 699809 4078 0 0
33181 699947 4112 0 0
33181 700095 4145 0 0
33181 700129 4153 0 0
33181 700260 4180 0 0
33181 700498 4225 0 0
33181 700522 4231 0 0
33181 700621 4248 0 0
33181 700676 4260 0 0
33181 700862 4292 0 0
33181 700881 4299 0 0
33181 700902 4302 0 0
33181 700941 4310 0 0
33181 700958 4312 0 0
33181 700982 4317 0 0
33181 701038 4326 0 0
33181 701066 4332 0 0
33181 701095 4337 0 0
33181 701207 4364 0 0
33181 701226 4367 0 0
33181 701274 4377 0 0
33181 701305 4384 0 0
33181 701339 4392 0 0
33181 701358 4397 0 0
33181 701380 4401 0 0
33181 701385 4403 0 0
33181 701437 4412 0 0
33181 701495 4420 0 0
33181 701510 4423 0 0
33181 701517 4426 0 0
33181 701521 4427 0 0
33181 701584 4439 0 0
33181 701593 4440 0 0
33181 701595 4440 0 0
33181 701604 4444 0 0
33181 701610 4445 0 0
33181 701612 4445 0 0
33181 701622 4449 0 0
33181 701627 4449 0 0
33181 701667 4458 0 0
33181 701729 4473 0 0
33181 701741 4474 0 0
33181 701743 4475 0 0
33181 701757 4477 0 0
33181 701780 4482 0 0
33181 701788 4484 0 0
33181 701831 4491 0 0
33181 701833 4491 0 0
33181 701849 4495 0 0
33181 701854 4495 0 0
33181 701878 4502 0 0
33181 701896 4504 0 0
33181 701915 4507 0 0
33181 701927 4510 0 0
33181 701970 4519 0 0
33181 701998 4524 0 0
33181 702015 4527 0 0
33181 702118 4549 0 0
33181 702159 4558 0 0
33181 702293 4591 0 0
33181 702332 4600 0 0
33181 703114 4780 0 0
33181 703196 4799 0 0
33181 703289 4825 0 0
33181 703371 4842 0 0
33181 703393 4849 0 0
33181 703471 4867 0 0
33181 703481 4869 0 0
33181 703487 4869 0 0
33181 703489 4869 0 0
33181 703493 4869 0 0
33181 703581 4891 0 0
33181 703597 4895 0 0
33181 703726 4919 0 0
33181 703734 4922 0 0
33181 703736 4923 0 0
33181 703801 4935 0 0
33181 703818 4938 0 0
33181 703822 4938 0 0
33181 704021 4977 0 0
33181 704034 4979 0 0
33181 704081 4991 0 0
33181 704093 4994 0 0
33181 704108 4997 0 0
33181 704232 5020 0 0
33181 704239 5022 0 0
33181 704248 5024 0 0
33181 704254 5025 0 0
33181 704262 5026 0 0
33181 704315 5036 0 0
33181 704326 5039 0 0
33181 704328 5040 0 0
33181 704335 5040 0 0
33181 704350 5043 0 0
33181 704357 5046 0 0
33181 704377 5050 0 0
33181 704423 5057 0 0
33181 704439 5061 0 0
33181 704455 5064 0 0
33181 704459 5065 0 0
33181 704461 5065 0 0
33181 704518 5080 0 0
33181 704559 5087 0 0
33181 704561 5088 0 0
33181 704568 5089 0 0
33181 704572 5090 0 0
33181 704625 5102 0 0
33181 704627 5103 0 0
33181 704657 5109 0 0
33181 704697 5117 0 0
33181 704703 5118 0 0
33181 704716 5120 0 0
33181 704726 5123 0 0
33181 704743 5126 0 0
33181 704783 5136 0 0
33181 704846 5151 0 0
33181 704855 5155 0 0
33181 704889 5166 0 0
33181 704896 5168 0 0
33181 704954 5182 0 0
33181 705042 5205 0 0
33181 705056 5207 0 0
33181 705096 5217 0 0
33181 705122 5222 0 0
33181 705166 5227 0 0
567719 696057 651 0 0
33908 107842 0 158 0
212119 317924 0 159 0
34191 633859 1021 0 0
34540 687026 9 0 0
34689 699558 582 0 0
35145 702587 0 13 0
213512 584521 6536 0 0
213537 570828 0 204 0
480704 529825 0 35 0
480704 679614 0 30 0
35576 697770 0 1102 0
35782 52873 0 22 0
124955 405420 2373 0 0
125378 673112 0 161 0
125378 676480 0 35 0
125378 680085 0 157 0
125378 684634 0 416 0
214432 697770 0 221 0
570668 694643 0 1845 0
570828 579671 305 0 0
570828 696904 58 0 0
570828 697023 82 0 0
570828 697031 83 0 0
570828 697247 124 0 0
570828 697268 129 0 0
570828 697368 150 0 0
570828 697378 153 0 0
570828 697430 161 0 0
570828 697543 184 0 0
570828 697629 202 0 0
570828 697881 253 0 0
570828 697944 267 0 0
570828 698046 283 0 0
570828 698619 391 0 0
570828 699043 0 7 0
571150 674942 416 0 0
36947 252316 0 7 0
571222 680955 0 1414 0
37187 695293 0 1430 0
215464 697770 0 55 0
393606 694643 0 562 0
38079 677722 0 145 0
394371 673182 0 3647 0
483691 687206 0 691 0
661946 672373 0 545 0
38914 687026 10 0 0
662401 695179 4071 0 0
39508 48609 3536 0 0
217590 367047 40 0 0
217590 393664 854 0 0
217590 410426 1950 0 0
217590 681959 821 0 0
217590 699508 4780 0 0
39563 47076 0 1 0
39563 671795 0 254 0
307232 317395 0 708 0
40273 689292 0 1584 0
40388 677891 0 1043 0
485837 678040 0 3409 0
485837 683066 0 2298 0
129721 697929 288 0 0
129721 698720 870 0 0
129721 703282 1526 0 0
40779 685761 14 0 0
664126 699794 525 0 0
40922 675106 0 46 0
130176 198084 0 192 0
41169 167210 0 0 0
486522 690631 0 507 0
130488 674457 0 517 0
130535 695570 178 0 0
130535 702712 1663 0 0
308830 378449 171 0 0
308830 700172 57 0 0
308830 701463 311 0 0
308830 703430 755 0 0
665112 697770 0 1372 0
398545 672045 0 68 0
220867 693680 0 219 0
131934 681389 850 0 0
221443 693680 0 57 0
399605 648791 0 242 0
489109 490588 255 0 0
489109 490840 240 0 0
44177 52203 665 0 0
44177 623469 2688 0 0
44250 676902 0 741 0
311381 583656 158 0 0
222344 693680 0 2372 0
222363 678199 1301 0 0
44387 45034 2300 0 0
44387 211263 1130 0 0
44387 682946 93 0 0
400838 694643 0 1314 0
45034 112242 0 1959 0
134129 676339 442 0 0
668481 674612 0 23 0
668787 696188 4692 0 0
224364 697770 0 523 0
224612 347345 0 126 0
136026 700219 0 92 0
670277 686033 0 472 0
47076 48181 1754 0 0
47076 78723 4356 0 0
47076 83536 274 0 0
47076 118290 94 0 0
47076 366405 339 0 0
47076 426724 2046 0 0
47076 683985 252 0 0
47076 687391 981 0 0
47076 690109 1631 0 0
47076 695179 2858 0 0
492526 619293 0 794 0
403740 692254 0 222 0
136894 236310 0 1118 0
47990 703673 77 0 0
226155 684080 0 152 0
226155 688546 0 293 0
226155 697582 0 19 0
226155 699075 0 190 0
493334 677322 0 2911 0
315288 696752 501 0 0
315288 699433 1630 0 0
671795 673016 254 0 0
671795 675062 708 0 0
671838 686350 2861 0 0
672075 692241 4300 0 0
672373 673568 221 0 0
138191 697770 0 215 0
405420 675437 0 125 0
227545 418540 0 443 0
672983 703863 6644 0 0
673033 674142 243 0 0
495072 702853 0 76 0
317005 693680 0 572 0
673182 673878 157 0 0
673182 677334 824 0 0
673182 685288 2409 0 0
673182 685360 2422 0 0
673182 685404 2432 0 0
673182 685929 2553 0 0
673182 687265 2858 0 0
673182 690408 3619 0 0
673182 691693 3927 0 0
673187 675536 490 0 0
673247 674659 319 0 0
673387 684232 2156 0 0
673492 701909 6081 0 0
50227 699255 3323 0 0
673559 675064 319 0 0
673559 684024 2068 0 0
673559 684069 2080 0 0
673559 694147 4420 0 0
406456 681506 0 5005 0
317435 697294 277 0 0
673679 699829 0 98 0
673854 676936 596 0 0
673854 695671 4713 0 0
495780 694643 0 702 0
674104 674409 72 0 0
229088 261292 516 0 0
140062 672045 0 1395 0
674413 681035 224 0 0
51228 107842 0 1580 0
674575 694879 4387 0 0
674575 697507 4947 0 0
674639 674704 12 0 0
51431 623429 14 0 0
674913 683747 1711 0 0
51946 695293 0 17 0
675292 675698 61 0 0
675456 688143 2579 0 0
586524 680793 63 0 0
586524 689889 2072 0 0
586686 683066 0 960 0
319775 697770 0 296 0
52722 198084 0 155 0
676073 676502 77 0 0
676073 676530 82 0 0
676073 696233 4404 0 0
676136 677851 332 0 0
52873 704964 64 0 0
52873 704986 71 0 0
141919 153681 0 19 0
676288 678228 395 0 0
142088 672765 45 0 0
676336 676414 18 0 0
676488 680040 740 0 0
676798 687490 2184 0 0
231595 362752 0 27 0
320694 688217 0 3711 0
676902 678588 66 0 0
676902 678708 91 0 0
676902 691095 2764 0 0
676906 678355 297 0 0
53732 292136 457 0 0
142865 676073 0 34 0
142980 275323 107 0 0
54253 703322 293 0 0
54253 703511 336 0 0
54253 703661 371 0 0
677561 681832 805 0 0
588559 677722 0 820 0
677617 682117 820 0 0
232497 395881 730 0 0
677722 690709 2786 0 0
677722 704603 5847 0 0
677766 689540 2501 0 0
410651 418540 0 4032 0
677891 681538 680 0 0
677891 682077 792 0 0
677891 683202 1043 0 0
677891 683311 1067 0 0
677891 688950 2309 0 0
677891 701383 5117 0 0
677891 703139 5500 0 0
678451 681318 513 0 0
678621 678622 0 589 0
678621 679911 0 1430 0
678621 686245 0 595 0
589665 693680 0 1808 0
678724 681224 444 0 0
678724 682633 745 0 0
678790 680004 219 0 0
411677 538757 144 0 0
411677 682054 192 0 0
55649 130176 70 0 0
144788 699043 0 618 0
55828 679614 0 217 0
679312 693601 3163 0 0
679662 694643 0 1030 0
56473 697770 0 421 0
145796 671795 0 781 0
680065 680612 96 0 0
680065 681247 207 0 0
680065 681358 225 0 0
680065 687923 1660 0 0
680085 702278 4880 0 0
680109 680265 26 0 0
680109 680300 31 0 0
680109 680321 36 0 0
680109 684180 836 0 0
680109 684803 960 0 0
680109 685172 1046 0 0
680109 685174 1046 0 0
680109 685176 1046 0 0
680109 685178 1046 0 0
680109 685180 1046 0 0
680109 685182 1046 0 0
680109 685184 1046 0 0
680109 685186 1046 0 0
680109 685188 1046 0 0
680109 685190 1046 0 0
680109 685192 1046 0 0
680109 685194 1046 0 0
680109 685196 1046 0 0
680109 685198 1046 0 0
680109 685200 1046 0 0
680109 685202 1046 0 0
680109 685204 1046 0 0
680109 685206 1046 0 0
680109 685208 1046 0 0
680109 685210 1046 0 0
680109 685212 1046 0 0
680109 685214 1046 0 0
680109 685216 1046 0 0
680109 685218 1046 0 0
680109 685220 1046 0 0
680109 685222 1046 0 0
680109 685224 1046 0 0
680109 685226 1046 0 0
680109 685228 1046 0 0
680109 685230 1046 0 0
680109 685232 1046 0 0
680109 685234 1046 0 0
680109 685236 1046 0 0
680109 685238 1046 0 0
680109 685240 1046 0 0
680109 685242 1046 0 0
680109 685244 1046 0 0
680109 685246 1046 0 0
680109 685248 1046 0 0
680109 685250 1046 0 0
680109 685252 1046 0 0
680109 685254 1046 0 0
680109 685256 1046 0 0
680109 685258 1046 0 0
680109 685260 1046 0 0
680109 685262 1046 0 0
680109 685264 1046 0 0
680109 685266 1046 0 0
680109 685268 1046 0 0
680109 685270 1046 0 0
680109 685272 1046 0 0
680109 685274 1046 0 0
680109 685276 1046 0 0
680109 685278 1046 0 0
680109 685280 1046 0 0
680109 685282 1046 0 0
680109 685284 1046 0 0
680109 685286 1046 0 0
680130 693680 0 202 0
234931 678580 382 0 0
146174 161773 53 0 0
413394 694072 315 0 0
680562 695468 0 102 0
680697 697770 0 270 0
146529 697770 0 629 0
57648 294022 731 0 0
146779 186255 26 0 0
146779 191581 27 0 0
146779 466655 35 0 0
146779 502616 40 0 0
146779 515813 262 0 0
146779 633011 23 0 0
146779 703745 13 0 0
146779 703770 18 0 0
146779 703799 24 0 0
146779 703962 51 0 0
146779 704203 105 0 0
146779 704214 107 0 0
146779 704265 116 0 0
146779 704317 127 0 0
146779 704434 148 0 0
146779 704523 169 0 0
146779 704688 205 0 0
146906 694653 0 59 0
681166 681363 30 0 0
681166 684438 698 0 0
236165 689682 389 0 0
681406 690334 0 1483 0
58206 256662 0 1 0
681506 682151 138 0 0
681563 682335 167 0 0
147436 147613 16 0 0
147436 147633 19 0 0
147436 147635 58 0 0
147436 147757 37 0 0
147436 155949 13 0 0
147436 157148 38 0 0
147436 172815 74 0 0
147436 190880 81 0 0
147436 213006 32 0 0
147436 245860 27 0 0
147436 315903 12 0 0
147436 346450 22 0 0
147436 353811 38 0 0
147436 390151 25 0 0
147436 469097 35 0 0
147436 566153 87 0 0
147436 672005 12 0 0
147436 672083 29 0 0
147436 672151 47 0 0
147436 672318 20 0 0
147436 672376 31 0 0
147436 672496 54 0 0
147436 672507 56 0 0
147436 672534 60 0 0
147436 672541 64 0 0
147436 672617 79 0 0
147436 672646 83 0 0
147436 672657 86 0 0
147436 672667 87 0 0
58406 702345 0 21 0
147451 206948 0 2072 0
148232 282227 0 102 0
326327 602395 46 0 0
326327 614909 2776 0 0
326327 688326 88 0 0
682500 694096 2677 0 0
682682 688160 1150 0 0
682714 684755 433 0 0
683066 683374 60 0 0
683066 683536 90 0 0
683187 687478 927 0 0
149103 694643 0 888 0
149295 570828 0 46 0
683545 683787 39 0 0
683545 686112 0 512 0
683628 688459 38 0 0
683628 692818 1109 0 0
683661 684515 57 0 0
683661 686873 438 0 0
683661 689860 1160 0 0
683661 693188 1968 0 0
594816 683545 973 0 0
505834 694503 0 2059 0
684080 684503 87 0 0
684080 684974 192 0 0
684080 686061 401 0 0
684178 684295 39 0 0
684407 698519 3212 0 0
684471 699829 911 0 0
684507 685086 127 0 0
684654 684675 5 0 0
61549 591237 89 0 0
685391 686363 217 0 0
685597 699829 488 0 0
418540 462970 891 0 0
418540 684090 1304 0 0
418540 687193 1969 0 0
418540 696312 4132 0 0
418540 699963 4893 0 0
686033 687077 247 0 0
686033 687258 286 0 0
686033 687289 293 0 0
686128 693065 1680 0 0
686152 691170 1213 0 0
686940 687688 175 0 0
687007 697127 2384 0 0
687188 687805 142 0 0
687235 700430 3014 0 0
153034 681028 680 0 0
153034 687636 2097 0 0
420186 420187 0 370 0
420187 673679 124 0 0
420187 673785 143 0 0
420187 673969 180 0 0
420187 673988 0 427 0
420187 674000 186 0 0
420187 676102 0 47 0
420187 678185 1012 0 0
420187 679911 0 349 0
420187 684471 0 125 0
420187 685825 0 175 0
420187 689762 0 21 0
420187 689870 0 159 0
420187 691246 0 92 0
420187 691296 0 21 0
420187 692620 0 51 0
420187 692658 0 38 0
420187 692667 0 31 0
420187 693063 244 0 0
420187 693450 0 54 0
420187 694129 0 20 0
420187 696635 5100 0 0
153262 192348 92 0 0
153262 456751 1434 0 0
153262 687496 161 0 0
153262 687526 168 0 0
153262 691691 1179 0 0
153262 694963 1971 0 0
153262 697474 2503 0 0
153262 698367 2674 0 0
331635 690054 84 0 0
687846 689419 176 0 0
687846 697571 2060 0 0
687872 699976 948 0 0
64594 655253 203 0 0
332265 674096 244 0 0
688642 689225 173 0 0
688642 699370 2467 0 0
688741 690046 333 0 0
65576 394895 189 0 0
65576 702372 274 0 0
65597 256662 0 408 0
332743 674016 0 739 0
688967 689106 27 0 0
421872 692080 13 0 0
689036 689870 55 27 0
154812 690122 259 0 0
154812 691118 508 0 0
333067 682868 548 0 0
689292 689871 135 0 0
689864 690140 0 9 0
244707 692082 444 0 0
690140 695841 1360 0 0
690191 694277 983 0 0
512211 676073 0 289 0
156111 672122 0 2296 0
156183 678040 0 130 0
334406 686059 261 0 0
423773 623429 8 0 0
67640 678724 0 213 0
156756 685125 589 0 0
691002 696217 1222 0 0
67971 695779 0 37 0
691296 694844 154 0 0
691349 691591 49 0 0
157121 503128 0 39 0
691369 691484 23 0 0
68110 432577 0 12 0
691514 703041 2534 0 0
513661 677196 136 0 0
68570 699789 0 20 0
424973 680109 0 836 0
424977 694929 0 889 0
424977 697770 0 343 0
692119 696543 1040 0 0
514190 697770 0 35 0
692420 693151 179 0 0
692528 697770 0 7 0
158298 697770 0 60 0
158360 648791 0 221 0
158540 267252 0 490 0
692935 693649 175 0 0
692984 694439 340 0 0
693185 693382 47 0 0
693185 693458 63 0 0
693185 693581 91 0 0
69917 147436 0 13 0
693386 694983 387 0 0
693625 695023 342 0 0
693680 694035 86 0 0
693680 694240 131 0 0
693680 694315 148 0 0
693680 694397 167 0 0
693680 694423 174 0 0
693680 694495 194 0 0
693680 694601 216 0 0
693680 694654 230 0 0
693680 694714 249 0 0
693680 694735 255 0 0
693680 694809 275 0 0
693680 694821 278 0 0
693680 694953 311 0 0
693680 695048 336 0 0
693680 695564 444 0 0
693680 695685 465 0 0
693680 695865 506 0 0
693680 695914 516 0 0
693680 696729 707 0 0
693680 697142 785 0 0
693680 697416 837 0 0
693680 698026 959 0 0
693680 698062 962 0 0
693680 698912 1131 0 0
693680 699675 1298 0 0
693680 700280 1431 0 0
693680 700407 1460 0 0
693680 700796 1527 0 0
693680 701343 1642 0 0
693680 701599 1691 0 0
693680 702086 1792 0 0
693680 702408 1864 0 0
693680 702770 1949 0 0
693680 702959 2000 0 0
693680 704095 2243 0 0
693680 704707 2367 0 0
693680 704887 2414 0 0
693680 705023 2451 0 0
693743 702545 1876 0 0
694011 695552 362 0 0
515948 697770 0 659 0
694139 694260 25 0 0
160126 697770 0 605 0
694373 703989 1946 0 0
694396 695126 183 0 0
694503 694727 58 0 0
427506 515501 1187 0 0
427506 689406 310 0 0
427506 693136 1208 0 0
427506 697328 2148 0 0
694643 697258 1222 0 0
694643 697297 586 0 0
694643 697547 634 0 0
694643 697684 665 0 0
694643 697709 669 0 0
694643 697914 709 0 0
694643 698558 828 0 0
694643 698761 875 0 0
694643 699568 1043 0 0
694643 699931 1132 0 0
694643 700933 1329 0 0
694643 701650 1475 0 0
694643 702811 1734 0 0
694643 703555 1905 0 0
694643 703625 1922 0 0
694643 703657 1929 0 0
694897 696067 251 0 0
694929 695004 35 0 0
694929 695046 31 0 0
694929 695106 42 0 0
694929 695153 50 0 0
694929 695222 65 0 0
694929 695253 71 0 0
694929 695783 184 0 0
694929 696267 288 0 0
694929 696413 332 0 0
694929 696862 422 0 0
694929 697072 466 0 0
694929 697216 15 0 0
694929 697370 523 0 0
694929 697510 549 0 0
694929 698269 697 0 0
694929 699051 1246 0 0
694929 699330 921 0 0
694929 699423 939 0 0
694929 699531 960 0 0
694929 700104 1090 0 0
694929 700483 1864 0 0
694929 702434 1564 0 0
694929 702617 1603 0 0
694929 702865 1672 0 0
694929 702880 1674 0 0
694929 704124 1943 0 0
249748 344572 0 80 0
516899 672986 0 1336 0
427917 591237 0 4361 0
695150 695584 93 0 0
695350 697119 383 0 0
695361 703374 1691 0 0
695466 695598 26 0 0
695466 696320 182 0 0
72252 688142 0 1436 0
517516 697770 0 206 0
72939 157886 0 1254 0
696266 696908 145 0 0
696266 697074 179 0 0
696372 696547 46 0 0
696372 697063 143 0 0
696372 698492 417 0 0
696372 699612 657 0 0
518333 697770 0 324 0
696437 701363 1003 0 0
696496 701233 962 0 0
696595 697611 195 0 0
696595 698854 438 0 0
696595 699684 618 0 0
696595 701040 893 0 0
696595 701470 983 0 0
696595 702839 1286 0 0
696595 704172 1577 0 0
162442 162547 76 0 0
162442 162566 256 0 0
162442 162585 83 0 0
162442 162627 222 0 0
162442 164339 325 0 0
162442 165936 1497 0 0
162442 168121 830 0 0
162442 172271 3234 0 0
162442 173490 3370 0 0
162442 174308 241 0 0
162442 199326 1570 0 0
162442 688041 14 0 0
162442 688068 18 0 0
162442 688089 21 0 0
162442 688147 31 0 0
162442 688158 33 0 0
162442 688279 62 0 0
162442 688301 69 0 0
162442 688442 95 0 0
162442 688512 109 0 0
162442 688514 109 0 0
162442 688865 197 0 0
162442 689121 253 0 0
162442 689195 311 0 0
162442 689600 392 0 0
162442 689784 438 0 0
162442 690113 510 0 0
162442 690831 693 0 0
162442 690981 730 0 0
162442 692446 1093 0 0
162442 692590 1117 0 0
162442 693402 1315 0 0
162442 693659 1373 0 0
162442 694837 1659 0 0
162442 696219 1957 0 0
162442 696438 2021 0 0
162442 696797 2093 0 0
162442 702652 3291 0 0
162442 702719 3308 0 0
162592 676902 0 205 0
429915 694471 176 0 0
340995 344837 0 49 0
340995 377845 0 95 0
340995 475144 0 77 0
340995 676879 0 1557 0
340995 677172 0 93 0
340995 677176 0 83 0
340995 677266 0 81 0
340995 677934 0 1336 0
340995 687846 0 2690 0
340995 689036 0 36 0
340995 693761 0 43 0
340995 693836 0 27 0
340995 693849 0 34 0
340995 698536 0 440 0
340995 699507 0 227 0
697175 697577 76 0 0
697221 697770 0 327 0
430209 676820 42 0 0
697509 701294 777 0 0
252316 691814 35 0 0
74406 697770 0 192 0
697770 697837 14 0 0
697770 697883 25 0 0
697770 697906 27 0 0
697770 697946 39 0 0
697770 697956 40 0 0
697770 697976 42 0 0
697770 697985 46 0 0
697770 697989 47 0 0
697770 698000 49 0 0
697770 698030 53 0 0
697770 698035 54 0 0
697770 698086 61 0 0
697770 698106 65 0 0
697770 698137 71 0 0
697770 698143 73 0 0
697770 698174 77 0 0
697770 698317 105 0 0
697770 698325 106 0 0
697770 698398 118 0 0
697770 698426 124 0 0
697770 698450 130 0 0
697770 698539 145 0 0
697770 698545 147 0 0
697770 698549 148 0 0
697770 698658 172 0 0
697770 698730 300 0 0
697770 698798 202 0 0
697770 698807 204 0 0
697770 698852 214 0 0
697770 699012 248 0 0
697770 699033 253 0 0
697770 699046 257 0 0
697770 699195 294 0 0
697770 699290 311 0 0
697770 699575 368 0 0
697770 699586 371 0 0
697770 699715 404 0 0
697770 699718 404 0 0
697770 699802 420 0 0
697770 699844 431 0 0
697770 699956 456 0 0
697770 700194 509 0 0
697770 700228 514 0 0
697770 700271 524 0 0
697770 700434 558 0 0
697770 700530 575 0 0
697770 700535 575 0 0
697770 700624 591 0 0
697770 700674 603 0 0
697770 700700 606 0 0
697770 700803 622 0 0
697770 701044 670 0 0
697770 701053 671 0 0
697770 701157 696 0 0
697770 701185 699 0 0
697770 701258 716 0 0
697770 701374 743 0 0
697770 701445 755 0 0
697770 701493 762 0 0
697770 701633 794 0 0
697770 701699 811 0 0
697770 701880 845 0 0
697770 701894 847 0 0
697770 702350 971 0 0
697770 702425 962 0 0
697770 702460 968 0 0
697770 702486 976 0 0
697770 702519 983 0 0
697770 702997 1101 0 0
697770 703112 1123 0 0
697770 703449 1208 0 0
697770 703502 1214 0 0
697770 703516 1218 0 0
697770 703529 1221 0 0
697770 703917 1297 0 0
697770 704419 1399 0 0
697770 704599 1438 0 0
697770 704667 1462 0 0
697770 704805 1485 0 0
697770 705132 1565 0 0
697864 697865 0 26 0
163706 620493 4127 0 0
163706 687255 1665 0 0
164232 575513 0 51 0
164232 579866 0 54 0
164232 689852 0 51 0
164234 575513 0 51 0
164234 579866 0 54 0
164234 689852 0 51 0
164236 575513 0 51 0
164236 579866 0 54 0
164236 689852 0 51 0
164239 575513 0 51 0
164239 579866 0 54 0
164239 689852 0 51 0
164241 575513 0 51 0
164241 579866 0 54 0
164241 689852 0 51 0
164245 575513 0 51 0
164245 579866 0 54 0
164245 689852 0 51 0
164249 575513 0 51 0
164249 579866 0 54 0
164249 689852 0 51 0
164251 575513 0 51 0
164251 579866 0 54 0
164251 689852 0 51 0
431454 691450 2410 0 0
698806 700502 58 0 0
699043 699069 7 0 0
699043 699071 7 0 0
699043 699076 7 0 0
699043 699979 206 0 0
699043 701105 706 0 0
699043 702367 694 0 0
431984 623429 20 0 0
699332 700235 194 0 0
699332 701231 391 0 0
699332 701688 487 0 0
699332 703966 986 0 0
699521 699690 40 0 0
432577 703845 36 0 0
76420 688142 0 1306 0
165491 697770 0 429 0
432614 688142 0 2883 0
699829 699877 101 0 0
699829 700115 0 90 0
699829 700396 126 0 0
699829 700714 183 0 0
699829 700731 185 0 0
699829 700956 229 0 0
699829 701137 265 99 0
699829 701577 355 0 0
699829 702334 518 0 0
699829 704646 1023 0 0
699877 700115 0 202 0
77062 340995 1102 0 0
344356 683850 0 97 0
166275 292508 2700 0 0
344518 697770 0 124 0
344572 477420 3482 0 0
700848 701119 52 0 0
701396 702084 137 0 0
256661 256662 0 206 0
256662 258490 219 0 0
256662 259665 545 0 0
256662 259772 555 0 0
256662 260585 639 0 0
256662 261192 709 0 0
256662 262161 193 0 0
256662 263295 219 0 0
256662 388552 567 0 0
256662 695179 975 0 0
256662 700047 341 0 0
701890 702056 37 34 0
346049 697770 0 295 0
79098 697770 0 975 0
79172 222315 0 628 0
435363 697175 0 501 0
79248 676902 0 2692 0
79248 688142 0 2652 0
79384 690191 0 229 0
79518 694643 0 1112 0
347345 571600 237 0 0
347345 667513 584 0 0
703616 704369 148 0 0
169806 694929 0 839 0
80820 693917 1789 0 0
81147 689001 1939 0 0
81147 691292 2520 0 0
81434 259069 418 0 0
81434 284698 1456 0 0
81434 448049 14 0 0
81434 653606 103 0 0
81434 690651 2439 0 0
81434 704701 5537 0 0
437734 673182 0 1062 0
172032 694643 0 2185 0
261292 261639 218 0 0
261292 309666 0 12 0
261292 578050 0 2352 0
261292 586524 0 1265 0
261292 684457 0 506 0
261292 685391 0 211 0
261292 694643 0 111 0
261292 697258 1111 52 0
83619 689791 0 381 0
173050 680877 157 0 0
173050 688194 176 0 0
262161 648791 0 146 0
262723 292777 96 0 0
262723 482342 1573 0 0
262723 693839 537 0 0
262723 701179 2101 0 0
262723 702067 2285 0 0
173776 673182 0 4002 0
530235 676218 318 0 0
530235 680090 1064 0 0
530235 680842 1200 0 0
530373 690334 0 1227 0
530373 694643 0 201 0
86643 677891 0 2911 0
442983 448443 0 2319 0
176487 677722 0 5885 0
533021 578050 0 2512 0
177578 362777 471 0 0
