1 1 100 105.109
2 2 100 123.859
3 3 100 139.758
4 4 100 150.936
5 5 100 162.144
6 6 100 173.445
7 7 100 182.538
8 8 100 189.413
9 9 100 191.706
10 10 100 196.109
11 11 100 200.512
12 12 100 204.529
13 13 100 205.61
14 14 100 206.691
15 15 100 210.082
16 16 100 212.553
17 17 100 216.496
18 18 100 218.968
19 19 100 221.534
20 20 100 224.036
21 21 100 227.611
22 22 100 230.818
23 23 100 234.025
24 24 100 237.233
25 25 100 239.704
26 26 100 242.176
27 27 100 244.647
28 28 100 246.751
29 29 100 248.854
30 30 100 250.682
31 31 100 252.786
32 32 100 254.889
33 33 100 256.993
34 34 100 259.097
35 35 100 261.2
36 36 100 263.304
37 37 100 265.408
38 38 100 267.511
39 39 100 269.615
40 40 100 271.719
41 41 100 273.455
42 42 100 275.19
43 43 100 276.926
44 44 100 278.368
45 45 100 279.776
46 46 100 281.512
47 47 100 283.248
48 48 100 284.401
49 49 100 286.137
50 50 100 287.597
