623308 623534 1 0 1 48 0 1 0 0
623308 625079 1 0 1 350 0 1 0 0
623308 625971 1 0 1 511 0 1 0 0
623308 626512 1 0 1 612 0 1 0 0
623308 626865 1 0 1 677 0 1 0 0
623308 627916 1 0 1 861 0 1 0 0
623308 628697 1 0 1 1004 0 1 0 0
623308 628802 1 0 1 1023 0 1 0 0
623308 630682 1 0 1 1380 0 1 0 0
623308 632511 1 0 1 1725 0 1 0 0
34 104385 0 1 1 0 1499 0 1 0
34 471078 0 1 1 0 17 0 1 0
106 3015 1 0 1 206 0 1 0 0
106 5610 1 0 1 253 0 1 0 0
106 20675 1 0 1 438 0 1 0 0
106 22002 1 0 1 162 0 1 0 0
106 37023 1 0 1 247 0 1 0 0
106 62110 1 0 1 498 0 1 0 0
106 93287 1 0 1 496 0 1 0 0
106 104283 1 0 1 318 0 1 0 0
106 111713 1 0 1 55 0 1 0 0
106 127807 1 0 1 63 0 1 0 0
106 142795 1 0 1 568 0 1 0 0
106 179452 1 0 1 281 0 1 0 0
106 201434 1 0 1 193 0 1 0 0
106 204271 1 0 1 275 0 1 0 0
106 214735 1 0 1 287 0 1 0 0
106 221277 1 0 1 170 0 1 0 0
106 232225 1 0 1 38 0 1 0 0
106 284753 1 0 1 487 0 1 0 0
106 386014 1 0 1 238 0 1 0 0
106 387930 1 0 1 137 0 1 0 0
106 457653 1 0 1 143 0 1 0 0
106 510500 1 0 1 345 0 1 0 0
106 544667 1 0 1 230 0 1 0 0
106 619730 1 0 1 139 0 1 0 0
106 623629 1 0 1 359 0 1 0 0
106 624881 1 0 1 381 0 1 0 0
106 629834 1 0 1 22 0 1 0 0
106 630057 1 0 1 71 0 1 0 0
106 630212 1 0 1 99 0 1 0 0
106 630336 1 0 1 128 0 1 0 0
106 630447 1 0 1 150 0 1 0 0
106 630487 1 0 1 163 0 1 0 0
106 630527 1 0 1 169 0 1 0 0
106 630787 1 0 1 217 0 1 0 0
106 631191 1 0 1 284 0 1 0 0
106 631324 1 0 1 307 0 1 0 0
106 631426 1 0 1 330 0 1 0 0
106 631579 1 0 1 360 0 1 0 0
106 631720 1 0 1 389 0 1 0 0
106 631973 1 0 1 435 0 1 0 0
106 632378 1 0 1 523 0 1 0 0
112 7249 1 0 1 2229 0 1 0 0
112 72248 1 0 1 5104 0 1 0 0
112 102120 1 0 1 1441 0 1 0 0
112 154664 1 0 1 3147 0 1 0 0
112 233611 1 0 1 62 0 1 0 0
112 253679 1 0 1 713 0 1 0 0
89188 91706 1 0 1 128 0 1 0 0
188 251 1 0 1 1539 0 1 0 0
188 1529 1 0 1 686 0 1 0 0
188 7249 1 0 1 171 0 1 0 0
188 61631 1 0 1 1421 0 1 0 0
188 61855 1 0 1 804 0 1 0 0
188 62687 1 0 1 2493 0 1 0 0
188 62849 1 0 1 473 0 1 0 0
188 69739 1 0 1 306 0 1 0 0
188 71714 1 0 1 376 0 1 0 0
188 72943 1 0 1 99 0 1 0 0
188 76693 1 0 1 3942 0 1 0 0
188 79059 1 0 1 1552 0 1 0 0
188 85005 1 0 1 2544 0 1 0 0
188 88471 1 0 1 2288 0 1 0 0
188 96394 1 0 1 700 0 1 0 0
188 96835 1 0 1 141 0 1 0 0
188 101423 1 0 1 223 0 1 0 0
188 104072 1 0 1 244 0 1 0 0
188 104563 1 0 1 3669 0 1 0 0
188 106340 1 0 1 1093 0 1 0 0
188 113394 1 0 1 399 0 1 0 0
188 114904 1 0 1 427 0 1 0 0
188 119084 1 0 1 105 0 1 0 0
188 121236 1 0 1 3915 0 1 0 0
188 127902 1 0 1 83 0 1 0 0
188 135467 1 0 1 2154 0 1 0 0
188 137241 1 0 1 2402 0 1 0 0
188 141750 1 0 1 690 0 1 0 0
188 167675 1 0 1 866 0 1 0 0
188 168880 1 0 1 1460 0 1 0 0
188 186642 1 0 1 1133 0 1 0 0
188 229303 1 0 1 245 0 1 0 0
188 250921 1 0 1 141 0 1 0 0
188 261431 1 0 1 2108 0 1 0 0
188 261503 1 0 1 2347 0 1 0 0
188 284721 1 0 1 3300 0 1 0 0
188 289688 1 0 1 1636 0 1 0 0
188 291762 1 0 1 3083 0 1 0 0
188 292762 1 0 1 1784 0 1 0 0
188 309359 1 0 1 636 0 1 0 0
188 353049 1 0 1 3916 0 1 0 0
188 379537 1 0 1 2712 0 1 0 0
188 396941 1 0 1 866 0 1 0 0
188 431565 1 0 1 3711 0 1 0 0
188 434625 1 0 1 336 0 1 0 0
188 572121 1 0 1 494 0 1 0 0
188 580284 1 0 1 1577 0 1 0 0
188 599288 1 0 1 622 0 1 0 0
188 605646 1 0 1 912 0 1 0 0
188 606431 1 0 1 466 0 1 0 0
188 607144 1 0 1 69 0 1 0 0
188 607602 1 0 1 140 0 1 0 0
188 607624 1 0 1 142 0 1 0 0
188 607958 1 0 1 212 0 1 0 0
188 608089 1 0 1 214 0 1 0 0
188 608774 1 0 1 342 0 1 0 0
188 608897 1 0 1 351 0 1 0 0
188 609626 1 0 1 504 0 1 0 0
188 610077 1 0 1 578 0 1 0 0
188 610107 1 0 1 584 0 1 0 0
188 610182 1 0 1 594 0 1 0 0
188 610333 1 0 1 635 0 1 0 0
188 610734 1 0 1 697 0 1 0 0
188 610953 1 0 1 736 0 1 0 0
188 611232 1 0 1 810 0 1 0 0
188 611335 1 0 1 810 0 1 0 0
188 611513 1 0 1 848 0 1 0 0
188 611891 1 0 1 940 0 1 0 0
188 613077 1 0 1 1184 0 1 0 0
188 613193 1 0 1 1210 0 1 0 0
188 613665 1 0 1 1310 0 1 0 0
188 613782 1 0 1 1332 0 1 0 0
188 613923 1 0 1 1359 0 1 0 0
188 614202 1 0 1 1421 0 1 0 0
188 614485 1 0 1 1487 0 1 0 0
188 616039 1 0 1 1751 0 1 0 0
188 616196 1 0 1 1782 0 1 0 0
188 617106 1 0 1 1987 0 1 0 0
188 617472 1 0 1 2059 0 1 0 0
188 618780 1 0 1 2308 0 1 0 0
188 619181 1 0 1 2382 0 1 0 0
188 619863 1 0 1 2497 0 1 0 0
188 620471 1 0 1 2610 0 1 0 0
188 620645 1 0 1 2633 0 1 0 0
188 620981 1 0 1 2689 0 1 0 0
188 622705 1 0 1 3027 0 1 0 0
188 623304 1 0 1 3135 0 1 0 0
188 623638 1 0 1 3208 0 1 0 0
188 623667 1 0 1 3225 0 1 0 0
188 624926 1 0 1 3463 0 1 0 0
188 625405 1 0 1 3542 0 1 0 0
188 627026 1 0 1 3847 0 1 0 0
188 629492 1 0 1 4281 0 1 0 0
188 629679 1 0 1 4325 0 1 0 0
188 631168 1 0 1 4595 0 1 0 0
194 615 1 0 1 34 0 1 0 0
194 61314 1 0 1 23 0 1 0 0
194 75275 1 0 1 101 0 1 0 0
194 75742 1 0 1 78 0 1 0 0
194 137969 1 0 1 309 0 1 0 0
194 382974 1 0 1 116 0 1 0 0
194 616482 1 0 1 421 0 1 0 0
89254 171241 1 0 1 81 0 1 0 0
222 4262 0 1 1 0 64 0 1 0
89267 104385 0 1 1 0 60 0 1 0
271 602727 0 1 1 0 3966 0 1 0
303 611978 0 1 1 0 282 0 1 0
322 3968 0 1 1 0 789 0 1 0
322 6443 0 1 1 0 267 0 1 0
322 12824 0 1 1 0 34 0 1 0
322 16817 0 1 1 0 477 0 1 0
322 18305 0 1 1 0 838 0 1 0
322 32737 0 1 1 0 657 0 1 0
322 74699 0 1 1 0 76 0 1 0
322 90799 0 1 1 0 234 0 1 0
322 253925 0 1 1 0 1374 0 1 0
322 265838 0 1 1 0 494 0 1 0
322 351762 0 1 1 0 370 0 1 0
322 360597 0 1 1 0 771 0 1 0
322 394667 0 1 1 0 632 0 1 0
322 395871 0 1 1 0 345 0 1 0
322 436975 0 1 1 0 618 0 1 0
322 555073 0 1 1 0 605 0 1 0
322 559533 0 1 1 0 593 0 1 0
322 569210 0 1 1 0 600 0 1 0
322 602464 0 1 1 0 422 0 1 0
322 602548 0 1 1 0 641 0 1 0
322 603219 0 1 1 0 554 0 1 0
322 604607 0 1 1 0 399 0 1 0
322 604618 0 1 1 0 380 0 1 0
322 605283 0 1 1 0 185 0 1 0
322 605316 0 1 1 0 67 0 1 0
322 605541 0 1 1 0 90 0 1 0
322 606655 0 1 1 0 496 0 1 0
322 614394 0 1 1 0 1200 0 1 0
322 614527 0 1 1 0 1160 0 1 0
322 614661 0 1 1 0 1118 0 1 0
322 614989 0 1 1 0 1021 0 1 0
322 615073 0 1 1 0 966 0 1 0
322 615682 0 1 1 0 857 0 1 0
322 615727 0 1 1 0 847 0 1 0
322 616154 0 1 1 0 738 0 1 0
322 616624 0 1 1 0 589 0 1 0
322 617160 0 1 1 0 408 0 1 0
322 617686 0 1 1 0 218 0 1 0
322 617765 0 1 1 0 183 0 1 0
322 618132 0 1 1 0 75 0 1 0
358 26089 0 1 1 0 244 0 1 0
178453 602727 0 1 1 0 457 0 1 0
623674 624030 1 0 1 76 0 1 0 0
178500 623308 0 1 1 0 219 0 1 0
623756 624344 0 0 2 0 0 0 0 0
89525 624399 0 1 1 0 67 0 1 0
89564 104385 0 1 1 0 6806 0 1 0
623814 626596 0 1 1 0 726 0 1 0
562 104385 0 1 1 0 6309 0 1 0
89647 104385 0 1 1 0 2035 0 1 0
615 2143 0 1 1 0 246 0 1 0
631 104385 0 1 1 0 375 0 1 0
89684 104385 0 1 1 0 6832 0 1 0
623954 625713 1 0 1 326 0 1 0 0
89719 121712 1 0 1 30 0 1 0 0
89733 104385 0 1 1 0 779 0 1 0
89815 104385 0 1 1 0 2450 0 1 0
89825 104385 0 1 1 0 900 0 1 0
89834 104385 0 1 1 0 2883 0 1 0
834 602727 0 1 1 0 2511 0 1 0
89877 104385 0 1 1 0 3821 0 1 0
1088 602727 0 1 1 0 1012 0 1 0
1106 55077 1 0 1 841 0 1 0 0
1106 144456 1 0 1 714 0 1 0 0
1106 261116 1 0 1 754 0 1 0 0
1106 293741 1 0 1 544 0 1 0 0
1106 589615 1 0 1 1313 0 1 0 0
1106 609476 1 0 1 414 0 1 0 0
1106 618422 1 0 1 18 0 1 0 0
1106 618624 1 0 1 54 0 1 0 0
1106 619139 1 0 1 151 0 1 0 0
1106 620204 1 0 1 329 0 1 0 0
1106 620507 1 0 1 382 0 1 0 0
1106 622111 1 0 1 694 0 1 0 0
1106 622493 1 0 1 766 0 1 0 0
1106 622854 1 0 1 831 0 1 0 0
1106 622946 1 0 1 851 0 1 0 0
1106 624970 1 0 1 1245 0 1 0 0
1106 628504 1 0 1 1880 0 1 0 0
1106 631706 1 0 1 2480 0 1 0 0
1106 631820 1 0 1 2500 0 1 0 0
1106 632017 1 0 1 2536 0 1 0 0
624399 624645 1 0 1 43 0 1 0 0
624399 624707 1 0 1 58 0 1 0 0
624399 624763 1 0 1 70 0 1 0 0
624399 624791 1 0 1 75 0 1 0 0
624399 624810 1 0 1 81 0 1 0 0
624399 624816 1 0 1 82 0 1 0 0
624399 624898 1 0 1 97 0 1 0 0
624399 624938 1 0 1 103 0 1 0 0
624399 624972 1 0 1 108 0 1 0 0
624399 624999 1 0 1 111 0 1 0 0
624399 625030 1 0 1 117 0 1 0 0
624399 625331 1 0 1 171 0 1 0 0
624399 625585 1 0 1 222 0 1 0 0
624399 625834 1 0 1 259 0 1 0 0
624399 626054 1 0 1 302 0 1 0 0
624399 626237 1 0 1 339 0 1 0 0
624399 626306 1 0 1 355 0 1 0 0
624399 626597 1 0 1 402 0 1 0 0
624399 626846 1 0 1 449 0 1 0 0
624399 626863 1 0 1 452 0 1 0 0
624399 627096 1 0 1 502 0 1 0 0
624399 627370 1 0 1 545 0 1 0 0
624399 627495 1 0 1 565 0 1 0 0
624399 627539 1 0 1 572 0 1 0 0
624399 627689 1 0 1 597 0 1 0 0
624399 628225 1 0 1 692 0 1 0 0
624399 628558 1 0 1 753 0 1 0 0
624399 628776 1 0 1 903 0 1 0 0
624399 629362 1 0 1 898 0 1 0 0
624399 629623 1 0 1 941 0 1 0 0
624399 629650 1 0 1 946 0 1 0 0
624399 630259 1 0 1 1068 0 1 0 0
624399 630691 1 0 1 1159 0 1 0 0
624399 630745 1 0 1 1169 0 1 0 0
624399 630929 1 0 1 1198 0 1 0 0
624399 631368 1 0 1 1272 0 1 0 0
624399 632182 1 0 1 1437 0 1 0 0
624399 632361 1 0 1 1475 0 1 0 0
624399 632515 1 0 1 1502 0 1 0 0
624399 632583 1 0 1 1516 0 1 0 0
624399 632585 1 0 1 1516 0 1 0 0
90174 104385 0 1 1 0 3669 0 1 0
90176 104385 0 1 1 0 4739 0 1 0
624476 626162 1 0 1 303 0 1 0 0
90240 104385 0 1 1 0 3060 0 1 0
90248 104385 0 1 1 0 456 0 1 0
1284 1491 1 0 1 274 0 1 0 0
90378 104385 0 1 1 0 1667 0 1 0
1465 3991 0 1 1 0 1895 0 1 0
1465 602727 0 1 1 0 1070 0 1 0
90544 104385 0 1 1 0 7019 0 1 0
1529 104385 0 1 1 0 2922 0 1 0
624820 631156 1 0 1 1150 0 1 0 0
1595 598016 0 1 1 0 133 0 1 0
90736 104385 0 1 1 0 3259 0 1 0
446901 623308 0 1 1 0 652 0 1 0
1701 631191 1 0 1 386 0 1 0 0
1701 631384 1 0 1 343 0 1 0 0
357888 624399 0 1 1 0 254 0 1 0
1774 225271 0 1 1 0 103 0 1 0
1872 615511 0 1 1 0 226 0 1 0
1912 19200 1 0 1 7 0 1 0 0
1973 615511 0 1 1 0 311 0 1 0
91040 104385 0 1 1 0 4219 0 1 0
625317 628668 1 0 1 605 0 1 0 0
91084 104385 0 1 1 0 4941 0 1 0
2091 29542 0 1 1 0 70 0 1 0
2091 615511 0 1 1 0 129 0 1 0
2143 8333 1 0 1 188 0 1 0 0
2143 17680 1 0 1 175 0 1 0 0
2143 29837 1 0 1 110 0 1 0 0
2143 30111 1 0 1 94 0 1 0 0
2143 46854 1 0 1 2531 0 1 0 0
2143 51698 1 0 1 165 0 1 0 0
2143 53403 1 0 1 108 0 1 0 0
2143 97715 1 0 1 161 0 1 0 0
2143 100011 1 0 1 158 0 1 0 0
2143 121319 1 0 1 162 0 1 0 0
2143 178484 1 0 1 158 0 1 0 0
2143 207446 1 0 1 157 0 1 0 0
2143 222729 1 0 1 168 0 1 0 0
2143 223821 1 0 1 141 0 1 0 0
2143 238584 1 0 1 108 0 1 0 0
2143 238643 1 0 1 165 0 1 0 0
2143 247322 1 0 1 3358 0 1 0 0
2143 250562 1 0 1 107 0 1 0 0
2143 253673 1 0 1 173 0 1 0 0
2143 263138 1 0 1 89 0 1 0 0
2143 269616 1 0 1 169 0 1 0 0
2143 277546 1 0 1 106 0 1 0 0
2143 291312 1 0 1 150 0 1 0 0
2143 292235 1 0 1 108 0 1 0 0
2143 297359 1 0 1 119 0 1 0 0
2143 303670 1 0 1 122 0 1 0 0
2143 321757 1 0 1 80 0 1 0 0
2143 321885 1 0 1 93 0 1 0 0
2143 321963 1 0 1 179 0 1 0 0
2143 321975 1 0 1 93 0 1 0 0
2143 322239 1 0 1 99 0 1 0 0
2143 322378 1 0 1 103 0 1 0 0
2143 322513 1 0 1 151 0 1 0 0
2143 322560 1 0 1 148 0 1 0 0
2143 323043 1 0 1 111 0 1 0 0
2143 323071 1 0 1 119 0 1 0 0
2143 323350 1 0 1 110 0 1 0 0
2143 323554 1 0 1 129 0 1 0 0
2143 323606 1 0 1 113 0 1 0 0
2143 323732 1 0 1 153 0 1 0 0
2143 324755 1 0 1 184 0 1 0 0
2143 325189 1 0 1 83 0 1 0 0
2143 325981 1 0 1 166 0 1 0 0
2143 326267 1 0 1 275 0 1 0 0
2143 326449 1 0 1 158 0 1 0 0
2143 330794 1 0 1 108 0 1 0 0
2143 331969 1 0 1 185 0 1 0 0
2143 333122 1 0 1 93 0 1 0 0
2143 341068 1 0 1 106 0 1 0 0
2143 342082 1 0 1 103 0 1 0 0
2143 344625 1 0 1 146 0 1 0 0
2143 344689 1 0 1 136 0 1 0 0
2143 355080 1 0 1 118 0 1 0 0
2143 361714 1 0 1 2270 0 1 0 0
2143 362218 1 0 1 90 0 1 0 0
2143 369635 1 0 1 161 0 1 0 0
2143 370935 1 0 1 163 0 1 0 0
2143 384273 1 0 1 124 0 1 0 0
2143 397850 1 0 1 142 0 1 0 0
2143 406657 1 0 1 108 0 1 0 0
2143 418493 1 0 1 164 0 1 0 0
2143 430805 1 0 1 127 0 1 0 0
2143 494626 1 0 1 159 0 1 0 0
2143 500181 1 0 1 150 0 1 0 0
2143 533941 1 0 1 153 0 1 0 0
2143 614889 1 0 1 24 0 1 0 0
2143 615153 1 0 1 84 0 1 0 0
2143 615181 1 0 1 88 0 1 0 0
2143 615183 1 0 1 89 0 1 0 0
2143 615224 1 0 1 94 0 1 0 0
2143 615230 1 0 1 94 0 1 0 0
2143 615245 1 0 1 97 0 1 0 0
2143 615253 1 0 1 97 0 1 0 0
2143 615258 1 0 1 98 0 1 0 0
2143 615260 1 0 1 99 0 1 0 0
2143 615296 1 0 1 104 0 1 0 0
2143 615298 1 0 1 104 0 1 0 0
2143 615300 1 0 1 104 0 1 0 0
2143 615302 1 0 1 105 0 1 0 0
2143 615316 1 0 1 106 0 1 0 0
2143 615322 1 0 1 107 0 1 0 0
2143 615344 1 0 1 109 0 1 0 0
2143 615350 1 0 1 110 0 1 0 0
2143 615360 1 0 1 110 0 1 0 0
2143 615362 1 0 1 110 0 1 0 0
2143 615384 1 0 1 114 0 1 0 0
2143 615386 1 0 1 114 0 1 0 0
2143 615408 1 0 1 117 0 1 0 0
2143 615415 1 0 1 118 0 1 0 0
2143 615417 1 0 1 118 0 1 0 0
2143 615465 1 0 1 123 0 1 0 0
2143 615469 1 0 1 124 0 1 0 0
2143 615498 1 0 1 127 0 1 0 0
2143 615515 1 0 1 132 0 1 0 0
2143 615532 1 0 1 136 0 1 0 0
2143 615543 1 0 1 138 0 1 0 0
2143 615579 1 0 1 144 0 1 0 0
2143 615587 1 0 1 146 0 1 0 0
2143 615607 1 0 1 149 0 1 0 0
2143 615613 1 0 1 150 0 1 0 0
2143 615626 1 0 1 151 0 1 0 0
2143 615632 1 0 1 152 0 1 0 0
2143 615634 1 0 1 152 0 1 0 0
2143 615638 1 0 1 153 0 1 0 0
2143 615660 1 0 1 156 0 1 0 0
2143 615678 1 0 1 158 0 1 0 0
2143 615693 1 0 1 159 0 1 0 0
2143 615713 1 0 1 161 0 1 0 0
2143 615717 1 0 1 162 0 1 0 0
2143 615719 1 0 1 162 0 1 0 0
2143 615763 1 0 1 165 0 1 0 0
2143 615766 1 0 1 166 0 1 0 0
2143 615768 1 0 1 166 0 1 0 0
2143 615774 1 0 1 167 0 1 0 0
2143 615780 1 0 1 167 0 1 0 0
2143 615784 1 0 1 168 0 1 0 0
2143 615796 1 0 1 169 0 1 0 0
2143 615803 1 0 1 169 0 1 0 0
2143 615811 1 0 1 171 0 1 0 0
2143 615820 1 0 1 173 0 1 0 0
2143 615824 1 0 1 173 0 1 0 0
2143 615830 1 0 1 173 0 1 0 0
2143 615835 1 0 1 174 0 1 0 0
2143 615841 1 0 1 174 0 1 0 0
2143 615847 1 0 1 175 0 1 0 0
2143 615857 1 0 1 177 0 1 0 0
2143 615861 1 0 1 177 0 1 0 0
2143 615865 1 0 1 178 0 1 0 0
2143 615876 1 0 1 180 0 1 0 0
2143 615889 1 0 1 182 0 1 0 0
2143 615906 1 0 1 185 0 1 0 0
2143 615908 1 0 1 185 0 1 0 0
2143 615920 1 0 1 186 0 1 0 0
2143 615928 1 0 1 188 0 1 0 0
2143 615937 1 0 1 189 0 1 0 0
2143 615966 1 0 1 194 0 1 0 0
2143 615972 1 0 1 195 0 1 0 0
2143 616023 1 0 1 206 0 1 0 0
2143 616066 1 0 1 214 0 1 0 0
2143 616098 1 0 1 217 0 1 0 0
2143 616187 1 0 1 238 0 1 0 0
2143 616241 1 0 1 246 0 1 0 0
2143 616396 1 0 1 273 0 1 0 0
2143 616482 1 0 1 291 0 1 0 0
2143 632644 1 0 1 3344 0 1 0 0
2184 615511 0 1 1 0 324 0 1 0
2289 615511 0 1 1 0 356 0 1 0
625613 625795 1 0 1 27 0 1 0 0
625613 626205 1 0 1 104 0 1 0 0
2330 104385 0 1 1 0 993 0 1 0
91412 104385 0 1 1 0 1223 0 1 0
2514 104385 0 1 1 0 826 0 1 0
180642 611605 1 0 1 886 0 1 0 0
269691 597292 0 1 1 0 2364 0 1 0
2575 104385 0 1 1 0 1805 0 1 0
2577 69292 0 1 1 0 278 0 1 0
2577 77394 0 1 1 0 481 0 1 0
2577 109153 0 1 1 0 214 0 1 0
2577 110362 0 1 1 0 818 0 1 0
2577 130246 0 1 1 0 457 0 1 0
2577 314144 0 1 1 0 430 0 1 0
2577 399069 0 1 1 0 20 0 1 0
2577 625273 0 1 1 0 105 0 1 0
2597 104385 0 1 1 0 2894 0 1 0
91659 104385 0 1 1 0 2704 0 1 0
2625 399069 0 1 1 0 53 0 1 0
2625 623052 0 1 1 0 43 0 1 0
2635 2941 1 0 1 1629 0 1 0 0
2635 628113 1 0 1 883 0 1 0 0
2637 104385 0 1 1 0 6486 0 1 0
2689 104385 0 1 1 0 936 0 1 0
2815 622622 0 1 1 0 108 0 1 0
91863 104385 0 1 1 0 6306 0 1 0
91868 104385 0 1 1 0 6192 0 1 0
91974 104385 0 1 1 0 3969 0 1 0
91993 104385 0 1 1 0 1895 0 1 0
3015 276364 0 1 1 0 205 0 1 0
3015 482330 0 1 1 0 57 0 1 0
3022 608103 2 0 2 2200 0 2 0 0
3022 621962 2 0 2 7522 0 2 0 0
92085 104385 0 1 1 0 6753 0 1 0
3144 104385 0 1 1 0 4471 0 1 0
92196 104385 0 1 1 0 256 0 1 0
626458 629929 1 0 1 618 0 1 0 0
92218 104385 0 1 1 0 5805 0 1 0
3191 104385 0 1 1 0 509 0 1 0
92301 104385 0 1 1 0 4033 0 1 0
92306 600624 0 1 1 0 19 0 1 0
626596 626707 1 0 1 21 0 1 0 0
626596 626773 1 0 1 32 0 1 0 0
626596 626812 1 0 1 39 0 1 0 0
626596 627139 1 0 1 109 0 1 0 0
626596 627199 1 0 1 116 0 1 0 0
626596 628646 1 0 1 368 0 1 0 0
626596 629130 1 0 1 449 0 1 0 0
626596 629456 1 0 1 513 0 1 0 0
626596 629884 1 0 1 587 0 1 0 0
626596 629931 1 0 1 596 0 1 0 0
626596 630012 1 0 1 614 0 1 0 0
626596 630046 1 0 1 622 0 1 0 0
626596 630111 1 0 1 637 0 1 0 0
626596 630592 1 0 1 736 0 1 0 0
626596 630723 1 0 1 764 0 1 0 0
626596 631281 1 0 1 856 0 1 0 0
626596 632103 1 0 1 1016 0 1 0 0
626596 632213 1 0 1 1046 0 1 0 0
626596 632304 1 0 1 1062 0 1 0 0
626596 632494 1 0 1 1096 0 1 0 0
626596 632602 1 0 1 1118 0 1 0 0
626622 626625 1 0 1 1 0 1 0 0
626622 630981 1 0 1 800 0 1 0 0
181518 276364 0 1 1 0 788 0 1 0
3490 104385 0 1 1 0 4043 0 1 0
270635 626653 1 0 1 2499 0 1 0 0
626923 627030 1 0 1 21 0 1 0 0
3683 11081 0 1 1 0 21 0 1 0
3683 625479 0 1 1 0 19 0 1 0
3712 24607 0 1 1 0 721 0 1 0
92791 104385 0 1 1 0 1666 0 1 0
3791 5010 1 0 1 61 0 1 0 0
3791 75351 1 0 1 2647 0 1 0 0
3791 81728 1 0 1 863 0 1 0 0
3791 114527 1 0 1 471 0 1 0 0
3791 118567 1 0 1 74 0 1 0 0
3791 121984 1 0 1 54 0 1 0 0
3791 147125 1 0 1 210 0 1 0 0
3791 148859 1 0 1 2695 0 1 0 0
3791 159508 1 0 1 4603 0 1 0 0
3791 168141 1 0 1 2694 0 1 0 0
3791 302417 1 0 1 609 0 1 0 0
3791 308480 1 0 1 3201 0 1 0 0
3791 599288 1 0 1 279 0 1 0 0
3791 608736 1 0 1 57 0 1 0 0
3791 608976 1 0 1 107 0 1 0 0
3791 611305 1 0 1 542 0 1 0 0
3791 617801 1 0 1 1953 0 1 0 0
3791 625643 1 0 1 3504 0 1 0 0
3791 627042 1 0 1 3590 0 1 0 0
3856 104385 0 1 1 0 2182 0 1 0
92969 104385 0 1 1 0 1875 0 1 0
627256 630235 1 0 1 536 0 1 0 0
3991 8518 1 0 1 994 0 1 0 0
3991 12313 1 0 1 2382 0 1 0 0
3991 26128 1 0 1 2079 0 1 0 0
3991 31814 1 0 1 222 0 1 0 0
3991 42443 1 0 1 529 0 1 0 0
3991 53765 1 0 1 366 0 1 0 0
3991 53768 1 0 1 366 0 1 0 0
3991 55470 1 0 1 2276 0 1 0 0
3991 56458 1 0 1 162 0 1 0 0
3991 56864 1 0 1 367 0 1 0 0
3991 105452 1 0 1 2611 0 1 0 0
3991 131551 1 0 1 48 0 1 0 0
3991 142183 1 0 1 2093 0 1 0 0
3991 162230 1 0 1 944 0 1 0 0
3991 224612 1 0 1 51 0 1 0 0
3991 247803 1 0 1 365 0 1 0 0
3991 359312 1 0 1 1916 0 1 0 0
3991 462868 1 0 1 116 0 1 0 0
3991 462917 1 0 1 98 0 1 0 0
3991 462929 1 0 1 124 0 1 0 0
3991 462954 1 0 1 44 0 1 0 0
3991 462960 1 0 1 54 0 1 0 0
3991 462980 1 0 1 43 0 1 0 0
3991 462998 1 0 1 240 0 1 0 0
3991 463018 1 0 1 70 0 1 0 0
3991 464415 1 0 1 255 0 1 0 0
3991 464420 1 0 1 45 0 1 0 0
3991 464433 1 0 1 248 0 1 0 0
3991 464457 1 0 1 107 0 1 0 0
3991 464461 1 0 1 53 0 1 0 0
3991 464465 1 0 1 50 0 1 0 0
3991 464479 1 0 1 55 0 1 0 0
3991 464494 1 0 1 58 0 1 0 0
3991 464501 1 0 1 116 0 1 0 0
3991 464503 1 0 1 78 0 1 0 0
3991 464539 1 0 1 123 0 1 0 0
3991 464550 1 0 1 248 0 1 0 0
3991 464578 1 0 1 134 0 1 0 0
3991 464580 1 0 1 51 0 1 0 0
3991 464589 1 0 1 100 0 1 0 0
3991 464596 1 0 1 39 0 1 0 0
3991 464617 1 0 1 45 0 1 0 0
3991 464669 1 0 1 106 0 1 0 0
3991 464672 1 0 1 59 0 1 0 0
3991 464722 1 0 1 74 0 1 0 0
3991 464735 1 0 1 68 0 1 0 0
3991 464771 1 0 1 62 0 1 0 0
3991 464775 1 0 1 154 0 1 0 0
3991 464790 1 0 1 57 0 1 0 0
3991 464807 1 0 1 59 0 1 0 0
3991 464833 1 0 1 120 0 1 0 0
3991 464840 1 0 1 127 0 1 0 0
3991 464885 1 0 1 30 0 1 0 0
3991 464969 1 0 1 47 0 1 0 0
3991 466525 1 0 1 55 0 1 0 0
3991 466551 1 0 1 52 0 1 0 0
3991 466725 1 0 1 102 0 1 0 0
3991 466743 1 0 1 151 0 1 0 0
3991 467513 1 0 1 52 0 1 0 0
3991 467533 1 0 1 52 0 1 0 0
3991 467551 1 0 1 68 0 1 0 0
3991 467577 1 0 1 46 0 1 0 0
3991 467612 1 0 1 256 0 1 0 0
3991 467618 1 0 1 58 0 1 0 0
3991 467655 1 0 1 157 0 1 0 0
3991 467683 1 0 1 253 0 1 0 0
3991 469304 1 0 1 156 0 1 0 0
3991 469346 1 0 1 123 0 1 0 0
3991 469392 1 0 1 175 0 1 0 0
3991 469411 1 0 1 256 0 1 0 0
3991 469419 1 0 1 225 0 1 0 0
3991 469461 1 0 1 250 0 1 0 0
3991 469508 1 0 1 119 0 1 0 0
3991 469521 1 0 1 127 0 1 0 0
3991 469543 1 0 1 46 0 1 0 0
3991 469586 1 0 1 133 0 1 0 0
3991 618048 1 0 1 29 0 1 0 0
3991 618052 1 0 1 29 0 1 0 0
3991 618071 1 0 1 31 0 1 0 0
3991 618073 1 0 1 32 0 1 0 0
3991 618077 1 0 1 32 0 1 0 0
3991 618086 1 0 1 34 0 1 0 0
3991 618090 1 0 1 35 0 1 0 0
3991 618098 1 0 1 36 0 1 0 0
3991 618101 1 0 1 36 0 1 0 0
3991 618105 1 0 1 38 0 1 0 0
3991 618117 1 0 1 40 0 1 0 0
3991 618151 1 0 1 46 0 1 0 0
3991 618159 1 0 1 47 0 1 0 0
3991 618162 1 0 1 47 0 1 0 0
3991 618167 1 0 1 47 0 1 0 0
3991 618182 1 0 1 49 0 1 0 0
3991 618184 1 0 1 50 0 1 0 0
3991 618195 1 0 1 51 0 1 0 0
3991 618197 1 0 1 51 0 1 0 0
3991 618199 1 0 1 52 0 1 0 0
3991 618203 1 0 1 52 0 1 0 0
3991 618213 1 0 1 52 0 1 0 0
3991 618233 1 0 1 55 0 1 0 0
3991 618254 1 0 1 57 0 1 0 0
3991 618258 1 0 1 58 0 1 0 0
3991 618262 1 0 1 58 0 1 0 0
3991 618274 1 0 1 59 0 1 0 0
3991 618278 1 0 1 59 0 1 0 0
3991 618297 1 0 1 63 0 1 0 0
3991 618300 1 0 1 64 0 1 0 0
3991 618306 1 0 1 64 0 1 0 0
3991 618309 1 0 1 64 0 1 0 0
3991 618312 1 0 1 65 0 1 0 0
3991 618323 1 0 1 66 0 1 0 0
3991 618341 1 0 1 70 0 1 0 0
3991 618498 1 0 1 97 0 1 0 0
3991 618525 1 0 1 102 0 1 0 0
3991 618536 1 0 1 105 0 1 0 0
3991 618542 1 0 1 106 0 1 0 0
3991 618545 1 0 1 106 0 1 0 0
3991 618549 1 0 1 107 0 1 0 0
3991 618556 1 0 1 107 0 1 0 0
3991 618560 1 0 1 108 0 1 0 0
3991 618574 1 0 1 111 0 1 0 0
3991 618576 1 0 1 111 0 1 0 0
3991 618578 1 0 1 112 0 1 0 0
3991 618583 1 0 1 113 0 1 0 0
3991 618591 1 0 1 116 0 1 0 0
3991 618599 1 0 1 116 0 1 0 0
3991 618612 1 0 1 117 0 1 0 0
3991 618628 1 0 1 121 0 1 0 0
3991 618636 1 0 1 122 0 1 0 0
3991 618660 1 0 1 125 0 1 0 0
3991 618699 1 0 1 130 0 1 0 0
3991 618714 1 0 1 131 0 1 0 0
3991 618720 1 0 1 132 0 1 0 0
3991 618744 1 0 1 136 0 1 0 0
3991 618769 1 0 1 142 0 1 0 0
3991 618832 1 0 1 155 0 1 0 0
3991 618858 1 0 1 160 0 1 0 0
3991 618868 1 0 1 161 0 1 0 0
3991 619203 1 0 1 229 0 1 0 0
3991 619326 1 0 1 245 0 1 0 0
3991 619340 1 0 1 247 0 1 0 0
3991 619370 1 0 1 250 0 1 0 0
3991 619447 1 0 1 263 0 1 0 0
3991 620467 1 0 1 441 0 1 0 0
3991 620730 1 0 1 487 0 1 0 0
3991 620772 1 0 1 496 0 1 0 0
3991 621790 1 0 1 687 0 1 0 0
3991 622424 1 0 1 821 0 1 0 0
3991 624825 1 0 1 1357 0 1 0 0
3991 625916 1 0 1 1477 0 1 0 0
3991 628713 1 0 1 1986 0 1 0 0
3991 629970 1 0 1 2208 0 1 0 0
93055 104385 0 1 1 0 317 0 1 0
93101 529818 0 1 1 0 2704 0 1 0
93121 104385 0 1 1 0 3491 0 1 0
4262 625123 1 0 1 3010 0 1 0 0
93308 104385 0 1 1 0 505 0 1 0
93512 104385 0 1 1 0 6898 0 1 0
93537 104385 0 1 1 0 28 0 1 0
93554 104385 0 1 1 0 2465 0 1 0
4567 22943 1 0 1 781 0 1 0 0
4627 29542 0 1 1 0 946 0 1 0
627940 628818 1 0 1 161 0 1 0 0
4789 104385 0 1 1 0 89 0 1 0
4853 238322 1 0 1 16 0 1 0 0
4937 29542 0 1 1 0 303 0 1 0
4937 437425 0 1 1 0 2559 0 1 0
628286 630458 1 0 1 410 0 1 0 0
5010 104385 0 1 1 0 2391 0 1 0
450226 608156 0 1 1 0 2127 0 1 0
94146 104385 0 1 1 0 5874 0 1 0
5126 105651 1 0 1 1544 0 1 0 0
450372 626779 1 0 1 218 0 1 0 0
5208 104385 0 1 1 0 5330 0 1 0
361435 389736 1 0 1 38 0 1 0 0
361435 422334 1 0 1 1544 0 1 0 0
94373 104385 0 1 1 0 73 0 1 0
94507 104385 0 1 1 0 568 0 1 0
94544 104385 0 1 1 0 2008 0 1 0
5610 48147 0 1 1 0 224 0 1 0
5610 611978 0 1 1 0 488 0 1 0
94948 104385 0 1 1 0 7116 0 1 0
5920 104385 0 1 1 0 6207 0 1 0
5932 232209 0 1 1 0 117 0 1 0
5932 600298 0 1 1 0 90 0 1 0
94985 104385 0 1 1 0 3807 0 1 0
184028 597292 0 1 1 0 4234 0 1 0
184209 240508 1 0 1 2353 0 1 0 0
95259 104385 0 1 1 0 1027 0 1 0
95379 104385 0 1 1 0 5695 0 1 0
6384 104385 0 1 1 0 324 0 1 0
6399 8272 0 1 1 0 23 0 1 0
6611 29542 0 1 1 0 16 0 1 0
6667 604591 1 0 1 723 0 1 0 0
95744 104385 0 1 1 0 2844 0 1 0
184848 624399 0 1 1 0 1203 0 1 0
6807 597124 1 0 1 604 0 1 0 0
6829 104385 0 1 1 0 5313 0 1 0
6837 29542 0 1 1 0 693 0 1 0
6837 615511 0 1 1 0 367 0 1 0
6948 104385 0 1 1 0 6319 0 1 0
95995 501321 1 0 1 1189 0 1 0 0
96003 599273 1 0 1 30 0 1 0 0
96005 104385 0 1 1 0 1272 0 1 0
630314 632163 1 0 1 356 0 1 0 0
363193 529818 0 1 1 0 2940 0 1 0
7060 104385 0 1 1 0 840 0 1 0
7083 104385 0 1 1 0 3142 0 1 0
7083 622622 0 1 1 0 689 0 1 0
96145 104385 0 1 1 0 86 0 1 0
96165 104385 0 1 1 0 1539 0 1 0
7135 29542 0 1 1 0 164 0 1 0
96183 104385 0 1 1 0 202 0 1 0
7206 615511 0 1 1 0 1236 0 1 0
7249 287622 0 1 1 0 1641 0 1 0
96335 104385 0 1 1 0 851 0 1 0
363476 588247 1 0 1 195 0 1 0 0
96394 104385 0 1 1 0 2771 0 1 0
96400 104385 0 1 1 0 3993 0 1 0
7361 529818 0 1 1 0 3090 0 1 0
7361 605539 0 1 1 0 2301 0 1 0
7361 610892 0 1 1 0 1305 0 1 0
96435 104385 0 1 1 0 6273 0 1 0
96614 104385 0 1 1 0 2167 0 1 0
96675 104385 0 1 1 0 3808 0 1 0
7659 142786 0 1 1 0 4390 0 1 0
96827 104385 0 1 1 0 171 0 1 0
363969 621113 1 0 1 706 0 1 0 0
96923 104385 0 1 1 0 6890 0 1 0
97005 104385 0 1 1 0 2229 0 1 0
97037 104385 0 1 1 0 5575 0 1 0
97070 104385 0 1 1 0 444 0 1 0
631386 631647 1 0 1 54 0 1 0 0
8101 69674 1 0 1 2267 0 1 0 0
8101 169073 1 0 1 2269 0 1 0 0
8101 565738 1 0 1 2181 0 1 0 0
8101 618211 1 0 1 1834 0 1 0 0
8112 15854 0 1 1 0 107 0 1 0
8112 26089 0 1 1 0 1407 0 1 0
8112 26183 0 1 1 0 342 0 1 0
8126 8345 1 0 1 97 0 1 0 0
8126 8347 1 0 1 97 0 1 0 0
8126 8349 1 0 1 97 0 1 0 0
8126 8351 1 0 1 97 0 1 0 0
8126 8353 1 0 1 97 0 1 0 0
8126 8355 1 0 1 97 0 1 0 0
8126 8361 1 0 1 97 0 1 0 0
8181 602727 0 1 1 0 3807 0 1 0
364387 624399 0 1 1 0 42 0 1 0
631519 631996 1 0 1 93 0 1 0 0
8272 30792 1 0 1 105 0 1 0 0
97368 104385 0 1 1 0 1626 0 1 0
97511 104385 0 1 1 0 1460 0 1 0
97601 104385 0 1 1 0 3717 0 1 0
8589 624399 0 1 1 0 129 0 1 0
631886 632023 1 0 1 25 0 1 0 0
631886 632043 1 0 1 29 0 1 0 0
631886 632284 1 0 1 83 0 1 0 0
631886 632624 1 0 1 148 0 1 0 0
275748 276364 0 1 1 0 205 0 1 0
8662 104385 0 1 1 0 4356 0 1 0
632014 632019 0 0 1 0 0 0 0 0
97788 104385 0 1 1 0 2276 0 1 0
632095 632286 1 0 1 42 0 1 0 0
8996 9071 1 0 1 253 0 1 0 0
9216 104385 0 1 1 0 2531 0 1 0
276364 360014 1 0 1 1388 0 1 0 0
276364 620700 1 0 1 698 0 1 0 0
276364 623885 1 0 1 69 0 1 0 0
276364 624618 1 0 1 205 0 1 0 0
276364 624624 1 0 1 205 0 1 0 0
276364 624626 1 0 1 205 0 1 0 0
276364 624628 1 0 1 205 0 1 0 0
276364 625046 1 0 1 284 0 1 0 0
276364 626678 1 0 1 581 0 1 0 0
276364 626850 1 0 1 615 0 1 0 0
276364 626908 1 0 1 629 0 1 0 0
276364 628079 1 0 1 833 0 1 0 0
276364 629538 1 0 1 1090 0 1 0 0
9261 598693 0 1 1 0 1952 0 1 0
98386 104385 0 1 1 0 1549 0 1 0
98468 602727 0 1 1 0 2677 0 1 0
9535 104385 0 1 1 0 435 0 1 0
9607 10054 1 0 1 539 0 1 0 0
98837 621540 1 0 1 688 0 1 0 0
9808 104385 0 1 1 0 3461 0 1 0
98850 104385 0 1 1 0 391 0 1 0
9846 611778 0 1 1 0 1705 0 1 0
9846 622622 0 1 1 0 552 0 1 0
98959 104385 0 1 1 0 1676 0 1 0
10025 104385 0 1 1 0 3616 0 1 0
99129 104385 0 1 1 0 950 0 1 0
99194 115956 0 1 1 0 170 0 1 0
99268 104385 0 1 1 0 3784 0 1 0
99350 104385 0 1 1 0 312 0 1 0
188426 622622 0 1 1 0 226 0 1 0
10370 620203 0 1 1 0 334 0 1 0
99423 104385 0 1 1 0 207 0 1 0
99458 104385 0 1 1 0 5263 0 1 0
10552 602727 0 1 1 0 2359 0 1 0
99730 104385 0 1 1 0 987 0 1 0
455926 611779 0 1 1 0 153 0 1 0
99783 104385 0 1 1 0 2148 0 1 0
10776 602727 0 1 1 0 3993 0 1 0
99993 104385 0 1 1 0 599 0 1 0
100083 104385 0 1 1 0 723 0 1 0
11060 104385 0 1 1 0 869 0 1 0
11142 89188 0 1 1 0 675 0 1 0
278438 314144 0 1 1 0 3296 0 1 0
11414 627979 1 0 1 1448 0 1 0 0
11457 104385 0 1 1 0 3583 0 1 0
100597 612024 0 1 1 0 328 0 1 0
100633 104385 0 1 1 0 999 0 1 0
456867 627525 0 1 1 0 60 0 0.5 0
100720 104385 0 1 1 0 592 0 1 0
100726 104385 0 1 1 0 3192 0 1 0
100728 104385 0 1 1 0 2197 0 1 0
100781 104385 0 1 1 0 4313 0 1 0
100912 104385 0 1 1 0 1884 0 1 0
11892 104385 0 0 1 0 0 0 0 0
100971 104385 0 1 1 0 1077 0 1 0
12127 602727 0 1 1 0 4115 0 1 0
12175 104385 0 1 1 0 2871 0 1 0
101220 104385 0 1 1 0 2179 0 1 0
101360 104385 0 1 1 0 4925 0 1 0
101391 104385 0 1 1 0 611 0 1 0
101412 104385 0 1 1 0 868 0 1 0
101412 632095 0 1 1 0 132 0 1 0
101433 601836 0 1 1 0 1107 0 1 0
457618 627525 0 1 1 0 897 0 1 0
12524 15587 0 1 1 0 4658 0 1 0
101760 104385 0 1 1 0 3043 0 1 0
12760 104385 0 1 1 0 3541 0 1 0
101819 104385 0 1 1 0 631 0 1 0
12859 104385 0 1 1 0 6844 0 1 0
101999 104385 0 1 1 0 3523 0 1 0
102012 104385 0 1 1 0 1091 0 1 0
13024 622622 0 2 2 0 164 0 2 0
13057 30824 0 1 1 0 94 0 1 0
102182 104385 0 1 1 0 5380 0 1 0
102218 104385 0 1 1 0 3973 0 1 0
102230 104385 0 1 1 0 819 0 1 0
102269 104385 0 1 1 0 1491 0 1 0
102319 104385 0 1 1 0 599 0 1 0
102332 340995 1 0 1 79 0 1 0 0
102739 104385 0 1 1 0 849 0 1 0
13723 602727 0 1 1 0 1015 0 1 0
13858 104385 0 1 1 0 1357 0 1 0
13872 118912 1 0 1 338 0 1 0 0
13872 567314 1 0 1 154 0 1 0 0
13872 629345 1 0 1 67 0 1 0 0
13872 631595 1 0 1 492 0 1 0 0
102923 104385 0 1 1 0 684 0 1 0
102955 104385 0 1 1 0 956 0 1 0
102982 622115 1 0 1 639 0 1 0 0
13982 602727 0 1 1 0 1051 0 1 0
14005 602727 0 1 1 0 1053 0 1 0
103238 104385 0 1 1 0 3897 0 1 0
14214 104385 0 1 1 0 4627 0 1 0
14230 187584 0 1 1 0 2070 0 1 0
103289 104385 0 1 1 0 6935 0 1 0
14296 29542 0 1 1 0 1 0 1 0
14380 615511 0 1 1 0 58 0 1 0
14462 602727 0 1 1 0 52 0 1 0
103527 104385 0 1 1 0 5210 0 1 0
103549 104385 0 1 1 0 212 0 1 0
14569 615511 0 1 1 0 71 0 1 0
103867 104385 0 1 1 0 204 0 1 0
14867 104385 0 1 1 0 4884 0 1 0
14897 622622 0 1 1 0 186 0 1 0
104094 104385 0 1 1 0 4540 0 1 0
104283 624399 0 1 1 0 382 0 1 0
104385 104624 1 0 1 2214 0 1 0 0
104385 104707 1 0 1 1677 0 1 0 0
104385 104921 1 0 1 891 0 1 0 0
104385 105061 1 0 1 32 0 1 0 0
104385 105105 1 0 1 799 0 1 0 0
104385 105143 1 0 1 1101 0 1 0 0
104385 105169 1 0 1 5742 0 1 0 0
104385 105623 1 0 1 701 0 1 0 0
104385 105749 1 0 1 2853 0 1 0 0
104385 105759 1 0 1 4733 0 1 0 0
104385 105796 1 0 1 3879 0 1 0 0
104385 105830 1 0 1 556 0 1 0 0
104385 106406 1 0 1 5847 0 1 0 0
104385 106484 1 0 1 163 0 1 0 0
104385 106502 1 0 1 3292 0 1 0 0
104385 106620 1 0 1 135 0 1 0 0
104385 106851 1 0 1 5582 0 1 0 0
104385 107065 1 0 1 3823 0 1 0 0
104385 107288 1 0 1 1868 0 1 0 0
104385 107792 1 0 1 509 0 1 0 0
104385 107883 1 0 1 5160 0 1 0 0
104385 108115 1 0 1 179 0 1 0 0
104385 108198 1 0 1 1187 0 1 0 0
104385 108430 1 0 1 4987 0 1 0 0
104385 108434 1 0 1 197 0 1 0 0
104385 108494 1 0 1 3945 0 1 0 0
104385 108838 1 0 1 2120 0 1 0 0
104385 109035 1 0 1 125 0 1 0 0
104385 109120 1 0 1 2919 0 1 0 0
104385 109227 1 0 1 5853 0 1 0 0
104385 109286 1 0 1 4687 0 1 0 0
104385 109316 1 0 1 1968 0 1 0 0
104385 109472 1 0 1 3804 0 1 0 0
104385 109740 1 0 1 686 0 1 0 0
104385 109778 1 0 1 283 0 1 0 0
104385 109810 1 0 1 399 0 1 0 0
104385 109903 1 0 1 1337 0 1 0 0
104385 110040 1 0 1 1665 0 1 0 0
104385 110393 1 0 1 4683 0 1 0 0
104385 110601 1 0 1 6284 0 1 0 0
104385 110920 1 0 1 456 0 1 0 0
104385 111249 1 0 1 3381 0 1 0 0
104385 111260 1 0 1 4952 0 1 0 0
104385 111333 1 0 1 785 0 1 0 0
104385 111338 1 0 1 2276 0 1 0 0
104385 111340 1 0 1 5002 0 1 0 0
104385 111389 1 0 1 846 0 1 0 0
104385 111582 1 0 1 203 0 1 0 0
104385 111627 1 0 1 2212 0 1 0 0
104385 112026 1 0 1 1773 0 1 0 0
104385 112243 1 0 1 5852 0 1 0 0
104385 113043 1 0 1 3752 0 1 0 0
104385 113051 1 0 1 1575 0 1 0 0
104385 113394 1 0 1 6226 0 1 0 0
104385 113540 1 0 1 1940 0 1 0 0
104385 113844 1 0 1 455 0 1 0 0
104385 114063 1 0 1 5246 0 1 0 0
104385 114144 1 0 1 1472 0 1 0 0
104385 114158 1 0 1 813 0 1 0 0
104385 114527 1 0 1 1037 0 1 0 0
104385 115216 1 0 1 1483 0 1 0 0
104385 115503 1 0 1 725 0 1 0 0
104385 115678 1 0 1 6096 0 1 0 0
104385 115997 1 0 1 772 0 1 0 0
104385 116060 1 0 1 1053 0 1 0 0
104385 116398 1 0 1 1384 0 1 0 0
104385 116504 1 0 1 3453 0 1 0 0
104385 116567 1 0 1 5535 0 1 0 0
104385 116750 1 0 1 4451 0 1 0 0
104385 117645 1 0 1 5832 0 1 0 0
104385 117678 1 0 1 2270 0 1 0 0
104385 118093 1 0 1 5639 0 1 0 0
104385 118162 1 0 1 4050 0 1 0 0
104385 118373 1 0 1 3876 0 1 0 0
104385 118567 1 0 1 2390 0 1 0 0
104385 118814 1 0 1 4715 0 1 0 0
104385 118986 1 0 1 2546 0 1 0 0
104385 119859 1 0 1 4703 0 1 0 0
104385 120299 1 0 1 862 0 1 0 0
104385 120613 1 0 1 1036 0 1 0 0
104385 121236 1 0 1 6196 0 1 0 0
104385 121275 1 0 1 6418 0 1 0 0
104385 121324 1 0 1 3322 0 1 0 0
104385 121502 1 0 1 3780 0 1 0 0
104385 121765 1 0 1 578 0 1 0 0
104385 121810 1 0 1 3626 0 1 0 0
104385 121845 1 0 1 4357 0 1 0 0
104385 121871 1 0 1 5897 0 1 0 0
104385 122147 1 0 1 1545 0 1 0 0
104385 122235 1 0 1 21 0 1 0 0
104385 122253 1 0 1 306 0 1 0 0
104385 122266 1 0 1 128 0 1 0 0
104385 122520 1 0 1 5730 0 1 0 0
104385 123044 1 0 1 399 0 1 0 0
104385 123439 1 0 1 96 0 1 0 0
104385 123449 1 0 1 168 0 1 0 0
104385 123544 1 0 1 2647 0 1 0 0
104385 123948 1 0 1 4093 0 1 0 0
104385 124554 1 0 1 99 0 1 0 0
104385 124689 1 0 1 696 0 1 0 0
104385 125464 1 0 1 7183 0 1 0 0
104385 125563 1 0 1 3894 0 1 0 0
104385 125587 1 0 1 348 0 1 0 0
104385 126447 1 0 1 180 0 1 0 0
104385 126503 1 0 1 6675 0 1 0 0
104385 127394 1 0 1 2334 0 1 0 0
104385 127473 1 0 1 2004 0 1 0 0
104385 128521 1 0 1 4166 0 1 0 0
104385 129659 1 0 1 2467 0 1 0 0
104385 130342 1 0 1 6022 0 1 0 0
104385 130574 1 0 1 3963 0 1 0 0
104385 131451 1 0 1 543 0 1 0 0
104385 131722 1 0 1 3850 0 1 0 0
104385 131841 1 0 1 3029 0 1 0 0
104385 131934 1 0 1 4470 0 1 0 0
104385 132153 1 0 1 5125 0 1 0 0
104385 132311 1 0 1 2279 0 1 0 0
104385 132725 1 0 1 5515 0 1 0 0
104385 133177 1 0 1 4916 0 1 0 0
104385 133213 1 0 1 1408 0 1 0 0
104385 133219 1 0 1 3460 0 1 0 0
104385 134036 1 0 1 98 0 1 0 0
104385 134053 1 0 1 697 0 1 0 0
104385 134151 1 0 1 1755 0 1 0 0
104385 134347 1 0 1 6356 0 1 0 0
104385 134700 1 0 1 142 0 1 0 0
104385 134896 1 0 1 3392 0 1 0 0
104385 134946 1 0 1 3895 0 1 0 0
104385 135682 1 0 1 6216 0 1 0 0
104385 135894 1 0 1 4833 0 1 0 0
104385 136713 1 0 1 1843 0 1 0 0
104385 136858 1 0 1 6441 0 1 0 0
104385 137134 1 0 1 2071 0 1 0 0
104385 137169 1 0 1 6979 0 1 0 0
104385 139091 1 0 1 5023 0 1 0 0
104385 139190 1 0 1 2264 0 1 0 0
104385 140096 1 0 1 443 0 1 0 0
104385 140441 1 0 1 1437 0 1 0 0
104385 140529 1 0 1 6119 0 1 0 0
104385 141305 1 0 1 2473 0 1 0 0
104385 141833 1 0 1 5256 0 1 0 0
104385 142154 1 0 1 1442 0 1 0 0
104385 142688 1 0 1 6435 0 1 0 0
104385 142940 1 0 1 6063 0 1 0 0
104385 142998 1 0 1 6101 0 1 0 0
104385 143340 1 0 1 197 0 1 0 0
104385 144860 1 0 1 4926 0 1 0 0
104385 144862 1 0 1 2977 0 1 0 0
104385 144905 1 0 1 1348 0 1 0 0
104385 145688 1 0 1 1357 0 1 0 0
104385 145885 1 0 1 2917 0 1 0 0
104385 146030 1 0 1 2279 0 1 0 0
104385 147273 1 0 1 3276 0 1 0 0
104385 147819 1 0 1 1337 0 1 0 0
104385 148859 1 0 1 5209 0 1 0 0
104385 149401 1 0 1 3641 0 1 0 0
104385 149635 1 0 1 4839 0 1 0 0
104385 150329 1 0 1 5603 0 1 0 0
104385 150455 1 0 1 2735 0 1 0 0
104385 150469 1 0 1 5035 0 1 0 0
104385 151292 1 0 1 6164 0 1 0 0
104385 151695 1 0 1 1555 0 1 0 0
104385 151789 1 0 1 589 0 1 0 0
104385 152046 1 0 1 5179 0 1 0 0
104385 152048 1 0 1 5179 0 1 0 0
104385 152050 1 0 1 5179 0 1 0 0
104385 152052 1 0 1 5179 0 1 0 0
104385 152148 1 0 1 3680 0 1 0 0
104385 152457 1 0 1 2790 0 1 0 0
104385 152755 1 0 1 460 0 1 0 0
104385 153170 1 0 1 1594 0 1 0 0
104385 153312 1 0 1 355 0 1 0 0
104385 154506 1 0 1 4009 0 1 0 0
104385 154616 2 0 2 7880 0 2 0 0
104385 155042 1 0 1 5806 0 1 0 0
104385 155250 1 0 1 572 0 1 0 0
104385 155477 1 0 1 1036 0 1 0 0
104385 155731 1 0 1 4648 0 1 0 0
104385 156869 1 0 1 2682 0 1 0 0
104385 157214 1 0 1 103 0 1 0 0
104385 157257 1 0 1 322 0 1 0 0
104385 157543 1 0 1 4334 0 1 0 0
104385 158028 1 0 1 3060 0 1 0 0
104385 158337 1 0 1 126 0 1 0 0
104385 159202 1 0 1 4921 0 1 0 0
104385 159436 1 0 1 1343 0 1 0 0
104385 159868 1 0 1 4424 0 1 0 0
104385 159935 1 0 1 4826 0 1 0 0
104385 161744 1 0 1 2561 0 1 0 0
104385 162024 1 0 1 868 0 1 0 0
104385 162292 1 0 1 2176 0 1 0 0
104385 162457 1 0 1 1953 0 1 0 0
104385 162694 1 0 1 357 0 1 0 0
104385 163758 1 0 1 6666 0 1 0 0
104385 163919 1 0 1 6314 0 1 0 0
104385 164221 1 0 1 3516 0 1 0 0
104385 164290 1 0 1 5713 0 1 0 0
104385 164515 1 0 1 2745 0 1 0 0
104385 164565 1 0 1 4938 0 1 0 0
104385 166086 1 0 1 330 0 1 0 0
104385 166491 1 0 1 3719 0 1 0 0
104385 166977 1 0 1 803 0 1 0 0
104385 167129 1 0 1 3991 0 1 0 0
104385 167883 1 0 1 3071 0 1 0 0
104385 168694 1 0 1 5517 0 1 0 0
104385 168995 1 0 1 1567 0 1 0 0
104385 169285 1 0 1 1721 0 1 0 0
104385 170174 1 0 1 3520 0 1 0 0
104385 170985 1 0 1 495 0 1 0 0
104385 171495 1 0 1 2857 0 1 0 0
104385 171507 1 0 1 977 0 1 0 0
104385 172361 1 0 1 2584 0 1 0 0
104385 173065 1 0 1 894 0 1 0 0
104385 173463 1 0 1 450 0 1 0 0
104385 173969 1 0 1 6848 0 1 0 0
104385 174594 1 0 1 2855 0 1 0 0
104385 174746 1 0 1 1071 0 1 0 0
104385 175021 1 0 1 4824 0 1 0 0
104385 175849 1 0 1 6322 0 1 0 0
104385 175916 1 0 1 6704 0 1 0 0
104385 176680 1 0 1 4063 0 1 0 0
104385 177330 1 0 1 3691 0 1 0 0
104385 178508 1 0 1 1693 0 1 0 0
104385 179595 1 0 1 7102 0 1 0 0
104385 179648 1 0 1 1301 0 1 0 0
104385 180171 1 0 1 1216 0 1 0 0
104385 181066 1 0 1 200 0 1 0 0
104385 181068 1 0 1 6478 0 1 0 0
104385 181070 1 0 1 6478 0 1 0 0
104385 181072 1 0 1 6478 0 1 0 0
104385 181902 1 0 1 5017 0 1 0 0
104385 182308 1 0 1 4188 0 1 0 0
104385 182331 1 0 1 683 0 1 0 0
104385 183296 1 0 1 2372 0 1 0 0
104385 184327 1 0 1 1506 0 1 0 0
104385 184807 1 0 1 7178 0 1 0 0
104385 184904 1 0 1 5536 0 1 0 0
104385 185017 1 0 1 221 0 1 0 0
104385 185138 1 0 1 2139 0 1 0 0
104385 186364 1 0 1 1293 0 1 0 0
104385 187898 1 0 1 1087 0 1 0 0
104385 189165 1 0 1 5067 0 1 0 0
104385 189551 1 0 1 4579 0 1 0 0
104385 190098 1 0 1 6850 0 1 0 0
104385 191629 1 0 1 4889 0 1 0 0
104385 192091 1 0 1 7172 0 1 0 0
104385 193111 1 0 1 6676 0 1 0 0
104385 193119 1 0 1 1054 0 1 0 0
104385 193640 1 0 1 5717 0 1 0 0
104385 194061 1 0 1 252 0 1 0 0
104385 195408 1 0 1 730 0 1 0 0
104385 195703 1 0 1 282 0 1 0 0
104385 196668 1 0 1 1594 0 1 0 0
104385 196742 1 0 1 6494 0 1 0 0
104385 197951 1 0 1 402 0 1 0 0
104385 198541 1 0 1 2038 0 1 0 0
104385 199129 1 0 1 335 0 1 0 0
104385 199788 1 0 1 6423 0 1 0 0
104385 200558 1 0 1 6068 0 1 0 0
104385 201664 1 0 1 3880 0 1 0 0
104385 201754 1 0 1 490 0 1 0 0
104385 202345 1 0 1 1647 0 1 0 0
104385 203930 1 0 1 4817 0 1 0 0
104385 204666 1 0 1 4269 0 1 0 0
104385 205008 1 0 1 4947 0 1 0 0
104385 206631 1 0 1 2040 0 1 0 0
104385 206789 1 0 1 6891 0 1 0 0
104385 206839 1 0 1 50 0 1 0 0
104385 207897 1 0 1 985 0 1 0 0
104385 208375 1 0 1 3942 0 1 0 0
104385 208444 1 0 1 1040 0 1 0 0
104385 208906 1 0 1 3320 0 1 0 0
104385 210627 1 0 1 5753 0 1 0 0
104385 212126 1 0 1 402 0 1 0 0
104385 212172 1 0 1 2254 0 1 0 0
104385 212418 1 0 1 4129 0 1 0 0
104385 213451 1 0 1 7044 0 1 0 0
104385 214096 1 0 1 2963 0 1 0 0
104385 215667 1 0 1 5034 0 1 0 0
104385 217122 1 0 1 1104 0 1 0 0
104385 217124 1 0 1 1104 0 1 0 0
104385 217126 1 0 1 1104 0 1 0 0
104385 217131 1 0 1 1104 0 1 0 0
104385 217133 1 0 1 1105 0 1 0 0
104385 217135 1 0 1 1105 0 1 0 0
104385 217137 1 0 1 1105 0 1 0 0
104385 217139 1 0 1 1104 0 1 0 0
104385 217141 1 0 1 1104 0 1 0 0
104385 217143 1 0 1 1104 0 1 0 0
104385 217145 1 0 1 1105 0 1 0 0
104385 217147 1 0 1 1105 0 1 0 0
104385 217149 1 0 1 1104 0 1 0 0
104385 217151 1 0 1 1105 0 1 0 0
104385 217155 1 0 1 1105 0 1 0 0
104385 217157 1 0 1 1105 0 1 0 0
104385 217159 1 0 1 1105 0 1 0 0
104385 217161 1 0 1 1105 0 1 0 0
104385 217163 1 0 1 1105 0 1 0 0
104385 217165 1 0 1 1105 0 1 0 0
104385 217167 1 0 1 1105 0 1 0 0
104385 217169 1 0 1 1105 0 1 0 0
104385 217171 1 0 1 1105 0 1 0 0
104385 217173 1 0 1 1105 0 1 0 0
104385 217175 1 0 1 1105 0 1 0 0
104385 217177 1 0 1 1105 0 1 0 0
104385 217179 1 0 1 1105 0 1 0 0
104385 217181 1 0 1 1105 0 1 0 0
104385 217183 1 0 1 1105 0 1 0 0
104385 217185 1 0 1 1105 0 1 0 0
104385 217187 1 0 1 1105 0 1 0 0
104385 217189 1 0 1 1105 0 1 0 0
104385 217191 1 0 1 1105 0 1 0 0
104385 217193 1 0 1 1105 0 1 0 0
104385 218490 1 0 1 6336 0 1 0 0
104385 224416 1 0 1 130 0 1 0 0
104385 226092 1 0 1 3611 0 1 0 0
104385 227595 1 0 1 708 0 1 0 0
104385 231160 1 0 1 3910 0 1 0 0
104385 232539 1 0 1 355 0 1 0 0
104385 232578 1 0 1 265 0 1 0 0
104385 232988 1 0 1 1108 0 1 0 0
104385 234095 1 0 1 2026 0 1 0 0
104385 234866 1 0 1 1857 0 1 0 0
104385 235053 1 0 1 662 0 1 0 0
104385 235511 1 0 1 1941 0 1 0 0
104385 236379 1 0 1 1731 0 1 0 0
104385 240251 1 0 1 399 0 1 0 0
104385 241466 1 0 1 756 0 1 0 0
104385 241659 1 0 1 5996 0 1 0 0
104385 244708 1 0 1 3848 0 1 0 0
104385 247341 1 0 1 6894 0 1 0 0
104385 248395 1 0 1 3036 0 1 0 0
104385 248726 1 0 1 2713 0 1 0 0
104385 249226 1 0 1 419 0 1 0 0
104385 250058 1 0 1 5741 0 1 0 0
104385 252636 1 0 1 4044 0 1 0 0
104385 254574 1 0 1 4677 0 1 0 0
104385 255181 1 0 1 840 0 1 0 0
104385 255908 1 0 1 1081 0 1 0 0
104385 256781 1 0 1 1126 0 1 0 0
104385 257700 1 0 1 2482 0 1 0 0
104385 258896 1 0 1 456 0 1 0 0
104385 259350 1 0 1 3007 0 1 0 0
104385 259896 1 0 1 299 0 1 0 0
104385 260124 1 0 1 5826 0 1 0 0
104385 261693 1 0 1 247 0 1 0 0
104385 263270 1 0 1 490 0 1 0 0
104385 264190 1 0 1 704 0 1 0 0
104385 265030 1 0 1 606 0 1 0 0
104385 266551 1 0 1 2226 0 1 0 0
104385 267097 1 0 1 1672 0 1 0 0
104385 267473 1 0 1 7191 0 1 0 0
104385 268339 1 0 1 6835 0 1 0 0
104385 269905 1 0 1 1257 0 1 0 0
104385 270757 1 0 1 4246 0 1 0 0
104385 272295 1 0 1 1104 0 1 0 0
104385 272985 1 0 1 2973 0 1 0 0
104385 273875 1 0 1 7146 0 1 0 0
104385 277150 1 0 1 2457 0 1 0 0
104385 277600 1 0 1 6984 0 1 0 0
104385 278353 1 0 1 5559 0 1 0 0
104385 278998 1 0 1 4326 0 1 0 0
104385 281051 1 0 1 6311 0 1 0 0
104385 281747 1 0 1 3006 0 1 0 0
104385 284496 1 0 1 1655 0 1 0 0
104385 285917 1 0 1 4415 0 1 0 0
104385 287525 1 0 1 3350 0 1 0 0
104385 287689 1 0 1 5546 0 1 0 0
104385 288440 1 0 1 4367 0 1 0 0
104385 289045 1 0 1 1574 0 1 0 0
104385 289452 1 0 1 391 0 1 0 0
104385 291386 1 0 1 6381 0 1 0 0
104385 292291 1 0 1 3259 0 1 0 0
104385 293055 1 0 1 3029 0 1 0 0
104385 294188 1 0 1 2835 0 1 0 0
104385 294438 1 0 1 2448 0 1 0 0
104385 294876 1 0 1 580 0 1 0 0
104385 294959 1 0 1 7051 0 1 0 0
104385 295183 1 0 1 314 0 1 0 0
104385 295667 1 0 1 7000 0 1 0 0
104385 297179 1 0 1 819 0 1 0 0
104385 299952 1 0 1 30 0 1 0 0
104385 300023 1 0 1 4817 0 1 0 0
104385 300619 1 0 1 558 0 1 0 0
104385 301574 1 0 1 6775 0 1 0 0
104385 301688 1 0 1 5958 0 1 0 0
104385 301837 1 0 1 5937 0 1 0 0
104385 301850 1 0 1 2367 0 1 0 0
104385 303249 1 0 1 4603 0 1 0 0
104385 303360 1 0 1 175 0 1 0 0
104385 303881 1 0 1 5568 0 1 0 0
104385 304978 1 0 1 4485 0 1 0 0
104385 305219 1 0 1 930 0 1 0 0
104385 306886 1 0 1 1498 0 1 0 0
104385 307050 1 0 1 2519 0 1 0 0
104385 307898 1 0 1 6432 0 1 0 0
104385 308357 1 0 1 5740 0 1 0 0
104385 308480 1 0 1 5932 0 1 0 0
104385 308540 1 0 1 5698 0 1 0 0
104385 308854 1 0 1 2656 0 1 0 0
104385 309508 1 0 1 4546 0 1 0 0
104385 309908 1 0 1 2377 0 1 0 0
104385 310130 1 0 1 4459 0 1 0 0
104385 310226 1 0 1 73 0 1 0 0
104385 310245 1 0 1 3487 0 1 0 0
104385 310437 1 0 1 5760 0 1 0 0
104385 311394 1 0 1 6108 0 1 0 0
104385 311460 1 0 1 6720 0 1 0 0
104385 311769 1 0 1 4587 0 1 0 0
104385 312005 1 0 1 3345 0 1 0 0
104385 313123 1 0 1 7108 0 1 0 0
104385 313826 1 0 1 2262 0 1 0 0
104385 314281 1 0 1 2863 0 1 0 0
104385 317157 1 0 1 1244 0 1 0 0
104385 317689 1 0 1 1384 0 1 0 0
104385 318044 1 0 1 4058 0 1 0 0
104385 319857 1 0 1 6857 0 1 0 0
104385 320362 1 0 1 4000 0 1 0 0
104385 320804 1 0 1 5907 0 1 0 0
104385 321637 1 0 1 353 0 1 0 0
104385 322915 1 0 1 5075 0 1 0 0
104385 323298 1 0 1 49 0 1 0 0
104385 324597 1 0 1 1344 0 1 0 0
104385 324647 1 0 1 973 0 1 0 0
104385 325223 1 0 1 4701 0 1 0 0
104385 326132 1 0 1 5110 0 1 0 0
104385 326221 1 0 1 4956 0 1 0 0
104385 328328 1 0 1 623 0 1 0 0
104385 328918 1 0 1 578 0 1 0 0
104385 329101 1 0 1 5422 0 1 0 0
104385 329524 1 0 1 209 0 1 0 0
104385 330615 1 0 1 1659 0 1 0 0
104385 330977 1 0 1 584 0 1 0 0
104385 331005 1 0 1 5699 0 1 0 0
104385 332192 1 0 1 1224 0 1 0 0
104385 332351 1 0 1 1298 0 1 0 0
104385 334631 1 0 1 2146 0 1 0 0
104385 334959 1 0 1 1229 0 1 0 0
104385 336117 1 0 1 3040 0 1 0 0
104385 336290 1 0 1 1544 0 1 0 0
104385 337275 1 0 1 2486 0 1 0 0
104385 337500 1 0 1 5503 0 1 0 0
104385 337746 1 0 1 4728 0 1 0 0
104385 339300 1 0 1 876 0 1 0 0
104385 339416 1 0 1 6247 0 1 0 0
104385 341390 1 0 1 1392 0 1 0 0
104385 341459 1 0 1 142 0 1 0 0
104385 342481 1 0 1 1127 0 1 0 0
104385 346471 1 0 1 308 0 1 0 0
104385 346493 1 0 1 7178 0 1 0 0
104385 347351 1 0 1 2601 0 1 0 0
104385 348657 1 0 1 4226 0 1 0 0
104385 348901 1 0 1 3249 0 1 0 0
104385 349504 1 0 1 2961 0 1 0 0
104385 349532 1 0 1 387 0 1 0 0
104385 350671 1 0 1 4288 0 1 0 0
104385 351126 1 0 1 3149 0 1 0 0
104385 351941 1 0 1 2923 0 1 0 0
104385 352299 1 0 1 5150 0 1 0 0
104385 352981 1 0 1 1296 0 1 0 0
104385 354506 1 0 1 2857 0 1 0 0
104385 355616 1 0 1 346 0 1 0 0
104385 357233 1 0 1 1626 0 1 0 0
104385 357320 1 0 1 3018 0 1 0 0
104385 357771 1 0 1 6106 0 1 0 0
104385 358087 1 0 1 409 0 1 0 0
104385 361226 1 0 1 5808 0 1 0 0
104385 361519 1 0 1 7140 0 1 0 0
104385 361826 1 0 1 2390 0 1 0 0
104385 362768 1 0 1 1580 0 1 0 0
104385 362952 1 0 1 4702 0 1 0 0
104385 366951 1 0 1 6954 0 1 0 0
104385 368412 1 0 1 3185 0 1 0 0
104385 369832 1 0 1 4279 0 1 0 0
104385 370152 1 0 1 5310 0 1 0 0
104385 370188 1 0 1 6451 0 1 0 0
104385 370687 1 0 1 421 0 1 0 0
104385 371834 1 0 1 2462 0 1 0 0
104385 371850 1 0 1 422 0 1 0 0
104385 372019 1 0 1 336 0 1 0 0
104385 372067 1 0 1 1319 0 1 0 0
104385 372145 1 0 1 3303 0 1 0 0
104385 373732 1 0 1 5236 0 1 0 0
104385 374208 1 0 1 5509 0 1 0 0
104385 375779 1 0 1 2548 0 1 0 0
104385 376725 1 0 1 1648 0 1 0 0
104385 377309 1 0 1 3603 0 1 0 0
104385 378071 1 0 1 1060 0 1 0 0
104385 378092 1 0 1 4039 0 1 0 0
104385 379550 1 0 1 573 0 1 0 0
104385 381283 1 0 1 2744 0 1 0 0
104385 382498 1 0 1 6637 0 1 0 0
104385 384641 1 0 1 4414 0 1 0 0
104385 385323 1 0 1 5362 0 1 0 0
104385 385974 1 0 1 4794 0 1 0 0
104385 390942 1 0 1 2831 0 1 0 0
104385 391458 1 0 1 462 0 1 0 0
104385 391816 1 0 1 956 0 1 0 0
104385 392073 1 0 1 4557 0 1 0 0
104385 392427 1 0 1 729 0 1 0 0
104385 394697 1 0 1 2689 0 1 0 0
104385 395405 1 0 1 4254 0 1 0 0
104385 395846 1 0 1 2062 0 1 0 0
104385 396250 1 0 1 364 0 1 0 0
104385 396356 1 0 1 3099 0 1 0 0
104385 396710 1 0 1 3703 0 1 0 0
104385 396879 1 0 1 40 0 1 0 0
104385 396897 1 0 1 220 0 1 0 0
104385 397360 1 0 1 717 0 1 0 0
104385 400593 1 0 1 2722 0 1 0 0
104385 401462 1 0 1 6508 0 1 0 0
104385 402566 1 0 1 5859 0 1 0 0
104385 404130 1 0 1 7146 0 1 0 0
104385 404852 1 0 1 358 0 1 0 0
104385 405943 1 0 1 6036 0 1 0 0
104385 406379 1 0 1 2955 0 1 0 0
104385 411477 1 0 1 5322 0 1 0 0
104385 412480 1 0 1 2238 0 1 0 0
104385 413678 1 0 1 6366 0 1 0 0
104385 415220 1 0 1 7069 0 1 0 0
104385 415527 1 0 1 6559 0 1 0 0
104385 415543 1 0 1 1523 0 1 0 0
104385 418117 1 0 1 2770 0 1 0 0
104385 419263 1 0 1 3743 0 1 0 0
104385 419405 1 0 1 6764 0 1 0 0
104385 420885 1 0 1 6903 0 1 0 0
104385 422439 1 0 1 660 0 1 0 0
104385 422659 1 0 1 104 0 1 0 0
104385 422920 1 0 1 2915 0 1 0 0
104385 423795 1 0 1 1470 0 1 0 0
104385 424397 1 0 1 4478 0 1 0 0
104385 425488 1 0 1 1580 0 1 0 0
104385 425956 1 0 1 7009 0 1 0 0
104385 428365 1 0 1 2308 0 1 0 0
104385 428869 1 0 1 4502 0 1 0 0
104385 429160 1 0 1 561 0 1 0 0
104385 429831 1 0 1 6493 0 1 0 0
104385 431481 1 0 1 2884 0 1 0 0
104385 432614 1 0 1 6461 0 1 0 0
104385 433070 1 0 1 386 0 1 0 0
104385 433989 1 0 1 302 0 1 0 0
104385 436750 1 0 1 3017 0 1 0 0
104385 437069 1 0 1 1603 0 1 0 0
104385 439023 1 0 1 4884 0 1 0 0
104385 439706 1 0 1 2655 0 1 0 0
104385 444770 1 0 1 677 0 1 0 0
104385 445073 1 0 1 5337 0 1 0 0
104385 448202 1 0 1 2619 0 1 0 0
104385 448812 1 0 1 6753 0 1 0 0
104385 450234 1 0 1 6587 0 1 0 0
104385 451558 1 0 1 126 0 1 0 0
104385 451931 1 0 1 209 0 1 0 0
104385 451990 1 0 1 5662 0 1 0 0
104385 453588 1 0 1 5388 0 1 0 0
104385 455930 1 0 1 2822 0 1 0 0
104385 457417 1 0 1 670 0 1 0 0
104385 461035 1 0 1 6666 0 1 0 0
104385 463893 1 0 1 137 0 1 0 0
104385 465846 1 0 1 3266 0 1 0 0
104385 467267 1 0 1 581 0 1 0 0
104385 467850 1 0 1 2296 0 1 0 0
104385 467868 1 0 1 1953 0 1 0 0
104385 469010 1 0 1 5103 0 1 0 0
104385 470402 1 0 1 6577 0 1 0 0
104385 471025 1 0 1 3399 0 1 0 0
104385 472399 1 0 1 1896 0 1 0 0
104385 472702 1 0 1 1612 0 1 0 0
104385 473264 1 0 1 385 0 1 0 0
104385 474979 1 0 1 1653 0 1 0 0
104385 475437 1 0 1 6155 0 1 0 0
104385 476692 1 0 1 6735 0 1 0 0
104385 481873 1 0 1 4057 0 1 0 0
104385 482653 1 0 1 6568 0 1 0 0
104385 484532 1 0 1 827 0 1 0 0
104385 489874 1 0 1 819 0 1 0 0
104385 492276 1 0 1 4928 0 1 0 0
104385 492797 1 0 1 3062 0 1 0 0
104385 492933 1 0 1 3558 0 1 0 0
104385 496270 1 0 1 4428 0 1 0 0
104385 498103 1 0 1 2509 0 1 0 0
104385 507591 1 0 1 3666 0 1 0 0
104385 513980 1 0 1 4451 0 1 0 0
104385 515441 1 0 1 5628 0 1 0 0
104385 532700 1 0 1 4698 0 1 0 0
104385 562130 1 0 1 4146 0 1 0 0
104385 562219 1 0 1 1166 0 1 0 0
104385 562841 1 0 1 1755 0 1 0 0
104385 562878 1 0 1 3157 0 1 0 0
104385 563226 1 0 1 4422 0 1 0 0
104385 566350 1 0 1 7145 0 1 0 0
104385 567713 1 0 1 4084 0 1 0 0
104385 573980 1 0 1 114 0 1 0 0
104385 575427 1 0 1 2818 0 1 0 0
104385 577649 1 0 1 510 0 1 0 0
104385 578501 1 0 1 1989 0 1 0 0
104385 580269 1 0 1 1752 0 1 0 0
104385 580284 1 0 1 3731 0 1 0 0
104385 580618 1 0 1 2804 0 1 0 0
104385 582171 1 0 1 1226 0 1 0 0
104385 585421 1 0 1 365 0 1 0 0
104385 585739 1 0 1 906 0 1 0 0
104385 585845 1 0 1 5574 0 1 0 0
104385 586381 1 0 1 5736 0 1 0 0
104385 587088 1 0 1 2159 0 1 0 0
104385 589744 1 0 1 3312 0 1 0 0
104385 590095 1 0 1 2708 0 1 0 0
104385 591303 1 0 1 418 0 1 0 0
104385 593432 1 0 1 49 0 1 0 0
104385 593997 1 0 1 4179 0 1 0 0
104385 595354 1 0 1 12 0 1 0 0
104385 595396 1 0 1 3654 0 1 0 0
104385 595993 1 0 1 190 0 1 0 0
104385 596009 1 0 1 14 0 1 0 0
104385 596031 1 0 1 18 0 1 0 0
104385 596033 1 0 1 18 0 1 0 0
104385 596038 1 0 1 19 0 1 0 0
104385 596057 1 0 1 22 0 1 0 0
104385 596059 1 0 1 22 0 1 0 0
104385 596072 1 0 1 28 0 1 0 0
104385 596121 1 0 1 36 0 1 0 0
104385 596143 1 0 1 42 0 1 0 0
104385 596210 1 0 1 52 0 1 0 0
104385 596260 1 0 1 62 0 1 0 0
104385 596262 1 0 1 62 0 1 0 0
104385 596270 1 0 1 64 0 1 0 0
104385 596344 1 0 1 80 0 1 0 0
104385 596361 1 0 1 87 0 1 0 0
104385 596418 1 0 1 97 0 1 0 0
104385 596479 1 0 1 111 0 1 0 0
104385 596505 1 0 1 117 0 1 0 0
104385 596507 1 0 1 117 0 1 0 0
104385 596558 1 0 1 127 0 1 0 0
104385 596575 1 0 1 129 0 1 0 0
104385 596588 1 0 1 132 0 1 0 0
104385 596632 1 0 1 141 0 1 0 0
104385 596636 1 0 1 142 0 1 0 0
104385 596638 1 0 1 142 0 1 0 0
104385 596673 1 0 1 153 0 1 0 0
104385 596688 1 0 1 155 0 1 0 0
104385 596690 1 0 1 157 0 1 0 0
104385 596702 1 0 1 158 0 1 0 0
104385 596726 1 0 1 164 0 1 0 0
104385 596783 1 0 1 173 0 1 0 0
104385 596787 1 0 1 174 0 1 0 0
104385 596834 1 0 1 193 0 1 0 0
104385 596839 1 0 1 186 0 1 0 0
104385 596893 1 0 1 264 0 1 0 0
104385 596905 1 0 1 196 0 1 0 0
104385 597044 1 0 1 223 0 1 0 0
104385 597078 1 0 1 227 0 1 0 0
104385 597119 1 0 1 238 0 1 0 0
104385 597124 1 0 1 704 0 1 0 0
104385 597130 1 0 1 241 0 1 0 0
104385 597153 1 0 1 245 0 1 0 0
104385 597158 1 0 1 246 0 1 0 0
104385 597202 1 0 1 254 0 1 0 0
104385 597248 1 0 1 335 0 1 0 0
104385 597297 1 0 1 275 0 1 0 0
104385 597355 1 0 1 286 0 1 0 0
104385 597383 1 0 1 290 0 1 0 0
104385 597395 1 0 1 292 0 1 0 0
104385 597407 1 0 1 295 0 1 0 0
104385 597446 1 0 1 302 0 1 0 0
104385 597468 1 0 1 307 0 1 0 0
104385 597538 1 0 1 324 0 1 0 0
104385 597566 1 0 1 330 0 1 0 0
104385 597607 1 0 1 335 0 1 0 0
104385 597637 1 0 1 341 0 1 0 0
104385 597724 1 0 1 358 0 1 0 0
104385 597728 1 0 1 358 0 1 0 0
104385 597730 1 0 1 360 0 1 0 0
104385 597758 1 0 1 363 0 1 0 0
104385 597861 1 0 1 390 0 1 0 0
104385 598106 1 0 1 475 0 1 0 0
104385 598145 1 0 1 446 0 1 0 0
104385 598182 1 0 1 453 0 1 0 0
104385 598190 1 0 1 454 0 1 0 0
104385 598305 1 0 1 479 0 1 0 0
104385 598424 1 0 1 502 0 1 0 0
104385 598653 1 0 1 551 0 1 0 0
104385 598722 1 0 1 568 0 1 0 0
104385 598742 1 0 1 575 0 1 0 0
104385 598822 1 0 1 611 0 1 0 0
104385 598872 1 0 1 603 0 1 0 0
104385 598930 1 0 1 614 0 1 0 0
104385 598966 1 0 1 620 0 1 0 0
104385 599001 1 0 1 625 0 1 0 0
104385 599080 1 0 1 648 0 1 0 0
104385 599095 1 0 1 652 0 1 0 0
104385 599150 1 0 1 661 0 1 0 0
104385 599223 1 0 1 675 0 1 0 0
104385 599288 1 0 1 686 0 1 0 0
104385 599303 1 0 1 689 0 1 0 0
104385 599344 1 0 1 696 0 1 0 0
104385 599415 1 0 1 713 0 1 0 0
104385 599453 1 0 1 718 0 1 0 0
104385 599479 1 0 1 724 0 1 0 0
104385 599493 1 0 1 727 0 1 0 0
104385 599531 1 0 1 737 0 1 0 0
104385 599611 1 0 1 757 0 1 0 0
104385 599615 1 0 1 751 0 1 0 0
104385 599638 1 0 1 757 0 1 0 0
104385 599735 1 0 1 774 0 1 0 0
104385 599763 1 0 1 779 0 1 0 0
104385 599793 1 0 1 787 0 1 0 0
104385 599830 1 0 1 798 0 1 0 0
104385 599899 1 0 1 815 0 1 0 0
104385 599972 1 0 1 828 0 1 0 0
104385 600017 1 0 1 837 0 1 0 0
104385 600132 1 0 1 858 0 1 0 0
104385 600147 1 0 1 862 0 1 0 0
104385 600205 1 0 1 874 0 1 0 0
104385 600229 1 0 1 879 0 1 0 0
104385 600250 1 0 1 884 0 1 0 0
104385 600349 1 0 1 906 0 1 0 0
104385 600367 1 0 1 908 0 1 0 0
104385 600384 1 0 1 913 0 1 0 0
104385 600392 1 0 1 936 0 1 0 0
104385 600434 1 0 1 926 0 1 0 0
104385 600447 1 0 1 930 0 1 0 0
104385 600566 1 0 1 959 0 1 0 0
104385 600592 1 0 1 966 0 1 0 0
104385 600644 1 0 1 981 0 1 0 0
104385 600695 1 0 1 990 0 1 0 0
104385 600702 1 0 1 991 0 1 0 0
104385 600724 1 0 1 997 0 1 0 0
104385 600744 1 0 1 1001 0 1 0 0
104385 600800 1 0 1 1015 0 1 0 0
104385 600855 1 0 1 1026 0 1 0 0
104385 600927 1 0 1 1183 0 1 0 0
104385 600936 1 0 1 1044 0 1 0 0
104385 601321 1 0 1 1111 0 1 0 0
104385 601539 1 0 1 1400 0 1 0 0
104385 601723 1 0 1 1203 0 1 0 0
104385 601864 1 0 1 1236 0 1 0 0
104385 601942 1 0 1 1255 0 1 0 0
104385 601976 1 0 1 1260 0 1 0 0
104385 602009 1 0 1 1268 0 1 0 0
104385 602011 1 0 1 1268 0 1 0 0
104385 602047 1 0 1 1276 0 1 0 0
104385 602067 1 0 1 1282 0 1 0 0
104385 602073 1 0 1 1284 0 1 0 0
104385 602094 1 0 1 1290 0 1 0 0
104385 602178 1 0 1 1308 0 1 0 0
104385 602290 1 0 1 1331 0 1 0 0
104385 602428 1 0 1 1361 0 1 0 0
104385 602430 1 0 1 1361 0 1 0 0
104385 602583 1 0 1 1399 0 1 0 0
104385 602638 1 0 1 1410 0 1 0 0
104385 602661 1 0 1 1415 0 1 0 0
104385 602698 1 0 1 1423 0 1 0 0
104385 602721 1 0 1 1429 0 1 0 0
104385 602775 1 0 1 1444 0 1 0 0
104385 602835 1 0 1 1455 0 1 0 0
104385 602915 1 0 1 1471 0 1 0 0
104385 602955 1 0 1 1482 0 1 0 0
104385 603058 1 0 1 1506 0 1 0 0
104385 603072 1 0 1 1510 0 1 0 0
104385 603224 1 0 1 1552 0 1 0 0
104385 603237 1 0 1 1553 0 1 0 0
104385 603252 1 0 1 1555 0 1 0 0
104385 603432 1 0 1 1589 0 1 0 0
104385 603644 1 0 1 4976 0 1 0 0
104385 603743 1 0 1 1658 0 1 0 0
104385 603863 1 0 1 1665 0 1 0 0
104385 604006 1 0 1 1673 0 1 0 0
104385 604123 1 0 1 1704 0 1 0 0
104385 604173 1 0 1 1715 0 1 0 0
104385 604179 1 0 1 1715 0 1 0 0
104385 604279 1 0 1 1740 0 1 0 0
104385 604337 1 0 1 1794 0 1 0 0
104385 604355 1 0 1 1760 0 1 0 0
104385 604358 1 0 1 1761 0 1 0 0
104385 604459 1 0 1 1787 0 1 0 0
104385 604557 1 0 1 1806 0 1 0 0
104385 604627 1 0 1 1819 0 1 0 0
104385 604640 1 0 1 1822 0 1 0 0
104385 604685 1 0 1 1830 0 1 0 0
104385 604718 1 0 1 1836 0 1 0 0
104385 604748 1 0 1 1840 0 1 0 0
104385 604750 1 0 1 1841 0 1 0 0
104385 604788 1 0 1 1849 0 1 0 0
104385 604828 1 0 1 1858 0 1 0 0
104385 604893 1 0 1 1983 0 1 0 0
104385 604901 1 0 1 1872 0 1 0 0
104385 605044 1 0 1 1899 0 1 0 0
104385 605055 1 0 1 1901 0 1 0 0
104385 605089 1 0 1 1907 0 1 0 0
104385 605127 1 0 1 1916 0 1 0 0
104385 605166 1 0 1 2207 0 1 0 0
104385 605238 1 0 1 1937 0 1 0 0
104385 605240 1 0 1 1938 0 1 0 0
104385 605403 1 0 1 1975 0 1 0 0
104385 605408 1 0 1 1976 0 1 0 0
104385 605460 1 0 1 1988 0 1 0 0
104385 605477 1 0 1 1991 0 1 0 0
104385 605604 1 0 1 2019 0 1 0 0
104385 605620 1 0 1 2023 0 1 0 0
104385 605924 1 0 1 2148 0 1 0 0
104385 605926 1 0 1 2090 0 1 0 0
104385 605980 1 0 1 2273 0 1 0 0
104385 605999 1 0 1 2108 0 1 0 0
104385 606082 1 0 1 2133 0 1 0 0
104385 606101 2 0 2 2847 0 2 0 0
104385 606152 1 0 1 2146 0 1 0 0
104385 606224 1 0 1 2160 0 1 0 0
104385 606230 1 0 1 2161 0 1 0 0
104385 606289 1 0 1 2995 0 1 0 0
104385 606336 1 0 1 2188 0 1 0 0
104385 606429 1 0 1 2217 0 1 0 0
104385 606526 1 0 1 2225 0 1 0 0
104385 606795 1 0 1 2286 0 1 0 0
104385 606936 1 0 1 2531 0 1 0 0
104385 607075 1 0 1 2333 0 1 0 0
104385 607152 1 0 1 2343 0 1 0 0
104385 607909 1 0 1 2457 0 1 0 0
104385 608099 1 0 1 2489 0 1 0 0
104385 608289 1 0 1 2519 0 1 0 0
104385 608486 1 0 1 2549 0 1 0 0
104385 608632 1 0 1 2575 0 1 0 0
104385 608784 1 0 1 2605 0 1 0 0
104385 609023 1 0 1 2649 0 1 0 0
104385 609035 1 0 1 2680 0 1 0 0
104385 609037 1 0 1 2650 0 1 0 0
104385 609183 1 0 1 2682 0 1 0 0
104385 609584 1 0 1 2752 0 1 0 0
104385 609657 1 0 1 2764 0 1 0 0
104385 609726 1 0 1 2773 0 1 0 0
104385 609753 1 0 1 2778 0 1 0 0
104385 609764 1 0 1 2782 0 1 0 0
104385 609838 1 0 1 2801 0 1 0 0
104385 609877 1 0 1 2811 0 1 0 0
104385 609886 1 0 1 2813 0 1 0 0
104385 609901 1 0 1 2815 0 1 0 0
104385 609934 1 0 1 2820 0 1 0 0
104385 610043 1 0 1 2843 0 1 0 0
104385 610059 1 0 1 2848 0 1 0 0
104385 610121 1 0 1 3172 0 1 0 0
104385 610319 1 0 1 6696 0 1 0 0
104385 610587 1 0 1 2939 0 1 0 0
104385 610721 1 0 1 2964 0 1 0 0
104385 610826 1 0 1 2988 0 1 0 0
104385 611012 1 0 1 3018 0 1 0 0
104385 611112 1 0 1 3040 0 1 0 0
104385 611124 1 0 1 3043 0 1 0 0
104385 611355 1 0 1 3087 0 1 0 0
104385 611417 1 0 1 3099 0 1 0 0
104385 611599 1 0 1 3142 0 1 0 0
104385 611671 1 0 1 3160 0 1 0 0
104385 611740 1 0 1 3176 0 1 0 0
104385 611800 1 0 1 3189 0 1 0 0
104385 611823 1 0 1 3196 0 1 0 0
104385 611876 1 0 1 3798 0 1 0 0
104385 611882 1 0 1 3213 0 1 0 0
104385 611953 1 0 1 3225 0 1 0 0
104385 611994 1 0 1 3233 0 1 0 0
104385 612020 1 0 1 3238 0 1 0 0
104385 612098 1 0 1 3262 0 1 0 0
104385 612244 1 0 1 3289 0 1 0 0
104385 612589 1 0 1 3364 0 1 0 0
104385 612699 1 0 1 3411 0 1 0 0
104385 612777 1 0 1 3430 0 1 0 0
104385 612878 1 0 1 3412 0 1 0 0
104385 612901 1 0 1 3417 0 1 0 0
104385 613042 1 0 1 3450 0 1 0 0
104385 613068 1 0 1 3455 0 1 0 0
104385 613148 1 0 1 3473 0 1 0 0
104385 613165 1 0 1 3478 0 1 0 0
104385 613245 1 0 1 3495 0 1 0 0
104385 613323 1 0 1 3509 0 1 0 0
104385 613418 1 0 1 3530 0 1 0 0
104385 613428 1 0 1 3532 0 1 0 0
104385 613538 1 0 1 3556 0 1 0 0
104385 613588 1 0 1 3566 0 1 0 0
104385 613713 1 0 1 3629 0 1 0 0
104385 613980 1 0 1 3648 0 1 0 0
104385 613995 1 0 1 3651 0 1 0 0
104385 614348 1 0 1 3725 0 1 0 0
104385 614371 1 0 1 3730 0 1 0 0
104385 614412 1 0 1 3743 0 1 0 0
104385 614432 1 0 1 3743 0 1 0 0
104385 614449 1 0 1 3749 0 1 0 0
104385 614467 1 0 1 3754 0 1 0 0
104385 614622 1 0 1 3786 0 1 0 0
104385 614635 1 0 1 3789 0 1 0 0
104385 614639 1 0 1 3790 0 1 0 0
104385 614657 1 0 1 3793 0 1 0 0
104385 614918 1 0 1 3847 0 1 0 0
104385 614955 1 0 1 3857 0 1 0 0
104385 614992 1 0 1 3864 0 1 0 0
104385 615038 1 0 1 3876 0 1 0 0
104385 615064 1 0 1 3890 0 1 0 0
104385 615099 1 0 1 3891 0 1 0 0
104385 615432 1 0 1 3936 0 1 0 0
104385 615439 1 0 1 3936 0 1 0 0
104385 615509 1 0 1 3946 0 1 0 0
104385 615776 1 0 1 3985 0 1 0 0
104385 615778 1 0 1 3983 0 1 0 0
104385 616018 1 0 1 4022 0 1 0 0
104385 616318 1 0 1 4077 0 1 0 0
104385 616383 1 0 1 4087 0 1 0 0
104385 616393 1 0 1 4089 0 1 0 0
104385 616613 1 0 1 4149 0 1 0 0
104385 616650 1 0 1 4576 0 1 0 0
104385 616980 1 0 1 4260 0 1 0 0
104385 617047 1 0 1 4292 0 1 0 0
104385 617114 1 0 1 4253 0 1 0 0
104385 617214 1 0 1 4281 0 1 0 0
104385 617436 1 0 1 4336 0 1 0 0
104385 617462 1 0 1 4331 0 1 0 0
104385 617666 1 0 1 4374 0 1 0 0
104385 617690 1 0 1 4380 0 1 0 0
104385 617704 1 0 1 4382 0 1 0 0
104385 617824 1 0 1 4416 0 1 0 0
104385 617869 1 0 1 4424 0 1 0 0
104385 617930 1 0 1 4435 0 1 0 0
104385 618178 1 0 1 4479 0 1 0 0
104385 618435 1 0 1 4516 0 1 0 0
104385 618469 2 0 2 5652 0 2 0 0
104385 618495 1 0 1 5265 0 1 0 0
104385 618512 1 0 1 4530 0 1 0 0
104385 618933 1 0 1 4605 0 1 0 0
104385 618958 1 0 1 4619 0 1 0 0
104385 618965 1 0 1 4612 0 1 0 0
104385 618976 1 0 1 4615 0 1 0 0
104385 619069 1 0 1 4633 0 1 0 0
104385 619073 1 0 1 4634 0 1 0 0
104385 619170 1 0 1 4661 0 1 0 0
104385 619205 1 0 1 4659 0 1 0 0
104385 619214 1 0 1 4660 0 1 0 0
104385 619509 1 0 1 4704 0 1 0 0
104385 620230 1 0 1 4829 0 1 0 0
104385 620417 1 0 1 4862 0 1 0 0
104385 620692 1 0 1 4913 0 1 0 0
104385 620737 1 0 1 4918 0 1 0 0
104385 620825 1 0 1 4937 0 1 0 0
104385 620991 1 0 1 4964 0 1 0 0
104385 621176 1 0 1 5002 0 1 0 0
104385 621314 1 0 1 5168 0 1 0 0
104385 621415 1 0 1 5050 0 1 0 0
104385 621489 1 0 1 5064 0 1 0 0
104385 621591 1 0 1 5080 0 1 0 0
104385 621886 1 0 1 5262 0 1 0 0
104385 622039 1 0 1 5174 0 1 0 0
104385 622119 1 0 1 5191 0 1 0 0
104385 622183 1 0 1 5202 0 1 0 0
104385 622254 1 0 1 5216 0 1 0 0
104385 622266 1 0 1 5219 0 1 0 0
104385 622282 1 0 1 5223 0 1 0 0
104385 622553 1 0 1 5272 0 1 0 0
104385 622653 1 0 1 5327 0 1 0 0
104385 622776 1 0 1 5313 0 1 0 0
104385 622818 1 0 1 5321 0 1 0 0
104385 622848 1 0 1 5326 0 1 0 0
104385 622906 1 0 1 5339 0 1 0 0
104385 622944 1 0 1 5346 0 1 0 0
104385 623129 1 0 1 5378 0 1 0 0
104385 623246 1 0 1 5399 0 1 0 0
104385 623282 1 0 1 5404 0 1 0 0
104385 623613 1 0 1 5472 0 1 0 0
104385 623752 1 0 1 5506 0 1 0 0
104385 624008 1 0 1 5560 0 1 0 0
104385 624010 1 0 1 5560 0 1 0 0
104385 624169 1 0 1 3338 0 1 0 0
104385 624454 1 0 1 5649 0 1 0 0
104385 624556 1 0 1 5662 0 1 0 0
104385 624576 1 0 1 5666 0 1 0 0
104385 624589 1 0 1 5668 0 1 0 0
104385 624690 1 0 1 5688 0 1 0 0
104385 624743 1 0 1 5700 0 1 0 0
104385 624825 1 0 1 5718 0 1 0 0
104385 625274 1 0 1 5792 0 1 0 0
104385 625280 1 0 1 5793 0 1 0 0
104385 625643 1 0 1 5897 0 1 0 0
104385 626005 1 0 1 5924 0 1 0 0
104385 626404 1 0 1 5999 0 1 0 0
104385 626505 1 0 1 6021 0 1 0 0
104385 626805 1 0 1 6071 0 1 0 0
104385 627074 1 0 1 6151 0 1 0 0
104385 627104 1 0 1 6136 0 1 0 0
104385 627416 1 0 1 6186 0 1 0 0
104385 627454 1 0 1 6192 0 1 0 0
104385 627463 1 0 1 6193 0 1 0 0
104385 627491 1 0 1 6198 0 1 0 0
104385 627526 1 0 1 6203 0 1 0 0
104385 627567 1 0 1 6211 0 1 0 0
104385 627656 1 0 1 6404 0 1 0 0
104385 627678 1 0 1 6228 0 1 0 0
104385 627680 1 0 1 6250 0 1 0 0
104385 627920 1 0 1 6270 0 1 0 0
104385 627981 1 0 1 6282 0 1 0 0
104385 628012 1 0 1 6287 0 1 0 0
104385 628211 1 0 1 6324 0 1 0 0
104385 628663 1 0 1 6406 0 1 0 0
104385 628684 1 0 1 6423 0 1 0 0
104385 628689 1 0 1 6411 0 1 0 0
104385 628759 1 0 1 6477 0 1 0 0
104385 628783 1 0 1 6430 0 1 0 0
104385 628839 1 0 1 6438 0 1 0 0
104385 628881 1 0 1 6442 0 1 0 0
104385 628937 1 0 1 6456 0 1 0 0
104385 628975 1 0 1 6484 0 1 0 0
104385 629295 1 0 1 6517 0 1 0 0
104385 629306 1 0 1 6518 0 1 0 0
104385 629308 1 0 1 6518 0 1 0 0
104385 629337 1 0 1 6525 0 1 0 0
104385 629452 1 0 1 6547 0 1 0 0
104385 629538 1 0 1 6820 0 1 0 0
104385 629661 1 0 1 6580 0 1 0 0
104385 629714 1 0 1 6757 0 1 0 0
104385 629801 1 0 1 6604 0 1 0 0
104385 630090 1 0 1 6668 0 1 0 0
104385 630118 1 0 1 6672 0 1 0 0
104385 630210 1 0 1 6688 0 1 0 0
104385 630215 1 0 1 6688 0 1 0 0
104385 630246 1 0 1 6819 0 1 0 0
104385 630316 1 0 1 6712 0 1 0 0
104385 630403 1 0 1 6939 0 1 0 0
104385 630408 1 0 1 6741 0 1 0 0
104385 630625 1 0 1 6777 0 1 0 0
104385 630761 1 0 1 6804 0 1 0 0
104385 630817 1 0 1 6811 0 1 0 0
104385 630915 1 0 1 6828 0 1 0 0
104385 630960 1 0 1 6835 0 1 0 0
104385 630993 1 0 1 6846 0 1 0 0
104385 631065 1 0 1 6850 0 1 0 0
104385 631078 1 0 1 6853 0 1 0 0
104385 631112 1 0 1 6859 0 1 0 0
104385 631301 1 0 1 6893 0 1 0 0
104385 631314 1 0 1 6895 0 1 0 0
104385 631508 1 0 1 6934 0 1 0 0
104385 631524 1 0 1 6937 0 1 0 0
104385 631529 1 0 1 6938 0 1 0 0
104385 631540 1 0 1 7099 0 1 0 0
104385 631654 1 0 1 6966 0 1 0 0
104385 631748 1 0 1 6985 0 1 0 0
104385 631802 1 0 1 6994 0 1 0 0
104385 631917 1 0 1 7013 0 1 0 0
104385 632131 1 0 1 7056 0 1 0 0
104385 632188 1 0 1 7074 0 1 0 0
104385 632272 1 0 1 7089 0 1 0 0
282468 620432 0 1 1 0 167 0 1 0
15369 602727 0 1 1 0 1423 0 1 0
15416 611973 0 1 1 0 2648 0 1 0
461020 601003 1 0 1 79 0 1 0 0
461020 603056 1 0 1 525 0 1 0 0
15847 611978 0 1 1 0 1672 0 1 0
15854 91706 1 0 1 461 0 1 0 0
283473 608171 2 0 2 566 0 2 0 0
283473 625022 1 0 1 103 0 1 0 0
283473 626667 1 0 1 403 0 1 0 0
16557 104385 0 1 1 0 6776 0 1 0
16581 19454 0 1 1 0 208 0 1 0
461932 595950 0 1 1 0 133 0 1 0
17043 104385 0 1 1 0 678 0 1 0
106091 622622 0 1 1 0 529 0 1 0
17442 104385 0 1 1 0 3314 0 1 0
17584 22943 0 1 1 0 4956 0 1 0
195724 602727 0 1 1 0 1050 0 1 0
196050 602727 0 1 1 0 1097 0 1 0
18182 104385 0 1 1 0 2048 0 1 0
18305 253679 1 0 1 471 0 1 0 0
18305 601934 1 0 1 106 0 1 0 0
18305 618012 1 0 1 472 0 1 0 0
18305 626146 1 0 1 1972 0 1 0 0
18305 632663 1 0 1 3182 0 1 0 0
197024 529818 0 1 1 0 754 0 1 0
553252 602727 0 1 1 0 670 0 1 0
19022 22057 1 0 1 8 0 1 0 0
19022 22059 1 0 1 8 0 1 0 0
19022 22061 1 0 1 8 0 1 0 0
19034 596071 0 1 1 0 6644 0 1 0
197205 608156 0 1 1 0 4066 0 1 0
19273 104385 0 1 1 0 1975 0 1 0
19491 27710 1 0 1 5251 0 1 0 0
19491 627508 1 0 1 5564 0 1 0 0
108580 158025 0 1 1 0 464 0 1 0
19550 97398 1 0 1 920 0 1 0 0
197634 611746 0 1 1 0 2846 0 1 0
197634 626596 0 1 1 0 186 0 1 0
108615 619786 1 0 1 1387 0 1 0 0
108615 630369 1 0 1 3355 0 1 0 0
19691 26183 0 1 1 0 2434 0 1 0
108859 276364 0 1 1 0 452 0 1 0
465086 598143 1 0 1 34 0 1 0 0
465086 598444 1 0 1 93 0 1 0 0
20499 615511 0 1 1 0 284 0 1 0
109631 452575 1 0 1 1357 0 1 0 0
555073 561742 0 1 1 0 1001 0 1 0
110029 614412 1 0 1 70 0 1 0 0
199326 602727 0 1 1 0 3832 0 1 0
110362 502926 1 0 1 130 0 1 0 0
21615 104385 0 1 1 0 4998 0 1 0
21626 104385 0 1 1 0 5134 0 1 0
110719 631000 1 0 1 87 0 1 0 0
288844 615837 1 0 1 486 0 1 0 0
377952 529818 0 1 1 0 1170 0 1 0
110920 115956 0 1 1 0 1312 0 1 0
22363 607864 1 0 1 612 0 1 0 0
22363 607870 1 0 1 613 0 1 0 0
378645 611778 0 1 1 0 1538 0 1 0
22539 627316 0 1 1 0 627 0 1 0
111818 601581 1 0 1 67 0 1 0 0
111818 606439 1 0 1 1100 0 1 0 0
22943 89188 1 0 1 992 0 1 0 0
22943 612688 0 1 1 0 9 0 1 0
201528 609367 0 1 1 0 3972 0 1 0
380035 602727 0 1 1 0 194 0 1 0
113197 227545 0 1 1 0 1969 0 1 0
202361 207734 1 0 1 2274 0 1 0 0
202361 208507 1 0 1 3039 0 1 0 0
24422 104385 0 1 1 0 6909 0 1 0
113497 599587 1 0 1 1 0 1 0 0
24539 163441 1 0 1 287 0 1 0 0
24607 87529 1 0 1 54 0 1 0 0
24607 87659 1 0 1 1923 0 1 0 0
24607 99813 1 0 1 859 0 1 0 0
24607 111713 1 0 1 3026 0 1 0 0
24607 142414 1 0 1 298 0 1 0 0
24607 199862 1 0 1 129 0 1 0 0
24607 208225 1 0 1 1895 0 1 0 0
24607 296866 1 0 1 526 0 1 0 0
24607 474374 1 0 1 1161 0 1 0 0
24607 559761 1 0 1 2901 0 1 0 0
24607 562981 1 0 1 1268 0 1 0 0
24607 611864 1 0 1 18 0 1 0 0
24607 611949 1 0 1 35 0 1 0 0
24607 612524 1 0 1 155 0 1 0 0
24607 615283 1 0 1 729 0 1 0 0
24607 623147 1 0 1 2192 0 1 0 0
24607 624206 1 0 1 2406 0 1 0 0
24607 628280 1 0 1 3142 0 1 0 0
24880 30792 1 0 1 300 0 1 0 0
24880 610794 1 0 1 129 0 1 0 0
24880 628320 1 0 1 11 0 1 0 0
24880 630190 1 0 1 3834 0 1 0 0
203173 612449 0 1 1 0 150 0 1 0
203421 613144 0 1 1 0 150 0 1 0
25655 612688 0 1 1 0 2395 0 1 0
470877 626596 0 1 1 0 61 0 1 0
25827 602727 0 1 1 0 999 0 1 0
25923 602727 0 1 1 0 1103 0 1 0
26079 104385 0 1 1 0 396 0 1 0
560342 603280 1 0 1 158 0 1 0 0
26128 602727 0 1 1 0 1236 0 1 0
26183 31308 2 0 2 760 0 1.5 0 0
26183 609687 1 0 1 162 0 1 0 0
26183 629061 1 0 1 2044 0 1 0 0
26316 622622 0 1 1 0 272 0 1 0
26514 602727 0 1 1 0 1277 0 1 0
115956 603156 1 0 1 51 0 1 0 0
115956 603354 1 0 1 20 0 1 0 0
115956 603475 1 0 1 43 0 1 0 0
115956 605646 1 0 1 477 0 1 0 0
115956 606431 1 0 1 656 0 1 0 0
115956 607235 1 0 1 802 0 1 0 0
115956 614170 1 0 1 2135 0 1 0 0
27101 104385 0 1 1 0 5201 0 1 0
294438 608156 0 1 1 0 1117 0 1 0
116358 622622 0 1 1 0 200 0 1 0
116616 191034 1 0 1 2136 0 1 0 0
116616 626048 1 0 1 1145 0 1 0 0
116616 626701 1 0 1 1264 0 1 0 0
116616 630309 1 0 1 1920 0 1 0 0
116873 437425 0 1 1 0 1250 0 1 0
28192 104385 0 1 1 0 5229 0 1 0
295582 624399 0 1 1 0 231 0 1 0
117718 141529 0 1 1 0 360 0 1 0
117718 624399 0 1 1 0 1352 0 1 0
28841 597292 0 1 1 0 135 0 1 0
206948 276364 0 1 1 0 812 0 1 0
117911 631208 1 0 1 542 0 1 0 0
385158 609367 0 1 1 0 162 0 1 0
118054 599906 1 0 1 135 0 1 0 0
296366 599901 0 1 1 0 3599 0 1 0
385447 622401 0 1 1 0 316 0 1 0
29326 39580 1 0 1 106 0 1 0 0
29326 56605 1 0 1 193 0 1 0 0
29326 157870 1 0 1 147 0 1 0 0
29326 204448 1 0 1 30 0 1 0 0
29326 384364 1 0 1 101 0 1 0 0
29326 624165 1 0 1 134 0 1 0 0
29326 627517 1 0 1 689 0 1 0 0
29326 630833 1 0 1 1303 0 1 0 0
296653 608156 0 1 1 0 1422 0 1 0
29542 36507 1 0 1 50 0 1 0 0
29542 340995 1 0 1 53 0 1 0 0
29542 480704 1 0 1 47 0 1 0 0
29544 104385 0 1 1 0 5853 0 1 0
118707 602727 0 1 1 0 1701 0 1 0
119114 616152 1 0 1 193 0 1 0 0
30824 602102 1 0 1 27 0 1 0 0
30824 602171 1 0 1 42 0 1 0 0
209061 622622 0 1 1 0 333 0 1 0
387440 602727 0 1 1 0 1325 0 1 0
31308 609687 0 2 2 0 355 0 1.5 0
31407 104385 0 1 1 0 4666 0 1 0
120622 602727 0 1 1 0 1293 0 1 0
209779 622578 1 0 1 32 0 1 0 0
209779 624178 1 0 1 5 0 1 0 0
121014 624399 0 1 1 0 151 0 1 0
121346 282468 1 0 1 93 0 1 0 0
32438 104385 0 1 1 0 896 0 1 0
388855 627525 0 1 1 0 608 0 0.5 0
32845 104385 0 1 1 0 262 0 1 0
121936 626596 0 1 1 0 86 0 1 0
211142 622622 0 1 1 0 131 0 1 0
300315 631248 1 0 1 554 0 1 0 0
389763 529818 0 1 1 0 4991 0 1 0
33716 598726 0 1 1 0 486 0 1 0
212015 606557 1 0 1 439 0 1 0 0
123475 282468 1 0 1 95 0 1 0 0
123475 621458 1 0 1 346 0 1 0 0
212676 611263 1 0 1 24 0 1 0 0
123747 622622 0 1 1 0 255 0 1 0
569157 588066 1 0 1 232 0 1 0 0
569157 614336 1 0 1 1637 0 1 0 0
213063 611778 0 1 1 0 569 0 1 0
124302 602727 0 1 1 0 1313 0 1 0
35925 104385 0 1 1 0 435 0 1 0
36040 602727 0 1 1 0 1461 0 1 0
36078 104385 0 1 1 0 3892 0 1 0
125378 180900 0 1 1 0 64 0 1 0
125378 617489 0 1 1 0 44 0 1 0
125378 621298 0 1 1 0 665 0 1 0
125378 627316 0 1 1 0 198 0 1 0
303506 624820 0 1 1 0 11 0 1 0
125426 529818 0 1 1 0 363 0 1 0
392760 610616 1 0 1 41 0 1 0 0
36609 621593 0 1 1 0 1769 0 1 0
214950 624399 0 1 1 0 1052 0 1 0
125977 627224 1 0 1 42 0 1 0 0
482283 598356 0 1 1 0 636 0 1 0
393274 393602 1 0 1 27 0 1 0 0
37130 611447 0 1 1 0 588 0 1 0
37187 104385 0 1 1 0 1653 0 1 0
37280 602727 0 1 1 0 5698 0 1 0
304520 602717 0 1 1 0 272 0 1 0
37473 597292 0 1 1 0 5898 0 1 0
215563 608316 2 0 2 3695 0 2 0 0
215563 620744 1 0 1 4903 0 1 0 0
393743 621593 0 1 1 0 1 0 1 0
37655 116873 1 0 1 1649 0 1 0 0
37705 622622 0 1 1 0 273 0 1 0
37725 77394 0 1 1 0 264 0 1 0
38076 39928 1 0 1 437 0 1 0 0
38576 104385 0 1 1 0 233 0 1 0
394934 626596 0 1 1 0 668 0 1 0
395186 601705 0 1 1 0 128 0 1 0
573318 603984 0 1 1 0 4155 0 1 0
39138 212015 0 1 1 0 1111 0 1 0
39156 67905 0 1 1 0 2827 0 1 0
217869 611564 1 0 1 315 0 1 0 0
217869 616626 1 0 1 1317 0 1 0 0
40101 85577 1 0 1 596 0 1 0 0
218201 529818 0 1 1 0 245 0 1 0
129227 618424 1 0 1 526 0 1 0 0
396434 602727 0 1 1 0 2642 0 1 0
129460 135548 1 0 1 57 0 1 0 0
129460 631498 1 0 1 231 0 1 0 0
218975 507731 1 0 1 174 0 1 0 0
486160 597292 0 1 1 0 1711 0 1 0
41126 104385 0 1 1 0 3210 0 1 0
130985 598693 0 1 1 0 2719 0 1 0
309665 529818 0 1 1 0 126 0 1 0
42982 260418 0 1 1 0 147 0 1 0
42982 629675 0 1 1 0 22 0 1 0
221277 335804 0 1 1 0 53 0 1 0
132423 605504 1 0 1 1 0 1 0 0
488833 621741 0 1 1 0 730 0 1 0
488833 624399 0 1 1 0 316 0 1 0
577984 604404 1 0 1 379 0 1 0 0
577984 616094 1 0 1 2640 0 1 0 0
43911 602727 0 1 1 0 4753 0 1 0
400191 529818 0 1 1 0 1679 0 1 0
311345 596232 1 0 1 44 0 1 0 0
44743 104385 0 1 1 0 6583 0 1 0
401283 622622 0 1 1 0 330 0 1 0
223307 598356 0 1 1 0 1498 0 1 0
580166 602510 0 1 1 0 1197 0 1 0
46250 135637 0 1 1 0 189 0 1 0
46250 218975 0 1 1 0 1255 0 1 0
46250 620620 0 1 1 0 147 0 1 0
402566 608156 0 1 1 0 4010 0 1 0
46405 626720 1 0 1 1455 0 1 0 0
135637 620889 1 0 1 101 0 1 0 0
46709 104385 0 1 1 0 247 0 1 0
403326 622622 0 1 1 0 588 0 1 0
581495 622622 0 1 1 0 62 0 1 0
47536 55902 1 0 1 439 0 1 0 0
225631 529818 0 1 1 0 4452 0 1 0
47930 499276 0 1 1 0 378 0 1 0
48147 613778 1 0 1 42 0 1 0 0
137372 622622 0 1 1 0 254 0 1 0
493594 602727 0 1 1 0 3147 0 1 0
48390 615560 1 0 1 311 0 1 0 0
226557 626596 0 1 1 0 955 0 1 0
583101 602727 0 1 1 0 3179 0 1 0
137959 622622 0 1 1 0 24 0 1 0
227388 622622 0 1 1 0 209 0 1 0
227504 463943 0 1 1 0 23 0 1 0
405597 603715 1 0 1 790 0 1 0 0
227545 388855 2 0 2 2784 0 1.5 0 0
227545 408473 1 0 1 1709 0 1 0 0
227545 456867 2 0 2 1700 0 1.5 0 0
227545 486214 1 0 1 2168 0 1 0 0
227545 487727 1 0 1 1573 0 1 0 0
227545 579307 1 0 1 749 0 1 0 0
227545 623153 1 0 1 781 0 1 0 0
227545 627525 0 1 1 0 25 0 1 0
227545 627808 0 1 1 0 60 0 1 0
227545 628674 1 0 1 1805 0 1 0 0
227545 629838 1 0 1 2010 0 1 0 0
494841 507800 1 0 1 413 0 1 0 0
228158 602464 0 1 1 0 745 0 1 0
406294 529818 0 1 1 0 2696 0 1 0
51434 624399 0 1 1 0 73 0 1 0
229915 603984 0 1 1 0 684 0 1 0
51911 622538 1 0 1 53 0 1 0 0
141529 142634 1 0 1 1295 0 1 0 0
141529 184848 1 0 1 1346 0 1 0 0
141529 405925 1 0 1 1659 0 1 0 0
141529 624964 1 0 1 210 0 1 0 0
141529 625012 1 0 1 216 0 1 0 0
141529 627577 1 0 1 911 0 1 0 0
141529 630653 1 0 1 1251 0 1 0 0
319857 608156 0 1 1 0 4600 0 1 0
231415 439685 1 0 1 240 0 1 0 0
231415 597821 1 0 1 80 0 1 0 0
231415 599179 1 0 1 368 0 1 0 0
231415 599261 1 0 1 383 0 1 0 0
231415 600816 1 0 1 718 0 1 0 0
231415 608421 1 0 1 2241 0 1 0 0
409827 596590 0 1 1 0 7038 0 1 0
231756 611778 0 1 1 0 3456 0 1 0
142786 143746 1 0 1 81 0 1 0 0
142786 451771 1 0 1 620 0 1 0 0
142786 607058 1 0 1 131 0 1 0 0
142786 611368 1 0 1 917 0 1 0 0
142786 624573 1 0 1 3465 0 1 0 0
142786 626430 1 0 1 3805 0 1 0 0
143362 608156 0 1 1 0 2843 0 1 0
54523 104385 0 1 1 0 5636 0 1 0
589397 602727 0 1 1 0 139 0 1 0
322409 622622 0 1 1 0 93 0 1 0
411636 599047 0 1 1 0 2542 0 1 0
55828 615511 0 1 1 0 146 0 1 0
56185 626730 1 0 1 335 0 1 0 0
145961 602727 0 1 1 0 5691 0 1 0
57128 104385 0 1 1 0 100 0 1 0
413524 602727 0 1 1 0 1995 0 1 0
235696 602370 1 0 1 37 0 1 0 0
592084 624399 0 1 1 0 1382 0 1 0
503251 529818 0 1 1 0 646 0 1 0
58420 104385 0 1 1 0 7053 0 1 0
58603 622622 0 1 1 0 488 0 1 0
147716 627940 0 1 1 0 190 0 1 0
148002 600867 0 1 1 0 4840 0 1 0
59007 529818 0 1 1 0 5028 0 1 0
59019 596071 0 1 1 0 669 0 1 0
326327 614909 1 0 1 62 0 1 0 0
326327 619742 1 0 1 968 0 1 0 0
59627 68570 0 1 1 0 38 0 1 0
59627 602464 0 1 1 0 1230 0 1 0
60527 104385 0 1 1 0 18 0 1 0
60554 104385 0 1 1 0 1553 0 1 0
60575 104385 0 1 1 0 908 0 1 0
60690 104385 0 1 1 0 180 0 1 0
60769 104385 0 1 1 0 653 0 1 0
60774 615511 0 1 1 0 95 0 1 0
60869 104385 0 1 1 0 3547 0 1 0
60887 104385 0 1 1 0 68 0 1 0
60943 104385 0 1 1 0 1753 0 1 0
60995 104385 0 1 1 0 1868 0 1 0
506418 622622 0 1 1 0 137 0 1 0
61559 104385 0 1 1 0 4583 0 1 0
61594 104385 0 1 1 0 4640 0 1 0
61631 104385 0 1 1 0 3663 0 1 0
417795 529818 0 1 1 0 1411 0 1 0
61721 598950 0 1 1 0 41 0 1 0
595983 597305 1 0 1 270 0 1 0 0
596065 596172 1 0 1 23 0 1 0 0
596071 600564 1 0 1 932 0 1 0 0
596071 604066 1 0 1 1663 0 1 0 0
61882 104385 0 1 1 0 2766 0 1 0
596268 598080 1 0 1 371 0 1 0 0
62081 104385 0 1 1 0 3815 0 1 0
62137 187584 0 1 1 0 725 0 1 0
596590 598365 1 0 1 358 0 1 0 0
596590 600572 1 0 1 828 0 1 0 0
596590 601127 1 0 1 958 0 1 0 0
596590 604572 1 0 1 1676 0 1 0 0
596590 604936 1 0 1 1745 0 1 0 0
596590 622988 1 0 1 5222 0 1 0 0
62365 104385 0 1 1 0 900 0 1 0
62365 602727 0 1 1 0 901 0 1 0
62401 104385 0 1 1 0 1050 0 1 0
240499 529818 0 1 1 0 549 0 1 0
62483 104385 0 1 1 0 61 0 1 0
62550 104385 0 1 1 0 4880 0 1 0
596805 628883 1 0 1 6264 0 1 0 0
62569 104385 0 1 1 0 187 0 1 0
596845 602852 1 0 1 1273 0 1 0 0
62616 104385 0 1 1 0 1738 0 1 0
62630 104385 0 1 1 0 303 0 1 0
62663 104385 0 1 1 0 196 0 1 0
62724 104385 0 1 1 0 1391 0 1 0
62726 104385 0 1 1 0 4544 0 1 0
597124 601415 0 1 1 0 572 0 1 0
597124 602727 0 1 1 0 304 0 1 0
62990 104385 0 1 1 0 3641 0 1 0
330122 621148 1 0 1 18 0 1 0 0
597292 602497 1 0 1 1100 0 1 0 0
63120 626596 0 1 1 0 656 0 1 0
597406 601786 1 0 1 924 0 1 0 0
597443 607509 1 0 1 2091 0 1 0 0
63210 104385 0 1 1 0 2331 0 1 0
63233 104385 0 1 1 0 1802 0 1 0
63300 104385 0 1 1 0 1066 0 1 0
63325 104385 0 1 1 0 7028 0 1 0
330573 598925 0 1 1 0 2063 0 1 0
63475 104385 0 1 1 0 1402 0 1 0
597736 598846 1 0 1 240 0 1 0 0
63532 104385 0 1 1 0 713 0 1 0
63564 104385 0 1 1 0 3939 0 1 0
63588 104385 0 1 1 0 3986 0 1 0
152645 626596 0 1 1 0 71 0 1 0
63641 104385 0 1 1 0 5300 0 1 0
419810 624399 0 1 1 0 228 0 1 0
63665 104385 0 1 1 0 2057 0 1 0
63750 104385 0 1 1 0 3044 0 1 0
63764 104385 0 1 1 0 692 0 1 0
63863 104385 0 1 1 0 932 0 1 0
63957 104385 0 1 1 0 2065 0 1 0
63993 104385 0 1 1 0 1799 0 1 0
64015 104385 0 1 1 0 537 0 1 0
64020 104385 0 1 1 0 1122 0 1 0
242143 600463 1 0 1 216 0 1 0 0
64094 104385 0 1 1 0 342 0 1 0
64115 104385 0 1 1 0 857 0 1 0
64117 104385 0 1 1 0 2719 0 1 0
64227 104385 0 1 1 0 2434 0 1 0
598490 614819 1 0 1 3310 0 1 0 0
64383 577984 0 1 1 0 4876 0 1 0
598693 600311 1 0 1 339 0 1 0 0
64494 104385 0 1 1 0 3478 0 1 0
64518 104385 0 1 1 0 517 0 1 0
64522 104385 0 1 1 0 6032 0 1 0
64635 104385 0 1 1 0 32 0 1 0
64648 104385 0 1 1 0 425 0 1 0
64692 104385 0 1 1 0 4392 0 1 0
599047 600417 1 0 1 283 0 1 0 0
599047 600879 1 0 1 392 0 1 0 0
242937 563250 1 0 1 215 0 1 0 0
64860 104385 0 1 1 0 16 0 1 0
64862 104385 0 1 1 0 1794 0 1 0
64899 104385 0 1 1 0 6519 0 1 0
64928 104385 0 1 1 0 2577 0 1 0
64975 104385 0 1 1 0 7192 0 1 0
599269 599585 1 0 1 62 0 1 0 0
599269 601499 1 0 1 476 0 1 0 0
599269 604267 1 0 1 1056 0 1 0 0
599269 607154 1 0 1 1660 0 1 0 0
599269 631632 1 0 1 6276 0 1 0 0
65083 577984 0 1 1 0 4976 0 1 0
65174 104385 0 1 1 0 4364 0 1 0
65334 602464 0 1 1 0 4663 0 1 0
65364 225271 0 1 1 0 32 0 1 0
65391 242937 0 1 1 0 125 0 1 0
65422 104385 0 1 1 0 6198 0 1 0
65444 104385 0 1 1 0 5292 0 1 0
599800 605408 1 0 1 1187 0 1 0 0
65597 225271 0 1 1 0 153 0 1 0
65737 104385 0 1 1 0 3721 0 1 0
600009 602537 1 0 1 551 0 1 0 0
65811 104385 0 1 1 0 2217 0 1 0
65874 104385 0 1 1 0 1196 0 1 0
65926 104385 0 1 1 0 3043 0 1 0
65947 104385 0 1 1 0 956 0 1 0
65950 104385 0 1 1 0 6336 0 1 0
65966 104385 0 1 1 0 4243 0 1 0
600217 608156 0 1 1 0 2935 0 1 0
66003 104385 0 1 1 0 1747 0 1 0
66107 104385 0 1 1 0 46 0 1 0
600374 614463 1 0 1 2844 0 1 0 0
66131 104385 0 1 1 0 5624 0 1 0
66146 104385 0 1 1 0 3997 0 1 0
66171 104385 0 1 1 0 2763 0 1 0
66207 104385 0 1 1 0 409 0 1 0
66234 104385 0 1 1 0 5962 0 1 0
600484 606497 1 0 1 1281 0 1 0 0
600484 609842 1 0 1 1863 0 1 0 0
66397 104385 0 1 1 0 153 0 1 0
66401 104385 0 1 1 0 4082 0 1 0
66461 104385 0 1 1 0 3690 0 1 0
66478 104385 0 1 1 0 3175 0 1 0
66495 104385 0 1 1 0 1777 0 1 0
66509 104385 0 1 1 0 2043 0 1 0
66562 104385 0 1 1 0 5085 0 1 0
66568 104385 0 1 1 0 5880 0 1 0
66617 602727 0 1 1 0 3205 0 1 0
66627 104385 0 1 1 0 3215 0 1 0
66629 104385 0 1 1 0 3529 0 1 0
600926 610195 1 0 1 1827 0 1 0 0
600931 626546 1 0 1 4985 0 1 0 0
601032 604205 1 0 1 656 0 1 0 0
601032 611947 1 0 1 2158 0 0.5 0 0
66918 104385 0 1 1 0 21 0 1 0
66953 104385 0 1 1 0 5239 0 1 0
156051 158025 0 1 1 0 152 0 1 0
67147 104385 0 1 1 0 4764 0 1 0
601415 602750 1 0 1 247 0 1 0 0
601469 626020 1 0 1 4777 0 1 0 0
67225 104385 0 1 1 0 3616 0 1 0
67308 104385 0 1 1 0 802 0 1 0
156394 156441 1 0 1 39 0 1 0 0
156394 608836 1 0 1 224 0 1 0 0
67434 104385 0 1 1 0 254 0 1 0
67521 104385 0 1 1 0 1919 0 1 0
67523 104385 0 1 1 0 2598 0 1 0
67547 104385 0 1 1 0 1099 0 1 0
67661 104385 0 1 1 0 929 0 1 0
67672 104385 0 1 1 0 3520 0 1 0
67685 104385 0 1 1 0 168 0 1 0
245768 626596 0 1 1 0 624 0 1 0
67706 104385 0 1 1 0 1153 0 1 0
67713 104385 0 1 1 0 208 0 1 0
67727 104385 0 1 1 0 4784 0 1 0
67746 104385 0 1 1 0 78 0 1 0
67800 104385 0 1 1 0 6409 0 1 0
67905 625399 1 0 1 1859 0 1 0 0
67905 631577 1 0 1 3182 0 1 0 0
67985 104385 0 1 1 0 658 0 1 0
68020 187584 0 1 1 0 2350 0 1 0
602312 614134 0 2 2 0 33 0 2 0
602312 619158 1 0 1 3317 0 1 0 0
335260 624399 0 1 1 0 1173 0 1 0
68156 104385 0 1 1 0 4469 0 1 0
246312 252316 0 1 1 0 164 0 1 0
602510 610918 1 0 1 1623 0 1 0 0
602510 611414 1 0 1 2108 0 1 0 0
602510 616837 1 0 1 2808 0 1 0 0
68278 104385 0 1 1 0 5706 0 1 0
68322 104385 0 1 1 0 330 0 1 0
68362 602727 0 1 1 0 773 0 1 0
68420 631647 1 0 1 314 0 1 0 0
602727 602854 1 0 1 27 0 1 0 0
602727 603386 1 0 1 148 0 1 0 0
602727 603388 1 0 1 148 0 1 0 0
602727 603398 1 0 1 149 0 1 0 0
602727 603583 1 0 1 191 0 1 0 0
602727 604115 1 0 1 270 0 1 0 0
602727 604177 1 0 1 283 0 1 0 0
602727 604845 1 0 1 429 0 1 0 0
602727 605328 1 0 1 528 0 1 0 0
602727 605487 1 0 1 561 0 1 0 0
602727 606445 1 0 1 779 0 1 0 0
602727 606979 1 0 1 888 0 1 0 0
602727 607561 1 0 1 971 0 1 0 0
602727 607615 1 0 1 983 0 1 0 0
602727 608271 1 0 1 1085 0 1 0 0
602727 609612 1 0 1 1323 0 1 0 0
602727 609861 1 0 1 1376 0 1 0 0
602727 609992 1 0 1 1399 0 1 0 0
602727 610397 1 0 1 1471 0 1 0 0
602727 610683 1 0 1 1649 0 1 0 0
602727 610813 1 0 1 1552 0 1 0 0
602727 610929 1 0 1 1921 0 1 0 0
602727 611530 1 0 1 1693 0 1 0 0
602727 612186 1 0 1 1846 0 1 0 0
602727 612477 1 0 1 1903 0 1 0 0
602727 613466 1 0 1 2110 0 1 0 0
602727 614253 1 0 1 2394 0 1 0 0
602727 614257 1 0 1 2273 0 1 0 0
602727 614852 1 0 1 2401 0 1 0 0
602727 615546 1 0 1 2523 0 1 0 0
602727 618020 1 0 1 3023 0 1 0 0
602727 619040 1 0 1 3196 0 1 0 0
602727 619285 1 0 1 3237 0 1 0 0
602727 620063 1 0 1 3370 0 1 0 0
602727 620614 1 0 1 3467 0 1 0 0
602727 621577 1 0 1 3644 0 1 0 0
602727 622170 1 0 1 3768 0 1 0 0
602727 622175 1 0 1 3769 0 1 0 0
602727 622971 1 0 1 3919 0 1 0 0
602727 623015 1 0 1 3927 0 1 0 0
602727 624088 1 0 1 4144 0 1 0 0
602727 626384 1 0 1 4825 0 1 0 0
602727 626478 1 0 1 4584 0 1 0 0
602727 627288 1 0 1 4735 0 1 0 0
602727 627687 1 0 1 4798 0 1 0 0
602727 628402 1 0 1 4923 0 1 0 0
602727 628732 1 0 1 4988 0 1 0 0
602727 629243 1 0 1 5075 0 1 0 0
602727 629695 1 0 1 5156 0 1 0 0
602727 629933 1 0 1 5198 0 1 0 0
602727 629957 1 0 1 5204 0 1 0 0
602727 630290 1 0 1 5273 0 1 0 0
602727 631210 1 0 1 5445 0 1 0 0
602727 631470 1 0 1 5496 0 1 0 0
602727 631577 1 0 1 5538 0 1 0 0
602727 632669 1 0 1 5734 0 1 0 0
602727 632703 1 0 1 5745 0 1 0 0
602752 603162 1 0 1 98 0 1 0 0
68550 104385 0 1 1 0 3154 0 1 0
246676 602727 0 1 1 0 4256 0 1 0
602888 621510 1 0 1 3600 0 1 0 0
68664 104385 0 1 1 0 4639 0 1 0
68664 608156 0 1 1 0 2093 0 1 0
602952 614489 0 1 1 0 1302 0 1 0
157765 158025 0 1 1 0 242 0 1 0
68780 104385 0 1 1 0 5198 0 1 0
424979 481148 1 0 1 1346 0 1 0 0
424979 626432 1 0 1 347 0 1 0 0
68823 104385 0 1 1 0 4778 0 1 0
68829 104385 0 1 1 0 631 0 1 0
68857 276364 0 1 1 0 393 0 1 0
68880 104385 0 1 1 0 1210 0 1 0
68920 104385 0 1 1 0 828 0 1 0
603318 614794 1 0 1 2252 0 1 0 0
69089 104385 0 1 1 0 505 0 1 0
69119 104385 0 1 1 0 1758 0 1 0
69143 360597 0 1 1 0 94 0 1 0
69227 104385 0 1 1 0 1600 0 1 0
69277 104385 0 1 1 0 969 0 1 0
69292 590688 1 0 1 25 0 1 0 0
603546 604153 1 0 1 98 0 1 0 0
69311 104385 0 1 1 0 790 0 1 0
69317 104385 0 1 1 0 145 0 1 0
69409 104385 0 1 1 0 4445 0 1 0
247579 529818 0 1 1 0 5667 0 1 0
69560 104385 0 1 1 0 500 0 1 0
69648 104385 0 1 1 0 792 0 1 0
336847 564201 0 1 1 0 156 0 1 0
69734 104385 0 1 1 0 1993 0 1 0
603984 604522 1 0 1 131 0 1 0 0
603984 604832 1 0 1 190 0 1 0 0
603984 605876 1 0 1 410 0 1 0 0
603984 614071 1 0 1 1997 0 1 0 0
603984 624084 1 0 1 3907 0 1 0 0
69739 115956 0 1 1 0 714 0 1 0
425908 598693 1 0 1 368 0 1 0 0
69748 104385 0 1 1 0 3228 0 1 0
69799 104385 0 1 1 0 1732 0 1 0
604047 618054 1 0 1 2778 0 1 0 0
69877 104385 0 1 1 0 506 0 1 0
69879 104385 0 1 1 0 900 0 1 0
69903 104385 0 1 1 0 4739 0 1 0
69908 104385 0 1 1 0 6141 0 1 0
604205 611947 2 0 2 2343 0 1.5 0 0
515196 606572 0 1 1 0 4115 0 1 0
70228 611973 0 1 1 0 1489 0 1 0
70267 612024 0 1 1 0 3264 0 1 0
70274 104385 0 1 1 0 3372 0 1 0
70296 104385 0 1 1 0 772 0 1 0
70316 104385 0 1 1 0 121 0 1 0
70357 104385 0 1 1 0 6691 0 1 0
604606 604701 1 0 1 21 0 1 0 0
604642 607749 1 0 1 612 0 1 0 0
604790 613687 1 0 1 1739 0 1 0 0
70584 104385 0 1 1 0 190 0 1 0
70600 104385 0 1 1 0 3017 0 1 0
70632 93901 1 0 1 643 0 1 0 0
70638 104385 0 1 1 0 3595 0 1 0
159868 276364 0 1 1 0 495 0 1 0
70874 602464 0 1 1 0 771 0 1 0
70893 104385 0 1 1 0 3475 0 1 0
159993 626596 0 1 1 0 121 0 1 0
249038 629292 1 0 1 922 0 1 0 0
605207 605519 1 0 1 65 0 1 0 0
605207 624058 1 0 1 3639 0 1 0 0
71016 104385 0 1 1 0 2675 0 1 0
71031 104385 0 1 1 0 491 0 1 0
605283 607067 1 0 1 386 0 1 0 0
605283 614782 1 0 1 1873 0 1 0 0
605325 605794 1 0 1 103 0 1 0 0
71087 104385 0 1 1 0 521 0 1 0
71118 104385 0 1 1 0 889 0 1 0
71165 104385 0 1 1 0 27 0 1 0
71248 104385 0 1 1 0 173 0 1 0
71316 104385 0 1 1 0 2624 0 1 0
71449 77394 0 1 1 0 159 0 1 0
427613 624399 0 1 1 0 515 0 1 0
71645 616988 1 0 1 117 0 1 0 0
249748 457324 0 1 1 0 269 0 1 0
249748 533040 0 1 1 0 58 0 1 0
249748 631401 0 1 1 0 39 0 1 0
71818 104385 0 1 1 0 2154 0 1 0
71822 104385 0 1 1 0 3648 0 1 0
71886 104385 0 1 1 0 4215 0 1 0
72139 104385 0 1 1 0 1710 0 1 0
606536 606658 1 0 1 31 0 1 0 0
606536 606817 1 0 1 64 0 1 0 0
606536 607982 1 0 1 241 0 1 0 0
606536 628188 1 0 1 4091 0 1 0 0
606536 631052 1 0 1 4622 0 1 0 0
606555 609620 1 0 1 283 0 1 0 0
72588 625992 1 0 1 781 0 1 0 0
72625 104385 0 1 1 0 1781 0 1 0
339899 612083 1 1 2 31 486 1 1 0
340000 622622 0 1 1 0 142 0 1 0
162077 624399 0 1 1 0 17 0 1 0
607320 608156 0 1 1 0 430 0 1 0
607330 609422 1 0 1 346 0 1 0 0
73108 104385 0 1 1 0 1906 0 1 0
73128 104385 0 1 1 0 6603 0 1 0
73153 627316 0 1 1 0 95 0 1 0
73247 104385 0 1 1 0 482 0 1 0
73276 104385 0 1 1 0 1831 0 1 0
607590 611579 1 0 1 731 0 1 0 0
73387 104385 0 2 2 0 1878 0 2 0
429569 606536 0 1 1 0 155 0 1 0
73449 104385 0 1 1 0 5771 0 1 0
73533 104385 0 1 1 0 885 0 1 0
73539 104385 0 1 1 0 592 0 1 0
73675 104385 0 1 1 0 1859 0 1 0
607932 609928 1 0 1 360 0 1 0 0
607932 611062 1 0 1 570 0 1 0 0
607932 614777 1 0 1 1359 0 1 0 0
607932 616432 1 0 1 1637 0 1 0 0
607932 619029 1 0 1 2167 0 1 0 0
607932 623904 1 0 1 3083 0 1 0 0
73688 104385 0 1 1 0 1363 0 1 0
162741 603984 0 1 1 0 1278 0 1 0
73722 104385 0 1 1 0 1395 0 1 0
73766 104385 0 1 1 0 653 0 1 0
340995 347627 0 1 1 0 79 0 1 0
340995 597697 0 1 1 0 49 0 1 0
340995 601344 0 1 1 0 79 0 1 0
340995 601428 0 1 1 0 63 0 1 0
340995 611978 0 1 1 0 50 0 1 0
340995 611998 0 1 1 0 2964 0 1 0
340995 619515 0 1 1 0 77 0 1 0
340995 619572 0 1 1 0 74 0 1 0
73895 104385 0 1 1 0 4713 0 1 0
608156 608341 1 0 1 29 0 1 0 0
608156 609293 1 0 1 194 0 1 0 0
608156 610015 1 0 1 337 0 1 0 0
608156 611357 1 0 1 587 0 1 0 0
608156 612322 1 0 1 809 0 1 0 0
608156 613528 1 0 1 1052 0 1 0 0
608156 615509 1 0 1 1680 0 1 0 0
608156 615778 1 0 1 1885 0 1 0 0
608156 617441 1 0 1 1823 0 1 0 0
608156 624686 1 0 1 3650 0 1 0 0
608156 624825 1 0 1 3260 0 1 0 0
73990 104385 0 1 1 0 6919 0 1 0
74126 104385 0 1 1 0 3537 0 1 0
74179 104385 0 1 1 0 5194 0 1 0
608589 628725 0 1 1 0 64 0 1 0
74400 104385 0 1 1 0 813 0 1 0
74400 340995 1 0 1 90 0 1 0 0
74472 104385 0 1 1 0 444 0 1 0
74666 104385 0 1 1 0 5919 0 1 0
74706 104385 0 1 1 0 55 0 1 0
74751 104385 0 1 1 0 746 0 1 0
341880 624399 0 1 1 0 139 0 1 0
74768 104385 0 1 1 0 5137 0 1 0
609065 610702 1 0 1 306 0 1 0 0
74936 104385 0 1 1 0 4522 0 1 0
609278 609758 1 0 1 87 0 1 0 0
75053 104385 0 1 1 0 623 0 1 0
75088 104385 0 1 1 0 4150 0 1 0
609367 609424 1 0 1 9 0 1 0 0
609367 614253 1 0 1 2040 0 1 0 0
609367 618006 1 0 1 1744 0 1 0 0
609367 622480 1 0 1 2553 0 1 0 0
164232 605539 0 1 1 0 57 0 1 0
164232 610892 0 1 1 0 53 0 1 0
164234 605539 0 1 1 0 57 0 1 0
164234 610892 0 1 1 0 53 0 1 0
164236 605539 0 1 1 0 57 0 1 0
164236 610892 0 1 1 0 53 0 1 0
164239 605539 0 1 1 0 57 0 1 0
164239 610892 0 1 1 0 53 0 1 0
164241 605539 0 1 1 0 57 0 1 0
164241 610892 0 1 1 0 53 0 1 0
164245 605539 0 1 1 0 57 0 1 0
164245 610892 0 1 1 0 53 0 1 0
164249 605539 0 1 1 0 57 0 1 0
164249 610892 0 1 1 0 53 0 1 0
164251 605539 0 1 1 0 57 0 1 0
164251 610892 0 1 1 0 53 0 1 0
75220 104385 0 1 1 0 35 0 1 0
75308 104385 0 1 1 0 7091 0 1 0
253390 602727 0 1 1 0 3422 0 1 0
609687 622005 1 0 1 143 0 1 0 0
609687 622564 1 0 1 252 0 1 0 0
342685 624399 0 1 1 0 289 0 1 0
75592 104385 0 1 1 0 1974 0 1 0
75594 104385 0 1 1 0 2124 0 1 0
75600 104385 0 1 1 0 6748 0 1 0
75615 104385 0 1 1 0 6399 0 1 0
75661 104385 0 1 1 0 2688 0 1 0
75719 104385 0 1 1 0 1426 0 1 0
76033 104385 0 1 1 0 3575 0 1 0
76038 104385 0 1 1 0 777 0 1 0
76133 104385 0 1 1 0 3049 0 1 0
76167 104385 0 1 1 0 5357 0 1 0
76186 104385 0 1 1 0 6146 0 1 0
76222 104385 0 1 1 0 382 0 1 0
76272 104385 0 1 1 0 6995 0 1 0
76329 104385 0 1 1 0 5894 0 1 0
76350 104385 0 1 1 0 4671 0 1 0
76416 104385 0 1 1 0 3236 0 1 0
76420 104385 0 1 1 0 292 0 1 0
610731 616143 1 0 1 1078 0 1 0 0
610821 611552 1 0 1 148 0 1 0 0
76622 115956 0 1 1 0 388 0 1 0
76666 612024 0 1 1 0 3408 0 1 0
76827 104385 0 1 1 0 2558 0 1 0
76859 104385 0 1 1 0 820 0 1 0
77014 104385 0 1 1 0 950 0 1 0
77036 104385 0 1 1 0 3749 0 1 0
77131 104385 0 1 1 0 34 0 1 0
77214 623048 1 0 1 1279 0 1 0 0
77308 104385 0 1 1 0 4173 0 1 0
611554 623615 1 0 1 2337 0 1 0 0
611555 612496 1 0 1 204 0 1 0 0
77447 104385 0 1 1 0 1883 0 1 0
77532 104385 0 1 1 0 827 0 1 0
611778 612227 1 0 1 101 0 1 0 0
611778 613169 1 0 1 295 0 1 0 0
611778 613325 1 0 1 325 0 1 0 0
611778 614253 1 0 1 520 0 1 0 0
611778 621057 1 0 1 1793 0 1 0 0
611778 631187 1 0 1 3688 0 1 0 0
611778 631577 1 0 1 3765 0 1 0 0
255632 602727 0 1 1 0 242 0 1 0
77664 104385 0 1 1 0 1476 0 1 0
77673 104385 0 1 1 0 54 0 1 0
611978 613344 1 0 1 286 0 1 0 0
611978 619855 1 0 1 28 0 1 0 0
611978 620635 1 0 1 165 0 1 0 0
611978 621758 1 0 1 372 0 1 0 0
611978 624932 1 0 1 996 0 1 0 0
611978 627116 1 0 1 1399 0 1 0 0
611978 631085 1 0 1 2115 0 1 0 0
77752 104385 0 1 1 0 63 0 1 0
77777 104385 0 1 1 0 2956 0 1 0
612024 613770 1 0 1 363 0 1 0 0
612024 615368 1 0 1 687 0 1 0 0
612024 623293 1 0 1 2166 0 1 0 0
612024 625431 1 0 1 2583 0 1 0 0
77785 104385 0 1 1 0 1756 0 1 0
612058 622666 1 0 1 2044 0 1 0 0
77840 104385 0 1 1 0 75 0 1 0
612355 614123 1 0 1 362 0 1 0 0
78178 104385 0 1 1 0 3596 0 1 0
78279 104385 0 1 1 0 6300 0 1 0
434509 626596 0 1 1 0 500 0 1 0
78391 104385 0 1 1 0 1249 0 1 0
78527 622622 0 1 1 0 415 0 1 0
256661 399069 0 1 1 0 787 0 1 0
78691 104385 0 1 1 0 149 0 1 0
78742 626596 0 1 1 0 79 0 1 0
78792 602727 0 1 1 0 1579 0 1 0
78850 104385 0 1 1 0 1154 0 1 0
78852 104385 0 1 1 0 7147 0 1 0
78860 104385 0 1 1 0 6146 0 1 0
78884 104385 0 1 1 0 2632 0 1 0
78907 104385 0 1 1 0 4775 0 1 0
78916 104385 0 1 1 0 2950 0 1 0
78983 104385 0 1 1 0 1994 0 1 0
79043 104385 0 1 1 0 710 0 1 0
79059 104385 0 1 1 0 99 0 1 0
613401 613404 1 0 1 1 0 1 0 0
435321 609467 1 0 1 1759 0 1 0 0
613415 613460 1 0 1 14 0 1 0 0
79184 104385 0 1 1 0 2016 0 1 0
79354 104385 0 1 1 0 5186 0 1 0
168497 602727 0 1 1 0 1067 0 1 0
79480 104385 0 1 1 0 1753 0 1 0
257700 463943 0 1 1 0 1033 0 1 0
79679 104385 0 1 1 0 2446 0 1 0
79837 104385 0 1 1 0 6868 0 1 0
79874 104385 0 1 1 0 6311 0 1 0
79924 104385 0 1 1 0 1746 0 1 0
79987 104385 0 1 1 0 4803 0 1 0
80215 104385 0 1 1 0 368 0 1 0
614485 614498 0 1 1 0 1 0 1 0
80400 104385 0 1 1 0 3375 0 1 0
80516 104385 0 1 1 0 4914 0 1 0
169563 529818 0 1 1 0 116 0 1 0
614776 616363 1 0 1 269 0 1 0 0
80640 104385 0 1 1 0 1553 0 1 0
80671 104385 0 1 1 0 136 0 1 0
80678 104385 0 1 1 0 3530 0 1 0
614929 625475 1 0 1 1983 0 1 0 0
80691 104385 0 1 1 0 826 0 1 0
614989 615175 1 0 1 40 0 1 0 0
80766 104385 0 1 1 0 47 0 1 0
169929 602727 0 1 1 0 1244 0 1 0
81040 104385 0 1 1 0 292 0 1 0
615423 622578 1 0 1 1344 0 1 0 0
81228 104385 0 1 1 0 21 0 1 0
81261 115956 0 1 1 0 2356 0 1 0
615511 618905 1 0 1 653 0 1 0 0
615511 623756 1 0 1 1561 0 1 0 0
81373 104385 0 1 1 0 589 0 1 0
170428 626596 0 1 1 0 73 0 1 0
81478 104385 0 1 1 0 1449 0 1 0
81551 104385 0 1 1 0 205 0 1 0
81559 104385 0 1 1 0 1843 0 1 0
615863 616060 2 0 2 162 0 2 0 0
81726 104385 0 1 1 0 1916 0 1 0
81728 104385 0 1 1 0 360 0 1 0
81788 104385 0 1 1 0 895 0 1 0
81910 104385 0 1 1 0 564 0 1 0
616246 619829 1 0 1 702 0 1 0 0
616246 621129 1 0 1 929 0 1 0 0
82039 104385 0 1 1 0 566 0 1 0
82083 104385 0 1 1 0 5278 0 1 0
82101 104385 0 1 1 0 758 0 1 0
82260 104385 0 1 1 0 780 0 1 0
82303 104385 0 1 1 0 1721 0 1 0
82364 104385 0 1 1 0 383 0 1 0
82385 104385 0 1 1 0 7065 0 1 0
82408 104385 0 1 1 0 716 0 1 0
82566 104385 0 1 1 0 376 0 1 0
82611 104385 0 1 1 0 6053 0 1 0
616988 618460 1 0 1 297 0 1 0 0
616988 621439 1 0 1 830 0 1 0 0
617019 618467 1 0 1 290 0 1 0 0
617019 620358 1 0 1 617 0 1 0 0
82794 104385 0 1 1 0 3039 0 1 0
617239 624202 1 0 1 1313 0 1 0 0
83072 104385 0 1 1 0 659 0 1 0
83116 104385 0 1 1 0 3083 0 1 0
83122 104385 0 1 1 0 1111 0 1 0
439307 621298 0 1 1 0 935 0 1 0
617454 628632 1 0 1 2070 0 1 0 0
172271 602727 0 1 1 0 1526 0 1 0
83399 104385 0 1 1 0 328 0 1 0
83422 104385 0 1 1 0 637 0 1 0
617686 623487 1 0 1 1072 0 1 0 0
83568 104385 0 1 1 0 4805 0 1 0
83659 104385 0 1 1 0 6782 0 1 0
83678 602727 0 1 1 0 3013 0 1 0
83678 611778 0 1 1 0 600 0 1 0
83740 104385 0 1 1 0 563 0 1 0
83750 104385 0 1 1 0 7087 0 1 0
83838 104385 0 1 1 0 3300 0 1 0
618138 624269 1 0 1 1137 0 1 0 0
83992 104385 0 1 1 0 3976 0 1 0
84026 104385 0 1 1 0 287 0 1 0
84061 104385 0 1 1 0 3116 0 1 0
618426 618756 1 0 1 54 0 1 0 0
84435 104385 0 1 1 0 5982 0 1 0
173490 602727 0 1 1 0 1666 0 1 0
84500 104385 0 1 1 0 1087 0 1 0
84548 617794 1 0 1 1411 0 1 0 0
618795 619166 1 0 1 77 0 1 0 0
529818 602663 1 0 1 207 0 1 0 0
529818 602767 1 0 1 225 0 1 0 0
529818 602858 1 0 1 250 0 1 0 0
529818 602945 1 0 1 272 0 1 0 0
529818 603997 1 0 1 463 0 1 0 0
529818 604239 1 0 1 522 0 1 0 0
529818 604961 1 0 1 674 0 1 0 0
529818 606638 1 0 1 1044 0 1 0 0
529818 606901 1 0 1 1098 0 1 0 0
529818 608591 1 0 1 1360 0 1 0 0
529818 608848 1 0 1 1406 0 1 0 0
529818 609580 1 0 1 1543 0 1 0 0
529818 609747 1 0 1 1569 0 1 0 0
529818 611617 1 0 1 1937 0 1 0 0
529818 611929 1 0 1 2012 0 1 0 0
529818 612203 1 0 1 2072 0 1 0 0
529818 612236 1 0 1 2078 0 1 0 0
529818 612423 1 0 1 2117 0 1 0 0
529818 617891 1 0 1 3220 0 1 0 0
529818 619719 1 0 1 3534 0 1 0 0
529818 622568 1 0 1 4066 0 1 0 0
529818 622798 1 0 1 4110 0 1 0 0
529818 624167 1 0 1 4381 0 1 0 0
529818 626728 1 0 1 4850 0 1 0 0
529818 628628 1 0 1 5189 0 1 0 0
529818 631024 1 0 1 5636 0 1 0 0
529818 631322 1 0 1 5687 0 1 0 0
351762 610349 1 0 1 1074 0 1 0 0
619127 623974 1 0 1 908 0 1 0 0
619138 619582 1 0 1 70 0 1 0 0
84973 104385 0 1 1 0 6525 0 1 0
85228 104385 0 1 1 0 335 0 1 0
85504 99637 1 0 1 327 0 1 0 0
85577 99363 0 1 1 0 947 0 1 0
85577 103723 0 1 1 0 50 0 1 0
85577 154876 0 1 1 0 674 0 1 0
85601 276364 0 1 1 0 205 0 1 0
263780 626596 0 1 1 0 256 0 1 0
85741 104385 0 1 1 0 1526 0 1 0
85938 104385 0 1 1 0 1373 0 1 0
620203 620889 1 0 1 67 0 1 0 0
86008 104385 0 1 1 0 1808 0 1 0
86035 104385 0 1 1 0 6693 0 1 0
264188 622622 0 1 1 0 122 0 1 0
531450 622622 0 1 1 0 970 0 1 0
86368 104385 0 1 1 0 1196 0 1 0
620620 620889 1 0 1 45 0 1 0 0
620662 622622 0 1 1 0 66 0 1 0
86568 104385 0 1 1 0 5405 0 1 0
86704 104385 0 1 1 0 175 0 1 0
620971 627682 1 0 1 1269 0 1 0 0
175849 608156 0 1 1 0 3941 0 1 0
86816 104385 0 1 1 0 5693 0 1 0
86841 104385 0 1 1 0 1510 0 1 0
86912 104385 0 1 1 0 3077 0 1 0
86916 609777 1 0 1 207 0 1 0 0
621298 624979 1 0 1 714 0 1 0 0
621298 627603 1 0 1 1190 0 1 0 0
354191 600298 0 1 1 0 5061 0 1 0
87070 240963 0 1 1 0 696 0 1 0
87216 104385 0 1 1 0 5375 0 1 0
87264 104385 0 1 1 0 6109 0 1 0
354451 385368 1 0 1 1422 0 1 0 0
354451 627912 1 0 1 3034 0 1 0 0
621593 621594 1 0 1 1 0 1 0 0
621593 621596 1 0 1 1 0 1 0 0
621593 621598 1 0 1 1 0 1 0 0
87376 104385 0 1 1 0 2394 0 1 0
87469 104385 0 1 1 0 4210 0 1 0
87558 104385 0 1 1 0 3218 0 1 0
621806 625757 1 0 1 760 0 1 0 0
87744 622622 0 1 1 0 96 0 1 0
622011 622590 1 0 1 112 0 1 0 0
622011 623959 1 0 1 384 0 1 0 0
622011 626233 1 0 1 805 0 1 0 0
87773 394667 0 1 1 0 8 0 1 0
87811 104385 0 1 1 0 6309 0 1 0
87936 104385 0 1 1 0 3301 0 1 0
88024 104385 0 2 2 0 9607 0 2 0
622270 623586 1 0 1 165 0 1 0 0
622270 624174 1 1 2 289 523 1 1 0
622270 627428 0 1 1 0 329 0 1 0
622276 623863 1 0 1 312 0 1 0 0
622276 626326 1 0 1 772 0 1 0 0
622276 628532 1 0 1 1160 0 1 0 0
622276 628806 1 0 1 1212 0 1 0 0
88062 104385 0 1 1 0 2464 0 1 0
88091 104385 0 1 1 0 1809 0 1 0
622365 624399 0 1 1 0 239 0 1 0
622401 622673 1 0 1 46 0 1 0 0
533381 615511 0 1 1 0 545 0 1 0
88191 104385 0 1 1 0 1009 0 1 0
88273 104385 0 1 1 0 822 0 1 0
88284 104385 0 1 1 0 92 0 1 0
622622 622910 1 0 1 56 0 1 0 0
622622 623812 1 0 1 236 0 1 0 0
622622 623865 1 0 1 250 0 1 0 0
622622 624565 1 0 1 380 0 1 0 0
622622 624751 1 0 1 21 0 1 0 0
622622 624801 1 0 1 32 0 1 0 0
622622 624987 1 0 1 63 0 1 0 0
622622 625014 1 0 1 68 0 1 0 0
622622 625044 1 0 1 74 0 1 0 0
622622 625053 1 0 1 75 0 1 0 0
622622 625055 1 0 1 76 0 1 0 0
622622 625093 1 0 1 82 0 1 0 0
622622 625119 1 0 1 88 0 1 0 0
622622 625153 1 0 1 93 0 1 0 0
622622 625183 1 0 1 98 0 1 0 0
622622 625242 1 0 1 106 0 1 0 0
622622 625258 1 0 1 108 0 1 0 0
622622 625373 1 0 1 133 0 1 0 0
622622 625379 1 0 1 134 0 1 0 0
622622 626235 1 0 1 292 0 1 0 0
622622 626278 2 0 2 360 0 2 0 0
622622 627092 1 0 1 20 0 1 0 0
622622 627133 1 0 1 28 0 1 0 0
622622 627183 1 0 1 35 0 1 0 0
622622 627228 1 0 1 40 0 1 0 0
622622 627318 1 0 1 56 0 1 0 0
622622 627374 1 0 1 65 0 1 0 0
622622 627557 1 0 1 96 0 1 0 0
622622 627559 1 0 1 96 0 1 0 0
622622 627596 1 0 1 103 0 1 0 0
622622 627613 1 0 1 105 0 1 0 0
622622 627731 1 0 1 123 0 1 0 0
622622 627756 1 0 1 128 0 1 0 0
622622 627764 1 0 1 129 0 1 0 0
622622 627823 1 0 1 138 0 1 0 0
622622 627837 1 0 1 141 0 1 0 0
622622 627865 1 0 1 148 0 1 0 0
622622 628000 1 0 1 172 0 1 0 0
622622 628266 1 0 1 215 0 1 0 0
622622 628334 1 0 1 227 0 1 0 0
622622 628419 1 0 1 244 0 1 0 0
622622 628435 1 0 1 247 0 1 0 0
622622 628609 1 0 1 281 0 1 0 0
622622 628905 1 0 1 333 0 1 0 0
622622 629022 1 0 1 355 0 1 0 0
622622 629185 1 0 1 381 0 1 0 0
622622 629274 1 0 1 398 0 1 0 0
622622 629282 1 0 1 401 0 1 0 0
622622 629411 1 0 1 426 0 1 0 0
622622 629433 1 0 1 429 0 1 0 0
622622 629960 1 0 1 523 0 1 0 0
622622 630414 1 0 1 619 0 1 0 0
622622 630948 1 0 1 719 0 1 0 0
622622 631208 1 0 1 781 0 1 0 0
622622 631408 1 0 1 800 0 1 0 0
622622 631577 1 0 1 1069 0 1 0 0
622622 632195 1 0 1 961 0 1 0 0
622622 632541 1 0 1 1024 0 1 0 0
622622 632549 1 0 1 1026 0 1 0 0
266609 622622 0 1 1 0 307 0 1 0
266725 607416 0 1 1 0 40 0 1 0
266727 607416 0 1 1 0 40 0 1 0
622973 627090 1 0 1 781 0 1 0 0
622973 630597 1 0 1 1419 0 1 0 0
88765 104385 0 1 1 0 4506 0 1 0
88992 104385 0 1 1 0 1293 0 1 0
356117 626596 0 1 1 0 481 0 1 0
