34 2
106 1
112 1
188 1
194 3
198 1
222 1
245 1
251 1
271 1
291 1
303 3
322 40
358 1
562 1
615 2
631 1
729 1
737 1
744 1
834 1
981 1
989 1
1088 1
1106 1
1284 1
1434 1
1462 1
1465 2
1491 1
1529 2
1595 1
1603 2
1690 1
1701 1
1756 3
1774 1
1872 1
1908 10
1912 4
1973 1
2035 2
2047 1
2091 2
2122 1
2143 1
2154 1
2184 1
2289 1
2330 1
2432 1
2463 1
2514 1
2518 1
2575 1
2577 8
2597 1
2625 2
2635 1
2637 1
2658 1
2689 2
2811 2
2815 1
2865 1
2878 1
2941 1
3015 6
3022 2
3030 1
3073 1
3119 1
3144 1
3191 1
3359 3
3490 1
3546 1
3570 1
3590 1
3637 1
3679 2
3683 2
3712 1
3736 1
3791 1
3856 1
3968 3
3991 1
4006 2
4022 2
4161 1
4206 1
4235 2
4258 1
4262 1
4315 1
4567 1
4627 1
4648 1
4789 1
4853 1
4932 4
4937 2
5001 1
5010 3
5126 1
5139 1
5184 1
5208 1
5374 1
5399 1
5433 2
5503 1
5610 3
5611 1
5677 1
5691 1
5792 2
5832 4
5844 2
5920 1
5932 2
6384 1
6399 3
6443 1
6611 1
6667 2
6668 2
6739 1
6807 1
6829 1
6837 2
6948 1
7060 1
7083 2
7135 1
7180 1
7206 1
7249 3
7361 3
7531 3
7659 1
7675 1
7836 1
7978 1
7979 3
8101 1
8112 3
8126 1
8181 1
8272 2
8333 1
8345 1
8347 1
8349 1
8351 1
8353 1
8355 1
8361 1
8475 2
8518 1
8560 1
8589 1
8662 1
8983 1
8996 1
9030 1
9071 4
9216 1
9261 1
9374 1
9401 1
9438 1
9535 1
9551 1
9607 1
9647 1
9808 1
9846 2
9952 1
9966 2
10025 1
10031 1
10054 1
10070 1
10212 1
10252 1
10370 1
10411 2
10552 1
10776 1
10797 1
11019 2
11057 1
11060 1
11081 1
11142 1
11159 1
11247 2
11414 3
11457 1
11776 1
11892 1
11973 2
12078 2
12127 1
12175 1
12187 1
12313 1
12524 1
12760 1
12824 2
12859 1
12888 1
12940 1
13024 2
13057 1
13237 1
13341 1
13462 1
13723 1
13821 1
13858 1
13872 1
13946 1
13982 1
13992 1
14005 1
14214 1
14230 1
14273 1
14296 1
14380 1
14414 1
14462 1
14569 1
14867 1
14897 1
14989 1
15119 1
15171 1
15182 1
15369 1
15408 1
15416 1
15480 2
15587 1
15592 1
15811 1
15838 1
15847 1
15854 1
16026 1
16094 5
16396 1
16457 1
16546 1
16557 1
16581 1
16807 1
16817 1
17043 1
17442 1
17584 4
17624 4
17680 2
17702 1
17794 1
18060 1
18110 1
18182 1
18305 1
18531 2
18612 1
18703 1
18780 2
18809 1
19010 1
19022 1
19034 1
19087 2
19096 1
19147 1
19200 1
19273 1
19327 1
19334 1
19367 1
19404 1
19454 1
19491 2
19494 1
19550 2
19691 1
19774 1
19785 1
20132 1
20499 1
20584 1
20675 1
20811 1
20967 1
21615 1
21626 1
21644 2
21729 2
22002 1
22021 1
22057 1
22059 1
22061 1
22323 1
22363 1
22539 1
22699 1
22873 2
22943 3
23648 1
23651 1
23665 1
23988 1
24092 1
24099 2
24128 2
24264 1
24379 1
24422 1
24539 2
24607 1
24729 1
24793 2
24797 1
24880 2
25273 1
25495 1
25609 1
25655 3
25827 1
25923 1
26079 1
26089 3
26128 2
26149 1
26183 3
26316 1
26514 1
26587 1
26898 2
27101 1
27581 1
27618 2
27710 1
28192 1
28334 1
28364 1
28403 1
28517 1
28542 1
28643 1
28841 1
28895 1
29091 1
29326 1
29542 7
29544 1
29675 4
29678 1
29784 1
29837 1
30031 1
30111 1
30377 1
30792 4
30824 1
30835 1
30971 1
31308 3
31407 1
31431 1
31602 1
31814 1
32094 1
32095 1
32325 1
32438 1
32595 1
32737 1
32845 1
32887 1
32981 1
33642 1
33716 1
33754 1
33934 1
34191 1
34871 1
34891 1
34952 1
34962 1
35190 1
35925 1
36040 1
36078 1
36507 2
36609 1
37023 1
37130 1
37187 1
37280 1
37473 1
37587 1
37655 1
37705 1
37725 1
37977 1
38076 1
38359 1
38576 1
38782 1
38800 1
38909 1
38914 2
39138 1
39156 1
39344 1
39527 2
39580 1
39751 1
39823 2
39928 1
40079 1
40101 2
40211 1
40232 4
40487 1
40853 1
41126 1
41297 2
41299 1
41573 1
41717 1
42443 1
42456 2
42505 1
42809 1
42927 1
42939 1
42974 1
42982 2
43074 1
43287 1
43911 1
44309 1
44410 1
44728 1
44743 1
44874 1
45011 1
45812 1
45895 1
46094 1
46250 3
46405 1
46709 1
46854 1
47250 2
47415 1
47536 1
47569 1
47681 1
47930 1
48147 1
48160 2
48390 1
48545 1
48835 2
49020 4
49383 1
51434 1
51698 1
51911 1
52031 1
52400 1
52703 1
52865 1
52902 2
52960 1
53403 1
53765 1
53768 1
54486 1
54523 1
54727 1
54934 1
55077 1
55201 1
55470 1
55828 1
55902 1
56118 1
56185 1
56458 1
56515 1
56605 1
56864 1
57128 1
57258 1
57468 1
58420 1
58435 2
58603 1
58632 1
58809 2
59007 1
59019 1
59124 1
59292 1
59621 1
59627 2
59673 1
60527 1
60554 1
60575 1
60690 1
60764 1
60769 1
60774 1
60777 1
60869 1
60887 1
60943 1
60995 1
61314 1
61559 1
61594 1
61631 2
61721 1
61855 1
61882 1
62081 1
62110 1
62137 1
62317 1
62365 2
62401 1
62483 1
62550 1
62562 1
62569 1
62616 1
62630 1
62663 1
62687 1
62724 1
62726 1
62792 1
62849 1
62990 1
63034 1
63120 1
63210 1
63233 1
63300 1
63325 1
63475 1
63532 1
63564 1
63588 1
63641 1
63665 1
63692 1
63750 1
63764 1
63768 1
63863 1
63957 1
63985 1
63993 1
64015 1
64020 1
64094 1
64115 1
64117 1
64227 1
64383 1
64494 1
64518 1
64522 1
64556 1
64635 1
64648 1
64692 1
64860 1
64862 1
64899 1
64928 1
64975 1
65083 1
65162 1
65174 1
65334 2
65364 1
65391 1
65422 1
65444 1
65597 1
65737 1
65811 1
65874 1
65926 1
65947 1
65950 1
65957 1
65966 2
66003 1
66107 1
66131 1
66146 1
66171 1
66207 1
66234 1
66363 1
66397 1
66401 1
66461 1
66478 1
66495 1
66509 1
66562 1
66568 1
66617 1
66627 1
66629 1
66744 2
66918 1
66953 1
67147 1
67225 1
67308 1
67434 1
67521 1
67523 1
67537 1
67547 1
67661 1
67672 1
67685 1
67706 1
67713 1
67727 1
67746 1
67800 1
67905 1
67985 1
68020 1
68156 1
68275 1
68278 1
68322 1
68362 1
68420 1
68550 1
68570 1
68620 1
68664 2
68780 1
68823 1
68829 1
68857 1
68880 1
68890 1
68920 1
69089 1
69119 1
69131 1
69141 1
69143 1
69194 1
69227 1
69277 1
69292 1
69311 1
69317 1
69359 1
69370 1
69395 1
69409 1
69560 1
69648 1
69674 1
69734 1
69739 2
69748 1
69799 1
69877 1
69879 1
69903 1
69908 1
69994 1
70228 1
70267 1
70274 1
70296 1
70316 1
70357 1
70439 1
70584 1
70600 1
70628 1
70632 1
70638 1
70874 1
70880 1
70890 2
70893 1
71016 1
71031 1
71087 1
71118 1
71165 1
71248 1
71316 1
71387 1
71449 1
71645 1
71714 1
71818 1
71822 1
71886 1
72139 1
72248 1
72588 1
72625 1
72819 2
72943 1
73108 1
73128 1
73153 1
73225 2
73247 1
73249 1
73276 1
73344 1
73387 2
73449 1
73533 1
73539 1
73675 1
73688 1
73722 1
73766 1
73776 1
73895 1
73918 1
73990 1
74062 1
74126 1
74179 1
74400 2
74416 1
74472 1
74482 1
74492 1
74627 1
74666 1
74699 1
74706 1
74751 1
74768 1
74785 1
74811 1
74936 1
75053 1
75084 1
75088 1
75220 1
75275 1
75308 1
75321 1
75351 1
75592 1
75594 1
75600 1
75615 1
75661 1
75719 1
75742 2
76033 1
76038 1
76133 1
76167 1
76186 1
76222 1
76252 1
76272 1
76329 1
76350 1
76416 1
76420 1
76435 1
76550 1
76572 3
76620 1
76622 1
76666 1
76693 1
76827 1
76859 1
77014 1
77036 1
77131 1
77214 1
77308 1
77381 1
77394 2
77447 1
77532 1
77620 1
77664 1
77673 1
77752 1
77777 1
77785 1
77840 1
78178 1
78279 1
78313 1
78391 1
78527 1
78691 1
78742 1
78792 1
78813 1
78850 1
78852 1
78860 1
78884 1
78907 1
78916 1
78983 1
79043 1
79050 1
79059 2
79159 1
79184 1
79202 1
79276 3
79352 1
79354 1
79408 1
79480 1
79679 1
79837 1
79874 1
79924 1
79987 1
80215 1
80317 1
80400 1
80516 1
80640 1
80671 1
80678 1
80691 1
80766 1
80773 1
80932 1
80964 1
80980 1
81040 1
81228 2
81261 1
81373 1
81478 1
81551 1
81559 1
81726 1
81728 2
81788 1
81910 1
82039 1
82083 1
82092 1
82101 1
82138 1
82159 2
82260 1
82303 1
82364 1
82385 1
82408 1
82552 1
82566 1
82611 1
82794 1
83072 1
83116 1
83122 1
83399 1
83422 1
83568 1
83659 1
83678 2
83740 1
83750 1
83817 1
83838 1
83992 1
84026 1
84061 1
84292 1
84435 1
84500 1
84548 1
84697 1
84864 1
84973 1
85005 1
85228 1
85504 2
85577 4
85601 1
85741 1
85792 1
85828 1
85903 1
85904 1
85938 1
86008 1
86035 1
86282 1
86368 1
86568 1
86704 1
86816 1
86841 1
86868 1
86912 1
86916 1
87001 1
87070 1
87216 1
87264 1
87376 1
87469 1
87529 1
87558 1
87596 1
87659 1
87744 1
87772 1
87773 1
87811 1
87935 1
87936 1
88024 2
88062 1
88091 1
88191 1
88273 1
88284 1
88320 2
88428 1
88455 1
88471 1
88763 1
88765 1
88857 2
88992 1
89038 1
89188 4
89254 1
89267 1
89504 1
89525 1
89564 1
89647 1
89684 1
89719 1
89733 1
89815 1
89825 1
89834 1
89877 1
89906 1
89936 1
90033 2
90108 1
90174 1
90176 1
90240 1
90248 1
90283 1
90378 1
90431 1
90472 1
90544 1
90647 1
90736 1
90799 1
90901 1
91040 1
91084 1
91088 1
91412 1
91475 1
91659 1
91706 2
91810 1
91863 1
91868 1
91885 1
91974 1
91993 1
92011 1
92085 1
92148 1
92196 1
92218 1
92236 1
92301 2
92306 1
92676 1
92711 1
92785 1
92791 1
92969 1
93055 1
93101 1
93121 1
93140 1
93287 1
93308 1
93512 1
93537 1
93554 1
93739 1
93901 1
93947 1
94146 1
94322 1
94373 1
94507 2
94524 1
94544 1
94948 1
94985 1
95197 2
95199 1
95206 1
95259 1
95379 1
95641 2
95744 1
95874 1
95995 1
96003 1
96005 1
96145 1
96165 1
96183 1
96242 1
96335 1
96394 2
96400 1
96435 1
96443 1
96614 1
96646 1
96663 1
96675 1
96827 1
96835 1
96923 1
97005 1
97020 1
97037 1
97070 1
97283 1
97368 1
97398 1
97467 1
97511 1
97601 1
97715 1
97788 1
98386 1
98468 1
98837 5
98839 2
98850 1
98959 1
99129 1
99165 2
99183 1
99194 1
99205 1
99268 1
99300 1
99350 1
99363 2
99368 1
99423 1
99458 1
99556 1
99637 2
99649 1
99730 1
99783 1
99813 1
99993 1
100011 1
100083 1
100105 1
100214 1
100597 1
100633 1
100656 1
100720 1
100726 1
100728 1
100753 2
100781 1
100912 1
100971 1
101220 1
101310 1
101360 1
101391 1
101412 2
101423 1
101433 1
101760 1
101819 1
101999 1
102012 1
102120 1
102182 1
102192 1
102218 1
102230 1
102264 1
102269 1
102319 1
102332 3
102362 2
102739 1
102835 1
102875 1
102923 1
102943 1
102955 1
102982 1
103238 1
103289 1
103299 1
103454 1
103527 1
103549 1
103723 1
103762 1
103867 1
104072 1
104094 1
104248 1
104283 2
104385 2
104488 1
104563 1
104624 1
104707 1
104780 1
104809 1
104921 1
104963 1
105031 1
105061 1
105072 1
105082 1
105105 1
105143 1
105169 1
105237 1
105452 1
105465 1
105623 1
105651 1
105749 1
105754 1
105759 1
105796 1
105830 1
105975 1
106091 1
106141 1
106238 1
106289 1
106340 1
106406 1
106432 1
106484 1
106502 1
106620 1
106851 1
107037 1
107042 2
107065 1
107138 1
107288 1
107792 1
107883 1
108018 1
108115 1
108152 1
108198 1
108391 1
108430 1
108434 1
108494 1
108580 1
108615 1
108728 1
108838 1
108859 1
109035 1
109120 1
109153 2
109213 1
109227 1
109278 1
109286 1
109316 1
109430 1
109448 1
109472 1
109479 1
109631 1
109654 1
109740 1
109778 2
109810 1
109903 1
109950 1
110029 1
110040 1
110192 1
110200 1
110362 2
110393 1
110422 1
110522 1
110532 1
110539 1
110601 1
110687 1
110719 4
110782 1
110817 1
110909 1
110915 1
110920 2
110942 1
111099 1
111180 1
111249 1
111260 1
111333 1
111338 1
111340 1
111389 1
111582 1
111627 1
111713 2
111726 1
111818 1
111878 1
112026 1
112152 1
112207 1
112243 1
112507 1
112925 1
113043 1
113051 1
113065 1
113197 1
113291 1
113394 2
113418 1
113431 1
113497 1
113540 1
113799 1
113829 1
113844 1
113880 1
114063 1
114144 1
114158 1
114240 1
114469 1
114527 2
114555 2
114904 1
115031 1
115216 1
115503 1
115678 1
115875 1
115956 1
115997 1
116060 1
116277 1
116358 1
116398 1
116433 1
116504 1
116567 1
116616 2
116750 1
116873 2
117009 1
117177 1
117250 1
117438 1
117645 1
117678 1
117718 2
117821 1
117911 2
118054 1
118093 1
118162 1
118182 1
118373 1
118567 2
118596 1
118707 1
118728 1
118814 1
118912 1
118979 1
118986 1
119084 1
119114 2
119849 1
119859 1
120299 1
120613 1
120622 1
121014 1
121236 2
121275 1
121319 1
121324 1
121346 1
121502 1
121712 1
121765 1
121810 1
121845 1
121871 1
121875 1
121933 1
121936 1
121940 2
121984 1
122147 1
122235 1
122253 1
122266 1
122520 1
123044 1
123403 1
123439 1
123449 1
123475 1
123544 1
123565 1
123747 1
123948 1
124210 1
124302 1
124554 1
124689 1
125378 4
125426 1
125464 1
125563 2
125587 1
125647 1
125728 1
125791 1
125845 1
125977 1
126289 1
126447 1
126503 1
126988 1
127006 1
127305 1
127394 1
127473 1
127578 2
127807 1
127902 1
128521 1
128804 1
128814 1
128947 1
129021 1
129090 1
129096 1
129227 3
129460 1
129659 1
129770 1
129984 1
130246 1
130342 1
130574 1
130617 2
130855 1
130985 1
131451 1
131551 1
131722 1
131795 1
131841 1
131934 1
132153 1
132284 2
132311 1
132343 1
132423 1
132629 1
132725 1
133020 1
133177 1
133213 1
133219 1
133612 1
133670 1
133677 1
134036 1
134053 1
134151 1
134347 1
134700 1
134896 1
134946 1
135310 1
135467 1
135485 1
135548 1
135637 1
135682 1
135787 1
135894 1
135966 1
136377 1
136713 1
136858 1
137107 1
137134 1
137169 1
137241 1
137372 1
137538 1
137959 1
137969 1
138046 1
138660 1
138862 1
139091 1
139190 1
139423 2
139487 1
139767 1
140056 1
140096 1
140182 1
140202 1
140441 1
140529 1
140654 1
140881 1
141001 1
141119 1
141305 1
141529 1
141750 1
141833 1
142056 1
142154 1
142183 1
142362 1
142414 1
142634 1
142688 1
142710 1
142786 1
142795 1
142940 1
142998 1
143281 1
143340 1
143362 1
143746 1
144382 1
144456 1
144694 1
144860 1
144862 1
144905 1
144927 1
144993 1
145004 1
145093 2
145587 1
145688 1
145885 1
145961 1
146030 1
146401 1
146690 1
147083 2
147125 1
147273 1
147368 1
147716 1
147819 1
148002 1
148412 1
148798 1
148859 2
149282 1
149401 1
149635 1
150329 1
150455 1
150469 1
150975 1
151292 1
151409 1
151695 1
151789 1
152046 1
152048 1
152050 1
152052 1
152148 1
152161 1
152457 1
152645 1
152675 1
152755 1
153170 1
153307 1
153312 1
153681 4
154506 1
154616 2
154664 1
154699 3
154876 1
154998 1
155013 1
155042 1
155250 1
155477 1
155731 1
156051 1
156394 1
156432 1
156441 1
156869 1
156979 1
157207 1
157214 1
157257 1
157468 1
157542 1
157543 1
157765 1
157870 1
158025 1
158028 1
158081 1
158337 1
158766 2
159202 1
159436 1
159508 1
159601 1
159868 3
159935 1
159993 1
160941 1
161052 1
161291 1
161456 1
161744 1
161916 1
162024 1
162077 1
162230 1
162292 1
162449 1
162457 1
162694 1
162734 1
162741 1
163023 1
163441 1
163758 1
163897 1
163919 1
164153 1
164221 1
164232 2
164234 2
164236 2
164239 2
164241 2
164245 2
164249 2
164251 2
164290 1
164382 1
164515 1
164565 1
165380 1
166086 1
166296 1
166491 1
166961 1
166977 1
167129 1
167482 1
167586 1
167675 1
167883 1
168141 1
168255 1
168497 1
168542 1
168694 1
168880 1
168931 2
168995 1
169073 1
169285 1
169563 1
169843 1
169929 1
170174 1
170333 1
170428 1
170498 1
170510 1
170644 1
170985 1
171204 1
171241 1
171495 1
171507 1
172163 1
172271 1
172361 1
172884 1
173065 1
173463 1
173490 1
173969 1
174002 2
174269 1
174594 1
174746 1
175021 1
175053 1
175310 1
175543 1
175788 1
175849 2
175916 1
176680 1
177330 1
178083 1
178453 1
178484 1
178500 1
178508 1
178664 1
179208 1
179452 1
179595 1
179648 1
179707 1
180009 1
180171 1
180249 1
180642 1
180900 1
180929 1
181066 1
181068 1
181070 1
181072 1
181161 1
181466 1
181518 1
181770 1
181878 1
181902 1
182308 1
182313 1
182331 1
182459 1
183296 1
184028 1
184144 3
184209 1
184327 1
184735 1
184807 1
184848 2
184904 1
185017 1
185138 1
185463 1
186163 1
186244 1
186333 1
186364 1
186642 1
186797 1
187351 1
187487 1
187584 1
187594 1
187832 1
187898 1
188426 1
188729 1
189165 1
189551 1
189621 2
190098 1
190685 1
190909 1
191034 2
191507 1
191629 1
192091 1
192266 1
192391 1
192500 1
192704 1
192856 1
193111 1
193119 1
193640 1
194048 1
194061 1
195058 1
195183 1
195408 1
195703 1
195713 1
195724 1
195878 1
196050 1
196668 1
196742 1
196925 2
197024 1
197168 1
197205 1
197634 2
197669 1
197951 1
197997 1
198198 1
198220 2
198541 1
198779 1
199129 1
199326 1
199788 1
199862 1
200406 1
200558 1
201434 1
201528 1
201556 4
201664 1
201754 1
202345 1
202361 1
203173 1
203421 1
203930 1
204037 1
204238 1
204271 1
204448 1
204666 1
205008 1
206631 1
206789 1
206839 1
206933 1
206948 1
207446 1
207448 1
207734 1
207897 1
208214 1
208225 1
208375 1
208444 1
208507 1
208584 1
208906 1
209061 1
209779 1
209884 1
210058 1
210604 1
210627 1
210702 1
211142 1
212015 2
212126 1
212172 1
212418 1
212676 1
212907 1
213063 1
213369 1
213451 1
214096 1
214735 1
214826 1
214950 1
215300 1
215563 4
215667 1
217122 1
217124 1
217126 1
217131 1
217133 1
217135 1
217137 1
217139 1
217141 1
217143 1
217145 1
217147 1
217149 1
217151 1
217155 1
217157 1
217159 1
217161 1
217163 1
217165 1
217167 1
217169 1
217171 1
217173 1
217175 1
217177 1
217179 1
217181 1
217183 1
217185 1
217187 1
217189 1
217191 1
217193 1
217322 2
217376 1
217869 1
218201 1
218490 1
218975 1
220329 1
221028 1
221168 1
221277 2
221354 2
221381 1
221515 2
221625 1
222729 1
223206 1
223307 1
223406 1
223453 1
223821 1
224389 1
224416 1
224612 1
224656 1
224658 1
224704 1
224951 1
225152 1
225271 2
225445 1
225631 1
225656 1
226092 1
226557 1
226796 1
226848 1
226877 1
226916 1
227208 1
227229 4
227388 1
227504 1
227545 3
227595 1
228158 1
228587 1
228659 1
229273 1
229303 1
229760 1
229915 1
229956 1
230676 1
231160 1
231415 1
231756 1
232209 1
232225 1
232539 1
232578 1
232939 1
232988 1
233611 1
233975 1
234003 1
234095 1
234866 1
234899 1
235053 1
235249 1
235511 1
235549 1
235696 1
236232 1
236379 1
237917 1
238322 1
238584 1
238643 1
239631 1
239667 1
239732 1
240251 1
240322 1
240375 1
240499 1
240508 1
240963 1
241466 1
241561 1
241659 1
242010 1
242113 1
242143 1
242388 1
242937 2
243095 1
243135 1
243674 1
244613 3
244707 1
244708 1
244717 1
245124 1
245768 1
245801 1
246312 1
246676 1
247322 1
247341 1
247579 1
247803 1
247809 1
248395 1
248726 1
249038 1
249226 1
249748 5
249958 1
250058 1
250562 1
250921 1
251031 1
251347 1
252316 1
252320 1
252507 1
252636 1
253390 1
253458 1
253533 1
253559 2
253673 1
253679 2
253876 1
253925 1
254574 1
255181 1
255302 1
255632 1
255908 1
256397 1
256661 1
256781 1
257407 1
257700 2
258896 1
258950 1
259299 1
259350 1
259377 1
259384 1
259887 1
259896 1
260032 1
260124 1
260143 1
260418 1
261116 1
261256 1
261431 1
261435 1
261503 1
261567 1
261693 1
262577 2
262605 1
263042 1
263138 1
263270 1
263780 1
264188 1
264190 1
264326 1
264783 2
264883 3
264912 1
265030 1
265051 1
265838 1
266551 1
266609 1
266725 1
266727 1
267097 1
267367 2
267473 1
268339 1
268420 1
268518 1
269160 1
269417 1
269616 1
269691 1
269905 1
270078 1
270635 2
270757 1
271813 1
272014 1
272295 1
272440 1
272985 1
273071 2
273197 3
273875 1
275748 1
276364 1
276521 1
277150 1
277414 1
277546 1
277600 1
277677 1
277963 2
278353 1
278438 1
278910 1
278998 1
279503 1
281051 1
281747 1
282468 3
282694 1
283311 1
283473 2
284496 1
284721 1
284753 1
285917 1
286094 1
286262 1
286288 1
286774 1
286811 2
287525 1
287622 1
287689 1
288440 1
288844 1
289045 1
289072 1
289426 1
289452 1
289688 1
289893 1
290135 1
290282 1
291023 1
291090 2
291312 1
291317 1
291386 2
291762 1
292235 1
292291 1
292474 1
292762 1
292965 1
293055 1
293637 1
293741 1
293826 1
294188 1
294200 1
294438 2
294876 1
294959 1
294986 2
295183 1
295231 2
295283 1
295313 1
295420 1
295582 1
295667 1
296243 1
296366 1
296653 1
296866 1
297179 1
297359 1
297391 1
297758 1
297764 1
298909 1
299049 1
299121 1
299219 1
299487 1
299952 1
300023 1
300157 1
300178 1
300315 1
300363 1
300619 1
301574 1
301582 1
301688 1
301732 1
301837 1
301850 1
301859 1
302050 1
302251 2
302417 1
303249 1
303260 1
303360 1
303506 1
303670 1
303881 1
304520 1
304978 1
305219 1
305931 1
306886 1
307050 1
307898 1
308043 1
308357 1
308480 2
308521 1
308540 1
308758 1
308854 1
309359 1
309508 1
309665 1
309908 1
309946 1
310130 1
310226 1
310245 1
310437 1
311345 1
311394 1
311460 1
311769 1
312005 1
312126 1
312692 1
313123 1
313562 1
313826 1
314041 1
314144 1
314281 1
315578 1
316283 1
316835 1
317157 1
317689 1
317982 1
318044 1
319410 1
319857 2
320043 1
320077 1
320092 1
320362 1
320804 1
321613 1
321637 1
321757 1
321865 1
321885 1
321963 1
321975 1
321977 1
322239 1
322378 1
322409 1
322513 1
322560 1
322915 1
323043 1
323071 1
323298 1
323350 1
323554 1
323606 1
323732 1
324236 1
324493 1
324597 1
324647 1
324755 1
325189 1
325223 1
325981 1
326132 1
326221 1
326267 1
326327 1
326449 1
326689 1
327119 1
327924 1
328328 1
328491 1
328918 1
329101 1
329524 1
330122 1
330573 1
330615 1
330619 1
330794 1
330977 1
331005 1
331050 1
331969 1
332192 1
332262 1
332351 1
332972 1
333122 2
333126 1
334631 1
334930 1
334959 1
335151 1
335260 1
335804 1
336117 1
336290 1
336847 1
337275 1
337500 1
337624 1
337746 1
337899 3
339300 1
339416 1
339899 2
340000 1
340071 1
340700 1
340778 1
340995 11
341068 1
341390 1
341459 1
341880 1
342082 1
342481 1
342507 1
342685 1
343061 1
343875 2
344424 1
344625 1
344689 1
345358 1
345720 1
346471 1
346493 1
346588 1
347351 1
347627 1
348483 1
348657 1
348901 1
349504 1
349532 1
350498 1
350671 1
350997 1
351126 1
351450 1
351519 1
351762 2
351941 1
352089 2
352299 1
352981 1
353049 1
353421 1
354191 1
354451 1
354506 1
354557 1
355080 1
355616 1
355631 1
355635 1
356117 1
356183 1
356202 1
356474 1
357122 1
357233 1
357320 1
357771 1
357888 1
357896 1
358087 1
358130 1
358224 1
359312 1
360014 1
360597 1
361226 1
361435 1
361519 1
361714 1
361826 1
362218 1
362442 1
362768 1
362952 1
363193 1
363426 1
363476 1
363756 3
363969 1
364321 1
364387 2
364823 1
365826 1
366951 1
367622 1
368245 1
368287 1
368412 1
368742 1
369635 1
369832 1
370152 1
370188 1
370687 1
370924 1
370935 1
371080 1
371604 1
371660 1
371834 1
371850 1
372019 1
372067 1
372145 1
372910 1
373496 1
373732 1
374208 1
374210 1
375779 1
376447 1
376501 1
376725 1
377038 1
377309 1
377952 1
378022 1
378071 1
378092 1
378115 1
378645 1
379119 1
379537 1
379550 1
380035 1
380757 3
380881 1
381283 1
381357 1
381662 1
381803 1
382296 2
382312 1
382498 1
382974 1
383249 1
383651 3
384103 1
384273 1
384293 1
384364 1
384641 1
384879 1
385158 1
385310 3
385323 1
385368 1
385377 1
385447 1
385974 1
386014 1
386306 1
387440 1
387577 1
387930 1
388855 2
389736 1
389763 1
390117 1
390679 1
390942 1
391458 1
391559 1
391816 1
392073 1
392427 1
392760 3
393243 1
393274 1
393602 1
393743 1
394098 1
394282 1
394477 1
394654 1
394667 1
394697 1
394934 1
395186 3
395405 1
395498 1
395846 1
395871 1
396250 1
396356 1
396383 1
396434 1
396478 1
396710 1
396879 1
396897 1
396941 1
397360 1
397453 1
397508 1
397850 1
397938 1
397978 1
399069 2
399581 1
399728 1
400191 1
400593 1
401075 1
401283 1
401462 1
401989 1
402009 1
402221 1
402566 2
403326 1
403459 1
403917 2
404130 1
404437 1
404852 1
405597 1
405925 1
405943 1
406294 1
406379 1
406623 1
406657 1
407246 2
407434 1
407842 1
408040 2
408473 1
408672 1
408791 1
409827 1
411012 1
411250 1
411350 1
411477 1
411636 1
411880 1
412138 1
412480 1
413099 1
413524 1
413678 1
414434 1
415220 1
415527 1
415543 1
416744 1
417795 1
417972 1
418117 1
418493 1
418861 1
419263 1
419405 1
419810 1
420798 1
420885 1
422334 1
422439 1
422659 1
422920 1
423795 1
423809 1
424397 1
424979 1
425488 1
425908 1
425956 1
427237 1
427613 1
427923 1
427946 1
428140 1
428365 1
428421 1
428869 1
429160 1
429569 1
429831 1
429843 1
430337 1
430641 1
430805 1
431481 1
431565 1
432243 1
432614 1
433070 1
433530 1
433531 1
433989 1
434175 2
434509 1
434625 1
434932 1
435094 1
435321 1
436750 1
436975 1
437069 1
437425 1
438490 1
439023 1
439227 2
439272 1
439307 1
439685 1
439706 1
439979 1
441334 1
442925 2
444161 1
444551 1
444770 1
445073 1
446493 2
446779 1
446901 1
448202 1
448785 1
448812 1
450026 1
450040 1
450226 1
450234 1
450327 3
450372 1
450469 1
450890 1
451558 1
451771 1
451931 1
451990 1
452575 1
452704 1
453588 1
455315 1
455926 1
455930 1
456342 2
456867 2
456998 1
457324 2
457417 1
457618 1
457653 1
457910 1
459474 1
459941 1
460726 1
461020 1
461035 1
461199 1
461835 1
461932 1
462370 1
462443 1
462851 1
462868 1
462917 1
462929 1
462954 1
462960 1
462980 1
462998 1
463018 1
463535 1
463893 1
463943 2
464415 1
464420 1
464433 1
464457 1
464461 1
464465 1
464479 1
464494 1
464501 1
464503 1
464539 1
464550 1
464578 1
464580 1
464589 1
464596 1
464614 1
464617 1
464642 1
464669 1
464672 1
464722 1
464735 1
464771 1
464775 1
464790 1
464807 1
464833 1
464840 1
464885 1
464968 1
464969 1
465086 1
465296 1
465356 1
465515 1
465846 1
466246 1
466447 1
466525 1
466551 1
466725 1
466743 1
467267 1
467513 1
467533 1
467551 1
467577 1
467612 1
467618 1
467655 1
467683 1
467850 1
467868 1
467900 1
469010 1
469304 1
469346 1
469392 1
469411 1
469419 1
469461 1
469492 1
469508 1
469521 1
469543 1
469586 1
469599 1
470132 1
470402 1
470877 1
471025 1
471078 2
471221 1
471644 1
471737 1
472399 1
472627 1
472702 1
472859 1
473264 1
473559 1
474374 1
474979 1
475437 1
476692 1
478991 1
480704 1
480766 2
481148 1
481168 2
481873 1
482283 1
482330 2
482653 1
482990 1
484293 1
484532 1
485114 4
486160 3
486214 1
487727 1
487808 1
487845 1
488340 1
488833 2
489874 1
489996 1
490229 1
490273 1
490513 1
490855 1
492276 1
492797 1
492933 1
493594 1
494626 1
494841 1
496270 1
496415 1
497032 1
498103 1
498784 1
499276 1
500181 1
501298 1
501321 1
501687 1
502926 1
503251 1
503565 1
504491 1
505371 1
506418 1
507591 1
507731 1
507800 1
508911 1
509389 1
510500 1
510512 1
511091 1
511442 2
513980 1
514172 1
515196 1
515441 1
517384 1
517520 1
529813 2
529818 1
530289 1
530947 2
531450 1
531717 1
532700 1
532971 1
533040 1
533381 1
533941 1
534494 1
538796 1
544249 1
544667 1
545169 1
545235 1
545820 1
546044 1
547288 1
547782 3
548169 1
548500 1
548960 1
549426 1
550511 1
551571 1
552592 1
553252 1
554648 1
555073 3
555842 1
556140 2
558031 1
559533 1
559761 1
560342 2
561287 1
561507 1
561742 1
562064 1
562130 1
562219 1
562292 1
562816 1
562841 1
562878 1
562981 1
563226 1
563250 1
563826 1
564201 1
564376 2
564384 2
564734 1
564866 1
565602 1
565738 1
565930 1
566350 1
567314 1
567519 1
567713 1
567780 1
568037 1
568468 1
568653 2
568841 1
569157 1
569210 1
570169 1
570448 1
571765 1
572121 1
572689 1
572732 4
572830 1
572838 1
573318 1
573980 1
574679 2
575000 1
575187 1
575233 1
575427 1
575602 1
576036 1
577649 1
577659 1
577984 1
578501 1
578584 2
578936 3
579307 1
579671 1
580166 1
580269 1
580284 2
580618 1
581119 1
581331 1
581450 1
581495 1
582051 2
582063 1
582171 1
582834 1
583101 1
583136 1
583436 1
584101 1
584855 1
585190 2
585421 1
585434 1
585739 1
585758 2
585845 1
586082 1
586381 1
586536 1
586914 1
587088 1
587258 1
587501 1
588066 1
588083 1
588124 1
588247 1
588290 1
588505 1
588996 2
589397 1
589435 1
589594 1
589615 1
589687 1
589744 1
589960 1
590095 1
590178 2
590621 1
590688 1
591303 1
591679 1
592084 1
592121 1
592464 1
592588 1
592767 1
593255 1
593256 1
593432 1
593669 1
593750 1
593997 1
594374 1
594377 1
594415 1
594942 1
595020 1
595226 1
595246 1
595343 1
595354 1
595396 1
595417 2
595525 2
595878 4
595944 1
595950 1
595963 1
595966 1
595967 1
595968 1
595981 1
595983 1
595984 1
595985 1
595986 1
595993 1
596007 1
596008 1
596009 1
596031 1
596033 1
596035 2
596038 1
596054 1
596057 1
596059 1
596065 1
596066 1
596071 1
596072 1
596086 1
596106 1
596121 1
596143 1
596150 1
596151 1
596154 1
596155 2
596169 1
596172 1
596182 1
596194 1
596210 1
596214 1
596228 1
596229 1
596232 1
596240 4
596250 1
596255 1
596260 1
596262 1
596268 1
596269 1
596270 1
596278 1
596296 1
596314 1
596333 1
596344 1
596348 1
596361 1
596379 1
596382 1
596418 1
596420 1
596454 1
596479 1
596481 1
596484 1
596485 1
596500 1
596505 1
596507 1
596517 1
596529 1
596558 1
596570 1
596575 1
596585 1
596588 1
596590 1
596632 1
596636 1
596638 1
596645 1
596646 1
596652 1
596663 1
596670 1
596673 1
596683 1
596688 1
596690 1
596698 1
596701 2
596702 1
596722 1
596723 1
596726 1
596736 1
596756 2
596783 1
596787 1
596805 1
596806 1
596807 1
596831 1
596834 1
596836 1
596839 1
596845 1
596850 3
596857 1
596893 1
596905 1
596916 1
596994 1
597001 2
597002 1
597026 1
597037 1
597044 1
597049 1
597078 1
597080 1
597087 1
597088 1
597119 1
597124 5
597130 1
597140 1
597153 1
597155 1
597158 1
597166 1
597185 1
597186 1
597202 1
597215 1
597248 1
597292 1
597297 1
597305 1
597310 1
597312 1
597331 1
597334 1
597355 1
597359 1
597368 1
597383 1
597386 1
597395 1
597406 1
597407 1
597418 1
597433 1
597436 1
597443 2
597446 1
597459 1
597468 1
597487 1
597505 1
597510 1
597511 1
597514 3
597535 1
597538 1
597550 1
597551 1
597566 1
597574 1
597599 1
597600 2
597607 1
597611 1
597620 1
597637 1
597669 1
597674 1
597686 1
597697 1
597700 1
597724 1
597728 1
597730 1
597736 1
597745 1
597747 1
597758 1
597764 1
597767 1
597768 1
597781 1
597784 1
597785 1
597807 1
597816 1
597821 1
597861 1
597869 2
597874 1
597879 1
597886 1
597893 1
597898 1
597905 1
597922 1
597988 1
598016 1
598034 1
598046 1
598054 1
598071 1
598080 1
598090 1
598106 1
598113 1
598140 1
598143 1
598145 1
598182 1
598190 1
598237 1
598270 1
598283 1
598300 1
598305 1
598313 1
598314 1
598321 1
598322 1
598329 1
598344 1
598356 1
598365 1
598373 1
598424 1
598444 1
598467 1
598485 1
598490 1
598495 1
598504 1
598507 1
598516 1
598522 1
598526 1
598537 1
598589 1
598610 1
598619 1
598622 1
598623 1
598653 1
598680 1
598693 2
598722 1
598726 2
598742 1
598752 1
598753 1
598760 2
598771 1
598779 1
598782 1
598809 1
598816 1
598819 1
598822 1
598838 2
598846 1
598872 1
598882 1
598883 1
598884 1
598910 1
598925 1
598930 1
598950 1
598957 1
598959 1
598966 1
599000 1
599001 1
599047 1
599066 1
599069 1
599072 1
599079 1
599080 1
599086 1
599095 1
599109 1
599129 1
599132 1
599150 1
599152 1
599171 1
599172 3
599178 1
599179 1
599207 1
599208 1
599215 1
599223 1
599241 1
599259 1
599261 1
599266 1
599269 1
599273 1
599288 3
599292 1
599303 1
599344 1
599355 1
599374 1
599375 1
599392 1
599409 1
599414 4
599415 1
599453 1
599471 1
599479 1
599481 1
599490 3
599493 1
599499 1
599500 1
599531 1
599579 1
599585 1
599587 1
599589 1
599606 1
599609 1
599611 1
599615 1
599637 1
599638 1
599654 1
599657 1
599666 1
599681 1
599684 1
599708 1
599735 1
599741 1
599763 1
599774 1
599779 1
599784 1
599789 1
599792 1
599793 1
599795 1
599799 1
599800 1
599830 1
599840 1
599853 1
599858 1
599868 1
599886 1
599889 1
599896 2
599899 1
599901 1
599903 1
599906 1
599928 1
599949 1
599959 1
599972 1
599997 1
600009 1
600017 1
600037 1
600081 1
600090 2
600096 1
600110 1
600132 1
600138 1
600141 1
600147 2
600162 1
600171 1
600172 1
600183 1
600196 1
600200 1
600205 1
600212 1
600217 1
600229 1
600246 3
600250 1
600254 1
600267 1
600293 1
600298 1
600311 1
600339 1
600349 1
600355 1
600367 1
600373 1
600374 1
600375 1
600384 1
600392 1
600398 1
600412 1
600417 1
600423 1
600426 1
600431 1
600434 1
600438 1
600447 1
600451 1
600462 1
600463 1
600470 1
600481 1
600484 1
600535 1
600539 1
600558 1
600559 1
600564 1
600566 1
600572 1
600592 1
600613 1
600624 1
600627 1
600636 1
600639 1
600644 1
600669 2
600685 1
600688 1
600695 1
600697 1
600702 1
600704 1
600713 1
600724 1
600743 1
600744 1
600746 3
600749 1
600758 1
600771 1
600784 1
600785 1
600800 1
600816 1
600820 1
600825 1
600830 1
600841 1
600855 1
600865 1
600867 2
600879 1
600887 1
600888 1
600891 2
600898 1
600911 1
600918 1
600925 1
600926 1
600927 1
600931 1
600936 1
600968 1
600988 1
601003 1
601011 1
601024 1
601032 1
601041 1
601058 1
601061 1
601086 1
601089 3
601107 1
601120 1
601127 1
601164 1
601173 1
601207 1
601233 1
601318 1
601321 1
601330 2
601333 1
601339 1
601344 1
601401 1
601415 2
601428 1
601433 1
601437 1
601451 1
601452 1
601469 1
601499 1
601504 1
601533 2
601539 1
601561 1
601581 1
601591 1
601621 1
601627 1
601648 7
601651 1
601655 1
601687 3
601702 1
601705 1
601723 1
601783 1
601786 2
601792 1
601803 1
601806 1
601819 1
601836 1
601863 1
601864 1
601870 1
601892 1
601895 1
601900 1
601922 1
601934 1
601938 1
601941 1
601942 1
601950 1
601963 1
601969 1
601976 1
601978 2
601987 2
602006 1
602009 1
602011 1
602024 1
602044 1
602047 1
602054 1
602067 1
602072 1
602073 1
602086 1
602089 1
602094 1
602101 1
602102 1
602114 1
602156 1
602160 1
602171 1
602173 1
602178 1
602185 1
602196 1
602203 1
602206 1
602217 1
602231 1
602290 1
602298 1
602307 1
602312 4
602329 1
602332 1
602340 1
602345 1
602370 1
602381 1
602386 1
602428 1
602430 1
602464 2
602469 1
602482 1
602485 1
602497 1
602510 1
602513 1
602514 2
602530 1
602537 1
602548 2
602554 1
602579 1
602580 1
602581 1
602582 1
602583 1
602587 1
602593 1
602596 1
602638 1
602643 1
602644 1
602653 1
602661 1
602663 1
602698 1
602700 1
602703 4
602708 1
602717 1
602721 1
602726 1
602727 1
602734 1
602750 1
602752 1
602755 1
602762 1
602766 1
602767 1
602775 1
602779 1
602803 1
602810 1
602812 1
602817 1
602830 1
602835 1
602851 1
602852 1
602854 1
602858 1
602868 1
602878 1
602888 1
602893 1
602915 1
602923 1
602945 1
602947 1
602952 2
602955 1
602962 1
602971 1
602972 1
602985 1
603004 1
603006 1
603017 1
603040 2
603041 1
603050 2
603056 1
603058 1
603062 1
603072 1
603093 1
603096 1
603105 1
603114 1
603119 1
603154 1
603155 1
603156 1
603162 2
603176 1
603200 1
603210 1
603216 1
603219 2
603224 1
603237 1
603252 1
603280 1
603318 1
603354 1
603364 1
603386 1
603388 1
603398 1
603402 1
603407 1
603412 1
603421 1
603432 1
603442 1
603475 1
603504 1
603508 1
603514 1
603533 1
603535 1
603546 1
603556 1
603562 1
603575 1
603583 1
603641 1
603644 2
603655 1
603665 1
603681 1
603689 1
603696 1
603703 1
603715 1
603733 1
603743 1
603761 1
603796 1
603863 1
603984 1
603997 1
604003 1
604006 1
604010 1
604016 1
604019 1
604025 1
604047 1
604054 1
604056 1
604061 1
604065 1
604066 1
604072 1
604073 1
604106 1
604115 1
604123 1
604131 1
604153 1
604168 1
604173 2
604177 1
604179 1
604205 2
604223 1
604232 1
604235 2
604239 1
604266 1
604267 1
604274 1
604279 1
604283 1
604284 1
604285 1
604288 1
604295 1
604300 1
604307 1
604336 1
604337 1
604347 1
604352 1
604355 1
604358 1
604363 1
604364 1
604382 1
604397 1
604404 1
604408 1
604419 2
604447 1
604448 1
604459 1
604477 1
604506 1
604521 1
604522 1
604525 1
604542 1
604545 1
604557 1
604572 1
604576 1
604591 1
604605 1
604606 1
604607 1
604618 1
604627 1
604631 1
604640 1
604642 1
604644 1
604652 2
604685 1
604691 1
604701 1
604717 1
604718 1
604726 1
604747 1
604748 1
604750 1
604762 1
604775 1
604783 1
604786 1
604788 1
604790 1
604818 1
604828 1
604832 1
604844 1
604845 1
604849 1
604850 1
604867 1
604870 1
604893 1
604895 1
604901 1
604905 1
604906 1
604909 1
604936 1
604948 1
604961 1
604977 1
604979 1
604982 1
605004 1
605005 1
605024 1
605028 1
605044 1
605048 1
605055 1
605065 1
605089 1
605120 1
605127 1
605137 1
605144 1
605145 1
605150 1
605153 1
605163 1
605166 1
605172 1
605180 1
605189 1
605207 1
605229 1
605238 1
605240 1
605252 1
605259 1
605282 1
605283 2
605316 3
605325 1
605328 1
605340 1
605360 1
605370 1
605375 1
605382 1
605403 1
605408 2
605420 1
605460 1
605470 1
605477 1
605487 1
605504 1
605512 1
605519 1
605521 1
605526 1
605539 1
605540 1
605541 1
605542 1
605553 1
605568 1
605601 1
605604 1
605612 1
605620 1
605636 1
605646 2
605671 1
605711 1
605717 1
605756 1
605794 1
605796 1
605799 1
605821 1
605876 1
605914 1
605924 1
605926 1
605928 1
605975 1
605980 1
605982 1
605999 1
606009 1
606020 1
606021 1
606031 1
606050 1
606062 1
606069 1
606082 1
606101 2
606142 1
606143 1
606152 1
606190 1
606213 2
606224 1
606230 1
606242 1
606262 1
606265 1
606277 1
606284 1
606289 1
606297 1
606336 1
606372 1
606373 1
606392 1
606399 1
606400 1
606419 1
606424 1
606429 1
606431 2
606435 1
606436 1
606438 1
606439 1
606445 1
606497 1
606503 1
606504 1
606526 1
606536 1
606555 1
606557 1
606559 1
606564 1
606567 1
606572 1
606573 1
606590 1
606591 1
606627 1
606628 1
606638 1
606648 1
606649 1
606655 1
606658 1
606670 1
606690 1
606718 1
606729 1
606766 1
606795 1
606815 1
606816 3
606817 1
606849 1
606854 1
606881 1
606898 1
606901 1
606917 1
606936 1
606940 1
606968 1
606974 1
606979 1
607005 1
607006 1
607051 1
607056 1
607057 1
607058 1
607066 1
607067 1
607075 1
607077 1
607078 1
607079 1
607100 1
607110 4
607133 1
607144 1
607152 1
607154 1
607177 2
607205 1
607235 1
607255 1
607279 1
607282 1
607289 1
607317 1
607320 1
607330 1
607337 1
607369 1
607416 1
607456 1
607468 1
607509 1
607541 1
607554 1
607560 1
607561 1
607579 1
607586 1
607587 2
607590 1
607602 1
607604 1
607615 1
607619 1
607624 1
607634 1
607715 1
607742 1
607749 1
607778 1
607801 1
607805 1
607820 1
607855 1
607864 1
607869 1
607870 1
607880 1
607885 1
607894 1
607903 1
607909 1
607932 1
607935 1
607938 1
607944 1
607950 1
607955 1
607958 1
607978 1
607981 1
607982 1
607984 1
607990 2
608000 1
608021 1
608080 1
608085 1
608089 1
608099 1
608103 2
608151 1
608156 1
608161 1
608171 3
608179 1
608184 1
608245 1
608271 1
608280 1
608289 1
608297 1
608316 2
608341 1
608370 2
608400 2
608421 1
608429 1
608456 1
608473 1
608486 1
608494 1
608511 1
608552 1
608559 1
608564 1
608589 1
608591 1
608601 1
608610 1
608611 1
608625 1
608632 1
608671 1
608709 1
608736 1
608743 1
608744 1
608755 1
608762 2
608774 1
608781 1
608784 1
608836 1
608848 1
608882 1
608897 1
608907 1
608947 1
608956 1
608971 3
608976 1
608999 1
609023 1
609029 1
609032 1
609035 1
609037 1
609039 1
609056 1
609059 1
609062 1
609065 1
609079 1
609085 1
609112 1
609174 1
609183 1
609187 1
609198 1
609217 1
609229 1
609248 1
609249 1
609255 1
609258 1
609278 1
609289 1
609290 1
609293 1
609305 2
609338 1
609346 1
609367 1
609391 1
609408 1
609421 1
609422 1
609424 1
609438 1
609452 1
609467 1
609476 2
609499 1
609502 1
609513 1
609540 1
609549 1
609576 1
609580 1
609584 1
609600 1
609605 1
609612 1
609620 1
609626 1
609629 1
609631 1
609654 1
609657 1
609683 1
609686 1
609687 3
609690 1
609694 1
609715 1
609726 1
609738 1
609747 1
609753 1
609758 1
609760 1
609763 1
609764 1
609776 1
609777 1
609787 3
609816 1
609819 1
609826 1
609838 1
609842 1
609848 1
609861 1
609877 1
609886 1
609896 1
609901 1
609903 1
609904 1
609921 1
609928 1
609934 1
609979 1
609992 1
609996 1
609999 3
610002 1
610012 1
610015 1
610021 1
610026 1
610038 1
610043 1
610059 1
610077 1
610106 1
610107 1
610121 1
610146 1
610182 1
610192 1
610194 1
610195 1
610253 1
610254 1
610264 1
610267 1
610294 1
610295 1
610319 1
610333 1
610345 1
610348 1
610349 1
610375 1
610378 2
610397 1
610405 1
610420 1
610431 2
610473 1
610486 1
610498 1
610517 1
610536 1
610552 1
610579 1
610587 1
610616 1
610627 1
610669 1
610683 1
610687 1
610690 1
610702 1
610721 1
610731 1
610734 1
610738 1
610778 1
610779 2
610782 1
610791 1
610794 1
610802 1
610813 1
610821 1
610826 1
610832 1
610892 1
610897 2
610912 1
610915 1
610918 1
610929 1
610948 1
610953 1
611000 1
611011 1
611012 1
611016 1
611020 1
611027 1
611051 1
611062 1
611101 1
611112 1
611124 1
611146 1
611155 1
611167 1
611201 1
611214 1
611216 1
611232 1
611236 2
611239 1
611258 1
611263 1
611267 1
611270 1
611275 1
611278 1
611297 1
611305 1
611327 1
611335 1
611341 1
611355 1
611357 1
611367 1
611368 1
611384 1
611401 1
611414 1
611417 1
611447 1
611453 2
611465 1
611470 1
611471 1
611475 1
611499 1
611513 1
611517 1
611530 1
611532 1
611533 1
611552 1
611554 1
611555 1
611563 1
611564 1
611572 1
611579 1
611599 1
611605 1
611609 1
611612 1
611615 2
611617 1
611629 1
611632 1
611653 1
611665 1
611666 1
611671 1
611687 1
611733 1
611740 1
611746 1
611778 1
611779 2
611800 1
611815 2
611823 1
611854 1
611864 1
611876 1
611882 1
611890 1
611891 1
611893 1
611894 2
611907 1
611926 1
611929 1
611935 1
611938 2
611947 2
611949 1
611953 1
611960 1
611973 1
611978 2
611993 1
611994 1
611998 1
612020 1
612024 1
612025 1
612047 1
612058 1
612072 1
612083 2
612098 1
612131 1
612134 1
612144 2
612155 1
612165 1
612166 1
612169 1
612186 1
612203 1
612227 1
612231 1
612236 1
612244 1
612246 1
612258 1
612280 1
612285 1
612294 1
612307 1
612322 1
612339 1
612346 1
612355 1
612367 1
612422 1
612423 1
612427 1
612434 1
612449 1
612450 1
612477 1
612493 1
612496 1
612518 1
612524 1
612531 1
612538 1
612546 1
612547 1
612575 1
612589 1
612609 1
612613 1
612648 1
612688 1
612692 1
612699 1
612725 1
612754 1
612776 1
612777 1
612798 1
612854 1
612859 2
612877 1
612878 1
612880 1
612886 1
612897 1
612901 1
612946 1
612992 1
612995 5
612996 1
613011 1
613012 1
613022 1
613042 1
613068 1
613077 1
613085 3
613103 1
613143 2
613144 1
613148 1
613155 1
613165 1
613169 1
613175 1
613184 2
613185 1
613193 1
613245 1
613247 1
613255 1
613263 1
613280 1
613289 1
613301 2
613302 1
613305 1
613323 1
613325 1
613335 1
613344 1
613352 2
613358 1
613373 1
613393 1
613401 2
613404 1
613415 1
613416 1
613418 1
613428 1
613430 1
613433 1
613453 1
613460 1
613466 1
613497 1
613500 1
613505 1
613506 1
613528 1
613538 1
613562 1
613563 1
613587 1
613588 1
613616 1
613620 1
613622 1
613627 1
613665 1
613687 1
613704 1
613708 1
613713 1
613723 1
613742 1
613743 1
613747 1
613748 1
613749 1
613752 1
613758 1
613770 1
613778 1
613781 1
613782 1
613799 1
613814 2
613828 1
613835 1
613851 1
613853 1
613865 1
613870 1
613874 1
613886 1
613903 1
613912 1
613923 1
613925 1
613966 1
613970 1
613980 1
613995 1
614011 1
614033 1
614041 1
614044 1
614050 1
614071 1
614101 1
614104 1
614123 1
614125 1
614126 1
614134 2
614170 1
614174 1
614184 1
614201 1
614202 1
614230 1
614235 1
614253 3
614257 1
614278 1
614334 1
614336 1
614343 1
614348 1
614371 1
614394 1
614411 1
614412 2
614428 1
614432 1
614440 1
614449 1
614463 1
614467 1
614469 1
614481 1
614482 1
614484 1
614485 2
614489 1
614498 1
614501 1
614506 1
614509 1
614522 1
614527 1
614536 1
614565 1
614579 1
614597 1
614622 1
614635 1
614639 1
614651 1
614656 1
614657 1
614661 1
614705 1
614743 1
614759 1
614766 1
614776 1
614777 1
614780 1
614782 1
614794 1
614812 1
614819 1
614825 1
614849 1
614850 2
614852 1
614889 1
614909 1
614918 1
614929 1
614938 1
614941 1
614949 1
614955 1
614989 1
614992 1
615005 1
615031 2
615038 1
615064 1
615070 1
615073 2
615088 1
615099 1
615145 1
615153 1
615175 1
615181 1
615183 1
615224 1
615230 1
615245 1
615253 1
615255 1
615258 1
615260 1
615262 1
615276 1
615283 1
615296 1
615298 1
615300 1
615302 1
615316 1
615322 1
615341 1
615344 1
615350 1
615360 1
615362 2
615367 1
615368 1
615376 1
615379 1
615384 1
615386 1
615403 1
615408 1
615412 1
615415 1
615417 1
615423 1
615424 1
615431 1
615432 1
615439 1
615443 1
615465 1
615469 1
615475 1
615478 1
615498 1
615508 1
615509 2
615511 1
615515 1
615532 1
615543 1
615545 1
615546 1
615560 1
615566 1
615579 1
615587 1
615606 1
615607 1
615613 1
615621 1
615626 1
615632 1
615634 1
615638 1
615655 1
615660 1
615668 1
615669 1
615678 1
615682 1
615693 1
615713 1
615717 1
615719 1
615727 1
615763 1
615766 1
615768 1
615774 1
615776 1
615778 2
615780 1
615784 1
615796 1
615803 1
615811 1
615819 1
615820 1
615824 1
615830 1
615835 1
615837 1
615841 1
615847 1
615857 1
615861 1
615863 2
615865 1
615876 1
615889 1
615906 1
615908 1
615920 1
615928 1
615937 1
615946 1
615966 1
615970 2
615972 1
615981 1
615987 1
615991 1
616017 1
616018 1
616023 1
616033 1
616039 1
616041 1
616060 2
616066 1
616078 1
616094 1
616098 1
616130 1
616142 1
616143 1
616152 1
616154 1
616157 1
616158 1
616172 1
616187 1
616196 1
616241 1
616246 1
616258 1
616265 1
616276 1
616318 1
616349 1
616354 1
616363 1
616367 1
616383 1
616390 1
616393 1
616395 1
616396 1
616432 1
616436 1
616451 1
616472 1
616473 1
616482 2
616498 1
616518 1
616549 1
616550 1
616561 1
616576 1
616585 1
616592 1
616601 1
616612 1
616613 1
616624 1
616626 1
616628 1
616633 1
616635 1
616649 1
616650 1
616654 1
616657 1
616660 1
616670 1
616680 1
616681 1
616685 1
616706 1
616764 1
616767 1
616774 1
616800 2
616813 1
616824 1
616830 1
616837 1
616852 1
616869 1
616896 1
616916 1
616927 1
616980 1
616986 1
616988 2
617001 2
617019 1
617031 1
617032 1
617035 1
617044 1
617047 1
617074 1
617075 1
617106 1
617114 1
617124 2
617160 1
617161 1
617172 1
617185 1
617188 1
617195 1
617214 1
617221 1
617228 1
617239 1
617240 1
617266 1
617269 1
617295 1
617310 1
617331 1
617347 1
617379 1
617403 1
617410 1
617421 1
617424 1
617431 1
617436 1
617438 1
617441 1
617454 1
617462 1
617472 1
617474 1
617489 1
617501 1
617536 1
617553 1
617576 1
617587 1
617640 1
617644 1
617647 1
617664 1
617665 1
617666 1
617674 1
617686 1
617690 1
617696 1
617704 1
617708 2
617718 1
617736 1
617764 1
617765 2
617768 1
617794 1
617801 1
617803 1
617814 2
617824 1
617847 1
617855 1
617869 1
617873 1
617878 2
617891 1
617893 1
617930 1
617946 1
617951 1
617983 1
617984 1
618003 1
618006 1
618012 1
618020 1
618048 1
618052 1
618054 1
618071 1
618073 1
618077 1
618086 1
618090 1
618098 1
618100 1
618101 1
618105 1
618117 1
618123 1
618131 1
618132 1
618138 1
618151 1
618159 1
618161 1
618162 1
618167 1
618178 1
618182 1
618184 1
618188 1
618195 1
618197 1
618199 1
618203 1
618211 1
618213 1
618233 1
618251 1
618254 1
618258 1
618262 1
618274 1
618278 1
618282 1
618285 1
618294 1
618297 1
618300 1
618306 1
618308 1
618309 1
618312 1
618314 2
618320 1
618322 1
618323 1
618341 1
618347 1
618350 1
618419 1
618422 1
618424 1
618426 1
618435 1
618460 1
618466 1
618467 1
618469 2
618480 1
618485 2
618492 1
618495 1
618497 1
618498 1
618512 1
618516 1
618525 1
618536 1
618542 1
618545 1
618549 1
618556 1
618560 1
618574 1
618576 1
618578 1
618580 1
618583 1
618591 1
618599 1
618605 1
618612 1
618624 1
618628 1
618636 1
618639 1
618649 1
618660 1
618668 1
618674 1
618690 1
618699 1
618704 1
618714 1
618720 1
618726 1
618744 1
618756 1
618769 1
618775 1
618780 1
618782 1
618795 1
618798 1
618832 1
618840 1
618845 1
618858 1
618868 1
618896 1
618905 1
618909 1
618921 1
618933 1
618958 1
618964 1
618965 1
618967 1
618975 1
618976 1
618992 1
619029 1
619031 2
619040 1
619059 1
619064 1
619069 1
619073 1
619075 1
619092 1
619095 2
619127 1
619128 1
619129 1
619138 1
619139 1
619158 1
619166 1
619170 1
619176 1
619181 1
619203 1
619205 1
619207 1
619210 1
619213 1
619214 1
619216 1
619242 1
619245 1
619246 1
619285 1
619293 1
619326 1
619336 1
619340 1
619365 1
619370 1
619386 1
619395 1
619426 1
619445 1
619446 1
619447 1
619461 1
619509 1
619515 1
619518 1
619546 1
619547 1
619553 1
619554 1
619572 1
619581 1
619582 1
619606 1
619615 1
619630 1
619639 1
619676 1
619708 2
619719 1
619730 1
619739 1
619742 1
619748 2
619786 1
619790 1
619794 1
619797 1
619829 1
619831 1
619836 1
619841 1
619855 1
619863 1
619865 1
619867 1
619924 1
619966 1
619998 1
620001 1
620040 1
620058 1
620063 1
620109 1
620147 1
620203 2
620204 1
620225 1
620230 1
620254 1
620338 1
620358 1
620364 1
620417 1
620431 1
620432 1
620448 1
620449 1
620467 1
620471 1
620478 1
620493 1
620498 1
620507 2
620576 1
620595 1
620608 1
620613 1
620614 1
620620 1
620625 1
620632 1
620635 1
620645 1
620655 1
620662 1
620667 1
620692 1
620700 1
620729 1
620730 1
620736 1
620737 1
620744 1
620772 1
620786 1
620825 1
620847 1
620889 3
620896 1
620899 1
620908 1
620966 1
620971 1
620981 1
620984 1
620991 1
620995 1
620996 1
621016 2
621023 1
621057 1
621063 1
621064 1
621077 1
621078 1
621113 1
621129 1
621145 1
621148 1
621152 1
621156 1
621157 1
621158 1
621176 1
621190 1
621191 1
621196 1
621225 1
621232 1
621233 1
621258 1
621277 1
621298 1
621314 1
621341 1
621348 1
621349 1
621369 1
621372 1
621397 2
621415 1
621421 1
621438 1
621439 1
621452 1
621458 1
621479 1
621489 1
621501 1
621510 1
621512 2
621528 1
621534 1
621535 1
621540 1
621577 1
621591 1
621593 1
621594 1
621596 1
621598 1
621620 1
621627 1
621647 1
621653 1
621682 1
621685 2
621694 3
621728 1
621741 1
621744 2
621745 1
621755 1
621758 1
621780 1
621790 1
621806 1
621828 1
621850 1
621857 1
621879 1
621886 1
621923 1
621930 1
621937 1
621938 2
621949 1
621952 1
621957 1
621962 2
621968 1
621969 1
621971 1
621982 1
621983 1
622002 1
622005 1
622011 1
622039 1
622043 1
622059 1
622097 1
622098 2
622111 1
622115 1
622119 1
622142 1
622157 1
622160 1
622170 1
622175 1
622181 1
622182 1
622183 1
622189 1
622200 1
622233 1
622254 1
622260 1
622263 1
622266 1
622270 3
622276 1
622282 1
622291 1
622306 1
622334 1
622364 1
622365 1
622389 1
622401 1
622424 1
622435 1
622438 1
622446 1
622467 1
622480 1
622493 1
622495 1
622534 1
622535 1
622538 1
622553 1
622555 1
622556 1
622564 1
622568 1
622578 2
622590 1
622614 1
622622 3
622627 1
622632 1
622653 1
622666 1
622672 1
622673 1
622682 1
622705 1
622726 1
622776 1
622798 1
622804 1
622813 1
622818 1
622832 2
622840 1
622848 1
622854 1
622906 1
622910 1
622925 1
622931 1
622940 2
622944 1
622946 1
622971 1
622973 1
622987 1
622988 1
623010 1
623015 1
623047 1
623048 1
623052 1
623059 1
623089 1
623092 1
623099 1
623108 1
623123 1
623124 1
623129 1
623147 1
623153 1
623164 1
623170 1
623179 1
623213 1
623219 2
623232 2
623241 1
623246 1
623256 1
623261 1
623263 1
623264 1
623267 1
623274 1
623282 1
623293 1
623304 1
623308 1
623361 1
623372 1
623410 1
623411 1
623412 1
623428 1
623429 1
623448 1
623449 1
623450 1
623483 1
623487 1
623534 1
623556 1
623579 1
623586 1
623601 1
623608 1
623612 1
623613 1
623615 1
623617 1
623622 1
623625 1
623629 1
623638 1
623640 1
623643 1
623648 1
623664 1
623667 1
623671 1
623674 1
623675 1
623688 1
623700 1
623752 1
623756 3
623787 1
623794 1
623812 1
623814 1
623839 1
623843 1
623846 1
623863 1
623865 1
623879 1
623885 1
623889 1
623904 1
623954 1
623955 1
623959 1
623969 1
623974 1
623981 1
623988 1
624008 1
624010 1
624014 1
624017 1
624020 1
624025 1
624030 1
624034 1
624045 1
624058 1
624064 1
624071 1
624084 1
624086 1
624088 1
624111 1
624130 1
624165 1
624167 1
624169 1
624174 2
624178 1
624202 1
624206 1
624208 1
624247 1
624253 1
624256 1
624269 1
624292 1
624344 2
624348 1
624385 1
624395 1
624398 1
624399 1
624430 1
624444 1
624454 1
624476 1
624479 1
624490 1
624504 1
624524 2
624531 1
624537 1
624553 1
624556 1
624565 1
624573 1
624575 1
624576 1
624582 1
624589 1
624593 1
624594 1
624618 1
624624 1
624626 1
624628 1
624645 1
624686 4
624690 1
624707 1
624733 1
624743 1
624751 1
624763 1
624769 1
624770 1
624773 1
624788 1
624791 1
624801 1
624810 1
624816 1
624820 1
624825 3
624833 1
624849 1
624859 1
624866 1
624881 1
624889 1
624898 1
624906 1
624919 1
624926 1
624932 1
624938 1
624947 1
624948 2
624959 1
624964 1
624970 1
624972 1
624979 1
624987 1
624994 1
624999 1
625012 1
625014 1
625022 1
625030 1
625044 1
625046 1
625052 1
625053 1
625055 1
625057 2
625074 1
625079 1
625091 1
625093 2
625119 1
625122 1
625123 1
625127 1
625132 1
625148 1
625153 1
625183 1
625224 1
625241 1
625242 1
625258 1
625265 1
625266 1
625273 2
625274 1
625280 1
625282 1
625287 1
625295 1
625317 2
625328 1
625331 1
625349 1
625370 1
625373 1
625379 1
625399 1
625405 1
625413 2
625431 1
625449 1
625461 1
625462 1
625472 1
625475 1
625479 1
625482 1
625487 1
625488 1
625489 1
625518 1
625527 2
625538 2
625547 1
625553 1
625578 1
625585 1
625602 1
625613 1
625634 1
625643 2
625651 1
625662 1
625713 1
625715 1
625718 2
625722 1
625737 1
625748 1
625757 1
625774 1
625785 1
625795 1
625822 1
625834 1
625837 1
625848 1
625871 1
625888 1
625916 1
625922 1
625945 1
625962 1
625963 1
625971 1
625973 1
625989 1
625992 1
625994 2
626005 1
626020 1
626031 1
626045 1
626048 1
626054 1
626070 1
626101 1
626126 1
626127 1
626128 1
626129 1
626134 1
626139 1
626146 1
626162 1
626201 1
626204 1
626205 1
626233 1
626235 1
626237 1
626241 1
626247 1
626269 1
626278 2
626295 1
626301 1
626306 1
626308 1
626326 1
626360 1
626375 1
626384 1
626401 1
626404 1
626414 1
626415 1
626430 1
626432 1
626442 1
626455 1
626458 1
626466 1
626478 1
626492 1
626505 1
626512 1
626546 1
626548 1
626577 1
626596 1
626597 1
626599 1
626622 1
626625 1
626635 2
626638 1
626653 1
626667 1
626678 1
626698 1
626701 1
626707 1
626720 1
626728 1
626730 1
626768 1
626773 1
626779 1
626789 1
626793 2
626802 1
626805 1
626807 1
626808 1
626812 1
626820 1
626823 1
626824 1
626827 1
626834 1
626843 1
626846 1
626850 1
626863 1
626865 1
626879 1
626882 1
626885 1
626902 2
626908 1
626923 1
626940 1
626966 1
627003 1
627026 1
627030 1
627036 1
627042 1
627049 1
627058 1
627059 1
627074 2
627076 1
627090 1
627092 1
627096 1
627104 1
627116 1
627120 1
627130 1
627133 1
627139 1
627171 1
627174 1
627183 1
627187 1
627199 1
627224 1
627228 1
627251 1
627256 1
627262 1
627271 1
627284 1
627288 1
627310 1
627316 1
627318 1
627336 1
627370 1
627374 1
627384 1
627391 1
627392 1
627402 2
627416 1
627422 1
627425 1
627428 1
627453 1
627454 1
627456 1
627463 1
627477 1
627478 1
627491 1
627495 1
627508 1
627516 1
627517 1
627521 1
627522 1
627525 1
627526 1
627532 1
627539 1
627549 1
627557 1
627559 1
627567 1
627577 1
627581 1
627596 1
627598 3
627603 2
627613 1
627619 1
627623 1
627630 1
627641 1
627651 1
627656 1
627678 1
627680 1
627682 1
627684 1
627687 1
627689 1
627702 1
627718 1
627730 1
627731 1
627756 1
627764 1
627785 1
627808 1
627823 1
627837 1
627853 1
627864 2
627865 1
627867 1
627875 1
627891 1
627898 1
627899 1
627912 1
627916 1
627920 1
627940 1
627941 1
627944 1
627951 1
627956 1
627963 1
627965 1
627979 1
627981 1
627994 1
627997 1
628000 1
628012 1
628045 1
628046 1
628079 1
628081 1
628099 1
628104 1
628113 1
628161 1
628169 1
628188 1
628211 1
628225 1
628266 1
628272 1
628280 1
628286 1
628320 1
628334 1
628342 1
628369 1
628384 1
628393 1
628402 1
628414 1
628419 1
628431 1
628435 1
628449 1
628450 1
628487 1
628504 1
628508 1
628532 1
628558 1
628560 1
628581 1
628601 1
628603 1
628606 1
628609 1
628611 1
628628 1
628632 1
628646 1
628663 1
628667 1
628668 1
628674 1
628684 1
628686 1
628689 1
628697 1
628713 1
628715 1
628716 1
628725 1
628728 1
628732 1
628752 1
628759 1
628773 1
628776 1
628782 1
628783 1
628802 1
628806 1
628818 1
628839 1
628851 1
628857 1
628861 1
628864 1
628871 1
628881 1
628883 1
628895 1
628905 1
628918 1
628932 1
628937 1
628943 2
628955 1
628962 1
628975 1
629021 1
629022 1
629028 1
629031 1
629061 1
629111 1
629114 1
629116 1
629130 1
629134 1
629141 1
629154 1
629182 1
629185 1
629200 1
629209 1
629216 1
629243 1
629255 1
629264 1
629271 1
629274 1
629282 1
629292 1
629295 1
629305 1
629306 1
629308 1
629337 1
629345 1
629349 1
629362 1
629374 2
629411 1
629421 1
629430 1
629433 1
629437 1
629452 1
629456 1
629464 1
629468 1
629492 1
629496 1
629497 1
629538 2
629551 1
629555 1
629556 1
629563 1
629581 1
629587 1
629623 1
629629 1
629640 1
629650 1
629661 1
629663 1
629672 1
629675 1
629679 1
629681 1
629682 1
629695 1
629713 1
629714 1
629738 1
629741 1
629760 1
629764 1
629774 1
629793 1
629798 1
629801 1
629834 1
629838 1
629855 1
629856 1
629881 1
629884 1
629896 1
629905 1
629912 1
629929 1
629931 1
629933 1
629947 2
629948 1
629949 1
629957 1
629960 1
629970 1
629972 1
629973 1
629976 1
630005 1
630012 1
630026 1
630033 1
630046 1
630054 1
630057 1
630059 1
630068 1
630078 1
630090 1
630094 1
630101 1
630111 1
630117 1
630118 1
630168 1
630190 1
630198 2
630210 1
630212 1
630215 1
630217 1
630235 1
630246 1
630248 1
630255 1
630259 1
630279 1
630288 1
630290 1
630298 1
630309 1
630313 1
630314 1
630315 1
630316 1
630318 1
630336 1
630338 1
630355 1
630364 1
630369 2
630380 1
630381 1
630384 1
630385 1
630398 1
630403 1
630407 1
630408 1
630410 1
630411 1
630414 1
630423 1
630434 1
630439 1
630444 1
630447 1
630457 1
630458 1
630462 1
630471 1
630487 1
630493 1
630504 1
630514 1
630527 1
630544 1
630560 1
630563 1
630582 1
630585 1
630588 1
630589 1
630592 1
630597 1
630601 1
630612 1
630625 1
630653 1
630677 1
630680 1
630681 1
630682 1
630691 1
630697 1
630723 1
630741 1
630745 1
630761 1
630787 1
630817 1
630833 1
630835 1
630869 1
630915 1
630929 1
630948 1
630960 1
630981 1
630993 1
631000 1
631016 1
631024 1
631052 1
631065 1
631078 1
631080 1
631083 1
631085 1
631112 1
631114 1
631115 1
631124 1
631145 1
631154 1
631155 2
631156 1
631168 1
631187 1
631191 2
631196 1
631197 1
631208 2
631210 1
631232 1
631233 1
631234 1
631247 1
631248 1
631260 1
631281 1
631301 1
631307 1
631314 1
631322 1
631324 1
631328 1
631339 1
631345 1
631348 1
631361 1
631368 1
631370 1
631375 1
631383 1
631384 1
631386 1
631401 1
631408 1
631426 1
631430 1
631431 1
631465 1
631470 1
631490 1
631495 1
631498 1
631508 1
631518 1
631519 1
631524 1
631526 1
631529 1
631536 1
631540 1
631546 1
631568 1
631577 4
631579 1
631585 1
631592 1
631595 1
631601 1
631610 1
631611 1
631612 1
631619 1
631628 1
631631 1
631632 1
631634 1
631637 1
631646 1
631647 2
631649 1
631654 1
631693 1
631706 1
631714 1
631719 1
631720 1
631748 1
631802 1
631820 1
631827 1
631828 1
631831 1
631846 1
631855 1
631860 1
631867 1
631872 1
631886 1
631887 1
631901 1
631906 1
631908 1
631916 1
631917 1
631942 1
631952 1
631967 1
631970 1
631973 1
631977 1
631993 1
631996 1
632014 1
632017 1
632019 1
632023 1
632032 1
632043 1
632068 1
632079 1
632080 1
632083 1
632089 1
632095 1
632103 1
632111 1
632126 1
632131 1
632151 1
632162 1
632163 1
632165 1
632182 1
632188 1
632192 1
632195 1
632205 1
632206 1
632213 1
632229 2
632263 1
632272 1
632284 1
632286 1
632300 1
632304 1
632350 1
632361 1
632375 1
632378 1
632382 1
632385 1
632400 1
632407 1
632410 1
632438 1
632440 1
632494 1
632508 1
632511 1
632515 1
632534 1
632541 1
632549 1
632562 1
632583 1
632585 1
632591 1
632594 1
632602 1
632624 1
632644 1
632656 1
632663 1
632669 1
632685 1
632690 1
632703 1
632717 1
632730 1
666161 1
