1 1 100 7.05898
2 2 100 462.76
3 3 100 473.073
4 4 100 508.002
5 5 100 1106.58
6 6 100 1276.31
7 7 100 1283.12
8 8 100 1289.48
9 9 100 1373.86
10 10 100 1424.88
11 11 100 1470.81
12 12 100 1473.47
13 13 100 1518.04
14 14 100 1554.87
15 15 100 1586.28
16 16 100 1589.62
17 17 100 1612.33
18 18 100 1614.27
19 19 100 1616.47
20 20 100 1638.8
21 21 100 1657.53
22 22 100 1675.24
23 23 100 1693.88
24 24 100 1712.45
25 25 100 1728.23
26 26 100 1731.53
27 27 100 1735.11
28 28 100 1737.91
29 29 100 1753.72
30 30 100 1768.13
31 31 100 1782.5
32 32 100 1793.9
33 33 100 1804.72
34 34 100 1816.06
35 35 100 1826.67
36 36 100 1837.6
37 37 100 1839.33
38 38 100 1840.34
39 39 100 1842.72
40 40 100 1852.55
41 41 100 1861.83
42 42 100 1869.82
43 43 100 1876.48
44 44 100 1883.46
45 45 100 1890.53
46 46 100 1896.72
47 47 100 1902.33
48 48 100 1904.8
49 49 100 1911.41
50 50 100 1917.93
