1 1
16 1
34 1
73 3
133 1
171 2
231 1
256 1
379 2
393 2
422 2
477 1
884 1
988 1
994 2
1302 1
1355 1
1437 2
1438 1
1442 1
1486 1
1603 2
1629 2
1756 3
1774 1
1861 1
1872 2
1973 2
2011 3
2050 1
2091 7
2104 1
2184 3
2186 1
2289 3
2335 3
2337 1
2463 1
2494 2
2518 1
2577 2
2817 1
3224 1
3259 1
3359 1
3497 1
3683 2
3712 2
3739 1
3755 1
3960 1
4082 1
4153 1
4255 1
4377 1
4501 3
4653 1
4839 1
4912 1
5067 1
5084 1
5150 1
5218 1
5275 1
5383 1
5417 1
5423 1
5582 1
5661 1
5670 1
5828 1
6009 1
6407 1
6444 1
6488 1
6500 1
6611 4
6667 2
6668 2
6782 1
6846 1
6917 1
7083 1
7111 3
7271 1
7495 1
7521 1
7526 1
7890 4
8020 1
8072 1
8156 1
8234 1
8371 1
8471 1
8575 1
8866 2
9196 1
9216 1
9361 1
9388 1
9771 1
9819 1
10050 1
10134 1
10157 1
10168 1
10411 2
10479 2
10765 1
11086 1
11097 1
11461 1
11698 1
11892 1
11954 1
11955 1
12279 1
12344 1
12778 1
12970 1
12977 1
13057 1
13059 1
13337 1
13377 1
13388 1
13470 1
13473 1
13707 1
13858 1
13902 2
13916 1
14063 1
14144 1
14256 1
14296 1
14380 1
14448 1
14569 1
14633 2
14884 1
15055 1
15270 2
15345 1
15356 1
15372 1
15416 1
15495 1
15961 1
16026 1
16078 1
16460 1
17314 1
17367 1
17756 1
17818 1
17981 1
17993 1
18017 1
18089 1
18355 1
18435 1
18548 1
18561 2
18574 1
18662 1
18715 1
19292 1
19397 1
19480 3
19681 1
19735 2
19785 1
19906 1
19935 1
20428 1
20554 2
21189 1
21414 3
21467 1
21598 1
21637 1
21958 2
22235 1
22282 1
22288 2
22306 1
22313 1
22366 1
22757 1
22776 2
23081 1
23199 1
23249 1
23342 1
23343 1
23447 1
23593 2
23604 2
23637 2
23686 1
23752 2
23837 1
23852 1
24070 1
24137 3
24238 1
24243 1
24259 1
24260 1
24264 4
24383 1
24514 1
24542 1
24571 1
24735 1
24762 1
25050 1
25125 1
25126 2
25246 2
25388 1
25460 1
25482 1
25502 1
25703 1
25765 1
25847 1
25947 1
26040 1
26049 3
26112 12
26468 1
26740 2
26773 2
26816 1
27197 2
27344 1
27551 1
27569 1
27577 1
27889 1
27908 1
27912 1
28047 1
28124 1
28308 2
28340 1
28352 1
28485 1
28534 1
28648 1
28698 1
28825 1
28854 1
28891 1
29000 4
29023 9
29049 1
29058 1
29064 1
29099 1
29101 1
29111 4
29132 1
29173 1
29195 1
29242 1
29366 1
29367 1
29468 1
29475 1
29622 1
29663 1
29855 1
29875 1
29929 1
29933 1
30616 3
30689 2
30769 1
31374 2
31384 1
31487 4
32658 1
32859 2
32904 1
33276 1
33694 1
33753 1
33876 1
33992 1
34100 1
34208 1
34227 1
34396 1
34740 1
34753 1
34832 1
35036 1
35048 1
35070 1
35103 1
35162 1
35187 1
35217 1
35241 1
35373 1
35580 1
35729 1
36265 1
36295 1
36686 1
37031 1
37353 1
37364 5
37453 1
37501 1
37710 1
37874 1
37969 1
37977 1
38244 1
38844 1
39079 1
39384 1
39563 1
39649 1
39905 1
39972 1
40124 1
40187 1
40324 1
40385 1
40427 1
40763 1
40937 1
40999 1
41054 1
41158 1
41190 1
41269 1
41289 1
41319 1
41432 1
41516 1
41598 1
41616 1
41828 2
41991 2
42033 1
42156 1
42258 2
42437 1
42456 5
42527 1
42577 1
42615 3
42938 1
43075 1
43197 2
43228 1
43287 1
43313 2
43334 1
43341 1
43572 2
43670 1
43944 1
44030 1
44153 1
44365 2
44424 8
44542 1
44573 1
44596 1
44842 1
44854 1
44889 1
45515 1
45709 1
45775 1
45792 1
45799 1
45842 3
46015 1
46074 1
46196 1
46273 1
46601 1
46697 1
46824 1
46873 1
47147 2
47159 1
47400 1
47410 2
47515 1
47618 1
47682 1
47817 3
47820 1
47900 2
47939 2
47968 1
48017 1
48157 1
48168 1
48204 1
48285 1
48320 1
48434 1
48472 1
48588 1
48701 2
48788 1
48805 1
48911 1
48964 1
49207 1
49475 2
49557 1
49605 2
49629 1
49691 1
49708 1
49710 1
49759 1
49900 1
50007 1
50133 2
50264 1
50388 1
50442 1
50725 1
50767 1
50878 1
50923 1
51018 1
51088 3
51336 1
51384 1
51385 1
51452 1
51496 1
51621 1
51679 1
51691 1
51775 1
51801 1
51822 2
51842 1
51871 1
51946 1
51975 1
52043 1
52063 1
52177 1
52228 2
52264 1
52330 2
52561 1
52647 1
52652 2
52717 1
52729 1
52773 1
52866 1
52902 1
53188 1
53223 1
53238 1
53338 2
53380 1
53392 1
53467 1
53567 1
53584 1
53610 1
53714 1
53774 1
53803 2
53816 1
53912 1
54106 1
54138 2
54155 1
54179 1
54257 1
54269 1
54351 2
54414 1
54478 1
54483 4
54527 2
54559 1
54588 1
54609 1
54620 1
54753 1
54783 1
54791 1
54818 1
54891 1
54896 2
54908 1
54961 1
55135 1
55187 1
55189 1
55192 4
55195 1
55223 3
55265 1
55270 1
55313 1
55341 1
55359 1
55377 1
55390 1
55395 1
55405 1
55418 1
55451 1
55465 1
55489 1
55494 1
55543 3
55606 1
55720 1
55726 1
55786 1
55790 1
55828 6
55871 2
55889 1
55915 1
55917 1
55925 1
55971 1
55986 1
56010 1
56046 1
56061 2
56068 1
56079 1
56085 1
56087 2
56088 1
56093 1
56100 4
56101 1
56104 3
56114 1
56118 1
56123 1
56137 1
56138 1
56139 1
56140 1
56144 1
56146 1
56147 1
56148 1
56149 1
56151 1
56155 1
56159 1
56160 2
56161 1
56164 1
56165 1
56166 1
56167 1
56169 2
56170 1
56173 1
56174 1
56175 1
56180 1
56185 1
56190 1
56191 1
56192 1
56193 1
56198 1
56199 1
56205 1
56208 1
56211 1
56214 1
56218 2
56222 1
56227 1
56234 1
56235 1
56239 1
56240 2
56245 3
56247 1
56252 1
56253 1
56256 1
56263 1
56264 1
56266 1
56271 1
56276 3
56279 1
56284 1
56291 1
56293 2
56295 1
56302 1
56307 1
56308 1
56309 1
56311 1
56313 1
56318 1
56319 1
56321 1
56328 1
56329 1
56334 1
56339 1
56342 1
56344 2
56346 1
56347 1
56348 1
56349 1
56360 1
56366 1
56367 1
56378 1
56379 1
56387 1
56388 3
56391 1
56393 1
56397 1
56402 1
56417 1
56418 2
56420 1
56421 1
56422 1
56425 1
56428 1
56431 2
56437 1
56440 1
56441 1
56445 1
56447 1
56454 1
56455 2
56456 1
56457 1
56466 1
56470 1
56473 1
56476 1
56483 1
56487 1
56488 1
56491 1
56498 1
56499 1
56505 1
56506 1
56512 1
56515 1
56518 1
56521 1
56525 1
56529 1
56530 1
56531 1
56532 1
56533 1
56540 1
56543 1
56544 3
56545 1
56552 2
56560 1
56562 1
56567 1
56570 1
56573 2
56580 1
56585 1
56586 1
56587 2
56588 1
56591 1
56596 1
56600 2
56601 1
56602 1
56605 1
56606 1
56607 1
56608 1
56611 1
56612 1
56617 1
56618 1
56631 1
56635 1
56639 2
56641 1
56645 1
56648 1
56649 3
56650 1
56652 1
56653 1
56657 1
56658 1
56661 1
56662 1
56663 1
56664 4
56668 1
56673 1
56674 1
56675 1
56679 1
56682 1
56687 1
56689 5
56690 1
56691 1
56692 1
56700 1
56703 1
56706 1
56707 1
56708 1
56714 1
56723 1
56725 1
56726 1
56727 1
56731 1
56732 1
56737 1
56746 1
56754 1
56755 1
56758 1
56759 1
56762 1
56765 2
56768 1
56770 1
56775 1
56778 3
56788 1
56800 1
56807 1
56809 1
56810 1
56820 1
56834 1
56835 1
56836 3
56838 1
56840 1
56847 1
56853 1
56859 1
56862 1
56868 1
56869 1
56874 1
56877 1
56883 1
56884 1
56892 1
56893 1
56899 2
56900 1
56901 1
56902 1
56908 1
56914 1
56915 1
56919 1
56926 2
56927 1
56930 1
56937 1
56938 1
56939 1
56942 1
56944 1
56945 1
56947 1
56954 1
56955 1
56956 1
56960 1
56964 1
56972 1
56978 1
56979 1
56984 1
56985 1
56987 1
56988 2
56996 1
56997 1
56998 1
57004 1
57005 1
57006 1
57008 1
57011 1
57023 1
57031 1
57032 1
57035 1
57039 1
57042 1
57044 1
57047 1
57055 1
57058 1
57060 1
57064 1
57067 1
57068 1
57070 1
57071 1
57074 1
57076 1
57078 1
57087 1
57089 11
57090 1
57093 1
57097 1
57101 1
57105 1
57108 1
57109 1
57114 1
57115 1
57122 1
57123 1
57130 1
57131 1
57139 1
57140 1
57141 1
57142 1
57144 2
57156 1
57159 1
57167 1
57171 2
57173 1
57174 1
57178 2
57179 2
57181 1
57182 1
57183 1
57185 1
57187 1
57192 1
57195 1
57198 1
57201 1
57205 1
57212 1
57213 1
57214 1
57222 1
57224 1
57225 1
57227 1
57228 1
57229 1
57234 1
57235 1
57239 1
57243 9
57245 9
57247 5
57250 1
57251 1
57256 1
57258 1
57264 1
57266 2
57267 1
57268 1
57276 1
57277 1
57284 1
57292 1
57293 1
57294 2
57301 1
57302 1
57303 1
57305 1
57306 1
57311 1
57313 1
57315 2
57316 1
57337 1
57340 1
57341 2
57344 1
57345 2
57351 1
57356 1
57357 1
57364 1
57375 1
57379 1
57384 1
57388 1
57391 2
57394 1
57401 1
57402 1
57404 1
57409 1
57410 1
57411 1
57416 1
57417 1
57426 1
57428 1
57431 1
57432 1
57436 2
57437 1
57440 1
57443 1
57444 1
57446 5
57454 1
57455 1
57465 1
57468 1
57471 1
57472 1
57476 1
57483 1
57485 2
57488 1
57491 1
57492 1
57495 1
57497 1
57498 1
57500 1
57503 1
57508 1
57514 1
57520 1
57524 2
57525 1
57526 1
57537 1
57538 1
57539 1
57544 1
57546 1
57547 1
57562 2
57563 1
57564 1
57570 1
57572 1
57577 1
57578 1
57581 1
57584 1
57591 1
57597 1
57601 3
57609 1
57611 1
57613 1
57614 1
57618 1
57629 1
57632 1
57633 1
57634 1
57636 2
57639 1
57640 1
57645 1
57647 1
57648 1
57651 1
57656 1
57663 1
57666 1
57668 1
57671 1
57672 1
57679 1
57680 1
57682 1
57701 1
57704 1
57707 1
57710 1
57711 1
57712 1
57716 1
57720 1
57723 1
57727 1
57730 1
57731 1
57732 1
57735 1
57738 1
57739 1
57744 1
57747 1
57749 1
57750 1
57753 1
57758 1
57759 1
57762 1
57766 1
57773 1
57776 1
57778 1
57781 1
57788 1
57790 1
57793 1
57797 1
57800 1
57801 1
57804 1
57807 1
57810 1
57814 1
57821 1
57822 1
57824 1
57825 1
57834 1
57838 1
57842 1
57843 1
57845 1
57849 1
57850 1
57856 1
57861 1
57866 1
57870 1
57876 1
57877 1
57880 2
57883 1
57885 1
57888 1
57889 1
57901 1
57911 1
57913 2
57914 1
57924 1
57927 1
57936 1
57940 1
57941 1
57951 1
57952 1
57953 1
57955 1
57957 1
57958 1
57961 1
57969 1
57970 1
57971 1
57981 4
57984 1
57986 1
57987 1
57991 1
57995 1
57996 1
57998 1
58004 1
58005 1
58006 1
58008 2
58011 1
58017 1
58021 1
58024 1
58026 1
58030 1
58036 1
58040 1
58043 1
58047 1
58048 1
58051 1
58053 1
58059 1
58060 1
58061 1
58065 1
58066 1
58071 1
58076 1
58079 7
58090 1
58097 1
58111 1
58112 1
58114 1
58115 1
58120 4
58121 1
58123 1
58126 1
58131 1
58132 1
58134 1
58137 2
58147 1
58148 1
58149 1
58154 1
58155 2
58162 2
58165 1
58167 1
58170 1
58171 1
58173 1
58175 1
58177 1
58181 1
58188 1
58199 1
58200 1
58204 1
58206 1
58208 1
58211 2
58213 1
58219 1
58222 1
58223 1
58224 1
58230 1
58233 1
58238 1
58241 1
58242 1
58243 1
58251 1
58252 1
58253 1
58256 1
58263 1
58264 1
58265 1
58268 1
58271 1
58273 1
58274 1
58275 1
58276 1
58277 1
58278 1
58280 1
58285 1
58293 1
58295 1
58297 1
58298 1
58299 4
58305 1
58314 1
58315 1
58316 1
58318 2
58319 1
58325 1
58326 1
58332 1
58334 1
58337 1
58340 4
58341 1
58342 1
58346 1
58361 2
58362 2
58363 1
58368 1
58379 1
58380 1
58383 1
58384 1
58388 1
58389 1
58395 1
58396 1
58397 1
58400 1
58403 1
58407 1
58409 1
58410 1
58411 1
58413 1
58414 1
58423 2
58425 1
58428 1
58429 1
58430 1
58434 1
58435 1
58440 1
58441 3
58445 1
58446 1
58447 1
58449 1
58450 1
58453 2
58455 2
58459 1
58461 1
58469 1
58471 1
58472 1
58485 2
58490 1
58492 1
58494 1
58500 1
58502 1
58512 1
58513 1
58517 1
58519 1
58522 1
58527 1
58528 1
58529 1
58531 1
58532 1
58533 1
58534 1
58536 1
58546 1
58547 1
58548 1
58549 1
58559 1
58570 1
58575 1
58577 1
58580 1
58581 1
58582 1
58591 1
58594 1
58597 1
58598 1
58600 1
58601 1
58602 1
58610 1
58615 1
58616 1
58623 1
58624 2
58627 1
58630 1
58632 1
58633 1
58634 4
58635 1
58636 1
58639 1
58641 1
58642 3
58651 1
58652 1
58653 1
58654 5
58665 1
58668 1
58669 1
58681 1
58684 1
58690 1
58696 1
58697 1
58701 1
58707 1
58713 1
58714 2
58715 1
58720 1
58724 1
58730 1
58735 1
58740 1
58745 1
58748 1
58749 1
58751 2
58754 2
58761 1
58763 1
58768 1
58770 1
58777 2
58780 3
58781 1
58784 1
58790 1
58791 1
58798 1
58799 1
58802 1
58804 1
58809 1
58812 1
58813 1
58822 1
58825 1
58826 1
58833 5
58838 1
58845 1
58848 1
58851 1
58852 1
58859 1
58863 1
58864 1
58865 1
58875 1
58876 1
58877 1
58880 1
58885 1
58886 1
58892 1
58893 1
58894 1
58897 1
58898 3
58899 1
58903 1
58904 1
58906 1
58908 1
58911 1
58916 1
58919 1
58921 1
58927 1
58938 1
58941 1
58944 1
58953 1
58954 1
58959 1
58962 1
58964 1
58965 1
58976 1
58979 1
58980 1
58983 1
58987 1
58989 1
58994 2
58997 1
58999 1
59011 1
59015 1
59016 1
59019 1
59024 2
59026 1
59028 1
59029 1
59031 1
59037 1
59049 1
59054 1
59062 1
59063 1
59064 1
59070 1
59072 1
59073 1
59076 1
59082 1
59087 2
59088 1
59093 1
59095 1
59102 1
59103 1
59108 1
59114 2
59120 1
59121 1
59122 1
59124 1
59127 1
59128 1
59144 3
59153 1
59154 1
59155 1
59159 1
59162 1
59165 1
59167 1
59168 1
59173 1
59174 1
59176 1
59177 1
59179 1
59180 1
59182 1
59187 1
59188 1
59189 1
59194 1
59201 1
59213 1
59217 1
59220 1
59226 1
59228 1
59230 1
59233 1
59235 1
59236 1
59239 1
59240 1
59246 1
59248 1
59251 1
59253 1
59262 1
59263 1
59264 1
59265 1
59268 1
59271 1
59279 1
59281 1
59289 2
59292 1
59297 1
59298 1
59299 1
59300 1
59308 1
59311 2
59314 1
59316 2
59320 1
59323 1
59324 1
59327 1
59334 1
59346 1
59349 1
59350 1
59351 1
59354 1
59355 1
59358 1
59359 1
59362 1
59369 1
59373 1
59378 1
59379 1
59380 1
59386 1
59391 1
59394 1
59397 1
59400 1
59404 1
59405 1
59406 1
59407 2
59416 1
59421 1
59430 1
59433 1
59434 1
59436 1
59437 1
59438 1
59440 2
59441 1
59446 1
59447 6
59449 1
59455 1
59456 1
59459 1
59460 2
59466 1
59469 1
59471 1
59484 1
59489 1
59490 1
59495 1
59509 1
59510 1
59513 2
59516 1
59517 1
59521 1
59522 1
59527 1
59532 1
59535 1
59536 1
59537 1
59542 1
59544 1
59547 1
59549 2
59553 1
59558 3
59561 1
59563 1
59583 1
59586 1
59589 1
59590 1
59593 2
59597 1
59603 1
59607 1
59608 1
59610 1
59611 1
59614 1
59615 1
59620 1
59621 1
59622 1
59625 1
59626 1
59627 1
59628 1
59629 1
59634 1
59637 1
59638 1
59640 1
59643 1
59648 1
59653 1
59654 1
59658 1
59662 2
59663 1
59665 1
59666 1
59667 1
59668 1
59669 1
59677 1
59678 1
59679 1
59680 1
59681 2
59684 1
59686 1
59690 3
59694 1
59697 1
59698 1
59699 1
59705 1
59707 1
59714 1
59721 1
59727 1
59728 1
59729 1
59732 1
59739 1
59740 1
59742 1
59743 1
59747 1
59749 1
59750 1
59751 1
59752 1
59753 1
59757 1
59759 1
59761 1
59766 1
59780 1
59787 1
59790 1
59792 1
59794 1
59801 1
59807 1
59808 3
59813 1
59817 1
59818 1
59819 2
59834 1
59835 1
59836 1
59838 1
59839 1
59847 1
59857 1
59858 1
59861 1
59869 1
59872 2
59873 1
59875 1
59884 1
59890 1
59896 1
59898 2
59899 1
59900 1
59901 1
59905 1
59908 1
59909 1
59911 1
59920 1
59922 1
59923 1
59924 1
59925 1
59929 1
59930 1
59936 1
59938 1
59939 1
59945 1
59948 1
59950 1
59953 1
59954 2
59956 1
59959 1
59960 1
59965 1
59966 1
59967 1
59968 1
59969 1
59971 1
59981 1
59982 1
59984 1
59985 1
59991 1
59998 1
60001 1
60002 1
60005 1
60006 1
60014 1
60021 1
60030 1
60031 1
60036 1
60037 1
60038 1
60039 1
60040 1
60043 1
60047 1
60055 1
60058 1
60059 1
60064 1
60068 1
60069 1
60072 1
60073 1
60079 1
60084 1
60088 1
60089 1
60108 1
60111 1
60116 1
60118 1
60119 1
60122 1
60123 1
60127 1
60129 1
60131 1
60132 1
60133 1
60136 1
60137 1
60138 1
60144 1
60148 1
60151 1
60153 1
60158 1
60159 1
60160 1
60173 1
60178 1
60179 6
60180 1
60182 1
60186 4
60201 1
60202 2
60205 1
60206 1
60212 1
60213 1
60219 1
60222 1
60225 1
60228 1
60237 1
60238 1
60241 1
60244 1
60246 1
60247 1
60248 1
60250 1
60254 2
60255 1
60257 2
60258 1
60259 1
60260 1
60269 3
60275 1
60277 1
60280 1
60283 1
60288 1
60291 1
60294 1
60297 1
60298 1
60305 1
60306 1
60307 1
60309 1
60310 2
60311 1
60321 1
60325 1
60339 1
60342 1
60347 2
60348 1
60349 1
60350 1
60354 1
60357 1
60359 1
60360 1
60361 1
60362 1
60363 4
60365 1
60366 1
60367 1
60368 1
60369 1
60371 1
60375 1
60380 1
60386 1
60388 1
60389 1
60390 1
60391 1
60395 1
60396 3
60400 1
60402 1
60403 1
60408 1
60414 1
60422 1
60426 1
60427 1
60429 1
60431 1
60436 1
60441 1
60442 1
60450 1
60451 1
60456 1
60457 1
60458 1
60459 1
60462 1
60463 1
60464 2
60467 1
60470 1
60484 1
60487 1
60491 1
60495 1
60501 1
60503 1
60504 1
60520 1
60521 1
60523 1
60524 1
60527 1
60533 1
60535 1
60540 1
60541 4
60542 1
60543 2
60545 2
60546 1
60547 1
60549 1
60550 1
60551 1
60553 1
60554 1
60556 1
60557 1
60560 1
60561 1
60563 1
60564 1
60567 1
60572 1
60575 1
60579 2
60580 1
60582 1
60584 1
60586 1
60588 1
60590 1
60593 1
60606 1
60609 1
60612 1
60614 1
60616 1
60620 1
60621 1
60622 1
60626 2
60627 1
60628 1
60630 1
60631 1
60632 1
60637 1
60640 1
60641 1
60642 1
60643 1
60647 1
60648 1
60650 2
60655 1
60657 1
60659 1
60663 1
60665 1
60666 1
60668 1
60669 1
60673 1
60675 1
60677 1
60678 1
60679 2
60681 1
60684 2
60685 1
60686 1
60690 1
60695 1
60699 1
60702 1
60710 1
60711 1
60714 1
60715 1
60716 3
60717 1
60718 1
60722 1
60727 1
60728 2
60729 1
60735 1
60736 1
60740 1
60746 1
60749 1
60750 1
60753 1
60755 1
60757 1
60759 2
60762 2
60764 1
60765 1
60766 1
60768 1
60769 2
60772 1
60773 1
60774 1
60777 1
60778 1
60781 1
60782 1
60784 1
60793 1
60795 1
60801 1
60805 1
60808 1
60813 1
60815 1
60817 1
60822 1
60823 1
60824 1
60832 1
60833 1
60834 1
60839 1
60841 1
60846 1
60847 1
60850 1
60854 1
60856 1
60858 1
60861 1
60864 1
60869 1
60873 1
60875 2
60878 1
60881 1
60883 3
60884 1
60886 1
60887 1
60889 1
60890 1
60897 1
60900 1
60902 1
60906 1
60907 1
60913 1
60914 1
60916 1
60917 1
60918 1
60919 1
60921 1
60924 2
60926 1
60927 2
60928 1
60933 1
60937 1
60938 1
60939 1
60941 1
60942 1
60943 1
60945 1
60947 1
60952 2
60959 1
60961 1
60962 1
60965 1
60969 1
60973 1
60977 1
60981 1
60983 1
60986 1
60988 1
60992 1
60994 1
60995 1
60997 1
61000 1
61003 1
61006 1
61008 1
61010 1
61012 1
61015 1
61016 1
61017 1
61022 1
61025 1
61027 1
61028 1
61029 1
61031 1
61036 1
61041 1
61042 1
61045 1
61047 1
61049 1
61050 1
61051 2
61052 1
61054 1
61059 1
61064 1
61066 1
61071 1
61072 1
61073 1
61075 1
61077 1
61082 1
61084 1
61092 1
61093 1
61095 1
61096 2
61097 1
61100 1
61103 2
61105 1
61110 2
61111 2
61112 1
61113 1
61115 1
61116 1
61120 1
61124 1
61128 1
61131 1
61133 1
61134 1
61136 1
61139 1
61142 1
61144 1
61145 1
61146 1
61147 1
61149 1
61150 1
61154 1
61155 2
61158 1
61159 1
61161 1
61171 1
61174 1
61176 1
61180 1
61185 1
61186 1
61188 1
61192 1
61194 1
61195 1
61196 1
61198 1
61200 2
61201 1
61202 1
61209 1
61210 1
61211 1
61212 1
61215 1
61217 1
61219 1
61221 1
61223 1
61225 1
61230 1
61231 1
61236 2
61237 1
61240 1
61241 1
61242 1
61246 1
61247 3
61249 1
61251 1
61252 1
61253 1
61254 1
61258 1
61260 1
61262 1
61264 1
61266 1
61267 1
61269 1
61274 1
61275 1
61278 1
61279 1
61282 1
61299 1
61301 1
61305 1
61306 1
61309 2
61311 1
61321 1
61323 1
61327 1
61328 1
61330 1
61335 1
61337 1
61339 1
61341 1
61342 1
61343 1
61344 1
61345 1
61346 1
61348 1
61350 1
61352 1
61357 2
61360 1
61362 1
61364 1
61366 1
61370 1
61384 1
61388 1
61391 1
61393 1
61394 1
61396 1
61407 1
61413 1
61414 1
61416 1
61417 1
61419 1
61420 1
61422 1
61426 1
61427 1
61434 1
61435 1
61438 1
61440 2
61441 1
61444 1
61446 1
61452 1
61454 1
61456 1
61458 1
61459 1
61461 1
61469 1
61472 1
61474 2
61475 1
61481 1
61487 1
61488 1
61489 1
61491 1
61492 1
61493 1
61499 1
61500 1
61501 1
61502 1
61504 1
61505 1
61506 1
61507 1
61512 1
61517 1
61519 1
61521 1
61526 1
61528 1
61531 1
61532 1
61533 1
61535 1
61536 1
61538 1
61539 1
61557 1
61558 1
61559 1
61561 1
61562 1
61564 1
61566 3
61567 1
61569 1
61571 1
61573 1
61574 1
61577 1
61579 1
61580 1
61583 2
61586 1
61590 1
61592 1
61594 1
61597 1
61598 1
61601 1
61602 1
61603 1
61605 1
61606 1
61607 1
61609 1
61613 1
61615 1
61616 1
61619 1
61620 1
61622 1
61624 2
61625 1
61626 1
61628 1
61631 1
61640 1
61646 1
61648 1
61651 1
61654 1
61661 1
61671 1
61673 1
61678 1
61680 1
61687 1
61688 1
61690 1
61691 1
61692 1
61693 1
61696 2
61700 1
61705 1
61709 1
61710 1
61715 2
61721 1
61727 1
61728 1
61730 1
61732 1
61736 1
61741 1
61742 1
61743 1
61745 1
61753 2
61754 1
61758 1
61762 1
61769 1
61771 1
61772 1
61774 1
61779 2
61780 1
61782 1
61784 1
61785 1
61789 1
61793 1
61796 1
61803 2
61804 1
61805 1
61808 1
61811 1
61813 1
61819 1
61820 1
61822 1
61827 1
61828 2
61830 1
61834 1
61835 1
61838 2
61839 1
61840 1
61845 1
61848 1
61850 1
61852 1
61853 1
61855 1
61857 1
61858 1
61865 1
61868 1
61871 1
61873 1
61874 1
61876 1
61882 1
61884 1
61885 1
61889 1
61892 1
61894 1
61895 1
61896 1
61899 1
61901 2
61906 1
61907 1
61911 1
61912 1
61913 1
61914 1
61916 1
61923 1
61924 1
61926 1
61929 2
61930 2
61933 1
61935 1
61938 1
61944 1
61946 1
61948 1
61950 1
61951 1
61953 1
61954 1
61955 1
61957 1
61962 1
61964 1
61968 1
61969 1
61976 1
61980 1
61981 1
61982 1
61984 1
61994 2
61998 1
62004 2
62010 1
62012 1
62016 1
62023 1
62024 2
62028 1
62029 1
62031 1
62032 1
62036 1
62040 1
62041 1
62042 2
62043 1
62047 1
62055 1
62057 2
62059 1
62062 1
62064 1
62066 1
62068 1
62074 1
62076 1
62080 1
62081 1
62083 1
62085 1
62087 1
62089 1
62091 1
62093 1
62094 1
62095 1
62103 1
62108 1
62112 1
62120 1
62125 1
62127 1
62129 1
62130 2
62131 1
62132 1
62133 1
62135 1
62136 1
62137 1
62138 1
62148 1
62153 1
62155 1
62156 1
62160 1
62161 1
62166 1
62167 1
62171 1
62173 1
62175 1
62180 1
62182 1
62188 1
62197 1
62203 1
62205 1
62207 1
62208 1
62211 1
62215 1
62217 1
62221 1
62223 1
62225 1
62230 1
62233 1
62235 1
62241 1
62243 1
62244 2
62245 1
62246 1
62247 1
62254 1
62256 1
62259 1
62260 1
62262 1
62267 1
62269 1
62272 1
62276 1
62278 1
62279 1
62281 1
62282 1
62283 1
62284 1
62285 1
62287 1
62290 1
62299 1
62300 1
62301 1
62308 1
62312 1
62317 1
62318 1
62319 1
62320 2
62328 1
62330 1
62332 1
62338 1
62340 1
62342 1
62345 1
62351 1
62353 1
62356 1
62365 1
62367 1
62373 2
62376 1
62378 1
62381 1
62386 2
62388 1
62391 3
62392 1
62395 1
62397 1
62399 1
62400 1
62401 1
62403 1
62404 1
62406 1
62414 1
62419 1
62421 1
62422 1
62427 1
62431 1
62433 1
62435 1
62437 1
62438 1
62439 1
62441 1
62443 1
62444 1
62445 1
62448 1
62449 1
62451 1
62454 1
62456 1
62458 2
62462 1
62464 1
62472 1
62473 1
62477 1
62479 1
62481 1
62482 1
62483 1
62485 1
62487 1
62489 1
62492 1
62493 1
62496 1
62497 2
62499 1
62502 1
62505 1
62506 1
62507 1
62508 1
62512 1
62514 1
62515 1
62516 1
62517 1
62520 1
62522 2
62525 1
62527 1
62532 1
62533 1
62537 1
62539 1
62542 1
62550 1
62552 1
62553 1
62556 1
62558 1
62562 1
62569 1
62571 1
62572 1
62574 1
62577 1
62581 1
62582 1
62586 1
62588 1
62593 1
62595 1
62599 1
62601 1
62606 1
62607 1
62611 1
62612 1
62614 1
62616 1
62618 1
62622 2
62627 1
62632 1
62639 1
62641 1
62643 1
62645 1
62649 1
62651 1
62654 1
62657 1
62659 1
62661 1
62663 1
62667 1
62668 2
62669 1
62671 1
62673 1
62680 1
62683 1
62687 1
62694 1
62696 1
62698 1
62699 1
62704 2
62706 1
62707 1
62708 1
62713 1
62714 1
62719 1
62724 3
62726 1
62730 1
62734 1
62738 1
62740 1
62741 1
62743 1
62754 1
62755 1
62756 1
62757 1
62758 2
62760 1
62763 1
62765 1
62766 1
62770 1
62778 1
62786 1
62788 1
62792 1
62793 1
62794 1
62798 1
62799 1
62800 1
62803 1
62813 1
62815 2
62816 1
62818 1
62821 2
62823 1
62824 1
62830 1
62836 1
62837 1
62849 1
62851 1
62857 1
62859 1
62863 1
62867 1
62868 1
62871 1
62873 1
62875 1
62878 1
62880 1
62882 1
62890 1
62892 1
62894 1
62895 1
62897 3
62903 1
62904 1
62906 1
62908 1
62914 1
62916 1
62922 1
62924 1
62926 2
62930 1
62931 1
62933 1
62934 2
62938 1
62939 1
62940 1
62943 1
62944 1
62945 1
62947 1
62949 1
62954 1
62955 1
62957 1
62962 1
62970 1
62974 1
62976 1
62983 1
62984 2
62990 1
62994 1
62995 1
62999 1
63000 1
63011 1
63012 1
63014 1
63015 1
63017 1
63020 1
63024 1
63026 1
63027 1
63035 1
63039 1
63041 1
63043 1
63044 1
63046 1
63051 1
63053 1
63055 1
63059 1
63061 1
63062 1
63065 1
63071 1
63072 1
63073 1
63074 1
63079 1
63080 1
63084 1
63085 1
63091 1
63093 2
63096 1
63098 1
63102 1
63104 1
63112 1
63114 1
63115 1
63118 1
63124 1
63133 1
63134 1
63136 1
63140 1
63141 1
63142 1
63143 2
63145 1
63147 2
63150 1
63154 1
63157 1
63158 1
63159 1
63163 1
63166 1
63167 1
63172 1
63173 1
63174 1
63175 1
63178 1
63179 2
63185 1
63186 1
63188 1
63190 1
63192 1
63194 1
63195 1
63202 1
63205 1
63209 1
63210 1
63212 1
63216 2
63219 1
63221 1
63225 1
63230 1
63231 1
63233 1
63236 1
63238 1
63240 1
63242 1
63246 1
63248 1
63249 1
63257 1
63260 1
63265 1
63269 1
63271 1
63280 1
63281 1
63283 1
63286 1
63287 2
63288 1
63289 1
63291 1
63293 1
63296 1
63300 1
63304 1
63305 1
63307 1
63310 1
63314 1
63321 1
63324 1
63325 1
63327 1
63329 1
63332 1
63335 1
63341 1
63344 3
63347 1
63349 1
63350 1
63351 1
63354 1
63355 1
63357 2
63360 1
63361 1
63362 1
63366 1
63367 1
63369 1
63371 1
63374 1
63379 1
63380 1
63384 1
63407 1
63408 1
63409 1
63411 1
63413 1
63416 1
63420 1
63425 1
63427 1
63432 1
63440 2
63441 2
63446 1
63448 1
63450 1
63456 1
63460 1
63461 1
63467 1
63469 1
63470 1
63472 2
63475 1
63477 2
63478 1
63484 1
63494 1
63496 1
63497 1
63504 1
63510 1
63513 1
63515 1
63518 1
63519 1
63520 1
63522 1
63524 1
63528 1
63531 1
63532 1
63536 1
63537 1
63539 1
63541 1
63547 1
63549 1
63553 1
63555 1
63559 1
63561 1
63562 1
63563 1
63564 1
63570 1
63573 2
63575 1
63579 1
63585 1
63586 1
63588 1
63590 1
63594 1
63596 1
63598 1
63601 1
63607 1
63609 1
63611 1
63613 1
63617 1
63622 1
63629 1
63631 1
63634 1
63636 1
63638 1
63639 1
63641 1
63643 1
63645 1
63646 1
63648 1
63649 1
63654 1
63655 1
63657 1
63663 1
63665 1
63669 1
63671 1
63672 1
63673 1
63677 1
63684 1
63686 1
63691 1
63692 1
63695 1
63703 1
63705 1
63713 1
63715 1
63716 1
63718 1
63720 1
63724 1
63726 1
63727 1
63728 1
63730 1
63740 1
63741 1
63743 1
63745 2
63746 1
63747 1
63749 1
63750 1
63752 1
63756 2
63757 1
63759 1
63761 1
63762 1
63764 1
63768 1
63769 1
63772 1
63773 1
63775 1
63778 1
63780 1
63781 1
63783 1
63787 1
63793 1
63794 1
63796 1
63798 1
63803 1
63805 1
63807 1
63813 1
63817 1
63818 1
63821 1
63823 1
63827 1
63829 1
63833 1
63838 1
63840 1
63842 2
63844 1
63863 1
63865 1
63871 1
63872 1
63874 1
63880 1
63883 2
63888 1
63890 1
63894 1
63896 3
63903 1
63908 2
63916 1
63918 1
63921 1
63923 2
63934 1
63936 1
63940 2
63944 1
63947 1
63951 1
63952 1
63956 1
63957 1
63961 1
63970 1
63976 1
63980 1
63981 1
63985 1
63986 1
63987 1
63989 1
63991 1
63992 1
63993 1
63995 1
63999 1
64010 1
64011 1
64012 1
64015 1
64017 1
64018 1
64020 1
64022 1
64027 1
64028 1
64030 1
64032 1
64034 1
64035 1
64036 1
64039 1
64040 1
64042 1
64057 1
64059 1
64061 1
64063 1
64066 1
64073 1
64074 1
64076 1
64084 1
64085 1
64088 1
64091 1
64094 1
64097 1
64099 1
64106 1
64107 1
64113 1
64115 1
64117 1
64121 1
64134 1
64138 1
64139 1
64150 1
64151 1
64153 1
64154 1
64156 1
64158 1
64159 1
64160 1
64164 1
64165 1
64171 1
64177 1
64180 1
64184 1
64186 2
64191 1
64193 1
64195 1
64201 1
64205 1
64209 1
64211 1
64213 1
64220 1
64221 1
64223 1
64227 1
64231 1
64234 1
64236 1
64238 1
64240 1
64241 1
64243 1
64246 1
64247 1
64250 1
64251 1
64253 1
64255 1
64257 1
64261 1
64265 1
64267 1
64272 1
64276 1
64277 1
64279 1
64282 1
64284 1
64287 1
64289 1
64290 1
64300 1
64305 1
64313 2
64316 1
64317 1
64319 1
64321 1
64325 1
64332 1
64334 1
64335 1
64338 2
64339 2
64341 1
64343 1
64344 2
64351 1
64353 1
64355 1
64357 1
64358 1
64362 1
64366 1
64367 1
64368 1
64370 1
64378 1
64379 1
64383 1
64386 1
64388 1
64393 1
64395 1
64396 2
64397 1
64400 1
64406 1
64409 2
64410 1
64413 1
64415 1
64417 1
64418 1
64419 1
64421 1
64423 1
64427 1
64430 1
64432 1
64434 1
64435 1
64437 1
64439 1
64441 1
64442 1
64443 1
64445 1
64446 2
64449 1
64451 1
64455 1
64458 1
64460 1
64462 1
64464 1
64472 1
64476 1
64483 1
64485 1
64489 1
64491 1
64492 1
64494 2
64496 1
64498 1
64502 1
64503 1
64507 1
64508 1
64515 1
64518 1
64520 1
64522 1
64524 1
64525 1
64528 1
64531 1
64535 1
64536 1
64543 1
64545 1
64553 1
64556 1
64558 1
64560 1
64567 1
64569 1
64572 1
64576 1
64582 1
64583 1
64590 1
64596 1
64598 1
64600 1
64602 1
64610 1
64615 1
64616 1
64617 1
64623 1
64627 1
64635 1
64639 1
64642 1
64646 1
64648 1
64650 1
64652 1
64654 1
64656 1
64659 1
64666 1
64671 1
64674 1
64677 1
64678 1
64679 1
64682 1
64686 1
64688 1
64690 1
64691 1
64692 1
64694 1
64695 1
64696 1
64698 1
64701 1
64706 1
64710 1
64714 1
64717 1
64720 1
64724 1
64730 1
64731 1
64733 1
64735 1
64737 1
64741 1
64743 1
64745 1
64754 1
64755 1
64756 1
64759 1
64761 1
64762 1
64769 1
64771 1
64777 1
64780 1
64782 1
64784 1
64788 1
64790 1
64792 1
64794 1
64795 1
64799 1
64801 1
64803 1
64810 1
64814 1
64819 1
64822 1
64824 1
64825 1
64827 1
64828 1
64830 1
64831 1
64833 1
64835 1
64838 1
64840 1
64841 1
64843 1
64844 1
64846 1
64848 1
64854 1
64856 1
64857 1
64858 1
64860 1
64862 1
64866 1
64867 1
64871 1
64875 1
64876 1
64877 1
64882 1
64883 1
64884 1
64886 1
64890 1
64896 1
64897 1
64899 1
64901 1
64907 1
64910 1
64913 1
64915 1
64917 1
64919 1
64922 1
64923 1
64924 1
64928 1
64930 1
64932 1
64936 1
64940 1
64943 1
64947 1
64949 1
64953 1
64955 1
64957 1
64959 1
64961 1
64963 1
64967 1
64968 1
64970 1
64971 1
64972 1
64973 1
64974 2
64975 1
64980 1
64984 1
64994 1
64997 1
65002 1
65005 1
65009 1
65018 1
65022 1
65024 1
65028 1
65030 1
65032 1
65036 1
65038 1
65041 1
65043 1
65045 1
65047 1
65055 1
65063 1
65065 1
65070 1
65072 1
65073 1
65079 1
65081 1
65083 1
65089 1
65091 1
65098 1
65103 1
65105 1
65111 1
65122 2
65125 1
65127 1
65130 1
65132 1
65136 1
65138 1
65139 1
65140 1
65141 1
65145 1
65147 1
65161 1
65164 1
65167 1
65171 1
65172 1
65174 1
65178 1
65180 1
65188 1
65189 1
65191 1
65195 1
65196 1
65197 1
65199 2
65202 1
65207 1
65211 1
65214 1
65216 2
65217 1
65221 1
65222 1
65224 1
65225 1
65233 1
65235 1
65238 1
65241 1
65248 1
65252 1
65254 1
65255 1
65258 1
65260 1
65261 1
65264 1
65266 1
65268 1
65274 1
65277 1
65282 1
65284 1
65285 1
65286 1
65290 1
65291 1
65292 1
65296 1
65299 1
65300 1
65304 1
65305 1
65315 1
65316 1
65319 1
65320 2
65321 1
65324 1
65325 1
65331 2
65333 1
65340 1
65342 1
65348 1
65363 1
65364 1
65366 1
65368 1
65374 1
65375 1
65376 1
65377 1
65380 1
65387 1
65393 1
65395 1
65396 1
65400 1
65402 1
65403 1
65404 1
65412 1
65414 1
65419 1
65428 1
65431 1
65432 1
65434 1
65435 1
65436 1
65452 1
65454 1
65456 1
65460 1
65461 2
65463 1
65468 1
65469 1
65471 1
65473 1
65483 1
65488 1
65490 1
65492 1
65496 1
65500 1
65502 1
65505 1
65506 1
65508 1
65512 1
65515 1
65522 1
65524 1
65526 2
65529 1
65530 1
65531 1
65539 1
65540 1
65548 2
65549 1
65553 1
65555 1
65564 1
65576 1
65577 1
65581 1
65582 1
65589 1
65590 1
65591 1
65593 1
65595 1
65597 1
65602 1
65604 1
65605 1
65606 1
65608 1
65610 1
65611 1
65612 1
65614 1
65615 1
65619 1
65621 1
65624 1
65626 1
65628 1
65634 1
65646 1
65652 1
65655 1
65658 1
65659 1
65660 1
65662 1
65667 1
65676 1
65678 1
65682 1
65683 1
65684 1
65685 1
65687 1
65690 1
65691 1
65702 1
65706 1
65707 1
65709 1
65712 1
65715 1
65718 1
65722 1
65724 1
65728 2
65737 1
65739 1
65743 1
65745 1
65747 1
65751 1
65753 1
65763 1
65766 1
65768 1
65770 1
65773 1
65774 1
65775 1
65779 1
65801 1
65804 1
65805 1
65811 1
65813 1
65816 1
65818 1
65819 1
65820 1
65823 1
65825 1
65827 1
65833 1
65835 1
65837 1
65840 1
65844 1
65848 1
65854 1
65855 1
65857 1
65859 2
65860 1
65861 1
65865 1
65867 1
65872 1
65873 1
65874 1
65876 1
65878 1
65881 1
65890 1
65891 1
65895 1
65902 1
65904 1
65905 1
65906 2
65908 1
65912 1
65914 1
65916 1
65926 1
65928 1
65933 1
65938 1
65943 1
65947 1
65950 1
65957 1
65958 1
65959 1
65964 1
65966 1
65967 1
65969 1
65972 1
65973 1
65974 1
65978 1
65979 1
65982 1
65986 1
65988 1
65990 1
65996 1
65997 1
65999 1
66003 1
66007 1
66008 1
66012 1
66013 1
66018 1
66019 1
66022 1
66024 1
66026 1
66030 1
66034 1
66035 1
66038 1
66039 1
66040 1
66047 1
66049 1
66050 1
66053 1
66058 1
66065 1
66067 1
66069 1
66071 1
66073 1
66075 1
66078 1
66080 2
66082 1
66088 1
66092 1
66094 1
66096 1
66097 1
66099 1
66103 1
66107 1
66111 1
66117 1
66120 1
66121 1
66122 1
66126 1
66127 1
66129 1
66131 1
66133 1
66137 1
66138 1
66140 1
66142 1
66143 1
66146 1
66148 1
66150 1
66151 1
66156 1
66160 1
66165 1
66169 1
66171 1
66173 1
66176 1
66177 1
66181 1
66187 1
66194 1
66196 1
66198 1
66200 1
66201 1
66204 1
66207 1
66210 1
66212 1
66214 1
66216 1
66218 1
66225 1
66228 1
66230 1
66234 1
66236 1
66238 1
66242 1
66243 1
66244 1
66245 1
66247 1
66256 1
66258 1
66260 1
66262 1
66263 1
66267 1
66271 1
66273 1
66277 1
66282 1
66286 1
66287 1
66290 1
66292 1
66298 1
66302 2
66304 1
66306 1
66309 1
66310 1
66312 2
66314 1
66318 1
66320 1
66332 1
66333 1
66336 1
66338 1
66339 1
66343 1
66349 1
66355 1
66357 1
66363 1
66369 1
66371 1
66374 1
66378 1
66380 1
66387 1
66388 1
66390 1
66391 1
66392 1
66395 1
66397 1
66399 1
66401 1
66403 1
66407 2
66408 1
66409 1
66414 1
66415 1
66417 1
66418 1
66426 1
66429 1
66441 1
66447 1
66448 8
66452 1
66454 1
66457 1
66459 1
66461 1
66463 1
66471 1
66473 1
66476 1
66480 1
66481 1
66488 1
66489 1
66492 1
66494 1
66495 1
66497 1
66499 1
66501 1
66502 1
66504 1
66505 1
66506 1
66508 1
66509 1
66516 1
66519 1
66521 1
66523 1
66529 1
66534 1
66536 1
66539 1
66543 1
66544 1
66550 1
66552 1
66553 1
66555 1
66556 1
66558 1
66562 1
66564 1
66568 1
66572 1
66574 1
66576 1
66578 1
66588 1
66591 1
66593 1
66594 1
66596 1
66598 1
66599 1
66601 1
66606 1
66609 1
66619 1
66621 1
66622 1
66624 1
66626 1
66627 1
66629 1
66633 1
66635 1
66637 1
66641 2
66642 1
66648 1
66649 1
66651 1
66653 1
66655 1
66657 1
66665 1
66668 1
66670 1
66671 1
66672 1
66673 1
66675 1
66679 1
66681 1
66683 1
66689 2
66698 1
66701 1
66703 1
66705 1
66707 1
66709 1
66711 1
66713 1
66715 1
66717 1
66719 1
66721 1
66723 1
66725 1
66727 1
66731 1
66735 1
66739 1
66741 1
66742 1
66748 1
66753 1
66755 1
66756 1
66770 1
66774 1
66775 1
66779 1
66789 1
66794 1
66795 1
66798 1
66800 1
66803 1
66805 1
66811 2
66815 1
66816 1
66821 1
66824 2
66834 1
66836 1
66839 1
66843 1
66845 1
66851 1
66853 1
66855 1
66857 1
66859 1
66861 2
66863 1
66867 1
66871 1
66875 1
66879 1
66881 1
66883 1
66889 1
66895 1
66899 1
66901 1
66910 1
66913 1
66916 1
66918 1
66920 1
66924 1
66925 1
66929 1
66931 1
66939 1
66941 2
66942 2
66945 1
66947 1
66948 1
66950 1
66952 1
66957 1
66961 1
66963 1
66964 1
66966 1
66968 1
66970 1
66975 1
66980 1
66981 1
66986 1
66988 1
66990 1
66993 1
66995 1
66997 1
66999 1
67001 1
67005 1
67008 1
67010 1
67014 1
67016 1
67017 1
67020 1
67021 1
67031 1
67032 2
67035 1
67038 1
67040 1
67042 1
67044 1
67046 1
67052 1
67054 1
67058 1
67059 1
67063 1
67067 1
67077 1
67079 1
67083 1
67084 1
67086 1
67091 1
67092 1
67094 1
67100 1
67102 1
67104 2
67105 1
67107 1
67112 1
67116 1
67117 1
67118 1
67119 1
67120 1
67123 1
67127 1
67129 1
67130 1
67132 1
67134 1
67137 1
67139 1
67141 1
67143 1
67145 1
67147 1
67151 1
67153 1
67155 1
67163 1
67166 1
67170 1
67174 1
67175 2
67180 1
67195 1
67197 1
67198 1
67200 1
67202 1
67204 1
67209 1
67213 1
67215 1
67216 1
67225 1
67227 1
67228 1
67234 1
67237 1
67239 1
67240 1
67242 2
67244 1
67247 1
67249 1
67251 1
67255 1
67257 1
67259 1
67265 1
67266 1
67267 1
67268 1
67273 1
67281 1
67285 1
67290 1
67294 1
67295 1
67299 1
67301 1
67306 1
67308 1
67312 1
67314 1
67318 1
67324 1
67330 1
67332 1
67338 1
67339 1
67340 1
67342 1
67343 1
67344 1
67347 1
67349 1
67353 1
67355 1
67361 1
67363 1
67369 1
67374 1
67375 1
67378 1
67382 2
67390 1
67392 1
67396 1
67397 1
67398 1
67404 1
67406 1
67410 1
67412 1
67414 1
67415 1
67416 1
67418 1
67419 1
67420 1
67424 1
67433 1
67434 1
67436 1
67440 1
67445 1
67448 3
67450 1
67452 1
67459 2
67462 1
67463 1
67465 1
67474 1
67477 1
67479 1
67481 1
67483 1
67487 1
67489 1
67490 1
67492 1
67496 1
67500 1
67502 1
67504 1
67506 1
67508 1
67518 1
67521 1
67523 1
67525 1
67527 1
67531 2
67536 1
67539 1
67541 1
67543 1
67544 1
67547 1
67552 1
67553 1
67557 1
67559 1
67563 1
67565 1
67567 1
67570 1
67573 2
67579 1
67580 1
67582 1
67585 1
67587 1
67589 1
67591 1
67597 1
67598 1
67600 1
67608 1
67609 1
67619 1
67620 1
67622 1
67624 1
67626 1
67628 1
67630 1
67632 1
67636 1
67640 1
67646 1
67650 1
67651 1
67652 1
67661 1
67663 1
67667 1
67670 1
67672 1
67674 1
67676 1
67678 1
67680 1
67682 2
67683 1
67684 1
67685 1
67690 1
67692 1
67694 1
67696 1
67698 1
67700 1
67706 1
67713 1
67715 1
67717 1
67720 1
67721 1
67723 1
67727 1
67730 1
67732 1
67734 1
67736 1
67740 1
67742 1
67744 1
67748 1
67754 1
67758 1
67759 1
67761 1
67765 1
67770 1
67774 1
67775 1
67781 1
67793 1
67795 1
67797 2
67799 1
67800 1
67802 1
67805 1
67807 1
67811 1
67815 1
67820 1
67824 1
67830 1
67831 1
67834 1
67835 1
67836 1
67845 1
67847 1
67848 1
67850 1
67854 1
67858 1
67863 1
67865 1
67867 1
67869 1
67870 1
67872 1
67875 1
67883 1
67884 1
67888 1
67889 1
67890 2
67892 1
67893 1
67898 1
67903 1
67905 1
67906 1
67907 1
67913 1
67917 1
67918 1
67920 1
67923 1
67927 1
67929 1
67931 1
67933 1
67935 1
67936 1
67938 1
67939 1
67941 1
67942 1
67944 1
67946 1
67950 1
67952 1
67964 1
67967 1
67971 1
67973 1
67974 1
67979 1
67985 1
67987 1
67989 1
67994 1
67996 1
68000 1
68001 1
68005 1
68007 1
68010 1
68012 1
68016 1
68018 1
68022 1
68026 1
68034 1
68042 1
68044 1
68046 1
68049 1
68050 1
68052 1
68054 1
68055 1
68056 1
68058 1
68060 1
68064 1
68071 1
68073 1
68077 1
68085 1
68088 1
68092 1
68094 1
68098 1
68101 1
68102 1
68103 1
68105 1
68107 1
68112 1
68114 1
68116 1
68118 1
68119 1
68125 1
68127 1
68134 1
68137 1
68139 1
68141 1
68143 1
68145 1
68146 1
68147 1
157217 1
178018 1
