1 1 100 8.47653
2 2 100 11.034
3 3 100 26.813
4 4 100 76.5659
5 5 100 82.3319
6 6 100 105.216
7 7 100 110.75
8 8 100 113.501
9 9 100 300.412
10 10 100 307.103
11 11 100 371.043
12 12 100 376.825
13 13 100 424.915
14 14 100 463.624
15 15 100 501.597
16 16 100 521.174
17 17 100 535.693
18 18 100 546.626
19 19 100 556.547
20 20 100 559.386
21 21 100 561.938
22 22 100 571.848
23 23 100 580.941
24 24 100 589.666
25 25 100 596.735
26 26 100 598.471
27 27 100 604.989
28 28 100 606.721
29 29 100 609.067
30 30 100 615.585
31 31 100 621.367
32 32 100 626.781
33 33 100 631.827
34 34 100 635.943
35 35 100 640.622
36 36 100 642.725
37 37 100 644.829
38 38 100 646.156
39 39 100 650.467
40 40 100 654.594
41 41 100 656.355
42 42 100 660.298
43 43 100 664.241
44 44 100 667.908
45 45 100 671.33
46 46 100 674.905
47 47 100 677.681
48 48 100 681.072
49 49 100 684.095
50 50 100 687.302
