1 1 100 274.945
2 2 100 352.77
3 3 100 5744.78
4 4 100 5819.25
5 5 100 5891.9
6 6 100 5937.37
7 7 100 5969.03
8 8 100 6003.71
9 9 100 6026.53
10 10 100 6048.12
11 11 100 6067.18
12 12 100 6083.7
13 13 100 6101.81
14 14 100 6112.96
15 15 100 6126.74
16 16 100 6138.55
17 17 100 6152.07
18 18 100 6197.8
19 19 100 6209.47
20 20 100 6218.5
21 21 100 6234.15
22 22 100 6244.35
23 23 100 6250.7
24 24 100 6257.58
25 25 100 6312.11
26 26 100 6319.3
27 27 100 6326.46
28 28 100 6342.18
29 29 100 6346.29
30 30 100 6353.91
31 31 100 6366.72
32 32 100 6371.54
33 33 100 6390.76
34 34 100 6394.04
35 35 100 6396.61
36 36 100 6402.05
37 37 100 6406.2
38 38 100 6410.2
39 39 100 6437.18
40 40 100 6445.88
41 41 100 6447.72
42 42 100 6451.69
43 43 100 6455.56
44 44 100 6460.09
45 45 100 6464.3
46 46 100 6505.97
47 47 100 6507.91
48 48 100 6512
49 49 100 6515.94
50 50 100 6526.49
