1 1 100 6524.12
2 2 100 7144.24
3 3 100 7804.49
4 4 100 8250.19
5 5 100 8484.2
6 6 100 8605.03
7 7 100 9197.83
8 8 100 9278.07
9 9 100 9360.02
10 10 100 9429.33
11 11 100 9841.17
12 12 100 9901.22
13 13 100 9955.84
14 14 100 9999.86
15 15 100 10038.9
16 16 100 10073.6
17 17 100 10106
18 18 100 10119.2
19 19 100 10139.8
20 20 100 10214.3
21 21 100 10304.5
22 22 100 10317.7
23 23 100 10334.7
24 24 100 10353.1
25 25 100 10377.4
26 26 100 10395.2
27 27 100 10408.4
28 28 100 10934.8
29 29 100 11116.2
30 30 100 11125.5
31 31 100 11137.3
32 32 100 11159.4
33 33 100 11186.4
34 34 100 11193.6
35 35 100 11201.4
36 36 100 11262
37 37 100 11269.3
38 38 100 11327
39 39 100 11348.6
40 40 100 11352.9
41 41 100 11379.7
42 42 100 11386.3
43 43 100 11395.8
44 44 100 11401.4
45 45 100 11409.2
46 46 100 11472.2
47 47 100 11490.7
48 48 100 11495.4
49 49 100 11512.4
50 50 100 11686.3
