1 1 100 1
2 2 100 45.8413
3 3 100 158.075
4 4 100 5770.59
5 5 100 5773.08
6 6 100 5786.1
7 7 100 5914.36
8 8 100 5928.12
9 9 100 5929.67
10 10 100 7017.25
11 11 100 7109.34
12 12 100 7116.55
13 13 100 7173.82
14 14 100 7179.75
15 15 100 7182.27
16 16 100 7221.21
17 17 100 7230.23
18 18 100 7251.11
19 19 100 7644.99
20 20 100 7650.04
21 21 100 7709.05
22 22 100 7710.05
23 23 100 7774.66
24 24 100 7846.51
25 25 100 7911.16
26 26 100 8223.36
27 27 100 8250.03
28 28 100 8254.22
29 29 100 8258.68
30 30 100 8297.5
31 31 100 8325.4
32 32 100 8328.36
33 33 100 8362.8
34 34 100 8385.72
35 35 100 8412.38
36 36 100 8437.69
37 37 100 8441.01
38 38 100 8461.97
39 39 100 8465.21
40 40 100 8481.96
41 41 100 8482.96
42 42 100 8499.5
43 43 100 8502.71
44 44 100 8515.85
45 45 100 8529.23
46 46 100 8603.22
47 47 100 8616.27
48 48 100 8629.85
49 49 100 8632.88
50 50 100 8637.11
