1 1 100 8.14713
2 2 100 22.7765
3 3 100 59.6421
4 4 100 93.8417
5 5 100 110.347
6 6 100 1003.38
7 7 100 1021.14
8 8 100 1029.41
9 9 100 1039.35
10 10 100 1041.72
11 11 100 1223.04
12 12 100 1230.84
13 13 100 1235.78
14 14 100 1241.33
15 15 100 1293.88
16 16 100 1296.53
17 17 100 1332.46
18 18 100 1336.25
19 19 100 1340.21
20 20 100 1343.89
21 21 100 1347.24
22 22 100 1375.3
23 23 100 1397.36
24 24 100 1416.26
25 25 100 1433.16
26 26 100 1449.67
27 27 100 1467.12
28 28 100 1481.27
29 29 100 1484.11
30 30 100 1487.32
31 31 100 1489.92
32 32 100 1501.4
33 33 100 1511.05
34 34 100 1513.89
35 35 100 1522.8
36 36 100 1531.56
37 37 100 1540.75
38 38 100 1549.04
39 39 100 1557.4
40 40 100 1565.76
41 41 100 1572.74
42 42 100 1580.03
43 43 100 1587.29
44 44 100 1589.34
45 45 100 1591.54
46 46 100 1598.06
47 47 100 1604.03
48 48 100 1609.85
49 49 100 1615.26
50 50 100 1620.25
