1 1 100 28.2967
2 2 100 47.3211
3 3 100 63.1282
4 4 100 74.1138
5 5 100 85.8559
6 6 100 94.46
7 7 100 100.978
8 8 100 105.289
9 9 100 109.6
10 10 100 112.233
11 11 100 116.176
12 12 100 120.085
13 13 100 124.028
14 14 100 127.603
15 15 100 130.105
16 16 100 131.646
17 17 100 132.738
18 18 100 135.577
19 19 100 138.416
20 20 100 141.239
21 21 100 143.097
22 22 100 144.395
23 23 100 145.785
24 24 100 147.98
25 25 100 150.452
26 26 100 152.923
27 27 100 154.046
28 28 100 156.161
29 29 100 158.632
30 30 100 160.276
31 31 100 162.747
32 32 100 165.219
33 33 100 167.047
34 34 100 168.139
35 35 100 169.288
36 36 100 170.31
37 37 100 171.218
38 38 100 172.24
39 39 100 173.262
40 40 100 175.366
41 41 100 177.128
42 42 100 179.231
43 43 100 181.335
44 44 100 183.438
45 45 100 184.929
46 46 100 186.646
47 47 100 188.75
48 48 100 190.542
49 49 100 192.646
50 50 100 194.658
