1 1 100 43.4146
2 2 100 84.679
3 3 100 123.75
4 4 100 125.177
5 5 100 160.798
6 6 100 186.207
7 7 100 207.624
8 8 100 222.064
9 9 100 224.201
10 10 100 235.02
11 11 100 237.046
12 12 100 238.656
13 13 100 249.667
14 14 100 253.781
15 15 100 258.349
16 16 100 260.054
17 17 100 269.516
18 18 100 277.914
19 19 100 285.762
20 20 100 293.935
21 21 100 302.319
22 22 100 309.114
23 23 100 310.195
24 24 100 311.276
25 25 100 317.61
26 26 100 322.736
27 27 100 328.088
28 28 100 333.503
29 29 100 337.944
30 30 100 341.397
31 31 100 345.459
32 32 100 349.218
33 33 100 353.161
34 34 100 356.92
35 35 100 360.128
36 36 100 364.071
37 37 100 365.899
38 38 100 369.198
39 39 100 372.773
40 40 100 376.348
41 41 100 379.924
42 42 100 382.886
43 43 100 386.461
44 44 100 390.036
45 45 100 393.244
46 46 100 396.451
47 47 100 399.906
48 48 100 403.114
49 49 100 406.321
50 50 100 407.699
