1 1 100 6.15031
2 2 100 7.51819
3 3 100 8.54609
4 4 100 82.927
5 5 100 84.2949
6 6 100 85.6628
7 7 100 87.0307
8 8 100 88.1043
9 9 100 89.4721
10 10 100 90.4836
11 11 100 91.8515
12 12 100 93.5873
13 13 100 94.9552
14 14 100 95.9831
15 15 100 97.351
16 16 100 98.7189
17 17 100 99.9028
18 18 100 101.639
19 19 100 103.742
20 20 100 104.804
21 21 100 106.539
22 22 100 107.907
23 23 100 110.011
24 24 100 111.379
25 25 100 112.747
26 26 100 114.114
27 27 100 117.874
28 28 100 119.241
29 29 100 120.253
30 30 100 123.951
31 31 100 124.962
32 32 100 126.33
33 33 100 127.698
34 34 100 128.71
35 35 100 129.801
36 36 100 131.537
37 37 100 133.273
38 38 100 134.641
39 39 100 135.669
40 40 100 137.037
41 41 100 138.772
42 42 100 140.52
43 43 100 142.284
44 44 100 143.376
45 45 100 144.387
46 46 100 146.338
47 47 100 147.705
48 48 100 149.073
49 49 100 150.102
50 50 100 151.837
