1 1 100 168.549
2 2 100 398.733
3 3 100 423.099
4 4 100 424.747
5 5 100 450.872
6 6 100 454.263
7 7 100 461.476
8 8 100 464.407
9 9 100 487.611
10 10 100 490.266
11 11 100 509.653
12 12 100 515.019
13 13 100 517.307
14 14 100 522.123
15 15 100 525.197
16 16 100 530.243
17 17 100 534.462
18 18 100 543.189
19 19 100 547.5
20 20 100 549.273
21 21 100 553.854
22 22 100 556.723
23 23 100 587.371
24 24 100 589.413
25 25 100 592.262
26 26 100 594.229
27 27 100 601.237
28 28 100 603.458
29 29 100 609.194
30 30 100 611.113
31 31 100 612.139
32 32 100 613.157
33 33 100 614.157
34 34 100 615.821
35 35 100 616.821
36 36 100 617.861
37 37 100 619.256
38 38 100 621.176
39 39 100 622.958
40 40 100 624.234
41 41 100 625.455
42 42 100 627.558
43 43 100 629.11
44 44 100 636.375
45 45 100 638.802
46 46 100 640.722
47 47 100 648.719
48 48 100 650.547
49 49 100 651.547
50 50 100 653.282
