3 547 0 1 1 0 38 0 1 0
3 6006 0 1 1 0 33 0 1 0
3 7268 0 1 1 0 39 0 1 0
3 8285 0 1 1 0 68 0 1 0
3 10291 0 1 1 0 38 0 1 0
3 11809 0 1 1 0 246 0 1 0
3 11830 0 1 1 0 234 0 1 0
3 11841 0 1 1 0 221 0 1 0
3 13237 0 1 1 0 33 0 1 0
3 14087 0 1 1 0 34 0 1 0
3 16817 0 1 1 0 58 0 1 0
3 25745 0 1 1 0 147 0 1 0
3 25805 0 1 1 0 111 0 1 0
3 25848 0 1 1 0 89 0 1 0
3 26017 0 1 1 0 85 0 1 0
3 26120 0 1 1 0 62 0 1 0
3 26183 0 1 1 0 63 0 1 0
3 26264 0 1 1 0 42 0 1 0
3 26379 0 1 1 0 31 0 1 0
3 26419 0 1 1 0 33 0 1 0
3 26468 0 1 1 0 30 0 1 0
3 26554 0 1 1 0 31 0 1 0
3 26599 0 1 1 0 36 0 1 0
3 26887 0 1 1 0 23 0 1 0
3 26939 0 1 1 0 30 0 1 0
3 27107 0 1 1 0 33 0 1 0
3 27158 0 1 1 0 25 0 1 0
3 27189 0 1 1 0 30 0 1 0
3 27272 0 1 1 0 48 0 1 0
3 27913 0 2 2 0 59 0 2 0
3 28166 0 1 1 0 27 0 1 0
3 28236 0 1 1 0 23 0 1 0
54 17310 0 1 1 0 105 0 1 0
82 6585 0 1 1 0 63 0 1 0
96 476 0 1 1 0 437 0 1 0
96 2518 0 1 1 0 37 0 1 0
96 5761 0 1 1 0 173 0 1 0
96 5919 0 1 1 0 46 0 1 0
96 8585 0 1 1 0 604 0 1 0
96 11357 0 1 1 0 54 0 1 0
96 14412 0 1 1 0 178 0 1 0
151 16940 0 1 1 0 2176 0 1 0
194 615 1 0 1 14 0 1 0 0
194 4547 1 0 1 153 0 1 0 0
194 8498 1 0 1 184 0 1 0 0
194 12682 1 0 1 3895 0 1 0 0
194 17097 1 0 1 96 0 1 0 0
194 17160 1 0 1 108 0 1 0 0
194 17186 1 0 1 113 0 1 0 0
194 17324 1 0 1 146 0 1 0 0
194 17680 1 0 1 238 0 1 0 0
194 17821 1 0 1 272 0 1 0 0
194 18974 1 0 1 589 0 1 0 0
194 22125 1 0 1 1513 0 1 0 0
194 25810 1 0 1 2848 0 1 0 0
194 28563 1 0 1 3694 0 1 0 0
222 5992 0 1 1 0 34 0 1 0
222 23525 0 1 1 0 68 0 1 0
281 23382 0 1 1 0 223 0 1 0
297 22252 0 1 1 0 250 0 1 0
303 17807 1 0 1 354 0 1 0 0
322 468 0 1 1 0 401 0 1 0
322 2212 0 1 1 0 1725 0 1 0
322 3095 0 1 1 0 39 0 1 0
322 3896 0 1 1 0 89 0 1 0
322 4501 0 1 1 0 82 0 1 0
322 5907 0 1 1 0 653 0 1 0
322 6457 0 1 1 0 491 0 1 0
322 7017 0 1 1 0 2335 0 1 0
322 7022 0 1 1 0 2325 0 1 0
322 7160 0 1 1 0 2285 0 1 0
322 7686 0 1 1 0 2106 0 1 0
322 8285 0 3 3 0 2140 0 3 0
322 8335 0 1 1 0 1837 0 1 0
322 8995 0 1 1 0 1673 0 1 0
322 9102 0 2 2 0 2035 0 2 0
322 9361 0 1 1 0 1541 0 1 0
322 9517 0 1 1 0 1483 0 1 0
322 9607 0 1 1 0 1439 0 1 0
322 9805 0 1 1 0 1349 0 1 0
322 10139 0 1 1 0 1240 0 1 0
322 10461 0 1 1 0 1095 0 1 0
322 10726 0 1 1 0 981 0 1 0
322 10945 0 1 1 0 886 0 1 0
322 10957 0 1 1 0 869 0 1 0
322 10998 0 1 1 0 845 0 1 0
322 11206 0 1 1 0 774 0 1 0
322 11544 0 1 1 0 634 0 1 0
322 11761 0 1 1 0 544 0 1 0
322 11809 0 1 1 0 503 0 1 0
322 11841 0 1 1 0 479 0 1 0
322 11848 0 1 1 0 469 0 1 0
322 11989 0 1 1 0 358 0 1 0
322 12024 0 1 1 0 327 0 1 0
322 12106 0 1 1 0 296 0 1 0
322 12166 0 1 1 0 278 0 1 0
322 12334 0 1 1 0 88 0 1 0
322 12391 0 1 1 0 61 0 1 0
322 12459 0 1 1 0 41 0 1 0
322 12838 0 1 1 0 147 0 1 0
322 12963 0 1 1 0 186 0 1 0
322 12996 0 1 1 0 200 0 1 0
322 13701 0 1 1 0 628 0 1 0
322 13882 0 1 1 0 96 0 1 0
322 14238 0 1 1 0 1057 0 1 0
322 15795 0 1 1 0 56 0 1 0
322 16041 0 1 1 0 114 0 1 0
322 16128 0 1 1 0 138 0 1 0
322 16145 0 1 1 0 57 0 1 0
322 16225 0 1 1 0 25 0 1 0
322 16729 0 1 1 0 64 0 1 0
322 16807 0 1 1 0 129 0 1 0
322 17070 0 1 1 0 72 0 1 0
322 17096 0 1 1 0 62 0 1 0
322 17347 0 1 1 0 56 0 1 0
322 18027 0 1 1 0 82 0 1 0
322 18104 0 1 1 0 44 0 1 0
322 18110 0 1 1 0 34 0 1 0
322 18290 0 1 1 0 94 0 1 0
322 18337 0 1 1 0 65 0 1 0
322 18414 0 1 1 0 41 0 1 0
322 18419 0 1 1 0 37 0 1 0
322 18470 0 1 1 0 119 0 1 0
322 18520 0 1 1 0 75 0 1 0
322 18667 0 1 1 0 26 0 1 0
322 18883 0 1 1 0 22 0 1 0
322 18971 0 1 1 0 44 0 1 0
322 19295 0 1 1 0 29 0 1 0
322 19318 0 1 1 0 20 0 1 0
322 19340 0 1 1 0 61 0 1 0
322 28997 0 1 1 0 95 0 1 0
322 29009 0 1 1 0 84 0 1 0
359 12042 0 1 1 0 1107 0 1 0
363 7801 1 0 1 55 0 1 0 0
363 7868 1 0 1 70 0 1 0 0
363 8167 1 0 1 139 0 1 0 0
363 9198 1 0 1 348 0 1 0 0
363 23951 1 0 1 4627 0 1 0 0
379 18104 0 1 1 0 733 0 1 0
392 14087 1 1 2 500 178 1 1 0
392 16163 1 0 1 1089 0 1 0 0
441 4614 1 0 1 64 0 1 0 0
441 12323 1 0 1 902 0 1 0 0
441 22165 1 0 1 95 0 1 0 0
441 23434 1 0 1 38 0 1 0 0
441 23518 1 0 1 46 0 1 0 0
441 23585 1 0 1 1276 0 1 0 0
441 23596 1 0 1 72 0 1 0 0
441 23623 1 0 1 79 0 1 0 0
441 23682 1 0 1 103 0 1 0 0
441 23687 1 0 1 107 0 1 0 0
441 23702 1 0 1 113 0 1 0 0
441 23764 1 0 1 133 0 1 0 0
441 23784 1 0 1 138 0 1 0 0
441 23847 1 0 1 159 0 1 0 0
441 23872 1 0 1 167 0 1 0 0
441 24086 1 0 1 253 0 1 0 0
441 24210 1 0 1 288 0 1 0 0
441 24219 1 0 1 313 0 1 0 0
441 24319 1 0 1 326 0 1 0 0
441 24466 1 0 1 374 0 1 0 0
441 24610 1 0 1 432 0 1 0 0
441 24775 1 0 1 493 0 1 0 0
441 24839 1 0 1 548 0 1 0 0
441 24888 1 0 1 534 0 1 0 0
441 24996 1 0 1 619 0 1 0 0
441 25255 1 0 1 758 0 1 0 0
441 25262 1 0 1 759 0 1 0 0
441 25514 1 0 1 831 0 1 0 0
441 25565 1 0 1 851 0 1 0 0
441 25705 1 0 1 901 0 1 0 0
441 25975 1 0 1 988 0 1 0 0
441 26054 1 0 1 1017 0 1 0 0
441 26171 1 0 1 1045 0 1 0 0
441 26237 1 0 1 1484 0 1 0 0
441 26266 1 0 1 1077 0 1 0 0
441 26651 1 0 1 1202 0 1 0 0
441 27688 1 0 1 1545 0 1 0 0
441 28102 1 0 1 1622 0 1 0 0
441 28420 1 0 1 1730 0 1 0 0
441 28506 1 0 1 1754 0 1 0 0
441 28738 1 0 1 1838 0 1 0 0
468 552 1 0 1 1661 0 1 0 0
468 7361 1 0 1 2437 0 1 0 0
468 8605 2 0 2 1900 0 2 0 0
468 12030 1 0 1 38 0 1 0 0
468 12045 1 0 1 41 0 1 0 0
468 12074 1 0 1 47 0 1 0 0
468 12124 1 0 1 56 0 1 0 0
468 12430 1 0 1 187 0 1 0 0
468 12454 1 0 1 192 0 1 0 0
468 12815 2 0 2 619 0 2 0 0
468 12872 1 0 1 285 0 1 0 0
468 13038 1 0 1 320 0 1 0 0
468 13087 1 0 1 334 0 1 0 0
468 13147 1 0 1 352 0 1 0 0
468 13162 2 0 2 608 0 2 0 0
468 13235 1 0 1 378 0 1 0 0
468 13262 1 0 1 383 0 1 0 0
468 13312 1 0 1 395 0 1 0 0
468 13331 1 0 1 401 0 1 0 0
468 13380 1 0 1 414 0 1 0 0
468 13447 1 0 1 431 0 1 0 0
468 13457 1 0 1 435 0 1 0 0
468 13543 2 0 2 538 0 2 0 0
468 13560 1 0 1 461 0 1 0 0
468 13566 1 0 1 461 0 1 0 0
468 13581 1 0 1 486 0 1 0 0
468 13686 1 0 1 491 0 1 0 0
468 13733 1 0 1 505 0 1 0 0
468 13775 1 0 1 555 0 1 0 0
468 13810 1 0 1 563 0 1 0 0
468 13817 1 0 1 564 0 1 0 0
468 13838 1 0 1 568 0 1 0 0
468 13918 1 0 1 585 0 1 0 0
468 13985 1 0 1 604 0 1 0 0
468 14072 1 0 1 627 0 1 0 0
468 14106 2 0 2 1083 0 2 0 0
468 14126 1 0 1 638 0 1 0 0
468 14140 1 0 1 642 0 1 0 0
468 14209 1 0 1 659 0 1 0 0
468 14248 1 0 1 672 0 1 0 0
468 14328 1 0 1 702 0 1 0 0
468 14410 1 0 1 724 0 1 0 0
468 14421 1 0 1 727 0 1 0 0
468 14432 1 0 1 727 0 1 0 0
468 14460 1 0 1 737 0 1 0 0
468 14467 1 0 1 739 0 1 0 0
468 14620 1 0 1 769 0 1 0 0
468 14684 1 0 1 787 0 1 0 0
468 14738 1 0 1 800 0 1 0 0
468 14752 1 0 1 803 0 1 0 0
468 14757 1 0 1 804 0 1 0 0
468 14825 1 0 1 824 0 1 0 0
468 14842 1 0 1 827 0 1 0 0
468 14865 1 0 1 832 0 1 0 0
468 14889 1 0 1 838 0 1 0 0
468 14902 1 0 1 841 0 1 0 0
468 14909 1 0 1 842 0 1 0 0
468 14948 1 0 1 852 0 1 0 0
468 14993 1 0 1 865 0 1 0 0
468 15051 1 0 1 877 0 1 0 0
468 15059 1 0 1 878 0 1 0 0
468 15092 1 0 1 2572 0 1 0 0
468 15094 1 0 1 887 0 1 0 0
468 15096 1 0 1 888 0 1 0 0
468 15165 1 0 1 901 0 1 0 0
468 15189 1 0 1 905 0 1 0 0
468 15194 1 0 1 1677 0 1 0 0
468 15199 1 0 1 906 0 1 0 0
468 15290 1 0 1 931 0 1 0 0
468 15424 1 0 1 1280 0 1 0 0
468 15475 1 0 1 1045 0 1 0 0
468 15505 1 0 1 1057 0 1 0 0
468 15561 1 0 1 1070 0 1 0 0
468 15590 1 0 1 1080 0 1 0 0
468 15612 1 0 1 1081 0 1 0 0
468 15621 1 0 1 1082 0 1 0 0
468 15624 1 0 1 1084 0 1 0 0
468 15718 1 0 1 1106 0 1 0 0
468 15720 1 0 1 1108 0 1 0 0
468 15728 1 0 1 1110 0 1 0 0
468 15733 1 0 1 1112 0 1 0 0
468 15762 1 0 1 1118 0 1 0 0
468 15804 1 0 1 1129 0 1 0 0
468 15861 1 0 1 1143 0 1 0 0
468 15869 1 0 1 1146 0 1 0 0
468 15877 1 0 1 1148 0 1 0 0
468 15899 1 0 1 1152 0 1 0 0
468 16109 1 0 1 1205 0 1 0 0
468 16154 1 0 1 1219 0 1 0 0
468 16260 1 0 1 1247 0 1 0 0
468 16400 2 0 2 1823 0 2 0 0
468 16446 1 0 1 1289 0 1 0 0
468 16474 1 0 1 1292 0 1 0 0
468 16493 1 0 1 1294 0 1 0 0
468 16522 1 0 1 1301 0 1 0 0
468 16591 1 0 1 1315 0 1 0 0
468 16620 1 0 1 1323 0 1 0 0
468 16668 1 0 1 1334 0 1 0 0
468 16772 1 0 1 1363 0 1 0 0
468 16782 1 0 1 1364 0 1 0 0
468 16811 1 0 1 1369 0 1 0 0
468 16815 1 0 1 1369 0 1 0 0
468 16831 1 0 1 1373 0 1 0 0
468 16921 1 0 1 1382 0 1 0 0
468 17011 1 0 1 1447 0 1 0 0
468 17036 1 0 1 1453 0 1 0 0
468 17068 1 0 1 1459 0 1 0 0
468 17192 1 0 1 1485 0 1 0 0
468 17196 1 0 1 1486 0 1 0 0
468 17229 1 0 1 1496 0 1 0 0
468 17322 1 0 1 1516 0 1 0 0
468 17451 1 0 1 1549 0 1 0 0
468 17506 1 0 1 1564 0 1 0 0
468 17656 1 0 1 1600 0 1 0 0
468 17682 1 0 1 1608 0 1 0 0
468 17709 1 0 1 1617 0 1 0 0
468 17761 1 0 1 1624 0 1 0 0
468 17780 1 0 1 1630 0 1 0 0
468 17933 1 0 1 4162 0 1 0 0
468 17959 1 0 1 1676 0 1 0 0
468 17973 1 0 1 1679 0 1 0 0
468 18052 1 0 1 1744 0 1 0 0
468 18110 1 0 1 1143 0 1 0 0
468 18149 1 0 1 1768 0 1 0 0
468 18152 1 0 1 1768 0 1 0 0
468 18166 1 0 1 1772 0 1 0 0
468 18384 1 0 1 1810 0 1 0 0
468 18406 1 0 1 1812 0 1 0 0
468 18439 1 0 1 1820 0 1 0 0
468 18477 1 0 1 1829 0 1 0 0
468 18485 1 0 1 1830 0 1 0 0
468 18635 1 0 1 1865 0 1 0 0
468 18660 1 0 1 1871 0 1 0 0
468 18681 1 0 1 1878 0 1 0 0
468 18912 1 0 1 1941 0 1 0 0
468 18944 1 0 1 1950 0 1 0 0
468 18965 1 0 1 1956 0 1 0 0
468 18969 1 0 1 1958 0 1 0 0
468 19007 1 0 1 1967 0 1 0 0
468 19023 1 0 1 1973 0 1 0 0
468 19143 1 0 1 2009 0 1 0 0
468 19243 1 0 1 2034 0 1 0 0
468 19462 1 0 1 2097 0 1 0 0
468 19464 1 0 1 2098 0 1 0 0
468 19539 1 0 1 2118 0 1 0 0
468 19593 1 0 1 2178 0 1 0 0
468 19669 1 0 1 2207 0 1 0 0
468 19796 1 0 1 2247 0 1 0 0
468 19882 1 0 1 2272 0 1 0 0
468 20012 1 0 1 2307 0 1 0 0
468 20086 1 0 1 2327 0 1 0 0
468 20105 1 0 1 2331 0 1 0 0
468 20155 1 0 1 2347 0 1 0 0
468 20210 1 0 1 2360 0 1 0 0
468 20212 1 0 1 2360 0 1 0 0
468 20255 1 0 1 2371 0 1 0 0
468 20268 1 0 1 2375 0 1 0 0
468 20413 1 0 1 2420 0 1 0 0
468 20453 1 0 1 2432 0 1 0 0
468 20749 1 0 1 2502 0 1 0 0
468 20757 1 0 1 2504 0 1 0 0
468 20809 1 0 1 2519 0 1 0 0
468 21026 1 0 1 2575 0 1 0 0
468 21094 1 0 1 2595 0 1 0 0
468 21160 1 0 1 2616 0 1 0 0
468 21388 1 0 1 2677 0 1 0 0
468 21435 1 0 1 2694 0 1 0 0
468 21511 1 0 1 2710 0 1 0 0
468 21521 1 0 1 2714 0 1 0 0
468 21610 1 0 1 2741 0 1 0 0
468 21657 1 0 1 2755 0 1 0 0
468 21682 1 0 1 2761 0 1 0 0
468 21831 1 0 1 2798 0 1 0 0
468 21844 1 0 1 2802 0 1 0 0
468 22113 1 0 1 2880 0 1 0 0
468 22171 1 0 1 2898 0 1 0 0
468 22228 1 0 1 3418 0 1 0 0
468 22465 1 0 1 2980 0 1 0 0
468 22541 1 0 1 3005 0 1 0 0
468 22562 1 0 1 3013 0 1 0 0
468 22564 1 0 1 3015 0 1 0 0
468 22612 1 0 1 3028 0 1 0 0
468 22622 1 0 1 3030 0 1 0 0
468 22641 1 0 1 3037 0 1 0 0
468 22744 1 0 1 3067 0 1 0 0
468 22767 1 0 1 3074 0 1 0 0
468 22866 1 0 1 3118 0 1 0 0
468 23115 1 0 1 3206 0 1 0 0
468 23134 1 0 1 3210 0 1 0 0
468 23737 1 0 1 3403 0 1 0 0
468 23754 1 0 1 3412 0 1 0 0
468 24437 1 0 1 3645 0 1 0 0
468 24535 1 0 1 3683 0 1 0 0
468 24591 1 0 1 3705 0 1 0 0
468 24741 1 0 1 3761 0 1 0 0
468 24925 1 0 1 3826 0 1 0 0
468 25011 1 0 1 3905 0 1 0 0
468 25074 1 0 1 3930 0 1 0 0
468 25371 1 0 1 4073 0 1 0 0
468 25423 1 0 1 4078 0 1 0 0
468 25639 1 0 1 4158 0 1 0 0
468 25668 1 0 1 207 0 1 0 0
468 25720 1 0 1 4184 0 1 0 0
468 25948 1 0 1 300 0 1 0 0
468 26258 1 0 1 4353 0 1 0 0
468 26290 1 0 1 4360 0 1 0 0
468 26608 1 0 1 4469 0 1 0 0
468 27141 1 0 1 4648 0 1 0 0
468 27223 1 0 1 4666 0 1 0 0
468 27231 1 0 1 710 0 1 0 0
468 27326 1 0 1 4709 0 1 0 0
468 27334 1 0 1 4711 0 1 0 0
468 27352 1 0 1 4715 0 1 0 0
468 27407 1 0 1 4729 0 1 0 0
468 27969 1 0 1 4866 0 1 0 0
468 28252 1 0 1 4951 0 1 0 0
468 28270 1 0 1 4958 0 1 0 0
468 28344 1 0 1 4981 0 1 0 0
468 28482 1 0 1 5026 0 1 0 0
468 29045 1 0 1 1264 0 1 0 0
468 29165 1 0 1 5258 0 1 0 0
468 29210 1 0 1 5272 0 1 0 0
476 1747 1 0 1 11 0 1 0 0
476 13564 1 0 1 28 0 1 0 0
476 16160 1 0 1 786 0 1 0 0
476 19268 1 0 1 1669 0 1 0 0
476 25224 1 0 1 3593 0 1 0 0
547 8112 1 0 1 229 0 1 0 0
744 9618 1 0 1 205 0 1 0 0
794 7393 0 1 1 0 2782 0 1 0
904 25331 1 0 1 5574 0 1 0 0
981 5577 0 1 1 0 61 0 1 0
981 5643 2 0 2 478 0 2 0 0
981 8136 0 1 1 0 213 0 1 0
981 15289 0 1 1 0 310 0 1 0
981 27566 0 1 1 0 150 0 1 0
1112 18104 0 1 1 0 66 0 1 0
1140 9558 1 0 1 197 0 1 0 0
1182 2212 1 0 1 315 0 1 0 0
1182 15450 1 0 1 2355 0 1 0 0
1206 14029 0 1 1 0 233 0 1 0
1335 13735 1 0 1 133 0 1 0 0
1439 5712 0 1 1 0 8 0 1 0
1589 2577 1 0 1 448 0 1 0 0
1589 6529 1 0 1 9 0 1 0 0
1662 5626 1 0 1 39 0 1 0 0
1662 5774 1 0 1 140 0 1 0 0
1662 5938 1 0 1 181 0 1 0 0
1662 5940 1 0 1 181 0 1 0 0
1662 6071 1 0 1 219 0 1 0 0
1662 6197 1 0 1 242 0 1 0 0
1662 6386 1 0 1 307 0 1 0 0
1662 6678 1 0 1 376 0 1 0 0
1662 7002 1 0 1 455 0 1 0 0
1662 7192 1 0 1 493 0 1 0 0
1662 7628 1 0 1 593 0 1 0 0
1662 7872 1 0 1 695 0 1 0 0
1662 9087 1 0 1 943 0 1 0 0
1662 10080 1 0 1 1188 0 1 0 0
1662 10760 1 0 1 2824 0 1 0 0
1662 13576 1 0 1 2167 0 1 0 0
1662 14445 1 0 1 2434 0 1 0 0
1662 16659 1 0 1 5097 0 1 0 0
1662 19362 1 0 1 3769 0 1 0 0
1759 9093 1 0 1 758 0 1 0 0
1766 14405 0 1 1 0 3653 0 1 0
1766 15803 0 1 1 0 3202 0 1 0
1857 1872 1 0 1 151 0 1 0 0
1857 1973 1 0 1 153 0 1 0 0
1857 2289 1 0 1 251 0 1 0 0
1857 6611 1 0 1 13 0 1 0 0
1857 6837 1 0 1 71 0 1 0 0
1857 7135 1 0 1 138 0 1 0 0
1867 25331 1 0 1 5880 0 1 0 0
2005 5600 1 0 1 203 0 1 0 0
2005 25331 1 0 1 5935 0 1 0 0
2011 6810 0 1 1 0 39 0 1 0
2011 11452 0 1 1 0 116 0 1 0
2011 14139 0 1 1 0 10 0 1 0
2018 24393 0 1 1 0 26 0 1 0
2035 9594 1 0 1 48 0 1 0 0
2035 10040 1 0 1 164 0 1 0 0
2035 10157 1 0 1 192 0 1 0 0
2035 10216 1 0 1 206 0 1 0 0
2035 10390 1 0 1 253 0 1 0 0
2035 10867 1 0 1 409 0 1 0 0
2035 11696 1 0 1 598 0 1 0 0
2035 15487 1 0 1 1738 0 1 0 0
2035 17484 1 0 1 2244 0 1 0 0
2035 17763 1 0 1 2312 0 1 0 0
2035 18097 1 0 1 2445 0 1 0 0
2035 20623 1 0 1 3159 0 1 0 0
2035 25301 1 0 1 4734 0 1 0 0
2035 26126 1 0 1 5002 0 1 0 0
2091 14139 0 1 1 0 39 0 1 0
2105 12012 0 1 1 0 3130 0 1 0
2118 16581 1 0 1 172 0 1 0 0
2126 2197 1 0 1 21 0 1 0 0
2126 2353 1 0 1 33 0 1 0 0
2212 2541 1 0 1 97 0 1 0 0
2267 18043 1 0 1 538 0 1 0 0
2267 25509 1 0 1 2906 0 1 0 0
2381 16960 0 1 1 0 1753 0 1 0
2421 12270 1 0 1 180 0 1 0 0
2577 6995 0 1 1 0 312 0 1 0
2577 17916 0 1 1 0 84 0 1 0
2577 19767 0 1 1 0 441 0 1 0
2577 19785 0 1 1 0 423 0 1 0
2695 7079 1 0 1 437 0 1 0 0
2790 2978 1 0 1 41 0 1 0 0
2790 3403 1 0 1 808 0 1 0 0
2790 3970 1 0 1 147 0 1 0 0
2790 5578 1 0 1 21 0 1 0 0
2790 17789 1 0 1 14 0 1 0 0
2790 17824 1 0 1 24 0 1 0 0
2790 17945 1 0 1 55 0 1 0 0
2790 18369 1 0 1 188 0 1 0 0
2790 18430 1 0 1 199 0 1 0 0
2790 18956 1 0 1 335 0 1 0 0
2790 19175 1 0 1 397 0 1 0 0
2790 19573 1 0 1 554 0 1 0 0
2790 19683 1 0 1 596 0 1 0 0
2790 20575 1 0 1 844 0 1 0 0
2790 21900 1 0 1 1201 0 1 0 0
2790 29203 1 0 1 3652 0 1 0 0
3108 19691 1 0 1 478 0 1 0 0
3207 12012 0 1 1 0 1953 0 1 0
3303 3583 0 1 1 0 75 0 1 0
3351 14869 0 1 1 0 679 0 1 0
3377 8569 1 0 1 159 0 1 0 0
3377 8878 1 0 1 2365 0 1 0 0
3377 9062 1 0 1 259 0 1 0 0
3377 9704 1 0 1 159 0 1 0 0
3377 10287 1 0 1 630 0 1 0 0
3377 12191 1 0 1 604 0 1 0 0
3377 17049 1 0 1 1531 0 1 0 0
3377 22854 1 0 1 4169 0 1 0 0
3377 27356 1 0 1 4793 0 1 0 0
3377 27546 1 0 1 4851 0 1 0 0
3377 28360 1 0 1 5060 0 1 0 0
3583 3661 1 0 1 5894 0 1 0 0
3583 3671 1 0 1 89 0 1 0 0
3583 4301 1 0 1 2356 0 1 0 0
3583 7024 1 0 1 3672 0 1 0 0
3583 10170 1 0 1 998 0 1 0 0
3583 15117 1 0 1 2389 0 1 0 0
3583 16458 1 0 1 2779 0 1 0 0
3583 17482 1 0 1 5576 0 1 0 0
3583 27471 1 0 1 6660 0 1 0 0
3683 11081 0 1 1 0 27 0 1 0
3754 3755 0 1 1 0 3054 0 1 0
3871 4022 0 1 1 0 134 0 1 0
3896 20673 1 0 1 646 0 1 0 0
3946 13587 1 0 1 39 0 1 0 0
3946 14491 1 0 1 316 0 1 0 0
3975 8414 1 0 1 70 0 1 0 0
3975 8605 1 0 1 84 0 1 0 0
3975 9891 1 0 1 375 0 1 0 0
3975 10021 1 0 1 412 0 1 0 0
3975 11482 1 0 1 807 0 1 0 0
4022 4967 1 0 1 401 0 1 0 0
4022 8112 5 0 5 991 0 5 0 0
4022 16581 1 0 1 424 0 1 0 0
4022 18586 1 0 1 651 0 1 0 0
4022 19063 3 0 3 1126 0 3 0 0
4022 19284 1 0 1 266 0 1 0 0
4022 20073 1 0 1 544 0 1 0 0
4022 24804 1 0 1 2006 0 1 0 0
4022 27542 1 0 1 2617 0 1 0 0
4022 27710 1 0 1 3054 0 1 0 0
4067 6555 0 1 1 0 248 0 1 0
4161 22162 1 0 1 1250 0 1 0 0
4161 23710 1 0 1 455 0 1 0 0
4161 25309 1 0 1 1110 0 1 0 0
4161 25390 1 0 1 1132 0 1 0 0
4161 26368 0 1 1 0 387 0 1 0
4501 10694 1 0 1 812 0 1 0 0
4501 19177 1 0 1 72 0 1 0 0
4501 20712 1 0 1 548 0 1 0 0
4501 20834 1 0 1 53 0 1 0 0
4501 21229 1 0 1 2381 0 1 0 0
4501 21414 3 0 3 4836 0 3 0 0
4501 26057 1 0 1 2354 0 1 0 0
4501 27031 1 0 1 2666 0 1 0 0
4501 27412 1 0 1 2787 0 1 0 0
4520 7393 0 1 1 0 15 0 1 0
4563 6869 0 1 1 0 2374 0 1 0
4675 4950 0 1 1 0 192 0 1 0
4675 12272 0 1 1 0 202 0 1 0
4710 14423 0 1 1 0 724 0 1 0
4839 7393 0 1 1 0 4299 0 1 0
4937 14291 0 1 1 0 1683 0 1 0
4978 5406 1 0 1 94 0 1 0 0
5003 5148 1 0 1 33 0 1 0 0
5046 8075 1 0 1 881 0 1 0 0
5046 14562 1 0 1 2622 0 1 0 0
5123 8397 1 0 1 927 0 1 0 0
5134 11163 1 0 1 1600 0 1 0 0
5148 17875 0 1 1 0 387 0 1 0
5165 10991 1 0 1 170 0 1 0 0
5186 11979 0 1 1 0 1818 0 1 0
5267 5607 1 0 1 123 0 1 0 0
5268 5392 1 0 1 30 0 1 0 0
5268 5869 1 0 1 254 0 1 0 0
5335 7393 0 1 1 0 2664 0 1 0
5368 28152 1 0 1 6688 0 1 0 0
5425 5735 1 0 1 186 0 1 0 0
5473 7380 1 0 1 582 0 1 0 0
5480 12138 0 1 1 0 419 0 1 0
5508 6088 1 0 1 210 0 1 0 0
5508 7326 1 0 1 517 0 1 0 0
5508 7981 1 0 1 709 0 1 0 0
5508 11049 1 0 1 1441 0 1 0 0
5508 11397 1 0 1 1525 0 1 0 0
5508 17057 1 0 1 3150 0 1 0 0
5508 20007 1 0 1 3998 0 1 0 0
5508 20776 1 0 1 4202 0 1 0 0
5508 21639 1 0 1 4442 0 1 0 0
5508 24719 1 0 1 5446 0 1 0 0
5524 9558 1 0 1 1086 0 1 0 0
5525 19922 1 0 1 3969 0 1 0 0
5551 7753 1 0 1 642 0 1 0 0
5551 11203 1 0 1 1468 0 1 0 0
5564 15620 1 0 1 14 0 1 0 0
5607 16960 0 1 1 0 1963 0 1 0
5610 11694 0 1 1 0 328 0 1 0
5656 13654 1 0 1 2141 0 1 0 0
5677 9033 1 0 1 884 0 1 0 0
5716 9304 1 0 1 926 0 1 0 0
5754 6127 1 0 1 91 0 1 0 0
5783 7707 1 0 1 467 0 1 0 0
5783 10010 1 0 1 1032 0 1 0 0
5799 23215 1 0 1 4794 0 1 0 0
5799 23786 1 0 1 4979 0 1 0 0
5879 6950 1 0 1 277 0 1 0 0
5938 10077 0 1 1 0 547 0 1 0
6003 12164 1 0 1 1589 0 1 0 0
6005 6006 0 1 1 0 222 0 1 0
6065 6408 1 0 1 96 0 1 0 0
6065 6737 1 0 1 174 0 1 0 0
6065 7373 1 0 1 321 0 1 0 0
6065 7716 1 0 1 393 0 1 0 0
6065 8959 1 0 1 697 0 1 0 0
6065 13960 1 0 1 2085 0 1 0 0
6069 22067 1 0 1 4603 0 1 0 0
6114 16323 0 1 1 0 2893 0 1 0
6169 6851 1 0 1 180 0 1 0 0
6174 8610 1 0 1 594 0 1 0 0
6183 16323 0 1 1 0 191 0 1 0
6247 24669 2 0 2 98 0 2 0 0
6247 26670 1 0 1 20 0 1 0 0
6247 27631 1 0 1 336 0 1 0 0
6247 28800 1 0 1 674 0 1 0 0
6270 6271 0 1 1 0 40 0 1 0
6271 12861 1 0 1 1728 0 1 0 0
6399 15854 1 0 1 1493 0 1 0 0
6399 16581 1 0 1 18 0 1 0 0
6400 8985 0 1 1 0 91 0 1 0
6453 6454 0 1 1 0 62 0 1 0
6454 6877 1 0 1 158 0 1 0 0
6529 10277 0 1 1 0 61 0 1 0
6555 6774 1 0 1 55 0 1 0 0
6555 7141 1 0 1 138 0 1 0 0
6555 7433 1 0 1 207 0 1 0 0
6555 8787 1 0 1 539 0 1 0 0
6555 8983 1 0 1 577 0 1 0 0
6555 9846 1 0 1 785 0 1 0 0
6555 19854 1 0 1 3624 0 1 0 0
6611 6810 0 1 1 0 11 0 1 0
6611 14291 0 1 1 0 44 0 1 0
6644 10471 1 0 1 929 0 1 0 0
6678 26143 0 1 1 0 335 0 1 0
6748 18708 1 0 1 3197 0 1 0 0
6785 7357 1 0 1 131 0 1 0 0
6785 8127 1 0 1 348 0 1 0 0
6785 13719 1 0 1 1802 0 1 0 0
6807 10926 0 1 1 0 36 0 1 0
6810 6866 1 0 1 13 0 1 0 0
6810 7135 1 0 1 75 0 1 0 0
6810 7206 1 0 1 90 0 1 0 0
6810 7620 1 0 1 186 0 1 0 0
6810 7630 1 0 1 187 0 1 0 0
6810 7643 1 0 1 189 0 1 0 0
6837 14139 0 1 1 0 538 0 1 0
6869 9365 1 0 1 290 0 1 0 0
6869 10745 1 0 1 429 0 1 0 0
6869 17795 0 1 1 0 2085 0 1 0
6891 9672 1 0 1 4259 0 1 0 0
6891 11489 1 0 1 1128 0 1 0 0
6891 22802 1 0 1 4367 0 1 0 0
6891 25361 1 0 1 5340 0 1 0 0
6924 8153 1 0 1 320 0 1 0 0
6990 21534 0 1 1 0 174 0 1 0
7001 7091 1 0 1 17 0 1 0 0
7095 9406 1 0 1 543 0 1 0 0
7135 14139 0 1 1 0 68 0 1 0
7206 11452 0 1 1 0 363 0 1 0
7213 7297 1 0 1 24 0 1 0 0
7213 8112 1 0 1 251 0 1 0 0
7213 15588 1 0 1 36 0 1 0 0
7249 10277 0 1 1 0 35 0 1 0
7268 9349 2 0 2 643 0 2 0 0
7268 9488 1 0 1 525 0 1 0 0
7268 21860 1 0 1 105 0 1 0 0
7268 22626 1 0 1 330 0 1 0 0
7268 25445 1 0 1 1384 0 1 0 0
7361 10500 0 1 1 0 2837 0 1 0
7361 12012 0 1 1 0 2450 0 1 0
7361 14029 0 1 1 0 1832 0 1 0
7361 18104 0 1 1 0 695 0 1 0
7367 7638 1 0 1 60 0 1 0 0
7367 12877 1 0 1 1455 0 1 0 0
7370 8342 1 0 1 258 0 1 0 0
7370 9799 1 0 1 581 0 1 0 0
7370 12061 1 0 1 1213 0 1 0 0
7370 14064 1 0 1 1792 0 1 0 0
7370 17109 1 0 1 2635 0 1 0 0
7370 19788 1 0 1 3410 0 1 0 0
7370 27708 1 0 1 5998 0 1 0 0
7393 7455 1 0 1 13 0 1 0 0
7393 7590 1 0 1 45 0 1 0 0
7393 7592 1 0 1 45 0 1 0 0
7393 7662 1 0 1 58 0 1 0 0
7393 7678 1 0 1 62 0 1 0 0
7393 7687 1 0 1 64 0 1 0 0
7393 7827 1 0 1 142 0 1 0 0
7393 7849 1 0 1 148 0 1 0 0
7393 7906 1 0 1 1424 0 1 0 0
7393 7926 1 0 1 166 0 1 0 0
7393 8422 1 0 1 2745 0 1 0 0
7393 8561 1 0 1 296 0 1 0 0
7393 8612 1 0 1 305 0 1 0 0
7393 9164 1 0 1 420 0 1 0 0
7393 9824 1 0 1 581 0 1 0 0
7393 10085 1 0 1 647 0 1 0 0
7393 10237 1 0 1 685 0 1 0 0
7393 10481 1 0 1 753 0 1 0 0
7393 10555 1 0 1 768 0 1 0 0
7393 10563 1 0 1 770 0 1 0 0
7393 10565 1 0 1 771 0 1 0 0
7393 10778 1 0 1 835 0 1 0 0
7393 11303 1 0 1 972 0 1 0 0
7393 11338 1 0 1 980 0 1 0 0
7393 11709 1 0 1 1075 0 1 0 0
7393 12013 1 1 2 1193 78 1 1 0
7393 12022 1 0 1 1198 0 1 0 0
7393 12057 1 0 1 1206 0 1 0 0
7393 12107 1 0 1 1214 0 1 0 0
7393 12193 1 0 1 1230 0 1 0 0
7393 12199 1 0 1 1233 0 1 0 0
7393 12211 1 0 1 1236 0 1 0 0
7393 12365 1 0 1 1333 0 1 0 0
7393 12372 1 0 1 1334 0 1 0 0
7393 12406 1 0 1 1344 0 1 0 0
7393 12474 1 0 1 1358 0 1 0 0
7393 12480 1 0 1 1360 0 1 0 0
7393 12598 1 0 1 1468 0 1 0 0
7393 12614 1 0 1 1393 0 1 0 0
7393 12662 1 0 1 1404 0 1 0 0
7393 12835 1 0 1 1438 0 1 0 0
7393 12890 1 0 1 1451 0 1 0 0
7393 12892 1 0 1 1451 0 1 0 0
7393 12957 1 0 1 1463 0 1 0 0
7393 13055 2 0 2 1610 0 1 0 0
7393 13079 1 0 1 1494 0 1 0 0
7393 13126 1 0 1 1506 0 1 0 0
7393 13153 1 0 1 1514 0 1 0 0
7393 13190 1 0 1 1526 0 1 0 0
7393 13358 1 0 1 1570 0 1 0 0
7393 13415 1 0 1 1585 0 1 0 0
7393 13581 1 0 1 394 0 1 0 0
7393 13626 1 0 1 1636 0 1 0 0
7393 13668 1 0 1 1647 0 1 0 0
7393 13800 1 0 1 1721 0 1 0 0
7393 13812 1 0 1 1724 0 1 0 0
7393 13828 1 0 1 1727 0 1 0 0
7393 13856 1 0 1 1731 0 1 0 0
7393 13947 1 0 1 1756 0 1 0 0
7393 14046 1 0 1 1781 0 1 0 0
7393 14121 1 0 1 1798 0 1 0 0
7393 14151 1 0 1 1804 0 1 0 0
7393 14430 1 0 1 1888 0 1 0 0
7393 14465 1 0 1 1899 0 1 0 0
7393 14571 1 0 1 1918 0 1 0 0
7393 14601 1 0 1 1926 0 1 0 0
7393 14635 1 0 1 1936 0 1 0 0
7393 14659 1 0 1 1943 0 1 0 0
7393 14677 1 0 1 1947 0 1 0 0
7393 14759 1 0 1 1966 0 1 0 0
7393 14870 1 0 1 1994 0 1 0 0
7393 14914 1 0 1 2005 0 1 0 0
7393 14966 1 0 1 2020 0 1 0 0
7393 15100 1 0 1 2050 0 1 0 0
7393 15151 1 0 1 2062 0 1 0 0
7393 15363 1 0 1 2177 0 1 0 0
7393 15391 1 0 1 2185 0 1 0 0
7393 15478 1 0 1 2207 0 1 0 0
7393 15485 1 0 1 2211 0 1 0 0
7393 15564 1 0 1 2232 0 1 0 0
7393 15702 1 0 1 2266 0 1 0 0
7393 15782 1 0 1 2284 0 1 0 0
7393 15827 1 0 1 2296 0 1 0 0
7393 15932 1 0 1 2324 0 1 0 0
7393 15981 1 0 1 2334 0 1 0 0
7393 16007 1 0 1 2344 0 1 0 0
7393 16027 1 0 1 2348 0 1 0 0
7393 16090 1 0 1 2362 0 1 0 0
7393 16151 1 0 1 2378 0 1 0 0
7393 16189 1 0 1 2386 0 1 0 0
7393 16229 1 0 1 2398 0 1 0 0
7393 16717 1 0 1 2506 0 1 0 0
7393 16774 1 0 1 2524 0 1 0 0
7393 16809 1 0 1 2529 0 1 0 0
7393 16824 1 0 1 2532 0 1 0 0
7393 17064 1 0 1 2620 0 1 0 0
7393 17241 1 0 1 2659 0 1 0 0
7393 17370 1 0 1 2689 0 1 0 0
7393 17561 1 0 1 2744 0 1 0 0
7393 17650 1 0 1 2759 0 1 0 0
7393 17677 1 0 1 2767 0 1 0 0
7393 17713 1 0 1 2778 0 1 0 0
7393 17776 1 0 1 2790 0 1 0 0
7393 17987 1 0 1 2885 0 1 0 0
7393 17991 1 0 1 2885 0 1 0 0
7393 18108 1 0 1 2921 0 1 0 0
7393 18117 1 0 1 2923 0 1 0 0
7393 18125 1 0 1 2926 0 1 0 0
7393 18363 1 0 1 2967 0 1 0 0
7393 18472 1 0 1 2989 0 1 0 0
7393 19081 1 0 1 3151 0 1 0 0
7393 19105 1 0 1 3158 0 1 0 0
7393 19264 1 0 1 3202 0 1 0 0
7393 19268 1 0 1 3202 0 1 0 0
7393 19579 1 0 1 3335 0 1 0 0
7393 19626 1 0 1 3351 0 1 0 0
7393 19667 1 0 1 3368 0 1 0 0
7393 19693 1 0 1 3378 0 1 0 0
7393 19714 1 0 1 3383 0 1 0 0
7393 19818 1 0 1 3413 0 1 0 0
7393 19835 1 0 1 3418 0 1 0 0
7393 19860 1 0 1 3428 0 1 0 0
7393 19904 1 0 1 3439 0 1 0 0
7393 20059 1 0 1 3479 0 1 0 0
7393 20287 1 0 1 3543 0 1 0 0
7393 20301 1 0 1 3548 0 1 0 0
7393 20372 1 0 1 3567 0 1 0 0
7393 20480 1 0 1 3600 0 1 0 0
7393 20595 1 0 1 3629 0 1 0 0
7393 20936 1 0 1 3709 0 1 0 0
7393 21008 1 0 1 3731 0 1 0 0
7393 21097 1 0 1 3756 0 1 0 0
7393 21103 1 0 1 3759 0 1 0 0
7393 21116 1 0 1 3763 0 1 0 0
7393 21217 1 0 1 3791 0 1 0 0
7393 21368 1 0 1 3835 0 1 0 0
7393 21646 1 0 1 3914 0 1 0 0
7393 21844 1 0 1 5183 0 1 0 0
7393 21898 1 0 1 3979 0 1 0 0
7393 22158 1 0 1 4055 0 1 0 0
7393 22377 1 0 1 4115 0 1 0 0
7393 22392 1 0 1 4118 0 1 0 0
7393 22453 1 0 1 4137 0 1 0 0
7393 22751 1 0 1 4229 0 1 0 0
7393 22845 1 0 1 4268 0 1 0 0
7393 22876 1 0 1 4281 0 1 0 0
7393 23035 1 0 1 4335 0 1 0 0
7393 23197 1 0 1 4392 0 1 0 0
7393 23203 1 0 1 4394 0 1 0 0
7393 23274 1 0 1 4410 0 1 0 0
7393 24357 1 0 1 4776 0 1 0 0
7393 24502 1 0 1 4829 0 1 0 0
7393 24580 1 0 1 4861 0 1 0 0
7393 24810 1 0 1 4948 0 1 0 0
7393 25102 1 0 1 5099 0 1 0 0
7393 25150 1 0 1 5162 0 1 0 0
7393 25368 1 0 1 5227 0 1 0 0
7393 25441 1 0 1 5245 0 1 0 0
7393 25464 1 0 1 5256 0 1 0 0
7393 25607 1 0 1 5302 0 1 0 0
7393 25658 1 0 1 5323 0 1 0 0
7393 25878 1 0 1 5401 0 1 0 0
7393 26557 1 0 1 5607 0 1 0 0
7393 26899 1 0 1 5729 0 1 0 0
7393 27017 1 0 1 5765 0 1 0 0
7393 27050 1 0 1 5778 0 1 0 0
7393 27221 1 0 1 5827 0 1 0 0
7393 27528 1 0 1 5930 0 1 0 0
7393 27962 1 0 1 6026 0 1 0 0
7393 28005 1 0 1 6036 0 1 0 0
7393 28374 1 0 1 6147 0 1 0 0
7393 28734 1 0 1 6276 0 1 0 0
7393 28839 1 0 1 6314 0 1 0 0
7393 28970 1 0 1 6360 0 1 0 0
7393 29096 1 0 1 6401 0 1 0 0
7393 29112 1 0 1 6404 0 1 0 0
7393 29266 1 0 1 6449 0 1 0 0
7427 21269 1 0 1 3799 0 1 0 0
7432 7574 3 0 3 2179 0 3 0 0
7546 11076 1 0 1 879 0 1 0 0
7592 22787 1 0 1 266 0 1 0 0
7671 18104 0 1 1 0 2004 0 1 0
7685 10118 1 0 1 591 0 1 0 0
7800 7891 1 0 1 72 0 1 0 0
7800 12084 1 0 1 1075 0 1 0 0
7807 8417 0 2 2 0 3557 0 2 0
7846 7902 1 0 1 14 0 1 0 0
7846 7906 1 0 1 14 0 1 0 0
7846 7956 1 0 1 24 0 1 0 0
7846 7959 1 0 1 24 0 1 0 0
7846 8012 1 0 1 37 0 1 0 0
7846 8014 1 0 1 37 0 1 0 0
7846 8024 1 0 1 39 0 1 0 0
7846 8026 1 0 1 39 0 1 0 0
7846 8031 1 0 1 40 0 1 0 0
7846 8044 1 0 1 41 0 1 0 0
7846 8051 1 0 1 43 0 1 0 0
7846 8070 1 0 1 49 0 1 0 0
7846 8140 1 0 1 64 0 1 0 0
7846 8186 1 0 1 75 0 1 0 0
7846 8218 1 0 1 82 0 1 0 0
7846 8220 1 0 1 83 0 1 0 0
7846 8283 1 0 1 95 0 1 0 0
7846 8292 1 0 1 96 0 1 0 0
7846 8359 1 0 1 105 0 1 0 0
7846 8406 1 0 1 116 0 1 0 0
7846 8414 2 0 2 1658 0 2 0 0
7846 8641 1 0 1 162 0 1 0 0
7846 8671 1 0 1 172 0 1 0 0
7846 8731 1 0 1 182 0 1 0 0
7846 8977 1 0 1 230 0 1 0 0
7846 9046 1 0 1 246 0 1 0 0
7846 9272 1 0 1 293 0 1 0 0
7846 9283 1 0 1 294 0 1 0 0
7846 9473 1 0 1 345 0 1 0 0
7846 9483 1 0 1 348 0 1 0 0
7846 9549 1 0 1 361 0 1 0 0
7846 9590 1 0 1 372 0 1 0 0
7846 9806 1 0 1 430 0 1 0 0
7846 9881 1 0 1 446 0 1 0 0
7846 10067 1 0 1 494 0 1 0 0
7846 10137 1 0 1 513 0 1 0 0
7846 10368 1 0 1 573 0 1 0 0
7846 10392 1 0 1 579 0 1 0 0
7846 10702 1 0 1 661 0 1 0 0
7846 11295 1 0 1 820 0 1 0 0
7846 11916 1 0 1 979 0 1 0 0
7846 11961 1 0 1 989 0 1 0 0
7846 12076 1 0 1 1060 0 1 0 0
7846 12090 1 0 1 1062 0 1 0 0
7846 12185 1 0 1 1079 0 1 0 0
7846 13067 1 0 1 2859 0 1 0 0
7846 13092 1 0 1 1349 0 1 0 0
7846 13130 1 0 1 1360 0 1 0 0
7846 13197 1 0 1 1379 0 1 0 0
7846 13463 1 0 1 1449 0 1 0 0
7846 13491 1 0 1 1456 0 1 0 0
7846 13972 1 0 1 1613 0 1 0 0
7846 14797 1 0 1 1830 0 1 0 0
7846 15126 1 0 1 1910 0 1 0 0
7846 15228 1 0 1 1926 0 1 0 0
7846 16406 1 0 1 2292 0 1 0 0
7846 17643 1 0 1 2611 0 1 0 0
7846 17921 1 0 1 2681 0 1 0 0
7846 18149 1 0 1 2900 0 1 0 0
7846 18456 1 0 1 2837 0 1 0 0
7846 18890 1 0 1 2950 0 1 0 0
7846 19169 1 0 1 3027 0 1 0 0
7846 19392 1 0 1 3090 0 1 0 0
7846 19681 1 0 1 3227 0 1 0 0
7846 20210 1 0 1 3883 0 1 0 0
7846 21070 1 0 1 3598 0 1 0 0
7846 21560 1 0 1 3738 0 1 0 0
7846 21707 1 0 1 3779 0 1 0 0
7846 21783 1 0 1 3798 0 1 0 0
7846 21870 1 0 1 3822 0 1 0 0
7846 22100 1 0 1 3885 0 1 0 0
7846 22195 1 0 1 3916 0 1 0 0
7846 22388 1 0 1 3969 0 1 0 0
7846 22555 1 0 1 4023 0 1 0 0
7846 22628 1 0 1 4044 0 1 0 0
7846 22666 1 0 1 4057 0 1 0 0
7846 22940 1 0 1 4160 0 1 0 0
7846 23191 1 0 1 4242 0 1 0 0
7846 23440 1 0 1 4316 0 1 0 0
7846 23548 1 0 1 4348 0 1 0 0
7846 24042 1 0 1 4528 0 1 0 0
7846 24148 1 0 1 4561 0 1 0 0
7846 24608 1 0 1 4725 0 1 0 0
7846 24824 1 0 1 4804 0 1 0 0
7846 25033 1 0 1 4927 0 1 0 0
7846 25743 1 0 1 5208 0 1 0 0
7846 27060 1 0 1 5636 0 1 0 0
7846 27076 1 0 1 5641 0 1 0 0
7846 28862 1 0 1 6175 0 1 0 0
7846 29092 1 0 1 6251 0 1 0 0
7856 9942 1 0 1 461 0 1 0 0
7938 7939 0 1 1 0 85 0 1 0
7958 17613 1 0 1 2580 0 1 0 0
7980 8109 0 1 1 0 78 0 1 0
8031 12561 0 1 1 0 13 0 1 0
8068 9396 1 0 1 275 0 1 0 0
8104 8840 1 0 1 82 0 1 0 0
8104 8851 1 0 1 83 0 1 0 0
8104 8989 1 0 1 109 0 1 0 0
8104 9011 1 0 1 116 0 1 0 0
8104 13227 1 0 1 1265 0 1 0 0
8104 13683 1 0 1 1380 0 1 0 0
8104 15082 1 0 1 1774 0 1 0 0
8104 18024 1 0 1 2625 0 1 0 0
8104 24279 1 0 1 4482 0 1 0 0
8105 8163 1 0 1 13 0 1 0 0
8109 8633 1 0 1 38 0 1 0 0
8109 8867 1 0 1 86 0 1 0 0
8109 9990 1 0 1 355 0 1 0 0
8112 11142 0 1 1 0 23 0 1 0
8112 11214 0 1 1 0 515 0 1 0
8112 13462 0 1 1 0 1331 0 1 0
8112 14087 0 1 1 0 52 0 1 0
8112 15854 0 1 1 0 511 0 1 0
8112 21268 0 2 2 0 212 0 2 0
8112 23168 0 1 1 0 34 0 1 0
8112 23207 0 1 1 0 87 0 1 0
8112 26183 0 1 1 0 51 0 1 0
8126 8345 1 0 1 44 0 1 0 0
8126 8347 1 0 1 44 0 1 0 0
8126 8349 1 0 1 44 0 1 0 0
8126 8351 1 0 1 44 0 1 0 0
8126 8353 1 0 1 45 0 1 0 0
8126 8355 1 0 1 45 0 1 0 0
8126 8361 1 0 1 45 0 1 0 0
8126 9255 1 0 1 231 0 1 0 0
8272 11258 1 1 2 18 13 1 1 0
8272 13462 0 1 1 0 150 0 1 0
8417 19691 1 0 1 431 0 1 0 0
8517 9486 1 0 1 206 0 1 0 0
8545 10922 1 0 1 577 0 1 0 0
8560 11245 1 0 1 663 0 1 0 0
8585 11999 1 0 1 890 0 1 0 0
8662 10745 1 0 1 583 0 1 0 0
8676 8705 1 0 1 6 0 1 0 0
8676 8707 1 0 1 6 0 1 0 0
8676 8709 1 0 1 6 0 1 0 0
8676 8713 1 0 1 6 0 1 0 0
8676 8715 1 0 1 6 0 1 0 0
8676 8719 1 0 1 6 0 1 0 0
8676 10097 1 0 1 330 0 1 0 0
8676 11610 1 0 1 1030 0 1 0 0
8742 9077 1 0 1 68 0 1 0 0
8996 9071 1 0 1 18 0 1 0 0
9001 10669 1 0 1 416 0 1 0 0
9077 18017 0 1 1 0 537 0 1 0
9102 19609 0 1 1 0 972 0 1 0
9115 9170 1 0 1 14 0 1 0 0
9179 11796 1 0 1 669 0 1 0 0
9184 9310 1 0 1 21 0 1 0 0
9184 9977 1 0 1 196 0 1 0 0
9184 11430 1 0 1 575 0 1 0 0
9184 11448 1 0 1 579 0 1 0 0
9184 16111 1 0 1 1940 0 1 0 0
9184 24398 1 0 1 4363 0 1 0 0
9184 28781 1 0 1 5867 0 1 0 0
9243 9702 1 0 1 112 0 1 0 0
9243 9765 1 0 1 129 0 1 0 0
9243 9771 1 0 1 131 0 1 0 0
9243 11590 1 0 1 605 0 1 0 0
9345 13363 0 1 1 0 65 0 1 0
9360 10704 1 0 1 101 0 1 0 0
9360 11057 1 0 1 202 0 1 0 0
9361 9388 1 0 1 8 0 1 0 0
9361 9568 1 0 1 52 0 1 0 0
9369 10045 1 0 1 175 0 1 0 0
9477 11868 1 0 1 622 0 1 0 0
9477 14397 1 0 1 1390 0 1 0 0
9480 11387 1 0 1 496 0 1 0 0
9494 10688 1 0 1 308 0 1 0 0
9494 14716 1 0 1 1508 0 1 0 0
9494 15063 1 0 1 1542 0 1 0 0
9494 21215 1 0 1 3292 0 1 0 0
9538 16323 0 1 1 0 3292 0 1 0
9607 10054 1 0 1 116 0 1 0 0
9624 13980 1 0 1 1235 0 1 0 0
9645 15408 0 1 1 0 26 0 1 0
9696 21178 0 1 1 0 97 0 1 0
9702 19022 0 1 1 0 1068 0 1 0
9780 10495 1 0 1 186 0 1 0 0
9780 28007 1 0 1 5469 0 1 0 0
9835 9859 1 0 1 6 0 1 0 0
9985 10017 1 0 1 7 0 1 0 0
9985 10032 1 0 1 10 0 1 0 0
9985 10056 1 0 1 15 0 1 0 0
9985 10795 1 0 1 215 0 1 0 0
10094 10163 1 0 1 19 0 1 0 0
10254 29201 1 0 1 5741 0 1 0 0
10277 10304 1 0 1 6 0 1 0 0
10277 10326 1 0 1 15 0 1 0 0
10277 10546 1 0 1 71 0 1 0 0
10277 11175 1 0 1 243 0 1 0 0
10277 11831 1 0 1 410 0 1 0 0
10277 16629 1 0 1 1791 0 1 0 0
10291 13747 7 0 7 2839 0 7 0 0
10394 16579 1 0 1 1745 0 1 0 0
10422 11579 1 0 1 302 0 1 0 0
10473 10540 1 0 1 14 0 1 0 0
10473 10588 1 0 1 25 0 1 0 0
10479 23056 1 0 1 3590 0 1 0 0
10497 25121 1 0 1 4354 0 1 0 0
10500 11086 2 0 2 189 0 2 0 0
10500 11128 1 0 1 26 0 1 0 0
10500 11226 1 0 1 197 0 1 0 0
10500 11291 1 0 1 212 0 1 0 0
10500 11305 1 0 1 71 0 1 0 0
10500 11313 1 0 1 219 0 1 0 0
10500 11459 1 0 1 106 0 1 0 0
10500 11495 1 0 1 259 0 1 0 0
10500 11525 2 0 2 2121 0 2 0 0
10500 11581 1 0 1 283 0 1 0 0
10500 11723 2 0 2 510 0 2 0 0
10500 11864 1 0 1 359 0 1 0 0
10500 12966 1 0 1 709 0 1 0 0
10500 13118 1 0 1 747 0 1 0 0
10500 13212 1 0 1 631 0 1 0 0
10500 13553 1 0 1 718 0 1 0 0
10500 14449 1 0 1 1139 0 1 0 0
10500 16069 1 0 1 1455 0 1 0 0
10500 16099 1 0 1 1463 0 1 0 0
10500 16245 1 0 1 1646 0 1 0 0
10500 16390 1 0 1 1681 0 1 0 0
10500 16968 1 0 1 1842 0 1 0 0
10500 17055 1 0 1 1863 0 1 0 0
10500 17361 1 0 1 1787 0 1 0 0
10500 17705 1 0 1 2021 0 1 0 0
10500 17996 1 0 1 2131 0 1 0 0
10500 18360 1 0 1 2211 0 1 0 0
10500 18870 1 0 1 2338 0 1 0 0
10500 19149 1 0 1 2417 0 1 0 0
10500 19156 1 0 1 2418 0 1 0 0
10500 19769 1 0 1 2642 0 1 0 0
10500 21399 1 0 1 3086 0 1 0 0
10500 21655 1 0 1 3015 0 1 0 0
10500 21746 1 0 1 3181 0 1 0 0
10500 22292 1 0 1 3335 0 1 0 0
10500 22636 1 0 1 3440 0 1 0 0
10500 22649 1 0 1 3444 0 1 0 0
10500 22925 1 0 1 3545 0 1 0 0
10500 23289 1 0 1 3661 0 1 0 0
10500 23563 1 0 1 3747 0 1 0 0
10500 23694 1 0 1 3794 0 1 0 0
10500 23918 2 0 2 7743 0 2 0 0
10500 24137 1 0 1 3805 0 1 0 0
10500 24353 1 0 1 4019 0 1 0 0
10500 25372 1 0 1 4473 0 1 0 0
10500 25580 1 0 1 4540 0 1 0 0
10500 26043 2 0 2 9250 0 2 0 0
10500 26399 1 0 1 4800 0 1 0 0
10500 26706 1 0 1 4901 0 1 0 0
10500 27302 2 0 2 10068 0 2 0 0
10500 27354 1 0 1 5148 0 1 0 0
10500 29116 2 0 2 11163 0 2 0 0
10500 29144 1 0 1 5658 0 1 0 0
10607 11432 1 0 1 218 0 1 0 0
10737 10932 1 0 1 53 0 1 0 0
10815 18321 1 0 1 2116 0 1 0 0
10926 11845 1 0 1 237 0 1 0 0
10975 11113 1 0 1 35 0 1 0 0
10975 27386 1 0 1 4206 0 1 0 0
11019 11224 1 0 1 49 0 1 0 0
11081 29010 1 0 1 5455 0 1 0 0
11096 11263 1 0 1 41 0 1 0 0
11096 11271 1 0 1 42 0 1 0 0
11096 11631 1 0 1 129 0 1 0 0
11096 12066 1 0 1 287 0 1 0 0
11096 16019 1 0 1 1424 0 1 0 0
11096 17033 1 0 1 1692 0 1 0 0
11096 17834 1 0 1 1885 0 1 0 0
11096 20356 1 0 1 2642 0 1 0 0
11096 20691 1 0 1 2727 0 1 0 0
11096 28478 1 0 1 5265 0 1 0 0
11258 11614 1 0 1 84 0 1 0 0
11452 19735 1 0 1 142 0 1 0 0
11452 20382 1 0 1 326 0 1 0 0
11452 20499 1 0 1 360 0 1 0 0
11452 24368 1 0 1 1534 0 1 0 0
11464 13613 1 0 1 326 0 1 0 0
11467 12419 1 0 1 40 0 1 0 0
11514 11707 1 0 1 53 0 1 0 0
11661 15908 1 0 1 1256 0 1 0 0
11662 12400 1 0 1 283 0 1 0 0
11694 13992 1 0 1 561 0 1 0 0
11694 15070 1 0 1 357 0 1 0 0
11694 24712 1 0 1 3225 0 1 0 0
11695 12386 1 0 1 267 0 1 0 0
11695 15063 1 0 1 94 0 1 0 0
11695 25070 1 0 1 1187 0 1 0 0
11858 21623 1 0 1 2792 0 1 0 0
11978 11979 0 1 1 0 20 0 1 0
11979 13429 1 0 1 424 0 1 0 0
11979 15065 1 0 1 77 0 1 0 0
11979 15842 1 0 1 335 0 1 0 0
11979 16292 1 0 1 1247 0 1 0 0
11979 17528 2 0 2 2361 0 2 0 0
11979 19585 2 0 2 3765 0 2 0 0
11979 22975 1 0 1 2353 0 1 0 0
11979 25500 1 0 1 3304 0 1 0 0
12011 12012 0 1 1 0 47 0 1 0
12012 12053 1 0 1 59 0 1 0 0
12012 12158 1 0 1 78 0 1 0 0
12012 12218 1 0 1 369 0 1 0 0
12012 12227 1 0 1 91 0 1 0 0
12012 12375 1 0 1 190 0 1 0 0
12012 12520 1 0 1 226 0 1 0 0
12012 12954 1 0 1 316 0 1 0 0
12012 13031 1 0 1 334 0 1 0 0
12012 13090 1 0 1 351 0 1 0 0
12012 13558 1 0 1 476 0 1 0 0
12012 13752 1 0 1 566 0 1 0 0
12012 13822 1 0 1 580 0 1 0 0
12012 14017 1 0 1 627 0 1 0 0
12012 14958 1 0 1 870 0 1 0 0
12012 15348 1 0 1 1027 0 1 0 0
12012 16089 1 0 1 1362 0 1 0 0
12012 16384 1 0 1 1289 0 1 0 0
12012 16417 1 0 1 1298 0 1 0 0
12012 17178 1 0 1 1497 0 1 0 0
12012 17667 1 0 1 1618 0 1 0 0
12012 19013 1 0 1 1986 0 1 0 0
12012 19458 1 0 1 2111 0 1 0 0
12012 20752 1 0 1 2518 0 1 0 0
12012 20816 1 0 1 2535 0 1 0 0
12012 21437 1 0 1 2710 0 1 0 0
12012 22151 1 0 1 2907 0 1 0 0
12012 22315 1 0 1 2952 0 1 0 0
12012 22493 1 0 1 3003 0 1 0 0
12012 24365 1 0 1 3631 0 1 0 0
12012 25349 1 0 1 4076 0 1 0 0
12012 25405 1 0 1 4090 0 1 0 0
12012 28968 1 0 1 5213 0 1 0 0
12013 13055 2 0 2 495 0 1 0 0
12034 14187 1 0 1 616 0 1 0 0
12138 12815 1 0 1 270 0 1 0 0
12138 20925 1 0 1 516 0 1 0 0
12161 12162 0 1 1 0 46 0 1 0
12162 15968 1 0 1 490 0 1 0 0
12162 19167 1 0 1 1333 0 1 0 0
12162 25281 1 0 1 3362 0 1 0 0
12162 28932 2 0 2 9708 0 2 0 0
12181 16695 1 0 1 1277 0 1 0 0
12325 13325 1 0 1 299 0 1 0 0
12428 13507 1 0 1 259 0 1 0 0
12429 13398 1 0 1 233 0 1 0 0
12462 12463 0 1 1 0 72 0 1 0
12463 12501 1 0 1 86 0 1 0 0
12463 12505 1 0 1 87 0 1 0 0
12463 12656 1 0 1 121 0 1 0 0
12463 12934 1 0 1 175 0 1 0 0
12463 13016 1 0 1 195 0 1 0 0
12463 15599 1 0 1 958 0 1 0 0
12463 16323 0 1 1 0 3272 0 0.5 0
12463 16613 1 1 2 1361 3208 1 0.5 0
12478 14291 0 1 1 0 454 0 1 0
12482 12599 1 0 1 29 0 1 0 0
12497 15799 1 0 1 140 0 1 0 0
12497 17082 1 0 1 473 0 1 0 0
12561 23128 1 0 1 2957 0 1 0 0
12682 12683 0 1 1 0 87 0 1 0
12683 13206 1 0 1 208 0 1 0 0
12829 14177 1 0 1 188 0 1 0 0
12829 15850 1 0 1 676 0 1 0 0
12838 19965 1 0 1 2162 0 1 0 0
12857 13452 1 0 1 150 0 1 0 0
12887 13057 1 0 1 40 0 1 0 0
12993 12994 1 1 2 2297 176 0.5 1 0
12993 14824 0 1 1 0 42 0 1 0
12994 14824 0 1 1 0 2339 0 0.5 0
12994 16581 2 0 2 1180 0 2 0 0
12994 27542 1 0 1 447 0 1 0 0
13057 27663 0 1 1 0 83 0 1 0
13062 13063 0 1 1 0 182 0 1 0
13144 17216 1 0 1 1144 0 1 0 0
13155 13183 1 0 1 10 0 1 0 0
13155 18255 1 0 1 1434 0 1 0 0
13400 19585 1 0 1 1771 0 1 0 0
13400 23184 1 0 1 2805 0 1 0 0
13548 20657 1 0 1 1954 0 1 0 0
13548 20759 1 0 1 161 0 1 0 0
13548 23831 1 0 1 1092 0 1 0 0
13589 13702 1 0 1 191 0 1 0 0
13589 13907 1 0 1 117 0 1 0 0
13589 16337 1 0 1 796 0 1 0 0
13589 17930 1 0 1 1203 0 1 0 0
13589 20476 1 0 1 1971 0 1 0 0
13589 27927 1 0 1 4391 0 1 0 0
13593 18104 0 1 1 0 688 0 1 0
13597 14074 1 0 1 157 0 1 0 0
13606 16323 0 1 1 0 3631 0 1 0
13639 18867 1 0 1 1454 0 1 0 0
13672 18972 1 0 1 1470 0 1 0 0
13809 17123 1 0 1 909 0 1 0 0
13809 23101 1 0 1 2638 0 1 0 0
13902 14285 1 0 1 101 0 1 0 0
14029 14506 1 0 1 134 0 1 0 0
14029 14508 1 0 1 134 0 1 0 0
14029 14512 1 0 1 135 0 1 0 0
14029 14514 1 0 1 135 0 1 0 0
14029 14516 1 0 1 135 0 1 0 0
14029 14518 1 0 1 135 0 1 0 0
14029 14521 1 0 1 136 0 1 0 0
14029 14523 2 0 2 256 0 2 0 0
14029 14528 1 0 1 136 0 1 0 0
14029 14533 1 0 1 136 0 1 0 0
14029 14537 1 0 1 137 0 1 0 0
14029 14539 1 0 1 137 0 1 0 0
14029 14541 1 0 1 137 0 1 0 0
14029 14546 1 0 1 137 0 1 0 0
14029 14548 1 0 1 138 0 1 0 0
14029 14697 1 0 1 177 0 1 0 0
14029 14736 1 0 1 187 0 1 0 0
14029 15430 1 0 1 423 0 1 0 0
14029 16247 1 0 1 628 0 1 0 0
14029 24016 1 0 1 2890 0 1 0 0
14029 25913 1 0 1 207 0 1 0 0
14029 27883 2 0 2 5122 0 2 0 0
14029 28644 1 0 1 1041 0 1 0 0
14071 21818 1 0 1 37 0 1 0 0
14071 22051 1 0 1 101 0 1 0 0
14071 23367 1 0 1 517 0 1 0 0
14071 23551 1 0 1 578 0 1 0 0
14071 23859 1 0 1 684 0 1 0 0
14087 27153 1 0 1 197 0 1 0 0
14097 15523 0 1 1 0 19 0 1 0
14139 14144 0 0 1 0 0 0 0 0
14139 14380 1 0 1 75 0 1 0 0
14139 14419 1 0 1 85 0 1 0 0
14139 14569 1 0 1 113 0 1 0 0
14139 15279 1 0 1 284 0 1 0 0
14139 16172 1 0 1 580 0 1 0 0
14139 18410 1 0 1 1170 0 1 0 0
14160 23005 1 0 1 2520 0 1 0 0
14218 14292 1 0 1 23 0 1 0 0
14218 14307 1 0 1 29 0 1 0 0
14218 14350 1 0 1 47 0 1 0 0
14218 15577 1 0 1 415 0 1 0 0
14233 14234 0 1 1 0 23 0 1 0
14291 14296 0 0 1 0 0 0 0 0
14291 14408 1 0 1 39 0 1 0 0
14291 14510 1 0 1 64 0 1 0 0
14291 14616 1 0 1 85 0 1 0 0
14291 14897 1 0 1 157 0 1 0 0
14316 14417 1 0 1 32 0 1 0 0
14318 14401 1 0 1 27 0 1 0 0
14318 16146 1 0 1 521 0 1 0 0
14363 26415 1 0 1 3688 0 1 0 0
14462 16323 0 1 1 0 369 0 1 0
14699 15550 1 0 1 278 0 1 0 0
14794 16645 1 0 1 514 0 1 0 0
14794 19415 1 0 1 1268 0 1 0 0
14794 23762 1 0 1 2597 0 1 0 0
14794 26806 1 0 1 3714 0 1 0 0
14824 15414 1 0 1 40 0 1 0 0
14869 15553 1 0 1 236 0 1 0 0
14886 17084 1 0 1 625 0 1 0 0
14930 26303 1 0 1 3516 0 1 0 0
15107 15195 1 0 1 15 0 1 0 0
15254 15255 0 1 1 0 398 0 1 0
15284 15531 2 0 2 443 0 2 0 0
15284 15979 1 0 1 248 0 1 0 0
15284 16029 1 0 1 263 0 1 0 0
15284 16365 1 0 1 342 0 1 0 0
15284 16562 1 0 1 385 0 1 0 0
15284 16734 1 0 1 425 0 1 0 0
15371 18969 1 0 1 1887 0 1 0 0
15393 15537 1 0 1 43 0 1 0 0
15393 16581 1 0 1 22 0 1 0 0
15393 18113 1 0 1 738 0 1 0 0
15393 26457 2 0 2 1747 0 2 0 0
15424 25571 1 0 1 86 0 1 0 0
15441 19017 1 0 1 935 0 1 0 0
15446 27699 1 0 1 3789 0 1 0 0
15459 15460 0 1 1 0 2489 0 1 0
15484 18831 1 0 1 873 0 1 0 0
15539 16355 0 1 1 0 237 0 1 0
15576 15637 1 0 1 13 0 1 0 0
15684 15685 0 1 1 0 524 0 1 0
15854 17510 1 0 1 1556 0 1 0 0
15854 19691 1 0 1 2262 0 1 0 0
15854 27542 1 0 1 231 0 1 0 0
15959 15960 0 1 1 0 189 0 1 0
15960 18133 1 0 1 785 0 1 0 0
16077 16078 0 1 1 0 3070 0 1 0
16078 25502 1 0 1 5981 0 1 0 0
16133 17120 0 1 1 0 60 0 1 0
16133 17335 1 0 1 306 0 1 0 0
16145 16657 1 0 1 116 0 1 0 0
16153 16435 1 0 1 70 0 1 0 0
16202 17486 1 0 1 330 0 1 0 0
16202 17526 1 0 1 342 0 1 0 0
16202 18621 1 0 1 635 0 1 0 0
16202 19354 1 0 1 838 0 1 0 0
16202 20439 1 0 1 1202 0 1 0 0
16202 20470 1 0 1 1209 0 1 0 0
16202 22004 1 0 1 1618 0 1 0 0
16202 22202 1 0 1 1677 0 1 0 0
16202 26113 1 0 1 3085 0 1 0 0
16222 17013 0 1 1 0 52 0 1 0
16241 25343 1 0 1 2968 0 1 0 0
16309 16719 1 0 1 91 0 1 0 0
16323 16386 1 0 1 17 0 1 0 0
16323 16414 1 0 1 23 0 1 0 0
16323 16528 1 0 1 44 0 1 0 0
16323 16613 1 0 1 64 0 1 0 0
16323 16789 1 0 1 106 0 1 0 0
16323 16895 1 0 1 119 0 1 0 0
16323 16943 1 0 1 128 0 1 0 0
16323 17114 1 0 1 210 0 1 0 0
16323 17267 1 0 1 245 0 1 0 0
16323 17356 1 0 1 268 0 1 0 0
16323 17468 1 0 1 296 0 1 0 0
16323 17632 1 0 1 337 0 1 0 0
16323 17803 1 0 1 397 0 1 0 0
16323 18575 1 0 1 595 0 1 0 0
16323 18735 1 0 1 640 0 1 0 0
16323 18837 1 0 1 665 0 1 0 0
16323 19026 1 0 1 716 0 1 0 0
16323 19055 1 0 1 724 0 1 0 0
16323 20207 1 0 1 1102 0 1 0 0
16323 20234 1 0 1 3691 0 1 0 0
16323 20921 1 0 1 1283 0 1 0 0
16323 21148 1 0 1 1355 0 1 0 0
16323 21608 1 0 1 1482 0 1 0 0
16323 22098 1 0 1 1614 0 1 0 0
16323 23046 1 0 1 1920 0 1 0 0
16323 23679 1 0 1 2124 0 1 0 0
16323 24484 1 0 1 2400 0 1 0 0
16323 24979 1 0 1 2633 0 1 0 0
16323 26270 1 0 1 3099 0 1 0 0
16323 26867 1 0 1 3294 0 1 0 0
16323 26982 1 0 1 3337 0 1 0 0
16323 27012 1 0 1 3344 0 1 0 0
16323 27029 1 0 1 3352 0 1 0 0
16323 27063 1 0 1 3366 0 1 0 0
16323 27081 1 0 1 3371 0 1 0 0
16323 27093 1 0 1 3375 0 1 0 0
16323 27148 1 0 1 3391 0 1 0 0
16323 27233 1 0 1 3411 0 1 0 0
16323 27251 1 0 1 3416 0 1 0 0
16323 27297 1 0 1 3437 0 1 0 0
16323 27307 1 0 1 3441 0 1 0 0
16323 27319 1 0 1 3447 0 1 0 0
16323 27321 1 0 1 3448 0 1 0 0
16323 27345 1 0 1 3456 0 1 0 0
16323 27418 1 0 1 3473 0 1 0 0
16323 27481 1 0 1 3494 0 1 0 0
16323 27485 1 0 1 3496 0 1 0 0
16323 27487 1 0 1 3497 0 1 0 0
16323 27501 1 0 1 3503 0 1 0 0
16323 27522 1 0 1 3508 0 1 0 0
16323 27526 1 0 1 3509 0 1 0 0
16323 27595 1 0 1 3533 0 1 0 0
16323 27619 1 0 1 3541 0 1 0 0
16323 27885 1 0 1 3585 0 1 0 0
16323 27924 1 0 1 3597 0 1 0 0
16323 27944 1 0 1 3602 0 1 0 0
16323 27954 1 0 1 3606 0 1 0 0
16323 27995 1 0 1 3615 0 1 0 0
16323 28013 1 0 1 3620 0 1 0 0
16323 28125 1 0 1 3651 0 1 0 0
16323 28154 1 0 1 3661 0 1 0 0
16323 28160 1 0 1 3662 0 1 0 0
16323 28177 1 0 1 3666 0 1 0 0
16323 28228 1 0 1 3683 0 1 0 0
16323 28310 1 0 1 3802 0 1 0 0
16323 28353 1 0 1 3724 0 1 0 0
16323 28408 1 0 1 3744 0 1 0 0
16323 28459 1 0 1 3761 0 1 0 0
16323 28523 1 0 1 3782 0 1 0 0
16323 28662 1 0 1 3831 0 1 0 0
16323 28826 1 0 1 3890 0 1 0 0
16323 28885 1 0 1 3909 0 1 0 0
16323 29183 1 0 1 4007 0 1 0 0
16328 17966 1 0 1 419 0 1 0 0
16328 22513 1 0 1 1741 0 1 0 0
16328 22533 1 0 1 1745 0 1 0 0
16372 16514 1 0 1 30 0 1 0 0
16372 17210 1 0 1 219 0 1 0 0
16564 16565 0 1 1 0 27 0 1 0
16615 16911 1 0 1 58 0 1 0 0
16940 24498 1 0 1 2279 0 1 0 0
16940 24767 1 0 1 2384 0 1 0 0
16940 25095 1 0 1 2552 0 1 0 0
16940 25904 1 0 1 2860 0 1 0 0
16940 26371 1 0 1 2999 0 1 0 0
16940 26918 1 0 1 3191 0 1 0 0
16940 28455 1 0 1 3633 0 1 0 0
16960 17795 0 1 1 0 1407 0 1 0
16960 18105 1 0 1 329 0 1 0 0
16960 18896 1 0 1 506 0 1 0 0
16960 19212 1 0 1 595 0 1 0 0
16960 20629 1 0 1 1042 0 1 0 0
16960 23225 1 0 1 1807 0 1 0 0
17035 18619 1 0 1 409 0 1 0 0
17075 23981 1 0 1 2032 0 1 0 0
17089 17237 1 0 1 33 0 1 0 0
17099 17100 0 1 1 0 43 0 1 0
17292 18104 0 1 1 0 734 0 1 0
17306 17307 0 1 1 0 86 0 1 0
17360 22094 2 0 2 1466 0 2 0 0
17408 23042 1 0 1 1638 0 1 0 0
17458 27530 1 0 1 3218 0 1 0 0
17576 18221 1 0 1 200 0 1 0 0
17669 18399 1 0 1 208 0 1 0 0
17669 18807 1 0 1 311 0 1 0 0
17703 17826 1 0 1 30 0 1 0 0
17703 20997 1 0 1 953 0 1 0 0
17703 21422 1 0 1 1077 0 1 0 0
17703 22839 1 0 1 1491 0 1 0 0
17703 26768 1 0 1 2903 0 1 0 0
17703 28641 1 0 1 3465 0 1 0 0
17795 19432 1 0 1 452 0 1 0 0
17795 22508 1 0 1 1360 0 1 0 0
17795 23008 1 0 1 1530 0 1 0 0
17795 23813 1 0 1 1794 0 1 0 0
17975 23391 1 0 1 1609 0 1 0 0
17975 23572 1 0 1 1665 0 1 0 0
17975 23649 1 0 1 1690 0 1 0 0
17998 28338 1 0 1 3254 0 1 0 0
18009 20040 1 0 1 585 0 1 0 0
18009 20153 1 0 1 619 0 1 0 0
18009 25748 1 0 1 534 0 1 0 0
18009 25755 1 0 1 2474 0 1 0 0
18009 26216 1 0 1 671 0 1 0 0
18009 26232 1 0 1 679 0 1 0 0
18009 28001 1 0 1 1211 0 1 0 0
18009 28430 1 0 1 1351 0 1 0 0
18009 29142 1 0 1 1588 0 1 0 0
18017 19412 1 0 1 356 0 1 0 0
18017 19764 1 0 1 505 0 1 0 0
18017 20016 1 0 1 580 0 1 0 0
18017 20648 1 0 1 749 0 1 0 0
18017 21976 1 0 1 1109 0 1 0 0
18017 22871 1 0 1 1392 0 1 0 0
18017 23029 1 0 1 1443 0 1 0 0
18020 19571 1 0 1 439 0 1 0 0
18020 19698 1 0 1 485 0 1 0 0
18028 18069 1 0 1 13 0 1 0 0
18104 18309 1 0 1 35 0 1 0 0
18104 18373 1 0 1 47 0 1 0 0
18104 18637 1 0 1 106 0 1 0 0
18104 18651 1 0 1 110 0 1 0 0
18104 18716 1 0 1 130 0 1 0 0
18104 18892 3 0 3 1427 0 3 0 0
18104 18977 1 0 1 200 0 1 0 0
18104 19296 1 0 1 136 0 1 0 0
18104 19300 1 0 1 288 0 1 0 0
18104 19374 1 0 1 311 0 1 0 0
18104 19476 1 0 1 343 0 1 0 0
18104 19485 1 0 1 345 0 1 0 0
18104 19536 1 0 1 209 0 1 0 0
18104 19651 1 0 1 443 0 1 0 0
18104 20177 1 0 1 593 0 1 0 0
18104 20497 2 0 2 1223 0 2 0 0
18104 20501 1 0 1 685 0 1 0 0
18104 20517 1 0 1 686 0 1 0 0
18104 20606 1 0 1 710 0 1 0 0
18104 21864 1 0 1 1048 0 1 0 0
18104 21909 1 0 1 1063 0 1 0 0
18104 22096 1 0 1 1112 0 1 0 0
18104 22235 1 0 1 1154 0 1 0 0
18104 22481 1 0 1 1224 0 1 0 0
18104 22808 1 0 1 1185 0 1 0 0
18104 23398 1 0 1 1532 0 1 0 0
18104 23617 1 0 1 1598 0 1 0 0
18104 23637 2 0 2 3099 0 2 0 0
18104 25169 1 0 1 17 0 1 0 0
18104 25346 1 0 1 2301 0 1 0 0
18104 25420 1 0 1 83 0 1 0 0
18104 25853 1 0 1 2473 0 1 0 0
18104 26384 1 0 1 395 0 1 0 0
18104 26430 1 0 1 2645 0 1 0 0
18104 26567 1 0 1 2692 0 1 0 0
18104 26683 1 0 1 14 0 1 0 0
18104 27229 1 0 1 2909 0 1 0 0
18104 27366 1 0 1 2959 0 1 0 0
18104 28318 1 0 1 3216 0 1 0 0
18104 28875 1 0 1 3406 0 1 0 0
18104 29312 1 0 1 3545 0 1 0 0
18159 18311 1 0 1 24 0 1 0 0
18159 18480 1 0 1 58 0 1 0 0
18159 18557 1 0 1 79 0 1 0 0
18159 22624 1 0 1 1259 0 1 0 0
18165 25428 1 0 1 2307 0 1 0 0
18289 19756 1 0 1 443 0 1 0 0
18395 18789 1 0 1 97 0 1 0 0
18414 18647 1 0 1 55 0 1 0 0
18446 18649 1 0 1 48 0 1 0 0
18446 19220 1 0 1 207 0 1 0 0
18520 18603 1 0 1 15 0 1 0 0
18719 22815 1 0 1 1205 0 1 0 0
18845 20361 1 0 1 71 0 1 0 0
18845 23476 1 0 1 25 0 1 0 0
18845 23804 1 0 1 132 0 1 0 0
18845 25337 1 0 1 762 0 1 0 0
18845 28023 1 0 1 1584 0 1 0 0
18911 18981 1 0 1 20 0 1 0 0
18911 19117 1 0 1 60 0 1 0 0
18911 19124 1 0 1 62 0 1 0 0
18911 19228 1 0 1 91 0 1 0 0
18911 19260 1 0 1 100 0 1 0 0
18911 19502 1 0 1 168 0 1 0 0
18911 19679 1 0 1 274 0 1 0 0
18911 19899 1 0 1 338 0 1 0 0
18911 19933 1 0 1 346 0 1 0 0
18911 20230 1 0 1 424 0 1 0 0
18911 20366 1 0 1 466 0 1 0 0
18911 23991 1 0 1 1556 0 1 0 0
18911 24471 1 0 1 1715 0 1 0 0
18911 29109 1 0 1 3303 0 1 0 0
18911 29244 1 0 1 3342 0 1 0 0
18931 18996 1 0 1 16 0 1 0 0
18931 20010 1 0 1 360 0 1 0 0
18946 21764 1 0 1 830 0 1 0 0
18946 22208 1 0 1 955 0 1 0 0
18946 22718 1 0 1 1111 0 1 0 0
18946 22946 1 0 1 1230 0 1 0 0
18946 23898 1 0 1 1506 0 1 0 0
18946 26941 1 0 1 2633 0 1 0 0
18971 28878 1 0 1 3208 0 1 0 0
19022 22057 2 0 2 1765 0 2 0 0
19022 22059 2 0 2 1765 0 2 0 0
19022 22061 2 0 2 1765 0 2 0 0
19214 21534 0 1 1 0 338 0 1 0
19257 20167 1 0 1 310 0 1 0 0
19257 21156 1 0 1 576 0 1 0 0
19257 21459 1 0 1 659 0 1 0 0
19257 23461 1 0 1 1268 0 1 0 0
19257 24403 1 0 1 1589 0 1 0 0
19257 28461 1 0 1 2980 0 1 0 0
19277 19278 0 1 1 0 1083 0 1 0
19397 20862 3 0 3 1299 0 3 0 0
19397 21344 1 0 1 32 0 1 0 0
19397 21594 1 0 1 659 0 1 0 0
19491 21173 1 0 1 514 0 1 0 0
19591 20430 0 1 1 0 267 0 1 0
19609 19868 1 0 1 84 0 1 0 0
19609 19959 1 0 1 107 0 1 0 0
19609 19992 1 0 1 118 0 1 0 0
19609 20171 1 0 1 166 0 1 0 0
19609 21523 1 0 1 530 0 1 0 0
19609 23565 1 0 1 1158 0 1 0 0
19615 19616 0 1 1 0 34 0 1 0
19616 19649 1 0 1 48 0 1 0 0
19616 20045 1 0 1 161 0 1 0 0
19616 20090 1 0 1 175 0 1 0 0
19616 24173 1 0 1 1400 0 1 0 0
19616 24676 1 0 1 1586 0 1 0 0
19628 19629 0 1 1 0 490 0 1 0
19633 19831 1 0 1 64 0 1 0 0
19633 20934 1 0 1 355 0 1 0 0
19633 21152 1 0 1 421 0 1 0 0
19633 21273 1 0 1 453 0 1 0 0
19633 21570 1 0 1 534 0 1 0 0
19633 21800 1 0 1 597 0 1 0 0
19691 20194 0 1 1 0 3945 0 1 0
19758 19865 1 0 1 495 0 1 0 0
19865 24040 1 0 1 1246 0 1 0 0
20078 20162 1 0 1 25 0 1 0 0
20081 20196 1 0 1 31 0 1 0 0
20108 21534 0 1 1 0 799 0 1 0
20108 22799 0 1 1 0 536 0 1 0
20188 20361 2 0 2 86 0 2 0 0
20188 22128 1 0 1 78 0 1 0 0
20188 22592 1 0 1 216 0 1 0 0
20188 23476 1 1 2 961 8 1 0.5 0
20188 24165 0 1 1 0 45 0 0.5 0
20188 24714 2 0 2 1612 0 1.5 0 0
20188 27145 1 0 1 2296 0 1 0 0
20192 20597 1 0 1 113 0 1 0 0
20219 20220 0 1 1 0 51 0 1 0
20220 20272 1 0 1 66 0 1 0 0
20220 20431 1 0 1 116 0 1 0 0
20220 21327 1 0 1 351 0 1 0 0
20220 22937 1 0 1 834 0 1 0 0
20220 23353 1 0 1 962 0 1 0 0
20220 26105 1 0 1 2001 0 1 0 0
20220 26592 1 0 1 2149 0 1 0 0
20284 20285 0 1 1 0 2400 0 1 0
20295 26790 1 0 1 2139 0 1 0 0
20300 20798 1 0 1 130 0 1 0 0
20300 25019 1 0 1 1524 0 1 0 0
20308 20361 1 0 1 96 0 1 0 0
20328 20947 1 0 1 158 0 1 0 0
20328 22402 1 0 1 567 0 1 0 0
20361 22985 0 1 1 0 88 0 1 0
20361 23467 0 1 1 0 44 0 1 0
20381 20657 1 0 1 70 0 1 0 0
20441 22013 1 0 1 417 0 1 0 0
20476 26292 0 1 1 0 9 0 1 0
20551 23900 1 0 1 34 0 1 0 0
20746 20747 0 1 1 0 1109 0 1 0
20793 23716 1 0 1 882 0 1 0 0
20883 20907 1 0 1 4 0 1 0 0
20883 21012 1 0 1 35 0 1 0 0
20883 21090 1 0 1 59 0 1 0 0
20883 21137 1 0 1 77 0 1 0 0
20883 21207 1 0 1 91 0 1 0 0
20883 21255 1 0 1 106 0 1 0 0
20883 21294 1 0 1 120 0 1 0 0
20883 21329 1 0 1 129 0 1 0 0
20883 21373 1 0 1 140 0 1 0 0
20883 21405 1 0 1 150 0 1 0 0
20883 21469 1 0 1 166 0 1 0 0
20883 21503 1 0 1 175 0 1 0 0
21107 23974 1 0 1 892 0 1 0 0
21122 22692 1 0 1 638 0 1 0 0
21362 25253 1 0 1 54 0 1 0 0
21534 21633 1 0 1 32 0 1 0 0
21534 21649 1 0 1 36 0 1 0 0
21534 21686 1 0 1 45 0 1 0 0
21534 21703 1 0 1 48 0 1 0 0
21534 21737 1 0 1 55 0 1 0 0
21534 21740 1 0 1 57 0 1 0 0
21534 21829 1 0 1 81 0 1 0 0
21534 21846 1 0 1 85 0 1 0 0
21534 21892 1 0 1 100 0 1 0 0
21534 21956 1 0 1 116 0 1 0 0
21534 21974 1 0 1 120 0 1 0 0
21534 22037 1 0 1 138 0 1 0 0
21534 22041 1 0 1 138 0 1 0 0
21534 22076 1 0 1 149 0 1 0 0
21534 22107 1 0 1 162 0 1 0 0
21534 22232 1 0 1 195 0 1 0 0
21534 22244 1 0 1 876 0 1 0 0
21534 22246 1 0 1 198 0 1 0 0
21534 22381 1 0 1 238 0 1 0 0
21534 22502 1 0 1 276 0 1 0 0
21534 22608 1 0 1 310 0 1 0 0
21534 22634 1 0 1 317 0 1 0 0
21534 22771 1 0 1 357 0 1 0 0
21534 23429 1 0 1 584 0 1 0 0
21534 23840 1 0 1 721 0 1 0 0
21534 24188 1 0 1 842 0 1 0 0
21534 24203 1 0 1 846 0 1 0 0
21534 25013 1 0 1 1190 0 1 0 0
21534 25077 1 0 1 1213 0 1 0 0
21534 25147 1 0 1 1284 0 1 0 0
21534 26084 1 0 1 1587 0 1 0 0
21534 26205 1 0 1 1614 0 1 0 0
21534 26559 1 0 1 1730 0 1 0 0
21534 26624 1 0 1 1758 0 1 0 0
21534 26948 1 0 1 1868 0 1 0 0
21534 27001 1 0 1 1883 0 1 0 0
21534 27313 1 0 1 1986 0 1 0 0
21534 29012 1 0 1 2495 0 1 0 0
21534 29257 1 0 1 2568 0 1 0 0
21544 22280 1 0 1 204 0 1 0 0
21645 25065 1 0 1 1177 0 1 0 0
21828 24012 1 0 1 705 0 1 0 0
22030 22041 1 0 1 559 0 1 0 0
22030 24306 1 0 1 743 0 1 0 0
22030 26611 1 0 1 1616 0 1 0 0
22167 27624 1 0 1 1905 0 1 0 0
22168 25337 1 0 1 1090 0 1 0 0
22173 25337 1 0 1 1179 0 1 0 0
22284 24559 1 0 1 768 0 1 0 0
22284 25991 1 0 1 1347 0 1 0 0
22368 22487 1 0 1 33 0 1 0 0
22421 22422 0 1 1 0 2441 0 1 0
22436 23998 1 0 1 526 0 1 0 0
22576 24012 1 0 1 494 0 1 0 0
22604 24129 1 0 1 340 0 1 0 0
22670 23591 1 0 1 305 0 1 0 0
22692 24034 0 1 1 0 60 0 1 0
22692 24129 0 1 1 0 26 0 1 0
22743 23409 1 0 1 226 0 1 0 0
22799 22835 1 0 1 16 0 1 0 0
22799 22996 1 0 1 75 0 1 0 0
22799 23012 1 0 1 80 0 1 0 0
22799 23033 1 0 1 85 0 1 0 0
22799 23156 1 0 1 127 0 1 0 0
22799 23266 1 0 1 159 0 1 0 0
22799 23281 1 0 1 164 0 1 0 0
22799 23415 1 0 1 205 0 1 0 0
22799 23643 1 0 1 279 0 1 0 0
22799 23724 1 0 1 309 0 1 0 0
22799 23948 1 0 1 392 0 1 0 0
22799 24869 1 0 1 719 0 1 0 0
22799 24910 1 0 1 733 0 1 0 0
22799 24942 1 0 1 748 0 1 0 0
22799 25050 1 0 1 833 0 1 0 0
22799 25491 1 0 1 1016 0 1 0 0
22832 23535 1 0 1 230 0 1 0 0
22862 28896 1 0 1 53 0 1 0 0
22907 26974 1 0 1 1780 0 1 0 0
23028 23044 1 0 1 7 0 1 0 0
23028 23076 1 0 1 17 0 1 0 0
23028 23142 1 0 1 40 0 1 0 0
23028 23150 1 0 1 43 0 1 0 0
23028 23159 1 0 1 45 0 1 0 0
23028 23285 1 0 1 82 0 1 0 0
23028 23296 1 0 1 85 0 1 0 0
23028 23849 1 0 1 268 0 1 0 0
23028 24770 1 0 1 599 0 1 0 0
23064 23621 1 0 1 176 0 1 0 0
23182 23916 1 0 1 241 0 1 0 0
23188 29105 1 0 1 2016 0 1 0 0
23213 23214 0 1 1 0 1519 0 1 0
23251 23373 1 0 1 36 0 1 0 0
23423 25106 1 0 1 644 0 1 0 0
23446 23633 1 0 1 60 0 1 0 0
23452 23794 1 0 1 119 0 1 0 0
23452 23978 1 0 1 187 0 1 0 0
23452 24083 1 0 1 226 0 1 0 0
23452 25483 1 0 1 794 0 1 0 0
23466 24044 1 0 1 206 0 1 0 0
23476 24165 0 1 1 0 37 0 1 0
23476 25745 0 1 1 0 113 0 1 0
23480 23760 1 0 1 100 0 1 0 0
23560 24390 1 0 1 285 0 1 0 0
23651 23684 1 1 2 17 21 1 1 0
23651 27190 1 0 1 1288 0 1 0 0
23788 24208 1 0 1 143 0 1 0 0
23789 24493 1 0 1 239 0 1 0 0
23789 25247 1 0 1 614 0 1 0 0
23797 23900 1 0 1 31 0 1 0 0
23797 27604 1 0 1 1368 0 1 0 0
23827 24801 0 1 1 0 889 0 1 0
23927 24936 1 0 1 358 0 1 0 0
23976 23996 1 0 1 6 0 1 0 0
24033 24355 1 0 1 106 0 1 0 0
24033 24704 1 0 1 239 0 1 0 0
24033 24892 1 0 1 306 0 1 0 0
24033 25866 1 0 1 728 0 1 0 0
24033 26286 1 0 1 852 0 1 0 0
24033 27151 1 0 1 1142 0 1 0 0
24039 24206 1 0 1 51 0 1 0 0
24061 25409 1 0 1 552 0 1 0 0
24061 26031 1 0 1 763 0 1 0 0
24061 26700 1 0 1 969 0 1 0 0
24142 24282 0 1 1 0 281 0 1 0
24165 24714 1 0 1 236 0 0.5 0 0
24400 24866 1 0 1 177 0 1 0 0
24431 24921 1 0 1 183 0 1 0 0
24661 24698 1 0 1 15 0 1 0 0
24667 27434 1 0 1 1005 0 1 0 0
24711 25021 1 0 1 162 0 1 0 0
24711 27626 1 0 1 1053 0 1 0 0
24714 24833 0 1 1 0 1644 0 1 0
24783 25251 1 0 1 262 0 1 0 0
24833 25337 1 0 1 132 0 1 0 0
24880 24975 1 0 1 37 0 1 0 0
25079 25132 1 0 1 21 0 1 0 0
25240 26894 1 0 1 62 0 1 0 0
25240 27225 1 0 1 163 0 1 0 0
25240 27922 1 0 1 351 0 1 0 0
25240 28802 1 0 1 636 0 1 0 0
25273 28404 1 0 1 961 0 1 0 0
25278 25314 1 0 1 10 0 1 0 0
25290 26770 0 1 1 0 166 0 1 0
25294 25808 1 0 1 171 0 1 0 0
25343 25815 0 1 1 0 5806 0 1 0
25363 25855 1 0 1 168 0 1 0 0
25399 25400 0 1 1 0 2653 0 1 0
25400 26328 1 0 1 2954 0 1 0 0
25504 25556 1 0 1 22 0 1 0 0
25678 25679 0 1 1 0 311 0 1 0
25681 25737 1 0 1 27 0 1 0 0
25697 25907 1 0 1 68 0 1 0 0
25745 25859 1 0 1 39 0 1 0 0
25745 26045 1 0 1 96 0 1 0 0
25745 26251 1 0 1 155 0 1 0 0
25745 26446 1 0 1 212 0 1 0 0
25745 26562 1 0 1 252 0 1 0 0
25745 26689 1 0 1 297 0 1 0 0
25745 26775 1 0 1 325 0 1 0 0
25745 26782 1 0 1 327 0 1 0 0
25745 26906 1 0 1 376 0 1 0 0
25745 27003 1 0 1 405 0 1 0 0
25745 27171 1 0 1 459 0 1 0 0
25745 27564 1 0 1 586 0 1 0 0
25745 27919 1 0 1 659 0 1 0 0
25745 28706 1 0 1 911 0 1 0 0
25894 28027 1 0 1 638 0 1 0 0
25894 28089 1 0 1 655 0 1 0 0
26039 26974 1 1 2 311 16 1 1 0
26258 26597 1 0 1 33 0 1 0 0
26285 26910 1 0 1 213 0 1 0 0
26330 26972 1 0 1 219 0 1 0 0
26437 26438 0 1 1 0 547 0 1 0
26438 26619 1 0 1 614 0 1 0 0
26438 27895 1 0 1 989 0 1 0 0
26459 27504 1 0 1 354 0 1 0 0
26459 27724 1 0 1 429 0 1 0 0
26459 27726 1 0 1 429 0 1 0 0
26459 27728 1 0 1 429 0 1 0 0
26459 27730 1 0 1 429 0 1 0 0
26459 27732 1 0 1 429 0 1 0 0
26459 27734 1 0 1 429 0 1 0 0
26459 27736 1 0 1 429 0 1 0 0
26459 27738 1 0 1 429 0 1 0 0
26459 27740 1 0 1 429 0 1 0 0
26459 27742 1 0 1 429 0 1 0 0
26459 27744 1 0 1 429 0 1 0 0
26459 27746 1 0 1 429 0 1 0 0
26459 27748 1 0 1 429 0 1 0 0
26459 27750 1 0 1 429 0 1 0 0
26459 27754 1 0 1 429 0 1 0 0
26459 27756 1 0 1 429 0 1 0 0
26459 27758 1 0 1 429 0 1 0 0
26459 27760 1 0 1 429 0 1 0 0
26459 27762 1 0 1 429 0 1 0 0
26459 27764 1 0 1 429 0 1 0 0
26459 27766 1 0 1 429 0 1 0 0
26459 27770 1 0 1 430 0 1 0 0
26459 27772 1 0 1 430 0 1 0 0
26459 27774 1 0 1 430 0 1 0 0
26459 27776 1 0 1 430 0 1 0 0
26459 27778 1 0 1 430 0 1 0 0
26459 27780 1 0 1 430 0 1 0 0
26459 27782 1 0 1 430 0 1 0 0
26459 27784 1 0 1 430 0 1 0 0
26459 27786 1 0 1 430 0 1 0 0
26459 27788 1 0 1 430 0 1 0 0
26459 27790 1 0 1 430 0 1 0 0
26459 27792 1 0 1 430 0 1 0 0
26459 27794 1 0 1 430 0 1 0 0
26459 27796 1 0 1 430 0 1 0 0
26459 27798 1 0 1 430 0 1 0 0
26459 27800 1 0 1 430 0 1 0 0
26459 27802 1 0 1 430 0 1 0 0
26459 27804 1 0 1 430 0 1 0 0
26459 27806 1 0 1 430 0 1 0 0
26459 27808 1 0 1 430 0 1 0 0
26459 27810 1 0 1 430 0 1 0 0
26459 27812 1 0 1 430 0 1 0 0
26459 27814 1 0 1 430 0 1 0 0
26459 27816 1 0 1 430 0 1 0 0
26459 27818 1 0 1 430 0 1 0 0
26459 27820 1 0 1 430 0 1 0 0
26459 27822 1 0 1 430 0 1 0 0
26459 27824 1 0 1 430 0 1 0 0
26459 27826 1 0 1 430 0 1 0 0
26459 27828 1 0 1 430 0 1 0 0
26459 27830 1 0 1 430 0 1 0 0
26459 27832 1 0 1 430 0 1 0 0
26459 27834 1 0 1 430 0 1 0 0
26459 27836 1 0 1 430 0 1 0 0
26459 27838 1 0 1 430 0 1 0 0
26459 27840 1 0 1 430 0 1 0 0
26459 27842 1 0 1 430 0 1 0 0
26459 27844 1 0 1 430 0 1 0 0
26459 27846 1 0 1 430 0 1 0 0
26459 27848 1 0 1 430 0 1 0 0
26459 27850 1 0 1 430 0 1 0 0
26459 27852 1 0 1 430 0 1 0 0
26459 27854 1 0 1 430 0 1 0 0
26459 27856 1 0 1 430 0 1 0 0
26459 27858 1 0 1 430 0 1 0 0
26459 27860 1 0 1 430 0 1 0 0
26459 27862 1 0 1 430 0 1 0 0
26459 27864 1 0 1 430 0 1 0 0
26459 27866 1 0 1 430 0 1 0 0
26459 27868 1 0 1 430 0 1 0 0
26459 27870 1 0 1 430 0 1 0 0
26459 27872 1 0 1 430 0 1 0 0
26459 27874 1 0 1 430 0 1 0 0
26459 27876 1 0 1 430 0 1 0 0
26459 27878 1 0 1 430 0 1 0 0
26459 27880 1 0 1 430 0 1 0 0
26459 27893 1 0 1 439 0 1 0 0
26459 27901 1 0 1 442 0 1 0 0
26459 27909 1 0 1 444 0 1 0 0
26459 27914 1 0 1 444 0 1 0 0
26459 27929 1 0 1 446 0 1 0 0
26459 27932 1 0 1 450 0 1 0 0
26459 27936 1 0 1 451 0 1 0 0
26459 27951 1 0 1 455 0 1 0 0
26459 27978 1 0 1 461 0 1 0 0
26459 27981 1 0 1 461 0 1 0 0
26459 27987 1 0 1 462 0 1 0 0
26459 27990 1 0 1 463 0 1 0 0
26459 27997 1 0 1 465 0 1 0 0
26459 28034 1 0 1 477 0 1 0 0
26459 28061 1 0 1 484 0 1 0 0
26459 28073 1 0 1 489 0 1 0 0
26459 28075 1 0 1 489 0 1 0 0
26459 28077 1 0 1 489 0 1 0 0
26459 28081 1 0 1 489 0 1 0 0
26459 28131 1 0 1 504 0 1 0 0
26459 28146 1 0 1 508 0 1 0 0
26459 28179 1 0 1 516 0 1 0 0
26459 28211 1 0 1 527 0 1 0 0
26459 28230 1 0 1 535 0 1 0 0
26459 28278 1 0 1 553 0 1 0 0
26459 28284 1 0 1 554 0 1 0 0
26459 28286 1 0 1 554 0 1 0 0
26459 28288 1 0 1 554 0 1 0 0
26459 28300 1 0 1 560 0 1 0 0
26459 28327 1 0 1 569 0 1 0 0
26459 28358 1 0 1 576 0 1 0 0
26459 28422 1 0 1 603 0 1 0 0
26459 28437 1 0 1 607 0 1 0 0
26459 28538 1 0 1 639 0 1 0 0
26459 28585 1 0 1 652 0 1 0 0
26459 28598 1 0 1 654 0 1 0 0
26459 28602 1 0 1 655 0 1 0 0
26459 28614 1 0 1 658 0 1 0 0
26459 28633 1 0 1 667 0 1 0 0
26459 28760 1 0 1 716 0 1 0 0
26459 28873 1 0 1 756 0 1 0 0
26459 28985 1 0 1 797 0 1 0 0
26459 28998 1 0 1 800 0 1 0 0
26459 29094 1 0 1 831 0 1 0 0
26459 29139 1 0 1 842 0 1 0 0
26459 29181 1 0 1 857 0 1 0 0
26459 29205 1 0 1 862 0 1 0 0
26459 29237 1 0 1 873 0 1 0 0
26468 26832 1 0 1 131 0 1 0 0
26538 28239 1 0 1 508 0 1 0 0
26566 26812 1 0 1 81 0 1 0 0
26577 26865 1 0 1 96 0 1 0 0
26670 28324 0 1 1 0 26 0 1 0
26705 26788 1 0 1 30 0 1 0 0
26829 28260 1 0 1 415 0 1 0 0
27014 27165 1 0 1 52 0 1 0 0
27014 27430 1 0 1 134 0 1 0 0
27014 27556 1 0 1 177 0 1 0 0
27014 28508 1 0 1 433 0 1 0 0
27090 27668 1 0 1 186 0 1 0 0
27119 27198 0 1 1 0 71 0 1 0
27126 27536 1 0 1 129 0 1 0 0
27198 27608 1 0 1 134 0 1 0 0
27207 28133 1 0 1 93 0 1 0 0
27218 28622 1 0 1 402 0 1 0 0
27490 28954 1 0 1 436 0 1 0 0
27512 27548 1 0 1 12 0 1 0 0
27623 29124 1 0 1 446 0 1 0 0
27674 27942 1 0 1 40 0 1 0 0
27935 27983 1 0 1 11 0 1 0 0
28011 28018 1 0 1 4 0 1 0 0
28249 28250 0 1 1 0 4378 0 1 0
28352 28530 1 0 1 63 0 1 0 0
28659 28683 1 0 1 12 0 1 0 0
28659 28788 1 0 1 49 0 1 0 0
28659 28796 1 0 1 51 0 1 0 0
28659 28837 1 0 1 67 0 1 0 0
28659 28975 1 0 1 116 0 1 0 0
28659 29086 1 0 1 147 0 1 0 0
28787 28907 1 0 1 41 0 1 0 0
28891 28930 1 0 1 17 0 1 0 0
28891 28936 1 0 1 18 0 1 0 0
28977 29107 1 0 1 41 0 1 0 0
28996 29192 1 0 1 61 0 1 0 0
