1 1 100 1
2 2 100 2
3 3 100 3
4 4 100 4
5 5 100 5.61313
6 6 100 7.53283
7 7 100 8.90071
8 8 100 10.0295
9 9 100 11.0295
10 10 100 12.0699
11 11 100 13.3818
12 12 100 14.7496
13 13 100 15.7803
14 14 100 17.1482
15 15 100 18.1482
16 16 100 19.5161
17 17 100 21.4358
18 18 100 22.5121
19 19 100 23.6041
20 20 100 24.6567
21 21 100 25.672
22 22 100 27.0399
23 23 100 28.4077
24 24 100 35.621
25 25 100 36.621
26 26 100 37.713
27 27 100 38.8969
28 28 100 39.8969
29 29 100 41.3568
30 30 100 42.3874
31 31 100 43.7553
32 32 100 45.1232
33 33 100 46.1232
34 34 100 47.1922
35 35 100 48.56
36 36 100 49.9279
37 37 100 50.9279
38 38 100 51.9562
39 39 100 53.3287
40 40 100 54.3287
41 41 100 55.3287
42 42 100 56.3333
43 43 100 57.7012
44 44 100 59.3663
45 45 100 67.1031
46 46 100 68.1077
47 47 100 69.1325
48 48 100 70.1325
49 49 100 71.8683
50 50 100 72.8683
