1 1 100 1.49051
2 2 100 2.4997
3 3 100 3.86758
4 4 100 5.17415
5 5 100 6.54203
6 6 100 8.64567
7 7 100 15.8613
8 8 100 17.2292
9 9 100 18.2384
10 10 100 19.2788
11 11 100 20.6467
12 12 100 22.0146
13 13 100 23.3825
14 14 100 24.7504
15 15 100 26.1182
16 16 100 27.4861
17 17 100 29.0379
18 18 100 30.2219
19 19 100 31.2449
20 20 100 32.6128
21 21 100 33.7047
22 22 100 36.912
23 23 100 37.9212
24 24 100 39.2891
25 25 100 53.3487
26 26 100 54.3487
27 27 100 55.3579
28 28 100 56.8484
29 29 100 58.2163
30 30 100 59.2973
31 31 100 60.6651
32 32 100 61.6743
33 33 100 63.0422
34 34 100 64.4101
35 35 100 65.778
36 36 100 66.7872
37 37 100 120.302
38 38 100 121.311
39 39 100 122.679
40 40 100 123.801
41 41 100 125.169
42 42 100 126.536
43 43 100 127.546
44 44 100 128.627
45 45 100 134.041
46 46 100 135.777
47 47 100 137.145
48 48 100 138.512
49 49 100 139.88
50 50 100 140.972
