1 1 100 547.752
2 2 100 588.235
3 3 100 616.772
4 4 100 632.033
5 5 100 642.068
6 6 100 680.748
7 7 100 691.169
8 8 100 704.407
9 9 100 775.65
10 10 100 783.435
11 11 100 787.707
12 12 100 883.134
13 13 100 893.459
14 14 100 1651.73
15 15 100 1655.29
16 16 100 1659.95
17 17 100 1680.56
18 18 100 2124.3
19 19 100 2129.71
20 20 100 2133.09
21 21 100 2134.83
22 22 100 2146.74
23 23 100 2147.74
24 24 100 2150.46
25 25 100 2153.18
26 26 100 2157.34
27 27 100 2160.73
28 28 100 2164.39
29 29 100 2199.41
30 30 100 2201.61
31 31 100 2205.11
32 32 100 2206.11
33 33 100 2256.17
34 34 100 2266.64
35 35 100 2269.75
36 36 100 2272.83
37 37 100 2275.24
38 38 100 2282.04
39 39 100 2283.56
40 40 100 2286.4
41 41 100 2290.96
42 42 100 2293.08
43 43 100 2298.37
44 44 100 2300.84
45 45 100 2303.32
46 46 100 2305.79
47 47 100 2308.26
48 48 100 2310.73
49 49 100 2320.03
50 50 100 2403.04
