1 1 100 57.3143
2 2 100 540.602
3 3 100 3215.24
4 4 100 3220.32
5 5 100 3720.64
6 6 100 3891.65
7 7 100 3991.23
8 8 100 4031.57
9 9 100 4040.5
10 10 100 4085.5
11 11 100 4100.33
12 12 100 4105.41
13 13 100 4157.58
14 14 100 4175.41
15 15 100 4297.04
16 16 100 4350.97
17 17 100 4354.03
18 18 100 4375.44
19 19 100 4377.24
20 20 100 4387.02
21 21 100 4401.9
22 22 100 4402.9
23 23 100 4405.09
24 24 100 4431.25
25 25 100 4438.45
26 26 100 4444.09
27 27 100 4446.02
28 28 100 4447.67
29 29 100 4453.75
30 30 100 4454.89
31 31 100 4501.72
32 32 100 5352.76
33 33 100 5360.28
34 34 100 5365.15
35 35 100 5368.98
36 36 100 5373.66
37 37 100 5376.51
38 38 100 5379.82
39 39 100 5384.21
40 40 100 5386.32
41 41 100 5389.26
42 42 100 5391.96
43 43 100 5414.01
44 44 100 5417.2
45 45 100 5419.23
46 46 100 5420.89
47 47 100 5423.73
48 48 100 5426.32
49 49 100 5428.14
50 50 100 5449.18
