1 1 100 1
2 2 100 214.009
3 3 100 300.02
4 4 100 312.043
5 5 100 316.141
6 6 100 320.332
7 7 100 547.228
8 8 100 548.916
9 9 100 562.022
10 10 100 563.024
11 11 100 567.979
12 12 100 574.551
13 13 100 576.194
14 14 100 627.149
15 15 100 629.078
16 16 100 633.021
17 17 100 635.536
18 18 100 638.652
19 19 100 641.899
20 20 100 643.412
21 21 100 648.152
22 22 100 650.751
23 23 100 652.328
24 24 100 653.701
25 25 100 655.988
26 26 100 657.693
27 27 100 659.531
28 28 100 660.743
29 29 100 669.304
30 30 100 671.101
31 31 100 675.296
32 32 100 676.398
33 33 100 678.318
34 34 100 680.506
35 35 100 695.108
36 36 100 696.752
37 37 100 697.805
38 38 100 699.011
39 39 100 700.341
40 40 100 703.072
41 41 100 895.91
42 42 100 928.322
43 43 100 930.425
44 44 100 932.201
45 45 100 933.498
46 46 100 937.071
47 47 100 938.847
48 48 100 940.276
49 49 100 941.854
50 50 100 943.222
