4 5 0 1 1 0 152 0 1 0
4 192 0 1 1 0 32 0 1 0
4 227 0 1 1 0 24 0 1 0
4 439 0 1 1 0 84 0 1 0
4 462 0 1 1 0 23 0 1 0
4 845 0 1 1 0 46 0 1 0
4 1184 0 1 1 0 24 0 1 0
4 1187 0 1 1 0 29 0 1 0
4 2277 0 1 1 0 54 0 1 0
4 2386 0 1 1 0 33 0 1 0
4 2825 0 1 1 0 34 0 1 0
10 11 0 1 1 0 2443 0 1 0
11 21 1 0 1 2445 0 1 0 0
11 33 1 0 1 2512 0 1 0 0
11 112 1 0 1 2524 0 1 0 0
11 272 1 0 1 2557 0 1 0 0
11 369 1 0 1 2572 0 1 0 0
11 391 1 0 1 2575 0 1 0 0
11 415 1 0 1 2580 0 1 0 0
11 466 1 0 1 2589 0 1 0 0
11 475 1 0 1 2591 0 1 0 0
11 642 1 0 1 2626 0 1 0 0
11 839 1 0 1 2663 0 1 0 0
11 893 1 0 1 2675 0 1 0 0
11 969 1 0 1 2691 0 1 0 0
11 983 1 0 1 2695 0 1 0 0
11 1185 1 0 1 2741 0 1 0 0
11 1228 1 0 1 2748 0 1 0 0
11 1358 1 0 1 2766 0 1 0 0
11 1463 1 0 1 2784 0 1 0 0
11 1512 1 0 1 2790 0 1 0 0
11 1904 1 0 1 2954 0 1 0 0
11 2004 1 0 1 2878 0 1 0 0
11 2021 1 0 1 2923 0 1 0 0
11 2234 1 0 1 2957 0 1 0 0
11 2471 1 0 1 2993 0 1 0 0
11 2840 1 0 1 3059 0 1 0 0
11 2917 1 0 1 3073 0 1 0 0
11 2968 1 0 1 3080 0 1 0 0
11 3077 1 0 1 3108 0 1 0 0
11 3222 1 0 1 3222 0 1 0 0
11 3227 1 0 1 3222 0 1 0 0
11 3503 1 0 1 3271 0 1 0 0
11 3534 1 0 1 3280 0 1 0 0
11 3567 1 0 1 3286 0 1 0 0
11 3609 1 0 1 3292 0 1 0 0
11 3642 1 0 1 3298 0 1 0 0
11 4021 1 0 1 3438 0 1 0 0
11 4065 1 0 1 3449 0 1 0 0
11 4094 1 0 1 3455 0 1 0 0
11 4162 1 0 1 3468 0 1 0 0
11 4185 1 0 1 3537 0 1 0 0
11 4194 1 0 1 3540 0 1 0 0
11 4203 1 0 1 3542 0 1 0 0
11 4205 1 0 1 3542 0 1 0 0
11 4395 1 0 1 3585 0 1 0 0
11 4444 1 0 1 3593 0 1 0 0
11 4792 1 0 1 3683 0 1 0 0
11 4995 1 0 1 3781 0 1 0 0
11 5039 1 0 1 3852 0 1 0 0
11 5144 1 0 1 3808 0 1 0 0
11 5170 1 0 1 3815 0 1 0 0
11 5316 1 0 1 3839 0 1 0 0
11 5425 1 0 1 3862 0 1 0 0
11 5613 1 0 1 3938 0 1 0 0
11 5661 1 0 1 3946 0 1 0 0
11 5685 1 0 1 3951 0 1 0 0
13 14 0 1 1 0 202 0 1 0
14 105 1 0 1 281 0 1 0 0
14 140 1 0 1 286 0 1 0 0
14 173 1 0 1 295 0 1 0 0
14 325 1 0 1 322 0 1 0 0
14 470 1 0 1 348 0 1 0 0
14 589 1 0 1 377 0 1 0 0
14 650 1 0 1 385 0 1 0 0
14 705 1 0 1 396 0 1 0 0
14 727 1 0 1 398 0 1 0 0
14 807 1 0 1 413 0 1 0 0
14 843 1 0 1 421 0 1 0 0
14 876 1 0 1 430 0 1 0 0
14 925 1 0 1 438 0 1 0 0
14 1026 1 0 1 464 0 1 0 0
14 1065 1 0 1 474 0 1 0 0
14 1109 1 0 1 481 0 1 0 0
14 1148 1 0 1 471 0 1 0 0
14 1175 1 0 1 497 0 1 0 0
14 1322 1 0 1 519 0 1 0 0
14 1450 1 0 1 540 0 1 0 0
14 1470 1 0 1 543 0 1 0 0
14 1521 1 0 1 550 0 1 0 0
14 1600 1 0 1 566 0 1 0 0
14 1832 1 0 1 599 0 1 0 0
14 1864 1 0 1 608 0 1 0 0
14 1960 1 0 1 627 0 1 0 0
14 2076 1 0 1 690 0 1 0 0
14 2125 1 0 1 700 0 1 0 0
14 2416 1 0 1 742 0 1 0 0
14 2586 1 0 1 768 0 1 0 0
14 2834 1 0 1 817 0 1 0 0
14 2888 1 0 1 826 0 1 0 0
14 3446 1 0 1 1020 0 1 0 0
14 3913 1 0 1 1173 0 1 0 0
14 4081 1 0 1 911 0 1 0 0
14 4092 1 0 1 1213 0 1 0 0
14 4405 1 0 1 1344 0 1 0 0
14 4555 1 0 1 1379 0 1 0 0
14 4648 1 0 1 1402 0 1 0 0
14 4724 1 0 1 1424 0 1 0 0
14 4878 1 0 1 1514 0 1 0 0
14 5423 1 0 1 1619 0 1 0 0
14 5541 1 0 1 1641 0 1 0 0
14 5719 1 0 1 1718 0 1 0 0
19 723 1 0 1 25 0 1 0 0
19 1549 1 0 1 10 0 1 0 0
19 1564 1 0 1 13 0 1 0 0
19 1578 1 0 1 16 0 1 0 0
19 1594 1 0 1 18 0 1 0 0
19 1602 1 0 1 20 0 1 0 0
19 1604 1 0 1 20 0 1 0 0
19 1611 1 0 1 21 0 1 0 0
19 1626 1 0 1 24 0 1 0 0
19 1659 1 0 1 28 0 1 0 0
19 1673 1 0 1 30 0 1 0 0
19 1752 1 0 1 40 0 1 0 0
19 1754 1 0 1 41 0 1 0 0
19 1776 1 0 1 6014 0 1 0 0
19 1840 1 0 1 56 0 1 0 0
19 1856 1 0 1 59 0 1 0 0
19 1933 1 0 1 76 0 1 0 0
19 1991 1 0 1 87 0 1 0 0
19 2097 1 0 1 149 0 1 0 0
19 2401 1 0 1 194 0 1 0 0
19 2622 1 0 1 228 0 1 0 0
19 2802 1 0 1 261 0 1 0 0
19 2823 1 0 1 6238 0 1 0 0
19 3083 1 0 1 322 0 1 0 0
19 3115 1 0 1 370 0 1 0 0
19 3303 1 0 1 450 0 1 0 0
19 3313 1 0 1 451 0 1 0 0
19 3589 1 0 1 6472 0 1 0 0
19 3762 1 0 1 6611 0 1 0 0
19 5039 1 0 1 1002 0 1 0 0
19 5146 1 0 1 1021 0 1 0 0
19 5188 1 0 1 1031 0 1 0 0
19 5290 1 0 1 1046 0 1 0 0
19 5721 1 0 1 7143 0 1 0 0
28 29 0 1 1 0 465 0 1 0
29 30 1 0 1 86 0 1 0 0
38 2564 1 0 1 338 0 1 0 0
42 43 0 1 1 0 17 0 1 0
45 2366 1 0 1 464 0 1 0 0
46 47 0 1 1 0 312 0 1 0
47 262 1 0 1 353 0 1 0 0
47 818 1 0 1 455 0 1 0 0
47 2297 1 0 1 766 0 1 0 0
49 50 0 1 1 0 4029 0 1 0
50 221 1 0 1 4062 0 1 0 0
50 278 1 0 1 4073 0 1 0 0
50 703 1 0 1 4152 0 1 0 0
50 857 1 0 1 4182 0 1 0 0
50 1315 1 0 1 4276 0 1 0 0
50 1702 1 0 1 4335 0 1 0 0
50 1878 1 0 1 4370 0 1 0 0
50 2442 1 0 1 4503 0 1 0 0
50 2509 1 0 1 4513 0 1 0 0
50 2964 1 0 1 4595 0 1 0 0
50 3194 1 0 1 4732 0 1 0 0
50 3377 1 0 1 4763 0 1 0 0
50 3496 1 0 1 4785 0 1 0 0
50 3520 1 0 1 4792 0 1 0 0
50 4179 1 0 1 5050 0 1 0 0
50 4434 1 0 1 5107 0 1 0 0
50 5058 1 0 1 5307 0 1 0 0
50 5117 1 0 1 5318 0 1 0 0
50 5153 1 0 1 5327 0 1 0 0
50 5474 1 0 1 5385 0 1 0 0
56 57 0 1 1 0 3843 0 1 0
57 59 1 0 1 3843 0 1 0 0
57 64 1 0 1 3843 0 1 0 0
57 73 1 0 1 3844 0 1 0 0
57 82 1 0 1 3847 0 1 0 0
57 121 1 0 1 3853 0 1 0 0
57 365 1 0 1 3899 0 1 0 0
57 373 1 0 1 3900 0 1 0 0
57 525 1 0 1 3933 0 1 0 0
57 564 1 0 1 3943 0 1 0 0
57 647 1 0 1 3954 0 1 0 0
57 717 1 0 1 3966 0 1 0 0
57 836 1 0 1 3989 0 1 0 0
57 851 1 0 1 3992 0 1 0 0
57 890 1 0 1 4002 0 1 0 0
57 974 1 0 1 4019 0 1 0 0
57 1009 1 0 1 4030 0 1 0 0
57 1058 1 0 1 4042 0 1 0 0
57 1116 1 0 1 4051 0 1 0 0
57 1157 1 0 1 4060 0 1 0 0
57 1177 1 0 1 4066 0 1 0 0
57 1208 1 0 1 4072 0 1 0 0
57 1226 1 0 1 4075 0 1 0 0
57 1249 1 0 1 4077 0 1 0 0
57 1347 1 0 1 4092 0 1 0 0
57 1379 1 0 1 4097 0 1 0 0
57 1392 1 0 1 4098 0 1 0 0
57 1399 1 0 1 4100 0 1 0 0
57 1403 1 0 1 4102 0 1 0 0
57 1475 1 0 1 4112 0 1 0 0
57 1480 1 0 1 4113 0 1 0 0
57 1544 1 0 1 4124 0 1 0 0
57 1873 1 0 1 4178 0 1 0 0
57 1923 1 0 1 4190 0 1 0 0
57 1935 1 0 1 4191 0 1 0 0
57 1969 1 0 1 4198 0 1 0 0
57 1998 1 0 1 4204 0 1 0 0
57 2014 1 0 1 4208 0 1 0 0
57 2091 1 0 1 4263 0 1 0 0
57 2108 1 0 1 4266 0 1 0 0
57 2227 1 0 1 4282 0 1 0 0
57 2317 1 0 1 4299 0 1 0 0
57 2372 1 0 1 4304 0 1 0 0
57 2527 1 0 1 4328 0 1 0 0
57 2669 1 0 1 4352 0 1 0 0
57 2673 1 0 1 4352 0 1 0 0
57 2697 1 0 1 4357 0 1 0 0
57 2804 1 0 1 4377 0 1 0 0
57 2820 1 0 1 4382 0 1 0 0
57 2869 1 0 1 4392 0 1 0 0
57 2884 1 0 1 4394 0 1 0 0
57 2900 1 0 1 4398 0 1 0 0
57 3035 1 0 1 4424 0 1 0 0
57 3126 1 0 1 4487 0 1 0 0
57 3169 1 0 1 4499 0 1 0 0
57 3397 1 0 1 4580 0 1 0 0
57 3435 1 0 1 4587 0 1 0 0
57 3463 1 0 1 4977 0 1 0 0
57 3537 1 0 1 4607 0 1 0 0
57 3634 1 0 1 4623 0 1 0 0
57 3665 1 0 1 4630 0 1 0 0
57 3728 1 0 1 4706 0 1 0 0
57 3985 1 0 1 5133 0 1 0 0
57 4150 1 0 1 4793 0 1 0 0
57 4209 1 0 1 4870 0 1 0 0
57 4217 1 0 1 4872 0 1 0 0
57 4289 1 0 1 4889 0 1 0 0
57 4330 1 0 1 4900 0 1 0 0
57 4384 1 0 1 4909 0 1 0 0
57 4446 1 0 1 4921 0 1 0 0
57 4494 1 0 1 4936 0 1 0 0
57 4506 1 0 1 4940 0 1 0 0
57 4814 1 0 1 5012 0 1 0 0
57 4854 1 0 1 5027 0 1 0 0
57 4889 1 0 1 5087 0 1 0 0
57 5035 1 0 1 5116 0 1 0 0
57 5080 1 0 1 5124 0 1 0 0
57 5132 1 0 1 5133 0 1 0 0
57 5334 1 0 1 5170 0 1 0 0
57 5338 1 0 1 5171 0 1 0 0
57 5387 1 0 1 5181 0 1 0 0
57 5455 1 0 1 5195 0 1 0 0
57 5498 1 0 1 5203 0 1 0 0
57 5563 1 0 1 5213 0 1 0 0
71 72 0 1 1 0 3450 0 1 0
72 411 1 0 1 3511 0 1 0 0
72 664 1 0 1 3564 0 1 0 0
72 1119 1 0 1 3658 0 1 0 0
72 1634 1 0 1 3746 0 1 0 0
72 2910 1 0 1 4005 0 1 0 0
72 3387 1 0 1 4183 0 1 0 0
72 4106 1 0 1 4389 0 1 0 0
85 495 0 1 1 0 257 0 1 0
100 717 1 0 1 164 0 1 0 0
101 102 0 1 1 0 319 0 1 0
102 1366 1 0 1 564 0 1 0 0
102 2148 1 0 1 742 0 1 0 0
103 104 0 1 1 0 2068 0 1 0
104 1040 1 0 1 2240 0 1 0 0
104 1262 1 0 1 2283 0 1 0 0
104 3555 1 0 1 2815 0 1 0 0
112 620 0 1 1 0 2937 0 1 0
114 115 0 1 1 0 126 0 1 0
114 3953 0 1 1 0 469 0 1 0
115 1538 1 0 1 4130 0 1 0 0
115 3393 1 0 1 4586 0 1 0 0
125 1152 1 0 1 2582 0 1 0 0
125 1448 1 0 1 2632 0 1 0 0
125 3607 1 0 1 3142 0 1 0 0
131 132 0 1 1 0 5701 0 1 0
142 143 0 1 1 0 5478 0 1 0
152 1528 0 1 1 0 44 0 1 0
171 5401 1 0 1 222 0 1 0 0
192 509 1 0 1 64 0 1 0 0
203 204 0 1 1 0 4955 0 1 0
204 210 1 0 1 4956 0 1 0 0
204 214 1 0 1 4957 0 1 0 0
204 238 1 0 1 4962 0 1 0 0
204 274 1 0 1 4968 0 1 0 0
204 294 1 0 1 4970 0 1 0 0
204 302 1 0 1 4971 0 1 0 0
204 313 1 0 1 4972 0 1 0 0
204 343 1 0 1 4978 0 1 0 0
204 387 1 0 1 4986 0 1 0 0
204 396 1 0 1 4987 0 1 0 0
204 406 1 0 1 4989 0 1 0 0
204 431 1 0 1 4993 0 1 0 0
204 499 1 0 1 5013 0 1 0 0
204 607 1 0 1 5033 0 1 0 0
204 621 1 0 1 5034 0 1 0 0
204 662 1 0 1 5042 0 1 0 0
204 680 1 0 1 5064 0 1 0 0
204 682 1 0 1 5045 0 1 0 0
204 684 1 0 1 5045 0 1 0 0
204 744 1 0 1 5054 0 1 0 0
204 789 1 0 1 5061 0 1 0 0
204 823 1 0 1 5069 0 1 0 0
204 935 1 0 1 5094 0 1 0 0
204 1007 1 0 1 5114 0 1 0 0
204 1056 1 0 1 5125 0 1 0 0
204 1112 1 0 1 5134 0 1 0 0
204 1114 1 0 1 5134 0 1 0 0
204 1236 1 0 1 5159 0 1 0 0
204 1275 1 0 1 5164 0 1 0 0
204 1345 1 0 1 5175 0 1 0 0
204 1434 1 0 1 5192 0 1 0 0
204 1438 1 0 1 5192 0 1 0 0
204 1496 1 0 1 5199 0 1 0 0
204 1519 1 0 1 5202 0 1 0 0
204 1542 1 0 1 5208 0 1 0 0
204 1596 1 0 1 5218 0 1 0 0
204 1613 1 0 1 5220 0 1 0 0
204 1615 1 0 1 5221 0 1 0 0
204 1716 1 0 1 5233 0 1 0 0
204 1744 1 0 1 5237 0 1 0 0
204 1779 1 0 1 5243 0 1 0 0
204 1972 1 0 1 5282 0 1 0 0
204 1977 1 0 1 5285 0 1 0 0
204 2028 1 0 1 5336 0 1 0 0
204 2036 1 0 1 5338 0 1 0 0
204 2206 1 0 1 5380 0 1 0 0
204 2269 1 0 1 5375 0 1 0 0
204 2289 1 0 1 5378 0 1 0 0
204 2382 1 0 1 5390 0 1 0 0
204 2438 1 0 1 5399 0 1 0 0
204 2476 1 0 1 5405 0 1 0 0
204 2497 1 0 1 5408 0 1 0 0
204 2680 1 0 1 5438 0 1 0 0
204 2713 1 0 1 5443 0 1 0 0
204 2744 1 0 1 5451 0 1 0 0
204 2754 1 0 1 5453 0 1 0 0
204 2809 1 0 1 5462 0 1 0 0
204 2826 1 0 1 5466 0 1 0 0
204 2828 1 0 1 5467 0 1 0 0
204 2854 1 0 1 5473 0 1 0 0
204 2881 1 0 1 5478 0 1 0 0
204 2921 1 0 1 5484 0 1 0 0
204 2961 1 0 1 5490 0 1 0 0
204 3038 1 0 1 5508 0 1 0 0
204 3104 1 0 1 5629 0 1 0 0
204 3117 1 0 1 5569 0 1 0 0
204 3153 1 0 1 5577 0 1 0 0
204 3158 1 0 1 5578 0 1 0 0
204 3162 1 0 1 5580 0 1 0 0
204 3175 1 0 1 5584 0 1 0 0
204 3179 1 0 1 5584 0 1 0 0
204 3277 1 0 1 5645 0 1 0 0
204 3385 1 0 1 5661 0 1 0 0
204 3565 1 0 1 5697 0 1 0 0
204 3584 1 0 1 5699 0 1 0 0
204 3632 1 0 1 5707 0 1 0 0
204 3671 1 0 1 5715 0 1 0 0
204 3692 1 0 1 5718 0 1 0 0
204 3724 1 0 1 5789 0 1 0 0
204 3751 1 0 1 5797 0 1 0 0
204 3772 1 0 1 5802 0 1 0 0
204 3832 1 0 1 5812 0 1 0 0
204 3872 1 0 1 5820 0 1 0 0
204 3930 1 0 1 5830 0 1 0 0
204 3945 1 0 1 5833 0 1 0 0
204 4164 1 0 1 5879 0 1 0 0
204 4222 1 0 1 5956 0 1 0 0
204 4263 1 0 1 5964 0 1 0 0
204 4324 1 0 1 5982 0 1 0 0
204 4339 1 0 1 5985 0 1 0 0
204 4349 1 0 1 5986 0 1 0 0
204 4413 1 0 1 5998 0 1 0 0
204 4424 1 0 1 6002 0 1 0 0
204 4511 1 0 1 6025 0 1 0 0
204 4666 1 0 1 6061 0 1 0 0
204 4687 1 0 1 6066 0 1 0 0
204 4731 1 0 1 6078 0 1 0 0
204 4757 1 0 1 6085 0 1 0 0
204 4852 1 0 1 6111 0 1 0 0
204 4865 1 0 1 6165 0 1 0 0
204 4903 1 0 1 6173 0 1 0 0
204 4933 1 0 1 6179 0 1 0 0
204 4935 1 0 1 6180 0 1 0 0
204 5020 1 0 1 6197 0 1 0 0
204 5054 1 0 1 6203 0 1 0 0
204 5066 1 0 1 6205 0 1 0 0
204 5086 1 0 1 6208 0 1 0 0
204 5183 1 0 1 6229 0 1 0 0
204 5221 1 0 1 6233 0 1 0 0
204 5278 1 0 1 6242 0 1 0 0
204 5404 1 0 1 6269 0 1 0 0
204 5458 1 0 1 6279 0 1 0 0
204 5581 1 0 1 6301 0 1 0 0
204 5608 1 0 1 6349 0 1 0 0
204 5676 1 0 1 6360 0 1 0 0
204 5696 1 0 1 6365 0 1 0 0
204 5715 1 0 1 6369 0 1 0 0
204 5749 1 0 1 6378 0 1 0 0
205 553 0 1 1 0 5392 0 1 0
219 1412 1 0 1 231 0 1 0 0
224 714 1 0 1 25 0 1 0 0
224 723 1 0 1 27 0 1 0 0
224 725 1 0 1 27 0 1 0 0
224 771 1 0 1 34 0 1 0 0
224 830 1 0 1 47 0 1 0 0
224 841 1 0 1 50 0 1 0 0
224 1782 1 0 1 219 0 1 0 0
224 5239 1 0 1 1212 0 1 0 0
224 5678 1 0 1 1337 0 1 0 0
248 1137 1 0 1 313 0 1 0 0
249 250 0 1 1 0 5566 0 1 0
250 567 1 0 1 5629 0 1 0 0
252 3218 1 0 1 1065 0 1 0 0
281 282 0 1 1 0 2710 0 1 0
282 308 1 0 1 2713 0 1 0 0
282 542 1 0 1 2761 0 1 0 0
282 792 1 0 1 2803 0 1 0 0
282 1107 1 0 1 2874 0 1 0 0
282 1160 1 0 1 2885 0 1 0 0
282 1662 1 0 1 2969 0 1 0 0
282 1995 1 0 1 3029 0 1 0 0
282 2133 1 0 1 3095 0 1 0 0
282 3375 1 0 1 3399 0 1 0 0
282 3959 1 0 1 3576 0 1 0 0
282 4071 1 0 1 3604 0 1 0 0
282 4085 1 0 1 3606 0 1 0 0
282 4509 1 0 1 3766 0 1 0 0
282 4673 1 0 1 3802 0 1 0 0
282 5348 1 0 1 3997 0 1 0 0
282 5420 1 0 1 4012 0 1 0 0
291 292 0 1 1 0 2109 0 1 0
89341 89342 1 0 1 673 0 1 0 0
355 885 0 1 1 0 5392 0 1 0
357 426 1 0 1 11 0 1 0 0
379 380 0 1 1 0 115 0 1 0
379 441 0 1 1 0 126 0 1 0
379 495 0 1 1 0 176 0 1 0
415 620 0 1 1 0 3196 0 1 0
417 418 0 1 1 0 703 0 1 0
439 1257 1 0 1 252 0 1 0 0
443 444 0 1 1 0 811 0 1 0
444 2445 1 0 1 38 0 1 0 0
444 2534 1 0 1 52 0 1 0 0
469 2307 1 0 1 11 0 1 0 0
469 2311 1 0 1 12 0 1 0 0
469 2345 1 0 1 16 0 1 0 0
469 2347 1 0 1 16 0 1 0 0
469 2349 1 0 1 16 0 1 0 0
469 2354 1 0 1 17 0 1 0 0
469 2361 1 0 1 17 0 1 0 0
469 2391 1 0 1 21 0 1 0 0
469 2393 1 0 1 22 0 1 0 0
469 2395 1 0 1 22 0 1 0 0
469 2418 1 0 1 26 0 1 0 0
469 2431 1 0 1 28 0 1 0 0
469 2436 1 0 1 29 0 1 0 0
469 2455 1 0 1 30 0 1 0 0
469 2459 1 0 1 32 0 1 0 0
469 2493 1 0 1 37 0 1 0 0
469 2518 1 0 1 40 0 1 0 0
469 2560 1 0 1 48 0 1 0 0
469 2562 1 0 1 48 0 1 0 0
469 2582 1 0 1 50 0 1 0 0
469 2584 1 0 1 51 0 1 0 0
469 2613 1 0 1 55 0 1 0 0
469 2653 1 0 1 63 0 1 0 0
469 2655 1 0 1 63 0 1 0 0
469 2700 1 0 1 72 0 1 0 0
469 2770 1 0 1 85 0 1 0 0
469 2861 1 0 1 105 0 1 0 0
469 3015 1 0 1 131 0 1 0 0
469 3020 1 0 1 132 0 1 0 0
469 3062 1 0 1 145 0 1 0 0
469 3132 1 0 1 203 0 1 0 0
469 3320 1 0 1 281 0 1 0 0
469 3658 1 0 1 343 0 1 0 0
469 3688 1 0 1 348 0 1 0 0
469 4191 1 0 1 580 0 1 0 0
469 4295 1 0 1 605 0 1 0 0
469 4303 1 0 1 607 0 1 0 0
469 4411 1 0 1 628 0 1 0 0
469 4470 1 0 1 643 0 1 0 0
469 5232 1 0 1 865 0 1 0 0
469 5280 1 0 1 872 0 1 0 0
524 766 1 0 1 40 0 1 0 0
524 1271 1 0 1 146 0 1 0 0
547 2305 1 0 1 360 0 1 0 0
550 551 0 1 1 0 2130 0 1 0
551 1534 1 0 1 2315 0 1 0 0
551 5510 1 0 1 3398 0 1 0 0
555 556 0 1 1 0 336 0 1 0
556 4246 1 0 1 1272 0 1 0 0
559 2052 1 0 1 15 0 1 0 0
559 2061 1 0 1 17 0 1 0 0
559 2153 1 0 1 33 0 1 0 0
559 2966 1 0 1 167 0 1 0 0
559 9799 1 0 1 618 0 1 0 0
583 584 0 1 1 0 2878 0 1 0
584 5545 1 0 1 4143 0 1 0 0
619 620 0 1 1 0 2774 0 1 0
620 1165 1 0 1 2886 0 1 0 0
620 1203 1 0 1 2895 0 1 0 0
620 1264 1 0 1 2903 0 1 0 0
620 1382 1 0 1 2920 0 1 0 0
620 1811 1 0 1 2989 0 1 0 0
620 1821 1 0 1 3134 0 1 0 0
620 1830 1 0 1 2992 0 1 0 0
620 1902 1 0 1 3010 0 1 0 0
620 1952 1 0 1 3019 0 1 0 0
620 2001 1 0 1 3029 0 1 0 0
620 2271 1 0 1 3131 0 1 0 0
620 2856 1 0 1 3213 0 1 0 0
620 2875 1 0 1 3217 0 1 0 0
620 3242 1 0 1 3376 0 1 0 0
620 3274 1 0 1 3384 0 1 0 0
620 3308 1 0 1 3389 0 1 0 0
620 3701 1 0 1 3844 0 1 0 0
620 4228 1 0 1 3780 0 1 0 0
620 4557 1 0 1 3772 0 1 0 0
620 4650 1 0 1 3795 0 1 0 0
620 4728 1 0 1 3817 0 1 0 0
620 5264 1 0 1 3980 0 1 0 0
620 5579 1 0 1 4092 0 1 0 0
644 645 0 1 1 0 596 0 1 0
716 5589 1 0 1 1252 0 1 0 0
737 738 0 1 1 0 741 0 1 0
818 856 0 1 1 0 339 0 1 0
821 822 0 1 1 0 358 0 1 0
822 2115 1 0 1 639 0 1 0 0
828 829 0 1 1 0 5557 0 1 0
829 1693 1 0 1 5717 0 1 0 0
845 4551 1 0 1 958 0 1 0 0
864 865 0 1 1 0 4757 0 1 0
885 203850 1 0 1 39 0 1 0 0
887 980 1 0 1 21 0 1 0 0
959 1063 1 0 1 27 0 1 0 0
959 1406 1 0 1 88 0 1 0 0
959 2564 1 0 1 345 0 1 0 0
998 1123 1 0 1 2623 0 1 0 0
998 1733 1 0 1 4789 0 1 0 0
998 2117 1 0 1 2837 0 1 0 0
998 4477 1 0 1 3500 0 1 0 0
998 5687 1 0 1 3849 0 1 0 0
998 5689 1 0 1 678 0 1 0 0
998 9799 1 0 1 3423 0 1 0 0
1072 1533 0 1 1 0 4881 0 1 0
1076 1077 0 1 1 0 5307 0 1 0
1091 1273 1 0 1 33 0 1 0 0
1091 2044 1 0 1 207 0 1 0 0
1121 1122 0 1 1 0 602 0 1 0
1137 2384 0 1 1 0 30 0 1 0
1171 1172 0 1 1 0 910 0 1 0
1172 1665 1 0 1 988 0 1 0 0
1172 5649 1 0 1 2115 0 1 0 0
1287 1288 0 1 1 0 2875 0 1 0
1317 1318 0 1 1 0 1605 0 1 0
1318 1319 1 0 1 178 0 1 0 0
1324 1325 0 1 1 0 2283 0 1 0
1325 4483 1 0 1 3127 0 1 0 0
1467 1686 1 0 1 34 0 1 0 0
1467 2082 1 0 1 149 0 1 0 0
1478 1479 0 1 1 0 5829 0 1 0
1524 1681 1 0 1 180 0 1 0 0
1561 1562 1 0 1 253 0 1 0 0
1646 1681 0 1 1 0 776 0 1 0
1646 2185 1 0 1 135 0 1 0 0
1680 1681 0 1 1 0 621 0 1 0
1681 2325 1 0 1 774 0 1 0 0
1681 2552 1 0 1 807 0 1 0 0
1681 2746 1 0 1 843 0 1 0 0
1681 2792 1 0 1 850 0 1 0 0
1681 4387 1 0 1 1384 0 1 0 0
1681 5044 1 0 1 1593 0 1 0 0
1704 1705 0 1 1 0 3793 0 1 0
1705 2783 1 0 1 4019 0 1 0 0
1800 1801 0 1 1 0 3965 0 1 0
1801 1802 1 0 1 30 0 1 0 0
1819 1820 0 1 1 0 2205 0 1 0
1821 2188 0 1 1 0 5741 0 1 0
1866 1867 0 1 1 0 5607 0 1 0
1870 1871 0 1 1 0 675 0 1 0
1877 2190 1 0 1 96 0 1 0 0
1951 2762 1 0 1 175 0 1 0 0
2000 2144 1 0 1 68 0 1 0 0
2000 2378 1 0 1 102 0 1 0 0
2000 3518 1 0 1 399 0 1 0 0
2000 3867 1 0 1 531 0 1 0 0
2058 2059 0 1 1 0 1148 0 1 0
2102 2576 1 0 1 70 0 1 0 0
2164 2165 0 1 1 0 51 0 1 0
2184 2202 1 0 1 2 0 1 0 0
2184 2313 1 0 1 21 0 1 0 0
2184 2358 1 0 1 26 0 1 0 0
2184 2451 1 0 1 38 0 1 0 0
2184 2567 1 0 1 57 0 1 0 0
2184 2688 1 0 1 78 0 1 0 0
2188 4850 1 0 1 6491 0 1 0 0
2214 3613 1 0 1 339 0 1 0 0
2250 2251 0 1 1 0 67 0 1 0
2475 2615 1 0 1 20 0 1 0 0
2485 2486 0 1 1 0 1064 0 1 0
2495 2496 0 1 1 0 742 0 1 0
2530 2531 0 1 1 0 1166 0 1 0
2539 2540 0 1 1 0 3616 0 1 0
2540 4633 1 0 1 4253 0 1 0 0
2573 2574 0 1 1 0 4824 0 1 0
2574 2778 1 0 1 4861 0 1 0 0
2601 2931 1 0 1 63 0 1 0 0
2601 2989 1 0 1 73 0 1 0 0
2743 2981 1 0 1 46 0 1 0 0
2750 2751 0 1 1 0 835 0 1 0
2781 3630 0 1 1 0 1168 0 1 0
2806 3611 1 0 1 243 0 1 0 0
2846 3674 1 0 1 245 0 1 0 0
2880 3032 1 0 1 29 0 1 0 0
2880 3088 1 0 1 45 0 1 0 0
2977 2978 0 1 1 0 2502 0 1 0
3068 3360 1 0 1 140 0 1 0 0
3095 3123 1 0 1 47 0 1 0 0
3107 3110 1 0 1 42 0 1 0 0
3107 3130 1 0 1 46 0 1 0 0
3107 3145 1 0 1 50 0 1 0 0
3107 3201 1 0 1 103 0 1 0 0
3107 3286 1 0 1 120 0 1 0 0
3107 3479 1 0 1 153 0 1 0 0
3107 3582 1 0 1 173 0 1 0 0
3107 3600 1 0 1 176 0 1 0 0
3107 3603 1 0 1 176 0 1 0 0
3107 3780 1 0 1 278 0 1 0 0
3107 3845 1 0 1 288 0 1 0 0
3107 4036 1 0 1 326 0 1 0 0
3107 4098 1 0 1 340 0 1 0 0
3107 4232 1 0 1 432 0 1 0 0
3107 4341 1 0 1 459 0 1 0 0
3107 4419 1 0 1 474 0 1 0 0
3107 4422 1 0 1 475 0 1 0 0
3107 4487 1 0 1 492 0 1 0 0
3107 4527 1 0 1 502 0 1 0 0
3107 4543 1 0 1 505 0 1 0 0
3107 4776 1 0 1 564 0 1 0 0
3107 4785 1 0 1 566 0 1 0 0
3107 4800 1 0 1 568 0 1 0 0
3107 4884 1 0 1 644 0 1 0 0
3107 4926 1 0 1 652 0 1 0 0
3107 5228 1 0 1 708 0 1 0 0
3107 5533 1 0 1 768 0 1 0 0
3107 5577 1 0 1 773 0 1 0 0
3107 5598 1 0 1 778 0 1 0 0
3196 3297 1 0 1 20 0 1 0 0
3208 3209 0 1 1 0 2279 0 1 0
3241 3905 1 0 1 39 0 1 0 0
3241 5711 1 0 1 581 0 1 0 0
3270 3328 1 0 1 11 0 1 0 0
3270 3334 1 0 1 12 0 1 0 0
3270 3364 1 0 1 15 0 1 0 0
3270 3449 1 0 1 31 0 1 0 0
3270 3459 1 0 1 33 0 1 0 0
3270 3483 1 0 1 37 0 1 0 0
3270 3587 1 0 1 58 0 1 0 0
3270 3813 1 0 1 167 0 1 0 0
3270 3856 1 0 1 175 0 1 0 0
3270 3879 1 0 1 179 0 1 0 0
3270 3937 1 0 1 190 0 1 0 0
3270 3974 1 0 1 197 0 1 0 0
3270 4615 1 0 1 405 0 1 0 0
3270 4708 1 0 1 430 0 1 0 0
3270 4827 1 0 1 457 0 1 0 0
3295 3332 1 0 1 7 0 1 0 0
3351 3352 0 1 1 0 1579 0 1 0
3366 3367 0 1 1 0 1502 0 1 0
3407 3677 0 1 1 0 3685 0 1 0
3407 3709 0 1 1 0 129 0 1 0
3407 3972 0 1 1 0 109 0 1 0
3451 3452 0 1 1 0 4616 0 1 0
3522 3523 0 1 1 0 68 0 1 0
3523 5633 1 0 1 733 0 1 0 0
3701 5063 0 1 1 0 35 0 1 0
3704 3782 2 0 2 2091 0 2 0 0
3704 4029 1 0 1 129 0 1 0 0
3704 4273 1 0 1 246 0 1 0 0
3716 3717 0 1 1 0 247 0 1 0
3717 4381 1 0 1 451 0 1 0 0
3717 4515 1 0 1 485 0 1 0 0
3764 4215 1 0 1 154 0 1 0 0
3838 3950 1 0 1 23 0 1 0 0
3855 3921 2 0 2 23 0 1.5 0 0
3855 3947 0 1 1 0 32 0 1 0
3855 3988 2 0 2 49 0 1.5 0 0
3855 4160 1 0 1 63 0 1 0 0
3855 4182 3 1 4 68 92 1.5 1 0
3855 4256 2 0 2 249 0 1.5 0 0
3855 4491 1 0 1 203 0 1 0 0
3855 4643 2 0 2 272 0 1.33333 0 0
3855 4839 0 1 1 0 45 0 1 0
3855 4997 3 0 3 857 0 2 0 0
3855 5022 4 0 4 1065 0 2.16667 0 0
3855 5103 2 1 3 633 21 0.7 1 0
3855 5119 0 1 1 0 19 0 1 0
3884 3885 0 1 1 0 2945 0 1 0
3885 165417 0 1 1 0 16 0 1 0
3921 3947 0 1 1 0 43 0 0.5 0
3921 4171 0 1 1 0 108 0 1 0
3925 3926 0 1 1 0 988 0 1 0
3935 3936 0 1 1 0 3919 0 1 0
3939 4017 1 0 1 17 0 1 0 0
3939 4026 1 0 1 19 0 1 0 0
3939 5005 1 0 1 260 0 1 0 0
3939 5008 1 0 1 260 0 1 0 0
3939 5122 1 0 1 42 0 1 0 0
3947 4256 1 0 1 135 0 0.5 0 0
3947 4997 1 0 1 414 0 0.5 0 0
3947 5022 1 0 1 438 0 0.5 0 0
3947 5103 1 0 1 526 0 0.5 0 0
3988 4182 0 1 1 0 114 0 0.5 0
3990 4169 1 0 1 38 0 1 0 0
4039 4040 0 1 1 0 3146 0 1 0
4046 4047 0 1 1 0 116 0 1 0
4137 4138 0 1 1 0 5684 0 1 0
4171 4182 0 4 4 0 147 0 2.25 0
4171 4256 1 0 1 97 0 1 0 0
4171 4643 2 0 2 221 0 1.33333 0 0
4171 4839 0 1 1 0 100 0 0.25 0
4171 4997 1 1 2 359 16 1 0.25 0
4171 5022 2 1 3 568 11 1.33333 0.25 0
4171 5103 2 1 3 580 66 1.2 0.5 0
4171 5119 0 1 1 0 51 0 0.5 0
4182 4266 4 0 4 43 0 2.5 0 0
4182 4643 1 0 1 126 0 0.333333 0 0
4182 4839 0 1 1 0 75 0 0.5 0
4182 5022 2 0 2 299 0 0.666667 0 0
4182 5103 1 1 2 109 36 0.2 0.5 0
4182 5119 0 1 1 0 42 0 0.5 0
4235 4534 1 0 1 72 0 1 0 0
4266 4839 0 1 1 0 80 0 0.5 0
4266 5103 1 1 2 104 48 0.2 0.5 0
4266 5119 0 1 1 0 49 0 0.5 0
4283 4284 0 1 1 0 38 0 1 0
4284 4691 1 0 1 133 0 1 0 0
4292 4293 0 1 1 0 2354 0 1 0
4326 4327 0 1 1 0 4215 0 1 0
4327 4503 1 0 1 4257 0 1 0 0
4577 4578 0 1 1 0 1474 0 1 0
4596 4597 0 1 1 0 1145 0 1 0
4609 4610 0 1 1 0 1419 0 1 0
4613 4614 0 1 1 0 4664 0 1 0
4818 4819 0 1 1 0 5597 0 1 0
4819 4820 1 0 1 338 0 1 0 0
4819 4822 1 0 1 331 0 1 0 0
4819 28003 1 0 1 154 0 1 0 0
4829 4863 1 0 1 13 0 1 0 0
4839 4997 1 0 1 84 0 0.5 0 0
4839 5022 1 0 1 89 0 0.333333 0 0
4839 5103 1 0 1 184 0 0.2 0 0
4899 4900 0 1 1 0 1505 0 1 0
4908 4909 0 1 1 0 3895 0 1 0
4909 5362 1 0 1 3981 0 1 0 0
4920 4921 0 1 1 0 3374 0 1 0
4945 4946 0 1 1 0 44 0 1 0
4946 5235 1 0 1 97 0 1 0 0
5019 5313 1 0 1 53 0 1 0 0
5063 5111 1 0 1 9 0 1 0 0
5063 5142 1 0 1 15 0 1 0 0
5063 5151 1 0 1 17 0 1 0 0
5063 5164 1 0 1 21 0 1 0 0
5063 5185 1 0 1 25 0 1 0 0
5063 5219 1 0 1 29 0 1 0 0
5063 5515 1 0 1 87 0 1 0 0
5063 5651 1 0 1 151 0 1 0 0
5119 5479 1 0 1 67 0 1 0 0
5549 5550 0 1 1 0 147 0 1 0
5618 5619 0 1 1 0 4052 0 1 0
5723 5724 0 1 1 0 434 0 1 0
5767 19539 1 0 1 18 0 1 0 0
7143 7144 1 0 1 47 0 1 0 0
9718 9974 1 0 1 665 0 1 0 0
42288 42289 1 0 1 523 0 1 0 0
78557 78558 1 0 1 638 0 1 0 0
