39196 1 0
39198 2 0
39197 3 0
39199 4 0
39205 5 1
39210 6 1
39208 7 1
39204 8 1
39206 9 1
39207 10 1
39209 11 1
39211 12 1
39215 13 1
39214 14 2
39218 15 3
39221 16 4
39234 17 7
39232 18 8
39233 19 8
39237 20 8
39238 21 9
39239 22 9
38507 23 10
39245 24 10
13769 25 11
39251 26 11
39252 27 14
33937 28 16
39266 29 16
39267 30 16
39276 31 18
28490 32 19
39278 33 19
34897 34 20
39286 35 21
39287 36 21
39288 37 22
38963 38 22
38609 39 23
39292 40 24
38759 40 153
39291 41 24
38573 42 25
13735 43 29
39313 44 38
39316 45 38
31616 46 39
39264 47 39
39329 48 41
39330 49 41
39252 50 41
31384 51 44
34000 52 45
15931 53 45
39339 54 47
39344 55 49
39345 56 50
39346 57 51
39347 58 52
39350 59 52
39351 60 53
41324 60 999
39358 61 54
44465 61 2630
35428 62 61
16026 63 62
39381 64 63
39384 65 64
39394 66 64
39385 67 65
39405 68 70
39408 69 72
39409 70 73
39257 71 77
39416 72 77
39418 73 78
39421 74 78
39426 75 80
39427 76 80
39428 77 80
39433 78 81
39436 79 83
39437 80 83
39438 81 84
39451 82 86
39452 83 86
47487 83 4348
29891 84 90
39466 85 93
38301 86 93
39468 87 94
39485 88 99
39486 89 99
39487 90 100
37193 90 593
39488 91 100
39493 92 102
39165 93 102
39177 94 107
39504 95 108
39451 96 108
39510 97 109
39511 98 110
38225 99 110
39516 100 112
23379 101 112
39519 102 115
39520 103 115
39521 104 116
33338 105 118
39527 106 118
39532 107 119
39633 107 167
40268 107 462
39530 108 119
39615 108 160
36030 109 119
39535 110 119
39540 111 123
33129 112 124
39542 113 124
39527 114 125
37471 115 125
39547 116 129
35384 116 242
39552 117 130
39553 118 134
39350 119 135
39565 120 138
25582 121 139
39567 122 139
39568 123 140
39572 124 141
45445 124 3191
50820 124 6909
39571 125 141
39573 126 141
39582 127 145
39585 128 147
29220 129 147
14287 129 340
12966 129 1683
50290 129 6434
39451 130 148
39598 131 152
39605 132 153
39610 133 155
39611 134 156
39612 135 157
39613 136 158
39614 137 158
8498 138 162
39141 139 165
17807 140 169
39636 141 170
39643 142 173
38759 143 175
39649 144 176
25042 145 179
46371 145 3719
39653 146 181
39654 147 182
39657 148 182
39658 149 183
39659 150 183
19189 151 184
39661 152 184
38289 153 186
27158 154 188
39668 155 188
18715 156 189
29546 157 189
39680 158 189
40177 158 424
40278 158 470
40885 158 754
39679 159 189
39681 160 190
28553 161 191
19090 162 191
39694 163 195
39695 164 195
39696 165 196
11357 166 196
39451 167 198
39700 168 198
39702 169 198
39705 170 199
49918 170 6141
39706 171 199
39707 172 200
39709 173 201
38678 173 273
39708 174 201
5142 175 202
39847 175 265
39900 175 291
41016 175 824
32686 175 1365
42097 175 1408
5480 175 2544
39715 176 202
39716 177 203
39721 178 204
39726 179 206
39729 180 207
34584 181 209
39739 182 210
39742 183 212
39743 184 212
39744 185 212
39751 186 216
12524 187 219
38678 187 244
27710 187 2119
5471 187 3451
39755 188 219
39758 189 220
27440 190 220
39764 191 221
39769 192 222
36686 193 224
28478 194 224
10926 195 229
39783 196 231
39792 197 235
23021 198 238
31431 198 248
39849 198 266
39868 198 276
43946 198 2361
39798 199 240
17794 200 242
39437 201 242
41319 201 994
24129 202 244
39814 203 245
39751 204 248
14326 205 252
2299 206 253
39822 207 253
39823 208 256
29022 209 256
39831 210 258
27966 211 260
39841 212 260
30959 213 261
39855 214 270
39856 215 271
39857 216 271
28831 217 273
39863 218 274
39873 219 279
39872 220 279
39880 221 280
39803 222 283
38225 223 288
39895 224 289
12333 225 292
39905 226 293
39906 227 294
39521 228 297
39932 229 306
39939 230 307
39950 231 314
39951 232 314
39952 233 315
40057 233 368
45698 233 3359
39955 234 317
39956 235 317
39961 236 326
39966 237 327
39680 238 329
39972 239 331
39977 240 332
39978 241 332
39979 242 333
39980 243 334
14134 244 336
39987 245 338
39986 246 338
39988 247 339
39995 248 343
39998 249 344
40215 250 347
40008 251 347
40005 252 347
40009 253 348
40014 254 351
40015 255 352
40017 256 353
39585 257 353
40018 258 354
40019 259 354
37320 260 356
35528 261 358
40036 262 360
40039 263 360
40050 264 365
40059 265 370
40062 266 371
40063 267 371
26898 268 374
40073 269 375
40303 269 485
41020 269 825
41540 269 1107
40078 270 381
46059 270 3547
40079 271 381
40082 272 383
40083 273 384
40088 274 386
40091 275 387
40098 276 390
40111 277 395
40112 278 395
3913 279 396
40120 280 397
40121 281 398
45542 281 3262
40124 282 400
40125 283 401
40132 284 404
40141 285 407
40103 286 408
40147 287 408
40150 288 409
40151 289 409
40152 290 409
40096 291 415
40164 292 418
40165 293 418
40152 294 420
40169 295 420
40171 296 420
19785 297 421
6158 297 492
2577 297 910
40176 298 422
40179 299 424
40182 300 425
40183 301 427
40184 302 427
40187 303 427
40188 304 427
40193 305 428
40194 306 430
40199 307 433
38921 308 434
40213 309 438
39605 310 439
40219 311 439
40232 312 444
40237 313 449
40246 314 453
40248 315 453
40247 316 453
40250 317 453
18104 318 454
26683 318 492
20497 318 500
40359 318 505
40392 318 523
40485 318 576
40596 318 620
40678 318 650
40775 318 696
23637 318 797
41055 318 841
41107 318 870
41916 318 1286
42644 318 1659
43400 318 2076
29312 318 2420
25169 318 2708
21909 318 2874
44983 318 2923
45926 318 3477
47255 318 4209
47813 318 4532
31028 319 460
683 320 461
40473 320 564
6803 321 461
37496 322 462
40265 323 462
43773 323 2259
40272 324 463
40275 325 466
33336 326 468
40277 327 468
40281 328 472
40280 329 472
40282 330 472
22907 331 476
40290 332 479
40295 333 482
40302 334 485
40309 335 487
40314 336 490
40315 337 490
40324 338 494
40327 339 494
40328 340 495
11695 341 496
37725 341 631
40912 341 764
41131 341 885
41381 341 1028
15810 341 1044
41759 341 1212
22453 341 1530
43332 341 2029
10326 341 2309
44477 341 2635
44732 341 2788
23199 341 4319
47874 341 4575
48638 341 5146
50389 341 6525
40332 342 496
40232 343 498
40344 344 501
39605 345 503
28980 346 504
27129 347 509
40372 348 510
40377 349 513
40378 350 514
40385 351 520
40394 352 524
40395 353 525
40400 354 526
40401 355 526
40402 356 527
40405 357 528
40412 358 533
6870 359 535
40427 360 538
40426 361 538
40428 362 540
40441 363 543
40442 364 545
981 365 551
24547 366 551
40459 367 554
40468 368 560
42454 368 1563
40469 369 561
40472 370 563
40475 371 569
40476 372 569
40477 373 571
40542 373 601
40484 374 575
40487 375 576
40488 376 576
49504 376 5831
50869 376 6957
40099 377 577
40490 378 578
40496 379 578
40493 380 578
36328 381 581
6954 382 583
40505 383 583
40512 384 587
7634 385 587
40526 386 591
40529 387 592
40534 388 598
40539 389 600
40546 390 603
40547 391 604
20196 391 634
40556 392 606
44644 393 606
42701 393 2735
44802 393 2818
48458 393 5031
1437 394 608
1437 395 608
40466 396 609
40575 397 609
40574 398 610
40578 399 613
40273 399 4084
40579 400 613
40582 401 616
40584 402 616
39276 403 616
40587 404 616
40588 405 617
18120 406 617
40592 407 619
40595 408 619
40598 409 622
24547 410 625
40610 411 626
40363 412 626
40614 413 627
40615 414 628
40478 415 629
40619 416 630
40628 417 633
40631 418 635
40632 419 635
40639 420 640
40642 421 640
33708 422 641
7227 423 641
40649 424 642
40658 425 643
40669 426 647
45009 426 2939
40680 427 652
40683 428 652
40684 429 653
40691 430 655
40692 431 656
40693 432 657
40694 433 657
40695 434 657
40698 435 660
40705 436 664
40706 437 665
40707 438 665
40714 439 669
40723 440 670
40724 441 671
40725 442 671
40728 443 673
40729 444 675
40730 445 675
40731 446 675
40734 447 678
40735 448 679
42439 448 1556
12750 449 679
4892 450 681
40748 451 683
36211 452 683
40750 453 684
40937 453 781
41715 453 1192
49125 453 5499
4311 454 687
4501 455 690
42452 455 1563
21414 455 3677
40761 456 691
40762 457 692
40763 458 692
40768 459 693
40769 460 693
40774 461 696
40779 462 696
40782 463 698
40783 464 698
41693 464 1182
4717 465 701
40787 466 703
40788 467 703
41013 468 705
40797 469 705
40385 470 709
40803 471 710
36832 472 710
28589 473 713
40811 474 713
40815 475 715
40822 476 718
40825 477 720
39605 478 722
40827 479 722
40829 480 723
40828 481 723
40833 482 723
40910 482 763
41232 482 947
40830 483 724
40838 484 725
40839 485 730
40846 486 732
40852 487 733
40853 488 733
40851 489 733
40854 490 734
40855 491 735
40859 492 736
41052 492 840
40547 493 736
40922 493 772
20196 493 3118
40864 494 739
23470 495 743
40872 496 743
41063 496 842
41705 496 1189
30175 497 744
40878 498 746
39895 499 748
40884 500 753
40889 501 756
40892 502 756
40897 503 758
40898 504 760
4603 505 760
39292 506 760
41013 507 760
40903 508 761
40906 509 762
40907 510 762
40909 511 762
40908 512 762
40914 513 765
40919 514 769
40924 515 774
40927 516 775
40928 517 775
40929 518 777
40932 519 779
40933 520 780
40152 521 780
40939 522 782
40940 523 783
40944 524 784
40941 525 784
40947 526 786
40725 527 788
40014 528 789
21973 529 789
21972 529 1283
38470 529 1362
48162 529 4860
22510 529 4963
35333 530 790
40958 531 790
40959 532 790
40962 533 792
40963 534 792
40944 535 793
40969 536 796
40974 537 796
40978 538 799
22970 539 799
40980 540 799
29318 541 799
40987 542 802
40990 543 803
40993 544 803
40998 545 807
40999 546 807
40099 547 811
13722 548 819
41337 549 824
41336 549 1002
41018 550 824
25493 551 824
41036 552 834
41037 553 835
41038 554 835
3531 555 838
41054 556 841
41057 557 841
40428 558 842
41069 559 844
29891 560 845
10411 561 845
41076 562 848
41081 563 850
3485 564 852
15637 565 853
41086 566 854
37677 566 1344
46665 566 4351
41089 567 857
41090 568 858
41097 569 860
41013 570 861
41102 571 866
41105 572 867
11288 573 869
41109 574 871
24027 575 873
41119 576 880
990 577 881
41123 578 881
41130 579 884
29543 580 886
41133 581 887
41135 582 888
41136 583 890
40851 584 891
4235 585 892
41143 586 893
41146 587 894
9726 588 895
41148 589 896
41149 590 898
41154 591 899
41155 592 899
41158 593 901
41161 594 903
39165 595 907
40592 596 907
41166 597 909
41169 597 910
41173 598 911
41176 599 912
41177 600 912
41180 601 913
41187 602 914
41190 603 916
29543 604 917
41194 605 917
35238 606 917
41196 607 921
29637 608 926
36328 609 926
41205 610 929
41210 611 931
990 612 932
38578 613 934
41213 614 935
41220 615 939
41223 616 941
31806 617 942
36423 618 942
41228 619 946
41231 620 946
24833 621 947
24714 621 1583
41237 622 949
41244 623 952
41245 624 953
42157 624 1407
7890 625 953
15931 626 954
41254 627 955
41261 628 958
41266 629 959
41269 630 959
41113 631 960
41026 632 963
5602 633 967
41285 634 970
41286 635 971
41289 636 971
41290 637 975
41297 638 977
41298 639 978
41299 640 978
4235 641 980
41303 642 981
29271 643 992
31601 644 994
41316 645 994
18446 646 997
19220 646 1059
16796 647 999
41329 648 1000
41332 649 1001
41335 650 1001
41348 651 1008
41355 652 1009
41358 653 1009
41361 654 1012
42745 654 1707
41364 655 1014
41365 656 1016
41368 657 1017
18291 658 1018
41380 659 1026
41383 660 1028
41384 661 1030
41385 662 1031
41386 663 1032
28450 664 1036
41402 665 1039
41405 666 1040
41406 667 1042
41407 668 1042
41408 669 1042
41409 670 1043
41439 671 1044
37970 671 1057
41545 671 1110
41414 672 1044
41415 673 1045
41418 674 1046
41409 675 1047
41424 676 1049
41429 677 1051
41432 678 1052
15381 679 1054
41434 680 1055
41435 681 1057
16 682 1058
41483 682 1079
38227 682 1083
39703 682 1094
41514 682 1096
41577 682 1126
41626 682 1147
41646 682 1156
38982 682 1274
41898 682 1280
41904 682 1281
42035 682 1342
7111 682 1376
10045 682 1503
42519 682 1600
42658 682 1664
37705 682 1822
43757 682 2252
44768 682 2813
40882 682 2847
44937 682 2899
45056 682 2961
45608 682 3579
44253 682 3882
46781 682 3927
48534 682 5068
37062 682 5217
4547 682 6300
41442 683 1058
41443 684 1059
31712 685 1059
41508 685 1093
42039 685 1343
41449 686 1059
41453 687 1061
41456 688 1063
14134 689 1063
41462 690 1064
43203 690 1960
22552 691 1065
41470 692 1067
41471 693 1067
41478 694 1070
27081 695 1076
36101 696 1078
41485 697 1079
41463 698 1082
41489 699 1083
41244 700 1085
41016 701 1090
41516 702 1096
41517 703 1097
27913 704 1102
41527 705 1102
41530 706 1104
41535 707 1106
41542 708 1108
41547 709 1111
2186 710 1111
41549 711 1113
31601 712 1116
41557 713 1117
37677 713 1335
14413 714 1117
41559 715 1118
41560 716 1118
21111 717 1119
41566 718 1120
41567 719 1121
50849 719 6941
41572 720 1122
41573 721 1122
16581 722 1125
41579 723 1126
41583 724 1126
41580 725 1127
41589 726 1130
41588 727 1130
41592 728 1130
41593 729 1130
41640 729 1151
41698 729 1184
41724 729 1199
42059 729 1353
42129 729 1390
42242 729 1444
42738 729 1705
43568 729 2146
41598 730 1135
41599 731 1135
41602 732 1136
41603 733 1136
194 734 1138
41661 734 1161
28563 734 1172
41607 735 1138
41612 736 1141
41615 737 1144
21268 738 1146
41625 739 1147
41633 740 1148
31601 741 1148
41385 742 1152
37320 743 1156
30073 744 1157
41664 745 1161
41026 746 1161
50043 746 6254
41665 747 1162
14232 748 1163
41671 749 1167
41672 750 1168
41673 751 1169
41676 752 1171
41677 753 1172
41688 754 1181
41859 754 1266
41697 755 1183
41704 756 1187
41711 757 1190
41714 758 1190
41717 759 1194
41722 760 1195
41723 761 1198
41726 762 1200
41729 763 1201
41736 764 1203
41737 765 1203
41742 766 1204
41854 767 1205
41853 767 1261
41572 768 1207
41744 769 1207
41747 770 1210
41750 771 1210
41751 772 1211
41593 772 1405
14508 773 1211
41845 773 1257
41873 773 1273
42332 773 1501
6990 773 2575
45358 773 3128
45592 773 3299
41765 774 1216
41766 775 1216
41767 776 1218
41772 777 1221
7775 778 1222
42203 778 1426
44904 778 2881
4140 779 1222
30778 779 2124
41775 780 1222
21973 781 1222
21972 781 1280
38470 781 1365
22510 781 4961
41779 782 1223
41958 782 1305
42292 782 1472
1437 783 1224
41173 784 1225
22547 785 1226
40903 786 1230
19635 787 1230
41789 788 1231
41794 789 1232
41797 790 1232
42016 790 1331
41800 791 1235
13057 791 1313
41805 792 1236
34330 793 1238
41811 794 1239
41812 795 1239
41817 796 1241
41818 797 1241
41820 798 1243
34437 798 1273
41819 799 1243
41823 800 1245
41826 801 1247
34330 802 1248
41828 803 1249
42033 803 1342
41835 804 1252
41836 805 1254
17894 806 1255
41844 807 1256
41849 808 1258
41850 809 1260
41855 810 1262
41856 811 1262
41857 812 1264
26872 813 1265
41861 814 1266
41862 815 1267
635 816 1268
26468 817 1272
41877 818 1274
41884 819 1276
41545 820 1276
37970 820 1298
43548 820 2137
41886 821 1277
27197 822 1277
29023 822 1298
41908 823 1282
9737 824 1283
41918 825 1286
41927 826 1293
41928 827 1295
41940 828 1297
41935 829 1297
41947 829 1298
41949 830 1299
11991 831 1299
41953 832 1301
41954 833 1302
41955 834 1303
98 835 1306
41969 836 1308
41975 836 1309
41974 837 1309
22360 838 1309
2577 838 1818
41980 839 1311
41439 840 1312
37970 840 1319
41981 841 1312
41986 842 1314
41987 843 1315
41988 844 1317
41989 845 1317
41990 846 1317
41991 847 1318
41998 848 1320
42001 849 1323
42004 850 1323
41958 851 1324
42010 852 1327
42013 853 1330
42014 854 1331
42015 855 1331
42020 856 1332
22547 857 1336
42026 858 1339
42027 859 1340
5558 860 1340
36180 860 1531
42029 861 1341
42030 862 1341
42031 863 1342
42032 864 1342
37671 865 1344
42048 866 1345
42055 867 1348
42058 868 1351
42065 869 1360
42068 870 1360
42077 871 1363
42084 872 1366
42085 873 1366
42088 874 1372
42093 875 1373
38185 876 1375
37925 877 1377
43874 877 2317
42107 878 1381
42112 879 1383
42111 880 1383
38578 881 1383
42113 882 1384
42114 883 1385
3057 884 1385
42116 885 1385
42119 886 1386
42124 887 1388
42135 888 1394
31731 889 1395
42141 890 1401
42142 891 1402
42149 892 1404
42152 893 1405
4511 894 1406
42156 895 1407
42161 896 1407
42170 897 1410
42173 898 1412
42178 899 1414
42179 900 1414
42180 901 1414
42181 902 1415
42314 902 1484
42192 903 1419
42195 904 1421
42200 905 1425
42205 906 1426
42208 907 1427
42209 908 1427
42212 909 1429
42213 910 1429
29271 911 1430
39288 912 1430
42216 913 1431
41928 914 1433
42220 915 1433
42225 916 1437
42226 917 1437
31731 918 1437
39100 919 1441
42233 920 1442
42234 920 1443
42048 921 1444
19367 922 1444
42244 923 1444
42245 924 1445
42246 925 1445
36885 926 1447
42250 927 1447
42257 928 1448
42258 929 1452
42259 930 1452
42260 931 1453
42261 932 1453
42278 932 1464
11599 933 1460
42269 934 1460
42272 935 1462
42273 936 1464
42276 937 1464
42277 938 1464
42282 939 1466
42283 940 1467
42288 941 1471
6253 942 1472
42294 943 1472
42295 944 1475
42296 945 1476
42297 946 1476
42298 947 1476
42305 948 1478
42306 949 1478
42307 950 1481
44341 950 2567
42316 951 1492
42317 952 1492
42320 953 1495
42321 954 1496
41921 954 1586
42322 955 1496
42325 956 1498
38061 957 1501
42341 958 1505
9361 959 1507
41076 960 1507
42346 961 1508
42349 962 1509
42352 963 1509
42357 964 1512
42360 965 1515
42361 966 1517
42362 967 1517
42363 968 1518
42372 969 1520
42377 970 1523
42384 971 1528
42393 972 1530
42396 973 1530
42403 974 1533
42404 975 1533
30822 976 1539
42420 977 1541
16723 978 1541
42428 979 1548
42429 980 1551
42430 981 1553
7065 982 1553
42436 983 1554
42437 984 1555
42438 985 1556
42445 986 1559
42446 987 1559
41038 988 1562
42456 989 1563
33605 990 1565
42475 990 1580
42464 991 1568
42465 992 1569
42472 993 1577
42477 994 1580
42490 995 1586
27542 996 1589
16581 996 1833
19691 996 1853
42500 997 1590
42503 998 1590
42373 999 1590
42505 1000 1592
42510 1001 1594
1436 1002 1594
42515 1003 1598
42514 1004 1598
42518 1005 1599
42527 1006 1604
42530 1007 1604
42533 1008 1608
42538 1009 1609
42545 1010 1613
42550 1011 1614
42551 1012 1614
43108 1012 1907
42558 1013 1615
42561 1014 1617
42562 1015 1617
42565 1016 1618
42566 1017 1618
42567 1018 1620
42568 1019 1621
42571 1020 1624
42574 1021 1626
25494 1022 1627
42580 1023 1628
42591 1024 1630
42592 1025 1631
4022 1026 1632
27710 1026 2114
42456 1027 1632
25527 1028 1632
42596 1029 1633
42533 1030 1633
27913 1031 1635
38146 1032 1636
37297 1033 1636
42615 1034 1643
42611 1034 1764
42614 1035 1643
29070 1036 1643
42618 1037 1645
42619 1038 1647
34353 1038 1671
10831 1039 1647
12400 1040 1650
42646 1041 1660
42647 1042 1661
42648 1043 1661
42651 1044 1662
42664 1045 1669
42667 1046 1669
42668 1047 1670
42671 1048 1672
42676 1049 1673
39384 1050 1677
22499 1051 1678
42689 1052 1680
42692 1053 1680
42695 1054 1681
359 1055 1682
3299 1056 1682
42700 1057 1686
42701 1058 1686
42702 1059 1687
42703 1060 1687
40484 1061 1688
12097 1062 1689
30860 1063 1692
42717 1064 1693
24270 1065 1696
42727 1066 1697
42734 1067 1700
42737 1068 1704
42740 1069 1705
18333 1070 1706
974 1071 1706
42747 1072 1708
42749 1073 1709
39266 1074 1709
42754 1075 1710
42769 1076 1716
42770 1077 1717
42771 1078 1717
42772 1079 1717
42773 1080 1718
42778 1081 1721
42773 1082 1725
42786 1083 1726
42789 1084 1728
15381 1084 1759
30792 1085 1729
42793 1086 1735
42798 1087 1738
42799 1088 1738
42800 1089 1739
42801 1090 1739
42804 1091 1743
42807 1092 1745
42808 1093 1747
42809 1094 1747
42812 1095 1747
42817 1096 1749
42818 1097 1750
37970 1098 1751
27197 1099 1759
29023 1099 1935
47338 1099 4386
42826 1100 1759
29637 1101 1761
42800 1102 1764
50456 1102 6608
12639 1103 1768
9333 1104 1768
35426 1104 1785
48003 1104 4665
42854 1105 1771
42859 1106 1772
42860 1107 1774
42863 1108 1774
42864 1109 1775
26017 1110 1777
42865 1111 1777
42867 1112 1777
42868 1113 1777
42869 1114 1778
42870 1115 1778
42871 1116 1779
42878 1117 1782
42817 1118 1783
42888 1119 1787
42889 1120 1787
42890 1121 1788
42895 1122 1789
42900 1123 1793
43512 1123 2121
42901 1124 1793
43419 1124 2082
42904 1125 1795
42982 1125 1832
42732 1126 1800
39988 1127 1800
4501 1128 1800
20712 1128 1897
33404 1128 1970
43554 1128 2139
43793 1128 2275
44588 1128 2801
21414 1128 3691
12138 1129 1800
46256 1129 3666
42917 1130 1801
42920 1131 1804
42801 1132 1805
42921 1133 1805
42927 1134 1807
42928 1135 1809
42933 1136 1811
43115 1136 1909
43266 1136 1990
42938 1137 1813
42939 1138 1814
42940 1139 1814
45097 1139 2985
42943 1140 1815
42947 1141 1815
14413 1142 1816
34584 1143 1819
42955 1144 1820
42956 1145 1820
42973 1146 1823
42974 1147 1823
26964 1148 1824
42976 1149 1828
42977 1150 1828
43619 1150 2172
49473 1150 5810
42986 1151 1832
42989 1152 1833
42990 1153 1834
42991 1154 1834
42994 1155 1837
11844 1156 1840
43000 1157 1845
43003 1158 1849
43004 1159 1851
42033 1160 1852
43006 1161 1852
43015 1162 1856
43018 1163 1857
24198 1164 1857
42801 1165 1857
43021 1166 1859
43022 1167 1859
43030 1168 1860
24933 1169 1861
43033 1170 1864
15931 1171 1866
43035 1172 1868
43038 1173 1870
43305 1173 2018
43809 1173 2280
45457 1173 3198
45831 1173 3429
46351 1173 3709
43041 1174 1872
43048 1175 1874
43049 1176 1874
42772 1177 1877
24187 1178 1879
11695 1179 1887
3204 1179 2255
45881 1179 3455
46046 1179 3540
48638 1179 5169
12750 1180 1896
43093 1181 1900
43094 1182 1901
22547 1183 1901
43098 1184 1901
43099 1185 1902
43100 1186 1902
43140 1186 1928
43107 1187 1907
43112 1188 1908
43113 1189 1909
43114 1190 1909
43117 1191 1913
43126 1192 1915
20712 1193 1925
43136 1194 1926
43137 1195 1927
10976 1196 1929
43143 1197 1930
43146 1198 1930
43149 1199 1932
43150 1200 1933
43159 1201 1936
43163 1202 1938
43162 1203 1938
43164 1204 1939
43169 1205 1944
43174 1206 1948
43175 1207 1948
43182 1208 1951
43189 1209 1953
43192 1210 1955
43205 1211 1960
41661 1212 1964
43407 1212 2080
43223 1213 1965
15381 1214 1966
43344 1214 2035
43227 1215 1967
43228 1216 1967
43239 1217 1970
43240 1218 1971
43223 1219 1972
33715 1220 1973
43251 1221 1976
43252 1222 1977
43257 1223 1982
43258 1224 1983
43265 1225 1987
43272 1226 1992
43273 1227 1994
7751 1228 1997
43287 1229 2002
43290 1230 2007
43293 1231 2007
39196 1232 2009
31601 1233 2011
44025 1233 2408
43149 1234 2016
30419 1235 2017
43304 1236 2017
38563 1237 2020
43312 1238 2022
43313 1239 2023
43316 1240 2024
18677 1241 2027
43326 1242 2028
43331 1243 2028
43334 1244 2031
43335 1245 2031
43338 1246 2032
43341 1247 2033
43346 1248 2037
43347 1249 2038
43427 1249 2087
43537 1249 2130
43777 1249 2259
46415 1249 3749
43352 1250 2042
43353 1251 2044
43354 1252 2044
43355 1253 2044
36313 1254 2047
43432 1254 2088
43074 1255 2052
43370 1256 2053
43377 1257 2055
42771 1258 2056
43379 1259 2056
43380 1260 2057
43391 1261 2071
43392 1262 2071
43393 1263 2072
43396 1264 2073
9030 1265 2074
43890 1265 2334
43398 1266 2075
43399 1267 2075
43402 1268 2077
43403 1269 2077
31374 1270 2078
43429 1271 2087
43430 1272 2088
14257 1273 2088
33715 1274 2091
43443 1275 2092
43446 1276 2095
43457 1277 2098
44599 1277 2717
43458 1278 2099
43461 1279 2100
43462 1280 2101
37970 1280 2162
43463 1281 2102
43471 1282 2104
43468 1283 2104
43474 1284 2105
43481 1285 2106
4899 1286 2106
43489 1287 2107
43487 1288 2107
40903 1289 2108
43402 1290 2111
43468 1291 2111
20685 1292 2113
43497 1293 2114
43468 1294 2117
31601 1295 2117
43504 1296 2119
3359 1297 2120
43516 1298 2121
43521 1299 2123
5329 1300 2124
43525 1301 2125
43398 1302 2125
43529 1303 2125
43530 1304 2125
43429 1305 2126
45247 1305 3071
43532 1306 2126
43539 1307 2131
43542 1308 2132
43543 1309 2133
43544 1310 2133
23560 1311 2133
43560 1312 2142
43561 1313 2143
33715 1314 2145
43603 1314 2164
43567 1315 2146
43572 1316 2147
28335 1317 2149
43574 1318 2150
29173 1319 2152
43582 1320 2155
43583 1321 2156
43586 1322 2156
7335 1323 2160
713 1323 2446
43598 1324 2162
43611 1325 2169
43612 1326 2169
43613 1327 2169
31601 1328 2171
43963 1328 2374
43621 1329 2171
43626 1330 2173
43627 1331 2173
43628 1332 2174
43629 1333 2175
43634 1334 2176
43635 1335 2178
43638 1336 2183
26740 1337 2183
43640 1338 2183
43645 1339 2186
44262 1339 2533
31638 1339 4270
10543 1339 7115
43652 1340 2189
43653 1341 2190
43654 1342 2190
41794 1343 2192
43609 1344 2192
43663 1345 2192
43664 1346 2193
43669 1347 2196
43670 1348 2196
43671 1349 2197
43672 1350 2198
43677 1351 2198
43682 1352 2201
43689 1353 2202
43692 1354 2203
43844 1354 2299
43703 1355 2212
43706 1356 2214
42895 1357 2216
43710 1358 2217
43711 1359 2222
43714 1360 2225
43715 1361 2225
43719 1362 2227
43718 1363 2227
43730 1364 2235
43747 1365 2241
43748 1366 2242
43749 1367 2245
43750 1368 2246
43751 1369 2247
29891 1370 2250
43763 1371 2253
22094 1371 2758
42611 1372 2258
43776 1373 2259
45656 1373 3331
43775 1374 2259
43872 1374 2317
44613 1374 2726
43779 1375 2261
43748 1376 2269
24714 1377 2269
43790 1378 2270
43799 1379 2276
23183 1380 2277
43803 1381 2278
43804 1382 2279
43813 1383 2280
43814 1384 2280
16983 1385 2283
29543 1386 2284
6733 1387 2289
43833 1388 2290
43832 1389 2290
43834 1390 2290
43835 1391 2293
43836 1392 2293
43837 1393 2294
43846 1394 2300
43849 1395 2301
43850 1396 2302
43851 1397 2302
43852 1398 2304
36746 1399 2304
43866 1400 2312
43867 1401 2313
44780 1401 2809
43876 1402 2319
29543 1403 2321
36115 1404 2322
43834 1405 2322
43884 1406 2328
43885 1407 2330
43892 1408 2335
38578 1409 2335
43898 1410 2337
43706 1411 2338
43904 1412 2340
43907 1413 2342
43908 1414 2343
43913 1415 2347
43916 1416 2350
2463 1417 2359
43252 1418 2362
18337 1419 2363
43954 1420 2365
43959 1421 2369
43962 1422 2372
31493 1423 2374
43968 1424 2378
43973 1425 2381
43974 1426 2383
18561 1427 2384
43982 1428 2386
43983 1429 2387
43990 1430 2394
31082 1431 2394
44002 1432 2399
44013 1433 2405
44019 1434 2407
44018 1435 2407
44022 1436 2408
45799 1436 3413
48279 1436 4900
17292 1437 2409
44030 1438 2411
44031 1439 2411
44032 1440 2411
3485 1441 2413
44040 1442 2418
44051 1443 2422
44054 1444 2424
44065 1445 2429
44068 1446 2429
44091 1447 2443
44098 1448 2448
44101 1449 2451
44102 1450 2453
44107 1451 2454
44128 1452 2462
44133 1453 2463
44140 1454 2470
28880 1455 2473
44144 1456 2474
39905 1457 2476
44146 1458 2478
25279 1459 2483
44164 1460 2484
44177 1461 2492
39156 1461 2711
44178 1462 2493
44179 1463 2493
6444 1464 2496
44185 1465 2497
44186 1466 2499
44191 1467 2500
44198 1468 2503
44205 1469 2505
44208 1470 2506
44217 1471 2508
1808 1472 2509
44225 1473 2511
471 1474 2511
44231 1475 2516
44232 1476 2516
44235 1477 2518
44236 1478 2520
4501 1479 2520
44397 1479 2593
44498 1479 2649
33404 1479 3100
45777 1479 3400
21414 1479 3695
43793 1479 3708
1756 1480 2525
4629 1481 2526
44252 1482 2528
37500 1483 2529
44268 1484 2536
44269 1485 2537
28005 1486 2537
40385 1487 2540
44288 1488 2542
44289 1489 2543
30989 1490 2544
10064 1491 2548
44300 1492 2548
1783 1493 2550
44304 1494 2550
44309 1495 2552
44310 1496 2553
44317 1497 2556
44322 1498 2560
44325 1499 2561
44330 1500 2563
42615 1501 2565
44338 1502 2566
44345 1503 2568
44346 1504 2569
44351 1505 2571
44352 1506 2574
44353 1507 2574
44354 1508 2575
44357 1509 2575
44360 1510 2576
41545 1510 2949
44361 1511 2578
44364 1512 2578
44365 1513 2579
44372 1514 2581
44377 1515 2583
44382 1516 2587
44387 1517 2590
44388 1518 2590
43834 1519 2591
44390 1520 2591
44391 1521 2591
44394 1522 2593
44407 1523 2597
29843 1524 2600
44423 1525 2603
44424 1526 2603
16983 1527 2604
19290 1528 2606
44429 1529 2608
44436 1530 2611
27197 1531 2617
29023 1531 2813
47338 1531 4283
47348 1532 2619
31638 1532 4265
44452 1533 2619
42437 1534 2621
44456 1535 2623
39988 1536 2625
44461 1537 2625
44460 1538 2625
44462 1539 2628
44467 1540 2631
44470 1541 2632
44476 1542 2633
44475 1543 2633
44479 1544 2636
44482 1545 2636
44483 1546 2637
44486 1547 2637
44491 1548 2641
44492 1549 2643
44493 1550 2643
44494 1551 2644
44495 1552 2646
40385 1553 2657
44511 1554 2657
44516 1555 2661
44517 1556 2661
44518 1557 2667
36328 1558 2668
44522 1559 2670
44539 1560 2683
44542 1561 2686
44543 1562 2688
44552 1563 2692
44557 1564 2695
44558 1565 2695
44559 1566 2699
4501 1567 2700
21414 1567 3697
44563 1568 2701
44647 1568 2737
34584 1569 2703
44585 1570 2711
26898 1571 2712
44587 1572 2713
44596 1573 2716
44605 1574 2719
44608 1575 2724
43990 1576 2726
44628 1577 2729
44629 1578 2730
44630 1579 2731
44522 1580 2732
44636 1581 2733
44639 1582 2734
2160 1583 2735
44511 1584 2736
44646 1585 2737
3359 1586 2739
44656 1587 2741
44657 1588 2741
44658 1589 2741
44726 1589 2786
44465 1589 2828
44822 1589 2831
45205 1589 3045
46086 1589 3561
46808 1589 3944
46850 1589 3963
47882 1589 4583
44659 1590 2741
44666 1591 2745
40937 1591 4492
44669 1592 2748
44670 1593 2748
44671 1594 2749
46230 1594 3657
44672 1595 2751
44675 1596 2752
44676 1597 2752
44677 1598 2753
44678 1599 2754
44679 1600 2754
44682 1601 2756
41794 1602 2757
44694 1603 2762
44697 1604 2764
44698 1605 2766
44707 1606 2770
40898 1607 2773
44711 1608 2774
44714 1609 2775
471 1610 2777
23081 1611 2780
15931 1612 2783
44728 1613 2786
44731 1614 2787
44742 1615 2790
44745 1616 2790
44746 1617 2793
44628 1618 2794
44752 1619 2797
44755 1620 2798
44762 1621 2804
44763 1622 2805
44606 1623 2806
44767 1624 2806
44772 1625 2808
44777 1626 2808
44784 1627 2811
44797 1628 2815
16817 1629 2821
44809 1630 2823
44816 1631 2826
44819 1632 2828
3683 1632 2858
42505 1633 2835
42505 1634 2835
11045 1635 2837
44841 1636 2843
44842 1637 2845
44819 1638 2845
44848 1639 2846
44851 1640 2847
44852 1641 2848
44768 1642 2848
44854 1643 2848
44855 1644 2854
44864 1645 2859
44865 1646 2860
1957 1647 2862
44871 1648 2863
44874 1649 2866
41579 1650 2868
44884 1651 2871
44885 1652 2871
44886 1653 2871
44889 1654 2873
44890 1655 2873
12184 1656 2874
359 1657 2878
44903 1658 2880
44912 1659 2888
44913 1660 2889
46503 1660 3796
44920 1661 2893
44923 1662 2895
44926 1663 2895
44939 1664 2899
29543 1665 2903
44947 1666 2904
44950 1667 2905
44955 1668 2906
44956 1669 2908
8234 1670 2909
44962 1671 2910
44965 1672 2912
44970 1673 2917
44971 1674 2917
45176 1674 3031
44980 1675 2921
41697 1676 2932
44994 1677 2934
44999 1678 2935
44678 1679 2936
52529 1680 2938
45011 1681 2940
45022 1682 2943
45025 1683 2943
45026 1684 2946
20246 1685 2947
45036 1686 2951
36323 1687 2957
45054 1688 2957
45757 1688 3392
45055 1689 2958
29543 1690 2963
2118 1691 2966
45076 1692 2972
45077 1693 2975
45080 1694 2977
45083 1695 2978
45086 1696 2980
45091 1697 2983
45092 1698 2983
13701 1699 2989
45106 1700 2993
45107 1701 2994
45108 1702 2994
45109 1703 2997
45116 1704 2998
47037 1704 5227
45117 1705 2999
45126 1706 3002
45131 1707 3005
44864 1708 3008
45141 1709 3008
45144 1710 3009
45145 1711 3010
45153 1712 3014
45152 1713 3014
45154 1714 3015
45155 1715 3016
45039 1716 3021
44864 1717 3022
45166 1718 3024
45169 1719 3025
45178 1720 3031
45179 1721 3033
29543 1722 3034
45183 1723 3035
45184 1724 3035
45185 1725 3036
45188 1726 3036
981 1727 3037
45196 1728 3039
45199 1729 3041
45202 1730 3043
45209 1731 3047
30651 1732 3047
45211 1733 3048
45214 1734 3051
47097 1734 4105
41158 1735 3051
45220 1736 3052
45221 1737 3055
45228 1738 3060
17383 1739 3061
45232 1740 3061
45241 1741 3065
29543 1742 3068
44165 1743 3074
45258 1744 3075
45265 1745 3076
45266 1746 3079
29271 1747 3082
45276 1748 3086
17439 1749 3086
45278 1750 3087
45279 1751 3088
45280 1752 3088
45281 1753 3088
15736 1754 3092
45287 1755 3093
45294 1756 3097
45307 1757 3103
45310 1758 3103
45311 1759 3104
48810 1759 5288
45316 1760 3107
45325 1761 3115
45328 1762 3115
45329 1763 3118
45337 1764 3119
45334 1765 3119
45350 1766 3123
45355 1767 3127
24098 1768 3130
45369 1769 3132
45370 1770 3135
45371 1771 3136
45378 1772 3139
45379 1773 3143
22547 1774 3143
3637 1775 3144
45386 1776 3148
45389 1777 3153
45390 1778 3154
45393 1779 3155
45022 1780 3155
45395 1781 3155
43393 1782 3157
45397 1783 3159
45402 1784 3161
45405 1785 3163
9361 1786 3164
45407 1787 3168
45410 1788 3170
45411 1789 3170
45414 1790 3170
45417 1791 3174
45418 1792 3175
45419 1793 3175
45420 1794 3175
45423 1795 3176
45426 1796 3178
45429 1797 3180
45432 1798 3183
45437 1799 3186
23475 1800 3188
16760 1801 3192
45448 1802 3192
45459 1803 3199
45460 1804 3200
194 1805 3204
43834 1805 3228
45468 1806 3205
45471 1807 3209
30792 1808 3210
45371 1809 3212
45486 1810 3218
45487 1811 3219
45490 1812 3222
45491 1813 3222
45500 1814 3230
5275 1815 3232
45506 1816 3233
45265 1817 3239
45515 1818 3239
45517 1819 3240
40788 1820 3241
45529 1821 3245
40477 1822 3249
40788 1823 3251
45536 1824 3252
38226 1825 3255
45539 1826 3257
45538 1827 3257
45552 1828 3265
45553 1829 3268
45232 1829 3442
45022 1830 3269
26358 1831 3272
45560 1832 3273
45565 1833 3278
45566 1834 3278
45567 1835 3283
13260 1836 3284
45575 1837 3292
45578 1838 3292
45585 1839 3294
45586 1840 3294
45591 1841 3297
45598 1842 3301
45605 1843 3302
45767 1843 3397
24098 1844 3308
45617 1845 3311
19078 1846 3311
45625 1847 3314
45628 1848 3315
45629 1849 3315
45646 1850 3326
45733 1850 3383
45644 1851 3326
45295 1852 3326
45651 1853 3328
45652 1854 3329
45655 1855 3330
45664 1856 3334
30229 1857 3335
45670 1858 3337
45673 1859 3339
32550 1860 3342
46427 1860 3753
45685 1861 3349
45692 1862 3353
45693 1863 3353
45696 1864 3355
45697 1865 3357
45700 1866 3361
45703 1867 3363
45708 1868 3364
45709 1869 3365
45710 1870 3366
45711 1871 3367
45712 1872 3371
45713 1873 3371
45714 1874 3371
45717 1875 3372
45718 1876 3372
45719 1877 3373
45720 1878 3374
45723 1879 3376
29023 1880 3377
45739 1881 3385
35267 1882 3386
7709 1883 3387
29023 1884 3389
45763 1885 3394
45766 1886 3396
45771 1887 3397
45772 1888 3398
45773 1889 3399
45774 1890 3399
11717 1891 3402
45968 1891 3493
46021 1891 3528
46521 1891 3808
24137 1891 3808
46913 1891 3999
46966 1891 4029
11505 1891 4101
47757 1891 4508
49362 1891 5693
49746 1891 6003
45295 1891 6063
50364 1891 6505
45788 1892 3405
45791 1893 3406
45792 1894 3406
45022 1895 3417
45802 1896 3417
45803 1897 3418
39394 1898 3422
27197 1899 3422
29023 1899 3702
47338 1899 4260
39394 1900 3422
45815 1901 3424
49224 1901 5578
45816 1902 3424
45837 1903 3426
45823 1904 3426
33956 1905 3427
45842 1906 3435
45851 1907 3440
45022 1908 3446
45869 1909 3447
45876 1910 3451
41991 1911 3455
45886 1912 3458
45889 1913 3462
45890 1914 3462
45897 1915 3466
45898 1916 3469
45901 1917 3469
40086 1918 3470
45908 1919 3473
45907 1920 3473
19771 1921 3477
45930 1922 3479
45931 1923 3479
20737 1924 3487
45959 1925 3490
45964 1926 3492
45967 1927 3493
45973 1928 3496
45972 1929 3496
45974 1930 3498
45975 1931 3499
45976 1932 3500
45981 1933 3504
45986 1934 3507
46001 1935 3514
46002 1936 3514
42093 1937 3523
37404 1938 3524
46015 1939 3524
46016 1940 3526
46017 1941 3526
46125 1941 3577
46018 1942 3527
46019 1943 3527
46020 1944 3527
46023 1945 3530
45806 1946 3533
36552 1947 3533
46028 1948 3533
38937 1949 3535
46038 1950 3536
46043 1951 3539
46049 1952 3541
46048 1953 3541
46050 1954 3543
46053 1955 3544
45022 1956 3546
46065 1957 3549
46074 1958 3551
45660 1959 3553
46084 1960 3554
45733 1961 3555
46090 1962 3563
46093 1963 3565
46094 1964 3565
46095 1965 3565
46096 1966 3565
46107 1967 3569
1751 1968 3570
46113 1969 3572
46120 1970 3576
45351 1971 3577
46122 1972 3577
39702 1973 3579
34320 1974 3584
45054 1975 3591
46144 1976 3593
46153 1977 3596
46161 1978 3600
46160 1979 3601
47688 1980 3601
1662 1980 4464
46164 1981 3602
46365 1981 3717
34152 1982 3602
46166 1983 3603
46167 1984 3604
46170 1985 3604
16078 1986 3605
25502 1986 3662
46465 1986 3780
46174 1987 3606
46179 1988 3608
46180 1989 3608
46183 1990 3613
15193 1991 3616
46189 1992 3618
9726 1993 3618
46191 1994 3619
46192 1995 3619
46193 1996 3620
46196 1997 3622
44860 1998 3626
46198 1999 3632
46199 2000 3633
821 2001 3633
46203 2002 3634
47910 2002 4604
49706 2002 5971
46170 2003 3635
30108 2004 3637
46212 2005 3641
46217 2006 3645
46222 2007 3648
46227 2008 3655
46232 2009 3657
46484 2009 3785
46243 2010 3661
46250 2011 3663
46253 2012 3663
50680 2012 6793
46254 2013 3665
46255 2014 3666
46258 2015 3667
46263 2016 3668
45022 2017 3670
46271 2018 3672
15931 2019 3675
46273 2020 3676
43974 2021 3679
44479 2022 3681
46283 2023 3681
46289 2024 3684
46298 2025 3692
46305 2026 3694
42870 2027 3696
46313 2028 3697
46330 2029 3702
46333 2030 3703
46336 2031 3704
46205 2032 3706
322 2032 6782
46348 2033 3708
46353 2034 3712
46360 2035 3716
46361 2036 3716
46364 2037 3716
46193 2038 3720
46394 2039 3735
46395 2040 3736
46529 2040 3811
46643 2040 3872
46836 2040 3953
48075 2040 4726
46402 2041 3742
46405 2042 3743
46406 2043 3743
46417 2044 3750
46420 2045 3751
46431 2046 3755
46434 2047 3757
46435 2048 3758
29543 2049 3758
46449 2050 3763
46450 2051 3765
46456 2052 3768
46455 2053 3768
46461 2054 3771
46462 2055 3773
46463 2056 3774
46464 2057 3778
46467 2058 3780
39732 2059 3783
46475 2060 3784
2518 2061 3784
46477 2062 3784
18333 2063 3784
46481 2064 3785
46490 2065 3787
46491 2066 3791
46494 2067 3791
468 2068 3792
46498 2069 3792
47070 2069 4085
29543 2070 3792
34312 2071 3793
16349 2072 3797
46506 2073 3798
46507 2074 3800
46510 2075 3803
41453 2076 3804
46464 2077 3804
46533 2078 3811
47221 2078 4187
46536 2079 3812
46537 2080 3812
29543 2081 3815
47774 2081 4515
46541 2082 3815
46560 2083 3830
46450 2084 3830
46562 2085 3832
47154 2085 4136
38330 2086 3832
16983 2087 3833
46571 2088 3839
46572 2089 3839
46573 2090 3840
46576 2091 3840
45723 2092 3840
46580 2093 3841
46585 2094 3844
46590 2095 3846
46593 2096 3847
20000 2097 3847
46595 2098 3847
46600 2099 3848
46603 2100 3849
46604 2101 3850
46609 2102 3853
46610 2103 3855
22149 2104 3855
3954 2105 3856
25454 2106 3861
46630 2107 3866
42437 2108 3866
22123 2109 3869
15807 2110 3871
46642 2111 3871
46645 2112 3872
46652 2113 3875
46653 2114 3875
46654 2115 3876
13640 2116 3876
46664 2117 3882
46665 2118 3882
46676 2119 3885
46679 2120 3885
45022 2121 3886
46681 2122 3887
322 2122 6676
20246 2123 3892
46699 2124 3892
46700 2125 3893
46713 2126 3897
46718 2127 3899
322 2127 6669
46600 2128 3899
46728 2129 3906
46739 2130 3912
46744 2131 3913
46749 2132 3914
32550 2133 3917
46722 2134 3921
46769 2135 3921
46771 2136 3922
46776 2137 3924
46779 2138 3925
46780 2139 3926
46785 2140 3929
46792 2141 3934
46797 2142 3937
46798 2143 3937
46801 2144 3939
46816 2145 3945
46823 2146 3948
46824 2147 3949
46823 2148 3951
44032 2149 3952
46833 2150 3953
46838 2151 3953
16026 2152 3962
46856 2153 3967
46865 2154 3970
46866 2155 3972
46869 2156 3974
46870 2157 3975
46873 2158 3977
19958 2159 3977
46881 2160 3981
46888 2161 3983
46893 2162 3989
46894 2163 3990
46895 2164 3990
46896 2165 3990
46897 2166 3991
34592 2167 3993
46833 2168 3995
46904 2169 3996
46907 2170 3997
46908 2171 3997
46909 2172 3997
46912 2173 3998
46915 2174 4000
46916 2175 4001
47945 2175 4623
50469 2175 6619
50695 2175 6807
37224 2176 4004
31601 2177 4006
46925 2178 4009
46931 2179 4010
46930 2180 4010
46932 2181 4011
46933 2182 4013
46940 2183 4017
46943 2184 4018
46946 2185 4020
46947 2186 4021
1629 2187 4022
46953 2188 4023
46958 2189 4024
46959 2190 4024
46964 2191 4026
46965 2192 4029
46974 2193 4035
46977 2194 4039
322 2194 6621
46982 2195 4044
46983 2196 4044
46988 2197 4045
46993 2198 4049
46996 2199 4050
45369 2200 4050
46998 2201 4051
47003 2202 4053
433 2203 4054
46925 2204 4056
46854 2205 4058
41697 2206 4059
47024 2207 4066
46953 2208 4070
47028 2209 4070
47029 2210 4071
47032 2211 4075
47033 2212 4075
47034 2213 4076
47037 2214 4076
11769 2215 4076
47038 2216 4076
42773 2217 4076
47041 2218 4077
45585 2219 4077
45986 2220 4079
47048 2221 4079
14218 2222 4080
47180 2222 4168
47191 2222 4173
47233 2222 4192
47720 2222 4486
48510 2222 5057
47056 2223 4080
47057 2224 4082
47068 2225 4084
47069 2226 4085
47076 2227 4090
19735 2227 4118
26437 2227 4341
47752 2227 4505
48181 2227 4801
47077 2228 4091
47078 2229 4092
47085 2230 4097
47088 2231 4099
47091 2232 4101
47094 2233 4102
3868 2234 4103
47096 2235 4103
47099 2236 4105
35200 2237 4108
47103 2238 4109
47106 2239 4110
29017 2240 4114
51077 2240 7146
47118 2241 4116
47121 2242 4117
47126 2243 4119
47131 2244 4120
47136 2245 4126
47138 2246 4127
44178 2247 4127
47143 2248 4128
47146 2249 4129
47153 2250 4134
47156 2251 4138
47159 2252 4140
47160 2253 4140
47161 2254 4143
47162 2255 4146
47165 2256 4150
47166 2257 4150
47167 2258 4153
47168 2259 4157
47169 2260 4158
28895 2261 4160
47175 2262 4162
47176 2263 4162
47179 2264 4168
47186 2265 4171
25061 2266 4176
47200 2267 4176
24060 2268 4176
39880 2269 4179
47211 2270 4181
31564 2271 4185
45153 2272 4189
29000 2273 4190
47235 2274 4195
46507 2275 4197
47238 2276 4197
47240 2277 4198
47241 2278 4200
47242 2279 4200
37970 2280 4201
47250 2281 4202
45986 2282 4204
47254 2283 4208
47257 2284 4209
47272 2285 4217
47273 2286 4218
47276 2287 4222
40959 2288 4222
47286 2289 4226
47287 2290 4226
47289 2291 4227
47288 2292 4227
47292 2293 4229
47293 2294 4229
47296 2295 4231
47299 2296 4232
45585 2297 4235
47307 2298 4237
46603 2299 4238
47317 2300 4245
27129 2301 4251
47325 2302 4254
31601 2303 4255
43963 2303 4271
44465 2303 5307
47329 2304 4256
47330 2305 4256
29698 2306 4257
47337 2307 4259
47336 2308 4260
47373 2308 4278
47344 2309 4262
35240 2310 4266
47354 2311 4269
47361 2312 4270
47368 2313 4275
44742 2314 4280
47386 2315 4283
47387 2316 4285
47390 2317 4289
31601 2318 4289
48794 2318 5268
44465 2318 5338
47394 2319 4291
47395 2320 4291
47398 2321 4292
47399 2322 4293
322 2322 6541
47400 2323 4296
47405 2324 4300
41794 2325 4305
47409 2326 4305
47410 2327 4306
45989 2328 4306
47413 2329 4306
47415 2330 4308
47418 2331 4308
47419 2332 4309
37785 2333 4311
47425 2334 4313
45266 2335 4317
48088 2335 4735
48708 2335 5194
50048 2335 6259
47445 2336 4319
47448 2337 4323
47453 2338 4324
47480 2338 4344
35240 2339 4324
47459 2340 4326
47462 2341 4327
31124 2342 4334
46461 2343 4336
23647 2344 4339
433 2345 4341
47479 2346 4342
47486 2347 4345
47489 2348 4350
33661 2349 4350
47495 2350 4352
24578 2351 4354
47501 2352 4355
47508 2353 4358
47240 2354 4360
47512 2355 4361
47515 2356 4365
47518 2357 4367
47527 2358 4371
47534 2359 4376
47535 2360 4376
47536 2361 4377
47960 2361 4635
47537 2362 4379
49234 2362 5588
8072 2363 4379
47543 2364 4381
47548 2365 4383
16598 2366 4385
47562 2367 4388
47563 2368 4389
47502 2369 4390
47575 2370 4393
47576 2371 4396
47583 2372 4400
45515 2373 4407
47589 2374 4408
47590 2375 4409
1182 2376 4414
47815 2376 4533
8111 2376 4618
47956 2376 4634
49268 2376 5629
47604 2377 4418
47609 2378 4421
47618 2379 4425
39988 2380 4436
47638 2381 4436
47651 2382 4446
19643 2383 4446
19643 2384 4447
47662 2385 4450
47681 2386 4461
41736 2387 4462
47682 2388 4462
47684 2389 4462
47686 2390 4464
47685 2391 4464
43747 2392 4466
47690 2393 4467
47691 2394 4467
47694 2395 4471
6667 2396 4472
6668 2397 4473
47701 2398 4474
47704 2399 4476
47705 2400 4476
47708 2401 4478
47709 2402 4479
47710 2403 4479
47716 2404 4481
47713 2405 4481
47717 2406 4482
16016 2407 4488
47731 2408 4489
29023 2409 4493
20561 2410 4497
47748 2411 4501
47751 2412 4502
24814 2413 4505
47759 2414 4508
29023 2415 4508
47769 2416 4513
47772 2417 4513
47773 2418 4513
47778 2419 4514
47781 2420 4516
47710 2421 4517
47785 2422 4519
47790 2423 4520
47793 2424 4523
47796 2425 4524
47799 2426 4524
47800 2427 4525
47803 2428 4527
47810 2429 4530
47817 2430 4533
48390 2430 4987
47818 2431 4534
29023 2432 4536
47820 2433 4538
47825 2434 4540
47826 2435 4545
45964 2436 4547
47832 2437 4549
47833 2438 4549
48049 2438 4700
47834 2439 4550
47835 2440 4552
47844 2441 4557
7890 2442 4560
47850 2443 4560
47851 2444 4561
47852 2445 4561
15931 2446 4562
47858 2447 4565
47861 2448 4566
32645 2449 4566
40385 2450 4566
29194 2451 4568
47865 2452 4568
48200 2452 4823
47866 2453 4569
47871 2454 4574
29023 2455 4575
47877 2456 4576
47880 2457 4579
47684 2458 4580
47884 2459 4584
47895 2460 4591
47900 2461 4594
47903 2462 4597
47906 2463 4603
34584 2464 4604
47914 2465 4605
47921 2466 4607
47928 2467 4613
47929 2468 4613
47930 2469 4614
47931 2469 4614
47939 2470 4619
47942 2471 4621
47949 2472 4627
41855 2473 4627
47953 2474 4630
47954 2475 4633
47955 2476 4634
47962 2477 4636
433 2478 4636
47964 2479 4636
47965 2480 4637
47968 2481 4640
30689 2482 4640
47970 2483 4642
30989 2484 4642
47972 2485 4642
45107 2486 4651
47982 2487 4651
322 2487 6438
47989 2488 4655
47990 2489 4655
47993 2490 4656
47998 2491 4663
47999 2492 4664
47778 2493 4664
48005 2494 4666
48006 2495 4666
14606 2495 5643
48007 2496 4667
48008 2497 4671
48690 2497 5187
49136 2497 5506
10326 2497 5698
49838 2497 6068
50032 2497 6242
24238 2497 6324
29023 2498 4671
48010 2499 4672
48013 2500 4672
11844 2501 4675
48017 2502 4677
48020 2503 4682
29023 2504 4682
48038 2505 4692
48039 2506 4693
48040 2507 4697
28698 2508 4698
48044 2509 4698
48045 2510 4698
48048 2511 4699
48051 2512 4700
48052 2513 4704
48055 2514 4707
45166 2515 4708
29023 2516 4710
22168 2517 4718
48063 2518 4718
48066 2519 4720
48067 2520 4721
48070 2521 4723
1182 2522 4724
48144 2522 4768
48248 2522 4876
48386 2522 4979
48677 2522 5173
48796 2522 5270
49086 2522 5473
49107 2522 5486
49154 2522 5518
49268 2522 5606
32968 2522 6047
49255 2522 6384
48071 2523 4724
48073 2524 4724
47972 2525 4724
34462 2526 4728
48082 2527 4729
180 2528 4730
36771 2528 5192
50459 2528 6610
48084 2529 4730
48087 2530 4733
48090 2531 4737
48091 2532 4737
48092 2533 4740
48097 2534 4742
48102 2535 4744
48103 2536 4744
48106 2537 4745
48107 2538 4745
48110 2539 4747
48115 2540 4750
48116 2541 4751
48117 2542 4751
48118 2543 4751
48173 2543 4794
27542 2543 4837
48133 2544 4758
48134 2545 4758
48135 2546 4759
48142 2547 4761
48143 2548 4764
16598 2549 4775
22168 2550 4776
48150 2551 4776
48523 2551 5062
17494 2552 4779
6807 2553 4779
48157 2554 4781
48158 2555 4782
48159 2556 4782
44874 2557 4785
48165 2558 4787
48168 2559 4788
48143 2560 4789
48172 2561 4793
48175 2562 4795
48176 2563 4796
48177 2564 4798
28324 2565 4800
20486 2566 4802
785 2567 4803
48187 2568 4804
48188 2569 4809
48189 2570 4810
21802 2571 4816
48195 2572 4816
48196 2573 4819
48199 2574 4822
43162 2575 4826
48204 2576 4827
49590 2576 5893
34177 2577 4827
46196 2578 4829
48206 2579 4834
29023 2580 4834
48208 2581 4834
31713 2582 4840
48212 2583 4841
30254 2584 4841
48214 2585 4841
48217 2586 4843
48218 2587 4844
48221 2588 4846
10543 2588 7103
48222 2589 4846
48223 2590 4849
29023 2591 4850
48227 2592 4855
48230 2593 4863
48231 2594 4864
48232 2595 4867
48235 2596 4871
48239 2597 4871
48236 2598 4871
48240 2599 4872
48243 2600 4873
48244 2601 4875
48245 2602 4875
48257 2602 4882
31564 2602 5207
48250 2603 4876
322 2603 6388
48251 2604 4877
15262 2605 4880
37817 2606 4895
48272 2607 4896
48273 2608 4897
29023 2609 4897
48275 2610 4898
34059 2611 4898
2577 2611 5414
48277 2612 4898
48278 2613 4899
48284 2614 4902
23604 2615 4902
48285 2616 4902
303 2617 4903
48287 2618 4904
48292 2619 4908
10543 2619 7096
48295 2620 4911
48298 2621 4915
48299 2622 4916
48306 2623 4918
48311 2624 4923
48312 2625 4925
48315 2626 4930
48316 2627 4930
48317 2628 4932
48320 2629 4935
48321 2630 4935
20157 2631 4936
48275 2632 4939
48338 2633 4944
48345 2634 4948
48346 2635 4949
48349 2636 4950
48350 2637 4951
48352 2638 4952
47338 2639 4952
322 2639 6378
11955 2640 4952
10479 2641 4956
48359 2642 4958
37817 2643 4959
48243 2644 4962
48369 2645 4964
48368 2646 4964
48370 2647 4965
48371 2648 4966
10543 2648 7091
48376 2649 4970
45316 2650 4970
48380 2651 4971
48381 2652 4976
48382 2653 4977
48385 2654 4979
39659 2655 4987
48399 2656 4992
48402 2657 4994
48411 2658 4998
48412 2659 4998
48417 2660 5004
48420 2661 5005
48421 2662 5006
21619 2663 5006
48423 2664 5007
49007 2664 5405
48426 2665 5008
48433 2666 5013
48434 2667 5015
171 2668 5016
48446 2669 5023
48451 2670 5026
48452 2671 5028
48453 2672 5029
48460 2673 5033
48465 2674 5037
48472 2675 5039
26747 2676 5041
48482 2677 5043
48483 2678 5043
33715 2679 5044
48489 2680 5046
48492 2681 5048
48496 2682 5048
48495 2683 5049
48412 2684 5054
48506 2685 5056
48509 2686 5057
48514 2687 5059
48515 2688 5061
48424 2689 5062
48525 2690 5063
48970 2690 5387
48526 2691 5065
17301 2692 5066
48540 2693 5072
48541 2694 5073
48554 2695 5082
48343 2696 5085
23604 2697 5087
48562 2698 5088
48561 2699 5088
44479 2700 5089
48568 2701 5090
48569 2702 5092
48570 2703 5093
48571 2704 5093
48574 2705 5094
10543 2705 7089
48577 2706 5098
48578 2707 5098
48579 2708 5099
48584 2709 5101
48585 2710 5101
48588 2711 5104
36704 2712 5104
48594 2713 5108
48595 2714 5110
49255 2714 5596
18355 2715 5115
48603 2716 5116
48604 2717 5116
46167 2718 5118
48427 2719 5118
48617 2720 5125
48626 2721 5133
35267 2722 5144
48473 2723 5145
48634 2724 5145
48642 2725 5151
48643 2726 5152
48646 2727 5156
48647 2728 5158
48648 2729 5161
48651 2730 5163
48658 2731 5164
48659 2732 5166
48660 2733 5166
4258 2734 5169
48672 2735 5172
48681 2736 5176
48682 2737 5179
47634 2737 5199
48687 2738 5182
48688 2739 5186
25882 2740 5186
48701 2741 5191
48700 2742 5192
48716 2743 5203
48717 2744 5206
48421 2745 5206
48721 2746 5206
322 2746 6307
48724 2747 5209
48799 2747 5274
46603 2748 5211
48728 2749 5217
48731 2750 5221
48732 2751 5221
48735 2752 5224
48736 2753 5225
48737 2754 5225
28412 2755 5228
47900 2756 5231
48746 2757 5231
48751 2758 5232
48760 2759 5236
48769 2760 5243
8515 2761 5244
48773 2762 5246
48776 2763 5249
48781 2764 5256
48782 2765 5257
48783 2766 5259
2011 2766 5288
2091 2766 5348
20499 2766 5449
48788 2767 5262
48789 2768 5264
48792 2769 5266
48793 2770 5268
48798 2771 5273
48801 2772 5278
35023 2773 5279
48805 2774 5285
27522 2775 5285
48807 2776 5286
48816 2777 5296
48819 2778 5296
48820 2779 5298
3485 2780 5298
48822 2781 5299
48823 2782 5302
48826 2783 5304
48834 2784 5310
48833 2785 5311
48835 2786 5311
48839 2787 5311
48838 2788 5311
48848 2789 5315
48851 2790 5317
48854 2791 5317
48859 2792 5319
48862 2793 5320
45022 2794 5328
48868 2795 5328
48386 2796 5330
48882 2797 5339
16964 2798 5342
48892 2799 5353
48893 2800 5353
48902 2801 5357
48008 2801 5707
48903 2802 5357
48910 2803 5360
48911 2804 5364
48912 2805 5364
48915 2806 5366
45022 2807 5366
48919 2808 5367
48922 2809 5369
48923 2810 5371
48924 2811 5371
41855 2812 5375
22853 2813 5376
48953 2814 5376
48956 2815 5379
48961 2816 5383
48964 2817 5383
48969 2818 5385
48976 2819 5390
48983 2820 5396
45022 2821 5396
45022 2822 5397
48992 2823 5401
48993 2824 5401
42974 2825 5401
48995 2826 5401
4501 2827 5402
45340 2827 5838
50199 2827 6358
43793 2827 6628
48997 2828 5402
2335 2829 5402
37746 2830 5403
49006 2831 5405
49009 2832 5406
49010 2833 5407
9477 2834 5407
14397 2834 7182
49012 2835 5409
49013 2836 5410
49028 2837 5421
49031 2838 5422
49032 2839 5423
49033 2840 5424
49036 2841 5424
49037 2842 5426
47835 2843 5429
22740 2844 5432
41736 2845 5433
47159 2846 5433
49048 2847 5434
49051 2848 5436
49052 2849 5439
49053 2850 5439
15931 2851 5440
49055 2852 5440
43393 2853 5440
32645 2854 5441
34584 2855 5442
48839 2856 5443
24060 2857 5448
49065 2858 5452
322 2858 6240
49066 2859 5452
49067 2860 5457
49068 2861 5457
47939 2862 5458
49076 2863 5462
24315 2864 5463
49080 2865 5466
49083 2866 5468
49084 2867 5469
49085 2868 5471
24833 2869 5476
32063 2870 5485
49106 2871 5486
49109 2872 5487
49110 2873 5489
49111 2874 5489
17917 2875 5492
49113 2876 5492
49116 2877 5492
49006 2878 5504
49138 2879 5508
49149 2880 5511
49156 2881 5518
49161 2882 5523
25120 2883 5524
49167 2884 5525
322 2884 6218
49170 2885 5529
322 2885 6211
49171 2886 5530
49174 2887 5532
49663 2887 5941
49175 2888 5533
50174 2888 6344
49176 2889 5533
49179 2890 5534
49180 2891 5536
37457 2892 5542
49188 2893 5545
49191 2894 5546
49192 2895 5549
49195 2896 5552
40959 2897 5555
43326 2898 5557
49964 2899 5558
49963 2899 6189
43197 2899 6739
24573 2900 5558
49203 2901 5559
5264 2902 5562
48562 2903 5565
49206 2904 5566
49207 2905 5569
49214 2906 5572
49217 2907 5573
49228 2908 5581
49229 2909 5583
11408 2910 5584
49233 2911 5586
45022 2912 5589
49245 2913 5591
49246 2914 5591
50533 2914 6673
49257 2915 5598
49260 2916 5601
49261 2917 5602
43287 2918 5603
49265 2919 5605
49270 2920 5610
49271 2921 5613
49274 2922 5616
49277 2923 5622
49278 2924 5623
49285 2925 5627
49286 2926 5628
49291 2927 5629
49292 2928 5630
49293 2929 5630
49294 2930 5633
49295 2931 5634
49300 2932 5639
49301 2933 5640
29528 2934 5641
30989 2935 5643
49306 2936 5643
49789 2936 6036
45964 2937 5652
49312 2938 5653
49597 2938 5896
42020 2939 5654
49318 2940 5656
47241 2941 5658
49320 2942 5659
49321 2943 5662
34962 2944 5665
49323 2945 5665
49324 2946 5665
49325 2947 5667
49328 2948 5667
49329 2949 5669
49332 2950 5671
49333 2951 5672
49334 2952 5672
49337 2953 5673
49342 2954 5677
29022 2955 5680
49346 2956 5681
49349 2957 5682
40073 2957 6063
49360 2958 5689
49361 2959 5692
49364 2960 5695
38269 2961 5695
45515 2962 5697
49375 2963 5700
49376 2964 5700
49379 2965 5702
49380 2966 5706
49389 2967 5708
28169 2968 5709
49391 2969 5709
49394 2970 5714
49399 2971 5722
49400 2972 5722
49401 2973 5729
49404 2974 5731
49407 2975 5733
49408 2976 5734
49742 2976 6001
49409 2977 5734
49412 2978 5736
49320 2979 5743
49423 2980 5747
49422 2981 5747
33811 2982 5763
49409 2983 5766
49434 2984 5766
49441 2985 5771
49442 2986 5773
6667 2987 5783
6668 2988 5783
49445 2989 5785
49448 2990 5787
49451 2991 5788
39239 2992 5790
49455 2993 5792
49458 2994 5792
49461 2995 5799
49466 2996 5802
49675 2996 5950
49467 2997 5802
49468 2998 5802
49471 2999 5804
49472 3000 5807
49475 3001 5811
49478 3002 5812
49483 3003 5820
49496 3004 5827
49497 3005 5828
49498 3006 5829
49499 3007 5829
49412 3008 5835
49523 3009 5840
49524 3010 5841
49171 3011 5841
49526 3012 5841
49531 3013 5844
49532 3014 5846
49483 3015 5847
49534 3016 5848
49435 3017 5850
49538 3018 5854
49539 3019 5854
49540 3020 5855
49541 3021 5856
49544 3022 5857
39988 3023 5859
24060 3024 5859
49551 3025 5860
322 3025 6095
49552 3026 5861
49557 3027 5864
50165 3027 6339
49560 3028 5867
49564 3029 5869
49563 3030 5869
49560 3031 5872
49566 3032 5874
49575 3033 5879
49578 3034 5882
49332 3035 5889
49589 3036 5892
44424 3037 5892
49592 3038 5894
49593 3039 5895
49594 3040 5895
49596 3041 5896
49595 3042 5896
49601 3043 5897
49604 3044 5900
49605 3045 5900
45469 3046 5901
49607 3047 5902
49608 3048 5902
29679 3049 5903
49612 3050 5905
49613 3051 5907
49616 3052 5908
49629 3053 5914
49634 3054 5915
49639 3055 5921
49646 3056 5925
49647 3057 5929
49652 3058 5931
49653 3059 5933
10064 3060 5935
49659 3061 5937
49660 3062 5938
49665 3063 5942
49635 3064 5943
47673 3065 5945
49488 3066 5948
49677 3067 5950
49684 3068 5957
28654 3069 5959
49688 3070 5959
49691 3071 5960
49692 3072 5962
49703 3073 5968
49708 3074 5974
49732 3074 5994
49709 3075 5975
49710 3076 5976
49711 3077 5976
49716 3078 5977
49721 3079 5980
49726 3080 5984
49727 3081 5987
322 3081 6062
46450 3082 5993
47634 3083 5993
49736 3084 5995
49737 3085 5995
322 3085 6054
47159 3086 5996
49741 3087 6000
49744 3088 6001
49745 3089 6002
49750 3090 6004
37746 3091 6004
33753 3092 6006
17292 3093 6010
49756 3094 6010
49759 3095 6015
49760 3096 6015
49761 3097 6016
39814 3098 6017
47968 3099 6019
49770 3100 6022
20964 3101 6025
49774 3102 6026
49775 3103 6026
49782 3104 6030
25685 3105 6030
49784 3106 6031
49785 3107 6033
49788 3108 6035
49791 3109 6036
49798 3110 6040
49710 3111 6045
49804 3112 6046
49805 3113 6046
49810 3114 6049
49811 3115 6049
49812 3116 6049
47817 3117 6055
49824 3118 6057
49831 3119 6062
49840 3120 6069
49841 3121 6070
49846 3122 6078
49847 3123 6078
49848 3124 6081
47348 3125 6081
43377 3125 6331
49610 3125 6399
10543 3125 6876
29637 3126 6089
49859 3127 6090
49860 3128 6092
49634 3129 6095
49874 3130 6097
43273 3131 6099
49538 3132 6103
49883 3133 6104
49884 3134 6105
49893 3135 6111
49900 3136 6124
1756 3137 6125
13115 3138 6125
49909 3139 6133
23528 3140 6134
29023 3141 6134
49912 3142 6136
49915 3143 6137
49920 3144 6142
35105 3145 6142
49922 3146 6145
49923 3147 6146
49924 3148 6148
49929 3149 6153
29023 3150 6155
49935 3151 6160
49938 3152 6161
49943 3153 6166
49944 3154 6169
49945 3155 6170
49948 3156 6174
49949 3157 6178
49952 3158 6183
49953 3159 6183
49962 3160 6188
49965 3161 6189
29023 3162 6190
49967 3163 6191
49976 3164 6194
49977 3165 6194
49978 3166 6198
49979 3167 6199
49980 3168 6199
49983 3169 6202
50383 3169 6523
35118 3170 6205
4022 3171 6205
49992 3172 6206
49997 3173 6210
50000 3174 6211
50007 3175 6213
50010 3176 6218
50013 3177 6220
50014 3178 6223
50017 3179 6228
50022 3180 6232
50023 3181 6238
50034 3182 6243
50035 3183 6244
50036 3184 6245
50037 3185 6246
50040 3186 6250
50041 3187 6253
50042 3188 6253
50045 3189 6255
50046 3190 6256
50047 3191 6257
49948 3192 6260
48446 3193 6260
50056 3194 6265
50061 3195 6268
50066 3196 6271
50067 3197 6272
10476 3198 6272
50070 3199 6273
50069 3200 6273
50076 3201 6276
50075 3202 6276
19777 3203 6280
50094 3204 6286
50097 3205 6287
50102 3206 6290
50103 3207 6291
50104 3208 6294
50105 3209 6295
50106 3210 6296
23528 3211 6298
50112 3212 6299
12138 3213 6300
11955 3214 6301
2335 3215 6302
9077 3215 6334
45179 3216 6302
50121 3217 6303
50126 3218 6308
38570 3219 6308
50130 3220 6309
50133 3221 6318
50138 3222 6319
50143 3223 6324
49634 3224 6327
15931 3225 6329
50150 3226 6329
24681 3227 6331
50154 3228 6332
49918 3229 6332
50160 3230 6335
30689 3231 6341
50186 3232 6347
50187 3233 6347
9773 3234 6352
50191 3235 6354
49945 3236 6355
50195 3237 6355
50198 3238 6357
50205 3239 6359
50208 3240 6360
50209 3241 6361
50210 3242 6361
50211 3243 6363
39702 3244 6369
50215 3245 6370
50226 3246 6378
50227 3247 6378
44475 3248 6382
50239 3249 6395
25246 3250 6396
50251 3251 6402
28624 3252 6402
36965 3253 6408
39702 3254 6408
50263 3255 6408
49943 3256 6409
50267 3257 6410
50268 3258 6411
29102 3259 6415
29987 3260 6415
50273 3261 6418
50278 3262 6423
50279 3263 6423
50280 3264 6425
50283 3265 6426
50284 3266 6430
50285 3267 6430
49188 3268 6436
50303 3269 6442
47684 3270 6446
50309 3271 6450
50195 3272 6457
50313 3273 6459
50314 3274 6461
50323 3275 6472
50334 3276 6478
50340 3277 6485
50339 3278 6485
50347 3279 6490
28841 3280 6492
50353 3281 6495
50354 3282 6496
50355 3283 6498
24060 3284 6499
50359 3285 6499
50368 3286 6506
50369 3287 6507
50370 3288 6511
50209 3289 6514
50378 3290 6514
50385 3291 6523
43730 3292 6524
50387 3293 6525
50388 3294 6525
50391 3295 6528
50392 3296 6529
50393 3297 6530
50394 3298 6534
50395 3299 6535
50396 3300 6537
50399 3301 6539
12582 3302 6543
50405 3303 6543
17531 3304 6544
50982 3304 7063
50407 3305 6545
50408 3306 6548
50411 3307 6550
50412 3308 6552
50419 3309 6558
50420 3310 6562
50423 3311 6569
50426 3312 6570
50427 3313 6570
50428 3314 6571
17782 3315 6572
5120 3316 6576
32812 3317 6578
50435 3318 6579
50441 3319 6587
50442 3320 6589
50443 3321 6589
50446 3322 6597
50449 3323 6601
50450 3324 6601
50451 3325 6605
50452 3326 6605
50453 3327 6606
50458 3328 6610
50462 3329 6611
50461 3330 6611
50465 3331 6615
33483 3332 6618
50471 3333 6620
50472 3334 6620
50479 3335 6624
50482 3336 6625
50483 3337 6626
50486 3338 6627
50491 3339 6633
50492 3340 6633
50495 3341 6637
49915 3342 6637
50499 3343 6641
50504 3344 6643
17917 3345 6644
50510 3346 6653
50511 3347 6653
2181 3348 6654
50622 3348 6750
50650 3348 6775
50513 3349 6654
50514 3350 6655
49546 3351 6659
50516 3352 6661
50519 3353 6662
50520 3354 6662
50523 3355 6664
50521 3356 6666
50522 3357 6666
50526 3358 6668
50530 3359 6671
50535 3360 6674
50536 3361 6674
50541 3362 6679
45515 3363 6682
46255 3364 6688
50552 3365 6689
50556 3366 6694
50555 3367 6695
19935 3368 6696
50560 3369 6698
49915 3370 6699
50568 3371 6702
19011 3372 6704
25067 3373 6704
45842 3374 6707
50578 3375 6714
50580 3376 6714
50579 3377 6714
50589 3378 6721
50594 3379 6730
51035 3379 7108
51079 3379 7147
50597 3380 6733
50600 3381 6735
50605 3382 6736
50608 3383 6737
50609 3384 6737
50610 3385 6738
50613 3386 6741
49847 3387 6748
50619 3388 6749
50624 3389 6752
50817 3389 6907
50641 3390 6764
50789 3390 6888
50642 3391 6768
50643 3392 6771
50644 3393 6773
50649 3394 6775
50654 3395 6778
50655 3396 6780
50665 3397 6784
50664 3398 6785
50679 3399 6792
50676 3400 6792
47106 3401 6799
50689 3402 6801
50690 3403 6802
50691 3404 6803
50692 3405 6804
32078 3406 6805
50694 3407 6805
50701 3408 6813
24060 3409 6816
50707 3410 6818
50708 3411 6822
50711 3412 6825
50712 3413 6826
50715 3414 6827
50839 3414 6929
50716 3415 6829
50717 3416 6829
11955 3417 6830
50725 3418 6838
39972 3419 6845
50733 3420 6847
50734 3421 6848
50735 3422 6849
50736 3423 6849
50741 3424 6854
50742 3425 6854
28624 3426 6855
50743 3427 6855
50747 3428 6858
48048 3429 6859
47704 3430 6863
50754 3431 6864
17494 3432 6869
49324 3433 6869
50763 3434 6872
50766 3435 6874
50767 3436 6874
50802 3436 6895
50768 3437 6874
50769 3438 6876
43468 3439 6877
24059 3440 6879
43468 3441 6881
50782 3442 6882
50781 3443 6882
29843 3444 6884
50786 3445 6885
50787 3446 6886
50788 3447 6888
50793 3448 6889
8072 3449 6891
50799 3450 6894
50800 3451 6894
50801 3452 6895
47817 3453 6898
14601 3454 6900
37746 3455 6901
50813 3456 6903
50814 3457 6903
29637 3458 6908
50822 3459 6910
50823 3460 6912
50824 3461 6912
50825 3462 6912
50826 3463 6912
49761 3464 6923
20092 3465 6928
47330 3466 6928
29987 3467 6929
50841 3468 6930
50846 3469 6933
50853 3470 6942
2675 3471 6945
50856 3472 6947
50855 3473 6947
50857 3474 6948
50858 3475 6949
50859 3476 6950
50860 3477 6951
50863 3478 6953
50868 3479 6955
37007 3480 6958
50876 3481 6959
50877 3482 6961
50878 3483 6963
50881 3484 6964
50882 3485 6966
50883 3486 6967
50964 3486 7045
50884 3487 6967
50885 3488 6970
47900 3489 6972
28722 3490 6973
50892 3491 6975
25067 3492 6976
50898 3493 6982
50903 3494 6988
50912 3495 6991
23604 3496 6996
50919 3497 6997
50918 3498 6998
38770 3499 7003
50921 3500 7007
25482 3501 7008
50923 3502 7008
50924 3503 7010
49736 3504 7011
33950 3505 7012
50929 3506 7013
50932 3507 7014
50933 3508 7015
50938 3509 7019
50941 3510 7020
50942 3511 7022
50945 3512 7028
50948 3513 7031
10485 3514 7033
50955 3515 7034
2494 3516 7037
50959 3517 7039
50960 3518 7039
50968 3519 7049
42093 3520 7055
50974 3521 7060
50977 3522 7061
50978 3523 7061
20016 3524 7062
50990 3525 7062
50984 3526 7064
50987 3527 7065
50988 3528 7065
50989 3529 7068
50995 3530 7073
51001 3531 7083
51000 3532 7083
51004 3533 7084
51017 3534 7092
51018 3535 7094
28324 3536 7102
49188 3537 7103
51033 3538 7107
28324 3539 7107
7969 3540 7111
51041 3541 7112
28324 3542 7112
51048 3543 7115
34051 3544 7117
51056 3545 7119
51057 3546 7123
51058 3547 7123
4717 3548 7129
39995 3549 7131
51067 3550 7138
51068 3551 7138
51071 3552 7141
51072 3553 7141
51073 3554 7142
51074 3555 7144
51081 3556 7150
51086 3557 7156
51087 3558 7158
51088 3559 7159
51089 3560 7166
39988 3561 7168
51091 3562 7170
22799 3563 7171
22835 3563 7179
36050 3564 7173
51100 3565 7175
44424 3566 7180
49650 3567 7183
51123 3568 7185
51126 3569 7186
51129 3570 7188
51130 3571 7190
45964 3572 7192
45799 3573 7193
20295 3574 7194
51136 3575 7194
51137 3576 7194
41736 3577 7195
51143 3578 7198
