8 303 8 0 0
8 407 769 0 0
8 637 24 0 0
8 757 2196 0 0
8 769 114 0 0
8 779 5354 0 0
8 783 89 0 0
8 829 2025 0 0
8 1083 807 0 0
8 1167 75 0 0
8 1291 794 0 0
8 1465 791 0 0
8 1704 1199 0 0
8 1719 440 0 0
8 2615 3751 0 0
8 2747 408 0 0
8 2756 382 0 0
8 2762 45 0 0
8 2996 2964 0 0
8 3003 2160 0 0
8 3097 5377 0 0
8 3597 4868 0 0
8 3780 902 0 0
8 3907 5282 0 0
8 4269 1181 0 0
8 4331 4935 0 0
8 4335 5519 0 0
8 4530 1664 0 0
8 4857 568 0 0
8 5124 588 0 0
8 5348 61 0 0
8 5603 3893 0 0
8 5726 3392 0 0
8 6068 940 0 0
8 6123 174 0 0
8 6191 4973 0 0
8 6275 3027 0 0
8 6455 2351 0 0
8 7083 430 0 0
8 7263 21 0 0
8 7529 5315 0 0
8 7613 1359 0 0
8 7657 4945 0 0
8 7718 679 0 0
8 8212 4369 0 0
8 8331 3681 0 0
8 8489 1493 0 0
8 8498 445 0 0
8 8504 3970 0 0
8 8785 5354 0 0
8 8885 5500 0 0
8 8893 3500 0 0
8 8906 2076 0 0
8 8953 410 0 0
8 9015 102 0 0
8 9071 2095 0 0
8 9162 4124 0 0
8 9172 3794 0 0
8 9295 2537 0 0
8 9331 109 0 0
8 9381 4613 0 0
8 9388 4782 0 0
8 9732 1266 0 0
8 10483 92 0 0
8 10538 1200 0 0
8 10667 1733 0 0
8 11368 1269 0 0
8 11493 623 0 0
8 11707 2161 0 0
8 12078 4520 0 0
8 12626 197 0 0
8 13120 3047 0 0
8 13606 3505 0 0
8 13735 19 0 0
8 13998 148 0 0
8 14169 317 0 0
8 14253 2388 0 0
8 14322 723 0 0
8 14945 3042 0 0
8 15132 3894 0 0
8 16039 2115 0 0
8 16314 52 0 0
8 16350 4116 0 0
8 16758 1612 0 0
8 17248 4376 0 0
8 17379 59 0 0
8 17444 3877 0 0
8 17461 483 0 0
8 18154 2203 0 0
8 18474 1688 0 0
8 18510 474 0 0
8 18899 3926 0 0
8 19084 4029 0 0
8 19460 2197 0 0
8 19641 5180 0 0
8 20039 321 0 0
8 20308 430 0 0
8 20636 5216 0 0
8 20921 3233 0 0
8 21888 510 0 0
8 23371 64 0 0
8 23380 5017 0 0
8 24126 1011 0 0
8 25070 755 0 0
8 25658 1017 0 0
8 25963 3371 0 0
8 26128 1242 0 0
8 26452 4903 0 0
8 26617 2463 0 0
8 27033 1571 0 0
8 27087 1091 0 0
8 27110 4907 0 0
8 27319 1286 0 0
8 27995 2568 0 0
8 28154 1104 0 0
8 28353 4272 0 0
8 28626 352 0 0
8 28690 598 0 0
8 28826 231 0 0
8 29254 1525 0 0
8 29303 4583 0 0
8 29423 2133 0 0
8 29474 1063 0 0
8 29837 3621 0 0
8 29925 3242 0 0
8 30024 2192 0 0
8 30305 13 0 0
8 31233 1248 0 0
8 31724 4368 0 0
8 32849 334 0 0
8 33420 1201 0 0
8 33454 1386 0 0
8 33464 1989 0 0
8 33548 4471 0 0
8 33702 747 0 0
8 33742 513 0 0
8 33882 746 0 0
8 34147 2859 0 0
8 34393 2334 0 0
8 35176 4483 0 0
8 35729 973 0 0
8 35870 407 0 0
8 35909 1682 0 0
8 36885 5600 0 0
8 37974 266 0 0
8 38028 520 0 0
8 38145 885 0 0
8 38417 737 0 0
8 38525 108 0 0
8 39156 1192 0 0
8 39799 2502 0 0
8 40027 3199 0 0
8 40416 318 0 0
8 40920 1020 0 0
8 41073 491 0 0
8 41395 1123 0 0
8 42078 4772 0 0
8 44177 153 0 0
8 44785 1137 0 0
8 45329 571 0 0
8 45362 829 0 0
8 47910 97 0 0
8 48816 271 0 0
8 48846 3963 0 0
8 48863 411 0 0
8 49402 3644 0 0
8 49439 5314 0 0
8 50389 156 0 0
8 51692 2188 0 0
8 51822 1405 0 0
8 53403 36 0 0
8 53752 659 0 0
8 53949 3451 0 0
8 54102 2980 0 0
8 54432 1877 0 0
8 54501 62 0 0
8 55883 5024 0 0
8 56008 50 0 0
8 61090 2598 0 0
8 62099 1769 0 0
8 62158 560 0 0
8 62365 901 0 0
8 64565 1093 0 0
8 65178 1772 0 0
8 69967 4114 0 0
8 70272 542 0 0
8 70926 658 0 0
8 73576 2258 0 0
8 74179 3893 0 0
8 74290 1691 0 0
8 74930 44 0 0
8 75381 4787 0 0
8 76317 2240 0 0
8 76594 2200 0 0
8 76872 645 0 0
8 77358 4956 0 0
8 78141 415 0 0
8 78448 1473 0 0
8 79309 730 0 0
8 80427 2251 0 0
8 80530 2148 0 0
8 80860 2081 0 0
8 82657 1230 0 0
8 84343 3926 0 0
8 85453 2363 0 0
8 87704 3223 0 0
8 87735 3333 0 0
8 87744 708 0 0
8 88952 3600 0 0
8 89696 2077 0 0
8 89921 173 0 0
8 90747 4043 0 0
8 91386 5731 0 0
8 93403 1148 0 0
8 94148 15 0 0
8 94925 969 0 0
8 97213 3400 0 0
8 98178 885 0 0
8 99654 1098 0 0
8 100840 2098 0 0
8 102074 2677 0 0
8 102561 237 0 0
8 104195 2049 0 0
8 106624 903 0 0
8 108127 1368 0 0
8 109219 3747 0 0
8 112430 1209 0 0
8 114527 2484 0 0
8 116277 2184 0 0
8 117199 703 0 0
8 120622 714 0 0
8 120757 4517 0 0
8 120882 1555 0 0
8 122451 4997 0 0
8 122940 2131 0 0
8 123391 391 0 0
8 124830 4174 0 0
8 124877 1115 0 0
8 125201 751 0 0
8 127024 1979 0 0
8 127171 608 0 0
8 127436 193 0 0
8 127709 162 0 0
8 128204 61 0 0
8 128804 169 0 0
8 129005 741 0 0
8 129589 4195 0 0
8 129819 2686 0 0
8 132756 47 0 0
8 133441 726 0 0
8 138479 376 0 0
8 140300 1170 0 0
8 144588 3100 0 0
8 147347 2681 0 0
8 150040 1687 0 0
8 152323 297 0 0
8 154302 2368 0 0
8 154558 1893 0 0
8 155300 1668 0 0
8 156145 347 0 0
8 157181 605 0 0
8 157514 1997 0 0
8 159601 2101 0 0
8 160398 179 0 0
8 162178 2217 0 0
8 163173 666 0 0
8 164490 1568 0 0
8 165173 2084 0 0
8 165787 123 0 0
8 170213 3788 0 0
8 170498 135 0 0
8 172120 2719 0 0
8 172271 1580 0 0
8 173012 637 0 0
8 174756 2103 0 0
8 174972 1918 0 0
8 176716 1573 0 0
8 184917 1894 0 0
8 185320 1187 0 0
8 185749 2187 0 0
8 187251 33 0 0
8 188926 3399 0 0
8 190644 2049 0 0
8 192438 151 0 0
8 192691 90 0 0
8 195023 2126 0 0
8 195458 3462 0 0
8 195852 2082 0 0
8 197404 26 0 0
8 198074 2535 0 0
8 198767 2778 0 0
8 198873 2129 0 0
8 200089 2094 0 0
8 202277 847 0 0
8 203362 2529 0 0
8 203711 390 0 0
8 204282 5535 0 0
8 205144 2487 0 0
8 205455 5511 0 0
8 205950 1164 0 0
8 206985 2482 0 0
8 207593 257 0 0
8 208952 3130 0 0
8 208964 1282 0 0
8 209120 2158 0 0
8 209349 237 0 0
8 211538 4272 0 0
8 211727 373 0 0
8 211746 2183 0 0
8 212026 387 0 0
8 213136 1077 0 0
8 213289 1727 0 0
8 214199 800 0 0
8 214232 434 0 0
8 214731 4454 0 0
8 215632 820 0 0
8 216381 3224 0 0
8 216587 113 0 0
8 220290 2604 0 0
8 220680 2752 0 0
8 221589 1940 0 0
8 222774 3901 0 0
8 223659 3040 0 0
8 224224 943 0 0
8 224351 1908 0 0
8 224551 2308 0 0
8 225975 3893 0 0
8 226016 2096 0 0
8 226064 3576 0 0
8 227570 725 0 0
8 227825 3151 0 0
8 228099 48 0 0
8 228884 2330 0 0
8 229602 114 0 0
8 231181 1464 0 0
8 232180 212 0 0
8 233325 1396 0 0
8 233458 290 0 0
8 234711 198 0 0
8 234870 281 0 0
8 235341 1435 0 0
8 236648 529 0 0
8 236741 3591 0 0
8 236766 2104 0 0
8 237228 3459 0 0
8 237449 158 0 0
8 237554 1857 0 0
8 237850 2334 0 0
8 237856 4103 0 0
8 237941 3476 0 0
8 238036 390 0 0
8 238107 10 0 0
8 238174 2173 0 0
8 238258 834 0 0
8 238415 2616 0 0
8 238476 346 0 0
8 238478 87 0 0
8 238760 22 0 0
8 238781 2141 0 0
8 238815 2429 0 0
8 238935 246 0 0
8 239233 722 0 0
8 239283 490 0 0
8 239305 402 0 0
8 239382 25 0 0
8 239408 275 0 0
8 239454 180 0 0
8 239688 1520 0 0
8 240200 3281 0 0
8 240223 75 0 0
8 240232 1323 0 0
8 240265 2941 0 0
8 240381 46 0 0
8 240604 4519 0 0
8 240861 2685 0 0
8 240917 3238 0 0
8 240954 1220 0 0
8 240978 2378 0 0
8 240992 844 0 0
8 241167 110 0 0
8 241190 628 0 0
8 241283 287 0 0
8 241308 16 0 0
8 241313 4628 0 0
8 241390 173 0 0
8 241566 779 0 0
8 241728 335 0 0
8 241730 5470 0 0
8 241873 23 0 0
8 241883 1407 0 0
8 242081 4695 0 0
8 242122 4895 0 0
8 242246 1067 0 0
8 242362 1029 0 0
8 242592 384 0 0
8 242665 349 0 0
8 242722 1095 0 0
8 243064 112 0 0
8 243086 811 0 0
8 243146 96 0 0
8 243217 84 0 0
8 243376 1771 0 0
8 243513 451 0 0
8 243734 893 0 0
8 243810 895 0 0
8 244010 2135 0 0
8 244012 57 0 0
8 244100 719 0 0
8 244188 37 0 0
8 244252 4450 0 0
8 244355 3741 0 0
8 244459 875 0 0
8 244595 1675 0 0
8 244710 4945 0 0
8 244876 270 0 0
8 245076 3988 0 0
8 245153 1824 0 0
8 245375 2908 0 0
8 245667 228 0 0
8 246281 2549 0 0
8 246509 768 0 0
8 246770 3139 0 0
8 246851 1973 0 0
8 246888 46 0 0
8 246907 2240 0 0
8 247003 491 0 0
8 247127 553 0 0
8 247362 2105 0 0
8 247477 13 0 0
8 247525 2839 0 0
8 247538 5303 0 0
8 247685 1071 0 0
8 247758 52 0 0
8 247866 2287 0 0
8 247938 4743 0 0
8 247940 195 0 0
8 248119 2775 0 0
8 248456 2086 0 0
8 248544 192 0 0
8 248662 119 0 0
8 248844 750 0 0
8 248976 4376 0 0
8 249264 3964 0 0
8 249303 4822 0 0
8 249457 934 0 0
8 249733 4285 0 0
8 249883 822 0 0
8 249887 3893 0 0
8 250552 1176 0 0
8 250681 1895 0 0
8 250742 296 0 0
8 250822 540 0 0
8 250837 160 0 0
8 250889 1655 0 0
8 251617 640 0 0
8 251622 2667 0 0
8 251797 3072 0 0
8 251937 1355 0 0
8 252267 2062 0 0
8 252438 824 0 0
8 252514 1807 0 0
8 253003 2643 0 0
8 253080 3791 0 0
8 253095 4111 0 0
8 253426 298 0 0
8 253529 1619 0 0
8 254094 980 0 0
8 254345 1915 0 0
8 254483 1036 0 0
8 254532 2216 0 0
8 254558 3080 0 0
8 254944 5238 0 0
8 254988 4639 0 0
8 255116 4995 0 0
8 255264 2692 0 0
8 255576 1178 0 0
8 255742 748 0 0
8 255989 492 0 0
8 256590 2218 0 0
8 256730 364 0 0
8 257190 1979 0 0
8 257346 2936 0 0
8 257691 220 0 0
8 257951 831 0 0
8 257967 326 0 0
8 258052 5209 0 0
8 258222 1082 0 0
8 258711 247 0 0
8 258900 1370 0 0
8 259282 275 0 0
8 259734 333 0 0
8 259813 153 0 0
8 259892 3891 0 0
8 260147 1327 0 0
8 260896 5770 0 0
8 260906 1102 0 0
8 261718 256 0 0
8 262991 3170 0 0
8 263154 1220 0 0
8 263256 378 0 0
8 263264 5168 0 0
8 263473 83 0 0
8 264204 1012 0 0
8 265147 249 0 0
8 265363 5033 0 0
8 265824 401 0 0
8 266149 2164 0 0
8 266260 1852 0 0
8 266678 3850 0 0
8 266845 818 0 0
8 266847 842 0 0
8 267030 170 0 0
8 267174 4651 0 0
8 267221 4030 0 0
8 267359 1179 0 0
8 267776 1530 0 0
8 268002 548 0 0
8 268407 1466 0 0
8 268429 131 0 0
8 268455 889 0 0
8 268543 480 0 0
8 270145 718 0 0
8 270783 677 0 0
8 271104 823 0 0
8 271498 2290 0 0
8 271664 1422 0 0
8 272641 73 0 0
8 272854 5560 0 0
8 273055 1978 0 0
8 273479 1432 0 0
8 274124 193 0 0
8 274173 2280 0 0
8 274528 676 0 0
8 274613 159 0 0
8 274661 4228 0 0
8 275098 1366 0 0
8 275366 429 0 0
8 275840 2459 0 0
8 275885 106 0 0
8 277023 90 0 0
8 277062 1438 0 0
8 277414 2304 0 0
8 277528 5297 0 0
8 278606 959 0 0
8 279287 2592 0 0
8 280316 84 0 0
8 280791 1304 0 0
8 280851 1410 0 0
8 281521 2207 0 0
8 281907 436 0 0
8 282308 616 0 0
8 283697 2520 0 0
8 283752 389 0 0
8 284342 2086 0 0
8 284471 116 0 0
8 284884 1434 0 0
8 286740 317 0 0
8 286935 607 0 0
8 287239 928 0 0
8 287300 3883 0 0
8 287796 103 0 0
8 288438 5038 0 0
8 289712 2086 0 0
8 290435 249 0 0
8 292332 2203 0 0
8 292476 2214 0 0
8 293392 351 0 0
8 294479 5513 0 0
8 295181 1698 0 0
8 296148 3089 0 0
8 296829 342 0 0
8 296979 4890 0 0
8 297160 3986 0 0
8 297497 2891 0 0
8 298197 4382 0 0
8 298553 231 0 0
8 299389 2360 0 0
8 299809 4706 0 0
8 299886 416 0 0
8 299966 5532 0 0
8 300522 152 0 0
8 300904 2820 0 0
8 301175 719 0 0
8 301213 286 0 0
8 303390 509 0 0
8 304802 331 0 0
8 305578 658 0 0
8 305894 228 0 0
8 305955 2563 0 0
8 306071 3163 0 0
8 306880 2200 0 0
8 306963 334 0 0
8 307640 89 0 0
8 307718 4156 0 0
8 307969 871 0 0
8 312664 2012 0 0
8 313078 3170 0 0
8 314153 291 0 0
8 314311 2196 0 0
8 315529 779 0 0
8 316529 52 0 0
8 317343 364 0 0
8 317687 963 0 0
8 317908 858 0 0
8 318444 2755 0 0
8 318916 426 0 0
8 319410 587 0 0
8 319683 2440 0 0
8 319875 2650 0 0
8 319937 5691 0 0
8 319988 2107 0 0
8 320128 771 0 0
8 320134 5385 0 0
8 320958 103 0 0
8 321739 3805 0 0
8 321777 124 0 0
8 321857 3075 0 0
8 321865 2378 0 0
8 321907 3113 0 0
8 322075 725 0 0
8 322195 1727 0 0
8 322283 182 0 0
8 322352 55 0 0
8 322372 988 0 0
8 322511 2131 0 0
8 322693 1154 0 0
8 322781 313 0 0
8 322868 477 0 0
8 323247 2126 0 0
8 323293 102 0 0
8 323774 2154 0 0
8 323859 523 0 0
8 324002 314 0 0
8 324373 135 0 0
8 324481 2089 0 0
8 324550 1754 0 0
8 325163 888 0 0
8 325393 232 0 0
8 325398 66 0 0
8 325453 4020 0 0
8 325633 392 0 0
8 326089 20 0 0
8 326869 2143 0 0
8 326947 2301 0 0
8 327011 786 0 0
8 327456 4763 0 0
8 327658 2086 0 0
8 328007 102 0 0
8 328503 4811 0 0
8 328946 1622 0 0
8 328967 872 0 0
8 329070 4308 0 0
8 329242 1409 0 0
8 329705 2288 0 0
8 329725 3175 0 0
8 329811 1185 0 0
8 329969 312 0 0
8 330504 152 0 0
8 330578 634 0 0
8 330643 401 0 0
8 331197 2109 0 0
8 331429 2180 0 0
8 331743 2596 0 0
8 332161 1783 0 0
8 332503 3818 0 0
8 332596 205 0 0
8 332940 2219 0 0
8 333312 2697 0 0
8 333325 3886 0 0
8 333566 427 0 0
8 333623 3510 0 0
8 333876 2506 0 0
8 334047 1438 0 0
8 334069 2082 0 0
8 334213 2273 0 0
8 334524 1731 0 0
8 334659 4736 0 0
8 334661 2107 0 0
8 335432 709 0 0
8 335642 4003 0 0
8 336356 3834 0 0
8 338245 5371 0 0
8 339360 2756 0 0
8 339507 55 0 0
8 340499 3245 0 0
8 341421 2071 0 0
8 341770 666 0 0
8 342867 5738 0 0
8 343398 945 0 0
8 344452 133 0 0
8 344925 784 0 0
8 346181 3709 0 0
8 348564 100 0 0
8 349544 3304 0 0
8 350376 234 0 0
8 352657 1550 0 0
8 353590 2926 0 0
8 353624 3598 0 0
8 353766 1500 0 0
8 354113 2730 0 0
8 356052 1544 0 0
8 357402 1044 0 0
8 358433 4837 0 0
8 358964 98 0 0
8 359842 749 0 0
8 360409 5370 0 0
8 363014 2357 0 0
8 363584 668 0 0
8 365214 1845 0 0
8 365712 5041 0 0
8 366607 2140 0 0
8 366790 1722 0 0
8 367017 1425 0 0
8 367412 394 0 0
8 367618 2240 0 0
8 368280 4534 0 0
8 370374 1054 0 0
8 374703 4256 0 0
8 377418 114 0 0
8 378798 623 0 0
8 379683 3649 0 0
8 380273 1626 0 0
8 382371 1740 0 0
8 383132 2023 0 0
8 384132 2040 0 0
8 385720 3977 0 0
8 387864 1557 0 0
8 387975 1538 0 0
8 388995 119 0 0
8 389456 5427 0 0
8 391580 2118 0 0
8 391993 1851 0 0
8 392206 828 0 0
8 392643 2745 0 0
8 394053 1475 0 0
8 394845 2289 0 0
8 395592 1086 0 0
8 396002 314 0 0
8 397475 903 0 0
8 397810 1050 0 0
8 399021 2669 0 0
8 399184 738 0 0
8 400046 1187 0 0
8 400071 87 0 0
8 400467 1395 0 0
8 400810 710 0 0
8 402343 5679 0 0
8 403054 4360 0 0
8 403132 668 0 0
8 403164 744 0 0
8 404279 1771 0 0
8 404306 1842 0 0
8 404634 102 0 0
8 405058 2287 0 0
8 405593 1635 0 0
8 405820 187 0 0
8 407196 1716 0 0
8 407945 609 0 0
8 408729 275 0 0
8 408938 1134 0 0
8 409323 2619 0 0
8 409499 40 0 0
8 409933 66 0 0
8 411549 5445 0 0
8 411799 4452 0 0
8 412043 2476 0 0
8 414071 975 0 0
8 415411 1260 0 0
8 415464 4721 0 0
8 415491 3026 0 0
8 415634 80 0 0
8 416286 1519 0 0
8 416511 2190 0 0
8 416943 546 0 0
8 417505 3958 0 0
8 418678 5783 0 0
8 419681 1095 0 0
8 420959 2605 0 0
8 421390 214 0 0
8 423365 4069 0 0
8 424087 461 0 0
8 426324 1261 0 0
8 428386 1952 0 0
8 428898 398 0 0
8 433002 198 0 0
8 433074 5419 0 0
8 433267 110 0 0
8 433824 5583 0 0
8 434549 1580 0 0
8 436220 2356 0 0
8 436608 2482 0 0
8 438736 600 0 0
8 439200 102 0 0
8 439268 906 0 0
8 439804 606 0 0
8 441924 537 0 0
8 443046 2741 0 0
8 443652 112 0 0
8 444501 2509 0 0
8 445535 2619 0 0
8 445537 5527 0 0
8 446657 252 0 0
8 447540 931 0 0
8 447653 1543 0 0
8 447827 4792 0 0
8 450590 4499 0 0
8 451312 1070 0 0
8 451360 1435 0 0
8 454468 1980 0 0
8 454539 5647 0 0
8 456367 416 0 0
8 456663 352 0 0
8 457177 109 0 0
8 459423 4451 0 0
8 460243 2688 0 0
8 460775 5023 0 0
8 460798 243 0 0
8 460822 156 0 0
8 461195 2577 0 0
8 461226 20 0 0
8 461538 294 0 0
8 462439 1162 0 0
8 462829 62 0 0
8 462913 272 0 0
8 463900 5704 0 0
8 464632 258 0 0
8 464934 355 0 0
8 465468 4717 0 0
8 466655 33 0 0
8 468317 3047 0 0
8 468557 466 0 0
8 468742 5607 0 0
8 469204 747 0 0
8 469523 162 0 0
8 469564 2008 0 0
8 471728 1344 0 0
8 471987 2266 0 0
8 472999 5536 0 0
8 473256 3665 0 0
8 473670 385 0 0
8 473998 4365 0 0
8 474062 314 0 0
8 475015 1071 0 0
8 476814 2598 0 0
8 476946 428 0 0
8 477076 223 0 0
8 477655 1295 0 0
8 478995 5364 0 0
8 479190 4522 0 0
8 479599 3099 0 0
8 479609 3247 0 0
8 481267 1316 0 0
8 481661 3796 0 0
8 482271 2390 0 0
8 482595 32 0 0
8 483162 4023 0 0
8 484135 2590 0 0
8 484266 1279 0 0
8 484485 2153 0 0
8 485626 124 0 0
8 486349 1086 0 0
8 486687 2265 0 0
8 487177 212 0 0
8 488087 89 0 0
8 488220 2219 0 0
8 488236 934 0 0
8 488354 3262 0 0
8 488490 154 0 0
8 488547 64 0 0
8 489229 76 0 0
8 489806 2162 0 0
8 489839 5105 0 0
8 490306 2126 0 0
8 490705 1290 0 0
8 490875 2712 0 0
8 491150 1428 0 0
8 492118 1217 0 0
8 492303 4085 0 0
8 492424 3356 0 0
8 492534 2767 0 0
8 494613 1725 0 0
8 494985 489 0 0
8 495035 5001 0 0
8 495562 2526 0 0
8 495808 1411 0 0
8 496020 2601 0 0
8 496209 172 0 0
8 496659 49 0 0
8 499473 1630 0 0
8 499709 5764 0 0
8 499961 810 0 0
8 500745 4139 0 0
8 501440 4277 0 0
8 503157 4495 0 0
8 503613 759 0 0
8 503972 452 0 0
8 504149 2118 0 0
8 507315 253 0 0
8 507982 136 0 0
8 509030 4548 0 0
8 509097 1321 0 0
8 509170 3669 0 0
8 509933 3264 0 0
8 511373 4166 0 0
8 512185 488 0 0
8 513258 2551 0 0
8 513543 3097 0 0
8 516517 5336 0 0
8 535843 4310 0 0
8 540704 3283 0 0
8 542454 3839 0 0
8 543304 3401 0 0
8 543535 273 0 0
8 544970 313 0 0
8 545098 34 0 0
8 546222 3078 0 0
8 548636 1381 0 0
8 550282 429 0 0
8 551698 450 0 0
8 556084 2084 0 0
8 566316 2168 0 0
8 566422 4168 0 0
8 573122 4249 0 0
8 573360 44 0 0
8 577386 1335 0 0
8 578933 1185 0 0
8 582508 2254 0 0
8 585146 1812 0 0
8 585400 1428 0 0
8 586287 316 0 0
8 587187 581 0 0
8 587996 4949 0 0
8 588584 5558 0 0
8 590223 207 0 0
8 593263 5524 0 0
8 593661 5365 0 0
8 594726 2012 0 0
8 595650 4112 0 0
8 595909 714 0 0
8 599199 2186 0 0
8 601572 1828 0 0
8 603078 3342 0 0
8 603720 317 0 0
8 605676 2480 0 0
8 606184 1833 0 0
8 609255 3189 0 0
8 613680 3908 0 0
8 614659 5042 0 0
8 614762 2590 0 0
8 615183 3102 0 0
8 615384 2216 0 0
8 619316 3086 0 0
8 619573 1021 0 0
8 620596 3518 0 0
8 620688 197 0 0
8 620762 3190 0 0
8 620960 4465 0 0
8 621040 2662 0 0
8 621178 233 0 0
8 621824 762 0 0
8 622248 1099 0 0
8 622860 923 0 0
8 623992 2081 0 0
8 626958 1475 0 0
8 627304 4815 0 0
8 627510 1462 0 0
8 627647 2880 0 0
8 627684 876 0 0
8 629927 3651 0 0
8 630097 71 0 0
8 630373 3115 0 0
8 631602 1636 0 0
8 632375 3599 0 0
8 633814 703 0 0
8 634609 3838 0 0
8 634748 105 0 0
8 635040 2426 0 0
8 636033 210 0 0
8 636210 111 0 0
8 639816 512 0 0
8 645411 511 0 0
8 645509 2547 0 0
8 645575 3805 0 0
8 646437 364 0 0
8 646868 317 0 0
8 647596 2425 0 0
8 648563 2105 0 0
8 649326 717 0 0
8 655145 4926 0 0
8 655646 858 0 0
8 660413 4525 0 0
8 661251 2287 0 0
8 661324 1208 0 0
8 664193 2124 0 0
8 664499 2545 0 0
8 667616 139 0 0
8 669940 191 0 0
8 674903 1175 0 0
8 675038 1985 0 0
8 675487 2186 0 0
8 675545 154 0 0
8 676010 4238 0 0
8 676169 3363 0 0
8 677360 2633 0 0
8 678761 81 0 0
8 678776 289 0 0
8 679142 860 0 0
8 679536 4887 0 0
8 679878 537 0 0
8 680651 1837 0 0
8 681603 2242 0 0
8 683076 2112 0 0
8 684113 26 0 0
8 684168 252 0 0
8 684630 1198 0 0
8 684856 5630 0 0
8 685013 510 0 0
8 687500 2169 0 0
8 687956 1465 0 0
8 691165 2697 0 0
8 691978 692 0 0
8 692283 3585 0 0
8 694749 67 0 0
8 696205 723 0 0
8 696356 1154 0 0
8 698843 4295 0 0
8 699789 3327 0 0
8 702273 482 0 0
8 704937 5611 0 0
8 707298 3451 0 0
8 711362 3847 0 0
8 711534 190 0 0
8 711836 2342 0 0
8 711980 2925 0 0
8 712712 3042 0 0
8 712739 807 0 0
8 712762 456 0 0
8 713645 5383 0 0
8 714486 2146 0 0
8 715126 207 0 0
8 715530 453 0 0
8 716265 2206 0 0
8 717412 2095 0 0
8 717536 2375 0 0
8 717778 4484 0 0
8 717788 5636 0 0
8 718501 815 0 0
8 718530 1248 0 0
8 718564 660 0 0
8 719799 4032 0 0
8 720484 1194 0 0
8 720649 428 0 0
8 720999 1563 0 0
8 721106 1723 0 0
8 723025 344 0 0
8 724607 2446 0 0
8 725255 4444 0 0
8 725595 5708 0 0
8 728850 5664 0 0
8 731741 4655 0 0
8 733346 4560 0 0
8 733597 827 0 0
8 733609 106 0 0
8 736301 1498 0 0
8 736318 417 0 0
8 737434 3905 0 0
8 737817 4059 0 0
8 737992 63 0 0
8 740118 686 0 0
8 742390 889 0 0
8 743705 5160 0 0
8 746824 1581 0 0
8 746954 434 0 0
8 751594 855 0 0
8 754521 116 0 0
8 755336 4789 0 0
8 756596 345 0 0
8 757089 124 0 0
8 757236 1601 0 0
8 757324 1857 0 0
8 757370 118 0 0
8 757577 3570 0 0
8 757595 4241 0 0
8 757671 16 0 0
8 757937 2419 0 0
8 758006 616 0 0
8 759093 514 0 0
8 759435 797 0 0
8 760360 287 0 0
8 762738 2068 0 0
8 763120 2323 0 0
8 765429 4091 0 0
8 766818 4709 0 0
8 768377 1089 0 0
8 769426 216 0 0
8 770117 1053 0 0
8 771356 1516 0 0
8 772254 1276 0 0
8 774168 473 0 0
8 777287 3269 0 0
8 777724 694 0 0
8 778627 1762 0 0
8 779173 1928 0 0
8 779368 4491 0 0
8 779498 4869 0 0
8 779817 1259 0 0
8 780279 5324 0 0
8 780520 324 0 0
8 781109 2881 0 0
8 781440 48 0 0
8 781780 984 0 0
8 781788 450 0 0
8 781794 412 0 0
8 782443 773 0 0
8 782482 2102 0 0
8 782745 727 0 0
8 782775 1496 0 0
8 783034 992 0 0
8 783218 337 0 0
8 783321 3315 0 0
8 783936 599 0 0
8 784145 178 0 0
8 784288 612 0 0
8 784560 620 0 0
8 784697 732 0 0
8 784746 61 0 0
8 784808 4491 0 0
8 785297 2123 0 0
8 785488 2294 0 0
8 785678 974 0 0
8 785880 4371 0 0
8 786435 2242 0 0
8 786483 933 0 0
8 786941 2215 0 0
8 787159 251 0 0
8 787327 506 0 0
8 787651 4309 0 0
8 788415 183 0 0
8 789026 240 0 0
8 789195 2548 0 0
8 789655 178 0 0
8 789691 4941 0 0
8 790061 893 0 0
8 790437 2870 0 0
8 790814 3214 0 0
8 791042 63 0 0
8 791994 5225 0 0
8 792194 2464 0 0
8 792386 2188 0 0
8 792585 1279 0 0
8 793567 640 0 0
8 795011 462 0 0
8 795520 2512 0 0
8 797284 2920 0 0
8 797563 1837 0 0
8 798819 3815 0 0
8 799294 36 0 0
8 799439 122 0 0
8 800159 921 0 0
8 801222 1564 0 0
8 801396 1224 0 0
8 801755 1002 0 0
8 801839 693 0 0
8 801907 879 0 0
8 802524 1550 0 0
8 803338 153 0 0
8 804074 407 0 0
8 804426 4886 0 0
8 806819 209 0 0
8 807126 202 0 0
8 807194 455 0 0
8 807196 734 0 0
8 809090 367 0 0
8 809430 12 0 0
8 809455 16 0 0
8 809483 19 0 0
8 809495 20 0 0
8 809506 20 0 0
8 809513 21 0 0
8 809535 24 0 0
8 809539 24 0 0
8 809541 24 0 0
8 809557 27 0 0
8 809559 28 0 0
8 809561 28 0 0
8 809566 29 0 0
8 809568 29 0 0
8 809578 31 0 0
8 809584 33 0 0
8 809601 36 0 0
8 809609 36 0 0
8 809617 37 0 0
8 809619 37 0 0
8 809623 37 0 0
8 809627 38 0 0
8 809630 39 0 0
8 809648 40 0 0
8 809664 42 0 0
8 809672 44 0 0
8 809680 44 0 0
8 809683 45 0 0
8 809689 45 0 0
8 809707 47 0 0
8 809711 47 0 0
8 809713 47 0 0
8 809723 49 0 0
8 809725 49 0 0
8 809748 52 0 0
8 809750 52 0 0
8 809753 53 0 0
8 809761 55 0 0
8 809767 56 0 0
8 809780 58 0 0
8 809782 58 0 0
8 809792 60 0 0
8 809825 63 0 0
8 809847 66 0 0
8 809859 68 0 0
8 809902 74 0 0
8 809928 77 0 0
8 809953 82 0 0
8 809955 82 0 0
8 810024 94 0 0
8 810028 95 0 0
8 810085 103 0 0
8 810089 104 0 0
8 810107 107 0 0
8 810145 111 0 0
8 810153 112 0 0
8 810174 115 0 0
8 810195 119 0 0
8 810199 119 0 0
8 810203 120 0 0
8 810206 122 0 0
8 810232 125 0 0
8 810243 127 0 0
8 810245 128 0 0
8 810252 131 0 0
8 810263 133 0 0
8 810270 134 0 0
8 810283 136 0 0
8 810301 141 0 0
8 810305 141 0 0
8 810324 145 0 0
8 810338 148 0 0
8 810343 149 0 0
8 810372 153 0 0
8 810403 157 0 0
8 810424 160 0 0
8 810435 162 0 0
8 810448 163 0 0
8 810453 164 0 0
8 810468 165 0 0
8 810474 166 0 0
8 810481 167 0 0
8 810485 184 0 0
8 810487 168 0 0
8 810495 170 0 0
8 810498 171 0 0
8 810527 175 0 0
8 810530 176 0 0
8 810563 183 0 0
8 810575 185 0 0
8 810595 189 0 0
8 810618 191 0 0
8 810693 201 0 0
8 810714 204 0 0
8 810729 206 0 0
8 810733 207 0 0
8 810787 215 0 0
8 810799 218 0 0
8 810831 224 0 0
8 810838 226 0 0
8 810842 226 0 0
8 810856 227 0 0
8 810879 231 0 0
8 810921 235 0 0
8 810933 237 0 0
8 810946 239 0 0
8 810953 241 0 0
8 810959 243 0 0
8 810969 245 0 0
8 810982 248 0 0
8 810986 248 0 0
8 810994 250 0 0
8 811000 251 0 0
8 811017 253 0 0
8 811034 255 0 0
8 811042 255 0 0
8 811064 260 0 0
8 811074 262 0 0
8 811077 262 0 0
8 811093 266 0 0
8 811120 273 0 0
8 811168 277 0 0
8 811174 278 0 0
8 811176 278 0 0
8 811184 280 0 0
8 811193 280 0 0
8 811201 281 0 0
8 811224 285 0 0
8 811244 288 0 0
8 811256 290 0 0
8 811273 293 0 0
8 811304 298 0 0
8 811332 305 0 0
8 811338 306 0 0
8 811346 308 0 0
8 811356 309 0 0
8 811384 313 0 0
8 811406 315 0 0
8 811447 320 0 0
8 811460 322 0 0
8 811502 327 0 0
8 811507 328 0 0
8 811538 332 0 0
8 811569 336 0 0
8 811609 343 0 0
8 811631 346 0 0
8 811663 2435 0 0
8 811692 357 0 0
8 811736 365 0 0
8 811746 366 0 0
8 811780 373 0 0
8 811796 374 0 0
8 811808 376 0 0
8 811810 376 0 0
8 811834 380 0 0
8 811838 381 0 0
8 811846 383 0 0
8 811850 384 0 0
8 811860 387 0 0
8 811948 405 0 0
8 811958 406 0 0
8 811964 407 0 0
8 811999 412 0 0
8 812003 413 0 0
8 812007 413 0 0
8 812011 414 0 0
8 812023 417 0 0
8 812038 419 0 0
8 812049 422 0 0
8 812076 542 0 0
8 812078 427 0 0
8 812129 435 0 0
8 812137 436 0 0
8 812141 444 0 0
8 812179 443 0 0
8 812193 445 0 0
8 812199 446 0 0
8 812205 447 0 0
8 812207 447 0 0
8 812216 450 0 0
8 812257 458 0 0
8 812281 461 0 0
8 812346 473 0 0
8 812354 475 0 0
8 812425 489 0 0
8 812429 490 0 0
8 812474 497 0 0
8 812492 499 0 0
8 812537 508 0 0
8 812546 509 0 0
8 812564 513 0 0
8 812594 517 0 0
8 812596 517 0 0
8 812635 524 0 0
8 812639 526 0 0
8 812659 531 0 0
8 812669 532 0 0
8 812713 542 0 0
8 812756 549 0 0
8 812770 552 0 0
8 812888 557 0 0
8 812896 559 0 0
8 812919 561 0 0
8 812923 3451 0 0
8 812948 729 0 0
8 812969 569 0 0
8 812990 573 0 0
8 813009 576 0 0
8 813011 576 0 0
8 813035 583 0 0
8 813056 587 0 0
8 813082 593 0 0
8 813086 593 0 0
8 813088 594 0 0
8 813114 599 0 0
8 813204 611 0 0
8 813224 616 0 0
8 813283 628 0 0
8 813330 636 0 0
8 813347 639 0 0
8 813364 643 0 0
8 813385 654 0 0
8 813396 655 0 0
8 813404 657 0 0
8 813479 671 0 0
8 813485 672 0 0
8 813506 676 0 0
8 813510 677 0 0
8 813522 678 0 0
8 813565 685 0 0
8 813609 694 0 0
8 813647 703 0 0
8 813650 703 0 0
8 813666 707 0 0
8 813678 709 0 0
8 813689 710 0 0
8 813748 720 0 0
8 813781 724 0 0
8 813785 725 0 0
8 813798 727 0 0
8 813812 730 0 0
8 813828 733 0 0
8 813869 738 0 0
8 813881 740 0 0
8 813884 741 0 0
8 813961 756 0 0
8 814001 767 0 0
8 814104 789 0 0
8 814111 790 0 0
8 814119 792 0 0
8 814123 793 0 0
8 814137 795 0 0
8 814139 796 0 0
8 814141 796 0 0
8 814207 810 0 0
8 814268 826 0 0
8 814364 842 0 0
8 814416 851 0 0
8 814441 859 0 0
8 814451 861 0 0
8 814487 873 0 0
8 814515 880 0 0
8 814564 890 0 0
8 814581 893 0 0
8 814583 4330 0 0
8 814617 902 0 0
8 814647 906 0 0
8 814653 906 0 0
8 814699 914 0 0
8 814754 1000 0 0
8 814830 948 0 0
8 814861 952 0 0
8 814931 960 0 0
8 815028 972 0 0
8 815030 972 0 0
8 815036 973 0 0
8 815042 974 0 0
8 815095 985 0 0
8 815097 985 0 0
8 815186 1001 0 0
8 815201 1004 0 0
8 815210 1007 0 0
8 815245 1014 0 0
8 815383 1032 0 0
8 815401 1037 0 0
8 815405 1039 0 0
8 815416 1041 0 0
8 815438 1046 0 0
8 815495 1055 0 0
8 815508 1057 0 0
8 815577 1070 0 0
8 815630 1078 0 0
8 815632 1078 0 0
8 815638 1079 0 0
8 815671 1084 0 0
8 815732 1093 0 0
8 815766 1101 0 0
8 815778 1103 0 0
8 815827 1112 0 0
8 815929 1129 0 0
8 815972 1137 0 0
8 815974 1138 0 0
8 815981 1139 0 0
8 816009 1144 0 0
8 816068 1156 0 0
8 816138 1176 0 0
8 816148 1178 0 0
8 816164 1180 0 0
8 816184 1185 0 0
8 816245 1194 0 0
8 816354 1213 0 0
8 816379 1218 0 0
8 816440 1228 0 0
8 816510 2434 0 0
8 816557 1254 0 0
8 816659 1282 0 0
8 816663 1278 0 0
8 816712 1287 0 0
8 816745 1297 0 0
8 816758 1300 0 0
8 816847 1315 0 0
8 816868 1319 0 0
8 816972 1339 0 0
8 816974 1415 0 0
8 817025 1348 0 0
8 817209 1384 0 0
8 817219 1386 0 0
8 817265 1392 0 0
8 817269 1392 0 0
8 817313 1402 0 0
8 817396 1483 0 0
8 817418 1426 0 0
8 817449 1429 0 0
8 817461 1433 0 0
8 817696 1477 0 0
8 817786 1499 0 0
8 817808 1504 0 0
8 817872 1519 0 0
8 817903 1525 0 0
8 817910 1528 0 0
8 817978 1618 0 0
8 818082 1562 0 0
8 818145 1573 0 0
8 818293 1599 0 0
8 818327 1606 0 0
8 818355 1612 0 0
8 818388 1617 0 0
8 818397 1618 0 0
8 818467 1630 0 0
8 818480 1634 0 0
8 818550 1650 0 0
8 818631 1665 0 0
8 818654 1669 0 0
8 818743 1683 0 0
8 818772 1688 0 0
8 818786 1691 0 0
8 818798 2159 0 0
8 818886 1711 0 0
8 819002 1734 0 0
8 819012 1737 0 0
8 819051 1745 0 0
8 819097 1753 0 0
8 819139 1762 0 0
8 819162 1766 0 0
8 819232 1782 0 0
8 819275 1791 0 0
8 819398 1812 0 0
8 819451 1821 0 0
8 819485 1832 0 0
8 819504 1834 0 0
8 819509 1835 0 0
8 819525 1839 0 0
8 819569 1848 0 0
8 819625 1859 0 0
8 819655 1871 0 0
8 819745 2162 0 0
8 819805 1893 0 0
8 819829 1897 0 0
8 819847 1902 0 0
8 819881 1911 0 0
8 819892 1917 0 0
8 819914 1917 0 0
8 819925 1918 0 0
8 819943 1922 0 0
8 819992 1937 0 0
8 820036 1945 0 0
8 820096 1955 0 0
8 820114 1960 0 0
8 820121 1961 0 0
8 820168 2150 0 0
8 820212 1981 0 0
8 820330 2007 0 0
8 820443 2036 0 0
8 820531 2061 0 0
8 820533 2062 0 0
8 820540 2064 0 0
8 820585 2073 0 0
8 820602 2077 0 0
8 820630 2084 0 0
8 820634 2145 0 0
8 820642 2086 0 0
8 820656 2088 0 0
8 820658 2089 0 0
8 820692 2095 0 0
8 820696 2095 0 0
8 820700 2097 0 0
8 820702 2098 0 0
8 820708 2100 0 0
8 820728 2102 0 0
8 820762 2107 0 0
8 820775 2109 0 0
8 820777 2110 0 0
8 820793 2115 0 0
8 820809 2118 0 0
8 820817 2120 0 0
8 820849 2126 0 0
8 820879 2131 0 0
8 820901 2133 0 0
8 820905 2133 0 0
8 820917 2136 0 0
8 820922 2137 0 0
8 820934 2138 0 0
8 820949 2141 0 0
8 820958 2144 0 0
8 820985 2147 0 0
8 820992 2149 0 0
8 820994 2149 0 0
8 821054 2159 0 0
8 821080 2164 0 0
8 821104 2168 0 0
8 821116 2169 0 0
8 821132 2171 0 0
8 821136 2172 0 0
8 821143 2173 0 0
8 821170 2177 0 0
8 821220 2187 0 0
8 821222 2200 0 0
8 821238 2188 0 0
8 821241 2189 0 0
8 821264 2192 0 0
8 821270 2193 0 0
8 821445 2221 0 0
8 821449 2222 0 0
8 821480 2229 0 0
8 821484 2231 0 0
8 821550 2244 0 0
8 821621 2259 0 0
8 821642 2264 0 0
8 821675 2268 0 0
8 821679 2269 0 0
8 821681 2270 0 0
8 821720 2280 0 0
8 821731 2283 0 0
8 821753 2286 0 0
8 821808 2294 0 0
8 821814 2294 0 0
8 821816 2295 0 0
8 821873 2306 0 0
8 821875 2306 0 0
8 821885 2310 0 0
8 821923 2321 0 0
8 821976 2333 0 0
8 821986 2334 0 0
8 822000 2337 0 0
8 822045 2348 0 0
8 822081 2356 0 0
8 822105 2360 0 0
8 822137 2366 0 0
8 822194 2375 0 0
8 822245 2384 0 0
8 822263 2386 0 0
8 822280 2389 0 0
8 822352 2400 0 0
8 822378 2403 0 0
8 822394 2405 0 0
8 822460 2421 0 0
8 822563 2442 0 0
8 822616 2451 0 0
8 822619 2452 0 0
8 822635 2454 0 0
8 822684 2463 0 0
8 822706 2467 0 0
8 822730 2474 0 0
8 822740 2475 0 0
8 822796 2485 0 0
8 822864 2497 0 0
8 822924 2505 0 0
8 823004 2519 0 0
8 823016 2520 0 0
8 823029 2523 0 0
8 823033 2523 0 0
8 823054 2528 0 0
8 823085 2534 0 0
8 823120 2541 0 0
8 823200 2553 0 0
8 823233 2561 0 0
8 823352 2589 0 0
8 823404 2608 0 0
8 823443 2810 0 0
8 823558 2627 0 0
8 823562 2629 0 0
8 823791 2652 0 0
8 823922 2681 0 0
8 823924 2681 0 0
8 823971 2696 0 0
8 823973 2688 0 0
8 824037 2697 0 0
8 824081 2707 0 0
8 824149 2721 0 0
8 824210 2736 0 0
8 824226 2741 0 0
8 824351 2772 0 0
8 824361 2775 0 0
8 824433 2789 0 0
8 824491 2801 0 0
8 824524 2809 0 0
8 824655 2838 0 0
8 824690 2847 0 0
8 824719 2857 0 0
8 824765 2866 0 0
8 824789 2870 0 0
8 824831 2879 0 0
8 824868 2889 0 0
8 824899 2895 0 0
8 824955 2906 0 0
8 824957 2906 0 0
8 825008 2916 0 0
8 825053 2925 0 0
8 825149 2947 0 0
8 825221 2959 0 0
8 825346 2983 0 0
8 825362 2989 0 0
8 825376 2992 0 0
8 825724 3082 0 0
8 825789 3095 0 0
8 825848 3112 0 0
8 825909 3127 0 0
8 825947 3135 0 0
8 825960 3139 0 0
8 826029 3159 0 0
8 826365 3199 0 0
8 826374 3200 0 0
8 826400 3206 0 0
8 826404 3207 0 0
8 826423 3213 0 0
8 826560 3246 0 0
8 826562 3246 0 0
8 826566 3247 0 0
8 826583 3251 0 0
8 826585 3251 0 0
8 826623 3260 0 0
8 826628 3261 0 0
8 826670 3632 0 0
8 826674 3274 0 0
8 826689 3279 0 0
8 826708 3282 0 0
8 826764 3294 0 0
8 826817 3312 0 0
8 826945 3354 0 0
8 826981 3364 0 0
8 827020 3373 0 0
8 827032 3374 0 0
8 827119 3391 0 0
8 827170 3404 0 0
8 827182 3407 0 0
8 827250 3422 0 0
8 827300 3428 0 0
8 827329 3434 0 0
8 827341 3439 0 0
8 827353 3441 0 0
8 827406 3452 0 0
8 827413 3453 0 0
8 827506 3478 0 0
8 827588 3495 0 0
8 827664 3515 0 0
8 827677 3518 0 0
8 827715 3527 0 0
8 827790 3544 0 0
8 827816 3549 0 0
8 827882 3564 0 0
8 827894 3568 0 0
8 827898 3570 0 0
8 827915 3573 0 0
8 827925 3574 0 0
8 827980 3588 0 0
8 827984 3589 0 0
8 828087 3610 0 0
8 828092 3610 0 0
8 828177 3630 0 0
8 828262 3652 0 0
8 828311 3668 0 0
8 828321 3670 0 0
8 828678 3768 0 0
8 828703 3778 0 0
8 828753 3792 0 0
8 828845 3816 0 0
8 828942 3834 0 0
8 828961 3838 0 0
8 828965 3838 0 0
8 829107 3875 0 0
8 829127 3880 0 0
8 829138 4098 0 0
8 829254 3910 0 0
8 829315 3925 0 0
8 829382 3942 0 0
8 829400 3948 0 0
8 829415 3953 0 0
8 829451 3960 0 0
8 829478 3965 0 0
8 829492 3968 0 0
8 829511 4049 0 0
8 829587 3989 0 0
8 829591 3990 0 0
8 829613 3994 0 0
8 829625 3997 0 0
8 829657 4004 0 0
8 829695 4013 0 0
8 829701 4014 0 0
8 829765 4028 0 0
8 829772 4029 0 0
8 829778 4030 0 0
8 829819 4040 0 0
8 829832 4042 0 0
8 829838 4043 0 0
8 829850 4047 0 0
8 829936 4069 0 0
8 829946 4071 0 0
8 830067 4101 0 0
8 830144 4118 0 0
8 830169 4124 0 0
8 830204 4133 0 0
8 830309 4153 0 0
8 830317 4155 0 0
8 830803 4261 0 0
8 830912 4287 0 0
8 830969 4303 0 0
8 830983 4305 0 0
8 831063 4323 0 0
8 831150 4343 0 0
8 831200 4353 0 0
8 831228 4358 0 0
8 831326 4373 0 0
8 831360 4379 0 0
8 831405 4387 0 0
8 831416 4630 0 0
8 831491 4409 0 0
8 831567 4429 0 0
8 831591 4434 0 0
8 831601 4436 0 0
8 831707 4457 0 0
8 831746 4463 0 0
8 831766 4467 0 0
8 831783 4473 0 0
8 831838 4483 0 0
8 831936 4506 0 0
8 831950 4510 0 0
8 832046 4532 0 0
8 832078 4537 0 0
8 832195 4572 0 0
8 832211 4580 0 0
8 832490 4653 0 0
8 832494 4653 0 0
8 832551 4668 0 0
8 832857 4820 0 0
8 832930 4774 0 0
8 832934 4774 0 0
8 832965 4781 0 0
8 833027 4796 0 0
8 833060 4806 0 0
8 833269 4855 0 0
8 833428 4893 0 0
8 833430 4894 0 0
8 833472 4903 0 0
8 833577 4925 0 0
8 833609 4934 0 0
8 833675 4947 0 0
8 833683 4948 0 0
8 833733 4961 0 0
8 833818 4980 0 0
8 833930 5018 0 0
8 833944 5033 0 0
8 834030 5039 0 0
8 834087 5057 0 0
8 834146 5074 0 0
8 834165 5078 0 0
8 834434 5155 0 0
8 834504 5176 0 0
8 834521 5181 0 0
8 834534 5185 0 0
8 834619 5214 0 0
8 834699 5237 0 0
8 834703 5238 0 0
8 834709 5238 0 0
8 834731 5243 0 0
8 834891 5287 0 0
8 834945 5300 0 0
8 835009 5315 0 0
8 835031 5320 0 0
8 835044 5323 0 0
8 835143 5347 0 0
8 835243 5370 0 0
8 835392 5406 0 0
8 835521 5441 0 0
8 835886 5544 0 0
8 835982 5567 0 0
8 836072 5593 0 0
8 836106 5603 0 0
8 836170 5624 0 0
8 836296 5657 0 0
8 836335 5669 0 0
8 836519 5724 0 0
8 836521 5724 0 0
8 836587 5743 0 0
8 836670 5768 0 0
13 493261 0 17 0
96 826 0 481 0
96 2181 0 848 0
175 11175 919 0 0
175 64556 312 0 0
175 378828 219 0 0
175 832591 161 0 0
175 835263 854 0 0
194 724 163 0 0
194 4331 3369 0 0
194 5689 533 0 0
194 5938 228 0 0
194 7361 1363 0 0
194 8635 1149 0 0
194 16568 36 0 0
194 18043 2444 0 0
194 24913 3596 0 0
194 30569 2476 0 0
194 42166 647 0 0
194 46484 378 0 0
194 55206 3399 0 0
194 70032 1520 0 0
194 76594 694 0 0
194 78302 240 0 0
194 79411 288 0 0
194 85436 681 0 0
194 87030 1458 0 0
194 142682 282 0 0
194 208700 836 0 0
194 266073 351 0 0
194 284298 161 0 0
194 364824 3323 0 0
194 577146 174 0 0
194 629668 1258 0 0
194 679789 3507 0 0
194 728963 3671 0 0
194 775532 938 0 0
194 818010 8 0 0
194 819381 273 0 0
194 820140 426 0 0
194 822302 854 0 0
194 822555 902 0 0
194 823025 984 0 0
194 823229 1021 0 0
194 824845 1345 0 0
194 825175 1413 0 0
194 826730 1748 0 0
194 828016 2058 0 0
194 828500 2184 0 0
194 832008 2986 0 0
194 834157 3539 0 0
194 835590 3919 0 0
267348 819413 90 0 0
267348 823528 895 0 0
267348 825480 1296 0 0
801656 833383 3569 0 0
302 1114 27 0 0
302 18733 26 0 0
302 23044 9 0 0
302 134251 6 0 0
302 134260 14 0 0
302 164045 34 0 0
302 170682 36 0 0
302 245444 9 0 0
302 263127 13 0 0
302 316925 10 0 0
302 430867 7 0 0
302 779247 22 0 0
302 780035 16 0 0
302 782299 41 0 0
302 814805 11 0 0
302 830029 43 0 0
302 831193 6 0 0
302 831202 7 0 0
302 831206 8 0 0
302 831222 10 0 0
302 831249 16 0 0
302 831291 23 0 0
302 831303 24 0 0
302 831322 27 0 0
302 831342 30 0 0
302 831429 45 0 0
302 831455 51 0 0
302 831468 55 0 0
303 13665 0 114 0
322 39521 0 252 0
322 41700 0 1379 0
322 69959 0 35 0
322 88719 0 1089 0
322 241335 0 136 0
322 263349 0 339 0
322 298568 0 823 0
322 406869 0 307 0
322 442839 0 1116 0
322 565705 0 94 0
322 571697 0 147 0
322 715047 0 609 0
322 817957 0 206 0
322 826384 0 879 0
322 826891 0 1148 0
322 826925 0 1133 0
322 827135 0 1048 0
322 827459 0 965 0
322 827908 0 816 0
322 828125 0 748 0
322 828789 0 506 0
322 828946 0 458 0
322 829067 0 409 0
322 829333 0 317 0
322 830029 0 58 0
322 830246 0 47 0
322 831026 0 526 0
801904 803134 31 0 0
801904 803138 31 0 0
801904 803144 27 0 0
801904 803151 300 0 0
801904 803153 300 0 0
801904 803155 300 0 0
801904 803157 300 0 0
801904 803159 301 0 0
801904 803161 300 0 0
801904 803163 300 0 0
801904 803165 300 0 0
801904 803167 300 0 0
801904 803169 301 0 0
801904 803171 300 0 0
801904 803173 300 0 0
801904 803175 300 0 0
801904 803177 300 0 0
801904 803179 301 0 0
801904 803181 300 0 0
801904 803183 301 0 0
801904 803185 300 0 0
801904 803187 300 0 0
801904 803189 300 0 0
801904 803191 300 0 0
801904 803193 300 0 0
801904 803195 300 0 0
801904 803197 300 0 0
801904 803199 300 0 0
801904 803201 300 0 0
801904 803203 300 0 0
801904 803205 300 0 0
801904 803207 300 0 0
801904 803209 38 0 0
801904 803211 38 0 0
801904 803213 38 0 0
801904 803215 38 0 0
801904 803217 38 0 0
801904 803237 41 0 0
801904 803241 41 0 0
801904 803243 41 0 0
801904 803245 41 0 0
801904 803247 41 0 0
801904 803249 41 0 0
801904 803251 41 0 0
801904 803253 39 0 0
801904 803257 31 0 0
801904 803259 31 0 0
801904 803263 32 0 0
801904 803265 32 0 0
801904 803267 33 0 0
801904 803269 33 0 0
801904 803271 33 0 0
801904 803273 33 0 0
801904 803275 33 0 0
801904 803279 33 0 0
801904 803281 33 0 0
801904 803285 33 0 0
801904 803288 33 0 0
801904 803290 33 0 0
801904 803292 34 0 0
801904 803294 34 0 0
801904 803298 33 0 0
801904 803307 41 0 0
801904 803309 41 0 0
801904 803357 1176 0 0
801904 803556 23 0 0
801904 803626 50 0 0
801904 803628 50 0 0
801904 803821 42 0 0
801904 803823 115 0 0
801904 803825 115 0 0
801904 803827 115 0 0
801904 803847 56 0 0
801904 803974 134 0 0
801904 803976 134 0 0
801904 803978 134 0 0
801904 803980 133 0 0
801904 803982 134 0 0
801904 804367 27 0 0
801904 804369 28 0 0
801904 804377 27 0 0
801904 804757 38 0 0
801904 804759 38 0 0
801904 804769 38 0 0
801904 804781 39 0 0
801904 804933 67 0 0
801904 804935 67 0 0
801904 805186 115 0 0
801904 805462 174 0 0
801904 805555 198 0 0
801904 805567 199 0 0
801904 805602 211 0 0
801904 805604 211 0 0
801904 805720 239 0 0
801904 805876 278 0 0
801904 806182 336 0 0
801904 806300 367 0 0
801904 806302 367 0 0
801904 806549 421 0 0
801904 807770 670 0 0
801904 807772 670 0 0
801904 807774 670 0 0
801904 807776 670 0 0
801904 807778 670 0 0
801904 807989 719 0 0
801904 808043 728 0 0
801904 808045 728 0 0
801904 808047 728 0 0
801904 808049 728 0 0
801904 808528 834 0 0
801904 808918 894 0 0
801904 809239 971 0 0
801904 809359 996 0 0
801904 809466 1015 0 0
801904 809469 1016 0 0
801904 809485 1017 0 0
801904 810201 1118 0 0
801904 810299 1139 0 0
801904 810696 1200 0 0
801904 810751 1207 0 0
801904 810753 1207 0 0
801904 810755 1207 0 0
801904 810759 1208 0 0
801904 810761 1207 0 0
801904 810890 1230 0 0
801904 812559 1510 0 0
801904 813171 1606 0 0
801904 813173 1606 0 0
801904 813175 1606 0 0
801904 813177 1606 0 0
801904 813179 1606 0 0
801904 813181 1606 0 0
801904 813183 1606 0 0
801904 813309 1631 0 0
801904 813315 1631 0 0
801904 813319 1632 0 0
801904 813341 1636 0 0
801904 813702 1711 0 0
801904 813704 1711 0 0
801904 813706 1711 0 0
801904 813708 1711 0 0
801904 813710 1711 0 0
801904 813712 1711 0 0
801904 813714 1711 0 0
801904 813716 1711 0 0
801904 813722 1711 0 0
801904 813724 1711 0 0
801904 814067 1776 0 0
801904 814449 1859 0 0
801904 814522 1879 0 0
801904 814810 1941 0 0
801904 814819 1942 0 0
801904 814872 1952 0 0
801904 814874 1952 0 0
801904 814876 1952 0 0
801904 814878 1952 0 0
801904 814880 1952 0 0
801904 814973 1963 0 0
801904 814975 1963 0 0
801904 814981 1964 0 0
801904 814985 1963 0 0
801904 814987 1964 0 0
801904 814989 1964 0 0
801904 814991 1964 0 0
801904 814993 1964 0 0
801904 814995 1964 0 0
801904 814997 1964 0 0
801904 814999 1964 0 0
801904 815609 2074 0 0
801904 815611 2074 0 0
801904 815613 2074 0 0
801904 815615 2074 0 0
801904 815966 2134 0 0
801904 816217 2188 0 0
801904 816226 2190 0 0
801904 816228 2190 0 0
801904 816235 2191 0 0
801904 816237 2191 0 0
801904 816239 2191 0 0
801904 816243 2192 0 0
801904 816248 2192 0 0
801904 816257 2194 0 0
801904 816261 2194 0 0
801904 816271 2195 0 0
801904 816419 2223 0 0
801904 816884 2319 0 0
801904 816889 2319 0 0
801904 816891 2319 0 0
801904 817385 2416 0 0
801904 817463 2432 0 0
801904 817471 2432 0 0
801904 817653 2465 0 0
801904 817976 2539 0 0
801904 818085 2561 0 0
801904 818099 2564 0 0
801904 818381 2614 0 0
801904 818909 2715 0 0
801904 818911 2715 0 0
801904 819937 2918 0 0
801904 820138 2961 0 0
801904 820863 3126 0 0
801904 821120 3167 0 0
801904 821128 3169 0 0
801904 821145 3171 0 0
801904 821149 3172 0 0
801904 821161 3173 0 0
801904 821180 3177 0 0
801904 821199 3182 0 0
801904 821203 3183 0 0
801904 821282 3193 0 0
801904 821305 3195 0 0
801904 821782 3288 0 0
801904 822438 3416 0 0
801904 822440 3416 0 0
801904 822442 3416 0 0
801904 822444 3416 0 0
801904 822446 3416 0 0
801904 822711 3465 0 0
801904 822873 3496 0 0
801904 822933 3504 0 0
801904 823255 3564 0 0
801904 823261 3566 0 0
801904 823272 3570 0 0
801904 823274 3571 0 0
801904 823594 3633 0 0
801904 823596 3633 0 0
801904 823600 3633 0 0
801904 823610 3635 0 0
801904 824567 3816 0 0
801904 825024 3917 0 0
801904 826070 4165 0 0
801904 826072 4165 0 0
801904 826082 4167 0 0
801904 826091 4167 0 0
801904 826105 4168 0 0
801904 826341 4194 0 0
801904 826349 4194 0 0
801904 826351 4194 0 0
801904 826966 4359 0 0
801904 827252 4421 0 0
801904 827254 4421 0 0
801904 827256 4421 0 0
801904 827500 4473 0 0
801904 827871 4560 0 0
801904 827873 4560 0 0
801904 827875 4560 0 0
801904 828430 4701 0 0
801904 828506 4721 0 0
801904 829632 4996 0 0
801904 829722 5017 0 0
801904 829739 5019 0 0
801904 829743 5020 0 0
801904 834072 6049 0 0
801904 834202 6089 0 0
801904 834204 6089 0 0
801904 834208 6090 0 0
801904 834441 6156 0 0
801904 834633 6216 0 0
801904 835375 6401 0 0
624 35576 268 0 0
624 39156 2531 0 0
624 80589 666 0 0
624 811182 786 0 0
713128 836094 3569 0 0
826 768638 633 0 0
802358 802770 86 0 0
1004 803799 0 815 0
357400 708685 0 2429 0
1239 570828 0 99 0
802628 802782 28 0 0
1261 12559 150 317 0
1261 13125 0 703 0
1261 583774 0 4346 0
1261 765915 0 323 0
802739 820057 3270 0 0
1442 256662 0 520 0
1465 748901 0 426 0
1465 830120 0 549 0
802837 811735 0 173 0
1551 399006 0 618 0
802923 803856 177 0 0
802954 822903 3783 0 0
803144 825531 0 154 0
803151 825531 0 154 0
803153 825531 0 155 0
803155 825531 0 155 0
803157 825531 0 155 0
803159 825531 0 155 0
803161 825531 0 154 0
803163 825531 0 155 0
803165 825531 0 155 0
803167 825531 0 155 0
803169 825531 0 155 0
803171 825531 0 155 0
803173 825531 0 155 0
803175 825531 0 155 0
803177 825531 0 155 0
803179 825531 0 154 0
803183 825531 0 155 0
803185 825531 0 155 0
803187 825531 0 155 0
803189 825531 0 155 0
803191 825531 0 155 0
803193 825531 0 155 0
803195 825531 0 155 0
803197 825531 0 154 0
803199 825531 0 155 0
803203 825531 0 155 0
803205 825531 0 154 0
803207 825531 0 155 0
1842 26632 0 11 0
1875 267348 0 889 0
803257 825531 0 153 0
803259 825531 0 153 0
803267 825531 0 155 0
803269 825531 0 155 0
803271 825531 0 154 0
803273 825531 0 155 0
803275 825531 0 154 0
1910 583774 0 4762 0
1916 394638 0 1993 0
803290 825531 0 155 0
803294 825531 0 155 0
803298 825531 0 155 0
269058 410648 0 792 0
803307 825531 0 153 0
803309 825531 0 153 0
803357 825531 0 154 0
2011 748901 0 38 0
2091 748901 0 146 0
2091 836040 0 32 0
2102 2941 3528 0 0
2102 8635 3441 0 0
2102 410528 2222 0 0
2102 447563 8 0 0
2102 810955 1113 0 0
2181 50622 13 0 0
2267 10926 0 374 0
803754 804248 58 0 0
803754 804570 119 0 0
803799 804157 61 0 0
803799 804677 154 0 0
803799 805102 222 0 0
803799 807052 643 0 0
803823 825531 0 154 0
803825 825531 0 154 0
803827 825531 0 154 0
2486 59926 6914 0 0
2486 82601 23 0 0
2486 92378 125 0 0
2486 92426 139 0 0
2486 92460 153 0 0
2486 92505 172 0 0
2486 92608 182 0 0
2486 92663 209 0 0
2486 92797 242 0 0
2486 92836 252 0 0
2486 93101 5775 0 0
2486 119339 1624 0 0
2486 130735 402 0 0
625795 810023 0 785 0
2518 821125 0 1915 0
2577 190952 0 143 0
2577 303984 0 135 0
2577 832481 0 269 0
804093 815279 2090 0 0
180818 823501 612 0 0
3015 546196 0 275 0
3230 570828 0 287 0
3319 267348 0 2904 0
3574 410648 0 3672 0
804993 805744 0 65 0
804993 807587 0 570 0
804993 810297 269 0 0
805021 807798 590 0 0
805186 825531 0 154 0
271021 712103 354 0 0
3960 821982 0 1076 0
93140 831357 0 387 0
4161 828650 116 0 0
4225 4351 0 1553 0
805610 805745 35 0 0
805610 806407 291 0 0
805610 811300 1084 0 0
4255 12078 1087 0 0
4255 58030 1225 0 0
4255 90686 185 0 0
4255 537769 451 0 0
4255 823048 12 0 0
93310 94537 1890 0 0
93310 151815 1011 0 0
93310 548594 581 0 0
93310 822937 150 0 0
93310 823149 188 0 0
93310 824803 516 0 0
93310 825338 625 0 0
93310 825538 681 0 0
93310 826782 947 0 0
93310 827028 1016 0 0
93310 827639 1151 0 0
93310 830817 1907 0 0
805664 815720 1869 194 0
4311 18572 5999 0 0
4351 4388 8 0 0
4351 4483 20 0 0
4351 4737 16 0 0
4351 7361 3348 0 0
4351 7657 219 0 0
4351 14054 158 0 0
4351 20855 11 0 0
4351 28525 436 0 0
4351 38195 47 0 0
4351 41319 48 0 0
4351 42443 338 0 0
4351 54501 160 0 0
4351 55470 2141 0 0
4351 56458 295 0 0
4351 56864 252 0 0
4351 62365 901 0 0
4351 88807 1103 0 0
4351 90232 1576 0 0
4351 98558 2489 0 0
4351 130774 3466 0 0
4351 148805 103 0 0
4351 164897 131 0 0
4351 182054 734 0 0
4351 228809 534 0 0
4351 238948 792 0 0
4351 242927 25 0 0
4351 256250 3112 0 0
4351 261469 1676 0 0
4351 289712 2002 0 0
4351 293537 13 0 0
4351 294625 5639 0 0
4351 295647 1048 0 0
4351 304855 3303 0 0
4351 329451 42 0 0
4351 355182 5756 0 0
4351 392953 12 0 0
4351 399919 149 0 0
4351 400504 4005 0 0
4351 403251 32 0 0
4351 403659 960 0 0
4351 419482 1268 0 0
4351 483918 5054 0 0
4351 512946 10 0 0
4351 590219 24 0 0
4351 610476 1757 0 0
4351 678359 469 0 0
4351 733000 27 0 0
4351 770505 34 0 0
4351 788556 27 0 0
4351 788863 67 0 0
4351 789026 664 0 0
4351 792502 6093 0 0
4351 794301 746 0 0
4351 807093 77 0 0
4351 807194 12 0 0
4351 807204 13 0 0
4351 807206 14 0 0
4351 807210 14 0 0
4351 807216 15 0 0
4351 807218 15 0 0
4351 807220 15 0 0
4351 807235 17 0 0
4351 807254 21 0 0
4351 807258 22 0 0
4351 807266 23 0 0
4351 807283 27 0 0
4351 807291 28 0 0
4351 807298 30 0 0
4351 807300 30 0 0
4351 807363 44 0 0
4351 807454 62 0 0
4351 807482 67 0 0
4351 807504 72 0 0
4351 807844 140 0 0
4351 808031 186 0 0
4351 808074 194 0 0
4351 808128 206 0 0
4351 808165 1263 0 0
4351 808303 243 0 0
4351 808505 289 0 0
4351 809224 425 0 0
4351 809320 447 0 0
4351 809394 465 0 0
4351 809879 527 0 0
4351 810483 624 0 0
4351 810569 640 0 0
4351 810805 676 0 0
4351 810908 690 0 0
4351 811195 738 0 0
4351 811588 798 0 0
4351 812103 887 0 0
4351 812533 964 0 0
4351 813045 1042 0 0
4351 813945 1208 0 0
4351 814422 1311 0 0
4351 814560 1346 0 0
4351 818589 2115 0 0
4351 818847 2161 0 0
4351 821274 2651 0 0
4351 823235 3018 0 0
4351 823909 3136 0 0
4351 824457 3296 0 0
4351 835072 5788 0 0
805723 807075 0 33 0
4388 416053 0 11 0
4474 11731 3306 0 0
4474 44785 51 0 0
4474 55823 346 0 0
4474 56240 64 0 0
4474 270002 12789 0 0
4474 756521 4010 0 0
4474 806885 333 0 0
4474 812633 83 0 0
4474 825833 2666 0 0
4474 827759 3096 0 0
4474 830796 3818 0 0
4519 410648 0 4119 0
716965 822063 846 0 0
716965 822312 888 0 0
4684 803799 0 127 0
806182 825531 0 157 0
4853 39156 1199 0 0
4853 796502 23 0 0
4853 825857 171 0 0
4941 12078 5005 0 0
4946 827717 0 256 0
806318 811350 938 0 0
628284 805610 0 404 0
806442 806443 0 84 0
5142 20595 24 0 0
5142 819111 237 0 0
5150 822059 120 0 0
806582 808236 346 0 0
5221 66883 1209 0 0
5221 278318 13 0 0
806670 817110 1920 0 0
806670 818019 2103 0 0
806682 808134 303 0 0
806682 808314 340 0 0
5330 12078 5120 0 0
5610 11694 0 80 0
5610 570828 0 1162 0
806981 808163 254 0 0
806981 808463 319 0 0
807054 835817 6003 0 0
807075 807131 16 0 0
807075 821970 2805 0 0
807237 809571 470 0 0
807324 829132 4306 0 0
6158 10277 0 2236 0
6247 24669 27 0 0
6247 312103 255 0 0
6247 531185 3542 0 0
6247 712103 65 0 0
6247 811656 187 0 0
6289 583774 0 252 0
6305 647698 0 10 0
6307 647698 0 10 0
6315 583774 0 252 0
6315 647698 0 10 0
6329 583774 0 253 0
6329 647698 0 10 0
6343 647698 0 10 0
6359 583774 0 252 0
6359 647698 0 10 0
184492 583774 0 252 0
184510 647698 0 10 0
6611 648791 0 9 0
6611 748901 0 315 0
6837 748901 0 2086 0
6917 14777 0 66 0
6917 42982 46 0 0
6917 62743 0 14 0
808423 808424 0 261 0
7135 748901 0 212 0
808521 808569 18 0 0
808521 808764 24 0 0
808521 808990 77 0 0
808521 809987 253 0 0
808521 810040 261 0 0
808521 810476 331 0 0
808521 813159 772 0 0
808521 813684 874 0 0
808521 819652 2029 0 0
808521 819749 2048 0 0
808521 823506 2782 0 0
808521 826461 3390 0 0
808521 836100 5766 0 0
808539 822134 2525 0 0
7249 10277 0 32 0
363519 570828 0 44 0
7361 801904 0 297 0
7361 810023 0 2801 0
7361 810415 0 2740 0
7393 17241 443 0 0
7393 509389 4454 0 0
7393 515934 711 0 0
7393 804100 186 0 0
7393 805139 366 0 0
7393 826932 4607 0 0
96480 168518 1098 0 0
96480 625740 1942 0 0
96480 769840 3043 0 0
96480 813058 670 0 0
7531 11357 0 479 0
274661 748901 0 816 0
808918 825531 0 161 0
808950 809035 21 0 0
274711 821795 0 1507 0
809062 817330 1477 0 0
809077 817379 1480 0 0
809103 811079 319 0 0
7947 647698 0 929 0
186118 411418 0 772 0
8496 286576 0 6627 0
8635 9494 0 2861 0
810023 810868 135 0 0
810023 811008 158 0 0
810023 811191 186 0 0
810023 811209 189 0 0
810023 811312 204 0 0
810023 811547 239 0 0
810023 811794 280 0 0
810023 811936 309 0 0
810023 811946 310 0 0
810023 811985 316 0 0
810023 811989 317 0 0
810023 812287 368 0 0
810023 812374 387 0 0
810023 812392 389 0 0
810023 812459 402 0 0
810023 812461 402 0 0
810023 812496 407 0 0
810023 812737 452 0 0
810023 812933 470 0 0
810023 813249 528 0 0
810023 813326 542 0 0
810023 813500 581 0 0
810023 813508 583 0 0
810023 813586 596 0 0
810023 813967 663 0 0
810023 814330 742 0 0
810023 814390 752 0 0
810023 814585 801 0 0
810023 814615 807 0 0
810023 814682 816 0 0
810023 814708 822 0 0
810023 814732 828 0 0
810023 814838 855 0 0
810023 815207 913 0 0
810023 815421 949 0 0
810023 815558 972 0 0
810023 815575 976 0 0
810023 815644 986 0 0
8676 196105 274 0 0
8676 340144 143 0 0
8676 428445 67 0 0
8676 476046 3886 0 0
8676 630789 2550 0 0
8676 666242 610 0 0
8676 812531 106 0 0
8676 813953 351 0 0
8676 819285 1390 0 0
8676 819931 1519 0 0
8676 821580 1850 0 0
8676 830651 3834 0 0
810201 825531 0 153 0
8866 821124 0 804 0
810291 810523 38 0 0
810291 824005 2555 0 0
8996 95028 145 0 0
8996 322495 165 0 0
8996 829191 251 0 0
810415 810521 16 0 0
810415 810598 30 0 0
810415 810665 38 0 0
810415 810712 45 0 0
810415 811500 168 0 0
810415 811596 183 0 0
810415 811887 233 0 0
810415 815269 859 0 0
810415 817488 1276 0 0
810415 818383 1457 0 0
810415 823513 2460 0 0
810415 830587 4063 0 0
810415 836230 5479 0 0
9077 810415 0 5557 0
98210 101324 0 622 0
543417 823428 0 83 0
9252 158180 0 1084 0
810751 825531 0 157 0
810753 825531 0 157 0
810755 825531 0 157 0
810759 825531 0 157 0
810761 825531 0 157 0
98510 583774 0 5387 0
9494 721106 1777 0 0
187722 823501 611 0 0
98881 835810 0 229 0
99083 833570 0 174 0
10127 259927 152 0 0
10148 142088 85 0 0
811524 830120 0 29 0
10277 10326 19 0 0
10277 11175 1032 0 0
10277 13452 8 0 0
10277 42230 2208 0 0
10277 45674 125 0 0
10277 64556 2074 0 0
10277 79769 6736 0 0
10277 180192 196 0 0
10277 229539 551 0 0
10277 271745 680 0 0
10277 310375 391 0 0
10277 761878 378 0 0
10277 765297 315 0 0
10277 802638 13 0 0
10277 805067 447 0 0
10326 744149 0 16 0
811735 822905 2138 0 0
811735 827761 3173 0 0
811953 830471 3784 0 0
10686 570828 0 1054 0
99730 647698 0 572 0
812275 813101 137 0 0
10926 812095 228 0 0
11119 748901 0 259 0
189378 570828 0 3015 0
11357 305330 21 0 0
11357 819835 176 0 0
11357 833067 597 0 0
11464 11694 0 75 0
11464 570828 0 1068 0
11467 11694 0 79 0
456699 570828 0 116 0
11519 411418 0 99 0
11694 86793 407 0 0
11694 464170 14 0 0
11694 806828 225 0 0
278840 810291 0 1467 0
11731 271021 0 1030 0
813103 815106 217 590 0
813103 823213 1198 0 0
813103 832327 483 0 0
11997 188830 263 0 0
457273 832434 0 689 0
12078 831473 0 127 0
12115 361347 0 161 0
279307 803799 0 5275 0
101324 820163 909 0 0
279471 688725 125 0 0
101397 819406 0 2256 0
813909 813997 20 0 0
12559 583774 0 4496 0
12565 346049 0 2040 0
814143 815302 225 0 0
12803 765915 0 1132 0
13125 170213 421 0 0
13125 831471 210 0 0
13125 832986 593 0 0
13125 833830 792 0 0
13429 28324 0 195 0
369821 824979 3750 0 0
13665 810209 46 0 0
191755 802954 0 3973 0
13797 817184 0 1044 0
13871 831036 0 328 0
13871 833570 248 132 0
14144 455950 0 0 0
815593 824349 1700 0 0
815737 827776 0 64 0
815737 834591 4112 0 0
14413 346049 0 756 0
815803 816999 237 0 0
637795 833107 73 0 0
815945 815988 8 0 0
815945 816628 136 0 0
815945 816822 178 0 0
815945 821420 1085 0 0
815945 824051 1569 0 0
815945 829246 2776 0 0
815966 825531 0 151 0
816023 816845 168 0 0
816023 818110 420 0 0
816023 830264 2999 0 0
816078 817634 307 0 0
816086 816402 61 0 0
816086 816635 110 0 0
816086 832252 3425 0 0
816086 832957 3618 0 0
816086 833441 3736 0 0
816086 833716 3796 0 0
816086 833877 3836 0 0
14777 62743 60 0 0
192993 819513 54 0 0
816289 825311 1778 0 0
816289 829875 2857 0 0
816289 830046 2897 0 0
816289 831847 3286 0 0
15048 748901 0 1574 0
816778 823089 1229 0 0
817184 821002 771 0 0
104989 512695 0 622 0
817422 818427 196 0 0
817423 820768 546 0 0
817427 834222 3670 0 0
817597 829891 2604 0 0
105353 570828 0 226 0
817831 822295 883 0 0
817831 830286 2642 0 0
817831 833985 3523 0 0
283764 570828 0 408 0
194882 799402 0 1393 0
283943 570828 0 3605 0
283943 648791 0 465 0
283943 818059 0 363 0
283943 833393 0 412 0
818193 820210 398 0 0
818193 835167 3771 0 0
105973 826662 61 0 0
106219 242104 3907 0 0
106219 824543 3907 0 0
17210 446795 0 95 0
195425 819994 0 478 0
818926 826542 1545 0 0
374011 821125 0 1385 0
17976 50960 0 22 0
196153 824639 110 0 0
196153 835339 2668 0 0
374414 410648 0 3244 0
18257 801904 0 6339 0
18263 801904 0 6340 0
18265 801904 0 6339 0
18269 801904 0 6339 0
18273 801904 0 6340 0
18275 801904 0 6340 0
18277 801904 0 6340 0
18285 801904 0 6340 0
196395 829159 171 0 0
18371 801904 0 1217 0
820142 820574 108 0 0
375087 411418 0 258 0
820513 823289 522 0 0
108212 570828 0 1484 0
820542 821888 85 0 0
820604 820799 40 0 0
464548 809881 15 0 0
286576 325213 19 0 0
286576 779136 5013 0 0
19487 826815 0 520 0
642941 803799 154 491 0
642980 707849 95 0 0
642980 824470 2605 0 0
19735 748901 0 172 0
821151 825861 901 0 0
821641 827997 1328 0 0
465564 824543 95 0 0
20463 831546 1267 0 0
821887 823521 309 0 0
20595 827470 0 1029 0
821982 823814 323 0 0
821982 823821 327 0 0
821982 824495 468 0 0
733334 822817 0 402 0
21143 808449 0 101 0
822708 829065 1394 0 0
822817 823058 40 0 0
822817 823245 0 47 0
822817 824343 281 0 0
822817 824911 410 0 0
822817 825600 565 0 0
822817 835274 2889 0 0
822817 835868 3051 0 0
110671 820180 0 543 0
21864 410648 0 646 0
823428 823999 90 0 0
823428 824643 234 0 0
823428 826592 651 0 0
823428 828565 1136 0 0
823428 832364 2013 0 0
823428 834720 2638 0 0
22067 708685 0 176 0
22094 24667 0 77 0
823614 828337 1037 0 0
823614 836545 3093 0 0
823783 824238 91 0 0
824060 826542 323 0 0
111918 803799 0 1235 0
824256 824328 43 0 0
201016 810415 0 500 0
22996 410648 0 1012 0
735398 735725 110 0 0
735398 736510 75 0 0
735398 820088 253 0 0
290466 410648 0 1004 0
23431 340995 58 0 0
825310 825479 0 6 0
825474 828627 599 0 0
825474 829112 720 0 0
825474 834329 1969 0 0
825531 826341 196 0 0
825531 826349 196 0 0
825531 826351 196 0 0
825531 826596 220 0 0
825587 828830 764 0 0
825587 834897 2241 0 0
825732 825877 35 0 0
647698 647744 10 0 0
647698 647748 10 0 0
647698 647756 10 0 0
647698 647764 10 0 0
647698 647766 10 0 0
647698 647768 10 0 0
647698 647770 10 0 0
647698 647772 10 0 0
647698 647776 10 0 0
647698 647780 10 0 0
647698 647786 10 0 0
647698 647792 10 0 0
647698 647794 10 0 0
647698 647796 10 0 0
647698 647798 10 0 0
647698 647800 10 0 0
647698 647804 10 0 0
647698 647806 10 0 0
647698 647808 10 0 0
647698 647812 10 0 0
647698 647816 11 0 0
647698 647822 11 0 0
647698 647830 10 0 0
647698 647834 11 0 0
647698 647836 11 0 0
647698 647838 11 0 0
647698 647840 11 0 0
647698 647842 11 0 0
647698 647844 11 0 0
647698 647846 11 0 0
647698 647850 12 0 0
647698 647852 11 0 0
647698 647854 11 0 0
647698 647856 11 0 0
647698 647858 11 0 0
647698 647860 11 0 0
647698 647870 11 0 0
647698 647872 12 0 0
647698 647874 11 0 0
647698 647876 12 0 0
647698 647880 12 0 0
647698 647882 11 0 0
647698 647888 11 0 0
647698 651074 195 0 0
647698 719724 11 0 0
647698 808445 96 0 0
647698 808610 10 0 0
647698 808630 10 0 0
647698 808654 10 0 0
647698 808664 11 0 0
647698 808670 11 0 0
647698 808672 11 0 0
647698 808674 11 0 0
647698 808678 11 0 0
647698 808696 11 0 0
647698 808700 11 0 0
647698 808706 11 0 0
647698 808710 11 0 0
647698 808714 11 0 0
647698 808718 11 0 0
647698 808724 11 0 0
647698 809188 120 0 0
647698 809192 120 0 0
647698 809194 120 0 0
647698 809196 120 0 0
647698 809198 120 0 0
647698 809200 120 0 0
647698 809202 120 0 0
647698 809204 120 0 0
647698 809208 120 0 0
647698 809212 120 0 0
647698 809220 120 0 0
558666 817289 0 1782 0
113666 493261 0 3831 0
24667 27434 811 0 0
202909 583774 0 497 0
826398 826934 145 0 0
826398 827178 200 0 0
826412 826534 34 0 0
826412 827892 358 0 0
826412 827964 375 0 0
826412 829756 816 0 0
648368 805154 255 0 0
470291 570828 0 205 0
826513 836172 2387 0 0
25273 340995 53 0 0
203400 261292 431 0 0
203400 459194 577 0 0
826743 827539 194 0 0
826743 827839 260 0 0
826743 827939 285 0 0
292578 815238 0 10 0
114527 583774 0 4306 0
648791 805262 527 0 0
648791 818059 1210 0 0
737858 816289 0 2630 0
827205 828632 343 0 0
827205 829335 515 0 0
827205 835210 1948 0 0
827205 835783 2100 0 0
827205 836250 2228 0 0
25872 570828 0 1115 0
827351 827837 111 0 0
827351 828114 174 0 0
827351 828157 186 0 0
827351 828680 327 0 0
827449 828243 0 87 0
26128 830120 0 798 0
827713 832458 1114 0 0
827717 828085 82 0 0
827717 829666 478 0 0
827717 829963 545 0 0
827717 833911 1486 0 0
827720 827726 1 0 0
827850 829575 431 0 0
471751 478111 158 0 0
828032 834991 0 1869 0
471874 826513 0 2264 0
204826 493261 0 56 0
828261 830343 240 0 0
829390 829830 97 0 0
829390 831142 396 0 0
829390 831715 514 0 0
829524 829763 52 0 0
829524 829873 80 0 0
829524 829954 96 0 0
829524 830130 139 0 0
384340 659677 0 595 0
829596 830573 228 0 0
28324 832422 68 0 0
206417 583774 0 252 0
829763 830130 170 0 0
117447 820180 0 321 0
830060 830113 14 0 0
295873 825977 0 73 0
295888 820513 0 3336 0
830284 830407 24 0 0
830532 833090 605 0 0
830798 831473 0 37 0
296639 805610 0 2304 0
830903 833163 665 0 0
831036 833570 576 0 0
296955 583774 0 2781 0
119006 583774 0 418 0
831364 831373 2 0 0
831473 831540 64 0 0
831473 831829 78 0 0
30250 410648 0 4355 0
653898 803799 0 577 0
832206 833826 407 0 0
832206 834694 181 0 0
832206 835771 455 0 0
298054 570828 0 882 0
832311 836611 1149 0 0
832434 833054 170 0 0
832434 833892 375 0 0
832843 833073 58 0 0
120518 815390 345 0 0
209779 799334 27 0 0
744149 799463 26 0 0
655143 815814 0 42 0
833570 835095 226 0 0
833570 836063 479 0 0
299470 645245 0 46 0
833720 833894 49 0 0
833817 833960 47 0 0
388751 685486 0 1095 0
299942 778015 8 0 0
33098 410648 0 333 0
745492 811023 356 0 0
478393 768725 145 0 0
478393 823126 54 0 0
478393 824842 393 0 0
478393 832908 2280 0 0
300431 833013 168 0 0
834810 836623 491 0 0
745909 826505 650 0 0
33716 647698 0 168 0
835221 835290 18 0 0
835221 835440 59 0 0
746332 806981 0 2023 0
835422 835610 46 135 0
390291 583774 0 244 0
34325 570828 0 186 0
835778 835939 43 0 0
835778 835996 58 0 0
835778 836024 68 0 0
835778 836053 74 0 0
212559 823850 157 0 0
34489 570828 0 572 0
746896 803799 0 3983 0
34635 105973 44 0 0
123720 806443 0 263 0
124364 570828 0 420 0
35384 820513 0 2017 0
480704 648791 0 39 0
480704 748901 0 47 0
36080 835592 2364 0 0
392478 410648 0 1132 0
125378 802541 0 2692 0
125378 802739 0 1279 0
36507 787172 13 0 0
36507 809642 715 0 0
748901 752099 1870 0 0
748901 764559 1837 0 0
748901 773043 2449 0 0
748901 792639 88 0 0
748901 811524 16 0 0
748901 823957 180 0 0
748901 824526 303 0 0
748901 824671 337 0 0
748901 825629 554 0 0
748901 826095 663 0 0
748901 829379 1435 0 0
748901 830947 1789 0 0
748901 832336 2103 0 0
748901 836395 3184 0 0
570828 636644 1055 0 0
570828 646683 1262 0 0
570828 699071 1976 0 0
570828 731701 1105 0 0
570828 744100 1471 0 0
570828 789024 1575 0 0
570828 827364 23 0 0
570828 827475 47 0 0
570828 827519 60 0 0
570828 827534 63 0 0
570828 827537 65 0 0
570828 827557 68 0 0
570828 827565 69 0 0
570828 827917 152 0 0
570828 827931 154 0 0
570828 827955 160 0 0
570828 828081 188 0 0
570828 828123 196 0 0
570828 828255 230 0 0
570828 828271 234 0 0
570828 828476 293 0 0
570828 828512 303 0 0
570828 828533 311 0 0
570828 828544 313 0 0
570828 828623 333 0 0
570828 828668 343 0 0
570828 828676 347 0 0
570828 828797 382 0 0
570828 828819 388 0 0
570828 828880 405 0 0
570828 828892 2336 0 0
570828 829100 452 0 0
570828 829274 493 0 0
570828 829429 534 0 0
570828 829582 567 0 0
570828 829710 596 0 0
570828 829807 614 0 0
570828 830282 729 0 0
570828 830391 750 0 0
570828 830424 759 0 0
570828 830564 795 0 0
570828 830568 796 0 0
570828 830729 828 0 0
570828 830815 843 0 0
570828 830847 851 0 0
570828 830860 854 0 0
570828 831297 948 0 0
570828 831723 1039 0 0
570828 831790 1053 0 0
570828 833042 1378 0 0
570828 833129 1401 0 0
570828 833136 1402 0 0
570828 833209 1423 0 0
570828 833264 1433 0 0
570828 833282 1436 0 0
570828 833437 1475 0 0
570828 833568 1503 0 0
570828 833777 1550 0 0
570828 834316 1701 0 0
570828 834607 1790 0 0
570828 834824 1847 0 0
570828 835176 1933 0 0
570828 835212 1941 0 0
570828 835366 1978 0 0
570828 835657 2055 0 0
570828 835914 2130 0 0
570828 836003 2151 0 0
570828 836090 2176 0 0
570828 836448 2284 0 0
570828 836708 2360 0 0
303769 708685 0 518 0
125755 827153 0 1886 0
36972 806981 0 2123 0
749412 827850 0 275 0
37193 354632 0 272 0
37193 567843 0 315 0
37200 196153 0 228 0
215346 830099 3906 0 0
126690 805610 0 1166 0
393963 826542 40 0 0
750183 809250 469 0 0
394638 717498 527 0 0
394638 825734 2029 0 0
751028 834683 1473 0 0
127848 820180 0 362 0
38809 822708 0 71 0
662222 821982 0 471 0
38967 410648 0 1348 0
573302 796816 10 0 0
573302 832666 143 0 0
39563 810023 0 471 0
663039 816289 0 2577 0
128860 744149 0 454 0
217970 833880 0 711 0
129083 192270 2225 0 0
307232 708685 0 12 0
40273 809222 0 2319 0
574981 647698 0 11 0
218844 261292 59 0 0
130120 301814 0 101 0
308223 340995 47 0 0
130176 821124 0 120 0
41366 512520 0 26 0
308654 647698 0 11 0
308669 827850 0 35 0
130999 805664 336 0 0
130999 815720 142 0 0
754343 808062 0 1602 0
665492 779085 0 500 0
131374 830303 1336 0 0
42439 803799 0 301 0
42647 803799 0 771 0
42898 429811 0 76 0
42982 491150 0 38 0
43056 410648 0 1649 0
43084 570828 0 541 0
310590 813877 0 49 0
132653 748901 0 864 0
311221 410648 0 2811 0
667953 826412 0 240 0
223527 802739 0 1344 0
224408 410648 0 4511 0
224633 410648 0 1079 0
403066 830141 0 375 0
136484 810415 0 608 0
136588 803799 234 0 0
47914 830319 250 0 0
493261 816126 477 0 0
493261 816595 565 0 0
493261 818902 1019 0 0
493261 822222 1683 0 0
493261 835540 4752 0 0
671495 812276 25 0 0
671495 813231 183 0 0
315423 832698 0 22 0
49208 493261 0 873 0
138479 714332 0 2023 0
138479 714704 0 121 0
138527 826412 0 50 0
583774 588679 2471 0 0
583774 593647 14 0 0
583774 595480 3821 0 0
583774 637641 3814 0 0
583774 658244 246 0 0
583774 753245 2104 0 0
583774 810303 119 0 0
583774 811126 252 0 0
583774 811148 253 0 0
583774 811156 253 0 0
583774 812396 462 0 0
583774 814152 776 0 0
583774 821247 3449 0 0
583774 824793 111 0 0
583774 829474 3943 0 0
583774 831681 4473 0 0
583774 835408 5390 0 0
405814 570828 0 445 0
49820 827470 0 987 0
406103 816289 0 4069 0
50172 836499 2577 0 0
50960 631397 710 0 0
50960 635822 1215 0 0
318210 744149 0 2069 0
407601 822734 287 0 0
230237 663422 45 0 0
230237 820544 72 0 0
52467 823843 1963 0 0
52695 270450 590 0 0
676004 713128 0 1023 0
231041 827717 0 2147 0
231065 628338 196 0 0
53040 583774 0 4322 0
409437 410206 30 0 0
409437 410214 32 0 0
409437 410259 35 0 0
409437 410307 40 0 0
320591 570828 0 1327 0
320712 752840 810 0 0
766358 816289 0 1855 0
232131 808965 0 591 0
232231 834991 0 1729 0
54301 827102 49 0 0
143356 821982 0 1729 0
232488 443563 0 61 0
410648 410929 16 0 0
410648 410967 101 0 0
410648 420699 868 0 0
410648 434321 1852 0 0
410648 445635 2134 0 0
410648 445704 696 0 0
410648 472698 2677 0 0
410648 481722 718 0 0
410648 484631 1970 0 0
410648 508057 5828 0 0
410648 510255 2221 0 0
410648 530656 132 0 0
410648 535835 746 0 0
410648 536003 1194 0 0
410648 536730 498 0 0
410648 537239 23 0 0
410648 539271 302 0 0
410648 539277 3784 0 0
410648 540204 3975 0 0
410648 544058 1393 0 0
410648 544947 147 0 0
410648 545050 2312 0 0
410648 546234 23 0 0
410648 548272 24 0 0
410648 548486 2855 0 0
410648 548544 147 0 0
410648 549074 314 0 0
410648 549347 182 0 0
410648 549481 270 0 0
410648 550117 1098 0 0
410648 550738 2489 0 0
410648 551012 3827 0 0
410648 551047 805 0 0
410648 552583 496 0 0
410648 552623 764 0 0
410648 552683 705 628 0
410648 552731 1280 0 0
410648 552774 1117 0 0
410648 552833 945 0 0
410648 552934 3211 0 0
410648 553017 58 0 0
410648 553119 342 0 0
410648 553306 113 0 0
410648 553310 4441 0 0
410648 553503 862 0 0
410648 553779 60 0 0
410648 553932 55 0 0
410648 554084 929 0 0
410648 554401 1255 0 0
410648 554740 40 0 0
410648 555708 1228 0 0
410648 555966 1082 0 0
410648 556691 1716 0 0
410648 557282 162 0 0
410648 557538 708 0 0
410648 557760 191 0 0
410648 558076 850 0 0
410648 558096 1575 0 0
410648 559003 1272 0 0
410648 560404 40 0 0
410648 561755 1200 0 0
410648 561883 731 0 0
410648 563809 788 0 0
410648 563913 85 0 0
410648 565705 50 0 0
410648 567237 1582 0 0
410648 568407 83 0 0
410648 570688 239 0 0
410648 570956 4614 0 0
410648 604802 187 7 0
410648 635005 4214 0 0
410648 650871 1542 0 0
410648 692435 2769 0 0
410648 695696 2786 0 0
410648 702783 246 0 0
410648 711302 4450 0 0
410648 715047 2202 0 0
410648 716723 46 0 0
410648 729537 2654 0 0
410648 733530 891 0 0
410648 739033 34 0 0
410648 748943 4258 0 0
410648 759542 2399 0 0
410648 775454 773 0 0
410648 791259 4306 0 0
410648 809709 742 0 0
410648 812643 32 0 0
410648 812752 105 0 0
410648 812762 3655 0 0
410648 812772 181 0 0
410648 813103 755 205 0
410648 813259 2011 0 0
410648 813581 179 0 0
410648 814059 279 0 0
410648 814828 7 0 0
410648 814859 12 0 0
410648 814882 14 0 0
410648 814884 15 0 0
410648 814899 17 0 0
410648 814909 18 0 0
410648 814923 19 0 0
410648 814925 19 0 0
410648 814933 20 0 0
410648 814983 25 0 0
410648 815001 26 0 0
410648 815011 30 0 0
410648 815013 30 0 0
410648 815016 31 0 0
410648 815026 31 0 0
410648 815030 64 0 0
410648 815044 34 0 0
410648 815050 34 0 0
410648 815064 39 0 0
410648 815079 41 0 0
410648 815106 474 0 0
410648 815116 48 0 0
410648 815138 51 0 0
410648 815156 55 0 0
410648 815193 63 0 0
410648 815195 64 0 0
410648 815199 64 0 0
410648 815224 70 0 0
410648 815226 70 0 0
410648 815243 73 0 0
410648 815250 75 0 0
410648 815265 77 0 0
410648 815277 78 0 0
410648 815304 81 0 0
410648 815342 86 0 0
410648 815367 89 0 0
410648 815378 91 0 0
410648 815403 98 0 0
410648 815419 649 0 0
410648 815425 104 0 0
410648 815468 111 0 0
410648 815499 116 0 0
410648 815543 123 0 0
410648 815545 123 0 0
410648 815556 125 0 0
410648 815565 779 0 0
410648 815587 131 0 0
410648 815617 136 0 0
410648 815649 140 0 0
410648 815655 141 0 0
410648 815679 145 0 0
410648 815681 145 0 0
410648 815761 159 0 0
410648 815788 164 0 0
410648 815790 164 0 0
410648 815815 170 0 0
410648 815817 168 0 0
410648 815857 176 0 0
410648 815863 176 0 0
410648 815893 183 0 0
410648 815895 183 0 0
410648 815908 187 0 0
410648 815927 188 0 0
410648 815932 189 0 0
410648 815956 193 0 0
410648 815996 202 0 0
410648 816066 215 0 0
410648 816087 221 0 0
410648 816094 222 0 0
410648 816098 264 0 0
410648 816100 223 0 0
410648 816129 234 0 0
410648 816144 237 0 0
410648 816152 238 0 0
410648 816211 249 0 0
410648 816219 250 0 0
410648 816269 257 0 0
410648 816290 261 0 0
410648 816352 273 0 0
410648 816367 276 0 0
410648 816377 277 0 0
410648 816391 279 0 0
410648 816446 289 0 0
410648 816459 291 0 0
410648 816508 304 0 0
410648 816512 305 0 0
410648 816517 306 0 0
410648 816548 312 0 0
410648 816606 324 0 0
410648 816650 336 0 0
410648 816670 1716 0 0
410648 816726 351 0 0
410648 816741 355 0 0
410648 816762 361 0 0
410648 816817 369 0 0
410648 816824 370 0 0
410648 816833 373 0 0
410648 816901 383 0 0
410648 816904 384 0 0
410648 816924 389 0 0
410648 816928 389 0 0
410648 816933 389 0 0
410648 816945 392 0 0
410648 817005 404 0 0
410648 817021 407 0 0
410648 817029 1260 0 0
410648 817039 411 0 0
410648 817054 414 0 0
410648 817078 420 0 0
410648 817148 432 0 0
410648 817165 434 0 0
410648 817178 438 0 0
410648 817203 443 0 0
410648 817207 444 0 0
410648 817217 445 0 0
410648 817245 449 0 0
410648 817273 453 0 0
410648 817310 460 0 0
410648 817332 467 0 0
410648 817369 475 0 0
410648 817402 483 0 0
410648 817423 486 0 0
410648 817431 487 0 0
410648 817436 487 0 0
410648 817469 494 0 0
410648 817481 495 0 0
410648 817501 499 0 0
410648 817511 500 0 0
410648 817524 505 0 0
410648 817540 1614 0 0
410648 817555 512 0 0
410648 817570 514 0 0
410648 817592 516 0 0
410648 817666 532 0 0
410648 817684 535 0 0
410648 817717 1721 0 0
410648 817763 555 0 0
410648 817788 560 0 0
410648 817792 560 0 0
410648 817803 563 0 0
410648 817810 565 0 0
410648 817823 568 0 0
410648 817851 575 0 0
410648 817891 583 0 0
410648 817901 585 0 0
410648 817908 587 0 0
410648 817929 591 0 0
410648 817935 590 0 0
410648 817957 596 0 0
410648 817974 601 0 0
410648 818060 616 0 0
410648 818101 626 0 0
410648 818116 628 0 0
410648 818165 638 0 0
410648 818205 643 0 0
410648 818222 648 0 0
410648 818228 649 0 0
410648 818241 650 0 0
410648 818247 650 0 0
410648 818249 651 0 0
410648 818284 658 0 0
410648 818331 667 0 0
410648 818333 667 0 0
410648 818390 677 0 0
410648 818409 680 0 0
410648 818417 681 0 0
410648 818452 688 0 0
410648 818465 690 0 0
410648 818498 697 0 0
410648 818500 698 0 0
410648 818538 708 0 0
410648 818579 717 0 0
410648 818587 717 0 0
410648 818602 721 0 0
410648 818606 721 0 0
410648 818627 725 0 0
410648 818629 725 0 0
410648 818636 726 0 0
410648 818680 732 0 0
410648 818682 734 0 0
410648 818706 738 0 0
410648 818728 740 0 0
410648 818730 741 0 0
410648 818749 744 0 0
410648 818756 46 0 0
410648 818768 747 0 0
410648 818776 748 0 0
410648 818810 755 0 0
410648 818813 756 0 0
410648 818816 756 0 0
410648 818818 756 0 0
410648 818824 758 0 0
410648 818840 761 0 0
410648 818856 765 0 0
410648 818864 765 0 0
410648 818892 772 0 0
410648 818929 780 0 0
410648 818939 782 0 0
410648 818954 785 0 0
410648 818967 788 0 0
410648 818977 789 0 0
410648 818985 791 0 0
410648 819041 803 0 0
410648 819055 805 0 0
410648 819067 807 0 0
410648 819071 808 0 0
410648 819103 814 0 0
410648 819263 849 0 0
410648 819297 853 0 0
410648 819299 853 0 0
410648 819345 863 0 0
410648 819379 870 0 0
410648 819407 2222 0 0
410648 819455 882 0 0
410648 819489 892 0 0
410648 819527 900 0 0
410648 819534 900 0 0
410648 819541 901 0 0
410648 819555 905 0 0
410648 819590 911 0 0
410648 819633 920 0 0
410648 819661 926 0 0
410648 819702 934 0 0
410648 819706 936 0 0
410648 819710 937 0 0
410648 819716 937 0 0
410648 819735 941 0 0
410648 819774 948 0 0
410648 819780 949 0 0
410648 819824 955 0 0
410648 819826 955 0 0
410648 819838 960 0 0
410648 819864 968 0 0
410648 819875 969 0 0
410648 819888 973 0 0
410648 819900 975 0 0
410648 819927 978 0 0
410648 819957 986 0 0
410648 819974 989 0 0
410648 820034 1005 0 0
410648 820051 1008 0 0
410648 820092 1015 0 0
410648 820116 1020 0 0
410648 820153 1029 0 0
410648 820171 1032 0 0
410648 820173 1032 0 0
410648 820175 1033 0 0
410648 820194 1038 0 0
410648 820208 1040 0 0
410648 820214 1041 0 0
410648 820238 1049 0 0
410648 820299 1062 0 0
410648 820303 1062 0 0
410648 820336 1068 0 0
410648 820359 1074 0 0
410648 820381 1078 0 0
410648 820415 1087 0 0
410648 820451 1097 0 0
410648 820473 1102 0 0
410648 820500 1112 0 0
410648 820507 1114 0 0
410648 820537 1123 0 0
410648 820548 1126 0 0
410648 820580 1132 0 0
410648 820607 1138 0 0
410648 820611 1138 0 0
410648 820638 1145 0 0
410648 820640 1145 0 0
410648 820667 1152 0 0
410648 820716 1160 0 0
410648 820732 1163 0 0
410648 820738 1164 0 0
410648 820746 1165 0 0
410648 820815 1180 0 0
410648 820822 1182 0 0
410648 820824 1182 0 0
410648 820861 1188 0 0
410648 820937 1199 0 0
410648 820951 1203 0 0
410648 820960 1204 0 0
410648 820968 1205 0 0
410648 820978 1206 0 0
410648 821012 1212 0 0
410648 821026 1214 0 0
410648 821073 1223 0 0
410648 821138 1232 0 0
410648 821155 2962 0 0
410648 821177 1237 0 0
410648 821213 1246 0 0
410648 821249 1250 0 0
410648 821251 1248 0 0
410648 821286 1255 0 0
410648 821294 1256 0 0
410648 821360 1265 0 0
410648 821384 1272 0 0
410648 821467 1287 0 0
410648 821500 1293 0 0
410648 821548 1304 0 0
410648 821558 1306 0 0
410648 821588 1312 0 0
410648 821595 1314 0 0
410648 821615 1317 0 0
410648 821627 1320 0 0
410648 821637 1323 0 0
410648 821639 1324 0 0
410648 821654 1325 0 0
410648 821669 1328 0 0
410648 821677 1328 0 0
410648 821701 1336 0 0
410648 821704 1337 0 0
410648 821790 1350 0 0
410648 821926 1381 0 0
410648 821994 1395 0 0
410648 822006 1398 0 0
410648 822008 1398 0 0
410648 822010 1399 0 0
410648 822013 1400 0 0
410648 822030 1402 0 0
410648 822040 1404 0 0
410648 822061 1411 0 0
410648 822083 1416 0 0
410648 822093 1417 0 0
410648 822095 1418 0 0
410648 822098 1419 0 0
410648 822100 1419 0 0
410648 822182 1433 0 0
410648 822205 1436 0 0
410648 822218 1438 0 0
410648 822249 1444 0 0
410648 822251 1445 0 0
410648 822259 1446 0 0
410648 822306 1452 0 0
410648 822310 1452 0 0
410648 822342 1458 0 0
410648 822368 1462 0 0
410648 822497 1491 0 0
410648 822571 1508 0 0
410648 822598 1507 0 0
410648 822644 1517 0 0
410648 822703 1527 0 0
410648 822758 1537 0 0
410648 822761 1539 0 0
410648 822782 1544 0 0
410648 822814 1547 0 0
410648 822827 1549 0 0
410648 822844 1552 0 0
410648 822848 1552 0 0
410648 822881 1560 0 0
410648 822967 1574 0 0
410648 823008 1579 0 0
410648 823037 1585 0 0
410648 823065 1590 0 0
410648 823213 1699 0 0
410648 823297 1637 0 0
410648 823299 1638 0 0
410648 823356 1649 0 0
410648 823452 1668 0 0
410648 823539 1684 0 0
410648 823598 1695 0 0
410648 823612 1698 0 0
410648 823619 1701 0 0
410648 823674 1705 0 0
410648 823692 1707 0 0
410648 823699 1709 0 0
410648 823806 1716 0 0
410648 823808 1716 0 0
410648 823831 1724 0 0
410648 823861 1729 0 0
410648 823887 1736 0 0
410648 823928 1743 0 0
410648 823993 1751 0 0
410648 824076 1767 0 0
410648 824107 1774 0 0
410648 824135 1780 0 0
410648 824184 1790 0 0
410648 824193 1792 0 0
410648 824289 1812 0 0
410648 824398 1843 0 0
410648 824448 1852 0 0
410648 824468 1855 0 0
410648 824476 1856 0 0
410648 824509 1865 0 0
410648 824547 1875 0 0
410648 824554 1877 0 0
410648 824562 1877 0 0
410648 824590 1882 0 0
410648 824600 1884 0 0
410648 824605 1886 0 0
410648 824649 1897 0 0
410648 824651 1897 0 0
410648 824665 1901 0 0
410648 824667 1902 0 0
410648 824678 1904 0 0
410648 824725 1917 0 0
410648 824727 1918 0 0
410648 824733 1919 0 0
410648 824755 1923 0 0
410648 824817 1938 0 0
410648 824840 1942 0 0
410648 824862 1948 0 0
410648 824880 1951 0 0
410648 824891 1954 0 0
410648 824909 1957 0 0
410648 824953 1965 0 0
410648 824991 1973 0 0
410648 825043 1981 0 0
410648 825066 1989 0 0
410648 825078 1992 0 0
410648 825164 2010 0 0
410648 825185 2014 0 0
410648 825189 2014 0 0
410648 825319 2038 0 0
410648 825340 2042 0 0
410648 825342 2042 0 0
410648 825357 2047 0 0
410648 825391 2055 0 0
410648 825395 2056 0 0
410648 825421 2064 0 0
410648 825431 2067 0 0
410648 825470 2079 0 0
410648 825501 2090 0 0
410648 825512 2092 0 0
410648 825527 2096 0 0
410648 825550 2099 0 0
410648 825555 2101 0 0
410648 825583 2107 0 0
410648 825611 2116 0 0
410648 825613 2116 0 0
410648 825712 2140 0 0
410648 825741 2146 0 0
410648 825747 2146 0 0
410648 825757 2147 0 0
410648 825807 2157 0 0
410648 825812 2159 0 0
410648 825831 2167 0 0
410648 825838 2169 0 0
410648 825875 2176 0 0
410648 825885 2178 0 0
410648 825925 2190 0 0
410648 825928 2192 0 0
410648 825931 2193 0 0
410648 825954 2198 0 0
410648 826005 2215 0 0
410648 826020 2217 0 0
410648 826031 2219 0 0
410648 826148 2236 0 0
410648 826168 2238 0 0
410648 826215 2249 0 0
410648 826353 2256 0 0
410648 826357 2257 1060 0
410648 826384 2263 0 0
410648 826388 2264 0 0
410648 826402 2267 0 0
410648 826437 2277 0 0
410648 826524 2299 0 0
410648 826538 2303 0 0
410648 826649 2324 0 0
410648 826694 2339 0 0
410648 826714 2343 0 0
410648 826735 2348 0 0
410648 826744 2353 0 0
410648 826754 2353 0 0
410648 826841 2381 0 0
410648 826860 2386 0 0
410648 826878 2392 0 0
410648 826904 2402 0 0
410648 826921 2408 0 0
410648 826930 2410 0 0
410648 826947 2414 0 0
410648 827030 2434 0 0
410648 827113 2451 0 0
410648 827168 2464 0 0
410648 827176 2466 0 0
410648 827201 2619 0 0
410648 827203 2473 0 0
410648 827222 2478 0 0
410648 827236 2480 0 0
410648 827248 2482 0 0
410648 827291 2485 0 0
410648 827315 2491 0 0
410648 827337 2497 0 0
410648 827347 2501 0 0
410648 827349 2501 0 0
410648 827355 2502 0 0
410648 827477 2528 0 0
410648 827575 2552 0 0
410648 827681 2578 0 0
410648 827764 2598 0 0
410648 827808 2607 0 0
410648 827830 2611 0 0
410648 827972 2646 0 0
410648 827976 2647 0 0
410648 827995 2651 0 0
410648 828060 2665 0 0
410648 828094 2670 0 0
410648 828104 2673 0 0
410648 828145 2684 0 0
410648 828155 2686 0 0
410648 828184 2692 0 0
410648 828199 2696 0 0
410648 828203 2697 0 0
410648 828211 2700 0 0
410648 828213 2701 0 0
410648 828273 3146 0 0
410648 828343 2737 0 0
410648 828461 2770 0 0
410648 828466 2772 0 0
410648 828470 2772 0 0
410648 828491 2780 0 0
410648 828518 2787 0 0
410648 828546 2795 0 0
410648 828559 2796 0 0
410648 828619 2812 0 0
410648 828625 2815 0 0
410648 828689 2834 0 0
410648 828695 2835 0 0
410648 828699 2837 0 0
410648 828800 2864 0 0
410648 828848 2877 0 0
410648 828856 2878 0 0
410648 828927 2892 0 0
410648 829008 2909 0 0
410648 829043 2919 0 0
410648 829097 2933 0 0
410648 829104 2934 0 0
410648 829123 2939 0 0
410648 829195 2956 0 0
410648 829197 2956 0 0
410648 829268 2974 0 0
410648 829319 2986 0 0
410648 829376 3391 0 0
410648 829437 3018 0 0
410648 829442 3018 0 0
410648 829445 3019 0 0
410648 829447 3019 0 0
410648 829565 3045 0 0
410648 829580 3048 0 0
410648 829605 3053 0 0
410648 829609 19 0 0
410648 829655 3064 0 0
410648 829712 3077 0 0
410648 829761 3087 0 0
410648 829793 3092 0 0
410648 829795 3093 0 0
410648 829805 3094 0 0
410648 829821 3100 0 0
410648 829840 3104 0 0
410648 829842 3105 0 0
410648 829893 3122 0 0
410648 829909 3125 0 0
410648 829966 3134 0 0
410648 829975 3137 0 0
410648 829988 3143 0 0
410648 830003 3146 0 0
410648 830038 3155 0 0
410648 830069 3161 0 0
410648 830074 3163 0 0
410648 830093 3168 0 0
410648 830146 3178 0 0
410648 830195 3192 0 0
410648 830238 3202 0 0
410648 830250 3203 0 0
410648 830273 3208 0 0
410648 830315 3215 0 0
410648 830339 3218 0 0
410648 830420 3238 0 0
410648 830447 3247 0 0
410648 830488 3256 0 0
410648 830490 3257 0 0
410648 830507 3261 0 0
410648 830511 3264 0 0
410648 830554 3274 0 0
410648 830566 3277 0 0
410648 830577 3279 0 0
410648 830635 3292 0 0
410648 830690 3302 0 0
410648 830711 3306 0 0
410648 830756 3314 0 0
410648 830903 0 119 0
410648 830920 3349 0 0
410648 831050 3380 0 0
410648 831067 3384 0 0
410648 831078 3387 0 0
410648 831097 3391 0 0
410648 831128 3397 0 0
410648 831133 3399 0 0
410648 831166 3407 0 0
410648 831213 3415 0 0
410648 831447 3456 0 0
410648 831463 3460 0 0
410648 831523 3479 0 0
410648 831571 3490 0 0
410648 831573 3490 0 0
410648 831589 3493 0 0
410648 831734 3522 0 0
410648 831787 3533 0 0
410648 831833 3543 0 0
410648 831878 3551 0 0
410648 831918 3562 0 0
410648 832033 3589 0 0
410648 832056 3594 0 0
410648 832080 3597 0 0
410648 832083 3598 0 0
410648 832102 3605 0 0
410648 832179 3630 0 0
410648 832214 3638 0 0
410648 832362 3675 0 0
410648 832394 3684 0 0
410648 832444 3698 0 0
410648 832465 3705 0 0
410648 832524 3721 0 0
410648 832606 710 0 0
410648 832664 3764 0 0
410648 832681 3767 0 0
410648 832687 3767 0 0
410648 832752 3784 0 0
410648 832766 3787 0 0
410648 832825 3806 0 0
410648 832872 3820 0 0
410648 832928 3833 0 0
410648 832947 4838 0 0
410648 832998 3848 0 0
410648 833157 3889 0 0
410648 833192 3896 0 0
410648 833231 3905 0 0
410648 833306 3923 0 0
410648 833345 3936 0 0
410648 833349 3937 0 0
410648 833362 9300 0 0
410648 833403 3949 0 0
410648 833446 3958 0 0
410648 833448 3958 0 0
410648 833522 3972 0 0
410648 833538 3978 0 0
410648 833558 3982 0 0
410648 833622 3995 0 0
410648 833649 4002 0 0
410648 833740 4023 0 0
410648 833788 4034 0 0
410648 833904 4068 0 0
410648 833976 4090 0 0
410648 834000 4093 0 0
410648 834006 4093 0 0
410648 834080 4114 0 0
410648 834115 4124 0 0
410648 834126 4127 0 0
410648 834144 4134 0 0
410648 834149 4135 0 0
410648 834265 4167 0 0
410648 834278 4170 0 0
410648 834325 4184 0 0
410648 834337 4186 0 0
410648 834341 4187 0 0
410648 834393 4201 0 0
410648 834396 4202 0 0
410648 834411 4208 0 0
410648 834496 4235 0 0
410648 834643 4280 0 0
410648 834647 4281 0 0
410648 834739 4305 0 0
410648 834815 4327 0 0
410648 834875 4344 0 0
410648 834905 4350 0 0
410648 834921 4356 0 0
410648 834928 4357 0 0
410648 835011 4375 0 0
410648 835017 4375 0 0
410648 835025 4379 0 0
410648 835065 4389 0 0
410648 835083 4393 0 0
410648 835182 4416 0 0
410648 835222 4425 0 0
410648 835323 4449 0 0
410648 835345 4454 0 0
410648 835359 4458 0 0
410648 835361 4459 0 0
410648 835401 4470 0 0
410648 835488 4494 0 0
410648 835559 4512 0 0
410648 835574 4515 0 0
410648 835579 4515 0 0
410648 835614 4524 0 0
410648 835633 4527 0 0
410648 835662 4537 0 0
410648 835725 4558 0 0
410648 835760 4564 0 0
410648 835797 4576 0 0
410648 835866 4597 0 0
410648 835873 4599 0 0
410648 835927 4613 0 0
410648 836079 4655 0 0
410648 836162 4681 0 0
410648 836164 4682 0 0
410648 836192 4687 0 0
410648 836341 4730 0 0
410648 836408 4754 0 0
410648 836472 4771 0 0
410648 836474 4771 0 0
410648 836515 4783 0 0
410648 836554 4795 0 0
410648 836679 4831 0 0
410648 836702 4840 0 0
55052 410648 0 91 0
411418 485844 116 0 0
411418 822883 15 0 0
411418 823209 71 0 0
411418 828388 1204 0 0
234392 744149 0 883 0
145737 810415 0 190 0
769047 827717 0 443 0
56960 256662 0 786 0
235536 835302 0 397 0
57801 410648 0 445 0
681134 833964 0 333 0
58206 256662 0 1 0
58281 410648 0 844 0
681826 803799 0 342 0
236722 570828 0 58 0
504038 830022 5390 0 0
236932 493261 0 1904 0
326327 802954 0 288 0
59498 748901 0 214 0
59817 380052 904 0 0
59817 815936 145 0 0
149618 647698 0 142 0
149618 808445 0 97 0
60604 92835 12 0 0
60690 583774 0 262 0
60750 410648 0 3833 0
60887 583774 0 494 0
417237 820982 0 54 0
150214 583774 0 1884 0
61512 399006 0 57 0
61646 802868 0 334 0
685486 686021 1321 0 0
685486 692907 202 0 0
685486 807740 24 0 0
685486 807944 65 0 0
685486 820355 2370 0 0
685486 822732 2831 0 0
62324 823130 2848 0 0
62365 161944 0 901 0
62365 583774 0 901 0
62365 647698 0 900 0
329692 570828 0 906 0
685983 821056 17 0 0
508141 570828 0 5425 0
63289 805610 0 130 0
241678 570828 0 1455 0
63676 319775 182 0 0
777149 824130 1126 0 0
777149 833958 3434 0 0
421057 834154 0 52 0
65034 203287 0 1857 0
65364 108727 0 26 0
65475 410648 0 2607 0
778015 820165 0 330 0
243821 246135 117 0 0
243821 815022 903 0 0
65950 583774 0 4307 0
778335 799402 0 52 0
155205 493261 0 499 0
333478 410648 0 442 0
155633 805610 0 2472 0
66701 556833 0 49 0
66703 556833 0 49 0
66705 556833 0 49 0
66707 556833 0 49 0
66709 556833 0 49 0
66711 556833 0 49 0
66713 556833 0 49 0
66715 556833 0 49 0
66717 556833 0 49 0
66719 556833 0 49 0
66721 556833 0 49 0
66723 556833 0 49 0
66725 556833 0 49 0
66727 556833 0 49 0
66744 190952 0 902 0
779085 821982 101 0 0
423246 810415 0 163 0
156453 820513 0 2160 0
512695 807106 356 0 0
423829 814155 0 4931 0
335008 410648 0 4707 0
68049 819912 181 0 0
157810 647698 0 10 0
157814 647698 0 10 0
157820 647698 0 10 0
157822 647698 0 10 0
157832 647698 0 10 0
157836 647698 0 10 0
157838 647698 0 10 0
157840 647698 0 11 0
157844 647698 0 11 0
157852 647698 0 11 0
603162 822817 0 1664 0
158180 233758 625 0 0
158180 431647 140 0 0
158180 460724 1627 0 0
158180 507572 376 0 0
158180 829603 446 0 0
158180 830562 670 0 0
158180 830647 687 0 0
158180 832498 1796 0 0
158180 833138 1277 0 0
158180 833925 1470 0 0
158180 834301 1573 0 0
69156 647698 0 12 0
336329 583774 0 2155 0
603774 647698 0 10 0
603821 647698 0 11 0
158636 708685 0 189 0
248394 816034 1227 0 0
515653 517066 299 0 0
604802 815106 422 140 0
604802 816098 84 0 0
604802 823213 1505 0 0
159644 502888 830 0 0
159644 778380 31 0 0
426867 827713 10 0 0
71919 72238 19 0 0
72238 195014 0 207 0
72252 583774 0 3395 0
161295 807054 0 6031 0
72617 410648 0 4158 0
250722 410648 0 298 0
161744 744149 0 770 0
73128 583774 0 2761 0
340335 583774 0 1411 0
340995 402141 0 72 0
340995 442839 0 39 0
340995 490960 0 48 0
340995 614506 0 2249 0
340995 729486 0 78 0
340995 807921 0 80 0
340995 809598 0 1052 0
340995 826906 0 41 0
340995 826926 0 36 0
608308 803799 0 4520 0
163541 810023 0 576 0
163738 267348 0 401 0
74788 824709 668 0 0
164633 810023 0 975 0
75639 647698 0 901 0
165075 647698 0 10 0
165097 583774 0 253 0
165107 647698 0 10 0
165135 647698 0 11 0
432313 570828 0 43 0
699712 816289 0 4025 0
76905 285944 65 0 0
76905 406103 4820 0 0
76905 549087 382 0 0
76905 574652 67 0 0
76905 816289 0 1621 0
76905 825152 41 0 0
76905 825870 208 0 0
76905 826060 257 0 0
76905 828894 920 0 0
77205 583774 0 46 0
344356 830641 1 0 0
434361 583774 0 252 0
434385 583774 0 252 0
434387 583774 0 253 0
434393 583774 0 252 0
434399 583774 0 252 0
434405 647698 0 120 0
434491 647698 0 11 0
256661 256662 0 458 0
256662 258490 391 0 0
256662 259665 6012 0 0
256662 259772 6046 0 0
256662 260585 6277 0 0
256662 261192 6456 0 0
256662 261779 1789 0 0
256662 262161 1433 0 0
256662 263295 340 0 0
256662 388552 825 0 0
256662 399605 1047 0 0
256662 417437 1186 0 0
256662 418321 603 0 0
256662 814732 1407 0 0
701933 806407 561 0 0
79069 810023 0 299 0
168465 827799 0 436 0
702920 806768 0 3358 0
436120 818931 528 0 0
703362 825951 2310 0 0
614506 804729 94 0 0
614506 808261 837 0 0
614506 821319 3257 0 0
347403 812278 0 82 0
347403 812971 1095 0 0
258689 410648 0 270 0
614909 802954 0 749 0
80842 301384 113 0 0
80842 835446 33 0 0
793201 804150 0 1857 0
81357 803799 0 87 0
260132 805610 0 2631 0
705366 708685 0 142 0
171153 212486 218 0 0
171153 359803 2397 0 0
171153 544853 1895 0 0
171153 704937 2842 0 0
171153 823346 184 0 0
171153 828707 1374 0 0
171153 830798 1914 0 0
171153 831957 2107 0 0
82759 820513 0 2359 0
261292 472611 0 1488 0
261292 743905 0 254 0
261292 804956 0 255 0
261292 818951 0 1363 0
261292 821151 0 422 0
261292 833204 0 281 0
172457 805231 541 0 0
706816 803799 0 280 0
439749 808469 57 0 0
261680 403763 32 0 0
440149 449054 0 22 0
84304 810415 0 2368 0
262977 583774 0 3978 0
708445 708685 0 105 0
530386 818994 115 0 0
441448 826542 1310 0 0
263405 805610 0 231 0
708685 709564 1387 0 0
708685 806969 15 0 0
708685 807161 6 0 0
708685 807164 7 0 0
708685 807312 32 0 0
708685 807329 34 0 0
708685 807556 84 0 0
708685 808367 257 0 0
708685 809042 382 0 0
708685 809183 422 0 0
708685 809228 427 0 0
708685 809318 475 0 0
708685 812676 990 0 0
708685 815109 1444 0 0
85827 811941 0 296 0
85841 410648 0 1459 0
85911 827717 0 2077 0
442159 831473 0 25 0
353509 799402 0 3595 0
86682 817831 0 318 0
264802 583774 0 4581 0
799402 799434 21 0 0
799402 799463 40 0 0
799402 817303 389 0 0
799402 821751 1278 0 0
799402 821812 1286 0 0
799402 824280 4085 0 0
443563 451893 3798 0 0
443563 593922 2116 0 0
87815 366429 4415 0 0
265963 583774 0 5236 0
444066 450123 127 0 0
711316 817597 0 179 0
177086 827717 0 158 0
177328 816311 135 0 0
177328 816602 192 0 0
177328 822122 1292 0 0
356074 799402 0 4410 0
