1 1 100 32.877
2 2 100 41.2474
3 3 100 54.06
4 4 100 56.7302
5 5 100 71.3476
6 6 100 508.218
7 7 100 515.847
8 8 100 520.129
9 9 100 550.925
10 10 100 553.027
11 11 100 554.919
12 12 100 567.466
13 13 100 577.631
14 14 100 587.552
15 15 100 597.289
16 16 100 603.438
17 17 100 609.037
18 18 100 611.14
19 19 100 612.334
20 20 100 613.847
21 21 100 615.604
22 22 100 619.22
23 23 100 622.795
24 24 100 626.002
25 25 100 628.841
26 26 100 631.68
27 27 100 634.52
28 28 100 637.175
29 29 100 639.646
30 30 100 642.486
31 31 100 644.773
32 32 100 647.244
33 33 100 649.532
34 34 100 650.738
35 35 100 651.943
36 36 100 653.859
37 37 100 655.963
38 38 100 657.475
39 39 100 659.303
40 40 100 660.873
41 41 100 662.649
42 42 100 664.753
43 43 100 666.58
44 44 100 667.948
45 45 100 669.684
46 46 100 671.174
47 47 100 672.91
48 48 100 674.645
49 49 100 675.759
50 50 100 677.495
