1 1 100 1.36788
2 2 100 2.73576
3 3 100 4.10364
4 4 100 39.2649
5 5 100 40.6328
6 6 100 123.761
7 7 100 125.129
8 8 100 126.497
9 9 100 128.233
10 10 100 129.969
11 11 100 132.072
12 12 100 133.44
13 13 100 134.808
14 14 100 136.176
15 15 100 140.487
16 16 100 144.828
17 17 100 146.196
18 18 100 147.247
19 19 100 148.983
20 20 100 150.351
21 21 100 151.719
22 22 100 152.903
23 23 100 154.27
24 24 100 155.362
25 25 100 156.376
26 26 100 157.744
27 27 100 159.585
28 28 100 162.792
29 29 100 165.632
30 30 100 167.367
31 31 100 168.735
32 32 100 170.103
33 33 100 171.471
34 34 100 172.852
35 35 100 174.22
36 36 100 175.588
37 37 100 176.956
38 38 100 178.692
39 39 100 180.06
40 40 100 181.428
41 41 100 183.531
42 42 100 184.899
43 43 100 186.267
44 44 100 188.677
45 45 100 189.861
46 46 100 191.076
47 47 100 192.443
48 48 100 193.811
49 49 100 194.826
50 50 100 195.949
