16 56104 0 65 0
34 2337 0 2043 0
231 2337 0 3105 0
256 2337 0 1238 0
379 56988 1605 103 0
884 63472 0 249 0
1302 57089 0 215 0
1355 57031 0 44 0
1438 57089 0 268 0
1442 65216 0 44 0
1486 2337 0 1755 0
1774 65216 0 155 0
1861 58826 57 0 0
1861 58899 120 0 0
1861 58944 157 0 0
1861 58962 176 0 0
1861 58983 190 0 0
1872 26112 0 276 0
1973 26112 0 349 0
2011 26112 0 60 0
2011 29111 0 36 0
2091 26112 0 59 0
2091 29111 0 236 0
2091 48788 0 261 0
2091 63746 0 58 0
2091 65819 0 166 0
2091 65820 0 165 0
2184 26112 0 656 0
2289 26112 0 546 0
2337 5661 1757 0 0
2337 6009 3408 0 0
2337 7083 1475 0 0
2337 7495 3414 0 0
2337 8575 1823 0 0
2337 9216 1903 0 0
2337 10765 2507 0 0
2337 11892 282 0 0
2337 12970 361 0 0
2337 12977 1593 0 0
2337 13059 2561 0 0
2337 13858 1302 0 0
2337 18662 3495 0 0
2337 19681 606 0 0
2337 22366 1093 0 0
2337 23343 807 0 0
2337 24238 3126 0 0
2337 24571 2483 0 0
2337 35580 1458 0 0
2337 44153 1048 0 0
2337 51822 459 0 0
2337 51871 800 0 0
2337 53188 586 0 0
2337 57766 3173 0 0
2337 60527 17 0 0
2337 60533 19 0 0
2337 60547 26 0 0
2337 60554 31 0 0
2337 60557 33 0 0
2337 60561 34 0 0
2337 60567 36 0 0
2337 60575 38 0 0
2337 60582 39 0 0
2337 60586 39 0 0
2337 60588 40 0 0
2337 60593 41 0 0
2337 60612 46 0 0
2337 60614 49 0 0
2337 60648 70 0 0
2337 60655 73 0 0
2337 60657 73 0 0
2337 60659 74 0 0
2337 60663 75 0 0
2337 60666 77 0 0
2337 60669 79 0 0
2337 60673 81 0 0
2337 60686 86 0 0
2337 60690 86 0 0
2337 60702 92 0 0
2337 60729 103 0 0
2337 60736 105 0 0
2337 60746 107 0 0
2337 60755 111 0 0
2337 60769 120 0 0
2337 60782 125 0 0
2337 60793 127 0 0
2337 60801 131 0 0
2337 60805 131 0 0
2337 60815 138 0 0
2337 60839 148 0 0
2337 60850 156 0 0
2337 60854 156 0 0
2337 60856 158 0 0
2337 60858 159 0 0
2337 60864 163 0 0
2337 60869 165 0 0
2337 60884 167 0 0
2337 60887 168 0 0
2337 60897 173 0 0
2337 60902 177 0 0
2337 60907 182 0 0
2337 60919 185 0 0
2337 60933 193 0 0
2337 60939 196 0 0
2337 60943 199 0 0
2337 60965 207 0 0
2337 60988 215 0 0
2337 60992 217 0 0
2337 60995 218 0 0
2337 61006 221 0 0
2337 61017 226 0 0
2337 61025 227 0 0
2337 61029 229 0 0
2337 61031 229 0 0
2337 61045 236 0 0
2337 61047 237 0 0
2337 61064 246 0 0
2337 61075 257 0 0
2337 61077 258 0 0
2337 61082 263 0 0
2337 61084 264 0 0
2337 61093 266 0 0
2337 61097 270 0 0
2337 61103 273 0 0
2337 61111 298 0 0
2337 61113 277 0 0
2337 61116 278 0 0
2337 61124 282 0 0
2337 61131 285 0 0
2337 61147 295 0 0
2337 61161 306 0 0
2337 61174 313 0 0
2337 61176 315 0 0
2337 61186 321 0 0
2337 61188 321 0 0
2337 61196 325 0 0
2337 61202 326 0 0
2337 61212 332 0 0
2337 61215 336 0 0
2337 61217 336 0 0
2337 61221 339 0 0
2337 61223 341 0 0
2337 61225 341 0 0
2337 61231 344 0 0
2337 61242 350 0 0
2337 61254 354 0 0
2337 61260 357 0 0
2337 61262 357 0 0
2337 61264 358 0 0
2337 61267 359 0 0
2337 61282 367 0 0
2337 61309 382 0 0
2337 61321 387 0 0
2337 61323 389 0 0
2337 61337 395 0 0
2337 61339 395 0 0
2337 61348 405 0 0
2337 61360 410 0 0
2337 61362 410 0 0
2337 61364 410 0 0
2337 61366 413 0 0
2337 61391 421 0 0
2337 61394 425 0 0
2337 61407 434 0 0
2337 61414 440 0 0
2337 61417 440 0 0
2337 61420 441 0 0
2337 61438 453 0 0
2337 61446 457 0 0
2337 61452 461 0 0
2337 61456 462 0 0
2337 61459 462 0 0
2337 61461 462 0 0
2337 61472 471 0 0
2337 61481 472 0 0
2337 61489 476 0 0
2337 61507 489 0 0
2337 61512 490 0 0
2337 61517 492 0 0
2337 61526 495 0 0
2337 61533 497 0 0
2337 61536 499 0 0
2337 61539 501 0 0
2337 61559 509 0 0
2337 61562 511 0 0
2337 61564 511 0 0
2337 61567 514 0 0
2337 61569 515 0 0
2337 61586 523 0 0
2337 61592 528 0 0
2337 61594 529 0 0
2337 61598 530 0 0
2337 61607 534 0 0
2337 61609 536 0 0
2337 61613 538 0 0
2337 61620 543 0 0
2337 61626 546 0 0
2337 61631 548 0 0
2337 61661 562 0 0
2337 61671 567 0 0
2337 61688 574 0 0
2337 61710 585 0 0
2337 61728 590 0 0
2337 61730 590 0 0
2337 61743 595 0 0
2337 61745 595 0 0
2337 61754 603 0 0
2337 61758 606 0 0
2337 61769 610 0 0
2337 61782 622 0 0
2337 61785 622 0 0
2337 61793 624 0 0
2337 61820 632 0 0
2337 61830 636 0 0
2337 61848 644 0 0
2337 61850 645 0 0
2337 61853 646 0 0
2337 61855 648 0 0
2337 61858 651 0 0
2337 61871 660 0 0
2337 61874 661 0 0
2337 61876 662 0 0
2337 61882 663 0 0
2337 61892 667 0 0
2337 61899 671 0 0
2337 61907 674 0 0
2337 61914 678 0 0
2337 61933 689 0 0
2337 61944 692 0 0
2337 61951 696 0 0
2337 61955 700 0 0
2337 61957 701 0 0
2337 61962 704 0 0
2337 61984 712 0 0
2337 61998 715 0 0
2337 62004 718 0 0
2337 62010 719 0 0
2337 62029 839 0 0
2337 62032 727 0 0
2337 62043 731 0 0
2337 62055 735 0 0
2337 62062 738 0 0
2337 62064 739 0 0
2337 62066 740 0 0
2337 62068 740 0 0
2337 62074 742 0 0
2337 62076 743 0 0
2337 62081 747 0 0
2337 62085 747 0 0
2337 62087 748 0 0
2337 62089 749 0 0
2337 62091 753 0 0
2337 62103 757 0 0
2337 62108 759 0 0
2337 62125 765 0 0
2337 62127 767 0 0
2337 62133 771 0 0
2337 62138 777 0 0
2337 62148 784 0 0
2337 62153 784 0 0
2337 62156 786 0 0
2337 62167 793 0 0
2337 62173 797 0 0
2337 62175 798 0 0
2337 62180 798 0 0
2337 62182 800 0 0
2337 62205 814 0 0
2337 62211 817 0 0
2337 62217 821 0 0
2337 62221 824 0 0
2337 62233 832 0 0
2337 62254 843 0 0
2337 62256 844 0 0
2337 62260 972 0 0
2337 62276 856 0 0
2337 62279 857 0 0
2337 62285 862 0 0
2337 62301 869 0 0
2337 62308 872 0 0
2337 62312 875 0 0
2337 62320 881 0 0
2337 62328 883 0 0
2337 62330 883 0 0
2337 62332 884 0 0
2337 62338 887 0 0
2337 62340 888 0 0
2337 62342 888 0 0
2337 62345 889 0 0
2337 62353 894 0 0
2337 62356 895 0 0
2337 62365 901 0 0
2337 62376 907 0 0
2337 62388 912 0 0
2337 62395 916 0 0
2337 62397 918 0 0
2337 62401 921 0 0
2337 62404 924 0 0
2337 62406 924 0 0
2337 62419 931 0 0
2337 62427 933 0 0
2337 62431 938 0 0
2337 62433 939 0 0
2337 62435 940 0 0
2337 62439 943 0 0
2337 62441 944 0 0
2337 62445 949 0 0
2337 62454 954 0 0
2337 62456 956 0 0
2337 62462 958 0 0
2337 62464 958 0 0
2337 62473 964 0 0
2337 62477 964 0 0
2337 62479 964 0 0
2337 62483 966 0 0
2337 62487 968 0 0
2337 62512 984 0 0
2337 62520 988 0 0
2337 62525 992 0 0
2337 62533 998 0 0
2337 62537 998 0 0
2337 62550 1003 0 0
2337 62558 1007 0 0
2337 62569 1012 0 0
2337 62577 1021 0 0
2337 62586 1028 0 0
2337 62593 1030 0 0
2337 62599 1033 0 0
2337 62612 1041 0 0
2337 62614 1042 0 0
2337 62616 1043 0 0
2337 62618 1044 0 0
2337 62639 1052 0 0
2337 62643 1054 0 0
2337 62645 1054 0 0
2337 62649 1055 0 0
2337 62657 1057 0 0
2337 62659 1058 0 0
2337 62663 1059 0 0
2337 62669 1061 0 0
2337 62671 1061 0 0
2337 62673 1062 0 0
2337 62687 1078 0 0
2337 62694 1088 0 0
2337 62696 1089 0 0
2337 62704 1094 0 0
2337 62719 1107 0 0
2337 62724 1112 0 0
2337 62726 1115 0 0
2337 62730 1117 0 0
2337 62734 1118 0 0
2337 62738 1119 0 0
2337 62741 1121 0 0
2337 62763 1134 0 0
2337 62794 1149 0 0
2337 62803 1153 0 0
2337 62813 1156 0 0
2337 62816 1158 0 0
2337 62849 1181 0 0
2337 62857 1188 0 0
2337 62880 1206 0 0
2337 62890 1214 0 0
2337 62892 1214 0 0
2337 62895 1214 0 0
2337 62904 1220 0 0
2337 62906 1220 0 0
2337 62908 1221 0 0
2337 62914 1223 0 0
2337 62916 1224 0 0
2337 62924 1225 0 0
2337 62931 1230 0 0
2337 62945 1236 0 0
2337 62949 1238 0 0
2337 62955 1241 0 0
2337 62962 1246 0 0
2337 62974 1250 0 0
2337 62976 1251 0 0
2337 62990 1255 0 0
2337 63000 1260 0 0
2337 63012 1264 0 0
2337 63015 1267 0 0
2337 63017 1268 0 0
2337 63020 1270 0 0
2337 63024 1271 0 0
2337 63035 1279 0 0
2337 63039 1280 0 0
2337 63041 1280 0 0
2337 63044 1281 0 0
2337 63046 1282 0 0
2337 63051 1286 0 0
2337 63053 1286 0 0
2337 63065 1292 0 0
2337 63080 1300 0 0
2337 63085 1302 0 0
2337 63091 1302 0 0
2337 63096 1304 0 0
2337 63102 1307 0 0
2337 63104 1307 0 0
2337 63112 1309 0 0
2337 63145 1321 0 0
2337 63154 1325 0 0
2337 63159 1327 0 0
2337 63186 1345 0 0
2337 63188 1345 0 0
2337 63190 1346 0 0
2337 63205 1351 0 0
2337 63210 1357 0 0
2337 63212 1359 0 0
2337 63216 1368 0 0
2337 63221 1367 0 0
2337 63233 1370 0 0
2337 63238 1371 0 0
2337 63240 1373 0 0
2337 63242 1373 0 0
2337 63246 1374 0 0
2337 63249 1377 0 0
2337 63257 1382 0 0
2337 63260 1383 0 0
2337 63269 1390 0 0
2337 63281 1396 0 0
2337 63283 1397 0 0
2337 63289 1406 0 0
2337 63291 1407 0 0
2337 63296 1410 0 0
2337 63300 1410 0 0
2337 63305 1412 0 0
2337 63325 1423 0 0
2337 63327 1425 0 0
2337 63355 1437 0 0
2337 63367 1446 0 0
2337 63369 1447 0 0
2337 63374 1451 0 0
2337 63380 1455 0 0
2337 63409 1464 0 0
2337 63416 1466 0 0
2337 63420 1468 0 0
2337 63425 1473 0 0
2337 63448 1484 0 0
2337 63456 1488 0 0
2337 63461 1490 0 0
2337 63470 1492 0 0
2337 63475 1494 0 0
2337 63484 1498 0 0
2337 63494 1503 0 0
2337 63504 1509 0 0
2337 63510 1512 0 0
2337 63513 1513 0 0
2337 63522 1523 0 0
2337 63524 1525 0 0
2337 63532 1531 0 0
2337 63539 1533 0 0
2337 63541 1534 0 0
2337 63547 1536 0 0
2337 63549 1537 0 0
2337 63555 1538 0 0
2337 63564 1540 0 0
2337 63570 1542 0 0
2337 63573 1543 0 0
2337 63575 1543 0 0
2337 63586 1547 0 0
2337 63588 1548 0 0
2337 63590 1548 0 0
2337 63594 1549 0 0
2337 63596 1550 0 0
2337 63598 1552 0 0
2337 63601 1553 0 0
2337 63607 1555 0 0
2337 63609 1555 0 0
2337 63611 1555 0 0
2337 63613 1556 0 0
2337 63629 1566 0 0
2337 63634 1567 0 0
2337 63639 1569 0 0
2337 63641 1570 0 0
2337 63643 1571 0 0
2337 63646 1573 0 0
2337 63657 1581 0 0
2337 63665 1584 0 0
2337 63669 1587 0 0
2337 63673 1589 0 0
2337 63677 1589 0 0
2337 63686 1593 0 0
2337 63695 1596 0 0
2337 63703 1600 0 0
2337 63713 1602 0 0
2337 63716 1603 0 0
2337 63718 1604 0 0
2337 63724 1609 0 0
2337 63728 1613 0 0
2337 63741 1617 0 0
2337 63743 1617 0 0
2337 63747 1618 0 0
2337 63750 1619 0 0
2337 63752 1619 0 0
2337 63757 1623 0 0
2337 63764 1629 0 0
2337 63773 1636 0 0
2337 63783 1640 0 0
2337 63787 1641 0 0
2337 63794 1645 0 0
2337 63796 1646 0 0
2337 63798 1646 0 0
2337 63803 1648 0 0
2337 63805 1650 0 0
2337 63807 1651 0 0
2337 63813 1653 0 0
2337 63818 1654 0 0
2337 63821 1659 0 0
2337 63827 1660 0 0
2337 63829 1661 0 0
2337 63840 1669 0 0
2337 63842 1672 0 0
2337 63844 1672 0 0
2337 63863 1677 0 0
2337 63865 1677 0 0
2337 63872 2445 0 0
2337 63888 1685 0 0
2337 63894 1686 0 0
2337 63896 1686 0 0
2337 63908 3216 0 0
2337 63921 1700 0 0
2337 63934 1709 0 0
2337 63957 1717 0 0
2337 63981 1738 0 0
2337 63989 1743 0 0
2337 63993 1745 0 0
2337 64015 1758 0 0
2337 64018 1758 0 0
2337 64020 1758 0 0
2337 64030 1767 0 0
2337 64057 1777 0 0
2337 64059 1777 0 0
2337 64074 1782 0 0
2337 64076 1782 0 0
2337 64094 1787 0 0
2337 64097 1787 0 0
2337 64099 1788 0 0
2337 64107 1796 0 0
2337 64113 1799 0 0
2337 64115 1799 0 0
2337 64117 1799 0 0
2337 64121 1800 0 0
2337 64134 1804 0 0
2337 64151 1812 0 0
2337 64156 1814 0 0
2337 64160 1817 0 0
2337 64165 1818 0 0
2337 64171 1819 0 0
2337 64180 1823 0 0
2337 64184 1824 0 0
2337 64193 1827 0 0
2337 64195 1827 0 0
2337 64201 1827 0 0
2337 64209 1831 0 0
2337 64221 1838 0 0
2337 64223 1840 0 0
2337 64227 1840 0 0
2337 64234 1845 0 0
2337 64236 1845 0 0
2337 64238 1846 0 0
2337 64241 1850 0 0
2337 64243 1850 0 0
2337 64251 1857 0 0
2337 64253 1857 0 0
2337 64255 1859 0 0
2337 64261 1864 0 0
2337 64265 1865 0 0
2337 64277 1871 0 0
2337 64287 1875 0 0
2337 64290 1875 0 0
2337 64300 1878 0 0
2337 64317 1886 0 0
2337 64319 1888 0 0
2337 64321 1888 0 0
2337 64325 1889 0 0
2337 64332 1891 0 0
2337 64339 1894 0 0
2337 64351 1899 0 0
2337 64353 1899 0 0
2337 64355 1899 0 0
2337 64358 1902 0 0
2337 64362 1904 0 0
2337 64370 1906 0 0
2337 64379 1908 0 0
2337 64386 1910 0 0
2337 64388 1910 0 0
2337 64393 1911 0 0
2337 64397 1914 0 0
2337 64400 1916 0 0
2337 64410 1920 0 0
2337 64413 1921 0 0
2337 64419 1926 0 0
2337 64421 1926 0 0
2337 64423 1927 0 0
2337 64427 1928 0 0
2337 64430 1929 0 0
2337 64432 1929 0 0
2337 64437 1932 0 0
2337 64439 1932 0 0
2337 64443 1935 0 0
2337 64449 1936 0 0
2337 64451 1937 0 0
2337 64458 1943 0 0
2337 64460 1944 0 0
2337 64462 1945 0 0
2337 64476 1952 0 0
2337 64483 1954 0 0
2337 64485 1955 0 0
2337 64492 1979 0 0
2337 64494 1959 0 0
2337 64496 1960 0 0
2337 64498 1960 0 0
2337 64508 1963 0 0
2337 64515 1966 0 0
2337 64518 1967 0 0
2337 64520 1968 0 0
2337 64522 1968 0 0
2337 64531 1971 0 0
2337 64536 1998 0 0
2337 64543 1978 0 0
2337 64556 1983 0 0
2337 64560 1985 0 0
2337 64567 1987 0 0
2337 64569 1988 0 0
2337 64576 1990 0 0
2337 64596 2001 0 0
2337 64598 2002 0 0
2337 64617 2016 0 0
2337 64623 2018 0 0
2337 64635 2022 0 0
2337 64642 2025 0 0
2337 64646 2027 0 0
2337 64648 2027 0 0
2337 64650 2027 0 0
2337 64652 2028 0 0
2337 64654 2029 0 0
2337 64666 2033 0 0
2337 64674 2040 0 0
2337 64686 2044 0 0
2337 64688 2044 0 0
2337 64692 2047 0 0
2337 64696 2048 0 0
2337 64706 2052 0 0
2337 64710 2052 0 0
2337 64714 2053 0 0
2337 64724 2057 0 0
2337 64731 2061 0 0
2337 64733 2061 0 0
2337 64735 2062 0 0
2337 64737 2063 0 0
2337 64741 2063 0 0
2337 64759 2072 0 0
2337 64769 2074 0 0
2337 64780 2078 0 0
2337 64782 2079 0 0
2337 64788 2083 0 0
2337 64790 2084 0 0
2337 64792 2084 0 0
2337 64795 2085 0 0
2337 64799 2088 0 0
2337 64801 2091 0 0
2337 64803 2092 0 0
2337 64810 2097 0 0
2337 64822 2103 0 0
2337 64825 2104 0 0
2337 64828 2104 0 0
2337 64838 2108 0 0
2337 64841 2109 0 0
2337 64844 2112 0 0
2337 64846 2112 0 0
2337 64848 2113 0 0
2337 64858 2120 0 0
2337 64860 2121 0 0
2337 64862 2122 0 0
2337 64871 2132 0 0
2337 64884 2137 0 0
2337 64886 2138 0 0
2337 64890 2139 0 0
2337 64897 2143 0 0
2337 64899 2144 0 0
2337 64901 2145 0 0
2337 64913 2153 0 0
2337 64915 2238 0 0
2337 64917 2154 0 0
2337 64924 2156 0 0
2337 64928 2159 0 0
2337 64930 2160 0 0
2337 64932 2162 0 0
2337 64943 2171 0 0
2337 64947 2171 0 0
2337 64949 2174 0 0
2337 64953 2176 0 0
2337 64955 2179 0 0
2337 64957 2179 0 0
2337 64959 2179 0 0
2337 64961 2206 0 0
2337 64963 2180 0 0
2337 64968 2182 0 0
2337 64975 2187 0 0
2337 65005 2212 0 0
2337 65009 2212 0 0
2337 65018 2216 0 0
2337 65022 2217 0 0
2337 65024 2218 0 0
2337 65028 2219 0 0
2337 65030 2220 0 0
2337 65032 2221 0 0
2337 65036 2223 0 0
2337 65038 2223 0 0
2337 65041 2225 0 0
2337 65043 2226 0 0
2337 65045 2226 0 0
2337 65070 2239 0 0
2337 65079 2242 0 0
2337 65089 2247 0 0
2337 65098 2256 0 0
2337 65103 2257 0 0
2337 65105 2258 0 0
2337 65111 2260 0 0
2337 65125 2269 0 0
2337 65136 2273 0 0
2337 65145 2280 0 0
2337 65147 2282 0 0
2337 65164 2292 0 0
2337 65167 2294 0 0
2337 65172 2297 0 0
2337 65174 2297 0 0
2337 65180 2299 0 0
2337 65189 2301 0 0
2337 65191 2303 0 0
2337 65197 2305 0 0
2337 65202 2306 0 0
2337 65214 2312 0 0
2337 65222 2315 0 0
2337 65225 2316 0 0
2337 65233 2322 0 0
2337 65241 2329 0 0
2337 65252 2333 0 0
2337 65264 2337 0 0
2337 65266 2339 0 0
2337 65268 2340 0 0
2337 65282 2346 0 0
2337 65286 2347 0 0
2337 65292 2350 0 0
2337 65305 2356 0 0
2337 65325 2364 0 0
2337 65331 2377 0 0
2337 65340 2373 0 0
2337 65368 2383 0 0
2337 65393 2395 0 0
2337 65396 2396 0 0
2337 65412 2406 0 0
2337 65428 2410 0 0
2337 65432 2412 0 0
2337 65436 2416 0 0
2337 65452 2424 0 0
2337 65456 2425 0 0
2337 65461 2426 0 0
2337 65471 2431 0 0
2337 65473 2431 0 0
2337 65488 2483 0 0
2337 65490 2437 0 0
2337 65492 2438 0 0
2337 65496 2439 0 0
2337 65500 2439 0 0
2337 65506 2442 0 0
2337 65508 2443 0 0
2337 65522 2449 0 0
2337 65524 2451 0 0
2337 65526 2460 0 0
2337 65531 2459 0 0
2337 65549 2465 0 0
2337 65553 2466 0 0
2337 65591 2490 0 0
2337 65593 2490 0 0
2337 65595 2492 0 0
2337 65606 2499 0 0
2337 65608 2500 0 0
2337 65612 2502 0 0
2337 65615 2503 0 0
2337 65619 2503 0 0
2337 65624 2506 0 0
2337 65626 2506 0 0
2337 65628 2507 0 0
2337 65634 2511 0 0
2337 65646 2516 0 0
2337 65667 2528 0 0
2337 65676 2532 0 0
2337 65678 2533 0 0
2337 65685 2540 0 0
2337 65718 2557 0 0
2337 65722 2558 0 0
2337 65724 2558 0 0
2337 65737 2562 0 0
2337 65739 2563 0 0
2337 65743 2563 0 0
2337 65745 2564 0 0
2337 65747 2566 0 0
2337 65751 2568 0 0
2337 65766 2586 0 0
2337 65768 2586 0 0
2337 65775 2589 0 0
2337 65779 2591 0 0
2337 65801 2602 0 0
2337 65805 2604 0 0
2337 65811 2609 0 0
2337 65816 2613 0 0
2337 65825 2620 0 0
2337 65833 2623 0 0
2337 65835 2624 0 0
2337 65837 2624 0 0
2337 65840 2627 0 0
2337 65844 2629 0 0
2337 65848 2630 0 0
2337 65855 2636 0 0
2337 65857 2708 0 0
2337 65861 2637 0 0
2337 65865 2639 0 0
2337 65874 2642 0 0
2337 65876 2643 0 0
2337 65891 2648 0 0
2337 65902 2654 0 0
2337 65912 2661 0 0
2337 65914 2662 0 0
2337 65916 2662 0 0
2337 65926 2665 0 0
2337 65928 2666 0 0
2337 65938 2676 0 0
2337 65943 2677 0 0
2337 65947 2680 0 0
2337 65950 2681 0 0
2337 65959 2685 0 0
2337 65964 2688 0 0
2337 65967 2689 0 0
2337 65974 2693 0 0
2337 65986 2696 0 0
2337 65988 2696 0 0
2337 65990 2697 0 0
2337 65997 2699 0 0
2337 65999 2699 0 0
2337 66003 2701 0 0
2337 66008 2702 0 0
2337 66013 2704 0 0
2337 66022 2709 0 0
2337 66024 2710 0 0
2337 66026 2710 0 0
2337 66030 2711 0 0
2337 66053 2720 0 0
2337 66058 2725 0 0
2337 66065 2727 0 0
2337 66067 2728 0 0
2337 66069 2730 0 0
2337 66071 2730 0 0
2337 66073 2731 0 0
2337 66075 2731 0 0
2337 66078 2733 0 0
2337 66080 2735 0 0
2337 66082 2735 0 0
2337 66092 2737 0 0
2337 66094 2739 0 0
2337 66097 2743 0 0
2337 66099 2744 0 0
2337 66103 2747 0 0
2337 66107 2748 0 0
2337 66111 2750 0 0
2337 66122 2756 0 0
2337 66127 2758 0 0
2337 66129 2758 0 0
2337 66131 2758 0 0
2337 66133 2761 0 0
2337 66138 2764 0 0
2337 66146 2770 0 0
2337 66148 2771 0 0
2337 66151 2777 0 0
2337 66156 2778 0 0
2337 66165 2781 0 0
2337 66169 2782 0 0
2337 66171 2785 0 0
2337 66177 2787 0 0
2337 66181 2788 0 0
2337 66187 2789 0 0
2337 66194 2791 0 0
2337 66198 2794 0 0
2337 66201 2795 0 0
2337 66207 2797 0 0
2337 66210 2799 0 0
2337 66212 2800 0 0
2337 66214 2800 0 0
2337 66216 2801 0 0
2337 66218 2802 0 0
2337 66225 2804 0 0
2337 66228 2806 0 0
2337 66230 2806 0 0
2337 66234 2810 0 0
2337 66236 2810 0 0
2337 66238 2812 0 0
2337 66245 2814 0 0
2337 66247 2814 0 0
2337 66256 2817 0 0
2337 66258 2818 0 0
2337 66260 2820 0 0
2337 66267 2824 0 0
2337 66271 2827 0 0
2337 66273 2830 0 0
2337 66282 2833 0 0
2337 66287 2835 0 0
2337 66290 2836 0 0
2337 66292 2836 0 0
2337 66298 2841 0 0
2337 66304 2843 0 0
2337 66314 2846 0 0
2337 66318 2847 0 0
2337 66320 2847 0 0
2337 66336 2853 0 0
2337 66339 2854 0 0
2337 66343 2857 0 0
2337 66355 2862 0 0
2337 66357 2863 0 0
2337 66363 2866 0 0
2337 66369 2868 0 0
2337 66374 2869 0 0
2337 66378 2870 0 0
2337 66395 2880 0 0
2337 66397 2880 0 0
2337 66399 2881 0 0
2337 66401 2882 0 0
2337 66403 2882 0 0
2337 66415 2887 0 0
2337 66426 2891 0 0
2337 66429 2891 0 0
2337 66441 2894 0 0
2337 66452 2896 0 0
2337 66457 2898 0 0
2337 66459 2898 0 0
2337 66461 2898 0 0
2337 66471 2902 0 0
2337 66476 2904 0 0
2337 66481 2905 0 0
2337 66495 2910 0 0
2337 66497 2912 0 0
2337 66499 2912 0 0
2337 66502 2914 0 0
2337 66506 2916 0 0
2337 66509 2919 0 0
2337 66516 2924 0 0
2337 66519 3043 0 0
2337 66523 2927 0 0
2337 66534 2929 0 0
2337 66536 2930 0 0
2337 66550 2934 0 0
2337 66553 2936 0 0
2337 66562 2944 0 0
2337 66564 2944 0 0
2337 66568 2947 0 0
2337 66572 2948 0 0
2337 66578 2949 0 0
2337 66591 2953 0 0
2337 66594 2953 0 0
2337 66599 2954 0 0
2337 66609 2959 0 0
2337 66619 2961 0 0
2337 66622 2963 0 0
2337 66627 2966 0 0
2337 66629 2967 0 0
2337 66635 2968 0 0
2337 66637 2969 0 0
2337 66642 2971 0 0
2337 66649 2973 0 0
2337 66651 2973 0 0
2337 66653 2974 0 0
2337 66655 2974 0 0
2337 66657 2975 0 0
2337 66668 2980 0 0
2337 66679 2983 0 0
2337 66681 2984 0 0
2337 66683 2984 0 0
2337 66731 2994 0 0
2337 66735 2995 0 0
2337 66739 2995 0 0
2337 66742 2996 0 0
2337 66753 3001 0 0
2337 66775 3007 0 0
2337 66779 3009 0 0
2337 66800 3015 0 0
2337 66803 3015 0 0
2337 66811 3018 0 0
2337 66821 3026 0 0
2337 66834 3028 0 0
2337 66836 3029 0 0
2337 66839 3032 0 0
2337 66843 3034 0 0
2337 66851 3035 0 0
2337 66857 3037 0 0
2337 66859 3040 0 0
2337 66879 3044 0 0
2337 66881 3045 0 0
2337 66895 3049 0 0
2337 66918 3058 0 0
2337 66920 3058 0 0
2337 66925 3060 0 0
2337 66939 3064 0 0
2337 66945 3065 0 0
2337 66948 3067 0 0
2337 66957 3069 0 0
2337 66961 3239 0 0
2337 66964 3072 0 0
2337 66966 3073 0 0
2337 66986 3082 0 0
2337 66988 3082 0 0
2337 66995 3087 0 0
2337 66997 3090 0 0
2337 66999 3091 0 0
2337 67001 3091 0 0
2337 67005 3092 0 0
2337 67008 3093 0 0
2337 67014 3095 0 0
2337 67021 3097 0 0
2337 67032 3122 0 0
2337 67038 3103 0 0
2337 67040 3104 0 0
2337 67042 3104 0 0
2337 67044 3104 0 0
2337 67054 3105 0 0
2337 67063 3108 0 0
2337 67067 3109 0 0
2337 67079 3113 0 0
2337 67092 3119 0 0
2337 67094 3119 0 0
2337 67100 3122 0 0
2337 67102 3122 0 0
2337 67104 3147 0 0
2337 67127 3131 0 0
2337 67130 3131 0 0
2337 67132 3131 0 0
2337 67134 3132 0 0
2337 67137 3135 0 0
2337 67139 3135 0 0
2337 67141 3137 0 0
2337 67143 3139 0 0
2337 67145 3140 0 0
2337 67151 3145 0 0
2337 67166 3148 0 0
2337 67180 3157 0 0
2337 67195 3160 0 0
2337 67198 3163 0 0
2337 67200 3163 0 0
2337 67202 3164 0 0
2337 67213 3170 0 0
2337 67225 3173 0 0
2337 67228 3175 0 0
2337 67240 3179 0 0
2337 67247 3188 0 0
2337 67249 3188 0 0
2337 67251 3189 0 0
2337 67255 3190 0 0
2337 67257 3191 0 0
2337 67259 3192 0 0
2337 67268 3199 0 0
2337 67273 3200 0 0
2337 67281 3202 0 0
2337 67295 3205 0 0
2337 67299 3205 0 0
2337 67306 3209 0 0
2337 67308 3209 0 0
2337 67312 3211 0 0
2337 67314 3212 0 0
2337 67318 3213 0 0
2337 67330 3216 0 0
2337 67332 3216 0 0
2337 67353 3230 0 0
2337 67361 3233 0 0
2337 67363 3234 0 0
2337 67378 3238 0 0
2337 67382 3238 0 0
2337 67390 3240 0 0
2337 67398 3244 0 0
2337 67404 3247 0 0
2337 67406 3247 0 0
2337 67410 3248 0 0
2337 67412 3248 0 0
2337 67416 3249 0 0
2337 67424 3251 0 0
2337 67434 3253 0 0
2337 67436 3254 0 0
2337 67448 3263 0 0
2337 67450 3267 0 0
2337 67452 3268 0 0
2337 67463 3274 0 0
2337 67465 3274 0 0
2337 67474 3276 0 0
2337 67477 3279 0 0
2337 67479 3280 0 0
2337 67481 3281 0 0
2337 67483 3282 0 0
2337 67487 3283 0 0
2337 67492 3285 0 0
2337 67496 3287 0 0
2337 67500 3288 0 0
2337 67502 3288 0 0
2337 67504 3289 0 0
2337 67506 3292 0 0
2337 67508 3292 0 0
2337 67521 3298 0 0
2337 67523 3299 0 0
2337 67525 3299 0 0
2337 67539 3304 0 0
2337 67541 3305 0 0
2337 67547 3307 0 0
2337 67553 3310 0 0
2337 67557 3310 0 0
2337 67559 3310 0 0
2337 67563 3311 0 0
2337 67565 3311 0 0
2337 67567 3311 0 0
2337 67573 3315 0 0
2337 67580 3320 0 0
2337 67585 3323 0 0
2337 67587 3323 0 0
2337 67589 3324 0 0
2337 67591 3325 0 0
2337 67598 3328 0 0
2337 67600 3328 0 0
2337 67609 3330 0 0
2337 67620 3334 0 0
2337 67622 3335 0 0
2337 67624 3335 0 0
2337 67626 3336 0 0
2337 67628 3336 0 0
2337 67630 3337 0 0
2337 67632 3337 0 0
2337 67636 3338 0 0
2337 67640 3339 0 0
2337 67646 3340 0 0
2337 67652 3344 0 0
2337 67661 3347 0 0
2337 67663 3348 0 0
2337 67667 3350 0 0
2337 67670 3350 0 0
2337 67672 3353 0 0
2337 67674 3354 0 0
2337 67676 3354 0 0
2337 67678 3354 0 0
2337 67680 3355 0 0
2337 67685 3357 0 0
2337 67690 3359 0 0
2337 67692 3360 0 0
2337 67694 3361 0 0
2337 67696 3361 0 0
2337 67698 3362 0 0
2337 67700 3362 0 0
2337 67706 3364 0 0
2337 67713 3368 0 0
2337 67715 3369 0 0
2337 67721 3371 0 0
2337 67723 3372 0 0
2337 67727 3372 0 0
2337 67732 3374 0 0
2337 67734 3375 0 0
2337 67740 3376 0 0
2337 67742 3377 0 0
2337 67748 3377 0 0
2337 67754 3380 0 0
2337 67759 3383 0 0
2337 67761 3382 0 0
2337 67765 3383 0 0
2337 67775 3390 0 0
2337 67793 3397 0 0
2337 67795 3398 0 0
2337 67797 3399 0 0
2337 67800 3401 0 0
2337 67807 3404 0 0
2337 67811 3404 0 0
2337 67820 3414 0 0
2337 67824 3415 0 0
2337 67831 3416 0 0
2337 67836 3418 0 0
2337 67845 3422 0 0
2337 67848 3423 0 0
2337 67858 3425 0 0
2337 67863 3427 0 0
2337 67870 3428 0 0
2337 67893 3440 0 0
2337 67913 3450 0 0
2337 67918 3452 0 0
2337 67923 3454 0 0
2337 67927 3455 0 0
2337 67929 3457 0 0
2337 67931 3458 0 0
2337 67933 3460 0 0
2337 67936 3460 0 0
2337 67939 3462 0 0
2337 67942 3463 0 0
2337 67944 3465 0 0
2337 67950 3465 0 0
2337 67964 3469 0 0
2337 67967 3471 0 0
2337 67979 3478 0 0
2337 67985 3481 0 0
2337 67989 3483 0 0
2337 67994 3485 0 0
2337 68001 3485 0 0
2337 68005 3488 0 0
2337 68012 3490 0 0
2337 68016 3493 0 0
2337 68018 3493 0 0
2337 68022 3493 0 0
2337 68034 3494 0 0
2337 68042 3495 0 0
2337 68044 3496 0 0
2337 68050 3498 0 0
2337 68052 3498 0 0
2337 68056 3500 0 0
2337 68058 3500 0 0
2337 68060 3501 0 0
2337 68064 3504 0 0
2337 68071 3507 0 0
2337 68073 3508 0 0
2337 68077 3511 0 0
2337 68088 3517 0 0
2337 68092 3519 0 0
2337 68094 3519 0 0
2337 68103 3526 0 0
2337 68105 3526 0 0
2337 68112 3528 0 0
2337 68114 3528 0 0
2337 68119 3529 0 0
2337 68125 3530 0 0
2337 68137 3534 0 0
2337 68139 3536 0 0
2337 68141 3536 0 0
2337 68143 3537 0 0
2577 19785 0 346 0
2577 52729 0 93 0
3683 4377 0 21 0
3683 64866 0 71 0
3712 22288 460 0 0
3712 54351 34 0 0
3712 60131 0 2767 0
3712 67875 1160 0 0
4082 56104 0 5497 0
4255 57680 32 0 0
4255 57707 49 0 0
4255 57712 59 0 0
4255 57911 223 0 0
4255 58030 310 0 0
4501 21414 8470 0 0
4501 56291 169 0 0
4839 57648 0 2774 0
5150 60873 199 0 0
5150 63874 1716 0 0
6407 8156 0 1515 0
6611 26112 0 3 0
6611 48788 0 22 0
6611 63746 0 56 0
6611 65820 0 24 0
6846 59968 0 260 0
6917 62743 0 33 0
7111 56218 0 1839 0
7111 63740 0 87 0
7271 56418 481 0 0
8020 8156 0 3704 0
8156 17981 82 0 0
8156 29367 2095 0 0
8156 64282 4167 0 0
8371 56104 0 1648 0
8471 56104 0 2007 0
8866 61236 0 57 0
9771 57834 0 17 0
11097 56104 0 577 0
11955 48701 0 63 0
12344 63371 0 10 0
13057 58781 0 871 0
13388 58411 71 0 0
13707 66391 0 597 0
14144 60883 0 0 0
14296 65820 0 0 0
14380 26112 0 37 0
14569 26112 0 62 0
15495 57807 0 160 0
16078 25502 40 0 0
17314 57277 0 3255 0
18017 56245 258 0 0
18017 58453 1855 0 0
18561 56402 1 0 0
19480 61828 393 0 0
19480 66448 2738 0 0
19480 67867 54 0 0
19735 26112 0 209 0
19735 58318 0 212 0
19785 35373 18 0 0
22235 63477 0 194 0
22288 60131 0 2945 0
22757 57277 0 3431 0
23081 57524 0 1446 0
23637 63477 0 441 0
24070 56533 350 0 0
24070 58026 1508 0 0
24137 56104 0 2718 0
24514 59440 0 15 0
25050 57089 0 745 0
25125 25126 0 524 0
25126 46015 351 0 0
25126 56466 225 0 0
25126 60079 3173 0 0
25126 62502 4577 0 0
25126 65248 5932 0 0
26112 55828 124 0 0
26112 58206 1 0 0
26112 58299 340 0 0
26112 58318 0 148 0
26112 58384 24 0 0
26112 58455 169 0 0
26112 59122 750 0 0
26112 60774 81 0 0
26112 60945 100 0 0
26773 59549 58 0 0
26773 59669 153 0 0
26773 60962 1133 0 0
27197 61721 36 0 0
27569 57889 25 0 0
28854 52717 302 0 0
28854 66845 6 0 0
28854 66853 8 0 0
28854 66855 8 0 0
28854 66861 12 0 0
28854 66863 13 0 0
28854 66871 15 0 0
28854 66875 15 0 0
28854 66889 19 0 0
28854 66899 23 0 0
28854 66910 27 0 0
28854 66929 32 0 0
28854 66950 40 0 0
28854 66993 59 0 0
28854 67010 66 0 0
28854 67046 76 0 0
28854 67059 79 0 0
28854 67153 117 0 0
28854 67155 118 0 0
28854 67242 154 0 0
28854 67290 176 0 0
28854 67420 223 0 0
28854 67730 346 0 0
28854 67987 454 0 0
28854 68010 461 0 0
29099 64602 923 0 0
29111 55828 299 0 0
29111 65216 386 0 0
29468 56104 0 6398 0
29663 52647 0 187 0
31487 57089 0 8096 0
36295 54908 0 565 0
37453 45775 0 1853 0
39563 58781 0 1 0
40937 57305 0 5366 0
41319 60883 0 731 0
41616 66391 0 466 0
42577 57089 0 4909 0
42938 57089 0 118 0
43075 60131 0 2794 0
43197 61236 0 1782 0
43313 61648 1000 0 0
43944 57089 0 2334 0
44596 56838 487 0 0
45842 60131 0 672 0
48788 59246 224 0 0
49207 56104 0 1440 0
49475 59024 0 790 0
50264 52647 0 2521 0
51452 58921 52 0 0
51452 59070 162 0 0
51822 62743 0 1991 0
51946 58314 0 20 0
52043 57277 0 863 0
52063 65576 0 67 0
52228 57639 0 50 0
52228 58453 0 20 0
52647 60628 118 0 0
52647 61052 298 0 0
52647 61301 435 0 0
52773 57613 0 205 0
54155 60959 156 0 0
54155 63098 1255 0 0
54483 55192 896 0 0
54483 63896 1 0 0
54483 63947 24 0 0
54483 63987 54 0 0
54620 60131 0 2409 0
54908 55135 4117 0 0
54908 55187 247 0 0
54908 55465 159 0 0
54908 55790 169 0 0
54908 56144 73 0 0
54908 56379 3141 0 0
54908 56521 3717 0 0
54908 56650 19 0 0
54908 56675 43 0 0
54908 56687 53 0 0
54908 56692 57 0 0
54908 56723 78 0 0
54908 56737 89 0 0
54908 56788 124 0 0
54908 56847 173 0 0
54908 56853 177 0 0
54908 56862 180 0 0
54908 56893 203 0 0
54908 56908 210 0 0
54908 56915 248 0 0
54908 56930 4676 0 0
54908 56945 232 0 0
54908 56956 243 0 0
54908 57006 276 0 0
54908 57011 277 0 0
54908 57035 301 0 0
54908 57042 304 0 0
54908 57087 341 0 0
54908 57174 406 0 0
54908 57183 410 0 0
54908 57195 421 0 0
54908 57201 425 0 0
54908 57222 442 0 0
54908 57235 451 0 0
54908 57303 510 0 0
54908 57544 684 0 0
54908 57597 723 0 0
54908 57609 733 0 0
54908 57611 733 0 0
54908 57651 779 0 0
54908 57727 847 0 0
54908 57776 882 0 0
54908 57822 936 0 0
54908 57843 948 0 0
54908 57845 952 0 0
54908 57996 1063 0 0
54908 58024 1086 0 0
54908 58066 1125 0 0
54908 58121 1172 0 0
54908 58271 1292 0 0
54908 58305 1324 0 0
54908 58461 1439 0 0
54908 58517 1474 0 0
54908 58529 1485 0 0
54908 58536 1491 0 0
54908 58575 1529 0 0
54908 58582 1537 0 0
54908 58768 1699 0 0
54908 58859 1772 0 0
54908 58919 1829 0 0
54908 59380 2226 0 0
54908 59386 2236 0 0
54908 59699 2488 0 0
54908 59936 2679 0 0
54908 60325 3031 0 0
54908 60350 3042 0 0
54908 60408 3089 0 0
54908 61422 3680 0 0
54908 62036 3966 0 0
54908 62047 3971 0 0
54908 62171 4034 0 0
54908 62595 4270 0 0
54908 62878 4443 0 0
54908 63236 4609 0 0
54908 63890 4923 0 0
54908 64257 5101 0 0
54908 64489 5195 0 0
54908 65055 5468 0 0
54908 66805 6254 0 0
54908 67884 6675 0 0
55270 60973 2287 0 0
55494 56104 0 1400 0
55828 63746 0 69 0
55828 65819 0 31 0
55828 65820 0 31 0
56061 65140 0 80 0
56100 56245 168 0 0
56104 56240 118 0 0
56104 56342 188 0 0
56104 56418 259 0 0
56104 56445 256 0 0
56104 56470 268 0 0
56104 56732 555 0 0
56104 56960 647 0 0
56104 57205 834 0 0
56104 57239 1074 0 0
56104 57526 1077 0 0
56104 57547 1091 0 0
56104 57564 1104 0 0
56104 57645 1178 0 0
56104 57870 1374 0 0
56104 58407 1791 0 0
56104 59165 1705 0 0
56104 60400 3489 0 0
56104 61051 3152 0 0
56104 61330 4034 0 0
56104 62223 3729 0 0
56104 63134 4222 0 0
56104 63150 4229 0 0
56104 64472 1439 0 0
56104 65141 5919 0 0
56104 65602 5400 0 0
56104 68116 7169 0 0
56185 59686 2810 0 0
56185 60182 3231 0 0
56185 65207 5879 0 0
56218 56276 2768 0 0
56218 56293 194 0 0
56218 56309 67 0 0
56218 56311 70 0 0
56218 56344 92 0 0
56218 56391 131 0 0
56218 56431 154 0 0
56218 56441 159 0 0
56218 56552 249 0 0
56218 56942 538 0 0
56218 57225 750 0 0
56218 60622 3599 0 0
56218 60643 132 0 0
56218 60650 136 0 0
56218 60740 172 0 0
56218 60947 265 0 0
56218 61100 337 0 0
56218 61159 369 0 0
56218 62367 967 0 0
56218 62778 1207 0 0
56218 63838 1733 0 0
56227 56245 19 0 0
56440 66673 6369 0 0
56587 64154 221 0 0
56649 56807 122 0 0
56653 63720 4822 0 0
56664 56768 0 23 0
56664 56926 0 56 0
56664 57167 0 50 0
56690 56691 0 50 0
56755 56836 59 0 0
56755 57379 455 0 0
56778 64446 0 255 0
56836 59440 0 2247 0
57044 57074 29 0 0
57071 57313 185 0 0
57089 57101 8 0 0
57089 57243 2257 0 0
57089 57245 2257 0 0
57089 57311 172 0 0
57089 57345 197 0 0
57089 57411 241 0 0
57089 57444 271 0 0
57089 57446 7149 0 0
57089 57520 324 0 0
57089 57581 367 0 0
57089 57739 514 0 0
57089 57788 551 0 0
57089 57801 562 0 0
57089 57883 634 0 0
57089 58051 765 0 0
57089 58177 881 0 0
57089 58423 1086 0 0
57089 58513 1128 0 0
57089 58639 1243 0 0
57089 59228 1762 0 0
57089 59281 1803 0 0
57089 59316 1056 0 0
57089 59447 6808 0 0
57089 59547 2024 0 0
57089 59608 2064 0 0
57089 59658 482 0 0
57089 59813 2233 0 0
57089 59954 2927 0 0
57089 60047 2436 0 0
57089 60186 5187 0 0
57089 60269 610 0 0
57089 60342 2694 0 0
57089 60363 3882 0 0
57089 60695 520 0 0
57089 60881 3465 0 0
57089 60914 615 0 0
57089 60981 644 0 0
57089 61384 3314 0 0
57089 61475 57 0 0
57089 61678 3465 0 0
57089 62057 4897 0 0
57089 62458 2220 0 0
57089 62517 3881 0 0
57089 62556 1438 0 0
57089 62654 3951 0 0
57089 62758 715 0 0
57089 62766 116 0 0
57089 62934 3432 0 0
57089 63118 286 0 0
57089 63411 441 0 0
57089 63622 537 0 0
57089 63684 569 0 0
57089 63940 5603 0 0
57089 64191 130 0 0
57089 64682 1019 0 0
57089 64854 420 0 0
57089 65342 1349 0 0
57089 65400 1374 0 0
57089 65469 5325 0 0
57089 66040 238 0 0
57089 66140 288 0 0
57089 66310 42 0 0
57089 67850 3856 0 0
57089 67865 6322 0 0
57089 67952 73 0 0
57089 68127 6425 0 0
57144 57807 0 136 0
57268 61577 3274 0 0
57277 57514 176 0 0
57277 57666 304 0 0
57277 57682 322 0 0
57277 58211 750 0 0
57277 58397 895 0 0
57277 58441 939 0 0
57277 58459 951 0 0
57277 58763 1208 0 0
57277 58802 1243 0 0
57277 58906 1331 0 0
57277 59230 1621 0 0
57277 59251 1636 0 0
57277 59271 1646 0 0
57277 59279 1658 0 0
57277 59434 1806 0 0
57277 59438 1809 0 0
57277 59808 2081 0 0
57277 60244 2460 0 0
57277 61370 3165 0 0
57277 62083 3496 0 0
57277 64717 4804 0 0
57277 64936 4913 0 0
57277 65906 5403 0 0
57277 66861 5955 0 0
57277 67355 5982 0 0
57344 57914 464 0 0
57344 58006 532 0 0
57384 62994 0 58 0
57409 58132 597 0 0
57538 61444 3013 0 0
57613 58036 355 0 0
57807 57825 26 0 0
57807 57838 33 0 0
57807 57924 100 0 0
57807 57941 110 0 0
57807 57953 118 0 0
57807 57984 143 0 0
57807 57987 145 0 0
57807 58017 165 0 0
57807 58043 188 0 0
57807 58112 252 0 0
57807 58332 436 0 0
57807 58342 439 0 0
57807 58469 528 0 0
57807 58490 540 0 0
57807 58522 564 0 0
57807 58886 887 0 0
57807 59220 1182 0 0
57807 59469 1399 0 0
57807 59969 1801 0 0
57807 60861 2487 0 0
57807 62786 3470 0 0
57807 66624 5289 0 0
57807 66968 5399 0 0
57936 57955 14 0 0
57958 58011 42 0 0
57971 57998 16 0 0
58111 64272 3943 0 0
58137 59114 0 203 0
58224 58447 171 0 0
58253 58534 211 0 0
58268 61150 2247 0 0
58299 65216 0 125 0
58325 60084 1471 0 0
58325 60403 1744 0 0
58363 60375 1701 0 0
58403 60021 1378 0 0
58429 58485 42 0 0
58429 58492 43 0 0
58429 60321 1618 0 0
58441 59440 0 3652 0
58632 58754 115 0 0
58745 60111 1151 0 0
58781 59694 774 0 0
58781 59766 830 0 0
58781 59792 850 0 0
58781 59836 883 0 0
58781 59920 960 0 0
58812 65707 4053 0 0
58898 61619 0 279 0
58903 59026 99 0 0
58911 66448 4408 0 0
58953 58987 28 0 0
59176 59194 29 0 0
59354 59757 334 0 0
59440 59561 76 0 0
59440 59597 105 0 0
59440 59801 269 0 0
59440 59808 1431 0 0
59440 59890 351 0 0
59440 59909 369 0 0
59440 59948 396 0 0
59440 60043 481 0 0
59440 60127 550 0 0
59440 60206 622 0 0
59440 60275 682 0 0
59440 60371 766 0 0
59440 60470 832 0 0
59440 60584 980 0 0
59440 61493 1420 0 0
59440 62824 2101 0 0
59440 62837 26 0 0
59440 62922 82 0 0
59440 62984 111 0 0
59440 63192 203 0 0
59440 63231 226 0 0
59440 63310 273 0 0
59440 63347 291 0 0
59440 63446 339 0 0
59440 63936 567 0 0
59440 63970 583 0 0
59440 63995 603 0 0
59440 64040 630 0 0
59440 65073 3180 0 0
59440 65258 1193 0 0
59440 65702 1406 0 0
59440 66798 1872 0 0
59440 67854 2281 0 0
59440 67996 2342 0 0
59460 59759 227 0 0
59460 61938 1197 0 0
59460 67077 2420 0 0
59586 62012 1568 0 0
59622 59743 104 0 0
59622 62197 1627 0 0
59627 59638 12 0 0
59667 59705 26 0 0
59790 61696 0 42 0
59817 59896 73 0 0
59967 60487 435 0 0
59991 61008 726 0 0
60039 60116 61 0 0
60069 60590 481 0 0
60131 60144 9 0 0
60131 60180 45 0 0
60131 60202 63 0 0
60131 60422 248 0 0
60131 60442 263 0 0
60131 61328 779 0 0
60131 61335 782 0 0
60131 61454 850 0 0
60131 61622 932 0 0
60131 61705 970 0 0
60131 61772 1001 0 0
60131 61789 1012 0 0
60131 61811 1018 0 0
60131 61994 1178 0 0
60131 62267 1236 0 0
60131 62381 1297 0 0
60131 62386 1299 0 0
60131 62859 1579 0 0
60131 62897 1603 0 0
60131 62984 3634 0 0
60131 63124 1700 0 0
60131 63467 1880 0 0
60131 63537 1920 0 0
60131 63636 3200 0 0
60131 63663 1972 0 0
60131 65132 2659 0 0
60131 65881 3034 0 0
60131 66596 3341 0 0
60131 66633 3356 0 0
60131 66916 3445 0 0
60131 67052 3493 0 0
60131 67347 3616 0 0
60131 67459 3819 0 0
60138 60427 246 0 0
60254 62668 1350 0 0
60396 62821 851 0 0
60450 61982 832 0 0
60642 60924 123 0 0
60735 61279 258 0 0
60841 66088 2589 0 0
60846 61696 427 0 0
60924 61252 0 72 0
61000 61309 166 0 0
61041 61198 93 0 0
61120 61219 58 0 0
61120 61247 113 0 0
61185 61571 196 0 0
61185 62414 607 0 0
61200 61247 25 128 0
61200 62235 0 201 0
61247 62235 0 73 0
61249 63477 0 46 0
61274 62449 592 0 0
61499 62661 578 0 0
61619 61646 12 0 0
61619 61924 141 0 0
61680 61964 135 0 0
61691 61692 0 635 0
61692 62241 899 0 0
61692 65906 3095 0 0
61692 66901 3111 0 0
61813 64211 1204 0 0
61828 66448 4416 0 0
61901 62203 112 0 0
61968 62004 77 0 0
62024 62497 254 0 0
62024 66448 2246 0 0
62130 62632 47 0 0
62137 62641 278 0 0
62137 62821 390 0 0
62137 63781 865 0 0
62137 65130 1495 0 0
62235 62422 99 0 0
62243 62788 302 0 0
62243 67237 2339 0 0
62287 62770 280 0 0
62287 63450 623 0 0
62497 66448 3905 0 0
62743 64671 918 0 0
62743 64720 934 0 0
62743 66883 1925 0 0
62755 66448 1808 0 0
62903 63027 55 0 0
62940 63265 155 0 0
62940 63335 197 0 0
62994 63219 110 0 0
62994 63271 135 0 0
62994 64139 550 0 0
63073 63179 43 0 0
63073 66448 1622 0 0
63074 63143 23 0 0
63143 65652 0 41 0
63178 63179 1 0 0
63216 66391 0 107 0
63349 63553 102 0 0
63371 63823 213 0 0
63441 63730 132 0 0
63472 65217 666 0 0
63477 63478 1 0 0
63477 63579 50 0 0
63477 63655 86 0 0
63477 63883 190 0 0
63477 64042 280 0 0
63477 66418 1380 0 0
63496 63559 35 0 0
63649 63762 54 0 0
63896 63903 0 1 0
63980 65982 958 0 0
63999 64036 22 0 0
64032 65178 531 0 0
64158 64435 114 0 0
64366 64368 1 0 0
64383 65047 318 0 0
64383 65083 336 0 0
64406 66448 978 0 0
64445 64446 0 96 0
64446 64464 106 0 0
64446 64503 124 0 0
64446 64819 263 0 0
64446 65414 567 0 0
64446 66392 1039 0 0
64446 67209 1328 0 0
64627 64831 85 0 0
65063 66698 754 0 0
65216 65364 67 0 0
65216 65597 178 0 0
65260 65331 30 0 0
65576 66047 238 0 0
65576 66556 458 0 0
66019 66312 138 0 0
66349 66931 200 0 0
66391 66539 53 0 0
66391 66576 71 0 0
66391 66675 105 0 0
66391 66770 127 0 0
66391 67112 248 0 0
66391 67324 337 0 0
66391 67440 377 0 0
66391 67490 407 0 0
66391 67805 526 0 0
66391 67946 587 0 0
66558 67105 185 0 0
66601 66701 38 0 0
66601 66703 38 0 0
66601 66705 38 0 0
66601 66707 38 0 0
66601 66709 38 0 0
66601 66711 38 0 0
66601 66713 38 0 0
66601 66715 38 0 0
66601 66717 38 0 0
66601 66719 38 0 0
66601 66721 38 0 0
66601 66723 38 0 0
66601 66725 38 0 0
66601 66727 38 0 0
67342 67736 153 0 0
67349 67744 148 0 0
67531 67802 0 19 0
67905 67971 30 0 0
