1 1 100 76.9058
2 2 100 77.9233
3 3 100 79.2912
4 4 100 80.6591
5 5 100 81.6591
6 6 100 82.6995
7 7 100 83.6996
8 8 100 85.2514
9 9 100 87.9069
10 10 100 88.9988
11 11 100 3471.45
12 12 100 3472.82
13 13 100 3493.54
14 14 100 3495.64
15 15 100 3496.75
16 16 100 3498.12
17 17 100 3500.59
18 18 100 3506.62
19 19 100 3507.8
20 20 100 3509.11
21 21 100 3510.21
22 22 100 3511.21
23 23 100 3512.21
24 24 100 3515.41
25 25 100 3516.41
26 26 100 3518.15
27 27 100 3521.59
28 28 100 3522.95
29 29 100 3524.32
30 30 100 3526.05
31 31 100 3527.05
32 32 100 3528.05
33 33 100 3529.17
34 34 100 3530.19
35 35 100 3531.56
36 36 100 3532.92
37 37 100 3534
38 38 100 3535.37
39 39 100 3536.37
40 40 100 3537.74
41 41 100 3539.48
42 42 100 3595.16
43 43 100 3597.48
44 44 100 3599.58
45 45 100 3600.59
46 46 100 3601.61
47 47 100 3603.35
48 48 100 3605.08
49 49 100 3606.08
50 50 100 3656.09
