1 1 100 434.521
2 2 100 1002.31
3 3 100 1067.7
4 4 100 1124.47
5 5 100 1684.77
6 6 100 1860.68
7 7 100 1910.52
8 8 100 1961.7
9 9 100 1979.58
10 10 100 2001
11 11 100 2057.04
12 12 100 2075.32
13 13 100 2088.81
14 14 100 2103.18
15 15 100 2106.08
16 16 100 2118.08
17 17 100 2132.01
18 18 100 2142.64
19 19 100 2151.33
20 20 100 2158.53
21 21 100 2160.54
22 22 100 2167.18
23 23 100 2178.42
24 24 100 2190.29
25 25 100 2191.37
26 26 100 2194.33
27 27 100 2195.51
28 28 100 2199.34
29 29 100 2200.79
30 30 100 2201.82
31 31 100 2202.85
32 32 100 2203.89
33 33 100 2204.92
34 34 100 2209.16
35 35 100 2210.07
36 36 100 2215.24
37 37 100 2219.78
38 38 100 2229.93
39 39 100 2240.19
40 40 100 2254.52
41 41 100 2259.44
42 42 100 2263.32
43 43 100 2264.57
44 44 100 2266.39
45 45 100 2268.5
46 46 100 2270.31
47 47 100 2276.99
48 48 100 2278.8
49 49 100 2283.9
50 50 100 2286.7
