1 1 100 597.894
2 2 100 1215.43
3 3 100 1328.78
4 4 100 1389.52
5 5 100 1391.54
6 6 100 1421.09
7 7 100 1495.18
8 8 100 1508.88
9 9 100 1522.36
10 10 100 1533.12
11 11 100 1544.79
12 12 100 1545.88
13 13 100 1555
14 14 100 1564.21
15 15 100 1584.37
16 16 100 1592.54
17 17 100 1599.74
18 18 100 1607.91
19 19 100 1615.83
20 20 100 1621.49
21 21 100 1626.49
22 22 100 1632.31
23 23 100 1638.73
24 24 100 1642.57
25 25 100 1646.62
26 26 100 1647.71
27 27 100 1655.67
28 28 100 1666.3
29 29 100 1669.63
30 30 100 1672.33
31 31 100 1677.84
32 32 100 1690.92
33 33 100 1693.22
34 34 100 1698.3
35 35 100 1702.12
36 36 100 1705.97
37 37 100 1773.07
38 38 100 1774.97
39 39 100 1868.28
40 40 100 1877.73
41 41 100 1880.58
42 42 100 1886.04
43 43 100 1889.29
44 44 100 1896.22
45 45 100 1910.5
46 46 100 1912.47
47 47 100 1915.36
48 48 100 1917.92
49 49 100 1921.77
50 50 100 1922.84
