21414 4501 0
61691 61692 0
62241 61692 0
65906 61692 0
66901 61692 0
68293 61692 0
68360 61692 0
59438 61692 0
80305 61692 0
24514 61692 0
60628 52647 0
29663 52647 0
61052 52647 0
61301 52647 0
50264 52647 0
67489 52647 0
72953 52647 0
80247 52647 0
60873 5150 0
63874 5150 0
58455 26112 0
60527 2337 0
60533 2337 0
60547 2337 0
60554 2337 0
60557 2337 0
60561 2337 0
60567 2337 0
60575 2337 0
60582 2337 0
60586 2337 0
60588 2337 0
60593 2337 0
60612 2337 0
60614 2337 0
60648 2337 0
60655 2337 0
60657 2337 0
60659 2337 0
60663 2337 0
60666 2337 0
60669 2337 0
60673 2337 0
60686 2337 0
60690 2337 0
60702 2337 0
60729 2337 0
60736 2337 0
60746 2337 0
60755 2337 0
60769 2337 0
60782 2337 0
60793 2337 0
60801 2337 0
60805 2337 0
60815 2337 0
60839 2337 0
60850 2337 0
60854 2337 0
60856 2337 0
60858 2337 0
60864 2337 0
60869 2337 0
60884 2337 0
60887 2337 0
60897 2337 0
60902 2337 0
60907 2337 0
60919 2337 0
60933 2337 0
60939 2337 0
60943 2337 0
60965 2337 0
60988 2337 0
60992 2337 0
60995 2337 0
61006 2337 0
61017 2337 0
61025 2337 0
61031 2337 0
61029 2337 0
61045 2337 0
61047 2337 0
61064 2337 0
61075 2337 0
61077 2337 0
61082 2337 0
61084 2337 0
61093 2337 0
61097 2337 0
61103 2337 0
61113 2337 0
61116 2337 0
61124 2337 0
11892 2337 0
61131 2337 0
61147 2337 0
61111 2337 0
61161 2337 0
61174 2337 0
61176 2337 0
61186 2337 0
61188 2337 0
61196 2337 0
61202 2337 0
61212 2337 0
61215 2337 0
61217 2337 0
61221 2337 0
61225 2337 0
61223 2337 0
61231 2337 0
61242 2337 0
61254 2337 0
61262 2337 0
61260 2337 0
61264 2337 0
61267 2337 0
12970 2337 0
61282 2337 0
61309 2337 0
61321 2337 0
61323 2337 0
61339 2337 0
61337 2337 0
61348 2337 0
61360 2337 0
61364 2337 0
61362 2337 0
61366 2337 0
61391 2337 0
61394 2337 0
61407 2337 0
61417 2337 0
61414 2337 0
61420 2337 0
61438 2337 0
61446 2337 0
51822 2337 0
61452 2337 0
61456 2337 0
61459 2337 0
61461 2337 0
61472 2337 0
61481 2337 0
61489 2337 0
61507 2337 0
61512 2337 0
61517 2337 0
61526 2337 0
61533 2337 0
61536 2337 0
61539 2337 0
61559 2337 0
61564 2337 0
61562 2337 0
61567 2337 0
61569 2337 0
61586 2337 0
61592 2337 0
61594 2337 0
61598 2337 0
61607 2337 0
61609 2337 0
61613 2337 0
61620 2337 0
61626 2337 0
61631 2337 0
61661 2337 0
61671 2337 0
61688 2337 0
61710 2337 0
53188 2337 0
61730 2337 0
61728 2337 0
61745 2337 0
61743 2337 0
61754 2337 0
61758 2337 0
19681 2337 0
61769 2337 0
61782 2337 0
61785 2337 0
61793 2337 0
61820 2337 0
61830 2337 0
61848 2337 0
61850 2337 0
61853 2337 0
61855 2337 0
61858 2337 0
61871 2337 0
61874 2337 0
61876 2337 0
61882 2337 0
61892 2337 0
61899 2337 0
61907 2337 0
61914 2337 0
61933 2337 0
61944 2337 0
61951 2337 0
61955 2337 0
61957 2337 0
61962 2337 0
61984 2337 0
61998 2337 0
62004 2337 0
62010 2337 0
62032 2337 0
62043 2337 0
62055 2337 0
62062 2337 0
62064 2337 0
62068 2337 0
62066 2337 0
62074 2337 0
62076 2337 0
62085 2337 0
62081 2337 0
62087 2337 0
62089 2337 0
62091 2337 0
62103 2337 0
62108 2337 0
62125 2337 0
62127 2337 0
62133 2337 0
62138 2337 0
62148 2337 0
62153 2337 0
62156 2337 0
62167 2337 0
62173 2337 0
62180 2337 0
62175 2337 0
51871 2337 0
62182 2337 0
23343 2337 0
62205 2337 0
62211 2337 0
62217 2337 0
62221 2337 0
62233 2337 0
62029 2337 0
62254 2337 0
62256 2337 0
62276 2337 0
62279 2337 0
62285 2337 0
62301 2337 0
62308 2337 0
62312 2337 0
62320 2337 0
62328 2337 0
62330 2337 0
62332 2337 0
62338 2337 0
62342 2337 0
62340 2337 0
62345 2337 0
62353 2337 0
62356 2337 0
62365 2337 0
62376 2337 0
62388 2337 0
62395 2337 0
62397 2337 0
62401 2337 0
62404 2337 0
62406 2337 0
62419 2337 0
62427 2337 0
62431 2337 0
62433 2337 0
62435 2337 0
62439 2337 0
62441 2337 0
62445 2337 0
62454 2337 0
62456 2337 0
62462 2337 0
62464 2337 0
62479 2337 0
62473 2337 0
62477 2337 0
62483 2337 0
62487 2337 0
62260 2337 0
62512 2337 0
62520 2337 0
62525 2337 0
62533 2337 0
62537 2337 0
62550 2337 0
62558 2337 0
62569 2337 0
62577 2337 0
62586 2337 0
62593 2337 0
62599 2337 0
62612 2337 0
62614 2337 0
62616 2337 0
62618 2337 0
44153 2337 0
62639 2337 0
62643 2337 0
62645 2337 0
62649 2337 0
62657 2337 0
62659 2337 0
62663 2337 0
62671 2337 0
62669 2337 0
62673 2337 0
62687 2337 0
62694 2337 0
62696 2337 0
22366 2337 0
62704 2337 0
62719 2337 0
62724 2337 0
62726 2337 0
62730 2337 0
62734 2337 0
62738 2337 0
62741 2337 0
62763 2337 0
62794 2337 0
62803 2337 0
62813 2337 0
62816 2337 0
62849 2337 0
62857 2337 0
62880 2337 0
62895 2337 0
62892 2337 0
62890 2337 0
62904 2337 0
62906 2337 0
62908 2337 0
62914 2337 0
62916 2337 0
62924 2337 0
62931 2337 0
62945 2337 0
256 2337 0
62949 2337 0
62955 2337 0
62962 2337 0
62974 2337 0
62976 2337 0
62990 2337 0
63000 2337 0
63012 2337 0
63015 2337 0
63017 2337 0
63020 2337 0
63024 2337 0
63035 2337 0
63039 2337 0
63041 2337 0
63044 2337 0
63046 2337 0
63051 2337 0
63053 2337 0
63065 2337 0
63080 2337 0
63091 2337 0
63085 2337 0
13858 2337 0
63096 2337 0
63102 2337 0
63104 2337 0
63112 2337 0
63145 2337 0
63154 2337 0
63159 2337 0
63188 2337 0
63186 2337 0
63190 2337 0
63205 2337 0
63210 2337 0
63212 2337 0
63221 2337 0
63216 2337 0
63233 2337 0
63238 2337 0
63240 2337 0
63242 2337 0
63246 2337 0
63249 2337 0
63257 2337 0
63260 2337 0
63269 2337 0
63281 2337 0
63283 2337 0
63289 2337 0
63291 2337 0
63300 2337 0
63296 2337 0
63305 2337 0
63325 2337 0
63327 2337 0
63355 2337 0
63367 2337 0
63369 2337 0
63374 2337 0
63380 2337 0
35580 2337 0
63409 2337 0
63416 2337 0
63420 2337 0
63425 2337 0
7083 2337 0
63448 2337 0
63456 2337 0
63461 2337 0
63470 2337 0
63475 2337 0
63484 2337 0
63494 2337 0
63504 2337 0
63510 2337 0
63513 2337 0
63522 2337 0
63524 2337 0
63532 2337 0
63539 2337 0
63541 2337 0
63547 2337 0
63549 2337 0
63555 2337 0
63564 2337 0
63570 2337 0
63573 2337 0
63575 2337 0
63586 2337 0
63590 2337 0
63588 2337 0
63594 2337 0
63596 2337 0
63598 2337 0
63601 2337 0
63611 2337 0
63607 2337 0
63609 2337 0
63613 2337 0
63629 2337 0
63634 2337 0
63639 2337 0
63641 2337 0
63643 2337 0
63646 2337 0
63657 2337 0
63665 2337 0
63669 2337 0
63677 2337 0
63673 2337 0
63686 2337 0
12977 2337 0
63695 2337 0
63703 2337 0
63713 2337 0
63716 2337 0
63718 2337 0
63724 2337 0
63728 2337 0
63741 2337 0
63743 2337 0
63747 2337 0
63752 2337 0
63750 2337 0
63757 2337 0
63764 2337 0
63773 2337 0
63783 2337 0
63787 2337 0
63794 2337 0
63796 2337 0
63798 2337 0
63803 2337 0
63805 2337 0
63807 2337 0
63813 2337 0
63818 2337 0
63821 2337 0
63827 2337 0
63829 2337 0
63840 2337 0
63844 2337 0
63842 2337 0
63865 2337 0
63863 2337 0
63888 2337 0
63894 2337 0
63896 2337 0
63921 2337 0
63934 2337 0
63957 2337 0
63981 2337 0
63989 2337 0
63993 2337 0
1486 2337 0
5661 2337 0
64020 2337 0
64015 2337 0
64018 2337 0
64030 2337 0
64059 2337 0
64057 2337 0
64076 2337 0
64074 2337 0
64097 2337 0
64094 2337 0
64099 2337 0
64107 2337 0
64115 2337 0
64117 2337 0
64113 2337 0
64121 2337 0
64134 2337 0
64151 2337 0
64156 2337 0
64160 2337 0
64165 2337 0
64171 2337 0
64180 2337 0
8575 2337 0
64184 2337 0
64195 2337 0
64193 2337 0
64201 2337 0
64209 2337 0
64221 2337 0
64227 2337 0
64223 2337 0
64234 2337 0
64236 2337 0
64238 2337 0
64243 2337 0
64241 2337 0
64251 2337 0
64253 2337 0
64255 2337 0
64261 2337 0
64265 2337 0
64277 2337 0
64290 2337 0
64287 2337 0
64300 2337 0
64317 2337 0
64321 2337 0
64319 2337 0
64325 2337 0
64332 2337 0
64339 2337 0
64353 2337 0
64355 2337 0
64351 2337 0
64358 2337 0
9216 2337 0
64362 2337 0
64370 2337 0
64379 2337 0
64386 2337 0
64388 2337 0
64393 2337 0
64397 2337 0
64400 2337 0
64410 2337 0
64413 2337 0
64419 2337 0
64421 2337 0
64423 2337 0
64427 2337 0
64432 2337 0
64430 2337 0
64439 2337 0
64437 2337 0
64443 2337 0
64449 2337 0
64451 2337 0
64458 2337 0
64460 2337 0
64462 2337 0
64476 2337 0
64483 2337 0
64485 2337 0
64494 2337 0
64496 2337 0
64498 2337 0
64508 2337 0
64515 2337 0
64518 2337 0
64520 2337 0
64522 2337 0
64531 2337 0
64543 2337 0
64492 2337 0
64556 2337 0
64560 2337 0
64567 2337 0
64569 2337 0
64576 2337 0
64536 2337 0
64596 2337 0
64598 2337 0
64617 2337 0
64623 2337 0
64635 2337 0
64642 2337 0
64648 2337 0
64646 2337 0
64650 2337 0
64652 2337 0
64654 2337 0
64666 2337 0
64674 2337 0
34 2337 0
64688 2337 0
64686 2337 0
64692 2337 0
64696 2337 0
64706 2337 0
64710 2337 0
64714 2337 0
64724 2337 0
64733 2337 0
64731 2337 0
64735 2337 0
64741 2337 0
64737 2337 0
64759 2337 0
64769 2337 0
64780 2337 0
64782 2337 0
64788 2337 0
64790 2337 0
64792 2337 0
64795 2337 0
64799 2337 0
64801 2337 0
64803 2337 0
64810 2337 0
64822 2337 0
64828 2337 0
64825 2337 0
64838 2337 0
64841 2337 0
64844 2337 0
64846 2337 0
64848 2337 0
64858 2337 0
64860 2337 0
64862 2337 0
64871 2337 0
64884 2337 0
64886 2337 0
64890 2337 0
64897 2337 0
64899 2337 0
64901 2337 0
64913 2337 0
64917 2337 0
64924 2337 0
64928 2337 0
64930 2337 0
64932 2337 0
64947 2337 0
64943 2337 0
64949 2337 0
64953 2337 0
64955 2337 0
64959 2337 0
64957 2337 0
64963 2337 0
64968 2337 0
64975 2337 0
64961 2337 0
65009 2337 0
65005 2337 0
65018 2337 0
65022 2337 0
65024 2337 0
65028 2337 0
65030 2337 0
65032 2337 0
65036 2337 0
65038 2337 0
65041 2337 0
65043 2337 0
65045 2337 0
64915 2337 0
65070 2337 0
65079 2337 0
65089 2337 0
65098 2337 0
65103 2337 0
65105 2337 0
65111 2337 0
65125 2337 0
65136 2337 0
65145 2337 0
65147 2337 0
65164 2337 0
65167 2337 0
65174 2337 0
65172 2337 0
65180 2337 0
65189 2337 0
65191 2337 0
65197 2337 0
65202 2337 0
65214 2337 0
65222 2337 0
65225 2337 0
65233 2337 0
65241 2337 0
65252 2337 0
65264 2337 0
65266 2337 0
65268 2337 0
65282 2337 0
65286 2337 0
65292 2337 0
65305 2337 0
65325 2337 0
65340 2337 0
65331 2337 0
65368 2337 0
65393 2337 0
65396 2337 0
65412 2337 0
65428 2337 0
65432 2337 0
65436 2337 0
65452 2337 0
65456 2337 0
65461 2337 0
65471 2337 0
65473 2337 0
65490 2337 0
65492 2337 0
65500 2337 0
65496 2337 0
65506 2337 0
65508 2337 0
63872 2337 0
65522 2337 0
65524 2337 0
65531 2337 0
65526 2337 0
65549 2337 0
65553 2337 0
24571 2337 0
65488 2337 0
65591 2337 0
65593 2337 0
65595 2337 0
65606 2337 0
65608 2337 0
65612 2337 0
65615 2337 0
65619 2337 0
65626 2337 0
65624 2337 0
10765 2337 0
65628 2337 0
65634 2337 0
65646 2337 0
65667 2337 0
65676 2337 0
65678 2337 0
65685 2337 0
65718 2337 0
65722 2337 0
65724 2337 0
13059 2337 0
65737 2337 0
65743 2337 0
65739 2337 0
65745 2337 0
65747 2337 0
65751 2337 0
65768 2337 0
65766 2337 0
65775 2337 0
65779 2337 0
65801 2337 0
65805 2337 0
65811 2337 0
65816 2337 0
65825 2337 0
65833 2337 0
65837 2337 0
65835 2337 0
65840 2337 0
65844 2337 0
65848 2337 0
65855 2337 0
65861 2337 0
65865 2337 0
65874 2337 0
65876 2337 0
65891 2337 0
65902 2337 0
65912 2337 0
65914 2337 0
65916 2337 0
65926 2337 0
65928 2337 0
65938 2337 0
65943 2337 0
65947 2337 0
65950 2337 0
65959 2337 0
65964 2337 0
65967 2337 0
65974 2337 0
65988 2337 0
65986 2337 0
65990 2337 0
65997 2337 0
65999 2337 0
66003 2337 0
66008 2337 0
66013 2337 0
65857 2337 0
66022 2337 0
66024 2337 0
66026 2337 0
66030 2337 0
66053 2337 0
66058 2337 0
66065 2337 0
66067 2337 0
66069 2337 0
66071 2337 0
66075 2337 0
66073 2337 0
66078 2337 0
66082 2337 0
66080 2337 0
66092 2337 0
66094 2337 0
66097 2337 0
66099 2337 0
66103 2337 0
66107 2337 0
66111 2337 0
66122 2337 0
66131 2337 0
66129 2337 0
66127 2337 0
66133 2337 0
66138 2337 0
66146 2337 0
66148 2337 0
66151 2337 0
66156 2337 0
66165 2337 0
66169 2337 0
66171 2337 0
66177 2337 0
66181 2337 0
66187 2337 0
66194 2337 0
66198 2337 0
66201 2337 0
66207 2337 0
66210 2337 0
66214 2337 0
66212 2337 0
66216 2337 0
66218 2337 0
66225 2337 0
66228 2337 0
66230 2337 0
66234 2337 0
66236 2337 0
66238 2337 0
66247 2337 0
66245 2337 0
66256 2337 0
66258 2337 0
66260 2337 0
66267 2337 0
66271 2337 0
66273 2337 0
66282 2337 0
66287 2337 0
66292 2337 0
66290 2337 0
66298 2337 0
66304 2337 0
66314 2337 0
66320 2337 0
66318 2337 0
66336 2337 0
66339 2337 0
66343 2337 0
66355 2337 0
66357 2337 0
66363 2337 0
66369 2337 0
66374 2337 0
66378 2337 0
66397 2337 0
66395 2337 0
66399 2337 0
66403 2337 0
66401 2337 0
66415 2337 0
66429 2337 0
66426 2337 0
66441 2337 0
66452 2337 0
66459 2337 0
66457 2337 0
66461 2337 0
66471 2337 0
66476 2337 0
66481 2337 0
66495 2337 0
66499 2337 0
66497 2337 0
66502 2337 0
66506 2337 0
66509 2337 0
66516 2337 0
66523 2337 0
66534 2337 0
66536 2337 0
66550 2337 0
66553 2337 0
66562 2337 0
66564 2337 0
66568 2337 0
66572 2337 0
66578 2337 0
66591 2337 0
66594 2337 0
66599 2337 0
66609 2337 0
66619 2337 0
66622 2337 0
66627 2337 0
66629 2337 0
66635 2337 0
66637 2337 0
66642 2337 0
66649 2337 0
66651 2337 0
66653 2337 0
66655 2337 0
66657 2337 0
66668 2337 0
66679 2337 0
66681 2337 0
66683 2337 0
66731 2337 0
66739 2337 0
66735 2337 0
66742 2337 0
66753 2337 0
66775 2337 0
66779 2337 0
66803 2337 0
66800 2337 0
66811 2337 0
66821 2337 0
66834 2337 0
66836 2337 0
66839 2337 0
66843 2337 0
66851 2337 0
66857 2337 0
66859 2337 0
66519 2337 0
66879 2337 0
66881 2337 0
66895 2337 0
66918 2337 0
66920 2337 0
66925 2337 0
66939 2337 0
66945 2337 0
66948 2337 0
66957 2337 0
66964 2337 0
66966 2337 0
66986 2337 0
66988 2337 0
66995 2337 0
66997 2337 0
66999 2337 0
67001 2337 0
67005 2337 0
67008 2337 0
67014 2337 0
67021 2337 0
67038 2337 0
67042 2337 0
67044 2337 0
67040 2337 0
231 2337 0
67054 2337 0
67063 2337 0
67067 2337 0
67079 2337 0
67094 2337 0
67092 2337 0
67102 2337 0
67032 2337 0
67100 2337 0
24238 2337 0
67132 2337 0
67130 2337 0
67127 2337 0
67134 2337 0
67137 2337 0
67139 2337 0
67141 2337 0
67143 2337 0
67145 2337 0
67151 2337 0
67104 2337 0
67166 2337 0
67180 2337 0
67195 2337 0
67198 2337 0
67200 2337 0
67202 2337 0
67213 2337 0
57766 2337 0
67225 2337 0
67228 2337 0
67240 2337 0
67247 2337 0
67249 2337 0
67251 2337 0
67255 2337 0
67257 2337 0
67259 2337 0
67268 2337 0
67273 2337 0
67281 2337 0
67299 2337 0
67295 2337 0
67306 2337 0
67308 2337 0
67312 2337 0
67314 2337 0
67318 2337 0
67332 2337 0
67330 2337 0
63908 2337 0
67353 2337 0
67361 2337 0
67363 2337 0
67378 2337 0
67382 2337 0
66961 2337 0
67390 2337 0
67398 2337 0
67406 2337 0
67404 2337 0
67412 2337 0
67410 2337 0
67416 2337 0
67424 2337 0
67434 2337 0
67436 2337 0
67448 2337 0
67450 2337 0
67452 2337 0
67463 2337 0
67465 2337 0
67474 2337 0
67477 2337 0
67479 2337 0
67481 2337 0
67483 2337 0
67487 2337 0
67492 2337 0
67496 2337 0
67500 2337 0
67502 2337 0
67504 2337 0
67506 2337 0
67508 2337 0
67521 2337 0
67523 2337 0
67525 2337 0
67539 2337 0
67541 2337 0
67547 2337 0
67557 2337 0
67553 2337 0
67559 2337 0
67565 2337 0
67563 2337 0
67567 2337 0
67573 2337 0
67580 2337 0
67587 2337 0
67585 2337 0
67589 2337 0
67591 2337 0
67598 2337 0
67600 2337 0
67609 2337 0
67620 2337 0
67624 2337 0
67622 2337 0
67626 2337 0
67628 2337 0
67632 2337 0
67630 2337 0
67636 2337 0
67640 2337 0
67646 2337 0
67652 2337 0
67661 2337 0
67663 2337 0
67670 2337 0
67667 2337 0
67672 2337 0
67676 2337 0
67674 2337 0
67678 2337 0
67680 2337 0
67685 2337 0
67690 2337 0
67692 2337 0
67694 2337 0
67696 2337 0
67698 2337 0
67700 2337 0
67706 2337 0
67713 2337 0
67715 2337 0
67721 2337 0
67723 2337 0
67727 2337 0
67732 2337 0
67734 2337 0
67740 2337 0
67748 2337 0
67742 2337 0
67754 2337 0
67761 2337 0
67765 2337 0
67759 2337 0
67775 2337 0
67793 2337 0
67795 2337 0
67797 2337 0
67800 2337 0
67811 2337 0
67807 2337 0
6009 2337 0
67820 2337 0
7495 2337 0
67824 2337 0
67831 2337 0
67836 2337 0
67845 2337 0
67848 2337 0
67858 2337 0
67863 2337 0
67870 2337 0
67893 2337 0
67913 2337 0
67918 2337 0
67923 2337 0
67927 2337 0
67929 2337 0
67931 2337 0
67933 2337 0
67936 2337 0
67939 2337 0
67942 2337 0
67944 2337 0
67950 2337 0
67964 2337 0
67967 2337 0
67979 2337 0
67985 2337 0
67989 2337 0
67994 2337 0
68001 2337 0
68005 2337 0
68012 2337 0
68022 2337 0
68016 2337 0
68018 2337 0
68034 2337 0
18662 2337 0
68042 2337 0
68044 2337 0
68052 2337 0
68050 2337 0
68056 2337 0
68058 2337 0
68060 2337 0
68064 2337 0
68071 2337 0
68073 2337 0
68077 2337 0
68088 2337 0
68092 2337 0
68094 2337 0
68103 2337 0
68105 2337 0
68112 2337 0
68114 2337 0
68119 2337 0
68125 2337 0
68137 2337 0
68139 2337 0
68141 2337 0
68143 2337 0
68153 2337 0
68156 2337 0
68158 2337 0
62774 2337 0
68166 2337 0
68164 2337 0
68168 2337 0
68174 2337 0
68180 2337 0
68190 2337 0
68188 2337 0
68193 2337 0
68195 2337 0
68199 2337 0
68215 2337 0
68211 2337 0
68220 2337 0
68224 2337 0
68228 2337 0
68234 2337 0
68236 2337 0
68239 2337 0
68253 2337 0
68251 2337 0
68264 2337 0
68266 2337 0
68268 2337 0
68270 2337 0
68278 2337 0
68282 2337 0
68284 2337 0
68288 2337 0
68291 2337 0
68304 2337 0
68312 2337 0
68315 2337 0
68322 2337 0
68325 2337 0
68327 2337 0
18629 2337 0
68336 2337 0
68340 2337 0
68346 2337 0
68350 2337 0
68364 2337 0
68368 2337 0
68370 2337 0
68372 2337 0
68381 2337 0
68385 2337 0
68383 2337 0
68393 2337 0
68391 2337 0
68415 2337 0
68422 2337 0
68425 2337 0
68428 2337 0
68430 2337 0
59675 2337 0
68439 2337 0
68443 2337 0
68445 2337 0
68460 2337 0
68456 2337 0
68458 2337 0
65200 2337 0
68467 2337 0
68470 2337 0
68483 2337 0
68507 2337 0
68514 2337 0
26693 2337 0
68521 2337 0
68526 2337 0
68542 2337 0
68550 2337 0
68557 2337 0
68559 2337 0
68553 2337 0
68555 2337 0
68563 2337 0
68566 2337 0
68572 2337 0
68577 2337 0
68580 2337 0
68582 2337 0
68584 2337 0
68597 2337 0
68591 2337 0
68595 2337 0
68601 2337 0
68606 2337 0
68609 2337 0
68611 2337 0
68627 2337 0
68635 2337 0
68633 2337 0
68637 2337 0
68647 2337 0
68645 2337 0
8791 2337 0
68660 2337 0
68664 2337 0
68669 2337 0
68675 2337 0
68673 2337 0
68679 2337 0
68687 2337 0
68689 2337 0
68696 2337 0
68694 2337 0
2575 2337 0
68698 2337 0
68712 2337 0
68714 2337 0
68718 2337 0
68721 2337 0
68731 2337 0
68736 2337 0
68738 2337 0
68748 2337 0
68751 2337 0
68762 2337 0
68766 2337 0
68768 2337 0
68772 2337 0
68774 2337 0
68776 2337 0
68780 2337 0
68782 2337 0
68792 2337 0
68794 2337 0
68801 2337 0
68805 2337 0
68803 2337 0
68807 2337 0
68818 2337 0
6011 2337 0
68823 2337 0
68790 2337 0
68831 2337 0
68829 2337 0
68834 2337 0
68842 2337 0
68855 2337 0
68857 2337 0
68860 2337 0
68866 2337 0
68872 2337 0
68875 2337 0
68878 2337 0
68880 2337 0
68884 2337 0
68886 2337 0
68899 2337 0
68936 2337 0
68907 2337 0
68918 2337 0
68916 2337 0
68914 2337 0
68920 2337 0
68922 2337 0
68926 2337 0
68934 2337 0
68940 2337 0
68944 2337 0
68953 2337 0
68961 2337 0
68967 2337 0
68971 2337 0
68969 2337 0
68976 2337 0
68987 2337 0
68991 2337 0
68993 2337 0
68999 2337 0
62772 2337 0
69015 2337 0
69021 2337 0
69034 2337 0
69020 2337 0
69047 2337 0
69043 2337 0
69058 2337 0
69060 2337 0
69066 2337 0
69074 2337 0
69072 2337 0
69089 2337 0
69086 2337 0
69093 2337 0
69091 2337 0
69095 2337 0
69103 2337 0
69119 2337 0
69117 2337 0
69139 2337 0
69135 2337 0
69125 2337 0
69141 2337 0
69133 2337 0
69137 2337 0
69129 2337 0
69127 2337 0
69131 2337 0
69158 2337 0
69156 2337 0
69165 2337 0
69172 2337 0
69170 2337 0
69177 2337 0
69184 2337 0
69182 2337 0
69197 2337 0
69206 2337 0
69210 2337 0
69219 2337 0
69227 2337 0
69231 2337 0
69229 2337 0
69235 2337 0
69240 2337 0
69237 2337 0
69242 2337 0
69244 2337 0
69248 2337 0
69253 2337 0
69260 2337 0
69266 2337 0
69281 2337 0
69277 2337 0
69283 2337 0
69285 2337 0
69296 2337 0
69298 2337 0
69305 2337 0
69307 2337 0
69311 2337 0
69317 2337 0
69322 2337 0
69320 2337 0
69326 2337 0
69332 2337 0
69334 2337 0
69336 2337 0
69345 2337 0
69361 2337 0
69373 2337 0
69371 2337 0
69388 2337 0
69395 2337 0
69397 2337 0
69407 2337 0
69409 2337 0
69425 2337 0
69434 2337 0
69440 2337 0
69438 2337 0
69445 2337 0
69447 2337 0
69449 2337 0
69452 2337 0
69454 2337 0
69465 2337 0
69476 2337 0
69492 2337 0
69489 2337 0
69494 2337 0
68295 2337 0
69498 2337 0
69503 2337 0
69511 2337 0
69509 2337 0
69009 2337 0
69524 2337 0
69527 2337 0
69536 2337 0
69540 2337 0
69543 2337 0
69558 2337 0
69556 2337 0
69560 2337 0
69566 2337 0
69581 2337 0
69588 2337 0
69605 2337 0
69601 2337 0
69608 2337 0
69612 2337 0
69618 2337 0
69620 2337 0
69631 2337 0
69638 2337 0
69644 2337 0
69648 2337 0
69656 2337 0
69654 2337 0
69669 2337 0
69671 2337 0
69680 2337 0
69684 2337 0
9890 2337 0
69702 2337 0
69706 2337 0
69713 2337 0
69718 2337 0
69724 2337 0
69727 2337 0
69730 2337 0
69732 2337 0
69734 2337 0
69739 2337 0
69737 2337 0
69741 2337 0
69746 2337 0
69748 2337 0
69754 2337 0
69756 2337 0
69760 2337 0
69762 2337 0
69764 2337 0
69766 2337 0
69769 2337 0
69776 2337 0
69778 2337 0
69795 2337 0
69799 2337 0
69812 2337 0
69814 2337 0
69816 2337 0
69818 2337 0
69821 2337 0
69827 2337 0
69825 2337 0
69831 2337 0
69833 2337 0
69838 2337 0
69846 2337 0
69848 2337 0
69850 2337 0
69852 2337 0
69856 2337 0
69854 2337 0
69866 2337 0
69871 2337 0
69868 2337 0
69873 2337 0
69877 2337 0
69879 2337 0
19288 2337 0
69887 2337 0
69889 2337 0
69891 2337 0
69897 2337 0
69903 2337 0
69908 2337 0
69921 2337 0
69931 2337 0
69927 2337 0
69933 2337 0
69935 2337 0
69937 2337 0
69946 2337 0
69949 2337 0
69960 2337 0
69962 2337 0
69971 2337 0
69967 2337 0
69974 2337 0
69977 2337 0
69979 2337 0
69984 2337 0
57918 2337 0
69982 2337 0
11596 2337 0
69996 2337 0
70007 2337 0
70013 2337 0
70018 2337 0
70024 2337 0
70020 2337 0
70026 2337 0
70028 2337 0
70035 2337 0
70037 2337 0
70044 2337 0
70048 2337 0
70050 2337 0
70052 2337 0
70057 2337 0
70059 2337 0
70061 2337 0
70066 2337 0
70068 2337 0
10984 2337 0
70072 2337 0
70084 2337 0
70086 2337 0
70088 2337 0
70106 2337 0
70114 2337 0
70119 2337 0
70130 2337 0
70132 2337 0
70137 2337 0
70141 2337 0
70149 2337 0
70151 2337 0
70155 2337 0
70153 2337 0
70160 2337 0
70164 2337 0
70162 2337 0
70166 2337 0
70168 2337 0
70170 2337 0
70177 2337 0
69417 2337 0
70181 2337 0
70187 2337 0
70190 2337 0
70194 2337 0
70198 2337 0
70209 2337 0
70213 2337 0
70215 2337 0
70223 2337 0
70226 2337 0
70236 2337 0
70225 2337 0
70240 2337 0
70260 2337 0
70263 2337 0
70268 2337 0
70274 2337 0
70281 2337 0
70289 2337 0
70296 2337 0
70308 2337 0
70306 2337 0
70310 2337 0
70316 2337 0
70314 2337 0
70323 2337 0
70327 2337 0
70325 2337 0
70329 2337 0
70331 2337 0
70335 2337 0
70339 2337 0
70347 2337 0
70349 2337 0
70353 2337 0
70357 2337 0
70355 2337 0
70363 2337 0
70366 2337 0
70372 2337 0
70394 2337 0
70411 2337 0
70453 2337 0
70455 2337 0
70466 2337 0
70469 2337 0
70478 2337 0
70483 2337 0
70487 2337 0
70491 2337 0
70502 2337 0
70499 2337 0
70497 2337 0
70514 2337 0
70525 2337 0
70529 2337 0
70547 2337 0
70553 2337 0
70538 2337 0
70555 2337 0
70559 2337 0
70563 2337 0
70217 2337 0
70571 2337 0
70575 2337 0
70581 2337 0
70584 2337 0
70586 2337 0
70590 2337 0
70592 2337 0
70600 2337 0
70604 2337 0
70606 2337 0
70611 2337 0
70614 2337 0
70616 2337 0
70625 2337 0
70633 2337 0
70638 2337 0
70640 2337 0
70649 2337 0
70651 2337 0
70655 2337 0
70670 2337 0
70674 2337 0
4025 2337 0
70684 2337 0
70687 2337 0
70693 2337 0
70690 2337 0
70697 2337 0
13180 2337 0
70701 2337 0
70709 2337 0
70713 2337 0
70733 2337 0
70738 2337 0
70666 2337 0
70742 2337 0
70752 2337 0
70760 2337 0
70763 2337 0
70769 2337 0
70773 2337 0
70781 2337 0
70790 2337 0
70822 2337 0
70820 2337 0
70830 2337 0
70842 2337 0
70846 2337 0
5208 2337 0
70852 2337 0
70865 2337 0
70867 2337 0
70880 2337 0
70884 2337 0
70893 2337 0
37121 2337 0
70901 2337 0
70911 2337 0
70913 2337 0
70921 2337 0
70932 2337 0
70930 2337 0
70928 2337 0
70934 2337 0
70940 2337 0
70942 2337 0
70949 2337 0
70959 2337 0
70969 2337 0
7655 2337 0
70983 2337 0
70993 2337 0
70958 2337 0
71006 2337 0
71012 2337 0
71016 2337 0
71014 2337 0
71026 2337 0
71031 2337 0
71033 2337 0
71042 2337 0
71035 2337 0
71037 2337 0
71044 2337 0
71068 2337 0
71073 2337 0
71062 2337 0
71070 2337 0
71075 2337 0
71077 2337 0
71089 2337 0
71081 2337 0
71085 2337 0
71083 2337 0
71087 2337 0
71102 2337 0
71100 2337 0
71095 2337 0
71104 2337 0
71106 2337 0
71108 2337 0
71114 2337 0
71120 2337 0
71118 2337 0
71122 2337 0
71126 2337 0
71124 2337 0
71133 2337 0
71142 2337 0
71066 2337 0
71146 2337 0
71150 2337 0
71158 2337 0
71161 2337 0
71165 2337 0
71175 2337 0
71177 2337 0
71173 2337 0
71179 2337 0
71181 2337 0
71193 2337 0
71211 2337 0
71203 2337 0
71222 2337 0
71224 2337 0
71248 2337 0
71251 2337 0
71265 2337 0
71275 2337 0
71273 2337 0
71281 2337 0
71290 2337 0
71288 2337 0
71295 2337 0
71299 2337 0
71305 2337 0
71316 2337 0
71323 2337 0
71336 2337 0
71345 2337 0
71347 2337 0
71373 2337 0
71377 2337 0
71396 2337 0
71402 2337 0
71404 2337 0
71410 2337 0
71419 2337 0
71430 2337 0
71428 2337 0
71441 2337 0
71449 2337 0
42506 2337 0
71471 2337 0
71482 2337 0
71486 2337 0
71494 2337 0
71496 2337 0
71498 2337 0
71508 2337 0
71518 2337 0
71522 2337 0
71515 2337 0
71527 2337 0
71529 2337 0
71549 2337 0
71546 2337 0
71447 2337 0
71520 2337 0
71560 2337 0
71558 2337 0
71564 2337 0
71568 2337 0
71572 2337 0
71589 2337 0
70731 2337 0
71612 2337 0
71604 2337 0
71602 2337 0
71606 2337 0
71617 2337 0
71621 2337 0
71632 2337 0
71634 2337 0
71642 2337 0
71640 2337 0
2637 2337 0
71655 2337 0
71591 2337 0
71665 2337 0
71667 2337 0
71533 2337 0
71686 2337 0
71694 2337 0
71692 2337 0
71714 2337 0
71722 2337 0
71718 2337 0
71720 2337 0
71742 2337 0
71759 2337 0
71619 2337 0
71771 2337 0
71797 2337 0
71802 2337 0
71806 2337 0
71818 2337 0
71822 2337 0
71831 2337 0
71829 2337 0
71845 2337 0
71841 2337 0
71847 2337 0
71851 2337 0
71853 2337 0
71861 2337 0
71871 2337 0
71511 2337 0
71875 2337 0
71886 2337 0
71897 2337 0
71907 2337 0
71911 2337 0
71909 2337 0
71915 2337 0
6033 2337 0
71923 2337 0
71925 2337 0
71927 2337 0
71936 2337 0
71944 2337 0
71954 2337 0
71688 2337 0
71967 2337 0
71676 2337 0
71985 2337 0
71966 2337 0
71997 2337 0
72010 2337 0
72008 2337 0
72014 2337 0
11509 2337 0
72016 2337 0
72018 2337 0
72020 2337 0
72024 2337 0
72028 2337 0
72048 2337 0
72058 2337 0
72066 2337 0
72062 2337 0
72072 2337 0
72084 2337 0
72086 2337 0
72092 2337 0
72102 2337 0
72100 2337 0
72104 2337 0
72111 2337 0
72109 2337 0
72117 2337 0
72120 2337 0
72126 2337 0
72134 2337 0
72137 2337 0
72139 2337 0
72150 2337 0
15764 2337 0
72161 2337 0
72131 2337 0
45596 2337 0
72181 2337 0
72185 2337 0
71574 2337 0
72212 2337 0
72216 2337 0
72228 2337 0
72220 2337 0
72252 2337 0
72267 2337 0
72278 2337 0
72282 2337 0
72297 2337 0
72301 2337 0
72305 2337 0
72321 2337 0
72333 2337 0
72336 2337 0
72345 2337 0
72357 2337 0
72366 2337 0
72361 2337 0
72370 2337 0
72368 2337 0
72372 2337 0
72376 2337 0
72380 2337 0
72384 2337 0
72396 2337 0
72400 2337 0
72405 2337 0
72407 2337 0
72409 2337 0
72411 2337 0
72418 2337 0
72430 2337 0
72434 2337 0
72436 2337 0
72451 2337 0
72458 2337 0
72464 2337 0
72471 2337 0
64341 2337 0
72479 2337 0
72483 2337 0
72491 2337 0
72508 2337 0
72510 2337 0
72514 2337 0
72475 2337 0
72520 2337 0
72526 2337 0
72522 2337 0
72528 2337 0
72530 2337 0
72548 2337 0
72550 2337 0
72316 2337 0
72561 2337 0
72578 2337 0
72586 2337 0
72588 2337 0
72582 2337 0
71463 2337 0
72605 2337 0
72607 2337 0
72619 2337 0
72627 2337 0
72625 2337 0
72630 2337 0
72635 2337 0
72639 2337 0
28192 2337 0
72652 2337 0
72656 2337 0
72668 2337 0
72677 2337 0
72689 2337 0
72687 2337 0
72683 2337 0
72559 2337 0
72701 2337 0
72705 2337 0
72715 2337 0
72726 2337 0
72681 2337 0
72738 2337 0
72760 2337 0
72773 2337 0
72775 2337 0
72780 2337 0
72783 2337 0
72789 2337 0
72797 2337 0
72805 2337 0
72803 2337 0
72813 2337 0
72833 2337 0
72842 2337 0
72845 2337 0
72847 2337 0
72850 2337 0
2745 2337 0
72831 2337 0
72867 2337 0
72854 2337 0
72878 2337 0
71755 2337 0
72901 2337 0
72899 2337 0
72911 2337 0
72918 2337 0
72924 2337 0
72922 2337 0
72933 2337 0
72943 2337 0
72951 2337 0
72955 2337 0
72959 2337 0
72970 2337 0
72980 2337 0
72863 2337 0
73002 2337 0
72735 2337 0
73015 2337 0
72732 2337 0
73019 2337 0
73023 2337 0
72821 2337 0
73046 2337 0
73057 2337 0
73059 2337 0
73065 2337 0
73069 2337 0
14221 2337 0
73077 2337 0
73086 2337 0
73075 2337 0
73095 2337 0
73101 2337 0
73093 2337 0
73097 2337 0
73108 2337 0
73116 2337 0
73114 2337 0
73124 2337 0
73128 2337 0
73138 2337 0
73136 2337 0
73134 2337 0
73141 2337 0
73144 2337 0
73151 2337 0
73153 2337 0
73162 2337 0
73164 2337 0
73170 2337 0
73174 2337 0
73178 2337 0
73194 2337 0
73196 2337 0
73202 2337 0
73200 2337 0
73198 2337 0
73208 2337 0
73213 2337 0
73218 2337 0
73231 2337 0
73241 2337 0
73112 2337 0
73247 2337 0
73257 2337 0
8814 2337 0
73264 2337 0
73262 2337 0
73274 2337 0
24422 2337 0
73272 2337 0
73284 2337 0
73293 2337 0
73299 2337 0
73312 2337 0
73308 2337 0
73320 2337 0
73335 2337 0
73341 2337 0
73347 2337 0
73350 2337 0
73359 2337 0
73363 2337 0
73361 2337 0
73369 2337 0
73376 2337 0
73378 2337 0
73385 2337 0
73387 2337 0
73384 2337 0
73394 2337 0
73399 2337 0
73408 2337 0
73402 2337 0
73410 2337 0
73420 2337 0
73423 2337 0
73433 2337 0
73443 2337 0
73441 2337 0
73449 2337 0
73445 2337 0
73453 2337 0
73461 2337 0
73465 2337 0
73471 2337 0
73484 2337 0
71993 2337 0
73492 2337 0
73486 2337 0
73494 2337 0
73482 2337 0
73508 2337 0
73511 2337 0
73518 2337 0
73515 2337 0
73522 2337 0
73528 2337 0
73530 2337 0
73533 2337 0
73535 2337 0
73543 2337 0
73550 2337 0
73560 2337 0
73541 2337 0
73574 2337 0
73568 2337 0
73593 2337 0
73591 2337 0
73601 2337 0
72949 2337 0
73619 2337 0
73625 2337 0
73622 2337 0
73621 2337 0
73639 2337 0
73653 2337 0
73658 2337 0
73664 2337 0
73668 2337 0
73672 2337 0
73675 2337 0
73679 2337 0
73683 2337 0
73688 2337 0
73695 2337 0
73701 2337 0
73703 2337 0
73707 2337 0
73711 2337 0
73733 2337 0
73735 2337 0
73739 2337 0
73751 2337 0
73722 2337 0
73760 2337 0
73762 2337 0
73766 2337 0
73768 2337 0
73772 2337 0
73681 2337 0
73539 2337 0
73780 2337 0
73790 2337 0
73802 2337 0
73804 2337 0
73810 2337 0
73808 2337 0
73806 2337 0
73816 2337 0
73830 2337 0
73832 2337 0
73840 2337 0
73846 2337 0
73854 2337 0
73860 2337 0
73867 2337 0
73879 2337 0
73886 2337 0
73895 2337 0
73862 2337 0
73901 2337 0
73909 2337 0
73913 2337 0
73927 2337 0
73938 2337 0
73951 2337 0
73959 2337 0
73957 2337 0
73963 2337 0
73967 2337 0
73975 2337 0
73969 2337 0
73971 2337 0
73973 2337 0
73977 2337 0
73983 2337 0
73990 2337 0
73992 2337 0
73994 2337 0
74002 2337 0
73463 2337 0
74015 2337 0
74022 2337 0
74024 2337 0
74041 2337 0
74038 2337 0
74048 2337 0
74052 2337 0
74054 2337 0
74056 2337 0
73873 2337 0
74066 2337 0
74070 2337 0
74078 2337 0
74080 2337 0
74082 2337 0
74093 2337 0
74091 2337 0
74099 2337 0
74102 2337 0
74109 2337 0
74117 2337 0
74126 2337 0
74135 2337 0
74144 2337 0
74146 2337 0
74148 2337 0
74153 2337 0
74165 2337 0
74179 2337 0
46941 2337 0
74194 2337 0
74181 2337 0
74218 2337 0
74223 2337 0
74226 2337 0
74239 2337 0
74247 2337 0
74249 2337 0
74050 2337 0
74254 2337 0
74273 2337 0
74278 2337 0
74282 2337 0
74290 2337 0
74311 2337 0
74315 2337 0
74322 2337 0
74330 2337 0
74328 2337 0
35373 2337 0
74353 2337 0
74339 2337 0
74369 2337 0
74379 2337 0
74395 2337 0
74393 2337 0
74404 2337 0
74413 2337 0
74408 2337 0
74427 2337 0
74429 2337 0
74233 2337 0
74444 2337 0
74470 2337 0
74476 2337 0
74474 2337 0
74472 2337 0
74480 2337 0
74498 2337 0
74502 2337 0
74516 2337 0
74511 2337 0
74520 2337 0
74522 2337 0
74535 2337 0
74552 2337 0
74562 2337 0
74566 2337 0
74564 2337 0
74577 2337 0
74579 2337 0
74586 2337 0
74603 2337 0
74601 2337 0
74608 2337 0
74611 2337 0
74171 2337 0
74639 2337 0
74647 2337 0
74645 2337 0
74649 2337 0
74656 2337 0
72446 2337 0
74664 2337 0
74673 2337 0
74680 2337 0
74685 2337 0
74682 2337 0
74691 2337 0
74700 2337 0
74697 2337 0
74706 2337 0
74725 2337 0
338 2337 0
74666 2337 0
74741 2337 0
74734 2337 0
74746 2337 0
74744 2337 0
74748 2337 0
74751 2337 0
74753 2337 0
74755 2337 0
74766 2337 0
74762 2337 0
20894 2337 0
74768 2337 0
74770 2337 0
74772 2337 0
74776 2337 0
74780 2337 0
74695 2337 0
74800 2337 0
74820 2337 0
74822 2337 0
74835 2337 0
74857 2337 0
74852 2337 0
74867 2337 0
74840 2337 0
74643 2337 0
74882 2337 0
74893 2337 0
74900 2337 0
74906 2337 0
74912 2337 0
74936 2337 0
73677 2337 0
74944 2337 0
74952 2337 0
74954 2337 0
74962 2337 0
74964 2337 0
74968 2337 0
74932 2337 0
75000 2337 0
75009 2337 0
75007 2337 0
75035 2337 0
75033 2337 0
75043 2337 0
75049 2337 0
75047 2337 0
75055 2337 0
75053 2337 0
75059 2337 0
75070 2337 0
75078 2337 0
75082 2337 0
75086 2337 0
75088 2337 0
75106 2337 0
75112 2337 0
75122 2337 0
75120 2337 0
75132 2337 0
75146 2337 0
75140 2337 0
75142 2337 0
75150 2337 0
75153 2337 0
75159 2337 0
75167 2337 0
75171 2337 0
75173 2337 0
75182 2337 0
75193 2337 0
75191 2337 0
75202 2337 0
71500 2337 0
75212 2337 0
75220 2337 0
75179 2337 0
75226 2337 0
75245 2337 0
75256 2337 0
75258 2337 0
75266 2337 0
75273 2337 0
74622 2337 0
75290 2337 0
75299 2337 0
75308 2337 0
75306 2337 0
75319 2337 0
75327 2337 0
75325 2337 0
75333 2337 0
75329 2337 0
75335 2337 0
75337 2337 0
75349 2337 0
75355 2337 0
75357 2337 0
75365 2337 0
75374 2337 0
75392 2337 0
75312 2337 0
75415 2337 0
75422 2337 0
75428 2337 0
75437 2337 0
75439 2337 0
75455 2337 0
75459 2337 0
75463 2337 0
75210 2337 0
75469 2337 0
75474 2337 0
75476 2337 0
75483 2337 0
75498 2337 0
65383 2337 0
75506 2337 0
75510 2337 0
75512 2337 0
75525 2337 0
75529 2337 0
75548 2337 0
75552 2337 0
75564 2337 0
75351 2337 0
75390 2337 0
75572 2337 0
75580 2337 0
75582 2337 0
75590 2337 0
75592 2337 0
75600 2337 0
75613 2337 0
75615 2337 0
75619 2337 0
75297 2337 0
23929 2337 0
75628 2337 0
75641 2337 0
75653 2337 0
75649 2337 0
75655 2337 0
75657 2337 0
75663 2337 0
75661 2337 0
75665 2337 0
75680 2337 0
75690 2337 0
75696 2337 0
75694 2337 0
75706 2337 0
75715 2337 0
75719 2337 0
75729 2337 0
75727 2337 0
75735 2337 0
75737 2337 0
75748 2337 0
75744 2337 0
75763 2337 0
75724 2337 0
75765 2337 0
75771 2337 0
75767 2337 0
75779 2337 0
75794 2337 0
75800 2337 0
75802 2337 0
75804 2337 0
75812 2337 0
75814 2337 0
75836 2337 0
75840 2337 0
75846 2337 0
75844 2337 0
75849 2337 0
75860 2337 0
75848 2337 0
75862 2337 0
75868 2337 0
75872 2337 0
75891 2337 0
74619 2337 0
75895 2337 0
75899 2337 0
75907 2337 0
75905 2337 0
75909 2337 0
75919 2337 0
75916 2337 0
75924 2337 0
75922 2337 0
75930 2337 0
75932 2337 0
75938 2337 0
75942 2337 0
75950 2337 0
75956 2337 0
75969 2337 0
75985 2337 0
75987 2337 0
75992 2337 0
75994 2337 0
76001 2337 0
75973 2337 0
74716 2337 0
76020 2337 0
76030 2337 0
76034 2337 0
76038 2337 0
76036 2337 0
76043 2337 0
76041 2337 0
76054 2337 0
76060 2337 0
76077 2337 0
3191 2337 0
76091 2337 0
75901 2337 0
76105 2337 0
76107 2337 0
76113 2337 0
76121 2337 0
76123 2337 0
76129 2337 0
76133 2337 0
76145 2337 0
76147 2337 0
76149 2337 0
76154 2337 0
76167 2337 0
76162 2337 0
76164 2337 0
76169 2337 0
76174 2337 0
76181 2337 0
76178 2337 0
76186 2337 0
76191 2337 0
76193 2337 0
76201 2337 0
76198 2337 0
76205 2337 0
76214 2337 0
76212 2337 0
76220 2337 0
76222 2337 0
76233 2337 0
76237 2337 0
76244 2337 0
76241 2337 0
76248 2337 0
76258 2337 0
76255 2337 0
76265 2337 0
76272 2337 0
76274 2337 0
76283 2337 0
76293 2337 0
76295 2337 0
76297 2337 0
76300 2337 0
76304 2337 0
76302 2337 0
76306 2337 0
76309 2337 0
76319 2337 0
76313 2337 0
76329 2337 0
8455 2337 0
76339 2337 0
76343 2337 0
76350 2337 0
76345 2337 0
76365 2337 0
76381 2337 0
76395 2337 0
76399 2337 0
76404 2337 0
76412 2337 0
76420 2337 0
76416 2337 0
76423 2337 0
76449 2337 0
76472 2337 0
76475 2337 0
76389 2337 0
76485 2337 0
76487 2337 0
76496 2337 0
76500 2337 0
76450 2337 0
76508 2337 0
76512 2337 0
76515 2337 0
76510 2337 0
76529 2337 0
76532 2337 0
76535 2337 0
76556 2337 0
76558 2337 0
73942 2337 0
76576 2337 0
76598 2337 0
76607 2337 0
76611 2337 0
76622 2337 0
76632 2337 0
76542 2337 0
76636 2337 0
76649 2337 0
76645 2337 0
17522 2337 0
76657 2337 0
76659 2337 0
76671 2337 0
76673 2337 0
76680 2337 0
76683 2337 0
76685 2337 0
76691 2337 0
76702 2337 0
6755 2337 0
76710 2337 0
76693 2337 0
76712 2337 0
76687 2337 0
76721 2337 0
76726 2337 0
76737 2337 0
76756 2337 0
76752 2337 0
76767 2337 0
76765 2337 0
76777 2337 0
76781 2337 0
76783 2337 0
76788 2337 0
76798 2337 0
76800 2337 0
76814 2337 0
76820 2337 0
76827 2337 0
76838 2337 0
76843 2337 0
76849 2337 0
76853 2337 0
76859 2337 0
76875 2337 0
76467 2337 0
76884 2337 0
76882 2337 0
76889 2337 0
76900 2337 0
76940 2337 0
76944 2337 0
76950 2337 0
76830 2337 0
76962 2337 0
76970 2337 0
76986 2337 0
77000 2337 0
76998 2337 0
77004 2337 0
77002 2337 0
77018 2337 0
77014 2337 0
77020 2337 0
77026 2337 0
77034 2337 0
77036 2337 0
77045 2337 0
76111 2337 0
76678 2337 0
77064 2337 0
77008 2337 0
77079 2337 0
77097 2337 0
77099 2337 0
77094 2337 0
77089 2337 0
77087 2337 0
77105 2337 0
77111 2337 0
77107 2337 0
77115 2337 0
62393 2337 0
77121 2337 0
77125 2337 0
77137 2337 0
77131 2337 0
77142 2337 0
77144 2337 0
10025 2337 0
77165 2337 0
77171 2337 0
77175 2337 0
77183 2337 0
77186 2337 0
77194 2337 0
77188 2337 0
77201 2337 0
77205 2337 0
77208 2337 0
77210 2337 0
77214 2337 0
77216 2337 0
77227 2337 0
77238 2337 0
77249 2337 0
77247 2337 0
77253 2337 0
77257 2337 0
77259 2337 0
77263 2337 0
77269 2337 0
77275 2337 0
77271 2337 0
77273 2337 0
77278 2337 0
77289 2337 0
77293 2337 0
77297 2337 0
77302 2337 0
77304 2337 0
77310 2337 0
77308 2337 0
77333 2337 0
72907 2337 0
77356 2337 0
77352 2337 0
77363 2337 0
77371 2337 0
77382 2337 0
77388 2337 0
77390 2337 0
77400 2337 0
77404 2337 0
75275 2337 0
77410 2337 0
77412 2337 0
77414 2337 0
77416 2337 0
77449 2337 0
77447 2337 0
77456 2337 0
77465 2337 0
77463 2337 0
77471 2337 0
77469 2337 0
77473 2337 0
77477 2337 0
77481 2337 0
77487 2337 0
77493 2337 0
77495 2337 0
77501 2337 0
77503 2337 0
77505 2337 0
77515 2337 0
77521 2337 0
77527 2337 0
77513 2337 0
77534 2337 0
77537 2337 0
77532 2337 0
77553 2337 0
77567 2337 0
77570 2337 0
77574 2337 0
77576 2337 0
77584 2337 0
77586 2337 0
77588 2337 0
77598 2337 0
77600 2337 0
77613 2337 0
77623 2337 0
77626 2337 0
77630 2337 0
77634 2337 0
77638 2337 0
77656 2337 0
77664 2337 0
77671 2337 0
77642 2337 0
77673 2337 0
77689 2337 0
77704 2337 0
77712 2337 0
77718 2337 0
77720 2337 0
77723 2337 0
77727 2337 0
77729 2337 0
77731 2337 0
77739 2337 0
77745 2337 0
77775 2337 0
77749 2337 0
77752 2337 0
77756 2337 0
77764 2337 0
77779 2337 0
77777 2337 0
77781 2337 0
77785 2337 0
77787 2337 0
77790 2337 0
77793 2337 0
77801 2337 0
77799 2337 0
77807 2337 0
77809 2337 0
77819 2337 0
77821 2337 0
77832 2337 0
77830 2337 0
77697 2337 0
77840 2337 0
77845 2337 0
77853 2337 0
77859 2337 0
77864 2337 0
77881 2337 0
77879 2337 0
77877 2337 0
77883 2337 0
77904 2337 0
77912 2337 0
77737 2337 0
77925 2337 0
77938 2337 0
77894 2337 0
74809 2337 0
77968 2337 0
77970 2337 0
77986 2337 0
77988 2337 0
77995 2337 0
77993 2337 0
77997 2337 0
78010 2337 0
78006 2337 0
78004 2337 0
78008 2337 0
78012 2337 0
78018 2337 0
78033 2337 0
78029 2337 0
76845 2337 0
78040 2337 0
78046 2337 0
78055 2337 0
78060 2337 0
76425 2337 0
77952 2337 0
78066 2337 0
78071 2337 0
78073 2337 0
78081 2337 0
77914 2337 0
78109 2337 0
78143 2337 0
78151 2337 0
78159 2337 0
78155 2337 0
6384 2337 0
78170 2337 0
78172 2337 0
78178 2337 0
78192 2337 0
78196 2337 0
78149 2337 0
3144 2337 0
78206 2337 0
78225 2337 0
78220 2337 0
78227 2337 0
78232 2337 0
78198 2337 0
78245 2337 0
78251 2337 0
78256 2337 0
78268 2337 0
78273 2337 0
78279 2337 0
78283 2337 0
78285 2337 0
78309 2337 0
78318 2337 0
78314 2337 0
78322 2337 0
78326 2337 0
78328 2337 0
78337 2337 0
78333 2337 0
78347 2337 0
78349 2337 0
78354 2337 0
78358 2337 0
78366 2337 0
78372 2337 0
78374 2337 0
78395 2337 0
78397 2337 0
78320 2337 0
5121 2337 0
78426 2337 0
78437 2337 0
78451 2337 0
78429 2337 0
78472 2337 0
78477 2337 0
78481 2337 0
78489 2337 0
78505 2337 0
78507 2337 0
78509 2337 0
78523 2337 0
78531 2337 0
78535 2337 0
78539 2337 0
78544 2337 0
78558 2337 0
78567 2337 0
78570 2337 0
78577 2337 0
78573 2337 0
78580 2337 0
78583 2337 0
78587 2337 0
78591 2337 0
78589 2337 0
78596 2337 0
78601 2337 0
78603 2337 0
78618 2337 0
78616 2337 0
78635 2337 0
74917 2337 0
78643 2337 0
78652 2337 0
78654 2337 0
78656 2337 0
78664 2337 0
78659 2337 0
78662 2337 0
78669 2337 0
78685 2337 0
78691 2337 0
78697 2337 0
78702 2337 0
78708 2337 0
78721 2337 0
78731 2337 0
78725 2337 0
78736 2337 0
78738 2337 0
1551 2337 0
78764 2337 0
78762 2337 0
78758 2337 0
78775 2337 0
78771 2337 0
78778 2337 0
78794 2337 0
78800 2337 0
78806 2337 0
78813 2337 0
78809 2337 0
78821 2337 0
78830 2337 0
78852 2337 0
78854 2337 0
78850 2337 0
78856 2337 0
78860 2337 0
78864 2337 0
78873 2337 0
78882 2337 0
78884 2337 0
78888 2337 0
78896 2337 0
78890 2337 0
78892 2337 0
78900 2337 0
78902 2337 0
78907 2337 0
78911 2337 0
78916 2337 0
78930 2337 0
78933 2337 0
78956 2337 0
78954 2337 0
78952 2337 0
78958 2337 0
78964 2337 0
78969 2337 0
78974 2337 0
78983 2337 0
78994 2337 0
78992 2337 0
79015 2337 0
79025 2337 0
79033 2337 0
79031 2337 0
79035 2337 0
71843 2337 0
79057 2337 0
79055 2337 0
79059 2337 0
79061 2337 0
79065 2337 0
78919 2337 0
79082 2337 0
79084 2337 0
79087 2337 0
79098 2337 0
79102 2337 0
79108 2337 0
79112 2337 0
79122 2337 0
549 2337 0
79124 2337 0
79126 2337 0
79130 2337 0
63029 2337 0
79144 2337 0
79162 2337 0
79168 2337 0
79177 2337 0
79184 2337 0
79186 2337 0
79191 2337 0
79203 2337 0
79205 2337 0
79213 2337 0
79211 2337 0
79218 2337 0
79220 2337 0
79222 2337 0
79224 2337 0
79226 2337 0
79244 2337 0
79246 2337 0
79248 2337 0
79257 2337 0
79255 2337 0
79261 2337 0
79272 2337 0
79274 2337 0
79277 2337 0
79283 2337 0
79293 2337 0
79299 2337 0
79324 2337 0
79334 2337 0
4354 2337 0
79341 2337 0
79339 2337 0
79319 2337 0
79354 2337 0
79358 2337 0
79356 2337 0
79360 2337 0
79366 2337 0
79376 2337 0
79380 2337 0
79378 2337 0
79387 2337 0
79395 2337 0
79399 2337 0
79406 2337 0
79409 2337 0
79413 2337 0
79424 2337 0
79440 2337 0
79448 2337 0
79460 2337 0
79462 2337 0
79464 2337 0
79468 2337 0
40291 2337 0
79502 2337 0
79506 2337 0
79504 2337 0
79509 2337 0
79514 2337 0
79516 2337 0
79522 2337 0
79532 2337 0
79530 2337 0
79544 2337 0
79540 2337 0
79559 2337 0
79567 2337 0
79562 2337 0
79569 2337 0
79573 2337 0
79575 2337 0
79577 2337 0
79586 2337 0
79588 2337 0
79595 2337 0
79602 2337 0
79629 2337 0
79638 2337 0
79642 2337 0
79655 2337 0
79657 2337 0
79661 2337 0
79670 2337 0
79679 2337 0
79623 2337 0
79690 2337 0
79686 2337 0
79688 2337 0
79692 2337 0
79694 2337 0
79696 2337 0
79702 2337 0
79710 2337 0
79707 2337 0
79716 2337 0
79724 2337 0
79721 2337 0
79726 2337 0
79731 2337 0
79760 2337 0
79767 2337 0
79737 2337 0
79774 2337 0
79796 2337 0
3730 2337 0
79821 2337 0
79818 2337 0
79823 2337 0
79827 2337 0
79825 2337 0
79832 2337 0
79843 2337 0
4659 2337 0
79855 2337 0
79858 2337 0
79860 2337 0
79862 2337 0
79868 2337 0
79837 2337 0
79874 2337 0
79881 2337 0
79879 2337 0
79885 2337 0
79887 2337 0
79893 2337 0
79903 2337 0
79912 2337 0
79924 2337 0
79926 2337 0
79932 2337 0
79939 2337 0
79936 2337 0
79943 2337 0
79950 2337 0
79948 2337 0
79952 2337 0
79961 2337 0
79966 2337 0
79968 2337 0
49402 2337 0
79987 2337 0
79983 2337 0
79963 2337 0
79992 2337 0
79990 2337 0
4886 2337 0
80011 2337 0
80014 2337 0
80016 2337 0
79291 2337 0
80033 2337 0
80037 2337 0
79480 2337 0
80045 2337 0
80051 2337 0
80055 2337 0
80070 2337 0
80074 2337 0
80080 2337 0
80082 2337 0
80084 2337 0
80086 2337 0
62711 2337 0
80095 2337 0
80104 2337 0
80102 2337 0
80108 2337 0
80114 2337 0
80116 2337 0
80112 2337 0
80123 2337 0
80139 2337 0
80153 2337 0
80149 2337 0
80159 2337 0
80163 2337 0
80177 2337 0
80183 2337 0
80186 2337 0
80190 2337 0
80197 2337 0
80157 2337 0
80200 2337 0
80209 2337 0
80213 2337 0
80215 2337 0
80223 2337 0
80229 2337 0
80232 2337 0
80238 2337 0
80234 2337 0
80243 2337 0
80249 2337 0
80251 2337 0
80253 2337 0
80272 2337 0
80288 2337 0
80290 2337 0
80299 2337 0
80303 2337 0
80310 2337 0
80319 2337 0
80324 2337 0
80328 2337 0
80332 2337 0
80321 2337 0
80344 2337 0
73404 2337 0
80359 2337 0
80375 2337 0
80377 2337 0
80381 2337 0
80392 2337 0
80394 2337 0
80400 2337 0
80407 2337 0
80421 2337 0
80423 2337 0
80438 2337 0
80443 2337 0
80447 2337 0
80452 2337 0
80457 2337 0
80462 2337 0
80464 2337 0
80473 2337 0
80471 2337 0
80483 2337 0
80488 2337 0
80493 2337 0
80497 2337 0
80503 2337 0
80516 2337 0
80530 2337 0
7811 2337 0
80535 2337 0
80545 2337 0
80553 2337 0
80558 2337 0
80560 2337 0
80564 2337 0
80591 2337 0
80593 2337 0
80597 2337 0
80605 2337 0
80612 2337 0
80615 2337 0
80632 2337 0
80630 2337 0
80640 2337 0
80643 2337 0
80655 2337 0
80363 2337 0
80663 2337 0
80665 2337 0
80671 2337 0
80678 2337 0
80667 2337 0
80691 2337 0
80693 2337 0
80702 2337 0
80704 2337 0
80706 2337 0
80708 2337 0
60774 26112 0
1872 26112 0
1973 26112 0
2289 26112 0
2184 26112 0
60959 54155 0
63098 54155 0
60924 60642 0
2289 26112 0
1973 26112 0
60945 26112 0
1872 26112 0
2184 26112 0
61279 60735 0
72039 53816 0
66088 60841 0
61696 60846 0
19735 26112 0
14380 26112 0
2091 26112 0
14569 26112 0
2184 26112 0
2289 26112 0
69666 60926 0
14144 60883 0
41319 60883 0
26112 58318 0
19735 58318 0
61309 61000 0
61198 61041 0
61828 19480 0
66448 19480 0
70836 35048 0
61219 61120 0
61247 61120 0
62821 60396 0
61571 61185 0
62414 61185 0
61247 61200 0
43197 61236 0
60924 61252 0
62449 61274 0
73580 8866 0
37453 45775 0
61475 57089 0
62758 57089 0
57245 57089 0
57243 57089 0
31487 57089 0
57446 57089 0
59447 57089 0
71701 57089 0
39434 57089 0
1302 57089 0
74341 57089 0
62661 61499 0
76834 61558 0
64472 56104 0
35373 19785 0
2577 19785 0
61646 61619 0
61924 61619 0
58898 61619 0
61721 27197 0
73211 61673 0
61964 61680 0
2011 29111 0
55828 29111 0
2091 29111 0
68770 61808 0
69203 61808 0
69505 61808 0
69646 61808 0
70377 61808 0
64211 61813 0
61938 59460 0
67077 59460 0
62203 61901 0
62004 61968 0
59790 61696 0
62497 62024 0
66448 62024 0
2577 52729 0
62641 62137 0
62821 62137 0
63781 62137 0
65130 62137 0
61247 62235 0
62422 62235 0
61200 62235 0
62788 62243 0
67237 62243 0
21414 4501 0
74000 4501 0
78788 4501 0
62770 62287 0
63450 62287 0
66448 61828 0
62632 62130 0
62766 57089 0
62934 57089 0
57245 57089 0
57243 57089 0
63118 57089 0
31487 57089 0
63411 57089 0
57446 57089 0
59447 57089 0
63622 57089 0
63684 57089 0
62458 57089 0
63940 57089 0
64682 57089 0
65342 57089 0
65400 57089 0
71895 57089 0
66448 62497 0
64602 29099 0
6917 62743 0
64671 62743 0
64720 62743 0
66883 62743 0
51822 62743 0
66448 62755 0
62837 59440 0
62922 59440 0
62984 59440 0
63192 59440 0
63231 59440 0
63310 59440 0
63347 59440 0
63446 59440 0
63936 59440 0
63970 59440 0
63995 59440 0
64040 59440 0
58441 59440 0
59808 59440 0
65258 59440 0
65702 59440 0
66798 59440 0
56836 59440 0
67854 59440 0
67996 59440 0
66861 59440 0
50208 59440 0
70636 59440 0
59438 59440 0
24514 59440 0
55192 54483 0
63027 62903 0
63265 62940 0
63335 62940 0
57384 62994 0
63219 62994 0
63271 62994 0
64139 62994 0
63179 63073 0
66448 63073 0
63143 63074 0
63179 63178 0
62641 62042 0
63553 63349 0
12344 63371 0
63823 63371 0
63730 63441 0
63478 63477 0
63579 63477 0
63655 63477 0
23637 63477 0
63883 63477 0
64042 63477 0
63559 63496 0
61249 63477 0
22235 63477 0
23637 63477 0
66418 63477 0
63762 63649 0
64154 56587 0
7111 63740 0
8471 63740 0
6611 63746 0
2091 63746 0
55828 63746 0
884 63472 0
65217 63472 0
63896 54483 0
63947 54483 0
63987 54483 0
55192 54483 0
63896 63903 0
57245 57089 0
57243 57089 0
64191 57089 0
60269 57089 0
64854 57089 0
70116 57089 0
1302 57089 0
65982 63980 0
64036 63999 0
65178 64032 0
64435 64158 0
64445 64446 0
64464 64446 0
64503 64446 0
56778 64446 0
64819 64446 0
65414 64446 0
66392 64446 0
67209 64446 0
72060 64446 0
76913 64446 0
74442 64279 0
8866 61236 0
43197 61236 0
64368 64366 0
65047 64383 0
65083 64383 0
66448 64406 0
55192 54483 0
55192 54483 0
2011 29111 0
2091 29111 0
55828 29111 0
65216 29111 0
64831 64627 0
71765 64677 0
3683 64866 0
66698 65063 0
54351 3712 0
22288 3712 0
67875 3712 0
56061 65140 0
1442 65216 0
65364 65216 0
58299 65216 0
1774 65216 0
65597 65216 0
65331 65260 0
60363 57089 0
60269 57089 0
57245 57089 0
57243 57089 0
66040 57089 0
66140 57089 0
52063 65576 0
66047 65576 0
66556 65576 0
63143 65652 0
69324 3755 0
3754 3755 0
70139 65813 0
55828 65819 0
2091 65819 0
14296 65820 0
6611 65820 0
55828 65820 0
2091 65820 0
66312 66019 0
72286 60396 0
60363 57089 0
66310 57089 0
60186 57089 0
57245 57089 0
57243 57089 0
66040 57089 0
68980 57089 0
71701 57089 0
57446 57089 0
66931 66349 0
66539 66391 0
66576 66391 0
66675 66391 0
63216 66391 0
66770 66391 0
67112 66391 0
67324 66391 0
67440 66391 0
67490 66391 0
41616 66391 0
67805 66391 0
67946 66391 0
13707 66391 0
68261 66391 0
68320 66391 0
71513 66391 0
75934 66391 0
29917 66391 0
76706 66391 0
80147 66391 0
30371 66391 0
67105 66558 0
66703 66601 0
66705 66601 0
66727 66601 0
66717 66601 0
66723 66601 0
66701 66601 0
66713 66601 0
66711 66601 0
66725 66601 0
66719 66601 0
66707 66601 0
66721 66601 0
66709 66601 0
66715 66601 0
69577 66641 0
66845 28854 0
66853 28854 0
66855 28854 0
66861 28854 0
66863 28854 0
66875 28854 0
66871 28854 0
66889 28854 0
66899 28854 0
66910 28854 0
66929 28854 0
66950 28854 0
66993 28854 0
67010 28854 0
67046 28854 0
67059 28854 0
67153 28854 0
67155 28854 0
67242 28854 0
67290 28854 0
67420 28854 0
52717 28854 0
67730 28854 0
67987 28854 0
68010 28854 0
68247 28854 0
68499 28854 0
68603 28854 0
69150 28854 0
69330 28854 0
69480 28854 0
69633 28854 0
69720 28854 0
69829 28854 0
70312 28854 0
70474 28854 0
63446 28854 0
70705 28854 0
70828 28854 0
71187 28854 0
71267 28854 0
71732 28854 0
71999 28854 0
70644 28854 0
72202 28854 0
72503 28854 0
72874 28854 0
73006 28854 0
73427 28854 0
73893 28854 0
75809 28854 0
76952 28854 0
77072 28854 0
77823 28854 0
78277 28854 0
79053 28854 0
79172 28854 0
79636 28854 0
79928 28854 0
80276 28854 0
80459 28854 0
71079 988 0
71375 988 0
72234 988 0
67736 67342 0
67744 67349 0
68299 67489 0
68441 67527 0
68788 67651 0
67867 19480 0
67462 19480 0
30869 19480 0
67952 57089 0
57245 57089 0
57243 57089 0
71701 57089 0
57446 57089 0
68366 67799 0
67531 67802 0
68178 67898 0
67971 67905 0
68570 67905 0
70200 67905 0
66448 68146 0
69023 68308 0
68377 2337 0
68387 2337 0
68389 2337 0
67508 2337 0
24571 2337 0
69412 2337 0
71496 2337 0
62393 2337 0
73998 2337 0
72446 2337 0
57245 57089 0
57243 57089 0
59447 57089 0
71701 57089 0
60363 57089 0
71137 68489 0
71587 68530 0
68754 38397 0
68784 38397 0
69026 38397 0
58859 38397 0
45997 38397 0
69392 38397 0
31771 38397 0
69573 38397 0
69906 38397 0
69955 38397 0
70707 38397 0
72398 38397 0
74027 38397 0
79651 38397 0
74020 68796 0
68888 59460 0
70104 68909 0
68957 68913 0
69545 8 0
69579 8 0
70272 8 0
67938 69001 0
69367 69001 0
69111 69007 0
74861 69116 0
70780 69224 0
71934 69224 0
75609 69224 0
3683 69319 0
69676 69411 0
69579 69554 0
7376 4950 0
70798 4950 0
71308 4950 0
71704 4950 0
78095 4950 0
78585 4950 0
80710 4950 0
63446 45069 0
80039 69775 0
29681 70015 0
70815 70015 0
18006 70015 0
70447 57089 0
57245 57089 0
57243 57089 0
71701 57089 0
1374 16 0
66539 16 0
70112 16 0
68570 16 0
70116 16 0
70121 16 0
70125 16 0
70231 16 0
70253 16 0
70495 16 0
38888 16 0
70874 16 0
70944 16 0
60208 16 0
71235 16 0
64478 16 0
71473 16 0
72141 16 0
71329 16 0
54250 16 0
72269 16 0
71865 16 0
72599 16 0
72664 16 0
72807 16 0
72920 16 0
73253 16 0
29150 16 0
27158 16 0
2229 16 0
75381 16 0
75531 16 0
75701 16 0
75742 16 0
45279 16 0
76119 16 0
76171 16 0
77255 16 0
77435 16 0
56677 16 0
78086 16 0
78302 16 0
78484 16 0
78985 16 0
63063 16 0
75713 70129 0
70374 70359 0
70379 70359 0
70383 70359 0
70385 70359 0
70396 70359 0
70400 70359 0
70407 70359 0
70405 70359 0
70409 70359 0
70413 70359 0
70428 70359 0
70431 70359 0
70435 70359 0
70459 70359 0
70461 70359 0
70471 70359 0
70504 70359 0
70516 70359 0
70518 70359 0
70557 70359 0
70579 70359 0
70595 70359 0
70602 70359 0
70618 70359 0
70645 70359 0
70647 70359 0
70653 70359 0
70785 70359 0
70840 70359 0
70844 70359 0
70908 70359 0
70951 70359 0
71738 70359 0
71795 70359 0
72755 70359 0
73030 70359 0
73034 70359 0
73414 70359 0
73965 70359 0
74034 70359 0
74242 70359 0
74397 70359 0
74468 70359 0
74802 70359 0
75504 70359 0
75788 70359 0
75967 70359 0
76760 70359 0
77594 70359 0
77940 70359 0
78769 70359 0
79444 70359 0
79555 70359 0
79787 70359 0
79866 70359 0
79891 70359 0
80211 70359 0
62704 70465 0
66641 67374 0
70664 70632 0
3860 70659 0
77173 70676 0
70767 70632 0
70664 70632 0
70832 70632 0
70906 70632 0
70915 70632 0
71116 70632 0
71301 70632 0
71333 70632 0
71506 70632 0
72988 70632 0
73331 70632 0
73425 70632 0
73754 70632 0
74032 70632 0
74096 70632 0
74175 70632 0
74530 70632 0
74598 70632 0
77315 70632 0
77596 70632 0
77948 70632 0
78035 70632 0
78832 70632 0
78871 70632 0
79347 70632 0
79435 70632 0
80396 70632 0
80540 70632 0
70112 70724 0
71053 70724 0
72035 70724 0
77181 70724 0
70986 1112 0
75116 4501 0
75302 70924 0
71128 71099 0
71167 71099 0
71169 71099 0
68176 71099 0
71197 71099 0
71199 71099 0
71220 71099 0
71216 71099 0
71227 71099 0
60011 71099 0
71271 71099 0
71277 71099 0
71329 71099 0
71341 71099 0
37730 71099 0
71354 71099 0
71366 71099 0
71385 71099 0
71408 71099 0
71417 71099 0
71459 71099 0
71473 71099 0
71480 71099 0
71562 71099 0
71581 71099 0
54948 71099 0
71608 71099 0
71669 71099 0
71725 71099 0
71728 71099 0
60208 71099 0
71804 71099 0
71865 71099 0
72001 71099 0
72046 71099 0
72056 71099 0
72068 71099 0
29681 71099 0
72159 71099 0
72166 71099 0
52761 71099 0
72204 71099 0
72232 71099 0
9349 71099 0
72331 71099 0
72351 71099 0
72392 71099 0
72424 71099 0
72466 71099 0
43399 71099 0
55214 71099 0
72662 71099 0
53634 71099 0
72785 71099 0
72886 71099 0
72968 71099 0
72978 71099 0
73061 71099 0
16454 71099 0
73180 71099 0
73220 71099 0
73281 71099 0
73295 71099 0
73339 71099 0
73418 71099 0
73473 71099 0
73513 71099 0
46015 71099 0
22096 71099 0
73660 71099 0
73662 71099 0
73743 71099 0
73776 71099 0
73782 71099 0
73869 71099 0
73936 71099 0
74006 71099 0
74104 71099 0
74294 71099 0
74796 71099 0
74886 71099 0
74975 71099 0
75074 71099 0
75496 71099 0
75834 71099 0
75958 71099 0
76008 71099 0
76358 71099 0
20476 71099 0
76433 71099 0
76456 71099 0
60952 71099 0
76898 71099 0
76976 71099 0
77022 71099 0
77479 71099 0
77677 71099 0
77783 71099 0
77836 71099 0
77928 71099 0
78491 71099 0
33860 71099 0
78773 71099 0
78839 71099 0
78939 71099 0
79075 71099 0
79132 71099 0
79174 71099 0
78788 71099 0
59821 71099 0
80147 71099 0
80409 71099 0
80490 71099 0
73185 71241 0
73642 71294 0
72030 71338 0
11892 2337 0
57766 2337 0
69229 2337 0
71426 2337 0
64860 2337 0
71437 2337 0
70790 2337 0
71447 2337 0
68880 2337 0
71451 2337 0
71455 2337 0
65805 2337 0
68601 2337 0
71469 2337 0
71463 2337 0
61592 2337 0
71478 2337 0
71484 2337 0
71490 2337 0
71500 2337 0
71520 2337 0
71524 2337 0
71511 2337 0
71533 2337 0
67018 2337 0
71574 2337 0
61452 2337 0
71579 2337 0
71583 2337 0
71591 2337 0
64107 2337 0
66228 2337 0
71627 2337 0
71619 2337 0
71630 2337 0
64059 2337 0
71645 2337 0
71653 2337 0
68460 2337 0
63716 2337 0
70151 2337 0
71676 2337 0
71679 2337 0
71682 2337 0
71688 2337 0
62032 2337 0
67985 2337 0
70353 2337 0
67600 2337 0
71727 2337 0
71761 2337 0
71780 2337 0
71718 2337 0
71496 2337 0
71833 2337 0
62153 2337 0
71849 2337 0
71855 2337 0
71831 2337 0
61955 2337 0
63296 2337 0
71655 2337 0
67694 2337 0
66103 2337 0
71938 2337 0
71714 2337 0
71950 2337 0
69967 2337 0
71979 2337 0
71993 2337 0
71522 2337 0
60690 2337 0
62205 2337 0
72003 2337 0
72050 2337 0
72014 2337 0
65990 2337 0
62774 2337 0
63549 2337 0
72131 2337 0
72146 2337 0
63643 2337 0
71224 2337 0
72200 2337 0
63494 2337 0
72220 2337 0
72236 2337 0
63805 2337 0
72260 2337 0
72264 2337 0
72267 2337 0
72216 2337 0
62456 2337 0
72303 2337 0
61242 2337 0
72316 2337 0
67257 2337 0
13059 2337 0
72382 2337 0
72390 2337 0
72422 2337 0
72432 2337 0
72446 2337 0
72456 2337 0
72475 2337 0
62962 2337 0
67942 2337 0
72559 2337 0
62393 2337 0
63216 2337 0
68842 2337 0
72365 2337 0
72654 2337 0
72681 2337 0
72703 2337 0
70249 2337 0
67667 2337 0
72732 2337 0
72735 2337 0
72228 2337 0
72775 2337 0
72815 2337 0
72821 2337 0
72831 2337 0
72854 2337 0
72863 2337 0
72884 2337 0
72891 2337 0
63091 2337 0
72907 2337 0
63713 2337 0
72939 2337 0
72949 2337 0
72922 2337 0
72959 2337 0
72943 2337 0
72471 2337 0
73075 2337 0
60887 2337 0
71179 2337 0
61512 2337 0
73112 2337 0
67598 2337 0
71515 2337 0
73192 2337 0
69072 2337 0
68439 2337 0
73198 2337 0
73208 2337 0
67936 2337 0
73270 2337 0
73257 2337 0
73289 2337 0
73304 2337 0
73318 2337 0
73323 2337 0
63541 2337 0
73431 2337 0
73387 2337 0
73463 2337 0
73478 2337 0
73539 2337 0
73541 2337 0
73552 2337 0
73543 2337 0
73572 2337 0
73568 2337 0
63590 2337 0
73677 2337 0
73681 2337 0
73685 2337 0
73695 2337 0
73722 2337 0
73818 2337 0
73836 2337 0
73842 2337 0
73852 2337 0
73862 2337 0
73873 2337 0
70106 2337 0
73942 2337 0
74022 2337 0
74050 2337 0
74060 2337 0
74084 2337 0
74124 2337 0
74142 2337 0
74171 2337 0
46941 2337 0
74199 2337 0
74204 2337 0
74233 2337 0
64097 2337 0
74165 2337 0
74292 2337 0
74339 2337 0
74356 2337 0
74363 2337 0
63993 2337 0
69960 2337 0
74408 2337 0
69492 2337 0
74453 2337 0
74457 2337 0
74273 2337 0
74153 2337 0
74518 2337 0
74223 2337 0
73202 2337 0
74584 2337 0
20894 2337 0
65125 2337 0
62125 2337 0
74622 2337 0
74619 2337 0
74643 2337 0
2745 2337 0
69879 2337 0
74666 2337 0
74671 2337 0
70164 2337 0
74809 2337 0
68884 2337 0
62076 2337 0
74855 2337 0
74852 2337 0
74917 2337 0
74932 2337 0
73860 2337 0
74966 2337 0
70007 2337 0
74996 2337 0
74952 2337 0
74254 2337 0
75066 2337 0
75076 2337 0
75047 2337 0
75053 2337 0
66637 2337 0
74706 2337 0
75179 2337 0
67765 2337 0
61394 2337 0
75007 2337 0
66578 2337 0
67508 2337 0
75230 2337 0
75049 2337 0
75242 2337 0
75173 2337 0
2770 2337 0
74968 2337 0
75297 2337 0
70627 2337 0
75306 2337 0
75367 2337 0
75299 2337 0
75357 2337 0
75349 2337 0
75443 2337 0
75447 2337 0
68872 2337 0
75226 2337 0
75374 2337 0
75564 2337 0
75605 2337 0
75637 2337 0
75512 2337 0
75639 2337 0
75688 2337 0
75592 2337 0
75628 2337 0
75699 2337 0
75724 2337 0
8575 2337 0
75798 2337 0
74526 2337 0
75529 2337 0
75120 2337 0
75822 2337 0
68193 2337 0
75846 2337 0
75901 2337 0
75973 2337 0
75950 2337 0
75990 2337 0
70581 2337 0
76030 2337 0
76067 2337 0
76111 2337 0
7083 2337 0
76041 2337 0
66836 2337 0
76193 2337 0
67504 2337 0
76239 2337 0
76235 2337 0
3191 2337 0
76348 2337 0
76360 2337 0
76362 2337 0
64209 2337 0
76389 2337 0
75167 2337 0
76420 2337 0
76450 2337 0
76467 2337 0
76343 2337 0
76542 2337 0
63827 2337 0
76605 2337 0
76678 2337 0
76687 2337 0
73535 2337 0
76632 2337 0
76726 2337 0
76798 2337 0
76851 2337 0
76512 2337 0
76946 2337 0
76671 2337 0
76940 2337 0
76950 2337 0
76944 2337 0
76712 2337 0
60659 2337 0
77064 2337 0
62612 2337 0
62577 2337 0
77159 2337 0
76882 2337 0
77227 2337 0
77214 2337 0
77045 2337 0
69648 2337 0
77384 2337 0
77388 2337 0
77414 2337 0
77445 2337 0
77382 2337 0
77412 2337 0
62010 2337 0
77541 2337 0
77551 2337 0
77563 2337 0
77469 2337 0
77584 2337 0
77495 2337 0
74379 2337 0
77687 2337 0
77691 2337 0
77697 2337 0
77689 2337 0
77737 2337 0
77553 2337 0
77821 2337 0
77914 2337 0
67845 2337 0
77952 2337 0
77977 2337 0
78022 2337 0
77188 2337 0
77997 2337 0
78093 2337 0
78055 2337 0
78198 2337 0
78214 2337 0
78347 2337 0
78391 2337 0
78333 2337 0
78429 2337 0
77995 2337 0
78474 2337 0
77513 2337 0
78489 2337 0
68611 2337 0
78505 2337 0
78589 2337 0
78654 2337 0
78702 2337 0
69730 2337 0
78778 2337 0
78919 2337 0
70773 2337 0
79003 2337 0
1551 2337 0
79166 2337 0
63863 2337 0
79235 2337 0
79177 2337 0
79061 2337 0
68786 2337 0
51822 2337 0
79293 2337 0
79354 2337 0
79442 2337 0
76693 2337 0
79562 2337 0
40291 2337 0
79586 2337 0
63475 2337 0
11596 2337 0
79737 2337 0
79740 2337 0
79679 2337 0
79829 2337 0
79837 2337 0
3730 2337 0
79883 2337 0
65848 2337 0
4354 2337 0
79126 2337 0
13858 2337 0
79963 2337 0
79994 2337 0
80003 2337 0
80009 2337 0
80068 2337 0
60588 2337 0
62803 2337 0
80110 2337 0
79638 2337 0
80095 2337 0
80155 2337 0
80157 2337 0
79821 2337 0
80093 2337 0
80221 2337 0
79827 2337 0
80251 2337 0
80229 2337 0
80183 2337 0
80436 2337 0
79893 2337 0
66378 2337 0
79939 2337 0
80443 2337 0
79059 2337 0
80601 2337 0
80667 2337 0
80363 2337 0
63609 2337 0
74332 71371 0
72030 71412 0
72536 71412 0
71777 71432 0
72238 71432 0
72552 71432 0
77735 71432 0
79646 71432 0
80143 71541 0
72402 57089 0
57245 57089 0
57243 57089 0
60342 57089 0
72319 72096 0
72609 72096 0
72778 72096 0
72992 72096 0
73392 72096 0
73505 72096 0
74635 72096 0
75408 72096 0
72481 72136 0
72641 72136 0
72713 72136 0
73467 72136 0
74351 72136 0
74628 72136 0
75386 72136 0
79228 72136 0
80282 72136 0
72524 72168 0
77545 72420 0
72829 72429 0
77582 72429 0
79981 72429 0
72916 71139 0
72928 59945 0
52228 72700 0
72941 72742 0
73158 72742 0
75417 75418 0
52652 73259 0
2104 73391 0
73786 73391 0
39416 73391 0
76802 73460 0
11414 73638 0
66641 67374 0
76012 74108 0
74196 23504 0
78324 23504 0
79475 23504 0
75224 62243 0
78788 4501 0
74714 74371 0
76010 74371 0
65282 74371 0
74483 27661 0
71948 27661 0
75252 27661 0
73936 27661 0
76587 27661 0
78222 27661 0
79899 27661 0
80599 27661 0
79470 74410 0
44516 22135 0
71449 22135 0
75359 22135 0
77101 74545 0
2168 2337 0
73751 2337 0
74826 2337 0
30461 2337 0
75015 2337 0
57766 2337 0
67765 2337 0
73625 2337 0
75450 2337 0
62849 2337 0
75167 2337 0
71447 2337 0
78729 2337 0
75345 2337 0
79224 2337 0
75491 74626 0
75161 86 0
75275 86 0
75420 86 0
33206 86 0
75570 86 0
207 86 0
74635 74959 0
57446 57089 0
71701 57089 0
78137 57089 0
75315 4255 0
75960 4255 0
77133 4255 0
78125 4255 0
77261 75244 0
79043 49348 0
40291 49348 0
79776 43075 0
77024 75726 0
76156 75897 0
76666 75898 0
76260 76062 0
72533 76062 0
71725 76062 0
76315 76066 0
60750 49952 0
76825 76364 0
75275 86 0
5945 76774 0
65597 76861 0
71426 2337 0
77043 2337 0
61242 2337 0
77155 2337 0
60659 2337 0
76732 2337 0
77214 2337 0
77306 2337 0
77428 2337 0
77414 2337 0
62577 2337 0
77513 2337 0
77159 2337 0
77642 2337 0
77675 2337 0
77699 2337 0
76113 2337 0
77729 2337 0
77773 2337 0
78000 2337 0
77697 2337 0
78289 2337 0
73677 2337 0
65174 2337 0
62550 2337 0
78654 2337 0
69730 2337 0
78919 2337 0
79480 2337 0
79623 2337 0
79728 2337 0
61097 2337 0
80093 2337 0
80095 2337 0
77467 26358 0
71725 26358 0
46015 26358 0
62711 77105 0
74635 74959 0
77681 74959 0
77702 74959 0
77972 74959 0
78515 74959 0
78804 74959 0
78878 74959 0
78788 4501 0
2104 77422 0
79625 77789 0
78031 77942 0
78921 77944 0
78413 59460 0
29257 59460 0
78119 78075 0
39563 78075 0
78723 78075 0
79069 78075 0
78266 78076 0
77787 78111 0
78249 78111 0
78331 78111 0
78435 78111 0
78695 78111 0
75441 78111 0
78750 78111 0
78766 78111 0
79041 78111 0
79332 78111 0
79319 78111 0
60887 78111 0
60690 78111 0
80425 78111 0
80379 73642 0
79195 78668 0
80088 79207 0
80219 86 0
80581 1112 0
80621 1112 0
80652 1112 0
70890 80537 0
