606101 104385 0
73387 104385 0
618469 104385 0
154616 104385 0
88024 104385 0
624169 104385 0
322 253925 0
363420 613742 0
66412 613749 0
207734 202361 0
208507 202361 0
615560 48390 0
614412 110029 0
602312 614134 0
616482 194 0
227504 463943 0
257700 463943 0
634277 463943 0
612083 339899 0
322 614394 0
238322 4853 0
32391 4853 0
602952 614489 0
614485 614498 0
322 614527 0
501321 95995 0
614909 326327 0
619742 326327 0
322 614661 0
507731 218975 0
46250 218975 0
614889 2143 0
321757 2143 0
325189 2143 0
615153 2143 0
615181 2143 0
615183 2143 0
263138 2143 0
362218 2143 0
321975 2143 0
321885 2143 0
333122 2143 0
615230 2143 0
30111 2143 0
615224 2143 0
615245 2143 0
615253 2143 0
615258 2143 0
615260 2143 0
322239 2143 0
322378 2143 0
342082 2143 0
615300 2143 0
615298 2143 0
615296 2143 0
615302 2143 0
277546 2143 0
615316 2143 0
341068 2143 0
250562 2143 0
615322 2143 0
330794 2143 0
406657 2143 0
292235 2143 0
238584 2143 0
53403 2143 0
615344 2143 0
615360 2143 0
615362 2143 0
615350 2143 0
323350 2143 0
29837 2143 0
323043 2143 0
323606 2143 0
615384 2143 0
615386 2143 0
615408 2143 0
355080 2143 0
615417 2143 0
615415 2143 0
323071 2143 0
297359 2143 0
303670 2143 0
615465 2143 0
384273 2143 0
615469 2143 0
615498 2143 0
430805 2143 0
323554 2143 0
615515 2143 0
344689 2143 0
615532 2143 0
615543 2143 0
223821 2143 0
397850 2143 0
615579 2143 0
615587 2143 0
344625 2143 0
322560 2143 0
615607 2143 0
615613 2143 0
500181 2143 0
291312 2143 0
322513 2143 0
615626 2143 0
615632 2143 0
615634 2143 0
323732 2143 0
533941 2143 0
615638 2143 0
615660 2143 0
207446 2143 0
615678 2143 0
100011 2143 0
326449 2143 0
178484 2143 0
494626 2143 0
615693 2143 0
97715 2143 0
615713 2143 0
369635 2143 0
615717 2143 0
121319 2143 0
615719 2143 0
370935 2143 0
418493 2143 0
615763 2143 0
238643 2143 0
51698 2143 0
325981 2143 0
615766 2143 0
615768 2143 0
615780 2143 0
615774 2143 0
615784 2143 0
222729 2143 0
615796 2143 0
615803 2143 0
269616 2143 0
615811 2143 0
615824 2143 0
615830 2143 0
253673 2143 0
615820 2143 0
615841 2143 0
615835 2143 0
615847 2143 0
17680 2143 0
615861 2143 0
615857 2143 0
615865 2143 0
321963 2143 0
615876 2143 0
615889 2143 0
324755 2143 0
615908 2143 0
615906 2143 0
331969 2143 0
615920 2143 0
8333 2143 0
615928 2143 0
615937 2143 0
615966 2143 0
615972 2143 0
616023 2143 0
616066 2143 0
616098 2143 0
616187 2143 0
616241 2143 0
615 2143 0
616396 2143 0
326267 2143 0
616482 2143 0
361714 2143 0
46854 2143 0
632644 2143 0
247322 2143 0
634409 2143 0
227890 2143 0
616363 614776 0
602312 614134 0
625475 614929 0
652474 614929 0
616152 119114 0
615175 614989 0
322 614989 0
322 615073 0
9071 8996 0
622578 615423 0
425645 89936 0
14380 615511 0
14569 615511 0
60774 615511 0
2091 615511 0
55828 615511 0
1872 615511 0
20499 615511 0
1973 615511 0
2184 615511 0
2289 615511 0
6837 615511 0
533381 615511 0
618905 615511 0
7206 615511 0
623756 615511 0
625399 67905 0
39156 67905 0
631577 67905 0
228071 67905 0
322 615682 0
322 615727 0
8112 26089 0
601934 18305 0
253679 18305 0
618012 18305 0
322 18305 0
626146 18305 0
632663 18305 0
389854 18305 0
420697 18305 0
641922 18305 0
618424 129227 0
616060 615863 0
322 3968 0
67237 616041 0
69143 360597 0
322 360597 0
322 616154 0
99637 85504 0
619829 616246 0
621129 616246 0
623048 77214 0
322 32737 0
42982 260418 0
87773 394667 0
322 394667 0
648824 616576 0
648999 616576 0
649975 616576 0
650847 616576 0
651726 616576 0
652328 616576 0
322 616624 0
97398 19550 0
322 265838 0
618460 616988 0
621439 616988 0
618467 617019 0
620358 617019 0
322 617160 0
31308 26183 0
624202 617239 0
621113 363969 0
628632 617454 0
633838 617454 0
641822 617454 0
643462 617454 0
125378 617489 0
615073 265051 0
322 6443 0
163441 24539 0
322 90799 0
322 617686 0
623487 617686 0
621540 98837 0
1491 1284 0
616060 615863 0
322 617765 0
36507 29542 0
4627 29542 0
634359 29542 0
609687 26183 0
31308 26183 0
8112 26183 0
629061 26183 0
19691 26183 0
618048 3991 0
618052 3991 0
464885 3991 0
618071 3991 0
618077 3991 0
618073 3991 0
618086 3991 0
618090 3991 0
618098 3991 0
618101 3991 0
618105 3991 0
464596 3991 0
618117 3991 0
462980 3991 0
462954 3991 0
464420 3991 0
464617 3991 0
469543 3991 0
467577 3991 0
618151 3991 0
618162 3991 0
618167 3991 0
464969 3991 0
618159 3991 0
131551 3991 0
618182 3991 0
464465 3991 0
618184 3991 0
464580 3991 0
224612 3991 0
618195 3991 0
618197 3991 0
618203 3991 0
618213 3991 0
467533 3991 0
466551 3991 0
618199 3991 0
467513 3991 0
464461 3991 0
462960 3991 0
464479 3991 0
466525 3991 0
618233 3991 0
464790 3991 0
618254 3991 0
467618 3991 0
618262 3991 0
464494 3991 0
618258 3991 0
464807 3991 0
618278 3991 0
464672 3991 0
618274 3991 0
464771 3991 0
618297 3991 0
618306 3991 0
618300 3991 0
618309 3991 0
618312 3991 0
618323 3991 0
464735 3991 0
467551 3991 0
463018 3991 0
618341 3991 0
464722 3991 0
464503 3991 0
618498 3991 0
462917 3991 0
464589 3991 0
618525 3991 0
466725 3991 0
618536 3991 0
464669 3991 0
618542 3991 0
618545 3991 0
618556 3991 0
464457 3991 0
618549 3991 0
618560 3991 0
618576 3991 0
618574 3991 0
618578 3991 0
618583 3991 0
618591 3991 0
618599 3991 0
462868 3991 0
464501 3991 0
618612 3991 0
469508 3991 0
464833 3991 0
618628 3991 0
618636 3991 0
469346 3991 0
464539 3991 0
462929 3991 0
618660 3991 0
469521 3991 0
464840 3991 0
618699 3991 0
618714 3991 0
618720 3991 0
469586 3991 0
464578 3991 0
618744 3991 0
618769 3991 0
466743 3991 0
464775 3991 0
618832 3991 0
469304 3991 0
467655 3991 0
618858 3991 0
618868 3991 0
56458 3991 0
469392 3991 0
31814 3991 0
469419 3991 0
619203 3991 0
462998 3991 0
619326 3991 0
619340 3991 0
464433 3991 0
464550 3991 0
469461 3991 0
619370 3991 0
467683 3991 0
464415 3991 0
467612 3991 0
469411 3991 0
619447 3991 0
247803 3991 0
53765 3991 0
53768 3991 0
56864 3991 0
620467 3991 0
620730 3991 0
620772 3991 0
42443 3991 0
621790 3991 0
622424 3991 0
162230 3991 0
8518 3991 0
624825 3991 0
625916 3991 0
1465 3991 0
359312 3991 0
628713 3991 0
26128 3991 0
142183 3991 0
629970 3991 0
55470 3991 0
12313 3991 0
105452 3991 0
633094 3991 0
10313 3991 0
14462 3991 0
4067 3991 0
130774 3991 0
641005 3991 0
641818 3991 0
6509 3991 0
78947 3991 0
169929 3991 0
4737 3991 0
141764 3991 0
17007 3991 0
14296 29542 0
6611 29542 0
480704 29542 0
2091 29542 0
7135 29542 0
4937 29542 0
6837 29542 0
125378 180900 0
322 618132 0
624269 618138 0
322 12824 0
618422 1106 0
618624 1106 0
619139 1106 0
620204 1106 0
620507 1106 0
609476 1106 0
293741 1106 0
622111 1106 0
144456 1106 0
261116 1106 0
622493 1106 0
622854 1106 0
55077 1106 0
622946 1106 0
624970 1106 0
589615 1106 0
628504 1106 0
631706 1106 0
631820 1106 0
632017 1106 0
603011 1106 0
582010 1106 0
44253 1106 0
291099 1106 0
438892 2035 0
618756 618426 0
622115 102982 0
619166 618795 0
626720 46405 0
579307 227545 0
623153 227545 0
487727 227545 0
456867 227545 0
408473 227545 0
628674 227545 0
113197 227545 0
629838 227545 0
486214 227545 0
388855 227545 0
630523 227545 0
458176 227545 0
389048 227545 0
645430 227545 0
105651 5126 0
249748 457324 0
116873 37655 0
623974 619127 0
619582 619138 0
62137 187584 0
14230 187584 0
68020 187584 0
633791 187584 0
640472 187584 0
634812 744 0
43050 744 0
340995 619515 0
340995 102332 0
282468 123475 0
621458 123475 0
642310 123475 0
340995 619572 0
619855 611978 0
340995 611978 0
620635 611978 0
303 611978 0
621758 611978 0
624932 611978 0
627116 611978 0
15847 611978 0
631085 611978 0
9950 611978 0
484746 611978 0
636859 611978 0
640689 611978 0
640863 611978 0
641713 611978 0
641787 611978 0
651055 611978 0
340995 29542 0
650399 619739 0
6399 8272 0
30792 8272 0
626048 116616 0
626701 116616 0
630309 116616 0
191034 116616 0
650018 116616 0
10370 620203 0
627979 11414 0
282468 620432 0
644799 620432 0
620889 135637 0
46250 135637 0
620889 620203 0
636252 620203 0
620889 620620 0
46250 620620 0
3683 11081 0
627682 620971 0
621148 330122 0
638428 330122 0
634128 621225 0
634126 621225 0
634130 621225 0
634133 621225 0
622005 609687 0
622564 609687 0
647728 609687 0
125378 621298 0
624979 621298 0
439307 621298 0
627603 621298 0
393743 621593 0
621596 621593 0
621594 621593 0
621598 621593 0
36609 621593 0
488833 621741 0
647287 621780 0
625757 621806 0
640192 621857 0
625992 72588 0
622590 622011 0
623959 622011 0
626233 622011 0
256661 399069 0
645310 622098 0
639036 622160 0
622538 51911 0
623863 622276 0
626326 622276 0
628532 622276 0
628806 622276 0
634230 622276 0
636097 622276 0
559415 622276 0
378034 74482 0
622673 622401 0
385447 622401 0
104268 622401 0
8361 8126 0
8347 8126 0
8353 8126 0
8355 8126 0
8351 8126 0
8345 8126 0
8349 8126 0
622910 622622 0
623812 622622 0
623865 622622 0
624565 622622 0
633425 622622 0
623586 622270 0
624174 622270 0
637139 234003 0
117438 190909 0
2577 399069 0
2625 399069 0
627090 622973 0
630597 622973 0
2625 623052 0
634194 623092 0
336847 564201 0
21551 623179 0
246312 252316 0
623534 623308 0
178500 623308 0
625079 623308 0
625971 623308 0
626512 623308 0
446901 623308 0
626865 623308 0
627916 623308 0
628697 623308 0
628802 623308 0
630682 623308 0
632511 623308 0
633817 623308 0
638539 623308 0
641680 623308 0
642957 623308 0
643802 623308 0
644576 623308 0
647291 623308 0
650459 623308 0
628113 2635 0
2941 2635 0
636959 623450 0
340995 623450 0
623885 276364 0
275748 276364 0
85601 276364 0
624626 276364 0
624618 276364 0
624624 276364 0
624628 276364 0
3015 276364 0
625046 276364 0
68857 276364 0
108859 276364 0
159868 276364 0
626678 276364 0
626850 276364 0
626908 276364 0
620700 276364 0
181518 276364 0
206948 276364 0
628079 276364 0
629538 276364 0
360014 276364 0
634500 276364 0
7361 276364 0
637489 276364 0
647200 276364 0
624030 623674 0
204448 29326 0
384364 29326 0
39580 29326 0
624165 29326 0
157870 29326 0
56605 29326 0
627517 29326 0
630833 29326 0
643442 29326 0
644640 29326 0
624964 141529 0
625012 141529 0
117718 141529 0
627577 141529 0
630653 141529 0
142634 141529 0
184848 141529 0
405925 141529 0
633212 141529 0
625713 623954 0
639514 623954 0
635237 624045 0
624178 209779 0
622578 209779 0
629292 249038 0
633112 249038 0
3015 482330 0
624344 623756 0
622270 624174 0
162077 624399 0
364387 624399 0
624645 624399 0
624707 624399 0
89525 624399 0
624763 624399 0
51434 624399 0
624791 624399 0
624810 624399 0
624816 624399 0
624898 624399 0
624938 624399 0
624972 624399 0
624999 624399 0
625030 624399 0
8589 624399 0
341880 624399 0
121014 624399 0
625331 624399 0
625585 624399 0
419810 624399 0
295582 624399 0
622365 624399 0
357888 624399 0
625834 624399 0
342685 624399 0
626054 624399 0
488833 624399 0
626237 624399 0
626306 624399 0
104283 624399 0
626597 624399 0
626846 624399 0
626863 624399 0
627096 624399 0
427613 624399 0
627370 624399 0
627495 624399 0
627539 624399 0
627689 624399 0
628225 624399 0
628558 624399 0
629362 624399 0
628776 624399 0
629623 624399 0
629650 624399 0
214950 624399 0
630259 624399 0
630691 624399 0
630745 624399 0
335260 624399 0
630929 624399 0
184848 624399 0
631368 624399 0
117718 624399 0
592084 624399 0
632182 624399 0
632361 624399 0
632515 624399 0
632583 624399 0
632585 624399 0
87632 624399 0
405925 624399 0
80231 624399 0
633212 624399 0
633918 624399 0
634284 624399 0
634489 624399 0
634579 624399 0
634621 624399 0
634697 624399 0
634711 624399 0
634934 624399 0
635079 624399 0
635165 624399 0
635446 624399 0
5774 624399 0
635891 624399 0
635996 624399 0
636216 624399 0
7361 624399 0
71258 624399 0
636721 624399 0
636995 624399 0
110518 624399 0
637883 624399 0
638519 624399 0
273410 624399 0
595195 624399 0
639631 624399 0
640395 624399 0
373686 624399 0
641843 624399 0
42703 624399 0
642334 624399 0
642456 624399 0
642658 624399 0
644981 624399 0
646404 624399 0
594691 624399 0
647357 624399 0
647389 624399 0
284677 624399 0
60818 624399 0
650705 624399 0
625022 283473 0
608171 283473 0
626667 283473 0
626162 624476 0
626432 424979 0
481148 424979 0
624751 622622 0
624801 622622 0
581495 622622 0
624987 622622 0
625014 622622 0
625044 622622 0
625053 622622 0
625055 622622 0
625093 622622 0
625119 622622 0
625153 622622 0
322409 622622 0
87744 622622 0
625183 622622 0
625242 622622 0
625258 622622 0
13024 622622 0
625373 622622 0
625379 622622 0
227388 622622 0
26316 622622 0
626235 622622 0
626278 622622 0
624344 623756 0
303506 624820 0
631156 624820 0
626730 56185 0
31308 5611 0
639814 5611 0
8112 5611 0
628668 625317 0
608171 283473 0
3683 625479 0
625795 625613 0
626205 625613 0
93901 70632 0
65364 225271 0
1774 225271 0
65597 225271 0
629929 626458 0
85577 103723 0
626707 626596 0
626773 626596 0
626812 626596 0
470877 626596 0
152645 626596 0
170428 626596 0
78742 626596 0
121936 626596 0
627139 626596 0
627199 626596 0
159993 626596 0
197634 626596 0
263780 626596 0
628646 626596 0
629130 626596 0
356117 626596 0
434509 626596 0
629456 626596 0
629884 626596 0
629931 626596 0
630012 626596 0
630046 626596 0
245768 626596 0
630111 626596 0
63120 626596 0
394934 626596 0
623814 626596 0
630592 626596 0
630723 626596 0
631281 626596 0
226557 626596 0
632103 626596 0
632213 626596 0
632304 626596 0
632494 626596 0
632602 626596 0
632853 626596 0
632892 626596 0
633016 626596 0
2205 626596 0
151319 626596 0
633538 626596 0
18046 626596 0
634006 626596 0
634048 626596 0
634594 626596 0
172367 626596 0
635376 626596 0
635886 626596 0
420697 626596 0
7361 626596 0
636255 626596 0
560232 626596 0
636353 626596 0
636546 626596 0
636680 626596 0
174385 626596 0
153036 626596 0
637844 626596 0
637846 626596 0
30584 626596 0
281177 626596 0
638123 626596 0
638275 626596 0
638373 626596 0
638394 626596 0
639151 626596 0
639425 626596 0
639487 626596 0
640000 626596 0
640256 626596 0
640838 626596 0
642027 626596 0
48103 626596 0
179947 626596 0
231470 626596 0
642349 626596 0
642529 626596 0
642539 626596 0
176599 626596 0
513670 626596 0
112118 626596 0
106894 626596 0
643167 626596 0
643221 626596 0
643288 626596 0
210598 626596 0
643560 626596 0
643627 626596 0
643700 626596 0
611199 626596 0
644438 626596 0
560440 626596 0
645477 626596 0
646601 626596 0
646614 626596 0
646954 626596 0
183093 626596 0
96375 626596 0
316322 626596 0
292717 626596 0
113690 626596 0
225174 626596 0
55316 626596 0
103426 626596 0
652306 626596 0
652494 626596 0
652610 626596 0
555073 561742 0
626625 626622 0
630981 626622 0
40273 180929 0
633498 626807 0
633731 626807 0
634642 626807 0
637188 626807 0
639753 626807 0
646794 626807 0
627030 626923 0
627224 125977 0
627092 622622 0
137959 622622 0
627133 622622 0
13024 622622 0
627183 622622 0
627228 622622 0
627318 622622 0
626278 622622 0
627374 622622 0
620662 622622 0
627559 622622 0
627557 622622 0
627596 622622 0
627613 622622 0
2815 622622 0
264188 622622 0
627731 622622 0
627756 622622 0
627764 622622 0
211142 622622 0
506418 622622 0
627823 622622 0
627837 622622 0
340000 622622 0
627865 622622 0
628000 622622 0
14897 622622 0
116358 622622 0
628266 622622 0
188426 622622 0
628334 622622 0
628419 622622 0
628435 622622 0
137372 622622 0
123747 622622 0
37705 622622 0
628609 622622 0
266609 622622 0
401283 622622 0
209061 622622 0
628905 622622 0
629022 622622 0
629185 622622 0
629274 622622 0
629282 622622 0
78527 622622 0
629411 622622 0
629433 622622 0
58603 622622 0
629960 622622 0
106091 622622 0
9846 622622 0
403326 622622 0
630414 622622 0
7083 622622 0
630948 622622 0
631208 622622 0
631408 622622 0
632195 622622 0
531450 622622 0
632541 622622 0
632549 622622 0
631577 622622 0
633387 622622 0
266065 622622 0
633502 622622 0
633714 622622 0
633835 622622 0
245157 622622 0
633930 622622 0
634002 622622 0
634028 622622 0
634199 622622 0
634217 622622 0
153495 622622 0
303577 622622 0
634602 622622 0
634631 622622 0
1701 622622 0
635100 622622 0
114626 622622 0
635213 622622 0
114746 622622 0
635168 622622 0
635336 622622 0
618401 622622 0
277238 622622 0
635485 622622 0
635558 622622 0
260562 622622 0
635766 622622 0
4067 622622 0
84620 622622 0
592084 622622 0
636230 622622 0
7361 622622 0
179727 622622 0
636308 622622 0
82416 622622 0
156605 622622 0
229046 622622 0
451171 622622 0
3218 622622 0
637362 622622 0
286517 622622 0
637777 622622 0
119029 622622 0
445076 622622 0
225558 622622 0
638442 622622 0
638529 622622 0
638671 622622 0
638765 622622 0
13412 622622 0
120069 622622 0
640073 622622 0
640363 622622 0
90747 622622 0
101564 622622 0
411936 622622 0
641860 622622 0
641918 622622 0
167852 622622 0
642412 622622 0
179609 622622 0
643325 622622 0
115651 622622 0
644478 622622 0
644638 622622 0
644899 622622 0
644940 622622 0
645409 622622 0
645457 622622 0
646886 622622 0
636621 622622 0
647180 622622 0
647920 622622 0
648822 622622 0
162538 622622 0
648991 622622 0
171895 622622 0
370305 622622 0
649091 622622 0
207474 622622 0
649131 622622 0
70221 622622 0
649518 622622 0
252667 622622 0
296548 622622 0
650278 622622 0
650678 622622 0
175533 622622 0
188970 622622 0
216677 622622 0
358 26089 0
594697 26089 0
8112 26089 0
65391 242937 0
563250 242937 0
630235 627256 0
73153 627316 0
125378 627316 0
22539 627316 0
2577 625273 0
105505 627392 0
650203 627392 0
622270 627428 0
227545 627525 0
456867 627525 0
388855 627525 0
457618 627525 0
639738 627525 0
640289 627525 0
638105 627402 0
227545 627808 0
615243 627808 0
633523 627808 0
646588 627808 0
628818 627940 0
147716 627940 0
634124 627940 0
644839 627940 0
100848 627940 0
648069 627940 0
649625 627940 0
616988 71645 0
632819 151409 0
47930 499276 0
628320 24880 0
30792 24880 0
631248 300315 0
630458 628286 0
631208 117911 0
608589 628725 0
635429 628725 0
61314 194 0
615 194 0
75742 194 0
75275 194 0
382974 194 0
137969 194 0
82759 194 0
497223 194 0
249748 533040 0
629345 13872 0
567314 13872 0
118912 13872 0
631595 13872 0
484060 13872 0
626779 450372 0
282468 121346 0
639462 629421 0
223741 85792 0
649818 85792 0
99833 629563 0
631384 1701 0
631191 1701 0
645966 1701 0
636174 472859 0
42982 629675 0
629834 106 0
232225 106 0
111713 106 0
127807 106 0
630057 106 0
630212 106 0
630336 106 0
387930 106 0
619730 106 0
457653 106 0
630447 106 0
22002 106 0
630487 106 0
630527 106 0
221277 106 0
201434 106 0
3015 106 0
630787 106 0
544667 106 0
386014 106 0
37023 106 0
5610 106 0
204271 106 0
179452 106 0
631191 106 0
214735 106 0
631324 106 0
104283 106 0
631426 106 0
510500 106 0
623629 106 0
631579 106 0
624881 106 0
631720 106 0
631973 106 0
20675 106 0
284753 106 0
93287 106 0
62110 106 0
632378 106 0
142795 106 0
23455 106 0
88175 106 0
178285 106 0
355020 106 0
633191 106 0
191144 106 0
573662 106 0
633594 106 0
634078 106 0
593246 106 0
33017 106 0
634703 106 0
133099 106 0
635165 106 0
51138 106 0
264049 106 0
635856 106 0
150079 106 0
228321 106 0
7361 106 0
637045 106 0
67237 106 0
637814 106 0
638482 106 0
388447 106 0
637911 106 0
255399 106 0
40099 106 0
566033 106 0
640372 106 0
113503 106 0
640877 106 0
606638 106 0
13149 106 0
641338 106 0
291795 106 0
184451 106 0
643655 106 0
138191 106 0
142959 106 0
173196 106 0
187128 106 0
647934 106 0
582660 106 0
151652 106 0
515554 106 0
652085 106 0
384340 299219 0
268670 299219 0
121712 89719 0
237118 89719 0
646212 89719 0
135548 129460 0
631498 129460 0
322 129460 0
631647 68420 0
632163 630314 0
636479 630314 0
192391 630314 0
221277 335804 0
130176 335804 0
13465 630493 0
634059 630493 0
634301 630493 0
631000 110719 0
650871 630612 0
636676 610431 0
5932 232209 0
649082 630198 0
631647 631386 0
249748 631401 0
631996 631519 0
646919 631610 0
157926 631646 0
184091 631867 0
193467 631867 0
632023 631886 0
632043 631886 0
632284 631886 0
632624 631886 0
633572 631886 0
634063 631886 0
635055 631886 0
640540 631886 0
644517 631886 0
644566 631886 0
146249 631886 0
646230 631886 0
647372 631886 0
647498 631886 0
651078 631886 0
633094 9438 0
1465 9438 0
26128 9438 0
1461 9438 0
383624 9438 0
632019 632014 0
632286 632095 0
101412 632095 0
181066 632095 0
88024 632095 0
78509 632095 0
638913 632095 0
650623 632095 0
59627 68570 0
164045 68570 0
70874 68570 0
228158 68570 0
184761 68570 0
636252 632192 0
637658 632263 0
641774 632263 0
40937 632385 0
633789 632562 0
619138 632730 0
652132 632730 0
421350 116 0
300741 116 0
633920 116 0
634155 116 0
634192 116 0
634607 116 0
635061 116 0
43050 116 0
635738 116 0
635934 116 0
636145 116 0
636190 116 0
345660 116 0
637197 116 0
639651 116 0
166359 116 0
163689 116 0
640006 116 0
23365 116 0
641815 116 0
18006 116 0
351406 116 0
648491 116 0
650630 116 0
640949 116 0
228158 398101 0
648869 632877 0
178814 632945 0
635509 493872 0
633602 633209 0
160656 633209 0
109879 200253 0
2177 286576 0
651053 286576 0
634938 192399 0
3 633512 0
75275 633512 0
322 650878 0
650488 589756 0
125378 633669 0
253432 633747 0
634625 633837 0
334257 633837 0
635088 633837 0
636971 633837 0
638298 633837 0
633934 485460 0
166961 633967 0
581115 634385 0
639767 634385 0
635370 22881 0
634600 36350 0
646919 634530 0
635681 634706 0
641470 103311 0
2077 386907 0
591047 386907 0
11999 386907 0
635740 386907 0
635803 386907 0
635925 386907 0
474167 386907 0
77280 386907 0
230929 386907 0
637400 386907 0
639153 386907 0
639917 386907 0
640565 386907 0
641413 386907 0
641980 386907 0
16824 386907 0
645970 386907 0
646470 386907 0
648958 386907 0
37100 386907 0
546566 386907 0
651844 386907 0
10838 1843 0
635265 256737 0
636123 256737 0
258282 256737 0
636634 256737 0
636964 256737 0
637208 256737 0
637428 256737 0
637473 256737 0
637601 256737 0
637617 256737 0
260806 256737 0
637797 256737 0
637857 256737 0
637868 256737 0
638998 256737 0
639149 256737 0
635001 41006 0
635034 41006 0
635072 41006 0
119520 41006 0
636901 41006 0
642127 41006 0
644705 41006 0
29023 650947 0
163706 115022 0
635368 270635 0
28254 635299 0
650374 635393 0
1461 635457 0
635567 233267 0
636163 635538 0
322 635540 0
75275 633512 0
2577 314144 0
590145 635692 0
99194 174441 0
51822 174441 0
72331 174441 0
2155 3463 0
636377 436835 0
322 436835 0
651408 635949 0
131386 636088 0
640937 618138 0
638319 6807 0
131386 636088 0
636534 636088 0
487583 636153 0
140062 636325 0
322 636355 0
636826 636405 0
125378 636487 0
637227 636668 0
651336 636668 0
340995 636675 0
322 636691 0
2577 182372 0
85601 275748 0
624626 275748 0
624618 275748 0
624628 275748 0
276364 275748 0
637356 275748 0
637489 275748 0
206948 275748 0
250399 275748 0
639206 275748 0
640552 275748 0
642303 275748 0
642389 275748 0
160664 275748 0
340995 636858 0
164232 636911 0
164245 636911 0
164251 636911 0
164234 636911 0
164236 636911 0
164241 636911 0
164249 636911 0
164239 636911 0
602952 636970 0
627224 125977 0
638461 637172 0
642617 637244 0
641261 637787 0
185582 190396 0
174266 190396 0
638868 614411 0
640997 614411 0
66703 637830 0
66705 637830 0
66727 637830 0
66717 637830 0
66723 637830 0
66701 637830 0
66713 637830 0
66711 637830 0
66725 637830 0
66719 637830 0
66707 637830 0
66721 637830 0
66709 637830 0
66715 637830 0
640928 578050 0
638269 637986 0
638344 637986 0
638980 637986 0
639483 637986 0
639411 637986 0
639956 637986 0
640993 637986 0
641025 637986 0
641139 637986 0
641276 637986 0
641386 637986 0
642387 637986 0
642728 637986 0
642933 637986 0
644423 637986 0
644954 637986 0
645041 637986 0
645099 637986 0
195910 637986 0
646976 637986 0
647910 637986 0
648458 637986 0
648664 637986 0
649439 637986 0
307953 637986 0
649837 637986 0
649862 637986 0
649896 637986 0
650090 637986 0
650259 637986 0
650755 637986 0
651585 637986 0
651810 637986 0
651938 637986 0
190396 185582 0
27542 21055 0
19691 21055 0
3108 21055 0
36350 638066 0
639996 638066 0
640082 638066 0
640103 638066 0
651985 638066 0
340995 637588 0
181066 608156 0
600217 608156 0
642274 608156 0
101412 608156 0
162024 608156 0
296653 608156 0
644920 608156 0
645848 608156 0
611357 608156 0
646490 608156 0
648107 608156 0
75639 608156 0
197205 608156 0
268708 608156 0
132659 608156 0
643310 926 0
27542 2878 0
340995 2878 0
340995 637605 0
645216 638389 0
322 638389 0
643858 638402 0
639893 638444 0
340995 638469 0
340995 638495 0
66228 2337 0
71484 2337 0
635148 2337 0
142998 2337 0
90128 2337 0
133918 2337 0
90087 2337 0
208319 2337 0
638597 2337 0
336333 2337 0
74706 2337 0
89691 2337 0
84230 2337 0
100083 2337 0
256163 2337 0
125818 2337 0
60746 2337 0
638632 2337 0
627074 2337 0
65861 2337 0
638643 2337 0
247983 2337 0
100631 2337 0
515154 2337 0
304263 2337 0
70160 2337 0
73128 2337 0
607175 2337 0
103533 2337 0
297847 2337 0
86165 2337 0
638706 2337 0
638717 2337 0
72446 2337 0
60533 2337 0
349605 2337 0
638740 2337 0
638750 2337 0
66008 2337 0
638832 2337 0
62125 2337 0
63805 2337 0
72797 2337 0
155964 2337 0
127280 2337 0
337198 2337 0
367873 2337 0
638888 2337 0
125335 2337 0
64097 2337 0
638913 2337 0
67225 2337 0
69960 2337 0
83288 2337 0
121941 2337 0
91845 2337 0
73138 2337 0
634098 2337 0
392102 2337 0
121710 2337 0
96165 2337 0
144373 2337 0
72951 2337 0
639047 2337 0
74932 2337 0
99432 2337 0
639064 2337 0
287287 2337 0
639085 2337 0
321641 2337 0
66092 2337 0
78232 2337 0
93791 2337 0
639126 2337 0
317015 2337 0
639147 2337 0
639144 2337 0
133141 2337 0
639167 2337 0
639183 2337 0
72842 2337 0
65266 2337 0
116460 2337 0
62730 2337 0
179970 2337 0
301872 2337 0
329956 2337 0
91943 2337 0
639284 2337 0
70164 2337 0
403948 2337 0
301821 2337 0
130342 2337 0
87558 2337 0
66256 2337 0
60864 2337 0
62537 2337 0
95265 2337 0
60887 2337 0
67765 2337 0
135091 2337 0
68922 2337 0
73751 2337 0
235561 2337 0
69730 2337 0
71524 2337 0
97496 2337 0
426479 2337 0
639495 2337 0
138290 2337 0
636618 2337 0
294739 2337 0
509335 2337 0
93993 2337 0
87554 2337 0
71193 2337 0
63216 2337 0
639566 2337 0
331894 2337 0
115873 2337 0
639595 2337 0
67416 2337 0
639605 2337 0
639624 2337 0
639644 2337 0
639653 2337 0
69334 2337 0
639611 2337 0
415429 2337 0
122689 2337 0
77576 2337 0
218142 2337 0
639710 2337 0
596783 2337 0
639747 2337 0
639749 2337 0
617183 2337 0
75846 2337 0
609 2337 0
60690 2337 0
169289 2337 0
78198 2337 0
611232 2337 0
639848 2337 0
345269 2337 0
639863 2337 0
639867 2337 0
436877 2337 0
99961 2337 0
99649 2337 0
119412 2337 0
209266 2337 0
317202 2337 0
64107 2337 0
64692 2337 0
508920 2337 0
134157 2337 0
82820 2337 0
295913 2337 0
340797 2337 0
108170 2337 0
70190 2337 0
230243 2337 0
186163 2337 0
65189 2337 0
121984 2337 0
469153 2337 0
93621 2337 0
640216 2337 0
357320 2337 0
640224 2337 0
64321 2337 0
71451 2337 0
259111 2337 0
62949 2337 0
210429 2337 0
81478 2337 0
67807 2337 0
63186 2337 0
392695 2337 0
640342 2337 0
640357 2337 0
268662 2337 0
350023 2337 0
145972 2337 0
260748 2337 0
88754 2337 0
640435 2337 0
235676 2337 0
640458 2337 0
60547 2337 0
73818 2337 0
97441 2337 0
62803 2337 0
640496 2337 0
335821 2337 0
355944 2337 0
69879 2337 0
640530 2337 0
262071 2337 0
95088 2337 0
78850 2337 0
1855 2337 0
72216 2337 0
640604 2337 0
73957 2337 0
60943 2337 0
640622 2337 0
314284 2337 0
143923 2337 0
32845 2337 0
61097 2337 0
85390 2337 0
61871 2337 0
415956 2337 0
640734 2337 0
379742 2337 0
60793 2337 0
93315 2337 0
640789 2337 0
82712 2337 0
102937 2337 0
67281 2337 0
75179 2337 0
76193 2337 0
187326 2337 0
572031 2337 0
134956 2337 0
72016 2337 0
75919 2337 0
640901 2337 0
330031 2337 0
61452 2337 0
185470 2337 0
590544 2337 0
65225 2337 0
68372 2337 0
640968 2337 0
641007 2337 0
641013 2337 0
641023 2337 0
81008 2337 0
109740 2337 0
354293 2337 0
104115 2337 0
105517 2337 0
153170 2337 0
161863 2337 0
72264 2337 0
11892 2337 0
169583 2337 0
446414 2337 0
130622 2337 0
182206 2337 0
73530 2337 0
72854 2337 0
129560 2337 0
312346 2337 0
70581 2337 0
172819 2337 0
82301 2337 0
99151 2337 0
237453 2337 0
63541 2337 0
641326 2337 0
139759 2337 0
33173 2337 0
413859 2337 0
89133 2337 0
80155 2337 0
90355 2337 0
357866 2337 0
81423 2337 0
94944 2337 0
110040 2337 0
72267 2337 0
131079 2337 0
110375 2337 0
61212 2337 0
641481 2337 0
84805 2337 0
641513 2337 0
66689 2337 0
86796 2337 0
65646 2337 0
612048 2337 0
641598 2337 0
641606 2337 0
61202 2337 0
641642 2337 0
393373 2337 0
62279 2337 0
340207 2337 0
77416 2337 0
73387 2337 0
401395 2337 0
641893 2337 0
641901 2337 0
638521 2337 0
641887 2337 0
75649 2337 0
99494 2337 0
257021 2337 0
65368 2337 0
443780 2337 0
642017 2337 0
374235 2337 0
122253 2337 0
79166 2337 0
126403 2337 0
485329 2337 0
75699 2337 0
425947 2337 0
389627 2337 0
74050 2337 0
642185 2337 0
358484 2337 0
642183 2337 0
68920 2337 0
551840 2337 0
642250 2337 0
103749 2337 0
71437 2337 0
642276 2337 0
642308 2337 0
642299 2337 0
73394 2337 0
91951 2337 0
73658 2337 0
447948 2337 0
144274 2337 0
69305 2337 0
370230 2337 0
642448 2337 0
71718 2337 0
93787 2337 0
69648 2337 0
642481 2337 0
73449 2337 0
337048 2337 0
68731 2337 0
642566 2337 0
85809 2337 0
336242 2337 0
277192 2337 0
81551 2337 0
234776 2337 0
82611 2337 0
642683 2337 0
63993 2337 0
61512 2337 0
62774 2337 0
74254 2337 0
106620 2337 0
63296 2337 0
642732 2337 0
68064 2337 0
343067 2337 0
591576 2337 0
384094 2337 0
273383 2337 0
104853 2337 0
304961 2337 0
616076 2337 0
247309 2337 0
210627 2337 0
108704 2337 0
262780 2337 0
129711 2337 0
190036 2337 0
180020 2337 0
639093 2337 0
292773 2337 0
642897 2337 0
596402 2337 0
124847 2337 0
115503 2337 0
183809 2337 0
72681 2337 0
4962 2337 0
643065 2337 0
134036 2337 0
82796 2337 0
418977 2337 0
610653 2337 0
643091 2337 0
643185 2337 0
283634 2337 0
60659 2337 0
71179 2337 0
82134 2337 0
77977 2337 0
105811 2337 0
106757 2337 0
90822 2337 0
117281 2337 0
90561 2337 0
77188 2337 0
114761 2337 0
643393 2337 0
146965 2337 0
115850 2337 0
120330 2337 0
580301 2337 0
20474 2337 0
98186 2337 0
67632 2337 0
384024 2337 0
141068 2337 0
233758 2337 0
643578 2337 0
50569 2337 0
57766 2337 0
172134 2337 0
84630 2337 0
95947 2337 0
479797 2337 0
643682 2337 0
643692 2337 0
78691 2337 0
109182 2337 0
60992 2337 0
74666 2337 0
105284 2337 0
76820 2337 0
643779 2337 0
346233 2337 0
340329 2337 0
643678 2337 0
104105 2337 0
177771 2337 0
251984 2337 0
7083 2337 0
150149 2337 0
643909 2337 0
108383 2337 0
643923 2337 0
78066 2337 0
104426 2337 0
189828 2337 0
66629 2337 0
644006 2337 0
86096 2337 0
69877 2337 0
261503 2337 0
644054 2337 0
362762 2337 0
644088 2337 0
344217 2337 0
322157 2337 0
371663 2337 0
201530 2337 0
79829 2337 0
84391 2337 0
62849 2337 0
172495 2337 0
91143 2337 0
85709 2337 0
66094 2337 0
75173 2337 0
119200 2337 0
644357 2337 0
102394 2337 0
644373 2337 0
108470 2337 0
190259 2337 0
644428 2337 0
440446 2337 0
644364 2337 0
403047 2337 0
644513 2337 0
644553 2337 0
77079 2337 0
117420 2337 0
67508 2337 0
100665 2337 0
644622 2337 0
77414 2337 0
65950 2337 0
63041 2337 0
644690 2337 0
70913 2337 0
642305 2337 0
13858 2337 0
130152 2337 0
70790 2337 0
644792 2337 0
644801 2337 0
64439 2337 0
93680 2337 0
644868 2337 0
172081 2337 0
99672 2337 0
237477 2337 0
77513 2337 0
191461 2337 0
644962 2337 0
644653 2337 0
133893 2337 0
133083 2337 0
424176 2337 0
61549 2337 0
86593 2337 0
361966 2337 0
173197 2337 0
212126 2337 0
398589 2337 0
645084 2337 0
329588 2337 0
74457 2337 0
91674 2337 0
361407 2337 0
84527 2337 0
645236 2337 0
645241 2337 0
147171 2337 0
427966 2337 0
358826 2337 0
69702 2337 0
364001 2337 0
157477 2337 0
63863 2337 0
90113 2337 0
116930 2337 0
363007 2337 0
75641 2337 0
77333 2337 0
184136 2337 0
339300 2337 0
348973 2337 0
67198 2337 0
61688 2337 0
645643 2337 0
645650 2337 0
65292 2337 0
93905 2337 0
645775 2337 0
107631 2337 0
616284 2337 0
337983 2337 0
645825 2337 0
274309 2337 0
88630 2337 0
609541 2337 0
645932 2337 0
336335 2337 0
389573 2337 0
217892 2337 0
2048 2337 0
74748 2337 0
75076 2337 0
68866 2337 0
571294 2337 0
106686 2337 0
66245 2337 0
73482 2337 0
646228 2337 0
65805 2337 0
646271 2337 0
73341 2337 0
646288 2337 0
62393 2337 0
61093 2337 0
646361 2337 0
214349 2337 0
646397 2337 0
618469 2337 0
120929 2337 0
71653 2337 0
66591 2337 0
74165 2337 0
646533 2337 0
132379 2337 0
104072 2337 0
202513 2337 0
24454 2337 0
66836 2337 0
646685 2337 0
134660 2337 0
646723 2337 0
646731 2337 0
646764 2337 0
308905 2337 0
646798 2337 0
142688 2337 0
646821 2337 0
646826 2337 0
266 2337 0
309264 2337 0
205971 2337 0
74022 2337 0
335451 2337 0
646966 2337 0
136063 2337 0
156262 2337 0
135021 2337 0
313908 2337 0
254791 2337 0
304096 2337 0
392140 2337 0
352664 2337 0
71841 2337 0
263596 2337 0
159478 2337 0
77881 2337 0
458463 2337 0
346963 2337 0
164431 2337 0
647192 2337 0
13059 2337 0
412977 2337 0
75015 2337 0
68601 2337 0
63713 2337 0
342194 2337 0
250312 2337 0
489874 2337 0
647402 2337 0
367634 2337 0
69949 2337 0
127436 2337 0
95862 2337 0
190469 2337 0
245347 2337 0
173764 2337 0
73112 2337 0
82101 2337 0
183298 2337 0
72316 2337 0
647691 2337 0
647719 2337 0
83462 2337 0
647740 2337 0
188207 2337 0
269608 2337 0
244588 2337 0
72943 2337 0
647964 2337 0
360812 2337 0
414431 2337 0
355498 2337 0
114691 2337 0
75639 2337 0
648059 2337 0
69407 2337 0
264305 2337 0
583842 2337 0
131148 2337 0
648171 2337 0
648186 2337 0
632803 2337 0
77638 2337 0
258029 2337 0
148435 2337 0
216681 2337 0
187015 2337 0
119568 2337 0
89390 2337 0
75476 2337 0
108192 2337 0
203533 2337 0
648620 2337 0
204710 2337 0
93468 2337 0
648643 2337 0
96025 2337 0
84035 2337 0
648780 2337 0
427622 2337 0
120599 2337 0
642452 2337 0
121958 2337 0
648918 2337 0
73909 2337 0
82092 2337 0
162457 2337 0
161785 2337 0
126891 2337 0
104315 2337 0
649167 2337 0
125330 2337 0
649181 2337 0
176666 2337 0
234005 2337 0
649218 2337 0
31156 2337 0
461870 2337 0
165687 2337 0
107828 2337 0
69296 2337 0
600392 2337 0
649322 2337 0
361994 2337 0
69889 2337 0
649402 2337 0
131108 2337 0
160664 2337 0
179302 2337 0
344098 2337 0
63598 2337 0
90954 2337 0
649568 2337 0
649593 2337 0
649600 2337 0
649628 2337 0
100927 2337 0
71175 2337 0
118620 2337 0
62376 2337 0
507503 2337 0
70738 2337 0
205715 2337 0
100633 2337 0
438408 2337 0
62153 2337 0
68073 2337 0
99070 2337 0
447505 2337 0
130574 2337 0
146078 2337 0
649792 2337 0
138329 2337 0
21626 2337 0
341918 2337 0
66594 2337 0
99861 2337 0
66948 2337 0
220099 2337 0
132659 2337 0
61754 2337 0
507509 2337 0
67539 2337 0
121236 2337 0
400625 2337 0
376763 2337 0
356541 2337 0
173298 2337 0
428937 2337 0
171129 2337 0
385822 2337 0
650577 2337 0
89299 2337 0
58072 2337 0
650724 2337 0
650820 2337 0
105963 2337 0
68383 2337 0
80037 2337 0
74476 2337 0
103089 2337 0
68278 2337 0
351236 2337 0
85205 2337 0
182042 2337 0
230272 2337 0
651083 2337 0
73257 2337 0
17007 2337 0
81118 2337 0
651210 2337 0
186608 2337 0
651246 2337 0
81121 2337 0
461375 2337 0
651301 2337 0
181094 2337 0
73722 2337 0
194290 2337 0
313902 2337 0
213023 2337 0
365697 2337 0
285202 2337 0
132210 2337 0
299472 2337 0
651451 2337 0
63611 2337 0
66999 2337 0
82696 2337 0
650446 2337 0
651607 2337 0
284404 2337 0
651633 2337 0
371913 2337 0
371501 2337 0
289782 2337 0
651792 2337 0
651786 2337 0
72901 2337 0
80721 2337 0
456478 2337 0
651950 2337 0
65098 2337 0
5808 2337 0
121758 2337 0
87811 2337 0
629683 2337 0
205074 2337 0
86493 2337 0
599032 2337 0
316339 2337 0
180226 2337 0
93860 2337 0
652400 2337 0
100690 2337 0
115145 2337 0
652461 2337 0
302459 2337 0
241141 2337 0
315935 2337 0
340995 6667 0
22907 99380 0
340995 334451 0
192843 580500 0
588713 580500 0
87773 467943 0
249748 639268 0
639411 639301 0
639489 639301 0
640132 639301 0
641092 639301 0
641101 639301 0
644344 639301 0
649099 639301 0
649173 639301 0
651893 639301 0
36675 639410 0
646279 453612 0
227545 639594 0
643670 639594 0
644719 639594 0
388855 639594 0
648349 639594 0
457506 94898 0
643720 94898 0
322 19734 0
642191 639900 0
641613 639976 0
641133 297018 0
952 103548 0
20712 103548 0
107891 103548 0
632298 11791 0
649417 640173 0
626548 640614 0
651683 640614 0
150117 346541 0
2577 303984 0
644521 641154 0
645976 627891 0
20492 2245 0
2577 69292 0
590602 11694 0
5610 11694 0
645131 11694 0
319418 11694 0
646620 641296 0
643816 641584 0
625317 145 0
646165 641723 0
484238 641764 0
645020 641764 0
644399 639301 0
645502 22288 0
645806 22288 0
478753 22288 0
62717 22288 0
643158 642553 0
643476 642553 0
644393 642553 0
646573 642553 0
136153 135787 0
137903 135787 0
643108 87691 0
643132 87691 0
643177 87691 0
643370 87691 0
643529 87691 0
643839 87691 0
643974 87691 0
644106 87691 0
203167 87691 0
644352 87691 0
644448 87691 0
644952 87691 0
645346 87691 0
645505 87691 0
645818 87691 0
646008 87691 0
646085 87691 0
646294 87691 0
646841 87691 0
647031 87691 0
431511 87691 0
647275 87691 0
647342 87691 0
647438 87691 0
647898 87691 0
648139 87691 0
648336 87691 0
648523 87691 0
649169 87691 0
650055 87691 0
650509 87691 0
650522 87691 0
651112 87691 0
651267 87691 0
652388 87691 0
651867 642952 0
3683 457496 0
161773 146174 0
164633 17669 0
19735 17669 0
163541 17669 0
18399 17669 0
142724 17669 0
79069 17669 0
648880 643017 0
650619 643098 0
647508 420 0
642553 443928 0
645335 443928 0
646069 239667 0
259414 643220 0
643383 643220 0
646931 192391 0
111658 261125 0
644080 643890 0
652441 38155 0
199080 644131 0
14296 158376 0
6611 158376 0
480704 158376 0
2091 158376 0
645908 643571 0
644642 644605 0
644822 644762 0
646159 644790 0
646962 3377 0
322 644810 0
646104 28895 0
322 644845 0
236582 191755 0
645901 645026 0
3683 645114 0
549058 645272 0
606009 645534 0
647268 645534 0
645645 642816 0
649163 3015 0
646734 645780 0
649486 226413 0
593797 593759 0
593801 593759 0
646208 593759 0
646217 593759 0
646678 593759 0
648283 593759 0
649178 593759 0
647147 645805 0
379880 645805 0
646402 645945 0
42982 139465 0
1561 134294 0
225999 646119 0
646279 646119 0
30511 646119 0
151053 646119 0
651362 646119 0
130909 646119 0
652019 646119 0
113664 646346 0
125378 646346 0
584901 634624 0
322 129357 0
643314 646582 0
648670 646600 0
3683 646820 0
161773 146174 0
2577 146174 0
85225 647072 0
61314 194 0
649224 647448 0
603398 647618 0
36040 647618 0
25825 647618 0
15369 647618 0
15497 647618 0
1659 647618 0
51946 647618 0
13723 647618 0
647902 647903 0
648589 647668 0
322 737 0
603774 647698 0
157840 647698 0
6307 647698 0
157832 647698 0
157838 647698 0
647876 647698 0
6315 647698 0
647766 647698 0
184510 647698 0
157814 647698 0
647786 647698 0
647850 647698 0
647776 647698 0
647872 647698 0
603821 647698 0
6305 647698 0
6319 647698 0
157820 647698 0
157852 647698 0
647768 647698 0
647800 647698 0
308654 647698 0
157810 647698 0
647888 647698 0
6343 647698 0
6329 647698 0
647856 647698 0
434491 647698 0
165075 647698 0
647764 647698 0
157822 647698 0
647798 647698 0
647756 647698 0
157836 647698 0
647862 647698 0
647772 647698 0
157834 647698 0
6359 647698 0
647844 647698 0
647870 647698 0
647882 647698 0
647822 647698 0
647834 647698 0
647864 647698 0
647808 647698 0
647780 647698 0
574981 647698 0
647748 647698 0
647812 647698 0
647810 647698 0
647770 647698 0
647794 647698 0
647854 647698 0
647744 647698 0
647836 647698 0
647806 647698 0
647796 647698 0
647818 647698 0
69156 647698 0
647880 647698 0
647858 647698 0
647860 647698 0
647852 647698 0
647838 647698 0
647846 647698 0
647842 647698 0
647840 647698 0
647874 647698 0
647804 647698 0
647830 647698 0
647792 647698 0
647848 647698 0
647816 647698 0
621158 647698 0
193330 647698 0
650777 647698 0
650972 647698 0
651074 647698 0
224577 647698 0
647970 647730 0
648007 647730 0
648373 647730 0
648435 647730 0
649077 647730 0
649185 647730 0
649879 647730 0
627800 647730 0
652041 647730 0
634642 648211 0
650302 648211 0
650354 648211 0
651865 648211 0
430571 243598 0
242937 94738 0
602952 648553 0
295051 648791 0
650062 648948 0
650881 375977 0
64817 649042 0
649235 95361 0
65334 95361 0
322 95361 0
184761 95361 0
322 3359 0
650480 649887 0
650316 649913 0
652148 649927 0
322 1843 0
645970 1843 0
99813 56185 0
322 650284 0
382681 20669 0
650526 20669 0
650545 20669 0
650549 20669 0
338430 20669 0
29 20669 0
93393 20669 0
14031 20669 0
650730 20669 0
650761 20669 0
128535 20669 0
650903 20669 0
579331 20669 0
137144 20669 0
651011 20669 0
651044 20669 0
37023 20669 0
466129 20669 0
16768 20669 0
651510 20669 0
651562 20669 0
607507 20669 0
484414 20669 0
651627 20669 0
355020 20669 0
651975 20669 0
11464 20669 0
165918 20669 0
652146 20669 0
5610 20669 0
652156 20669 0
652259 20669 0
484497 20669 0
604844 20669 0
652433 20669 0
253169 20669 0
652557 20669 0
351238 20669 0
652598 20669 0
322 650380 0
322 68362 0
646194 66755 0
322 650519 0
141919 493872 0
37725 225999 0
650888 650686 0
652497 650686 0
651327 650707 0
651252 651057 0
650127 651095 0
367047 327664 0
181066 327664 0
322 651415 0
125378 268339 0
322 534233 0
82601 2486 0
92378 2486 0
651848 2486 0
92426 2486 0
94697 2486 0
92460 2486 0
92505 2486 0
92608 2486 0
8333 2486 0
92663 2486 0
92797 2486 0
92836 2486 0
651969 651665 0
652423 651665 0
322 651718 0
8188 253600 0
298975 67615 0
322 652512 0
630207 106696 0
