1 1 100 535.171
2 2 100 569.584
3 3 100 587.01
4 4 100 594.08
5 5 100 600.966
6 6 100 757.081
7 7 100 758.729
8 8 100 763.015
9 9 100 774.946
10 10 100 778.337
11 11 100 780.48
12 12 100 782.908
13 13 100 799.704
14 14 100 804.842
15 15 100 809.691
16 16 100 814.737
17 17 100 837.467
18 18 100 839.447
19 19 100 843.513
20 20 100 845.286
21 21 100 847.113
22 22 100 850.228
23 23 100 853.803
24 24 100 858.116
25 25 100 861.691
26 26 100 863.287
27 27 100 866.494
28 28 100 869.725
29 29 100 872.564
30 30 100 875.219
31 31 100 876.428
32 32 100 887.472
33 33 100 890.312
34 34 100 891.778
35 35 100 892.804
36 36 100 893.85
37 37 100 896.322
38 38 100 1224.08
39 39 100 1225.75
40 40 100 1226.75
41 41 100 1228.48
42 42 100 1229.52
43 43 100 1231.19
44 44 100 1237.67
45 45 100 1240.14
46 46 100 1270.29
47 47 100 1272.4
48 48 100 1273.91
49 49 100 1281.37
50 50 100 1282.59
