16 1707 1 0 1 1713 0 1 0 0
16 2941 1 0 1 2576 0 1 0 0
16 4417 1 0 1 335 0 1 0 0
16 7529 1 0 1 251 0 1 0 0
16 14916 1 0 1 2866 0 1 0 0
16 20831 1 0 1 1457 0 1 0 0
16 23504 1 0 1 209 0 1 0 0
16 24264 1 0 1 2402 0 1 0 0
16 24676 1 0 1 2244 0 1 0 0
16 25081 1 0 1 99 0 1 0 0
16 37141 1 0 1 611 0 1 0 0
16 39559 1 0 1 97 0 1 0 0
16 41293 1 0 1 952 0 1 0 0
16 47571 1 0 1 257 0 1 0 0
16 50500 1 0 1 198 0 1 0 0
16 51305 1 0 1 83 0 1 0 0
16 51801 1 0 1 75 0 1 0 0
16 52264 1 0 1 2946 0 1 0 0
16 59737 1 0 1 1680 0 1 0 0
16 67772 1 0 1 1000 0 1 0 0
16 76594 1 0 1 213 0 1 0 0
16 78555 1 0 1 2509 0 1 0 0
16 82678 1 0 1 991 0 1 0 0
16 83933 1 0 1 98 0 1 0 0
16 86061 1 0 1 592 0 1 0 0
16 87873 1 0 1 2219 0 1 0 0
16 92136 1 0 1 1147 0 1 0 0
16 103350 1 0 1 171 0 1 0 0
16 107519 1 0 1 900 0 1 0 0
16 108127 1 0 1 490 0 1 0 0
16 110557 1 0 1 2655 0 1 0 0
16 111037 1 0 1 132 0 1 0 0
16 112800 1 0 1 535 0 1 0 0
16 113576 1 0 1 768 0 1 0 0
16 123502 1 0 1 745 0 1 0 0
16 125093 1 0 1 40 0 1 0 0
16 128855 1 0 1 459 0 1 0 0
16 130324 1 0 1 2848 0 1 0 0
16 130735 1 0 1 1897 0 1 0 0
16 134221 1 0 1 93 0 1 0 0
16 136317 1 0 1 136 0 1 0 0
16 139312 1 0 1 1844 0 1 0 0
16 141016 1 0 1 2358 0 1 0 0
16 149386 1 0 1 500 0 1 0 0
16 149539 1 0 1 932 0 1 0 0
16 150294 1 0 1 550 0 1 0 0
16 155726 1 0 1 790 0 1 0 0
16 156806 1 0 1 1330 0 1 0 0
16 197634 1 0 1 2575 0 1 0 0
16 200850 1 0 1 108 0 1 0 0
16 202631 1 0 1 815 0 1 0 0
16 211174 1 0 1 305 0 1 0 0
16 214731 1 0 1 1001 0 1 0 0
16 215629 1 0 1 525 0 1 0 0
16 223068 1 0 1 149 0 1 0 0
16 228431 1 0 1 1185 0 1 0 0
16 232182 1 0 1 626 0 1 0 0
16 237374 1 0 1 1715 0 1 0 0
16 243239 1 0 1 36 0 1 0 0
16 243572 1 0 1 747 0 1 0 0
16 246627 1 0 1 2912 0 1 0 0
16 255639 1 0 1 29 0 1 0 0
16 256367 1 0 1 54 0 1 0 0
16 260762 1 0 1 407 0 1 0 0
16 267711 1 0 1 1694 0 1 0 0
16 268190 1 0 1 1403 0 1 0 0
16 268738 1 0 1 700 0 1 0 0
16 270090 1 0 1 82 0 1 0 0
16 270937 1 0 1 1697 0 1 0 0
16 271483 1 0 1 184 0 1 0 0
16 273538 1 0 1 170 0 1 0 0
16 276155 1 0 1 1067 0 1 0 0
16 276960 1 0 1 45 0 1 0 0
16 277464 1 0 1 196 0 1 0 0
16 278348 1 0 1 2136 0 1 0 0
16 279850 1 0 1 470 0 1 0 0
16 281281 1 0 1 118 0 1 0 0
16 286459 1 0 1 880 0 1 0 0
16 286866 1 0 1 210 0 1 0 0
16 290585 1 0 1 790 0 1 0 0
16 298147 1 0 1 2547 0 1 0 0
16 308704 1 0 1 2183 0 1 0 0
16 313037 1 0 1 764 0 1 0 0
16 315635 1 0 1 315 0 1 0 0
16 321071 1 0 1 759 0 1 0 0
16 322191 1 0 1 2434 0 1 0 0
16 324819 1 0 1 166 0 1 0 0
16 341992 1 0 1 175 0 1 0 0
16 342163 1 0 1 198 0 1 0 0
16 350831 1 0 1 453 0 1 0 0
16 357445 1 0 1 96 0 1 0 0
16 360959 1 0 1 1951 0 1 0 0
16 362656 1 0 1 1874 0 1 0 0
16 365653 1 0 1 97 0 1 0 0
16 377932 1 0 1 285 0 1 0 0
16 386366 1 0 1 2654 0 1 0 0
16 392767 1 0 1 2057 0 1 0 0
16 399867 1 0 1 606 0 1 0 0
16 403649 1 0 1 2530 0 1 0 0
16 404955 1 0 1 1342 0 1 0 0
16 409419 1 0 1 526 0 1 0 0
16 415491 1 0 1 521 0 1 0 0
16 432396 1 0 1 2968 0 1 0 0
16 437888 1 0 1 1034 0 1 0 0
16 448952 1 0 1 320 0 1 0 0
16 464680 1 0 1 2166 0 1 0 0
16 467349 1 0 1 1343 0 1 0 0
16 476237 1 0 1 597 0 1 0 0
16 484069 1 0 1 2298 0 1 0 0
16 492762 1 0 1 197 0 1 0 0
16 498135 1 0 1 441 0 1 0 0
16 502359 1 0 1 49 0 1 0 0
16 509605 1 0 1 182 0 1 0 0
16 531659 1 0 1 1105 0 1 0 0
16 539684 1 0 1 39 0 1 0 0
16 549292 1 0 1 928 0 1 0 0
16 564337 1 0 1 951 0 1 0 0
16 564866 1 0 1 1155 0 1 0 0
16 565511 1 0 1 1337 0 1 0 0
16 573828 1 0 1 135 0 1 0 0
16 574383 1 0 1 919 0 1 0 0
16 579818 1 0 1 270 0 1 0 0
16 581267 1 0 1 62 0 1 0 0
16 581863 1 0 1 226 0 1 0 0
16 584372 1 0 1 35 0 1 0 0
16 584414 1 0 1 43 0 1 0 0
16 584418 1 0 1 43 0 1 0 0
16 584456 1 0 1 54 0 1 0 0
16 584470 1 0 1 56 0 1 0 0
16 584501 1 0 1 64 0 1 0 0
16 584511 1 0 1 68 0 1 0 0
16 584524 1 0 1 71 0 1 0 0
16 584580 1 0 1 82 0 1 0 0
16 584584 1 0 1 82 0 1 0 0
16 584588 1 0 1 83 0 1 0 0
16 584614 1 0 1 90 0 1 0 0
16 584724 1 0 1 115 0 1 0 0
16 584752 1 0 1 121 0 1 0 0
16 584780 1 0 1 129 0 1 0 0
16 584793 1 0 1 135 0 1 0 0
16 584815 1 0 1 141 0 1 0 0
16 584847 1 0 1 147 0 1 0 0
16 584856 1 0 1 150 0 1 0 0
16 584858 1 0 1 150 0 1 0 0
16 584864 1 0 1 152 0 1 0 0
16 584934 1 0 1 167 0 1 0 0
16 584942 1 0 1 170 0 1 0 0
16 584962 1 0 1 172 0 1 0 0
16 585116 1 0 1 210 0 1 0 0
16 585144 1 0 1 220 0 1 0 0
16 585172 1 0 1 225 0 1 0 0
16 585178 1 0 1 227 0 1 0 0
16 585180 1 0 1 227 0 1 0 0
16 585193 1 0 1 231 0 1 0 0
16 585212 1 0 1 236 0 1 0 0
16 585264 1 0 1 248 0 1 0 0
16 585333 1 0 1 268 0 1 0 0
16 585464 1 0 1 304 0 1 0 0
16 585525 1 0 1 316 0 1 0 0
16 585562 1 0 1 322 0 1 0 0
16 585659 1 0 1 344 0 1 0 0
16 585764 1 0 1 371 0 1 0 0
16 585773 1 0 1 375 0 1 0 0
16 585831 1 0 1 389 0 1 0 0
16 585848 1 0 1 393 0 1 0 0
16 585898 1 0 1 404 0 1 0 0
16 585929 1 0 1 411 0 1 0 0
16 585954 1 0 1 419 0 1 0 0
16 586001 1 0 1 432 0 1 0 0
16 586048 1 0 1 444 0 1 0 0
16 586109 1 0 1 463 0 1 0 0
16 586113 1 0 1 464 0 1 0 0
16 586147 1 0 1 471 0 1 0 0
16 586228 1 0 1 493 0 1 0 0
16 586263 1 0 1 503 0 1 0 0
16 586269 1 0 1 504 0 1 0 0
16 586287 1 0 1 509 0 1 0 0
16 586295 1 0 1 511 0 1 0 0
16 586463 1 0 1 559 0 1 0 0
16 586516 1 0 1 573 0 1 0 0
16 586534 1 0 1 578 0 1 0 0
16 586536 1 0 1 578 0 1 0 0
16 586597 1 0 1 599 0 1 0 0
16 586623 1 0 1 606 0 1 0 0
16 586674 1 0 1 619 0 1 0 0
16 586684 1 0 1 622 0 1 0 0
16 586729 1 0 1 634 0 1 0 0
16 586731 1 0 1 635 0 1 0 0
16 586753 1 0 1 640 0 1 0 0
16 586759 1 0 1 641 0 1 0 0
16 586862 1 0 1 665 0 1 0 0
16 586870 1 0 1 667 0 1 0 0
16 586880 1 0 1 670 0 1 0 0
16 586933 1 0 1 689 0 1 0 0
16 587086 1 0 1 726 0 1 0 0
16 587092 1 0 1 728 0 1 0 0
16 587131 1 0 1 741 0 1 0 0
16 587133 1 0 1 743 0 1 0 0
16 587156 1 0 1 750 0 1 0 0
16 587318 1 0 1 788 0 1 0 0
16 587415 1 0 1 810 0 1 0 0
16 587455 1 0 1 819 0 1 0 0
16 587472 1 0 1 823 0 1 0 0
16 587521 1 0 1 831 0 1 0 0
16 587581 1 0 1 848 0 1 0 0
16 587593 1 0 1 853 0 1 0 0
16 587595 1 0 1 853 0 1 0 0
16 587615 1 0 1 858 0 1 0 0
16 587637 1 0 1 952 0 1 0 0
16 587683 1 0 1 880 0 1 0 0
16 587817 1 0 1 913 0 1 0 0
16 587853 1 0 1 922 0 1 0 0
16 588147 1 0 1 990 0 1 0 0
16 588225 1 0 1 1008 0 1 0 0
16 588454 1 0 1 1066 0 1 0 0
16 588555 1 0 1 1090 0 1 0 0
16 588636 1 0 1 1108 0 1 0 0
16 588697 1 0 1 1124 0 1 0 0
16 588738 1 0 1 1133 0 1 0 0
16 588742 1 0 1 1135 0 1 0 0
16 588748 1 0 1 1138 0 1 0 0
16 588900 1 0 1 1155 0 1 0 0
16 588984 1 0 1 1177 0 1 0 0
16 589096 1 0 1 1211 0 1 0 0
16 589202 1 0 1 1241 0 1 0 0
16 589223 1 0 1 1250 0 1 0 0
16 589304 1 0 1 1269 0 1 0 0
16 589328 1 0 1 1274 0 1 0 0
16 589438 1 0 1 1303 0 1 0 0
16 589459 1 0 1 1307 0 1 0 0
16 589522 1 0 1 1326 0 1 0 0
16 589622 1 0 1 1353 0 1 0 0
16 589635 1 0 1 1356 0 1 0 0
16 589677 1 0 1 1366 0 1 0 0
16 589825 1 0 1 1400 0 1 0 0
16 589831 1 0 1 1402 0 1 0 0
16 589833 1 0 1 1403 0 1 0 0
16 590079 1 0 1 1464 0 1 0 0
16 590089 1 0 1 1466 0 1 0 0
16 590097 1 0 1 1467 0 1 0 0
16 590158 1 0 1 1484 0 1 0 0
16 590210 1 0 1 1495 0 1 0 0
16 590225 1 0 1 1499 0 1 0 0
16 590375 1 0 1 1542 0 1 0 0
16 590422 1 0 1 1553 0 1 0 0
16 590518 1 0 1 1578 0 1 0 0
16 590624 1 0 1 1609 0 1 0 0
16 590697 1 0 1 1631 0 1 0 0
16 590709 1 0 1 1634 0 1 0 0
16 590767 1 0 1 1652 0 1 0 0
16 591128 1 0 1 1748 0 1 0 0
16 591183 1 0 1 1761 0 1 0 0
16 591425 1 0 1 1826 0 1 0 0
16 591611 1 0 1 1869 0 1 0 0
16 591703 1 0 1 1890 0 1 0 0
16 591797 1 0 1 1914 0 1 0 0
16 591885 1 0 1 1932 0 1 0 0
16 592229 1 0 1 2028 0 1 0 0
16 592321 1 0 1 2054 0 1 0 0
16 592442 1 0 1 2085 0 1 0 0
16 592480 1 0 1 2105 0 1 0 0
16 592776 1 0 1 2182 0 1 0 0
16 593137 1 0 1 2270 0 1 0 0
16 593294 1 0 1 2313 0 1 0 0
16 593298 1 0 1 2314 0 1 0 0
16 593335 1 0 1 2391 0 1 0 0
16 593406 1 0 1 2584 0 1 0 0
16 593515 1 0 1 2393 0 1 0 0
16 593748 1 0 1 2450 0 1 0 0
16 593774 1 0 1 2460 0 1 0 0
16 593844 1 0 1 2480 0 1 0 0
16 593850 1 0 1 2481 0 1 0 0
16 593871 1 0 1 2487 0 1 0 0
16 594137 1 0 1 2555 0 1 0 0
16 594181 1 0 1 2566 0 1 0 0
16 594348 1 0 1 2622 0 1 0 0
16 594368 1 0 1 2626 0 1 0 0
16 594472 1 0 1 2660 0 1 0 0
16 594548 1 0 1 2689 0 1 0 0
16 594601 1 0 1 2700 0 1 0 0
16 594626 1 0 1 2710 0 1 0 0
16 594632 1 0 1 2712 0 1 0 0
16 594826 1 0 1 2763 0 1 0 0
16 595204 1 0 1 2864 0 1 0 0
16 595268 1 0 1 2875 0 1 0 0
16 595326 1 0 1 2888 0 1 0 0
16 595358 1 0 1 2895 0 1 0 0
16 595412 1 0 1 3021 0 1 0 0
16 595580 1 0 1 2967 0 1 0 0
16 595652 1 0 1 2984 0 1 0 0
16 595719 1 0 1 3002 0 1 0 0
34 584434 0 1 1 0 18 0 1 0
106 5610 1 0 1 120 0 1 0 0
106 11470 1 0 1 122 0 1 0 0
106 60114 1 0 1 682 0 1 0 0
106 108127 1 0 1 471 0 1 0 0
106 189897 1 0 1 287 0 1 0 0
106 363701 1 0 1 165 0 1 0 0
106 563720 1 0 1 343 0 1 0 0
106 593984 1 0 1 160 0 1 0 0
133 11668 1 0 1 1287 0 1 0 0
528 185634 1 0 1 442 0 1 0 0
528 255955 1 0 1 2532 0 1 0 0
528 399115 1 0 1 1083 0 1 0 0
528 437478 1 0 1 1000 0 1 0 0
528 580273 1 0 1 254 0 1 0 0
528 586428 1 0 1 2051 0 1 0 0
588 585644 0 1 1 0 1526 0 1 0
267991 580770 0 1 1 0 57 0 1 0
981 577447 1 0 1 108 0 1 0 0
179126 181395 0 1 1 0 323 0 1 0
90585 577663 1 0 1 1815 0 1 0 0
1916 394638 0 1 1 0 168 0 1 0
447205 578691 1 0 1 809 0 1 0 0
447205 582914 0 1 1 0 8 0 1 0
447205 586678 1 0 1 477 0 1 0 0
447205 587675 1 0 1 733 0 1 0 0
447205 594270 1 0 1 2455 0 1 0 0
269420 300130 1 0 1 1251 0 1 0 0
269420 448788 1 0 1 3496 0 1 0 0
269420 493587 1 0 1 1361 0 1 0 0
269420 531440 1 0 1 2507 0 1 0 0
269420 576425 1 0 1 2420 0 1 0 0
269420 579463 1 0 1 22 0 1 0 0
269420 579579 1 0 1 55 0 1 0 0
269420 579617 1 0 1 73 0 1 0 0
269420 579719 1 0 1 108 0 1 0 0
269420 579755 1 0 1 118 0 1 0 0
269420 579840 1 0 1 142 0 1 0 0
269420 580612 1 0 1 374 0 1 0 0
269420 581260 1 0 1 570 0 1 0 0
269420 582263 1 0 1 911 0 1 0 0
269420 582512 1 0 1 988 0 1 0 0
269420 582894 1 0 1 1104 0 1 0 0
269420 583839 1 0 1 1385 0 1 0 0
269420 583861 1 0 1 1393 0 1 0 0
269420 584001 1 0 1 1433 0 1 0 0
269420 584825 1 0 1 1662 0 1 0 0
269420 585557 1 0 1 1841 0 1 0 0
269420 585724 1 0 1 1878 0 1 0 0
269420 586774 1 0 1 2165 0 1 0 0
269420 586792 1 0 1 2170 0 1 0 0
269420 587519 1 0 1 2350 0 1 0 0
269420 587841 1 0 1 2439 0 1 0 0
269420 588333 1 0 1 2555 0 1 0 0
269420 588499 1 0 1 2596 0 1 0 0
269420 589283 1 0 1 2785 0 1 0 0
269420 590395 1 0 1 3068 0 1 0 0
269420 591513 1 0 1 3365 0 1 0 0
269420 591901 1 0 1 3454 0 1 0 0
269420 592096 1 0 1 3511 0 1 0 0
269420 592861 1 0 1 3716 0 1 0 0
269420 593054 1 0 1 3768 0 1 0 0
269420 593899 1 0 1 4013 0 1 0 0
269420 593947 1 0 1 4024 0 1 0 0
269420 594650 1 0 1 4235 0 1 0 0
2577 19785 1 1 2 1305 404 0.5 1 0
2577 69292 0 1 1 0 874 0 1 0
2577 87772 0 1 1 0 271 0 1 0
2577 314144 0 1 1 0 156 0 1 0
2577 557146 0 1 1 0 292 0 1 0
2625 31201 0 1 1 0 41 0 1 0
181019 181022 1 0 1 1 0 1 0 0
2941 80718 0 1 1 0 3085 0 1 0
181066 582914 0 1 1 0 59 0 1 0
3108 98269 0 1 1 0 34 0 1 0
3232 414277 0 1 1 0 2529 0 1 0
181395 261510 1 0 1 297 0 1 0 0
181395 273140 1 0 1 409 0 1 0 0
181395 594418 1 0 1 20 0 1 0 0
181395 594483 1 0 1 37 0 1 0 0
181395 594536 1 0 1 55 0 1 0 0
181395 594551 1 0 1 62 0 1 0 0
181395 594570 1 0 1 66 0 1 0 0
181395 594597 1 0 1 71 0 1 0 0
181395 594612 1 0 1 74 0 1 0 0
181395 594901 1 0 1 158 0 1 0 0
181395 594909 1 0 1 160 0 1 0 0
181395 594963 1 0 1 173 0 1 0 0
181395 595059 1 0 1 195 0 1 0 0
181395 595172 1 0 1 224 0 1 0 0
181395 595195 1 0 1 232 0 1 0 0
181395 595218 1 0 1 239 0 1 0 0
181395 595265 1 0 1 247 0 1 0 0
181395 595282 1 0 1 251 0 1 0 0
181395 595336 1 0 1 261 0 1 0 0
181395 595352 1 0 1 266 0 1 0 0
181395 595510 1 0 1 316 0 1 0 0
181395 595640 1 0 1 353 0 1 0 0
181395 595812 1 0 1 396 0 1 0 0
181395 595852 1 0 1 408 0 1 0 0
3505 8104 0 1 1 0 16 0 1 0
3683 52031 0 1 1 0 28 0 1 0
3683 264445 0 1 1 0 35 0 1 0
4255 90402 1 0 1 1270 0 1 0 0
4255 588269 1 0 1 2193 0 1 0 0
93371 578408 0 1 1 0 28 0 1 0
5307 264445 0 1 1 0 181 0 1 0
5480 76905 0 1 1 0 1854 0 1 0
5610 11694 0 1 1 0 371 0 1 0
95194 193471 1 0 1 2775 0 1 0 0
95194 220155 1 0 1 72 0 1 0 0
95194 377952 1 0 1 604 0 1 0 0
95194 584735 1 0 1 414 0 1 0 0
95194 591466 1 0 1 2130 0 1 0 0
95194 592305 1 0 1 2346 0 1 0 0
95194 594068 1 0 1 2833 0 1 0 0
95194 594243 1 0 1 2885 0 1 0 0
95194 595472 1 0 1 3224 0 1 0 0
95340 577616 1 0 1 406 0 1 0 0
6611 593282 0 1 1 0 61 0 1 0
7083 414277 0 1 1 0 947 0 1 0
7361 8104 0 1 1 0 2725 0 1 0
7361 8109 0 1 1 0 2730 0 1 0
7361 264445 0 1 1 0 2697 0 1 0
7361 269420 0 1 1 0 1710 0 1 0
7680 340995 1 0 1 1686 0 1 0 0
96942 574030 0 1 1 0 2573 0 1 0
8104 9139 1 0 1 507 0 1 0 0
8104 13681 1 0 1 2124 0 1 0 0
8104 13683 1 0 1 313 0 1 0 0
8104 26617 1 0 1 648 0 1 0 0
8104 29817 1 0 1 1560 0 1 0 0
8104 41689 1 0 1 291 0 1 0 0
8104 55206 1 0 1 1000 0 1 0 0
8104 57867 1 0 1 116 0 1 0 0
8104 68533 1 0 1 1357 0 1 0 0
8104 85319 1 0 1 479 0 1 0 0
8104 94137 1 0 1 4755 0 1 0 0
8104 95600 1 0 1 740 0 1 0 0
8104 107479 1 0 1 152 0 1 0 0
8104 163501 1 0 1 4958 0 1 0 0
8104 190805 1 0 1 319 0 1 0 0
8104 210710 1 0 1 229 0 1 0 0
8104 233149 1 0 1 90 0 1 0 0
8104 315495 1 0 1 28 0 1 0 0
8104 344372 1 0 1 2819 0 1 0 0
8104 385237 1 0 1 2260 0 1 0 0
8104 559125 1 0 1 396 0 1 0 0
8104 569563 1 0 1 105 0 1 0 0
8104 574405 1 0 1 164 0 1 0 0
8104 576696 1 0 1 75 0 1 0 0
8104 576927 1 0 1 148 0 1 0 0
8104 577728 1 0 1 424 0 1 0 0
8104 578145 1 0 1 579 0 1 0 0
8104 578806 1 0 1 822 0 1 0 0
8104 579664 1 0 1 1124 0 1 0 0
8104 580486 1 0 1 1373 0 1 0 0
8104 580548 1 0 1 1393 0 1 0 0
8104 581554 1 0 1 1709 0 1 0 0
8104 582116 1 0 1 1893 0 1 0 0
8104 582354 1 0 1 1981 0 1 0 0
8104 582922 1 0 1 2154 0 1 0 0
8104 583349 1 0 1 2271 0 1 0 0
8104 584396 1 0 1 2598 0 1 0 0
8104 585511 1 0 1 2872 0 1 0 0
8104 589492 1 0 1 234 0 1 0 0
8104 590875 1 0 1 309 0 1 0 0
8104 591414 1 0 1 451 0 1 0 0
8104 592741 1 0 1 798 0 1 0 0
8104 592990 1 0 1 4789 0 1 0 0
8104 593075 1 0 1 4812 0 1 0 0
8104 593521 1 0 1 1023 0 1 0 0
8104 595168 1 0 1 5410 0 1 0 0
8104 595446 1 0 1 1549 0 1 0 0
8109 116096 1 0 1 1570 0 1 0 0
8109 149441 1 0 1 195 0 1 0 0
8109 163633 1 0 1 1254 0 1 0 0
8109 175644 1 0 1 804 0 1 0 0
8109 212022 1 0 1 4627 0 1 0 0
8109 261601 1 0 1 35 0 1 0 0
8109 400191 1 0 1 1082 0 1 0 0
8109 420069 1 0 1 3931 0 1 0 0
8109 562072 1 0 1 3439 0 1 0 0
8109 576698 1 0 1 75 0 1 0 0
8109 577225 1 0 1 252 0 1 0 0
8109 577465 1 0 1 332 0 1 0 0
8109 577732 1 0 1 425 0 1 0 0
8109 578084 1 0 1 558 0 1 0 0
8109 578133 1 0 1 578 0 1 0 0
8109 578894 1 0 1 847 0 1 0 0
8109 580336 1 0 1 1325 0 1 0 0
8109 581172 1 0 1 1579 0 1 0 0
8109 581837 1 0 1 1811 0 1 0 0
8109 581883 1 0 1 1828 0 1 0 0
8109 582790 1 0 1 2109 0 1 0 0
8109 582866 1 0 1 2138 0 1 0 0
8109 585055 1 0 1 2751 0 1 0 0
8109 586762 1 0 1 3200 0 1 0 0
8109 586875 1 0 1 3227 0 1 0 0
8109 591001 1 0 1 339 0 1 0 0
8109 591139 1 0 1 379 0 1 0 0
8109 595071 1 0 1 1453 0 1 0 0
8866 575409 0 1 1 0 544 0 1 0
187101 577292 0 1 1 0 1069 0 1 0
9187 25571 1 0 1 91 0 1 0 0
99320 335042 1 0 1 393 0 1 0 0
99320 593654 1 0 1 743 0 1 0 0
10494 47180 0 1 1 0 1521 0 1 0
455960 575488 0 1 1 0 5323 0 1 0
456080 582486 0 1 1 0 2885 0 1 0
367105 576571 0 1 1 0 1696 0 1 0
11470 11694 0 1 1 0 372 0 1 0
11694 132558 1 0 1 2036 0 1 0 0
11694 199347 1 0 1 386 0 1 0 0
11694 589057 1 0 1 182 0 1 0 0
11694 590692 1 0 1 732 0 1 0 0
11694 594691 1 0 1 1709 0 1 0 0
11892 71124 0 1 1 0 1 0 1 0
11892 414277 0 1 1 0 623 0 1 0
11892 576425 0 1 1 0 2151 0 1 0
546408 592650 1 0 1 246 0 1 0 0
13377 583093 4 0 4 4081 0 4 0 0
103176 269420 0 1 1 0 3437 0 1 0
192325 572770 1 0 1 152 0 1 0 0
103311 302884 1 0 1 1691 0 1 0 0
103311 577870 1 0 1 740 0 1 0 0
14296 593282 0 1 1 0 1 0 1 0
459527 575440 0 1 1 0 46 0 1 0
549292 573441 1 0 1 3554 0 1 0 0
15587 30792 1 0 1 363 0 1 0 0
104694 269420 0 1 1 0 462 0 1 0
104989 590354 0 1 1 0 678 0 1 0
105452 264445 0 1 1 0 4034 0 1 0
105783 593379 0 1 1 0 74 0 1 0
106112 340995 1 0 1 55 0 1 0 0
462284 581898 1 0 1 2559 0 1 0 0
195333 229606 0 1 1 0 65 0 1 0
17595 591688 1 0 1 178 0 1 0 0
18028 593117 1 0 1 2612 0 1 0 0
285181 575409 0 1 1 0 2159 0 1 0
196309 342924 1 0 1 698 0 1 0 0
108001 582872 0 1 1 0 281 0 1 0
19785 314144 0 1 1 0 1461 0 0.5 0
554219 569311 0 1 1 0 2560 0 1 0
22021 590407 1 0 1 139 0 1 0 0
22366 414277 0 1 1 0 2815 0 1 0
23277 135172 0 1 1 0 622 0 1 0
557633 583785 1 0 1 612 0 1 0 0
290565 414277 0 1 1 0 43 0 1 0
203173 580395 0 1 1 0 54 0 1 0
203451 587737 1 0 1 64 0 1 0 0
203451 593495 1 0 1 1558 0 1 0 0
114725 447205 0 1 1 0 2131 0 1 0
26089 594697 1 0 1 16 0 1 0 0
116007 264445 0 1 1 0 179 0 1 0
383396 595061 1 0 1 136 0 1 0 0
27606 28804 1 0 1 534 0 1 0 0
116873 584616 0 1 1 0 178 0 1 0
116976 593566 1 0 1 115 0 1 0 0
116976 594428 1 0 1 359 0 1 0 0
562739 576131 1 0 1 187 0 1 0 0
207284 580851 0 1 1 0 19 0 1 0
118276 264445 0 1 1 0 2607 0 1 0
29879 99320 0 1 1 0 298 0 1 0
208024 414277 0 1 1 0 10 0 1 0
208024 447205 0 1 1 0 512 0 1 0
119958 181395 0 1 1 0 118 0 1 0
32095 37807 1 0 1 18 0 1 0 0
121238 576425 0 1 1 0 2150 0 1 0
121671 340995 1 0 1 49 0 1 0 0
32904 374153 0 1 1 0 430 0 1 0
300173 414277 0 1 1 0 2474 0 1 0
33081 270731 0 1 1 0 1332 0 1 0
567430 569311 0 1 1 0 1167 0 1 0
389624 579646 1 0 1 63 0 1 0 0
33716 576425 0 1 1 0 821 0 1 0
301123 579220 1 0 1 75 0 1 0 0
212668 579077 0 1 1 0 616 0 1 0
569311 578730 1 0 1 38 0 1 0 0
569311 580181 1 0 1 157 0 1 0 0
569311 581859 1 0 1 697 0 1 0 0
569311 587756 1 0 1 2336 0 1 0 0
569311 589520 1 0 1 2761 0 1 0 0
569311 589913 1 0 1 2859 0 1 0 0
569441 581042 1 0 1 3041 0 1 0 0
480704 593282 0 1 1 0 76 0 1 0
125541 229606 0 1 1 0 48 0 1 0
482168 586914 0 1 1 0 452 0 1 0
126414 577292 0 1 1 0 390 0 1 0
215642 588436 1 0 1 1020 0 1 0 0
393743 589065 0 1 1 0 1 0 1 0
393745 574700 0 1 1 0 68 0 1 0
393764 588545 1 0 1 742 0 1 0 0
572689 576261 0 1 1 0 295 0 1 0
572732 572820 2 0 2 370 0 2 0 0
572770 574668 1 1 2 249 17 0.5 1 0
572770 575001 1 0 1 846 0 1 0 0
572770 577464 0 1 1 0 29 0 1 0
572847 574458 1 0 1 764 0 1 0 0
573376 589126 1 0 1 5078 0 1 0 0
573417 573727 1 0 1 163 0 1 0 0
573473 573537 1 0 1 36 0 1 0 0
39276 581716 1 0 1 732 0 1 0 0
573534 575018 1 0 1 229 0 1 0 0
573675 575009 1 0 1 567 0 1 0 0
39649 47180 0 1 1 0 404 0 1 0
574440 574509 1 0 1 27 0 1 0 0
574494 574648 1 0 1 71 0 1 0 0
129290 349967 0 1 1 0 188 0 1 0
574574 574932 1 0 1 160 0 1 0 0
574574 575541 1 0 1 397 0 1 0 0
574574 575936 1 0 1 546 0 1 0 0
574574 576043 1 0 1 596 0 1 0 0
574574 578710 1 0 1 1551 0 1 0 0
574574 592461 1 0 1 5423 0 1 0 0
574574 595324 1 0 1 6211 0 1 0 0
129460 135548 1 0 1 1074 0 1 0 0
40717 181395 0 1 1 0 353 0 1 0
575255 575798 1 0 1 131 0 1 0 0
41016 47180 0 1 1 0 2694 0 1 0
575351 595885 1 0 1 6035 0 1 0 0
575448 575449 0 1 1 0 411 0 1 0
575581 591538 1 0 1 4050 0 1 0 0
575590 576255 1 0 1 256 0 1 0 0
575590 590350 1 0 1 4447 0 1 0 0
220155 249958 0 1 1 0 348 0 1 0
220155 286109 0 1 1 0 318 0 1 0
220155 478848 0 1 1 0 394 0 1 0
220155 579673 0 1 1 0 397 0 1 0
42443 264445 0 1 1 0 463 0 1 0
576689 578697 1 0 1 709 0 1 0 0
42546 270731 0 1 1 0 1097 0 1 0
576795 577502 1 0 1 236 0 1 0 0
576795 584464 1 0 1 2508 0 1 0 0
576866 582914 0 1 1 0 104 0 1 0
577292 578631 1 0 1 71 0 1 0 0
43197 47180 0 1 1 0 1195 0 1 0
577631 578149 1 0 1 195 0 1 0 0
400191 587281 0 1 1 0 1962 0 1 0
311345 592291 1 0 1 5157 0 1 0 0
44250 414277 0 1 1 0 2160 0 1 0
578709 581922 1 0 1 1052 0 1 0 0
311638 593249 1 0 1 475 0 1 0 0
133677 589681 1 0 1 2851 0 1 0 0
133677 595432 1 0 1 4397 0 1 0 0
579042 580969 1 0 1 621 0 1 0 0
579077 579603 1 0 1 182 0 1 0 0
579077 580116 1 0 1 337 0 1 0 0
579077 581336 1 0 1 716 0 1 0 0
579077 581668 1 0 1 829 0 1 0 0
579077 582138 1 0 1 981 0 1 0 0
579077 583552 1 0 1 1415 0 1 0 0
579077 586205 1 0 1 2125 0 1 0 0
579077 588947 1 0 1 2802 0 1 0 0
579573 579986 1 0 1 133 0 1 0 0
579609 579818 1 0 1 70 0 1 0 0
579950 580354 1 0 1 118 0 1 0 0
580259 580332 1 0 1 18 0 1 0 0
580353 582089 1 0 1 4068 0 1 0 0
135172 572770 1 0 1 22 0 1 0 0
135172 574668 1 0 1 271 0 0.5 0 0
135172 574898 1 0 1 243 0 1 0 0
135172 575035 1 0 1 294 0 1 0 0
135172 577089 1 0 1 1065 0 1 0 0
135172 579370 0 1 1 0 110 0 1 0
135172 579626 0 1 1 0 26 0 1 0
580500 588713 1 0 1 2307 0 1 0 0
224612 264445 0 1 1 0 2158 0 1 0
580851 593879 1 0 1 3549 0 1 0 0
313818 414277 0 1 1 0 3595 0 1 0
581009 584740 1 0 1 1139 0 1 0 0
581134 586994 1 0 1 1691 0 1 0 0
47180 541040 1 0 1 3648 0 1 0 0
47180 560621 1 0 1 3597 0 1 0 0
47180 574600 1 0 1 101 0 1 0 0
47180 574715 1 0 1 154 0 1 0 0
47180 574871 1 0 1 230 0 1 0 0
47180 575031 1 0 1 287 0 1 0 0
47180 575369 1 0 1 432 0 1 0 0
47180 575527 1 0 1 484 0 1 0 0
47180 578104 1 0 1 1424 0 1 0 0
47180 578826 1 0 1 1688 0 1 0 0
47180 578850 1 0 1 1695 0 1 0 0
47180 579324 1 0 1 1867 0 1 0 0
47180 579696 1 0 1 1995 0 1 0 0
47180 579824 1 0 1 2032 0 1 0 0
47180 580496 1 0 1 2235 0 1 0 0
47180 586709 1 0 1 4042 0 1 0 0
47180 589646 1 0 1 4772 0 1 0 0
47180 594185 1 0 1 5981 0 1 0 0
582111 582298 1 0 1 70 0 1 0 0
582111 587760 1 0 1 1568 0 1 0 0
582486 584120 1 0 1 495 0 1 0 0
582487 582525 1 0 1 10 0 1 0 0
582487 582531 1 0 1 11 0 1 0 0
582487 582784 1 0 1 88 0 1 0 0
582487 583127 1 0 1 187 0 1 0 0
582487 585485 1 0 1 845 0 1 0 0
582487 592552 1 0 1 2659 0 1 0 0
493456 594234 1 0 1 127 0 1 0 0
582607 583315 1 0 1 206 0 1 0 0
582700 591008 1 0 1 2281 0 1 0 0
137528 584255 0 1 1 0 1612 0 1 0
582872 583769 1 0 1 261 0 1 0 0
582872 584517 1 0 1 489 0 1 0 0
582914 586226 1 0 1 901 0 1 0 0
582928 583459 1 0 1 152 0 1 0 0
582928 584095 1 0 1 348 0 1 0 0
582928 585767 1 0 1 773 0 1 0 0
582967 591235 1 0 1 2173 0 1 0 0
583152 588436 1 0 1 1407 0 1 0 0
48962 264445 0 1 1 0 4806 0 1 0
227545 579307 0 1 1 0 3740 0 1 0
227545 585148 0 1 1 0 1927 0 1 0
583774 586522 1 0 1 761 0 1 0 0
227886 583658 1 0 1 502 0 1 0 0
227886 585162 1 0 1 919 0 1 0 0
227886 591175 1 0 1 2455 0 1 0 0
584255 588249 0 1 1 0 51 0 1 0
584255 588756 0 1 1 0 44 0 1 0
584463 587803 1 0 1 857 0 1 0 0
584932 585503 1 0 1 146 0 1 0 0
585487 585678 1 0 1 42 0 1 0 0
585487 586733 1 0 1 394 0 1 0 0
585644 585741 1 0 1 22 0 1 0 0
585644 595474 1 0 1 2270 0 1 0 0
585673 587229 1 0 1 418 0 1 0 0
586031 586733 1 0 1 207 0 1 0 0
586068 586733 1 0 1 185 0 1 0 0
586524 590872 1 0 1 1106 0 1 0 0
53598 571305 1 0 1 4151 0 1 0 0
53598 576874 1 0 1 167 0 1 0 0
53598 576894 1 0 1 170 0 1 0 0
53598 584519 1 0 1 2659 0 1 0 0
53765 264445 0 1 1 0 180 0 1 0
53768 264445 0 1 1 0 180 0 1 0
588068 589808 1 0 1 422 0 1 0 0
142920 264445 0 1 1 0 1878 0 1 0
142920 576425 0 1 1 0 2275 0 1 0
588366 589236 1 0 1 210 0 1 0 0
589065 589296 1 0 1 66 0 1 0 0
589065 593926 1 0 1 1299 0 1 0 0
589308 589309 0 1 1 0 862 0 1 0
55277 585310 0 1 1 0 67 0 1 0
589676 589702 1 0 1 8 0 1 0 0
55470 264445 0 1 1 0 1465 0 1 0
55828 593282 0 1 1 0 26 0 1 0
412174 557633 0 1 1 0 1151 0 1 0
590354 592616 1 0 1 601 0 1 0 0
56323 139492 1 0 1 659 0 1 0 0
56458 264445 0 1 1 0 1751 0 1 0
590713 590917 1 0 1 61 0 1 0 0
591017 591688 1 0 1 178 0 1 0 0
56864 264445 0 1 1 0 202 0 1 0
591350 591416 1 0 1 22 0 1 0 0
591520 592059 1 0 1 131 0 1 0 0
592172 592589 1 0 1 124 0 1 0 0
414277 415518 1 0 1 1106 0 1 0 0
414277 416261 1 0 1 12 0 1 0 0
414277 428043 1 0 1 1377 0 1 0 0
414277 432485 1 0 1 80 0 1 0 0
414277 445255 1 0 1 208 0 1 0 0
414277 577901 1 0 1 2987 0 1 0 0
414277 579799 1 0 1 19 0 1 0 0
414277 579914 1 0 1 52 0 1 0 0
414277 581744 1 0 1 622 0 1 0 0
414277 583318 1 0 1 1443 0 1 0 0
414277 583842 1 0 1 1605 0 1 0 0
414277 583849 1 0 1 1309 0 1 0 0
414277 588679 1 0 1 2583 0 1 0 0
414277 592965 1 0 1 3635 0 1 0 0
414277 594038 1 0 1 3940 0 1 0 0
503481 573357 0 1 1 0 4871 0 1 0
592951 593320 1 0 1 103 0 1 0 0
58895 242907 0 1 1 0 1273 0 1 0
593759 593797 1 0 1 14 0 1 0 0
593759 593801 1 0 1 15 0 1 0 0
595120 595611 1 0 1 134 0 1 0 0
595274 595348 1 0 1 16 0 1 0 0
61330 578716 1 0 1 11 0 1 0 0
61512 447205 0 1 1 0 40 0 1 0
61512 576425 0 1 1 0 65 0 1 0
239732 296968 1 0 1 67 0 1 0 0
62365 414277 0 1 1 0 900 0 1 0
62641 270731 0 1 1 0 1152 0 1 0
240929 500045 1 0 1 670 0 1 0 0
240929 590864 1 0 1 380 0 1 0 0
240929 595078 1 0 1 1529 0 1 0 0
152080 594932 0 1 1 0 88 0 1 0
63194 136095 1 0 1 397 0 1 0 0
63194 577158 1 0 1 1301 0 1 0 0
63194 586733 1 0 1 648 0 1 0 0
64507 108921 1 0 1 249 0 1 0 0
242907 404714 1 0 1 4190 0 1 0 0
242907 575187 1 0 1 56 0 1 0 0
242907 576896 1 0 1 689 0 1 0 0
154348 181395 0 1 1 0 42 0 1 0
422028 594932 0 1 1 0 132 0 1 0
65950 414277 0 1 1 0 2474 0 1 0
65950 576425 0 1 1 0 1 0 1 0
246590 588921 1 0 1 124 0 1 0 0
246590 592170 1 0 1 971 0 1 0 0
68874 81700 1 0 1 1482 0 1 0 0
69053 565970 1 0 1 1015 0 1 0 0
69292 590688 1 0 1 3404 0 1 0 0
336434 583774 0 1 1 0 73 0 1 0
69339 414277 0 1 1 0 2117 0 1 0
69339 576425 0 1 1 0 2188 0 1 0
69626 579077 0 1 1 0 341 0 1 0
69775 135172 0 1 1 0 387 0 1 0
71031 414277 0 1 1 0 25 0 1 0
71031 447205 0 2 2 0 5089 0 1.5 0
71031 582914 0 1 1 0 2695 0 0.5 0
72252 447205 0 1 1 0 543 0 1 0
161738 225656 0 1 1 0 100 0 1 0
250921 447205 0 1 1 0 1492 0 1 0
162230 264445 0 1 1 0 1150 0 1 0
340995 575255 0 1 1 0 44 0 1 0
340995 575329 0 1 1 0 48 0 1 0
340995 575334 0 1 1 0 55 0 1 0
340995 575352 0 1 1 0 51 0 1 0
340995 586593 0 1 1 0 56 0 1 0
340995 586599 0 1 1 0 58 0 1 0
340995 586680 0 1 1 0 38 0 1 0
340995 586721 0 1 1 0 31 0 1 0
74050 414277 0 1 1 0 2633 0 1 0
253051 589690 1 0 1 111 0 1 0 0
253051 590577 1 0 1 332 0 1 0 0
164232 575513 0 1 1 0 54 0 1 0
164232 579866 0 1 1 0 63 0 1 0
164234 575513 0 1 1 0 53 0 1 0
164234 579866 0 1 1 0 64 0 1 0
164236 575513 0 1 1 0 53 0 1 0
164236 579866 0 1 1 0 63 0 1 0
164239 575513 0 1 1 0 53 0 1 0
164239 579866 0 1 1 0 63 0 1 0
164241 575513 0 1 1 0 53 0 1 0
164241 579866 0 1 1 0 63 0 1 0
164245 575513 0 1 1 0 53 0 1 0
164245 579866 0 1 1 0 64 0 1 0
164249 575513 0 1 1 0 53 0 1 0
164249 579866 0 1 1 0 63 0 1 0
164251 575513 0 1 1 0 53 0 1 0
164251 579866 0 1 1 0 64 0 1 0
75639 414277 0 1 1 0 10 0 1 0
164967 269420 0 1 1 0 1583 0 1 0
432965 587461 1 0 1 255 0 1 0 0
76905 595576 1 0 1 2546 0 1 0 0
79188 549903 1 0 1 381 0 1 0 0
346471 414277 0 1 1 0 2070 0 1 0
346471 447205 0 1 1 0 1717 0 1 0
258093 264445 0 1 1 0 522 0 1 0
82222 583691 1 0 1 359 0 1 0 0
349603 595254 0 1 1 0 80 0 1 0
261116 593759 0 1 1 0 24 0 1 0
350387 583774 0 1 1 0 133 0 1 0
172886 587525 1 0 1 313 0 1 0 0
174791 591144 1 0 1 76 0 1 0 0
442086 580259 1 0 1 1947 0 1 0 0
86071 102681 1 0 1 1228 0 1 0 0
264445 588000 1 0 1 3638 0 1 0 0
264813 590407 1 0 1 170 0 1 0 0
175875 585728 1 0 1 92 0 1 0 0
87112 575590 0 1 1 0 3003 0 1 0
443343 570016 1 0 1 42 0 1 0 0
87810 473826 1 0 1 2491 0 1 0 0
88497 578335 1 0 1 2204 0 1 0 0
