16 1
34 1
96 2
106 1
124 1
133 1
258 2
470 1
528 1
588 1
686 1
936 5
981 2
989 1
1335 1
1437 1
1707 1
1756 4
1916 1
2186 1
2335 2
2577 5
2625 1
2633 1
2914 1
2941 2
3108 1
3232 1
3447 1
3505 1
3546 1
3570 1
3683 3
4066 1
4069 1
4104 1
4173 1
4235 1
4255 1
4417 1
4542 1
4801 1
4857 1
4966 1
5001 2
5084 1
5134 1
5307 1
5480 1
5586 1
5606 1
5610 2
5893 1
6611 1
6664 1
6667 2
6668 2
7083 1
7361 4
7529 1
7561 1
7680 2
8104 2
8105 1
8106 2
8109 2
8267 1
8441 2
8651 2
8866 3
9139 1
9187 1
9637 1
9941 1
9966 4
10291 2
10411 1
10494 1
10621 1
10784 1
10981 1
11051 2
11097 1
11247 1
11414 2
11470 2
11668 1
11694 1
11892 3
11955 1
11973 4
12065 1
12224 1
12524 1
12639 1
12778 2
12919 1
12940 2
13377 4
13465 1
13681 1
13683 1
13772 1
14218 1
14296 1
14908 1
14916 1
15587 1
16026 3
16546 4
17595 1
17720 1
17929 1
18028 1
18099 1
18531 1
18715 1
18809 2
19022 1
19078 1
19201 1
19271 1
19367 1
19533 1
19785 2
19935 1
20831 1
21502 1
21949 2
21958 1
21980 1
22021 1
22167 1
22313 1
22366 1
22486 1
22873 4
23229 1
23277 2
23504 1
23528 1
23593 1
23852 1
23981 1
24005 1
24264 6
24676 1
25081 2
25571 1
26089 1
26111 2
26617 1
26702 1
26740 1
26898 1
27476 1
27551 1
27606 1
27618 4
28517 1
28660 1
28804 1
29000 1
29321 1
29817 1
29879 1
30064 1
30792 1
31201 1
32094 1
32095 1
32424 1
32584 1
32594 1
32595 1
32799 1
32904 1
32981 1
33081 1
33336 1
33716 1
35298 1
37141 1
37339 1
37709 1
37807 1
37953 1
38482 1
39078 1
39276 1
39308 1
39311 1
39559 1
39585 1
39649 1
40717 1
40939 1
41016 1
41210 1
41293 1
41365 1
41432 2
41443 1
41689 1
42212 6
42443 1
42465 2
42477 1
42546 1
42909 3
43197 1
43228 1
43287 2
44250 1
44252 1
45126 1
45617 1
46028 2
46425 1
47056 1
47180 1
47410 1
47571 1
47820 1
47900 1
47968 1
48196 1
48402 2
48962 1
49650 1
50037 1
50307 1
50314 1
50499 2
50500 1
50556 1
50563 1
50568 1
50597 2
50694 1
51305 1
51489 1
51528 1
51614 1
51645 1
51801 1
51968 1
51991 1
52031 3
52264 1
52339 1
52400 4
52695 1
53598 1
53765 1
53768 1
53993 2
54138 1
54734 1
54956 1
54967 1
55206 1
55277 1
55470 1
55828 1
56323 1
56458 1
56800 1
56864 1
57268 1
57749 1
57758 1
57867 1
58340 1
58368 1
58822 1
58895 1
59128 2
59433 1
59621 1
59679 3
59737 1
59858 1
60068 2
60114 1
60241 1
60436 1
60630 1
60764 1
61071 1
61330 1
61512 2
61521 1
61654 1
61700 1
62356 1
62365 1
62451 1
62506 1
62641 1
63194 3
63520 1
63768 3
64063 1
64088 1
64507 1
64534 2
64706 1
64857 1
64922 1
65660 1
65682 1
65872 1
65950 2
66243 2
67216 1
67772 1
68101 1
68257 1
68324 3
68340 1
68533 1
68874 1
69033 1
69053 1
69194 2
69248 1
69292 3
69339 2
69626 1
69751 1
69771 1
69775 1
70090 1
70571 1
71031 3
71124 1
71678 1
72252 1
72428 1
72772 1
73180 1
73398 1
74050 1
74492 2
74621 1
74785 1
74827 1
75522 1
75639 1
75898 1
76521 1
76575 1
76594 1
76905 1
77059 1
77226 1
77381 1
77751 1
77889 1
78117 1
78153 1
78313 1
78352 2
78555 1
79188 1
79276 3
79583 1
79674 2
80317 1
80449 1
80661 1
80718 1
80773 1
81164 1
81434 1
81700 1
82222 1
82430 1
82450 1
82662 2
82678 1
82789 1
83010 1
83448 1
83817 2
83933 1
83951 3
84041 1
84355 1
84556 1
85076 1
85319 1
85477 1
85629 1
85828 1
85960 1
85986 1
86061 1
86064 2
86071 1
86339 2
86514 2
86607 1
86846 6
87112 1
87310 1
87715 1
87772 1
87810 1
87873 1
87875 1
88296 1
88320 1
88455 1
88483 1
88497 1
88597 1
88958 1
89038 1
89039 1
89376 1
89944 1
90020 1
90294 1
90402 1
90580 1
90585 2
90901 1
91216 1
91475 1
92136 1
92306 1
93371 1
93778 2
94137 1
94284 2
94292 1
94361 3
94449 1
95194 1
95340 1
95600 1
95902 1
95978 1
96237 1
96271 1
96610 1
96831 1
96942 1
97726 1
98183 1
98269 1
98731 1
99320 1
99740 1
100228 1
100316 1
100423 1
101327 2
101606 1
102586 1
102610 1
102681 1
103007 1
103176 1
103180 1
103311 1
103341 1
103350 1
104118 3
104694 1
104989 1
105072 1
105452 1
105783 1
105982 1
106112 1
106772 1
106775 1
107479 1
107519 1
107965 1
108001 1
108127 2
108663 1
108669 1
108751 1
108921 1
109253 1
110097 1
110098 1
110327 1
110557 1
110719 1
110795 1
110937 1
111037 1
111111 1
111115 1
111224 1
111726 1
112145 1
112282 2
112378 1
112800 1
113576 1
113908 1
113918 2
114464 1
114533 1
114597 1
114725 1
114769 1
114860 1
114904 1
115678 2
116007 1
116096 1
116873 1
116976 1
117177 1
117976 1
118276 1
119073 1
119358 1
119958 1
120578 1
121238 1
121671 1
122607 1
123202 1
123502 1
123920 1
124197 1
124640 1
125093 1
125239 2
125541 1
126414 1
126792 1
127305 1
128855 1
129290 1
129460 1
130324 1
130735 1
132284 2
132349 1
132540 1
132549 1
132558 1
133457 5
133677 1
134221 1
135172 3
135451 1
135548 1
135966 1
136095 1
136317 1
137413 1
137528 1
137633 1
138214 1
138738 1
139126 1
139150 1
139312 1
139452 1
139492 1
139601 1
139608 1
140019 1
140862 2
141016 1
142920 2
144025 1
145093 5
145931 1
146263 2
148495 1
149004 2
149060 1
149386 1
149441 1
149539 1
149634 2
150199 1
150294 1
151536 1
152080 1
152669 1
152969 1
153143 8
153952 2
154348 1
154508 1
155025 2
155293 1
155546 1
155726 1
156806 1
157434 1
158085 1
158273 1
158354 1
159480 2
159583 1
160339 1
161291 1
161300 1
161317 1
161738 1
162230 1
162962 2
163501 1
163633 1
164232 2
164234 2
164236 2
164239 2
164241 2
164245 2
164249 2
164251 2
164967 1
166403 1
166474 1
168065 1
172088 1
172886 1
173040 1
173715 1
173839 2
173963 1
174523 1
174791 1
175053 1
175509 1
175644 1
175875 1
176105 1
176352 1
178228 1
178394 1
179024 1
179126 1
180436 1
181019 1
181022 1
181066 1
181395 1
182543 1
184171 1
184412 5
185634 1
186286 1
186507 1
186810 1
186909 1
187101 1
188487 1
188750 1
189701 1
189897 1
190301 1
190805 1
190889 1
192325 1
193471 1
194066 1
195333 1
196309 1
196924 1
197419 1
197634 1
198049 1
199347 1
199991 1
200148 1
200241 2
200850 1
201556 2
202187 1
202631 1
202721 1
203173 1
203451 2
205821 1
206525 1
207284 2
207549 1
208024 2
209735 3
209917 1
210088 1
210710 1
210849 1
210929 1
211142 1
211174 1
211658 1
212022 1
212406 1
212668 1
212716 1
212984 2
214160 1
214731 1
215219 1
215427 1
215500 1
215563 1
215629 1
215642 1
215687 1
215914 1
215962 1
215969 1
216149 1
220155 5
221155 1
221211 3
221381 1
222939 2
223068 1
223958 1
224208 1
224289 2
224612 1
225116 1
225280 1
225656 1
226152 2
226362 1
226412 1
226626 1
227545 2
227886 1
228428 1
228431 1
229606 1
229672 2
231014 1
232182 1
232281 1
233149 1
233975 1
234044 1
236207 1
237313 1
237374 1
239129 2
239603 1
239631 1
239732 1
240929 1
241902 1
242235 1
242759 1
242907 1
243239 1
243572 1
244039 1
244613 3
244707 1
245124 1
245720 1
246590 1
246627 1
249422 1
249958 1
250125 1
250921 1
251643 1
251646 1
252403 1
253051 1
254066 1
255100 1
255639 1
255944 1
255955 1
256367 1
257142 1
258088 1
258093 1
258772 1
260705 1
260762 1
260959 1
261116 1
261510 1
261601 1
264005 1
264369 1
264445 1
264813 1
266067 1
266087 1
267711 1
267991 1
268190 1
268529 1
268738 1
269420 1
269985 1
270090 1
270731 1
270937 1
271483 1
272606 1
272821 1
273140 1
273538 1
274654 1
276155 1
276518 1
276960 1
277464 1
277815 1
278175 1
278348 1
279662 2
279850 1
280423 1
281004 1
281281 1
285181 1
286109 1
286459 1
286811 2
286866 1
287041 1
287237 1
288775 1
290565 1
290585 1
291269 1
291447 1
293123 1
295906 1
296738 1
296799 1
296968 1
298147 1
298483 1
298806 1
299361 1
300130 1
300157 1
300173 1
300363 2
301123 1
302884 1
307509 1
308704 1
311345 4
311379 1
311638 2
312127 2
312379 1
313037 1
313818 1
313830 1
314041 1
314144 1
314839 3
315495 1
315635 1
316366 1
318210 3
318331 1
318507 1
321071 1
322191 1
322298 1
323915 1
324819 1
326922 1
327965 1
333079 1
335042 1
335574 1
336434 1
338455 1
340156 1
340995 11
341992 1
342163 1
342924 1
344372 1
346471 2
347534 1
348702 1
349498 1
349603 1
349967 1
350300 1
350387 1
350831 1
353604 1
355686 1
357445 1
360959 1
361044 1
362656 1
363420 1
363701 1
365653 1
365826 1
367105 1
367156 1
367252 1
367665 1
368067 1
369057 4
369179 1
370867 1
371266 1
371720 3
372032 1
373060 1
374153 1
375855 1
376789 1
377932 1
377952 1
379028 1
379815 1
379877 1
380308 1
380671 1
381019 1
381638 1
381696 3
382945 4
383076 1
383396 1
383701 1
385237 1
385595 1
385821 1
385984 1
386052 1
386366 2
387039 1
388116 1
388950 1
389624 1
390283 1
390293 1
390818 1
392737 1
392767 1
393343 1
393743 1
393745 1
393764 1
394638 1
394874 1
396050 1
396926 1
397063 1
398290 1
398649 1
399115 1
399550 1
399867 1
400191 2
400716 1
400733 1
401075 1
403160 1
403459 1
403649 1
404306 1
404714 1
404955 1
407072 1
407967 1
408040 1
409419 1
411180 1
411350 1
412174 1
413694 1
414079 1
414120 1
414277 1
414999 1
415491 1
415518 1
416261 1
418719 1
419080 1
420046 1
420069 1
420798 1
420815 1
422028 1
422539 1
422822 1
422948 3
425210 1
425353 1
428043 1
428529 2
429622 1
431782 1
432396 1
432485 1
432965 2
434652 1
436953 1
437478 1
437888 1
438638 1
439227 1
439431 1
440092 1
441162 1
442086 4
442925 3
443343 1
445255 1
446493 3
447205 2
448788 1
448952 1
449543 1
449738 2
451054 1
452710 1
454485 1
454692 1
454904 1
455960 1
456080 1
456998 1
457899 1
459178 1
459527 1
460583 1
461420 1
461575 1
462284 1
463246 1
464680 1
466330 1
466345 1
467349 1
468402 1
471887 1
473826 1
476237 1
478848 1
479300 1
480704 1
481456 1
482053 1
482168 1
482975 1
483995 1
484069 1
485114 1
491140 1
492762 1
492817 1
493456 1
493587 1
495975 1
498135 1
498213 1
499880 1
500045 1
501081 1
501941 1
502027 1
502359 1
503186 1
503481 1
505055 1
506968 1
508248 1
509252 1
509328 1
509544 2
509605 1
511941 2
514172 1
515867 1
516316 2
517520 1
529804 1
530946 1
531044 1
531440 1
531659 1
531717 1
537927 1
538190 1
539464 1
539684 1
540721 1
541040 1
541135 1
543077 1
543588 1
544625 1
546408 1
546809 1
547782 1
548065 1
548090 1
549054 1
549292 2
549903 1
551262 1
551571 1
551671 1
553090 1
554219 1
554500 2
556416 1
556724 1
557146 1
557166 3
557309 1
557633 2
557896 2
558748 1
559125 1
560621 1
560774 1
560855 1
561325 1
561428 1
562072 1
562286 1
562739 1
562937 1
563248 1
563720 1
563884 1
564337 1
564866 1
565219 1
565511 1
565970 1
567147 1
567430 1
567473 1
567519 1
568091 2
568653 1
569311 1
569441 1
569563 1
570016 1
570421 1
570772 1
571238 1
571305 1
571699 1
572068 1
572291 1
572476 1
572613 4
572689 1
572732 4
572770 5
572820 3
572831 2
572838 1
572847 1
572857 1
572866 1
572867 1
572886 1
572896 1
572897 1
572898 1
572899 1
572902 1
572907 1
572912 1
572917 1
572937 1
572940 1
572943 1
572970 1
573004 2
573005 1
573016 1
573049 1
573051 1
573063 1
573066 1
573067 1
573095 1
573097 1
573165 1
573177 1
573180 1
573189 1
573192 1
573240 1
573242 1
573256 1
573259 1
573301 1
573312 1
573322 1
573333 1
573352 1
573357 1
573366 1
573372 1
573375 1
573376 1
573379 1
573388 1
573393 1
573394 1
573403 1
573411 1
573417 1
573441 1
573443 1
573444 3
573449 1
573464 1
573470 1
573473 2
573488 1
573534 2
573537 1
573556 1
573557 1
573568 1
573571 1
573580 1
573593 1
573595 1
573605 1
573615 1
573626 1
573630 2
573643 1
573654 1
573666 1
573675 1
573683 1
573686 2
573727 1
573749 1
573752 1
573765 1
573782 1
573783 1
573789 1
573798 1
573828 1
573832 1
573891 1
573894 1
573905 1
573961 1
573984 1
574000 1
574017 1
574030 1
574038 1
574079 1
574095 1
574134 1
574152 1
574153 1
574217 1
574260 1
574275 1
574288 1
574339 1
574347 1
574375 1
574376 1
574383 1
574405 1
574418 1
574419 1
574432 1
574440 1
574445 1
574456 2
574457 1
574458 1
574465 1
574477 1
574480 1
574494 1
574501 1
574509 1
574522 1
574530 1
574537 1
574555 1
574562 1
574574 1
574584 1
574597 1
574600 1
574608 1
574627 1
574628 1
574644 1
574645 1
574647 2
574648 1
574668 2
574700 1
574701 1
574715 1
574723 1
574749 1
574758 2
574782 1
574806 1
574809 1
574823 1
574829 1
574840 1
574841 1
574853 1
574862 1
574868 1
574871 1
574883 1
574888 1
574898 1
574916 1
574925 2
574932 1
574947 1
574959 1
574969 1
574976 1
575000 2
575001 1
575009 1
575015 1
575018 1
575024 1
575031 1
575035 1
575039 1
575052 1
575055 1
575058 1
575072 1
575076 1
575097 1
575104 1
575133 1
575136 1
575152 1
575155 1
575166 1
575187 1
575191 1
575197 1
575228 1
575231 1
575233 2
575236 1
575237 1
575246 1
575255 2
575278 1
575289 1
575294 1
575297 1
575319 1
575326 1
575329 1
575334 1
575341 1
575351 1
575352 1
575364 1
575369 1
575380 1
575409 2
575419 1
575440 1
575441 1
575442 1
575448 1
575449 1
575460 1
575485 1
575488 1
575496 1
575513 1
575527 1
575539 1
575541 1
575581 2
575590 1
575602 1
575603 1
575653 1
575654 1
575687 1
575744 2
575759 1
575785 1
575798 1
575808 1
575816 1
575832 1
575854 1
575870 1
575920 1
575921 1
575936 1
575954 1
575958 1
575981 1
575986 1
575994 1
575998 1
576003 1
576004 1
576013 1
576036 1
576043 1
576053 1
576067 1
576076 1
576099 1
576102 1
576131 1
576180 1
576198 1
576206 1
576252 1
576255 1
576261 1
576263 1
576289 1
576308 1
576323 1
576341 1
576351 1
576353 1
576355 1
576366 1
576367 1
576382 1
576388 2
576395 1
576425 2
576438 1
576439 1
576446 1
576462 1
576465 1
576482 1
576493 2
576505 1
576523 1
576547 1
576550 1
576555 1
576570 1
576571 1
576580 1
576589 1
576603 1
576604 1
576652 1
576659 1
576689 1
576692 1
576696 1
576698 1
576700 1
576723 1
576730 2
576761 1
576778 1
576789 2
576795 1
576812 1
576830 1
576866 1
576868 1
576874 1
576892 1
576893 1
576894 1
576896 1
576906 1
576916 1
576927 1
576980 1
577002 1
577034 1
577043 1
577072 1
577073 1
577089 1
577091 1
577104 1
577123 1
577140 1
577143 1
577150 1
577155 1
577158 1
577211 1
577222 1
577225 1
577248 1
577278 1
577283 1
577292 2
577297 1
577315 1
577325 1
577328 1
577358 1
577364 1
577374 1
577385 1
577447 1
577464 1
577465 1
577497 1
577502 1
577510 1
577557 1
577564 1
577585 1
577599 1
577616 1
577631 1
577640 1
577659 1
577663 1
577671 1
577687 1
577690 1
577721 1
577725 1
577728 1
577732 1
577736 1
577754 1
577759 1
577764 1
577778 2
577783 1
577794 1
577810 1
577840 1
577846 1
577853 1
577870 1
577900 1
577901 1
577906 1
577907 1
577919 1
577924 1
577927 1
577943 1
577952 1
577975 1
577982 1
577984 1
577985 1
577990 1
577997 1
578028 1
578038 1
578056 2
578063 1
578066 1
578081 2
578084 1
578092 1
578096 2
578103 1
578104 1
578133 1
578139 1
578142 1
578145 1
578149 1
578165 1
578178 1
578183 1
578197 1
578202 4
578203 1
578208 1
578211 1
578220 1
578258 1
578259 1
578266 1
578270 2
578273 1
578315 1
578326 1
578330 1
578335 1
578342 1
578353 1
578356 1
578387 1
578408 1
578415 1
578419 1
578430 1
578440 1
578455 1
578458 1
578475 1
578478 1
578481 1
578507 1
578546 1
578552 1
578555 1
578580 1
578584 1
578594 2
578605 1
578615 1
578631 1
578654 1
578672 1
578687 1
578688 1
578691 1
578697 1
578709 1
578710 1
578716 1
578730 1
578739 1
578806 1
578826 1
578850 1
578859 1
578864 1
578868 1
578893 1
578894 1
578919 1
578928 1
578933 1
578936 1
578943 1
578974 1
578991 1
578994 1
578997 2
579030 1
579042 1
579045 1
579054 1
579074 1
579077 1
579078 1
579123 1
579154 2
579157 1
579160 1
579174 1
579209 1
579220 1
579240 1
579257 1
579264 1
579293 1
579305 1
579306 1
579307 1
579324 1
579333 1
579338 1
579365 1
579370 1
579384 2
579390 1
579393 1
579405 1
579419 1
579424 1
579437 1
579442 1
579449 2
579452 1
579453 1
579454 1
579463 1
579471 1
579475 1
579483 1
579498 1
579507 1
579531 1
579534 1
579540 1
579560 1
579573 1
579578 1
579579 1
579591 1
579603 1
579609 1
579614 1
579617 1
579619 1
579626 1
579639 1
579643 1
579646 1
579664 1
579673 1
579696 1
579719 1
579725 1
579732 1
579736 2
579755 1
579761 1
579767 1
579792 1
579799 1
579818 3
579824 1
579832 1
579840 1
579842 1
579845 1
579866 1
579906 1
579913 1
579914 1
579940 1
579941 1
579950 1
579967 1
579986 1
579994 1
580008 1
580011 1
580044 1
580058 1
580061 1
580072 1
580073 1
580107 1
580116 1
580143 1
580154 1
580158 1
580165 1
580176 1
580181 1
580236 1
580247 1
580259 2
580271 1
580273 1
580281 1
580297 1
580298 1
580321 1
580332 1
580336 1
580340 2
580353 1
580354 1
580372 1
580377 1
580395 1
580396 1
580397 1
580406 1
580423 1
580425 1
580458 1
580471 1
580486 1
580489 1
580496 1
580500 1
580529 1
580548 1
580550 1
580555 1
580587 1
580588 1
580612 1
580626 1
580658 1
580686 1
580687 1
580716 1
580745 1
580753 1
580770 1
580775 1
580790 1
580798 1
580815 1
580816 1
580827 1
580838 1
580851 1
580863 1
580864 1
580925 1
580942 1
580969 1
580971 1
580980 1
581005 1
581006 1
581009 1
581042 1
581050 1
581079 1
581119 1
581134 1
581139 1
581140 1
581141 1
581172 1
581178 1
581226 1
581231 1
581248 1
581251 1
581260 1
581264 1
581267 1
581277 1
581297 1
581320 1
581331 1
581336 1
581363 1
581372 1
581383 1
581392 1
581393 2
581421 1
581422 1
581435 1
581468 1
581501 1
581504 1
581505 1
581543 1
581552 1
581553 1
581554 1
581558 1
581573 1
581583 1
581600 1
581643 1
581661 1
581668 1
581682 1
581683 1
581692 1
581699 1
581702 1
581705 1
581716 1
581744 1
581760 1
581775 1
581808 1
581837 1
581849 1
581859 1
581863 1
581873 1
581880 1
581883 1
581898 1
581906 2
581915 1
581922 2
581926 1
581927 1
581932 1
581954 1
581958 1
582029 1
582051 1
582054 1
582081 1
582086 1
582089 2
582094 2
582100 1
582111 1
582112 1
582115 1
582116 1
582125 1
582132 1
582137 1
582138 2
582177 1
582184 1
582185 1
582194 1
582195 1
582227 1
582235 1
582248 1
582263 1
582270 1
582281 1
582298 1
582302 1
582312 1
582313 1
582354 1
582360 1
582361 1
582387 1
582392 1
582442 1
582443 1
582444 1
582486 1
582487 1
582499 1
582503 1
582512 1
582515 1
582525 1
582531 1
582539 1
582562 1
582563 1
582607 1
582610 1
582620 1
582638 1
582651 1
582685 1
582699 1
582700 1
582740 1
582755 1
582760 1
582762 1
582784 1
582789 2
582790 1
582792 1
582808 1
582825 1
582834 1
582866 1
582872 1
582887 1
582894 1
582900 1
582903 2
582914 1
582915 1
582922 1
582928 1
582929 1
582930 1
582956 1
582966 1
582967 1
582978 1
583020 1
583061 1
583072 1
583079 1
583093 4
583119 1
583127 1
583136 2
583145 1
583152 3
583159 1
583171 1
583174 1
583191 1
583212 1
583221 1
583222 4
583230 1
583262 1
583314 2
583315 1
583318 1
583338 1
583349 1
583387 1
583393 1
583398 1
583425 1
583436 1
583444 1
583455 1
583456 1
583459 1
583492 1
583538 1
583545 1
583552 1
583556 1
583557 1
583571 1
583583 1
583584 1
583587 1
583619 1
583625 1
583634 2
583635 1
583658 1
583684 1
583691 1
583700 1
583705 1
583736 1
583749 1
583756 1
583759 1
583769 1
583771 1
583774 1
583785 1
583799 1
583809 1
583839 1
583841 1
583842 1
583849 1
583861 1
583878 2
583893 1
583902 1
583921 1
583924 1
583933 1
583936 2
583972 1
583977 2
583984 1
584001 1
584018 2
584038 1
584067 1
584080 1
584085 1
584086 1
584095 1
584101 4
584104 1
584105 1
584108 1
584120 1
584147 1
584171 1
584198 1
584210 1
584232 1
584233 1
584236 1
584247 1
584254 1
584255 3
584256 1
584294 1
584308 1
584335 1
584341 1
584348 1
584372 1
584391 1
584396 1
584414 1
584418 1
584434 1
584456 1
584462 1
584463 1
584464 1
584470 1
584472 1
584479 1
584495 1
584500 1
584501 1
584508 1
584510 1
584511 1
584517 1
584519 1
584524 1
584533 1
584540 1
584541 1
584580 1
584584 1
584588 1
584614 1
584616 2
584675 1
584680 1
584688 1
584701 1
584708 1
584709 1
584724 1
584735 1
584740 1
584752 1
584758 1
584780 1
584782 1
584783 1
584793 1
584804 1
584807 1
584810 1
584815 1
584825 1
584847 1
584849 2
584856 1
584858 1
584864 1
584874 1
584899 1
584900 1
584919 1
584932 1
584933 1
584934 1
584942 1
584962 1
584997 1
585014 1
585021 1
585034 1
585035 1
585055 1
585063 1
585080 1
585083 1
585086 2
585111 1
585116 1
585144 1
585148 1
585157 1
585162 1
585171 1
585172 1
585178 1
585180 1
585190 1
585193 1
585210 1
585212 1
585227 1
585228 2
585229 1
585249 1
585264 1
585272 1
585275 1
585309 1
585310 1
585333 1
585347 1
585358 1
585363 1
585372 1
585374 1
585384 1
585416 1
585432 1
585433 1
585434 1
585463 1
585464 1
585485 1
585487 1
585496 1
585497 1
585503 1
585511 1
585517 1
585522 1
585525 1
585552 1
585557 1
585561 2
585562 1
585564 1
585581 1
585603 1
585622 1
585636 1
585644 2
585647 1
585658 1
585659 1
585672 1
585673 1
585678 1
585694 1
585724 1
585728 1
585741 1
585758 2
585764 1
585766 1
585767 1
585773 1
585799 1
585800 1
585831 1
585833 1
585841 1
585848 1
585869 1
585885 1
585898 1
585910 1
585928 1
585929 1
585931 1
585954 1
585956 1
585981 1
585994 1
586001 1
586003 1
586014 1
586019 2
586028 1
586031 1
586048 1
586054 1
586065 1
586068 1
586082 1
586108 1
586109 1
586113 1
586119 1
586126 1
586147 1
586151 1
586154 1
586157 1
586189 1
586191 1
586195 1
586205 1
586224 1
586225 1
586226 1
586228 1
586245 1
586246 1
586263 1
586269 1
586277 1
586287 1
586295 1
586350 1
586359 1
586366 3
586389 1
586398 1
586428 1
586432 1
586445 2
586446 1
586449 1
586463 1
586470 3
586471 1
586479 1
586490 1
586497 1
586498 1
586503 1
586510 1
586516 1
586522 1
586524 1
586529 1
586534 1
586536 1
586554 1
586565 1
586566 1
586569 1
586582 1
586593 1
586594 1
586597 1
586599 1
586623 1
586642 7
586659 1
586674 1
586678 1
586680 1
586684 1
586709 1
586713 1
586717 1
586718 2
586721 1
586729 1
586731 1
586733 4
586753 1
586757 1
586759 1
586762 1
586774 1
586792 1
586802 1
586815 1
586862 1
586870 1
586874 1
586875 1
586879 1
586880 1
586903 1
586914 1
586917 1
586933 1
586935 1
586936 1
586962 1
586967 1
586978 1
586981 1
586994 1
587000 1
587027 1
587042 2
587043 1
587060 2
587072 1
587086 1
587092 1
587122 1
587131 1
587133 1
587156 1
587166 1
587167 1
587182 1
587229 1
587258 1
587281 1
587290 1
587315 1
587318 1
587320 1
587345 1
587364 1
587395 1
587410 1
587415 1
587455 2
587461 2
587467 1
587472 1
587484 1
587487 1
587498 1
587501 1
587519 1
587521 1
587525 1
587581 1
587592 1
587593 1
587595 1
587615 1
587630 1
587637 2
587672 1
587675 1
587683 1
587698 1
587699 1
587700 1
587703 1
587737 1
587747 1
587756 1
587760 1
587765 3
587776 1
587803 1
587817 1
587835 1
587838 3
587841 1
587852 1
587853 1
587939 1
587964 1
587967 1
587968 1
587978 1
587991 1
588000 1
588006 1
588049 1
588061 1
588068 1
588089 1
588096 1
588097 1
588124 1
588129 1
588134 1
588147 1
588153 1
588160 1
588200 1
588219 1
588225 1
588235 1
588249 1
588250 1
588269 1
588273 1
588290 1
588296 3
588310 1
588328 1
588333 1
588340 1
588363 1
588366 1
588379 1
588405 1
588414 1
588419 1
588435 1
588436 2
588438 1
588451 1
588454 1
588473 1
588476 1
588482 1
588499 1
588509 1
588544 1
588545 1
588555 1
588573 1
588589 1
588625 1
588636 1
588638 1
588679 1
588693 1
588697 1
588712 1
588713 1
588732 1
588738 1
588742 1
588748 1
588754 1
588755 1
588756 1
588767 1
588900 1
588914 1
588921 1
588927 1
588930 1
588934 1
588947 1
588963 1
588983 1
588984 1
588996 1
589031 1
589057 1
589065 1
589072 1
589096 1
589100 1
589126 1
589151 1
589154 1
589155 1
589158 1
589173 1
589197 1
589202 1
589216 1
589217 1
589223 1
589236 1
589259 1
589265 1
589283 1
589287 1
589293 1
589296 1
589304 1
589308 1
589309 1
589314 1
589328 1
589334 1
589346 1
589350 1
589385 1
589389 1
589394 2
589402 1
589403 1
589409 1
589429 1
589435 1
589438 1
589442 1
589443 1
589459 1
589466 1
589469 1
589472 1
589477 1
589492 1
589505 1
589520 1
589522 1
589546 1
589559 1
589566 1
589583 1
589622 1
589635 1
589646 1
589651 1
589669 1
589672 1
589676 1
589677 1
589681 1
589687 1
589690 1
589702 1
589711 1
589734 1
589739 1
589740 1
589741 1
589750 1
589756 1
589757 1
589761 1
589803 1
589804 1
589807 1
589808 1
589810 1
589821 1
589825 1
589831 1
589833 1
589860 1
589881 1
589885 1
589886 1
589894 1
589896 1
589913 1
589935 1
589960 1
589979 2
589980 1
589991 1
590015 1
590079 1
590089 1
590093 1
590094 1
590097 1
590114 1
590145 1
590158 1
590166 1
590177 1
590178 1
590179 1
590186 1
590191 1
590194 1
590195 1
590204 1
590209 1
590210 1
590216 1
590225 1
590233 1
590234 1
590266 1
590275 1
590295 1
590345 1
590348 3
590350 1
590354 1
590364 1
590375 1
590379 1
590380 1
590385 1
590394 1
590395 1
590397 1
590402 1
590407 2
590415 2
590422 1
590479 1
590494 1
590497 1
590502 1
590517 1
590518 1
590548 1
590573 1
590574 1
590577 1
590581 1
590593 1
590608 1
590621 1
590624 1
590660 1
590684 1
590687 1
590688 1
590692 1
590697 1
590701 3
590709 1
590713 1
590740 1
590766 1
590767 1
590769 1
590776 1
590785 1
590796 1
590801 1
590864 1
590872 1
590875 1
590914 1
590917 1
590947 1
590981 1
590983 1
590988 1
590989 1
591000 1
591001 1
591005 1
591006 1
591008 1
591016 1
591017 1
591042 1
591082 1
591105 1
591128 1
591139 1
591144 1
591168 1
591175 1
591183 1
591185 1
591218 1
591223 1
591224 1
591227 1
591235 1
591237 1
591239 1
591248 1
591261 1
591264 1
591278 2
591283 1
591298 1
591309 1
591310 1
591349 1
591350 1
591351 1
591352 1
591360 1
591369 1
591376 1
591384 1
591407 1
591414 1
591416 1
591425 1
591433 1
591434 1
591443 1
591444 2
591459 1
591466 1
591492 1
591513 1
591519 1
591520 1
591523 1
591538 1
591545 1
591590 1
591611 1
591619 1
591630 1
591656 1
591665 1
591668 1
591679 1
591680 1
591687 1
591688 2
591692 1
591703 1
591716 1
591737 1
591750 1
591792 1
591797 1
591807 1
591844 1
591851 1
591885 1
591901 1
591912 1
591933 1
591954 1
591974 1
592000 1
592005 1
592013 1
592022 1
592032 1
592037 1
592038 1
592042 1
592047 1
592058 1
592059 1
592083 1
592096 1
592107 1
592116 1
592121 1
592170 1
592172 1
592193 1
592215 1
592229 1
592233 1
592238 1
592264 1
592268 1
592290 1
592291 1
592302 1
592305 1
592313 1
592321 1
592354 1
592357 1
592362 1
592363 1
592420 1
592427 1
592433 1
592442 1
592453 1
592460 1
592461 1
592463 1
592477 2
592480 1
592494 1
592511 1
592518 1
592541 1
592552 1
592557 1
592558 1
592563 1
592584 1
592587 1
592588 1
592589 1
592616 1
592624 1
592631 1
592650 1
592656 1
592662 1
592676 1
592733 1
592738 1
592741 1
592743 1
592767 2
592776 1
592861 1
592873 1
592874 1
592881 1
592941 1
592942 1
592951 1
592956 1
592961 1
592965 1
592985 1
592990 1
592996 1
593021 1
593037 1
593044 1
593045 1
593054 1
593075 1
593100 1
593117 1
593132 1
593137 1
593162 1
593165 1
593196 1
593197 1
593200 1
593205 1
593246 1
593249 1
593255 1
593256 1
593282 1
593294 1
593298 1
593300 1
593307 1
593320 1
593330 1
593331 1
593335 1
593345 1
593371 1
593379 1
593384 1
593385 1
593398 1
593406 1
593420 1
593425 1
593434 1
593460 1
593473 1
593486 1
593495 1
593505 1
593509 1
593515 1
593521 1
593566 1
593574 1
593577 2
593593 2
593629 1
593632 1
593637 1
593644 1
593654 1
593669 1
593747 1
593748 1
593750 1
593759 1
593774 1
593776 1
593782 1
593784 1
593789 1
593792 1
593797 1
593801 1
593803 1
593834 1
593844 1
593849 1
593850 1
593862 1
593871 1
593876 1
593879 1
593881 1
593882 1
593887 1
593888 1
593899 1
593926 1
593944 1
593947 1
593951 1
593969 1
593978 1
593984 1
594010 2
594020 1
594026 1
594038 1
594054 1
594055 1
594068 1
594070 1
594080 1
594137 1
594159 1
594176 1
594181 1
594185 1
594193 1
594216 1
594217 1
594234 1
594236 2
594241 1
594242 1
594243 1
594248 1
594249 1
594256 1
594257 1
594269 1
594270 1
594280 1
594291 1
594307 1
594310 1
594341 1
594348 1
594358 1
594367 1
594368 1
594374 1
594377 1
594382 1
594397 1
594398 1
594407 1
594408 1
594415 1
594418 1
594420 1
594428 1
594440 1
594443 1
594454 1
594467 2
594472 1
594474 1
594483 1
594493 1
594526 1
594536 1
594538 1
594540 1
594543 1
594547 1
594548 1
594551 1
594565 1
594570 1
594572 1
594575 1
594597 1
594601 1
594611 1
594612 1
594623 1
594626 1
594632 1
594640 1
594650 1
594658 1
594688 1
594691 1
594697 1
594713 1
594730 1
594737 1
594748 1
594763 1
594768 1
594771 1
594774 1
594802 1
594803 1
594826 1
594838 1
594839 1
594851 1
594874 1
594875 1
594883 1
594892 1
594901 1
594909 1
594932 1
594956 1
594963 1
594995 1
595002 1
595012 1
595015 1
595020 1
595030 1
595043 1
595054 1
595059 1
595061 1
595070 3
595071 1
595078 1
595080 1
595120 1
595147 1
595168 1
595172 1
595182 1
595195 1
595204 1
595209 2
595210 1
595211 1
595218 1
595220 1
595223 1
595226 1
595229 1
595232 1
595246 1
595254 1
595265 1
595268 1
595274 1
595275 1
595282 1
595311 1
595324 1
595326 1
595328 1
595329 4
595336 1
595343 1
595348 1
595352 1
595358 2
595375 1
595398 1
595409 1
595412 2
595417 1
595432 1
595440 1
595446 1
595452 1
595472 1
595474 1
595477 1
595495 2
595496 1
595501 1
595510 1
595512 1
595518 1
595525 1
595576 1
595580 1
595591 1
595611 1
595640 1
595652 1
595664 1
595689 1
595692 1
595695 1
595701 1
595719 1
595736 1
595741 1
595771 1
595797 1
595804 1
595807 1
595812 1
595847 1
595852 1
595867 1
595880 1
595883 1
595884 1
595885 1
595911 1
