1 1 100 158.19
2 2 100 307.256
3 3 100 424.166
4 4 100 502.055
5 5 100 562.649
6 6 100 617.682
7 7 100 666.028
8 8 100 706.076
9 9 100 745.919
10 10 100 771.6
11 11 100 791.067
12 12 100 810.206
13 13 100 827.391
14 14 100 835.841
15 15 100 844.198
16 16 100 852.371
17 17 100 860.434
18 18 100 868.331
19 19 100 876.067
20 20 100 883.72
21 21 100 890.554
22 22 100 897.164
23 23 100 903.737
24 24 100 910.255
25 25 100 915.485
26 26 100 920.317
27 27 100 925.087
28 28 100 929.766
29 29 100 934.25
30 30 100 938.683
31 31 100 942.902
32 32 100 946.086
33 33 100 950.06
34 34 100 954.003
35 35 100 957.945
36 36 100 961.888
37 37 100 965.586
38 38 100 969.253
39 39 100 972.902
40 40 100 976.477
41 41 100 979.868
42 42 100 983.198
43 43 100 986.525
44 44 100 989.824
45 45 100 993.031
46 46 100 996.239
47 47 100 999.354
48 48 100 1002.31
49 49 100 1005.24
50 50 100 1008.2
