1 1 100 1.24825
2 2 100 2.85483
3 3 100 3.86192
4 4 100 5.67067
5 5 100 30.034
6 6 100 31.1312
7 7 100 32.1312
8 8 100 33.2232
9 9 100 565.782
10 10 100 567.15
11 11 100 568.525
12 12 100 569.893
13 13 100 571.261
14 14 100 572.629
15 15 100 573.629
16 16 100 574.629
17 17 100 575.997
18 18 100 580.685
19 19 100 581.685
20 20 100 583.062
21 21 100 584.062
22 22 100 585.246
23 23 100 586.246
24 24 100 587.616
25 25 100 588.619
26 26 100 589.619
27 27 100 598.8
28 28 100 600.168
29 29 100 601.168
30 30 100 602.168
31 31 100 603.536
32 32 100 604.536
33 33 100 605.904
34 34 100 607.063
35 35 100 608.063
36 36 100 609.063
37 37 100 610.844
38 38 100 612.395
39 39 100 614.558
40 40 100 615.558
41 41 100 617.11
42 42 100 618.11
43 43 100 619.11
44 44 100 622.32
45 45 100 623.688
46 46 100 624.78
47 47 100 625.788
48 48 100 626.857
49 49 100 628.224
50 50 100 629.27
