1 1 100 162.021
2 2 100 210.453
3 3 100 255.445
4 4 100 296.093
5 5 100 331.277
6 6 100 355.895
7 7 100 374.594
8 8 100 391.046
9 9 100 404.793
10 10 100 416.645
11 11 100 429.427
12 12 100 438.962
13 13 100 447.504
14 14 100 455.218
15 15 100 462.84
16 16 100 469.795
17 17 100 476.129
18 18 100 482.035
19 19 100 487.817
20 20 100 493.17
21 21 100 498.217
22 22 100 502.801
23 23 100 506.745
24 24 100 510.688
25 25 100 514.612
26 26 100 518.309
27 27 100 521.883
28 28 100 525.458
29 29 100 529.033
30 30 100 532.516
31 31 100 535.999
32 32 100 539.574
33 33 100 542.822
34 34 100 546.029
35 35 100 549.236
36 36 100 550.641
37 37 100 553.602
38 38 100 556.534
39 39 100 559.373
40 40 100 562.212
41 41 100 565.051
42 42 100 567.891
43 43 100 570.73
44 44 100 573.569
45 45 100 576.408
46 46 100 579.158
47 47 100 581.813
48 48 100 584.469
49 49 100 587.032
50 50 100 589.558
