1 1 100 21.6261
2 2 100 26.974
3 3 100 30.7381
4 4 100 36.6095
5 5 100 38.8594
6 6 100 44.5903
7 7 100 50.6137
8 8 100 109.432
9 9 100 113.824
10 10 100 118.001
11 11 100 120.486
12 12 100 124.705
13 13 100 148.012
14 14 100 149.072
15 15 100 151.268
16 16 100 152.578
17 17 100 174.823
18 18 100 178.01
19 19 100 180
20 20 100 195.728
21 21 100 212.976
22 22 100 227.219
23 23 100 238.392
24 24 100 240.366
25 25 100 241.611
26 26 100 243.021
27 27 100 251.961
28 28 100 254.488
29 29 100 262.846
30 30 100 271.204
31 31 100 278.688
32 32 100 285.574
33 33 100 292.644
34 34 100 294.05
35 35 100 295.808
36 36 100 298.151
37 37 100 305.037
38 38 100 311.044
39 39 100 316.827
40 40 100 322.242
41 41 100 327.656
42 42 100 331.896
43 43 100 336.575
44 44 100 340.585
45 45 100 345.632
46 46 100 349.299
47 47 100 353.365
48 48 100 357.348
49 49 100 358.702
50 50 100 360.105
