28865 1 0
76906 2 3
8661 3 6
16 4 9
1507 4 6023
2398 4 6247
3073 4 6481
3222 4 6620
4907 4 7152
56323 5 12
110 6 18
109 6 5719
5180 7 18
5763 8 33
16078 9 50
430195 10 51
7841 11 72
170 12 93
77154 13 108
7548 14 114
29343 15 125
1266 16 148
1265 16 5977
384595 17 157
24674 18 175
41157 19 175
214 20 179
213 20 5745
483 20 5808
121056 21 181
10035 22 213
120 23 242
119 23 5720
8411 24 246
713 25 295
712 25 5852
1448 25 6012
12918 26 312
57820 27 325
1861 28 401
1543 28 6142
4174 28 6892
25619 29 406
470 30 412
176 30 5804
18589 31 421
1584 32 435
1583 32 6042
84735 33 461
763 34 474
301 34 5866
29220 35 476
25693 36 510
9061 37 517
177409 38 532
49384 39 534
254623 40 551
22412 41 590
923 42 603
922 42 5910
8417 43 636
7846 44 661
68033 45 673
5023 46 710
23207 47 729
143449 48 764
192015 49 765
20315 50 772
386754 51 777
175 52 781
174 52 5736
181 52 5737
185 52 5738
204 52 5743
231 52 5749
249 52 5751
256 52 5752
266 52 5753
292 52 5759
329 52 5767
338 52 5768
348 52 5770
368 52 5774
427 52 5794
521 52 5814
533 52 5815
562 52 5823
579 52 5826
581 52 5826
633 52 5835
675 52 5842
577 52 5845
707 52 5850
803 52 5875
866 52 5895
907 52 5906
957 52 5915
959 52 5915
1066 52 5940
1098 52 5945
1157 52 5956
1227 52 5973
1231 52 5973
1278 52 5980
1297 52 5983
1320 52 5989
1366 52 5999
1383 52 6001
1385 52 6002
1468 52 6014
1489 52 6018
1510 52 6024
1675 52 6063
1680 52 6066
1726 52 6117
1733 52 6119
1932 52 6156
1949 52 6159
1875 52 6161
2031 52 6171
2079 52 6180
2112 52 6186
2130 52 6189
2282 52 6219
2305 52 6224
2330 52 6232
2338 52 6234
2386 52 6243
2401 52 6247
2403 52 6248
2428 52 6254
2450 52 6259
2483 52 6265
2514 52 6271
2581 52 6289
2650 52 6350
2684 52 6358
2689 52 6359
2693 52 6361
2704 52 6365
2708 52 6365
2637 52 6410
2796 52 6426
2894 52 6442
3050 52 6478
3068 52 6480
3110 52 6488
3146 52 6496
3164 52 6499
3191 52 6570
3212 52 6578
3232 52 6583
3282 52 6593
3319 52 6601
3370 52 6611
3383 52 6614
3576 52 6660
3630 52 6737
3668 52 6745
3718 52 6763
3730 52 6766
3740 52 6767
3796 52 6779
3806 52 6783
3883 52 6806
4016 52 6842
4036 52 6847
4076 52 6859
4100 52 6866
4176 52 6892
4187 52 6946
4220 52 6954
4248 52 6960
4250 52 6961
4319 52 6978
4343 52 6984
4354 52 6986
4370 52 6989
4453 52 7010
4485 52 7014
4537 52 7023
4639 52 7050
4686 52 7060
4789 52 7082
4813 52 7130
4868 52 7141
4886 52 7146
4901 52 7150
4933 52 7159
25388 53 786
2005 54 794
191100 55 817
12274 56 832
229953 57 873
9563 58 892
49814 59 928
75631 60 942
35090 61 942
9653 62 946
3553 63 972
3552 63 6656
21867 64 983
309665 65 986
175063 66 1048
227186 67 1066
745 68 1103
744 68 5860
1311 69 1106
919 69 5987
24540 70 1139
23307 71 1158
141928 72 1168
10070 73 1210
969 74 1228
1482 74 6017
4150 75 1281
4149 75 6878
1062 76 1294
452067 77 1374
2188 78 1376
2187 78 6200
2359 78 6237
19442 79 1416
4995 80 1432
54879 81 1446
12546 82 1502
17554 83 1545
20379 84 1573
184 85 1611
10578 86 1611
142557 87 1616
445586 88 1655
40 89 1677
39 89 5706
191 89 5739
235 89 5750
597 89 5829
738 89 5859
1132 89 5953
1455 89 6012
1595 89 6047
2083 89 6180
2140 89 6190
2516 89 6272
2722 89 6409
2887 89 6440
2990 89 6462
3012 89 6469
3591 89 6727
3816 89 6784
4347 89 6984
4393 89 6995
4424 89 7004
4700 89 7062
730152 90 1683
9321 91 1707
65575 92 1722
33746 93 1724
34886 94 1730
62411 95 1742
5167 96 1759
106223 97 1782
26188 98 1805
8 99 1814
63963 100 1831
2951 101 1839
2950 101 6455
97 102 1858
1316 102 5988
2902 102 6444
17905 103 1864
46 104 1865
47 104 5708
51 104 5708
45 104 5708
59 104 5709
68 104 5712
103 104 5718
311 104 5764
318 104 5765
447 104 5798
481 104 5808
550 104 5819
610 104 5831
720 104 5854
732 104 5857
767 104 5867
840 104 5884
868 104 5895
909 104 5907
961 104 5916
1000 104 5925
1017 104 5931
1043 104 5937
1057 104 5940
1075 104 5942
1159 104 5957
1183 104 5962
1194 104 5963
1200 104 5965
1203 104 5967
1263 104 5977
1267 104 5978
1322 104 5989
1590 104 6043
1634 104 6055
1644 104 6056
1673 104 6063
1699 104 6069
1713 104 6073
1779 104 6128
1793 104 6131
1895 104 6147
1975 104 6164
2022 104 6169
2155 104 6193
2273 104 6217
2276 104 6217
2293 104 6222
2381 104 6242
2396 104 6247
2440 104 6257
2453 104 6259
2466 104 6263
2579 104 6289
2659 104 6352
2699 104 6364
2906 104 6445
2936 104 6452
3027 104 6472
3112 104 6488
3141 104 6495
3193 104 6571
3564 104 6658
3619 104 6735
3626 104 6737
3687 104 6754
3723 104 6765
3770 104 6774
3826 104 6786
3869 104 6801
3879 104 6805
2961 104 6842
4146 104 6877
4178 104 6892
4208 104 6952
4328 104 6981
4365 104 6989
3412 104 6998
4405 104 6998
4584 104 7035
4587 104 7036
4625 104 7046
4684 104 7060
4722 104 7068
4773 104 7078
170527 105 1878
4950 106 1897
21915 107 1903
24556 108 1907
439749 109 1960
30882 110 1971
391 111 1974
427569 112 1983
107377 113 1997
1526 114 2063
1525 114 6028
17366 115 2107
433342 116 2108
207027 117 2129
55217 118 2154
544008 119 2155
3969 120 2163
3968 120 6827
7992 121 2176
25534 122 2198
22919 123 2208
1458 124 2219
1457 124 6012
2363 124 6238
86101 125 2224
71697 126 2235
58 127 2259
57 127 5709
352 127 5770
564 127 5823
964 127 5917
1403 127 6005
2473 127 6264
2896 127 6442
3525 127 6648
8285 128 2277
8189 129 2325
314776 130 2341
84700 131 2361
229953 132 2420
25920 133 2455
19734 134 2457
105839 135 2470
129192 136 2496
106193 137 2514
14041 138 2516
13730 139 2545
3721 140 2548
3720 140 6763
3877 140 6805
293644 141 2561
2165 142 2579
2164 142 6195
3984 142 6832
37424 143 2584
241516 144 2585
11350 145 2595
7153 146 2596
26358 147 2613
86 148 2624
404898 149 2644
33711 150 2662
3374 151 2693
3373 151 6612
50626 152 2693
6282 153 2716
13379 154 2811
3152 155 2813
2914 155 6498
8 156 2895
142482 157 2905
99024 158 2913
499 159 2932
498 159 5810
4759 159 7075
19331 160 2943
258646 161 2971
7216 162 3007
117964 163 3009
53972 164 3027
239 165 3040
238 165 5750
262 165 5753
461 165 5801
678 165 5843
952 165 5914
1002 165 5925
1423 165 6009
1697 165 6069
1816 165 6135
2885 165 6439
3395 165 6616
3492 165 6644
3505 165 6646
3881 165 6806
4023 165 6842
4595 165 7037
4651 165 7052
532 166 3041
531 166 5815
1006 166 5927
1039 166 5936
1088 166 5944
1185 166 5961
94 166 5978
1533 166 6030
1552 166 6033
1615 166 6051
1659 166 6060
1702 166 6070
1934 166 6172
1543 166 6175
354 166 6237
2430 166 6254
2445 166 6258
2765 166 6417
2793 166 6425
2823 166 6430
3923 166 6813
3635 166 6821
4001 166 6836
4074 166 6858
3172 166 6885
4526 166 7021
4787 166 7133
60164 167 3045
4226 168 3060
4225 168 6955
4606 168 7041
1108 169 3073
1107 169 5948
91626 170 3077
4824 171 3079
4823 171 7131
92584 172 3097
7548 173 3113
11775 174 3153
51899 175 3162
28966 176 3172
26072 177 3185
8 178 3192
7 178 5635
17 178 5637
27 178 5704
94 178 5716
229 178 5749
314 178 5764
333 178 5767
354 178 5772
398 178 5781
407 178 5783
545 178 5818
722 178 5855
769 178 5867
836 178 5883
848 178 5887
1022 178 5933
1059 178 5940
1167 178 5958
1253 178 5976
1291 178 5982
1704 178 6070
1719 178 6115
1617 178 6146
1899 178 6149
2107 178 6185
2415 178 6251
2479 178 6265
2520 178 6272
2615 178 6300
2747 178 6414
2751 178 6414
2996 178 6463
3025 178 6472
3052 178 6478
3089 178 6484
3120 178 6490
3444 178 6630
3486 178 6641
3514 178 6647
3574 178 6660
3597 178 6729
3606 178 6732
3613 178 6734
3615 178 6734
3780 178 6777
3824 178 6785
4130 178 6875
4299 178 6973
4415 178 7000
4441 178 7007
4568 178 7031
4331 178 7044
4656 178 7054
4818 178 7130
4857 178 7138
4877 178 7143
36 179 3199
45149 180 3203
32485 181 3237
225115 182 3254
58710 183 3266
969 184 3295
968 184 5918
1801 184 6132
3854 184 6795
4879 184 7144
15478 185 3328
58406 186 3340
106 187 3342
995 187 5924
1239 187 5974
3087 187 6484
309156 188 3349
4950 189 3399
225061 190 3400
108057 191 3404
11250 192 3456
86055 193 3464
44312 194 3477
13462 195 3477
578933 196 3481
3463 197 3488
3462 197 6634
50087 198 3499
10733 199 3500
367442 200 3517
15478 201 3517
5710 202 3532
46253 203 3540
116328 204 3565
22617 205 3571
7790 206 3572
8 207 3584
4237 208 3585
4236 208 6959
7145 209 3617
247 210 3642
246 210 5751
18954 211 3649
3331 212 3657
3330 212 6602
69358 213 3660
86 214 3661
85 214 5729
893 214 5901
1086 214 5944
3042 214 6476
1140 215 3670
1139 215 5953
3860 215 6797
5574 216 3670
468 217 3673
467 217 5803
1312 217 5988
4733 217 7071
12319 218 3681
39308 219 3688
20132 220 3704
262371 221 3710
284501 222 3729
34840 223 3738
16546 224 3772
25830 225 3772
2530 226 3773
2529 226 6275
21938 227 3780
1542 228 3826
1541 228 6031
17352 229 3903
5792 230 3909
368433 231 3960
220510 232 3977
6247 233 3993
21854 234 3996
9380 235 4007
10805 236 4044
80638 237 4057
6215 238 4069
15209 239 4069
5994 240 4085
152393 241 4105
196449 242 4111
167622 243 4115
2736 244 4131
2735 244 6410
294664 245 4156
130172 246 4158
78242 247 4172
85283 248 4179
366987 249 4194
89989 250 4195
14607 251 4207
8531 252 4224
4940 253 4253
22881 254 4281
106167 255 4287
62948 256 4288
81988 257 4291
1135 258 4348
1134 258 5953
14625 259 4363
25296 260 4390
3690 261 4401
3689 261 6755
3902 262 4442
10981 263 4443
128729 264 4457
36100 265 4475
15860 266 4497
1901 267 4503
9811 268 4503
26355 269 4525
1759 270 4579
135873 271 4614
3174 272 4625
3240 272 6633
381789 273 4667
15587 274 4671
62704 275 4750
21033 276 4759
797845 277 4768
4999 278 4786
84697 279 4787
2863 280 4857
2862 280 6436
13139 281 4873
6057 282 4912
18520 283 4932
2878 284 4936
2877 284 6438
19256 285 4959
230756 286 4959
380 287 4965
379 287 5776
1753 288 4973
1752 288 6121
70574 289 4978
2383 290 4978
1012 291 5021
1011 291 5931
1425 291 6009
4846 291 7136
2158 292 5027
2157 292 6193
8085 293 5038
357 294 5069
356 294 5772
6175 295 5082
628 296 5094
627 296 5835
129543 297 5114
758726 298 5122
2119 299 5124
2118 299 6188
8174 300 5197
548 301 5223
547 301 5819
25 302 5238
24 302 5703
47394 303 5245
11642 304 5250
5178 305 5287
6399 306 5309
967 307 5316
966 307 5918
3108 308 5319
2361 308 6487
3938 309 5344
3937 309 6818
226 310 5348
2743 310 6413
36568 311 5355
1588 312 5368
1587 312 6043
26669 313 5369
1439 314 5390
1438 314 6011
1982 314 6164
1411 314 6166
2172 314 6197
2332 314 6233
2372 314 6240
3772 314 6774
4336 314 6983
38 315 5394
37 315 5706
222 315 5747
703 315 5849
1957 315 6160
84 316 5395
83 316 5714
1174 316 5959
1830 316 6137
5611 317 5396
7666 318 5397
2335 319 5398
2334 319 6233
3965 320 5406
3964 320 6825
11776 321 5407
11 322 5434
10 322 5636
87 322 5715
117 322 5720
146 322 5729
277 322 5756
402 322 5782
504 322 5811
552 322 5819
599 322 5830
619 322 5832
693 322 5847
726 322 5855
754 322 5864
794 322 5872
882 322 5898
991 322 5905
915 322 5908
954 322 5915
1015 322 5931
1137 322 5953
1241 322 5974
1258 322 5977
1299 322 5984
1370 322 6000
1554 322 6033
1581 322 6042
1665 322 6061
1768 322 6124
1809 322 6134
2062 322 6176
2199 322 6202
2409 322 6251
2456 322 6260
3501 322 6345
2945 322 6454
3355 322 6607
3512 322 6647
3788 322 6778
3921 322 6813
3999 322 6836
4070 322 6858
4198 322 6948
4654 322 7053
4755 322 7075
4905 322 7152
14009 323 5444
2129 324 5447
2128 324 6189
4217 325 5448
4216 325 6953
473 326 5469
472 326 5805
3652 326 6741
4 327 5482
3 327 5634
5945 328 5486
207149 329 5488
36543 330 5490
706 331 5492
705 331 5850
1799 331 6131
21973 332 5505
37242 333 5510
737 334 5520
703 334 5859
2035 335 5539
14103 336 5560
8917 337 5560
97 338 5590
96 338 5716
13442 339 5601
424 340 5617
322 340 5793
70 340 5874
3367 341 5622
3366 341 6610
9 342 5635
14 343 5636
19 344 5637
20392 345 5645
378 346 5649
322 346 5775
323 347 5650
322 347 5765
6489 348 5655
17276 349 5667
3954 350 5677
3953 350 6822
25220 351 5682
35 352 5688
34 352 5705
376 353 5691
3 353 5775
1081 353 5943
14059 354 5703
26 355 5703
31 356 5705
36 357 5705
2018 357 6169
41 358 5706
44 359 5706
61 360 5710
62 361 5710
63 362 5712
70 363 5712
73 364 5713
82 365 5714
610 365 5878
31 366 5716
92 367 5716
93 368 5716
98 369 5716
107 370 5718
31 371 5719
121 372 5722
122 373 5723
129 374 5724
130 375 5724
131 376 5724
132 377 5725
133 378 5725
134 379 5725
141 380 5727
164 381 5731
3 381 5763
434 381 5795
171 382 5735
176 383 5736
189 384 5738
1211 384 5969
190 385 5739
321 386 5741
3 386 5765
73 387 5742
198 388 5742
201 389 5743
212 390 5745
981 390 6058
217 391 5746
224 392 5747
233 393 5749
234 394 5750
237 395 5750
245 396 5750
244 397 5750
248 398 5751
253 399 5752
258 400 5752
261 401 5752
268 402 5753
275 403 5755
276 404 5756
281 405 5757
279 406 5757
280 407 5757
282 408 5758
291 409 5759
296 410 5760
297 411 5760
298 412 5761
303 413 5762
364 413 5773
304 414 5762
313 415 5764
328 416 5766
337 417 5768
340 418 5769
347 419 5769
370 420 5774
381 421 5776
384 422 5777
391 423 5778
392 424 5778
393 425 5779
406 426 5783
409 427 5784
410 428 5785
413 429 5786
414 430 5787
73 431 5787
418 432 5790
421 433 5791
422 434 5791
431 435 5794
436 436 5796
439 437 5798
446 438 5798
654 438 5838
1094 438 5944
463 439 5802
464 440 5802
1965 440 6162
465 441 5802
466 442 5803
471 443 5805
194 444 5805
607 444 5830
615 444 5832
617 444 5832
659 444 5839
714 444 5852
724 444 5855
1512 444 6024
4502 444 7017
4870 444 7142
73 445 5807
480 446 5807
489 447 5809
510 448 5812
535 449 5816
8 450 5817
549 451 5819
558 452 5821
73 453 5822
566 454 5823
567 455 5823
568 456 5823
569 457 5823
570 458 5823
585 459 5826
471 460 5829
609 461 5831
4795 461 7083
614 462 5832
635 463 5835
636 464 5835
637 465 5835
638 466 5836
639 467 5836
648 468 5837
651 469 5837
656 470 5838
661 471 5839
662 472 5840
677 473 5842
682 474 5845
683 475 5845
686 476 5846
73 477 5846
690 478 5846
797 479 5847
695 480 5848
700 481 5848
709 482 5851
728 483 5855
3 483 5901
3917 483 6813
729 484 5856
734 485 5858
735 486 5859
748 487 5861
31 488 5861
2181 488 6199
756 489 5864
757 490 5865
764 491 5866
845 491 5887
777 492 5868
778 493 5868
785 494 5870
790 495 5871
791 496 5872
796 497 5873
797 498 5873
798 499 5874
807 500 5877
810 501 5877
820 502 5879
819 503 5879
823 504 5880
826 505 5880
913 505 5907
1206 505 5968
2181 505 6225
831 506 5882
844 507 5886
847 508 5887
861 509 5892
870 510 5896
875 511 5896
392 512 5897
879 513 5898
171 514 5900
889 515 5900
892 516 5901
902 517 5903
237 518 5903
990 519 5904
477 520 5909
924 521 5910
933 522 5911
936 523 5911
937 524 5912
1096 524 5945
1741 524 6119
938 525 5912
951 526 5914
82 527 5915
963 528 5916
974 529 5919
981 530 5920
984 531 5921
989 532 5922
993 533 5923
994 534 5923
999 535 5924
1005 536 5927
1004 537 5927
1010 538 5929
1021 539 5931
3 539 5955
1024 540 5932
3 540 5961
1035 541 5935
1036 542 5935
1052 543 5938
1049 544 5938
1063 545 5940
1068 546 5940
1085 547 5943
1100 548 5946
1113 549 5949
3 549 5972
902 550 5953
1143 551 5954
1144 552 5954
1149 553 5955
1154 554 5956
1169 555 5959
1180 556 5961
1187 557 5962
1202 558 5967
1205 559 5967
1208 560 5968
1213 561 5969
1216 562 5969
1219 563 5971
1222 564 5971
1245 565 5974
1246 566 5974
1255 567 5977
1442 567 6011
1774 567 6126
1260 568 5977
237 569 5980
16 570 5980
1326 570 5990
1336 570 5993
1350 570 5996
1364 570 5998
1374 570 6000
1372 570 6000
1381 570 6001
1396 570 6004
615 570 6005
1420 570 6008
1432 570 6010
1495 570 6020
1497 570 6021
1561 570 6036
1573 570 6039
1642 570 6056
1693 570 6067
1784 570 6129
2048 570 6174
2229 570 6208
2379 570 6241
2620 570 6302
2648 570 6350
2819 570 6430
2827 570 6431
4331 570 6982
4417 570 7001
4457 570 7011
4547 570 7026
1301 571 5985
1302 572 5985
1439 572 6165
1305 573 5986
1306 574 5986
128 574 6030
1309 575 5986
1314 576 5988
73 577 5988
1330 578 5990
2391 579 5992
2390 579 6245
1335 580 5993
1338 581 5993
1347 582 5995
1355 583 5996
1354 584 5996
1358 585 5997
1359 586 5997
1378 587 6000
1387 588 6002
1388 589 6002
933 590 6003
1398 591 6005
1411 592 6007
1858 592 6142
1422 593 6008
1429 594 6010
1436 595 6010
1437 596 6011
1452 597 6012
1461 598 6013
1462 599 6014
1467 600 6014
1299 601 6015
1473 602 6016
1488 603 6017
682 604 6022
1506 605 6023
1509 606 6023
1524 607 6028
1535 608 6030
422 609 6031
1545 610 6031
1560 611 6035
1565 612 6036
1462 613 6039
1575 614 6039
1576 615 6040
1577 616 6041
1578 617 6041
1585 618 6042
1586 619 6042
1589 620 6043
1592 621 6043
1593 622 6046
1594 623 6046
1863 623 6142
1603 624 6049
1608 625 6050
1611 626 6050
1612 627 6051
1623 628 6053
1628 629 6053
1631 630 6054
1638 631 6055
1639 632 6055
1652 633 6057
1657 634 6059
1658 635 6060
2345 635 6235
1679 636 6064
1682 637 6066
1687 638 6066
1692 639 6067
1695 640 6068
1696 641 6068
1701 642 6069
1826 642 6137
2027 642 6171
3010 642 6468
3315 642 6600
1612 643 6070
1707 644 6071
1712 645 6072
1715 646 6073
1916 647 6086
1915 647 6153
1843 648 6088
1842 648 6139
5180 649 6088
1939 650 6103
3 650 6157
476 651 6105
1747 651 6120
1754 651 6122
1834 651 6138
2518 651 6272
1533 652 6114
1716 653 6115
1721 654 6115
1722 655 6115
1723 656 6116
1732 657 6118
1751 658 6121
1756 659 6122
1757 660 6122
1764 661 6123
1767 662 6123
1778 663 6126
1783 664 6129
1786 665 6130
1789 666 6130
2190 667 6130
2189 667 6200
1790 668 6131
1795 669 6131
1798 670 6131
1807 671 6133
1808 672 6133
1815 673 6135
1819 674 6135
1818 675 6136
1822 676 6136
1808 677 6137
1846 678 6140
1857 679 6142
1872 679 6144
1973 679 6163
2011 679 6168
2091 679 6180
2184 679 6199
2289 679 6220
1862 680 6142
1865 681 6142
380 682 6142
2086 682 6180
2161 682 6194
1871 683 6143
1874 684 6144
1879 685 6145
1882 686 6146
3093 686 6485
1889 687 6146
1894 688 6147
1898 689 6148
1897 690 6148
1901 691 6149
1908 692 6151
401 693 6151
1967 693 6162
1971 693 6163
1999 693 6167
2001 693 6167
2003 693 6167
2013 693 6168
2007 693 6168
2039 693 6172
2043 693 6173
2041 693 6173
2064 693 6177
2073 693 6179
2077 693 6180
2093 693 6181
2097 693 6183
2126 693 6188
2146 693 6191
2179 693 6199
2177 693 6199
2195 693 6201
2197 693 6202
2220 693 6206
2260 693 6214
2258 693 6214
2295 693 6223
2353 693 6236
2434 693 6256
2561 693 6282
2566 693 6283
2601 693 6296
2664 693 6354
2834 693 6432
3134 693 6494
3160 693 6499
3603 693 6731
3692 693 6756
3700 693 6758
3794 693 6779
3847 693 6794
4495 693 7016
4539 693 7023
1912 694 6152
1919 695 6154
1924 696 6154
1931 697 6155
1940 698 6157
1941 699 6157
1946 700 6159
1951 701 6159
1954 702 6160
1964 703 6161
1963 704 6161
1979 705 6164
1996 706 6166
2017 707 6169
2026 708 6170
2033 709 6171
981 709 6201
2034 710 6172
2035 711 6172
3 711 6205
2038 712 6172
2047 713 6172
2052 714 6174
2055 715 6175
2068 716 6178
2085 717 6180
402 718 6180
2095 719 6182
2096 720 6182
2103 721 6184
2104 722 6184
1879 723 6185
2110 724 6186
2111 725 6186
2222 725 6206
2114 726 6187
2117 727 6188
2122 728 6188
2123 729 6188
2148 730 6191
2151 731 6191
2154 732 6192
2159 733 6193
2160 734 6193
2163 735 6194
2174 736 6198
2183 737 6199
2186 738 6199
2203 739 6202
2204 740 6203
2207 741 6203
1533 742 6203
2210 743 6204
2212 744 6204
2492 744 6267
2541 744 6277
2226 745 6207
2231 746 6208
2232 747 6209
2237 748 6209
2242 749 6210
2245 750 6211
2248 751 6212
2257 752 6214
2270 753 6215
2275 754 6217
2284 755 6219
2285 756 6219
2288 757 6220
2307 758 6224
2308 759 6225
2311 760 6225
2312 761 6225
299 762 6228
2326 763 6229
2329 764 6229
2533 764 6275
2340 765 6235
2347 766 6236
2350 767 6237
2369 768 6239
2378 769 6241
2383 770 6242
3091 770 6485
2385 771 6242
2384 772 6242
2400 773 6246
3 773 6280
2407 774 6250
2408 775 6250
2421 776 6252
3149 776 6497
2432 777 6255
2433 778 6256
2442 779 6257
2447 780 6259
2448 781 6259
2449 782 6259
2577 782 6288
2625 782 6304
2452 783 6259
2455 784 6259
2211 785 6261
2463 786 6262
2471 787 6263
2470 788 6263
2472 789 6263
2475 790 6264
2476 791 6265
2487 792 6266
2496 793 6268
2505 794 6270
2524 795 6273
2535 796 6275
2540 797 6276
2553 798 6281
2554 799 6281
2565 800 6282
2572 801 6284
2585 802 6291
2586 803 6291
2603 804 6297
2335 805 6297
2607 806 6298
2871 806 6438
2608 807 6299
2619 808 6301
2624 809 6303
2631 810 6305
2656 810 6352
2632 811 6305
2636 812 6305
2633 813 6305
2637 814 6306
2640 815 6307
2643 815 6349
2662 815 6353
2676 815 6357
2729 815 6410
2803 815 6427
2974 815 6460
3066 815 6480
3080 815 6483
3083 815 6483
3238 815 6585
3294 815 6595
3459 815 6633
3518 815 6647
3638 815 6739
3732 815 6766
3801 815 6781
3804 815 6782
3862 815 6799
3898 815 6809
3911 815 6812
4115 815 6871
4123 815 6873
4136 815 6875
4203 815 6951
4242 815 6959
4491 815 7015
4749 815 7075
4785 815 7080
4804 815 7085
3186 816 6322
3185 816 6569
3768 816 6773
3887 816 6807
2647 817 6349
2658 818 6352
2661 819 6353
2670 820 6355
2671 821 6356
2672 822 6356
2675 823 6357
2680 824 6357
2683 825 6358
2688 826 6358
2703 827 6364
2710 828 6365
2211 829 6367
2715 830 6367
2714 831 6368
105854 832 6396
3015 833 6401
3014 833 6469
4836 833 7134
2724 834 6409
2813 834 6429
2725 835 6409
2728 836 6410
2741 837 6412
78 838 6412
2753 839 6415
2764 840 6416
2769 841 6417
2772 842 6418
2779 843 6420
2780 844 6420
2785 845 6421
2790 846 6423
2842 846 6434
2848 846 6435
2875 846 6438
2948 846 6454
2957 846 6456
2978 846 6460
3071 846 6481
3268 846 6590
3304 846 6598
3325 846 6602
3375 846 6613
3403 846 6620
3970 846 6828
4054 846 6853
4153 846 6880
2795 847 6426
2800 848 6427
2807 849 6427
2808 850 6427
2811 851 6428
2846 851 6435
2812 852 6428
2817 853 6429
2818 854 6429
2831 855 6431
2836 856 6433
2837 857 6433
2838 858 6433
2841 859 6434
2791 860 6436
2724 861 6436
2864 862 6437
2867 863 6437
2868 864 6437
2879 865 6439
1652 866 6439
2884 867 6439
2883 868 6439
2891 869 6440
2764 870 6442
2901 871 6444
2922 872 6448
2925 873 6449
2926 874 6449
2935 875 6452
2940 876 6453
2947 877 6454
2956 878 6456
2959 879 6457
2960 880 6457
2962 881 6457
2961 882 6457
2963 883 6457
2966 884 6458
1874 885 6459
2984 886 6461
2989 887 6462
2992 888 6463
2993 889 6463
2998 890 6464
3001 891 6464
3002 892 6464
3007 893 6467
3022 894 6470
3029 895 6472
3030 896 6472
3033 897 6474
3054 898 6478
3057 899 6478
3070 900 6481
3077 901 6482
3082 902 6483
3105 903 6486
2710 904 6487
3109 905 6488
3114 906 6488
3119 907 6490
3138 908 6494
8 909 6495
3148 910 6496
2452 911 6498
3174 912 6503
3240 912 6586
3452 912 6632
3677 912 6749
744 913 6503
3178 914 6505
2914 914 6634
21143 915 6508
3402 916 6511
2914 916 6620
3469 917 6519
3468 917 6635
315288 918 6525
8366 919 6529
5787 920 6539
29649 921 6556
2764 922 6568
3348 922 6607
4897 922 7149
3197 923 6572
3204 924 6574
3209 925 6577
3220 926 6580
2211 927 6581
3224 928 6582
3624 928 6736
3227 929 6583
3258 930 6588
3259 931 6589
3260 932 6589
3263 933 6590
3264 934 6590
3265 935 6590
3270 936 6591
3273 937 6591
3274 938 6591
3277 939 6592
3287 940 6593
3388 940 6616
3286 941 6593
3288 942 6594
3293 943 6595
3298 944 6596
3301 945 6597
3303 946 6597
3362 946 6609
3415 946 6624
3572 946 6660
3661 946 6743
3866 946 6800
3994 946 6835
4321 946 7019
4301 946 7033
3302 947 6597
1309 948 6598
3309 949 6599
3314 950 6599
3317 951 6600
3318 952 6601
989 953 6602
3338 954 6603
3341 955 6604
3342 956 6604
3347 957 6606
3353 958 6607
3350 959 6607
31 960 6607
3359 961 6608
3372 962 6611
3377 963 6612
3440 963 6629
3449 963 6631
3382 964 6614
3385 965 6614
3303 965 6646
3362 965 6657
3661 965 6749
4301 965 7028
4321 965 7052
4380 965 7140
3390 966 6616
96 966 7085
3397 967 6617
3398 968 6619
3405 969 6621
3412 970 6623
3417 971 6624
3581 971 6662
3420 972 6625
3421 973 6626
1299 974 6626
3427 975 6626
3432 976 6628
2914 977 6628
3446 978 6630
31 979 6632
3456 980 6633
3461 981 6633
3472 982 6635
3477 983 6639
3484 984 6640
3485 985 6641
3488 986 6641
3309 987 6642
3264 988 6643
3497 989 6644
3500 990 6645
3511 991 6646
3522 992 6648
3531 993 6651
3534 994 6652
3537 995 6653
3538 996 6653
3539 997 6654
3546 998 6655
3551 999 6656
3570 1000 6659
3571 1001 6660
3580 1002 6662
3583 1003 6662
3661 1003 6759
3362 1003 6770
3994 1003 6840
4301 1003 7021
4321 1003 7028
4380 1003 7158
3511 1004 6663
9890 1005 6672
21055 1006 6709
3684 1007 6715
3683 1007 6753
4039 1007 6848
3377 1008 6716
4305 1008 6976
4308 1008 6976
4910 1009 6719
4909 1009 7153
10903 1010 6721
3594 1011 6727
3671 1011 6746
3583 1011 6810
3303 1011 6819
3415 1011 6841
3994 1011 6853
4321 1011 7012
3593 1012 6727
3595 1013 6727
3596 1014 6728
3605 1015 6731
3611 1016 6733
3610 1017 6733
3611 1018 6734
3621 1019 6735
3632 1020 6737
3637 1021 6739
3309 1022 6739
3641 1023 6739
3903 1023 6811
3660 1024 6741
3656 1025 6742
2104 1026 6742
3667 1027 6744
3670 1028 6745
3680 1029 6750
3679 1030 6750
1908 1031 6755
5185 1032 6759
2817 1033 6761
3717 1034 6762
3722 1035 6763
3727 1036 6765
3736 1037 6767
3739 1038 6767
3746 1039 6768
3749 1040 6769
3752 1041 6770
3753 1042 6770
2535 1043 6771
3765 1044 6773
3798 1045 6779
1908 1046 6781
3808 1047 6783
3811 1048 6783
3309 1049 6785
3823 1050 6785
3832 1051 6788
3377 1052 6790
3844 1053 6792
3849 1054 6794
3868 1055 6800
3893 1056 6807
3894 1057 6808
3895 1058 6808
3896 1059 6808
3895 1060 6809
3902 1061 6810
3913 1062 6812
3916 1063 6812
3925 1064 6813
3926 1065 6815
3929 1066 6815
3930 1067 6816
3939 1068 6819
3944 1069 6819
3955 1070 6822
145 1071 6828
4636 1071 7050
3980 1072 6829
3983 1073 6830
3992 1074 6834
3993 1075 6834
3998 1076 6836
4005 1077 6837
4006 1078 6838
2104 1079 6839
4010 1080 6840
4013 1081 6841
4018 1082 6842
4021 1083 6842
4022 1084 6842
4027 1085 6844
4027 1086 6844
4027 1087 6845
4034 1088 6847
4035 1089 6847
4038 1090 6847
4043 1091 6848
4045 1092 6849
4044 1093 6849
4046 1094 6849
4047 1095 6850
3377 1096 6855
4060 1097 6855
4064 1098 6856
4065 1099 6856
4066 1100 6857
4067 1101 6857
4082 1102 6859
4089 1103 6862
3264 1104 6863
4097 1105 6865
4108 1106 6868
1631 1107 6872
4122 1108 6873
4129 1109 6875
4148 1110 6877
4155 1111 6882
4185 1111 6895
4160 1112 6886
4161 1113 6887
4162 1114 6887
4163 1115 6887
4164 1116 6889
3594 1116 6964
3671 1116 6969
4301 1116 6973
4321 1116 6978
3583 1116 6989
4380 1116 7073
3377 1117 6890
6587 1118 6891
4180 1119 6893
8734 1120 6896
5590 1121 6913
13496 1122 6919
4260 1123 6920
4259 1123 6964
4498 1123 7017
4764 1124 6929
4763 1124 7076
4189 1125 6947
4200 1126 6950
4205 1127 6951
4224 1128 6954
3377 1129 6954
4396 1129 6996
4222 1130 6954
4227 1131 6955
4235 1132 6958
4234 1133 6958
4244 1134 6959
4247 1135 6960
4254 1136 6962
4255 1137 6963
4258 1138 6963
1388 1139 6964
4266 1140 6965
4269 1141 6965
4274 1142 6969
3983 1143 6970
4288 1144 6971
4295 1145 6972
4296 1146 6973
4307 1147 6976
2104 1148 6976
4315 1149 6976
4318 1150 6977
4565 1150 7030
4325 1151 6979
4330 1152 6982
4335 1153 6983
4338 1154 6984
4351 1155 6985
4388 1155 6994
4413 1155 7000
4422 1155 7002
4435 1155 7006
4455 1155 7010
4483 1155 7014
3172 1155 7020
4737 1155 7072
4848 1155 7136
4360 1156 6988
4367 1157 6989
4376 1158 6989
4377 1159 6991
4380 1160 6992
3303 1160 7013
3594 1160 7028
3671 1160 7040
3583 1160 7058
4381 1161 6992
4382 1162 6992
4382 1163 6993
4382 1164 6994
4382 1165 6994
4382 1166 6995
4395 1167 6995
3303 1167 7014
3594 1167 7037
3671 1167 7044
3583 1167 7046
4705 1167 7062
3 1168 6997
3497 1169 6997
4400 1170 6997
4421 1171 7001
4428 1172 7003
4449 1173 7009
4452 1174 7009
4497 1175 7017
4504 1176 7017
2632 1177 7018
4508 1178 7018
4511 1179 7018
4519 1180 7019
4512 1181 7019
70 1182 7020
4517 1183 7020
4534 1184 7022
3929 1185 7024
4542 1186 7026
4550 1187 7026
4549 1188 7026
4567 1189 7030
4570 1190 7031
4571 1191 7031
4572 1192 7032
4583 1193 7035
4586 1194 7035
4589 1195 7036
4590 1196 7037
4603 1197 7039
4288 1198 7041
4609 1199 7042
4610 1200 7043
4613 1201 7043
4620 1202 7044
4628 1203 7047
4627 1204 7047
4631 1205 7047
4632 1206 7048
4633 1207 7048
4634 1208 7049
4635 1209 7049
4638 1210 7050
4643 1211 7051
4648 1212 7051
4653 1213 7053
4658 1214 7054
4667 1215 7055
1979 1216 7055
4673 1217 7055
2284 1218 7057
4675 1219 7058
4678 1220 7058
4679 1221 7059
4688 1222 7060
4697 1223 7062
4702 1224 7062
4709 1225 7063
4710 1226 7064
4717 1227 7066
4718 1228 7066
4719 1229 7067
4730 1230 7070
3611 1231 7072
4740 1232 7072
3611 1233 7073
4746 1234 7073
4748 1235 7073
3611 1236 7073
4775 1237 7078
4782 1238 7080
4797 1239 7083
4798 1240 7084
4799 1241 7084
4800 1242 7084
4801 1243 7085
4812 1244 7129
4817 1245 7130
4820 1246 7130
4825 1247 7131
4826 1248 7132
4835 1249 7133
4838 1250 7134
4843 1251 7135
4844 1252 7135
4845 1253 7136
4719 1254 7137
4859 1255 7138
4860 1256 7139
4863 1257 7139
4866 1258 7140
4867 1259 7140
3818 1260 7142
4881 1261 7144
4882 1262 7144
4885 1263 7145
4890 1264 7146
4021 1265 7149
4892 1266 7149
4899 1267 7149
4900 1268 7150
4911 1269 7152
4912 1270 7154
2747 1271 7155
4917 1272 7156
4916 1273 7156
4027 1274 7157
4027 1275 7158
4841 1276 7158
4027 1277 7158
4932 1278 7159
4939 1279 7162
4940 1280 7162
4985 1281 7175
4719 1282 7189
5096 1283 7191
