1507 16 0
2398 16 0
3073 16 0
3222 16 0
4907 16 0
109 110 0
1265 1266 0
213 214 0
483 214 0
119 120 0
712 713 0
1448 713 0
1543 1861 0
4174 1861 0
176 470 0
1583 1584 0
301 763 0
922 923 0
174 175 0
181 175 0
185 175 0
204 175 0
231 175 0
249 175 0
256 175 0
266 175 0
292 175 0
329 175 0
338 175 0
348 175 0
368 175 0
427 175 0
521 175 0
533 175 0
562 175 0
579 175 0
581 175 0
633 175 0
675 175 0
577 175 0
707 175 0
803 175 0
866 175 0
907 175 0
957 175 0
959 175 0
1066 175 0
1098 175 0
1157 175 0
1227 175 0
1231 175 0
1278 175 0
1297 175 0
1320 175 0
1366 175 0
1383 175 0
1385 175 0
1468 175 0
1489 175 0
1510 175 0
1675 175 0
1680 175 0
1726 175 0
1733 175 0
1932 175 0
1949 175 0
1875 175 0
2031 175 0
2079 175 0
2112 175 0
2130 175 0
2282 175 0
2305 175 0
2330 175 0
2338 175 0
2386 175 0
2401 175 0
2403 175 0
2428 175 0
2450 175 0
2483 175 0
2514 175 0
2581 175 0
2650 175 0
2684 175 0
2689 175 0
2693 175 0
2704 175 0
2708 175 0
2637 175 0
2796 175 0
2894 175 0
3050 175 0
3068 175 0
3110 175 0
3146 175 0
3164 175 0
3191 175 0
3212 175 0
3232 175 0
3282 175 0
3319 175 0
3370 175 0
3383 175 0
3576 175 0
3630 175 0
3668 175 0
3718 175 0
3730 175 0
3740 175 0
3796 175 0
3806 175 0
3883 175 0
4016 175 0
4036 175 0
4076 175 0
4100 175 0
4176 175 0
4187 175 0
4220 175 0
4248 175 0
4250 175 0
4319 175 0
4343 175 0
4354 175 0
4370 175 0
4453 175 0
4485 175 0
4537 175 0
4639 175 0
4686 175 0
4789 175 0
4813 175 0
4868 175 0
4886 175 0
4901 175 0
4933 175 0
3552 3553 0
744 745 0
919 1311 0
1482 969 0
4149 4150 0
2187 2188 0
2359 2188 0
39 40 0
191 40 0
235 40 0
597 40 0
738 40 0
1132 40 0
1455 40 0
1595 40 0
2083 40 0
2140 40 0
2516 40 0
2722 40 0
2887 40 0
2990 40 0
3012 40 0
3591 40 0
3816 40 0
4347 40 0
4393 40 0
4424 40 0
4700 40 0
2950 2951 0
1316 97 0
2902 97 0
47 46 0
51 46 0
45 46 0
59 46 0
68 46 0
103 46 0
311 46 0
318 46 0
447 46 0
481 46 0
550 46 0
610 46 0
720 46 0
732 46 0
767 46 0
840 46 0
868 46 0
909 46 0
961 46 0
1000 46 0
1017 46 0
1043 46 0
1057 46 0
1075 46 0
1159 46 0
1183 46 0
1194 46 0
1200 46 0
1203 46 0
1263 46 0
1267 46 0
1322 46 0
1590 46 0
1634 46 0
1644 46 0
1673 46 0
1699 46 0
1713 46 0
1779 46 0
1793 46 0
1895 46 0
1975 46 0
2022 46 0
2155 46 0
2273 46 0
2276 46 0
2293 46 0
2381 46 0
2396 46 0
2440 46 0
2453 46 0
2466 46 0
2579 46 0
2659 46 0
2699 46 0
2906 46 0
2936 46 0
3027 46 0
3112 46 0
3141 46 0
3193 46 0
3564 46 0
3619 46 0
3626 46 0
3687 46 0
3723 46 0
3770 46 0
3826 46 0
3869 46 0
3879 46 0
2961 46 0
4146 46 0
4178 46 0
4208 46 0
4328 46 0
4365 46 0
3412 46 0
4405 46 0
4584 46 0
4587 46 0
4625 46 0
4684 46 0
4722 46 0
4773 46 0
1525 1526 0
3968 3969 0
1457 1458 0
2363 1458 0
57 58 0
352 58 0
564 58 0
964 58 0
1403 58 0
2473 58 0
2896 58 0
3525 58 0
3720 3721 0
3877 3721 0
2164 2165 0
3984 2165 0
3373 3374 0
2914 3152 0
498 499 0
4759 499 0
238 239 0
262 239 0
461 239 0
678 239 0
952 239 0
1002 239 0
1423 239 0
1697 239 0
1816 239 0
2885 239 0
3395 239 0
3492 239 0
3505 239 0
3881 239 0
4023 239 0
4595 239 0
4651 239 0
531 532 0
1006 532 0
1039 532 0
1088 532 0
1185 532 0
94 532 0
1533 532 0
1552 532 0
1615 532 0
1659 532 0
1702 532 0
1934 532 0
1543 532 0
354 532 0
2430 532 0
2445 532 0
2765 532 0
2793 532 0
2823 532 0
3923 532 0
3635 532 0
4001 532 0
4074 532 0
3172 532 0
4526 532 0
4787 532 0
4225 4226 0
4606 4226 0
1107 1108 0
4823 4824 0
7 8 0
17 8 0
27 8 0
94 8 0
229 8 0
314 8 0
333 8 0
354 8 0
398 8 0
407 8 0
545 8 0
722 8 0
769 8 0
836 8 0
848 8 0
1022 8 0
1059 8 0
1167 8 0
1253 8 0
1291 8 0
1704 8 0
1719 8 0
1617 8 0
1899 8 0
2107 8 0
2415 8 0
2479 8 0
2520 8 0
2615 8 0
2747 8 0
2751 8 0
2996 8 0
3025 8 0
3052 8 0
3089 8 0
3120 8 0
3444 8 0
3486 8 0
3514 8 0
3574 8 0
3597 8 0
3606 8 0
3613 8 0
3615 8 0
3780 8 0
3824 8 0
4130 8 0
4299 8 0
4415 8 0
4441 8 0
4568 8 0
4331 8 0
4656 8 0
4818 8 0
4857 8 0
4877 8 0
968 969 0
1801 969 0
3854 969 0
4879 969 0
995 106 0
1239 106 0
3087 106 0
3462 3463 0
4236 4237 0
246 247 0
3330 3331 0
85 86 0
893 86 0
1086 86 0
3042 86 0
1139 1140 0
3860 1140 0
467 468 0
1312 468 0
4733 468 0
2529 2530 0
1541 1542 0
2735 2736 0
1134 1135 0
3689 3690 0
3240 3174 0
2862 2863 0
2877 2878 0
379 380 0
1752 1753 0
1011 1012 0
1425 1012 0
4846 1012 0
2157 2158 0
356 357 0
627 628 0
2118 2119 0
547 548 0
24 25 0
966 967 0
2361 3108 0
3937 3938 0
2743 226 0
1587 1588 0
1438 1439 0
1982 1439 0
1411 1439 0
2172 1439 0
2332 1439 0
2372 1439 0
3772 1439 0
4336 1439 0
37 38 0
222 38 0
703 38 0
1957 38 0
83 84 0
1174 84 0
1830 84 0
2334 2335 0
3964 3965 0
10 11 0
87 11 0
117 11 0
146 11 0
277 11 0
402 11 0
504 11 0
552 11 0
599 11 0
619 11 0
693 11 0
726 11 0
754 11 0
794 11 0
882 11 0
991 11 0
915 11 0
954 11 0
1015 11 0
1137 11 0
1241 11 0
1258 11 0
1299 11 0
1370 11 0
1554 11 0
1581 11 0
1665 11 0
1768 11 0
1809 11 0
2062 11 0
2199 11 0
2409 11 0
2456 11 0
3501 11 0
2945 11 0
3355 11 0
3512 11 0
3788 11 0
3921 11 0
3999 11 0
4070 11 0
4198 11 0
4654 11 0
4755 11 0
4905 11 0
2128 2129 0
4216 4217 0
472 473 0
3652 473 0
3 4 0
705 706 0
1799 706 0
703 737 0
96 97 0
322 424 0
70 424 0
3366 3367 0
322 378 0
322 323 0
3953 3954 0
34 35 0
3 376 0
1081 376 0
2018 36 0
610 82 0
3 164 0
434 164 0
1211 189 0
3 321 0
981 212 0
364 303 0
654 446 0
1094 446 0
1965 464 0
607 194 0
615 194 0
617 194 0
659 194 0
714 194 0
724 194 0
1512 194 0
4502 194 0
4870 194 0
4795 609 0
3 728 0
3917 728 0
2181 31 0
845 764 0
913 826 0
1206 826 0
2181 826 0
1096 937 0
1741 937 0
3 1021 0
3 1024 0
3 1113 0
1442 1255 0
1774 1255 0
1326 16 0
1336 16 0
1350 16 0
1364 16 0
1374 16 0
1372 16 0
1381 16 0
1396 16 0
615 16 0
1420 16 0
1432 16 0
1495 16 0
1497 16 0
1561 16 0
1573 16 0
1642 16 0
1693 16 0
1784 16 0
2048 16 0
2229 16 0
2379 16 0
2620 16 0
2648 16 0
2819 16 0
2827 16 0
4331 16 0
4417 16 0
4457 16 0
4547 16 0
1439 1302 0
128 1306 0
2390 2391 0
1858 1411 0
1863 1594 0
2345 1658 0
1826 1701 0
2027 1701 0
3010 1701 0
3315 1701 0
1915 1916 0
1842 1843 0
3 1939 0
1747 476 0
1754 476 0
1834 476 0
2518 476 0
2189 2190 0
1872 1857 0
1973 1857 0
2011 1857 0
2091 1857 0
2184 1857 0
2289 1857 0
2086 380 0
2161 380 0
3093 1882 0
1967 401 0
1971 401 0
1999 401 0
2001 401 0
2003 401 0
2013 401 0
2007 401 0
2039 401 0
2043 401 0
2041 401 0
2064 401 0
2073 401 0
2077 401 0
2093 401 0
2097 401 0
2126 401 0
2146 401 0
2179 401 0
2177 401 0
2195 401 0
2197 401 0
2220 401 0
2260 401 0
2258 401 0
2295 401 0
2353 401 0
2434 401 0
2561 401 0
2566 401 0
2601 401 0
2664 401 0
2834 401 0
3134 401 0
3160 401 0
3603 401 0
3692 401 0
3700 401 0
3794 401 0
3847 401 0
4495 401 0
4539 401 0
981 2033 0
3 2035 0
2222 2111 0
2492 2212 0
2541 2212 0
2533 2329 0
3091 2383 0
3 2400 0
3149 2421 0
2577 2449 0
2625 2449 0
2871 2607 0
2656 2631 0
2643 2640 0
2662 2640 0
2676 2640 0
2729 2640 0
2803 2640 0
2974 2640 0
3066 2640 0
3080 2640 0
3083 2640 0
3238 2640 0
3294 2640 0
3459 2640 0
3518 2640 0
3638 2640 0
3732 2640 0
3801 2640 0
3804 2640 0
3862 2640 0
3898 2640 0
3911 2640 0
4115 2640 0
4123 2640 0
4136 2640 0
4203 2640 0
4242 2640 0
4491 2640 0
4749 2640 0
4785 2640 0
4804 2640 0
3185 3186 0
3768 3186 0
3887 3186 0
3014 3015 0
4836 3015 0
2813 2724 0
2842 2790 0
2848 2790 0
2875 2790 0
2948 2790 0
2957 2790 0
2978 2790 0
3071 2790 0
3268 2790 0
3304 2790 0
3325 2790 0
3375 2790 0
3403 2790 0
3970 2790 0
4054 2790 0
4153 2790 0
2846 2811 0
3240 3174 0
3452 3174 0
3677 3174 0
2914 3178 0
2914 3402 0
3468 3469 0
3348 2764 0
4897 2764 0
3624 3224 0
3388 3287 0
3362 3303 0
3415 3303 0
3572 3303 0
3661 3303 0
3866 3303 0
3994 3303 0
4321 3303 0
4301 3303 0
3440 3377 0
3449 3377 0
3303 3385 0
3362 3385 0
3661 3385 0
4301 3385 0
4321 3385 0
4380 3385 0
96 3390 0
3581 3417 0
3661 3583 0
3362 3583 0
3994 3583 0
4301 3583 0
4321 3583 0
4380 3583 0
3683 3684 0
4039 3684 0
4305 3377 0
4308 3377 0
4909 4910 0
3671 3594 0
3583 3594 0
3303 3594 0
3415 3594 0
3994 3594 0
4321 3594 0
3903 3641 0
4636 145 0
4185 4155 0
3594 4164 0
3671 4164 0
4301 4164 0
4321 4164 0
3583 4164 0
4380 4164 0
4259 4260 0
4498 4260 0
4763 4764 0
4396 3377 0
4565 4318 0
4388 4351 0
4413 4351 0
4422 4351 0
4435 4351 0
4455 4351 0
4483 4351 0
3172 4351 0
4737 4351 0
4848 4351 0
3303 4380 0
3594 4380 0
3671 4380 0
3583 4380 0
3303 4395 0
3594 4395 0
3671 4395 0
3583 4395 0
4705 4395 0
