1 1 100 44.5017
2 2 100 75.6678
3 3 100 96.4415
4 4 100 113.393
5 5 100 129.476
6 6 100 142.616
7 7 100 154.284
8 8 100 163.786
9 9 100 172.511
10 10 100 179.765
11 11 100 186.283
12 12 100 187.932
13 13 100 189.559
14 14 100 191.097
15 15 100 193.667
16 16 100 194.734
17 17 100 195.848
18 18 100 196.94
19 19 100 201.067
20 20 100 205.194
21 21 100 208.769
22 22 100 212.712
23 23 100 216.632
24 24 100 220.024
25 25 100 223.231
26 26 100 225.886
27 27 100 228.726
28 28 100 231.197
29 29 100 233.669
30 30 100 236.14
31 31 100 238.428
32 32 100 240.531
33 33 100 242.939
34 34 100 245.043
35 35 100 246.962
36 36 100 249.066
37 37 100 251.169
38 38 100 253.273
39 39 100 255.377
40 40 100 257.296
41 41 100 258.46
42 42 100 260.011
43 43 100 261.747
44 44 100 263.483
45 45 100 265.219
46 46 100 266.955
47 47 100 268.69
48 48 100 270.426
49 49 100 272.162
50 50 100 273.898
