1 1 100 48.6535
2 2 100 88.0173
3 3 100 110.909
4 4 100 120.28
5 5 100 131.465
6 6 100 139.016
7 7 100 159.912
8 8 100 544.439
9 9 100 550.378
10 10 100 565.866
11 11 100 755.241
12 12 100 760.747
13 13 100 763.87
14 14 100 767.045
15 15 100 771.509
16 16 100 775.307
17 17 100 795.906
18 18 100 799.757
19 19 100 832.217
20 20 100 845.878
21 21 100 850.815
22 22 100 853.216
23 23 100 856.964
24 24 100 906.046
25 25 100 921.916
26 26 100 925.123
27 27 100 927.87
28 28 100 930.388
29 29 100 1454.6
30 30 100 1458.05
31 31 100 1468.44
32 32 100 1470.74
33 33 100 1473.14
34 34 100 1475.61
35 35 100 1477.94
36 36 100 1480.41
37 37 100 1482.89
38 38 100 1485.19
39 39 100 1488.34
40 40 100 1492.56
41 41 100 1496.59
42 42 100 1507.66
43 43 100 1508.57
44 44 100 1511.04
45 45 100 1513.9
46 46 100 1830.02
47 47 100 1832.13
48 48 100 1834.23
49 49 100 1836.33
50 50 100 1838.44
