1 1 100 1.18394
2 2 100 20.2505
3 3 100 21.6184
4 4 100 24.4578
5 5 100 25.8257
6 6 100 27.6257
7 7 100 28.8096
8 8 100 29.9016
9 9 100 31.3614
10 10 100 33.0972
11 11 100 34.8329
12 12 100 36.2008
13 13 100 37.2928
14 14 100 38.6607
15 15 100 40.0285
16 16 100 41.1512
17 17 100 42.519
18 18 100 43.8869
19 19 100 45.9905
20 20 100 47.3584
21 21 100 52.3939
22 22 100 53.7618
23 23 100 55.4976
24 24 100 56.8654
25 25 100 57.9881
26 26 100 59.3559
27 27 100 60.7238
28 28 100 62.0917
29 29 100 63.4596
30 30 100 64.8274
31 31 100 66.0114
32 32 100 67.3793
33 33 100 72.0581
34 34 100 73.4259
35 35 100 74.5179
36 36 100 75.8858
37 37 100 77.2537
38 38 100 95.7281
39 39 100 98.2513
40 40 100 99.6192
41 41 100 100.987
42 42 100 101.997
43 43 100 103.12
44 44 100 104.487
45 45 100 106.223
46 46 100 835.541
47 47 100 836.909
48 48 100 838.277
49 49 100 839.645
50 50 100 844.772
