1 1 100 67.0253
2 2 100 70.5485
3 3 100 75.4775
4 4 100 407.683
5 5 100 413.374
6 6 100 464.025
7 7 100 494.813
8 8 100 498.261
9 9 100 501.009
10 10 100 502.728
11 11 100 513.293
12 12 100 516.132
13 13 100 525.593
14 14 100 535.053
15 15 100 536.886
16 16 100 539.173
17 17 100 541.317
18 18 100 542.937
19 19 100 549.11
20 20 100 552.685
21 21 100 556.259
22 22 100 561.858
23 23 100 567.272
24 24 100 572.318
25 25 100 574.422
26 26 100 578.732
27 27 100 582.197
28 28 100 586.14
29 29 100 589.378
30 30 100 591.931
31 31 100 594.77
32 32 100 597.61
33 33 100 600.449
34 34 100 603.288
35 35 100 606.127
36 36 100 608.599
37 37 100 610.334
38 38 100 612.806
39 39 100 615.001
40 40 100 616.313
41 41 100 618.785
42 42 100 620.396
43 43 100 622.683
44 44 100 624.726
45 45 100 625.762
46 46 100 628.233
47 47 100 629.969
48 48 100 632.44
49 49 100 634.299
50 50 100 635.85
