1 1 100 3.66107
2 2 100 91.8248
3 3 100 102.655
4 4 100 112.598
5 5 100 119.484
6 6 100 124.695
7 7 100 172.783
8 8 100 212.553
9 9 100 230.108
10 10 100 245.085
11 11 100 248.164
12 12 100 259.096
13 13 100 261.865
14 14 100 264.238
15 15 100 273.97
16 16 100 282.328
17 17 100 289.582
18 18 100 297.02
19 19 100 304.029
20 20 100 309.514
21 21 100 311.985
22 22 100 313.57
23 23 100 315.912
24 24 100 318.108
25 25 100 320.304
26 26 100 323.879
27 27 100 327.454
28 28 100 332.961
29 29 100 338.376
30 30 100 343.054
31 31 100 347.733
32 32 100 349.837
33 33 100 353.854
34 34 100 357.227
35 35 100 360.925
36 36 100 364.307
37 37 100 367.882
38 38 100 371.396
39 39 100 374.317
40 40 100 377.892
41 41 100 381.467
42 42 100 384.491
43 43 100 387.698
44 44 100 390.2
45 45 100 393.04
46 46 100 395.695
47 47 100 397.76
48 48 100 400.047
49 49 100 402.185
50 50 100 405.025
