1 1 100 160.975
2 2 100 162.343
3 3 100 163.71
4 4 100 165.078
5 5 100 166.63
6 6 100 167.998
7 7 100 169.079
8 8 100 170.631
9 9 100 172.734
10 10 100 174.102
11 11 100 177.677
12 12 100 179.045
13 13 100 180.086
14 14 100 181.821
15 15 100 183.189
16 16 100 184.557
17 17 100 185.925
18 18 100 187.109
19 19 100 188.201
20 20 100 189.231
21 21 100 192.439
22 22 100 193.807
23 23 100 194.828
24 24 100 200.978
25 25 100 202.714
26 26 100 204.082
27 27 100 205.45
28 28 100 206.471
29 29 100 207.839
30 30 100 208.962
31 31 100 209.984
32 32 100 211.351
33 33 100 212.719
34 34 100 213.741
35 35 100 214.822
36 36 100 216.19
37 37 100 217.374
38 38 100 218.741
39 39 100 219.822
40 40 100 221.19
41 41 100 222.558
42 42 100 223.65
43 43 100 225.018
44 44 100 226.386
45 45 100 227.754
46 46 100 229.122
47 47 100 230.489
48 48 100 231.857
49 49 100 233.593
50 50 100 235.697
