1 1 100 33.3109
2 2 100 49.3938
3 3 100 57.7868
4 4 100 66.7416
5 5 100 69.0292
6 6 100 74.1908
7 7 100 77.571
8 8 100 80.189
9 9 100 82.2313
10 10 100 94.0839
11 11 100 118.449
12 12 100 121.657
13 13 100 128.126
14 14 100 130.472
15 15 100 133.496
16 16 100 139.2
17 17 100 141.764
18 18 100 144.327
19 19 100 312.502
20 20 100 314.973
21 21 100 317.054
22 22 100 319.158
23 23 100 321.077
24 24 100 322.584
25 25 100 331.68
26 26 100 333.784
27 27 100 334.875
28 28 100 336.335
29 29 100 338.071
30 30 100 339.623
31 31 100 346.836
32 32 100 348.387
33 33 100 350.123
34 34 100 351.928
35 35 100 353.664
36 36 100 355.4
37 37 100 356.436
38 38 100 358.172
39 39 100 359.724
40 40 100 361.46
41 41 100 363.195
42 42 100 364.236
43 43 100 365.604
44 44 100 366.972
45 45 100 368.053
46 46 100 369.069
47 47 100 370.437
48 48 100 371.804
49 49 100 372.896
50 50 100 374.264
