1 1 100 1.36788
2 2 100 3.10364
3 3 100 4.8394
4 4 100 5.93137
5 5 100 7.29925
6 6 100 9.03501
7 7 100 91.3436
8 8 100 92.7115
9 9 100 94.0899
10 10 100 95.8256
11 11 100 96.9176
12 12 100 98.0912
13 13 100 108.779
14 14 100 110.147
15 15 100 111.515
16 16 100 114.446
17 17 100 115.814
18 18 100 117.182
19 19 100 118.55
20 20 100 119.917
21 21 100 121.359
22 22 100 122.727
23 23 100 129.705
24 24 100 130.715
25 25 100 132.083
26 26 100 133.451
27 27 100 136.474
28 28 100 137.842
29 29 100 139.21
30 30 100 141.019
31 31 100 142.142
32 32 100 143.51
33 33 100 144.888
34 34 100 149.199
35 35 100 150.935
36 36 100 152.303
37 37 100 153.67
38 38 100 155.406
39 39 100 159.104
40 40 100 162.105
41 41 100 163.473
42 42 100 164.841
43 43 100 167.312
44 44 100 168.68
45 45 100 169.803
46 46 100 177.225
47 47 100 178.409
48 48 100 180.237
49 49 100 181.605
50 50 100 182.973
