1 1 100 488.817
2 2 100 895.977
3 3 100 897.253
4 4 100 931.093
5 5 100 957.085
6 6 100 960.7
7 7 100 965.93
8 8 100 971.712
9 9 100 972.753
10 10 100 973.792
11 11 100 974.832
12 12 100 975.872
13 13 100 976.912
14 14 100 981.811
15 15 100 982.719
16 16 100 987.765
17 17 100 992.444
18 18 100 996.938
19 19 100 1001.62
20 20 100 1005.05
21 21 100 1008.99
22 22 100 1012.57
23 23 100 1016.18
24 24 100 1019.11
25 25 100 1022.82
26 26 100 1025.48
27 27 100 1028.32
28 28 100 1031.16
29 29 100 1033.45
30 30 100 1035.83
31 31 100 1038.67
32 32 100 1041.89
33 33 100 1044.15
34 34 100 1045.06
35 35 100 1047.53
36 36 100 1050
37 37 100 1052.47
38 38 100 1055.12
39 39 100 1057.59
40 40 100 1060.07
41 41 100 1062.54
42 42 100 1065.01
43 43 100 1067.12
44 44 100 1069.32
45 45 100 1071.42
46 46 100 1073.89
47 47 100 1076.36
48 48 100 1078.19
49 49 100 1078.91
50 50 100 1080
