8 1
9 1
11 1
34 1
46 1
84 1
86 5
106 1
170 1
171 1
175 1
194 2
209 2
296 1
304 1
314 1
322 30
347 1
379 1
392 2
433 1
438 2
463 3
494 1
612 1
638 1
661 1
680 1
713 4
714 1
724 1
737 3
745 1
748 1
769 1
783 2
826 1
862 1
876 1
969 2
990 6
1083 1
1085 2
1112 1
1114 1
1167 1
1182 1
1255 1
1388 1
1418 1
1442 1
1465 1
1488 1
1529 1
1552 1
1589 1
1649 1
1697 1
1716 1
1756 1
1808 1
1815 1
1834 9
1901 1
1908 1
1916 2
1946 2
1954 1
2011 1
2047 3
2111 1
2163 1
2165 1
2323 2
2335 1
2337 1
2381 1
2405 1
2408 1
2415 1
2448 2
2463 2
2476 1
2494 1
2518 4
2577 1
2625 2
2633 1
2710 1
2764 1
2770 1
2783 1
2811 1
2879 4
2963 5
3025 1
3030 2
3052 1
3054 1
3055 1
3062 1
3097 1
3120 1
3138 1
3167 1
3284 1
3302 1
3348 1
3359 2
3497 1
3511 1
3522 3
3535 1
3603 1
3613 1
3683 4
3778 1
3868 1
3871 1
3894 1
3981 1
4066 1
4108 2
4125 1
4153 1
4173 3
4191 2
4234 1
4235 1
4269 1
4409 1
4501 13
4547 1
4587 1
4627 3
4801 1
4848 1
4860 2
4899 2
4907 1
4932 2
4937 2
4969 1
5010 2
5023 1
5126 1
5134 1
5142 1
5165 1
5255 6
5279 3
5293 1
5387 1
5418 1
5424 1
5558 2
5610 4
5611 1
5635 1
5807 1
5844 4
5919 1
5962 1
6009 1
6073 1
6123 1
6174 1
6183 5
6253 1
6274 1
6275 1
6453 1
6457 1
6458 1
6529 1
6611 3
6619 1
6667 2
6668 2
6670 1
6930 2
6966 1
6983 1
6993 3
6995 1
7083 1
7135 1
7152 1
7158 1
7271 2
7301 1
7322 1
7361 8
7531 1
7642 2
7650 1
7666 1
7752 1
7784 1
7793 3
7800 1
7818 1
7820 1
7890 1
7891 2
7900 1
7918 1
8036 1
8068 1
8136 1
8180 1
8218 1
8234 1
8235 1
8250 1
8282 1
8376 1
8441 1
8504 2
8573 1
8585 1
8610 1
8651 2
8689 1
8804 1
8827 1
8953 1
8955 3
9030 2
9060 1
9161 1
9184 1
9295 2
9322 1
9361 1
9362 1
9442 1
9459 1
9494 2
9608 1
9622 1
9645 1
9726 1
9829 1
9846 2
9894 2
9939 1
9950 1
9952 1
9955 2
10006 1
10036 1
10064 2
10153 1
10155 1
10197 1
10277 1
10304 1
10326 2
10411 2
10494 1
10501 1
10546 1
10784 1
10867 2
10905 1
10930 1
10957 1
10984 1
11092 1
11149 1
11175 1
11334 1
11410 1
11414 1
11464 1
11467 1
11624 1
11668 2
11693 1
11732 1
11768 1
11769 1
11781 3
11791 4
11835 1
11844 1
11845 1
11892 2
11945 1
11979 2
11991 1
12011 1
12015 1
12042 2
12068 1
12078 1
12187 2
12233 1
12275 1
12456 1
12492 1
12531 3
12546 1
12639 1
12719 1
12737 1
12763 1
12824 1
12858 1
12956 2
12957 1
12979 2
13045 1
13104 1
13115 1
13130 1
13221 1
13251 1
13429 2
13452 3
13473 1
13543 1
13595 3
13596 1
13619 1
13673 1
13717 3
13735 2
13740 1
13751 1
13758 1
13769 1
13782 1
13821 1
13872 1
13891 1
13928 1
13937 1
13952 1
13956 1
14035 1
14087 2
14093 1
14163 2
14167 1
14168 1
14179 1
14218 1
14256 1
14291 1
14307 1
14330 1
14359 1
14483 1
14491 1
14733 1
14806 1
14824 2
14847 1
14897 1
14956 1
14988 1
15008 2
15328 1
15329 1
15345 1
15378 2
15397 1
15637 1
15661 1
15668 3
15736 2
15742 1
15853 1
15905 1
15931 2
15947 1
15961 1
15990 2
16078 4
16094 3
16184 1
16203 1
16314 1
16322 2
16386 1
16456 1
16528 2
16546 3
16596 1
16786 1
16808 1
16980 1
16983 1
17121 1
17129 1
17198 2
17248 1
17254 1
17345 1
17397 2
17405 1
17415 1
17480 1
17531 3
17532 1
17606 1
17624 1
17632 1
17771 1
17776 1
17807 1
17829 1
17905 1
17930 2
17952 1
17961 1
17979 1
18017 1
18046 1
18200 1
18237 1
18291 1
18297 1
18315 10
18333 1
18336 1
18395 1
18396 1
18438 1
18447 1
18531 1
18561 1
18613 3
18715 1
18768 1
18879 1
18892 1
18919 1
19022 1
19048 1
19076 1
19090 1
19104 1
19163 1
19191 1
19200 1
19268 2
19271 1
19331 1
19456 1
19460 1
19468 1
19523 1
19617 1
19643 2
19653 5
19677 1
19735 2
19767 1
19777 2
19785 1
19820 1
19844 3
19867 1
19935 1
19958 1
20072 2
20073 1
20096 1
20111 1
20132 1
20295 1
20476 1
20478 1
20499 1
20554 3
20623 1
20632 1
20636 1
20712 1
20748 1
20772 1
20818 1
20842 1
20867 1
20921 1
20931 1
21028 1
21143 1
21210 1
21401 1
21424 1
21498 1
21514 1
21534 1
21541 1
21619 1
21625 1
21939 1
21950 1
22168 1
22220 4
22246 1
22323 1
22342 2
22446 2
22486 1
22674 1
22776 1
22790 1
22797 1
22841 1
22892 1
22999 2
23032 1
23179 1
23181 2
23397 1
23528 1
23593 1
23604 1
23637 1
23772 1
23929 1
23947 1
23983 1
24008 3
24057 1
24060 2
24094 1
24137 1
24157 1
24254 1
24389 2
24434 1
24525 1
24563 1
24573 1
24612 1
24649 2
24681 3
24770 1
24802 1
24849 1
24880 1
24900 1
24927 1
24934 1
24958 1
24969 1
25016 1
25245 1
25247 2
25427 1
25502 1
25506 1
25526 1
25527 1
25571 1
25592 1
25759 2
25806 1
25882 1
26013 1
26033 1
26066 1
26111 1
26149 1
26343 1
26419 1
26765 1
26824 1
26941 1
26943 1
26946 1
27014 1
27062 1
27118 1
27304 1
27330 1
27345 1
27365 1
27370 1
27395 1
27522 1
27626 1
27645 1
27662 4
28022 1
28038 1
28039 1
28080 1
28122 1
28160 1
28176 1
28219 1
28235 1
28236 1
28544 1
28578 1
28611 1
28701 1
28776 1
28792 1
28868 1
28907 1
28916 1
28965 1
28997 1
29000 6
29023 3
29099 1
29250 1
29257 2
29315 1
29428 1
29433 3
29443 1
29468 2
29483 1
29510 2
29523 1
29555 1
29606 1
29611 1
29632 2
29638 2
29728 1
29754 1
29770 1
29891 1
29917 3
29925 1
30126 1
30175 2
30256 1
30328 1
30329 1
30371 1
30478 1
30573 1
30578 1
30589 1
30791 3
30792 2
30796 1
30837 1
30860 1
31037 1
31084 1
31233 1
31327 1
31367 1
31464 2
31566 1
31601 1
31618 3
31706 1
31708 1
31712 2
31927 1
31979 1
32151 1
32153 1
32224 2
32245 1
32250 1
32325 2
32368 1
32401 1
32589 1
32859 1
32901 1
32952 1
32992 1
33127 1
33149 1
33181 1
33245 1
33302 2
33319 2
33356 1
33369 1
33401 1
33403 1
33404 1
33464 2
33605 1
33634 1
33716 3
33742 1
33746 1
33920 1
33934 1
33965 1
34238 2
34297 1
34366 1
34379 1
34384 1
34442 1
34456 1
34481 1
34504 2
34725 1
34773 1
34841 1
34886 1
34967 1
35024 1
35036 1
35045 1
35072 2
35076 1
35125 1
35238 1
35275 1
35428 2
35460 1
35466 1
35477 1
35580 1
35721 1
35729 1
35933 1
35956 1
36015 1
36040 1
36042 1
36094 1
36112 1
36228 1
36232 1
36265 1
36282 1
36328 1
36428 1
36446 1
36468 1
36481 1
36540 1
36561 1
36615 1
36646 1
36686 1
36824 1
36965 2
37074 1
37149 1
37237 1
37329 1
37528 1
37581 2
37646 1
37669 1
37697 1
37725 1
37946 1
38028 1
38050 1
38061 1
38106 1
38132 1
38203 1
38265 1
38397 1
38468 1
38570 1
38602 1
38619 1
38674 1
38774 1
38844 1
38845 1
38906 1
38914 1
39085 1
39131 1
39239 1
39245 1
39252 1
39293 1
39403 1
39565 1
39630 1
39649 1
39707 1
39709 1
39715 1
39799 1
39823 2
39986 1
40002 1
40082 1
40086 1
40124 2
40159 1
40232 3
40258 1
40315 1
40431 1
40598 1
40678 1
40710 1
40769 3
40788 2
40914 1
40922 1
40937 1
41158 1
41210 1
41244 1
41261 1
41267 2
41408 1
41573 1
41842 2
41964 1
42024 1
42097 1
42117 1
42131 1
42195 1
42357 1
42422 1
42437 1
42490 1
42773 1
42787 1
42818 2
42884 1
42939 1
42982 1
43197 2
43287 2
43363 2
43400 1
43403 1
43432 1
43481 1
43643 1
43885 1
44250 1
44330 1
44495 2
44542 1
44636 1
44658 1
44686 1
44785 1
44889 1
45084 1
45144 1
45153 1
45229 1
45307 1
45346 1
45773 1
45936 1
46043 1
46065 2
46111 1
46344 1
46420 1
46425 1
46450 2
46467 1
46481 1
46501 1
46536 1
46653 1
46739 1
46771 1
46850 1
46933 1
46934 1
47076 1
47168 1
47212 1
47338 1
47536 1
47718 1
47781 1
47835 1
47900 1
48241 1
48245 1
48465 1
48617 1
48783 3
48803 1
48816 1
48863 1
48923 1
49012 1
49066 1
49067 1
49141 1
49161 1
49179 1
49206 1
49312 1
49340 1
49434 1
49439 1
49458 1
49471 1
49566 1
49601 1
49652 1
49670 1
49703 1
49859 1
49893 1
49922 1
49952 1
50095 1
50215 2
50227 1
50339 3
50393 1
50578 4
50597 1
50650 1
50717 1
50725 1
50754 1
50881 1
50942 1
51037 1
51261 1
51336 1
51373 1
51431 1
51453 2
51505 1
51548 1
51571 1
51581 1
51627 1
51822 1
51842 2
51880 2
51946 1
52063 1
52073 2
52264 1
52305 1
52342 1
52390 1
52400 3
52452 2
52472 1
52555 1
52557 1
52560 1
52563 1
52613 1
52647 2
52748 1
52768 2
52830 1
52836 2
52892 1
52935 2
53147 1
53240 1
53538 1
53584 1
53656 1
53670 1
53752 1
53782 1
53821 1
53949 1
54133 1
54269 1
54598 1
54727 1
54822 1
55301 1
55377 1
55386 1
55543 1
55652 1
56104 2
56159 1
56271 2
56307 1
56313 2
56402 1
56476 1
56726 1
56800 1
56979 1
57047 1
57108 1
57131 2
57178 1
57239 1
57455 1
57468 1
57758 1
57798 1
58131 1
58170 1
58206 1
58215 1
58238 1
58653 3
58791 1
58796 1
58892 1
58908 1
59029 1
59167 1
59177 1
59444 1
59522 1
59544 1
59561 1
59634 2
59673 2
59821 2
59859 2
59926 1
59936 1
59966 1
59996 1
60038 1
60058 1
60106 1
60462 1
60681 2
60727 1
60959 1
61384 1
61512 2
61521 1
61538 1
61549 1
61566 1
61603 1
61803 2
61852 1
62062 1
62278 2
62365 1
62379 1
62496 2
62497 1
62505 1
62711 2
62774 1
62815 1
62836 1
62894 1
62999 1
63079 2
63216 2
63366 1
63634 1
63645 1
63676 1
63976 1
64042 1
64117 1
64126 2
64148 1
64396 3
64434 1
64491 1
64556 2
64583 1
64594 1
64698 1
65114 1
65254 1
65351 1
65364 1
65366 1
65391 1
65408 1
65576 1
65614 1
65755 1
65768 1
65809 1
66316 1
66391 1
66553 2
66593 1
66744 1
67230 1
67242 1
67971 1
68132 1
68233 1
68241 1
68249 1
68257 1
68274 1
68377 1
68420 1
68576 1
68841 1
68872 1
68980 1
69117 1
69143 1
69194 1
69248 1
69339 3
69688 1
69751 1
69816 1
70039 3
70090 1
70225 1
70635 1
70822 1
70975 2
71310 2
71387 1
71513 2
71642 1
71644 1
71682 1
71777 1
71952 1
72046 1
72252 1
72342 1
72446 1
72541 1
72703 1
72943 1
73128 1
73281 1
73349 1
73396 1
73527 1
73643 1
73648 2
73729 1
73834 1
73946 2
74000 3
74386 1
74406 1
74418 1
74785 1
74812 1
74946 1
74960 1
75084 1
75118 1
75247 1
75420 1
75570 1
75708 1
75898 4
76300 1
76454 1
76842 1
76858 1
76905 1
76906 1
77109 1
77154 1
77205 2
77280 1
77289 1
77360 1
77394 2
77536 1
77754 1
77911 1
77938 1
78111 1
78411 1
78768 1
78788 8
79069 1
79148 1
79309 1
79323 1
79384 2
79674 2
79848 1
79853 1
79959 1
80039 3
80076 2
80219 1
80589 1
80657 1
80860 1
81024 1
81129 1
81147 1
81394 1
81396 1
81434 1
81460 1
81482 1
81744 1
81932 1
82552 1
82624 1
82657 1
82676 2
82678 1
82759 2
82766 1
82841 1
82894 1
82926 3
83010 1
83135 1
83363 1
83513 1
83534 1
83661 1
84059 1
84063 1
84418 1
84543 1
84605 1
84630 1
84697 1
84716 1
84932 1
85314 1
85395 1
85453 1
85567 1
85574 1
85647 1
85698 1
86056 2
86085 1
86602 1
86633 1
87030 2
87072 1
87221 1
87645 1
87761 1
87817 1
87898 1
87899 1
87900 1
87914 1
87967 1
88294 1
88587 1
88763 3
88879 1
89247 1
89308 3
89341 2
89485 1
89527 1
89870 1
89886 1
90153 1
90161 1
90393 1
90747 1
90797 1
91175 1
91475 1
92087 1
92098 1
92113 1
92148 1
92329 3
92354 1
92507 1
92534 1
92806 1
92875 1
93140 1
93253 1
93371 4
93403 1
93724 1
93947 1
94161 2
94312 1
94353 1
94373 1
94387 1
94430 1
94639 1
94851 1
94951 1
95002 1
95028 1
95102 1
95393 2
95512 1
95658 1
95987 1
96003 1
96103 1
96105 1
96147 1
96263 1
96271 1
96296 1
96352 1
96462 1
96524 1
96542 1
96547 1
96608 1
96646 1
96657 2
96796 2
96808 1
96969 1
97466 1
97502 1
97585 1
97870 1
97937 2
98030 2
98257 1
98510 1
98839 1
98978 1
98995 1
99318 1
99547 1
99711 1
99789 1
99818 1
99855 1
100015 1
100050 1
100166 1
100314 1
100428 1
100953 1
101073 1
101129 1
101324 1
101796 1
101805 1
101988 1
102367 1
102561 1
102610 1
102825 1
102906 1
103007 1
103018 1
103052 1
103201 1
103279 1
103311 1
103341 2
103397 1
103426 1
103454 1
103501 1
103661 1
103665 1
103669 1
103684 1
103867 1
104283 2
104315 1
104351 1
104402 1
104513 1
104809 1
104828 1
104875 1
104880 1
104951 1
105072 1
105111 1
105387 1
105672 1
106124 1
106220 1
106353 1
106465 1
106603 1
106817 1
106940 1
107208 1
107327 1
107479 1
107651 1
107708 1
107801 1
107834 1
107983 2
108212 1
108250 1
108479 1
108528 1
108650 1
108707 1
108877 1
108885 1
108916 1
109021 1
109050 1
109153 2
109162 1
109322 1
109649 1
109689 1
109861 2
110016 1
110206 1
110243 1
110358 1
110539 1
110675 1
110852 1
110906 1
110922 1
110937 1
111198 1
111228 1
111234 1
111365 1
111627 1
111739 1
111794 1
112354 1
112507 1
113006 2
113250 1
113474 1
113576 1
113799 1
113896 1
114527 1
114588 1
114664 1
114772 1
115236 1
115357 1
115411 2
115889 1
116161 1
116317 1
116873 4
117009 1
117140 2
117198 1
117228 1
117447 1
117480 1
117528 1
117539 2
117587 1
117659 1
117718 1
117754 1
117840 1
118137 1
118276 1
118539 1
118655 1
118707 1
119029 1
119073 1
119204 1
119404 1
119482 1
119522 1
119638 1
119657 1
120181 1
120688 1
120795 1
121001 2
121174 1
121236 1
121238 1
121853 1
122018 1
122054 1
122430 1
122551 1
122663 1
122773 1
123048 2
123300 1
123357 3
123725 1
123747 1
123929 1
123945 1
124193 1
124254 2
125176 1
125378 12
125385 1
125411 1
125620 1
125689 1
125729 1
125791 1
125809 1
125818 1
125851 1
126013 1
126045 1
126060 1
126223 1
126643 1
126745 1
126837 1
127010 1
127426 1
127575 2
127669 2
127779 1
127901 1
128210 1
128279 1
128437 1
128804 2
129015 1
129021 1
129047 1
129090 1
129227 2
129284 1
129388 1
129451 1
129589 1
129665 1
129719 1
129766 1
129831 1
129985 1
130065 1
130067 1
130110 1
130246 1
130462 1
130512 1
130650 1
130879 1
130954 1
131108 1
131637 1
131799 1
131991 1
132349 1
132659 1
132806 1
132808 1
132935 1
133108 1
133120 1
133156 1
133186 1
133276 2
133303 1
133589 1
133656 1
133663 1
134564 1
134571 1
134730 1
135405 1
135473 1
135662 1
135764 1
135999 4
136095 1
136272 2
136553 1
136702 1
137174 1
137696 1
138141 1
138183 1
138191 1
138253 1
138486 1
138522 1
138718 1
138736 1
139316 1
139423 6
139442 1
139476 1
139631 1
139953 1
140182 1
140286 1
140341 1
140518 1
140810 1
140862 1
141019 1
141119 1
141776 1
141919 3
142077 1
142088 1
142359 1
142682 1
142688 1
142765 1
143098 1
143242 1
143344 1
143835 1
143968 1
144400 1
144555 2
144574 1
144629 1
144830 1
145690 1
145737 1
145796 1
145995 1
146037 1
146157 2
146186 2
146322 1
146499 1
146820 1
147451 1
147817 1
148401 1
149046 1
149216 2
149316 2
149688 1
149746 1
150196 1
150542 1
150689 1
151049 1
151170 1
151226 1
151310 1
151545 1
151633 1
151652 1
151976 2
152538 1
152550 2
152645 1
152817 1
152940 1
153110 1
153495 1
153681 3
153943 1
154340 1
154778 1
154858 1
155101 1
155300 1
155310 1
155339 1
155612 1
155794 2
156567 1
156765 1
156873 2
157154 1
157361 1
157498 1
157514 1
158037 1
158054 1
158362 1
158421 1
158514 1
158940 1
159172 1
159539 1
160100 1
160398 2
160514 1
160941 1
161106 1
161309 1
161860 1
162289 2
163218 1
163706 1
163738 1
163746 1
164229 1
164395 1
165580 1
165931 1
166455 1
166753 1
166968 1
167025 2
167042 1
167456 1
168065 1
168281 1
168328 1
168410 1
168454 1
168481 3
169190 1
169200 1
169241 1
169313 1
169778 1
169949 1
169983 1
170029 1
170040 1
170208 2
170331 2
170469 1
170498 1
170712 1
170832 1
170874 1
170913 1
170994 1
171092 1
171364 1
171531 1
171652 1
171812 1
171923 1
172101 2
172204 1
172219 1
172238 1
172686 1
172744 1
173075 1
173149 1
173184 1
173375 1
173381 1
173691 1
173774 1
173817 1
174102 1
174564 1
174910 1
175236 1
175237 1
175355 2
175439 1
175493 1
175841 1
175958 1
176104 1
176312 1
176754 1
177183 1
177251 1
177569 1
177572 1
177635 1
177923 1
178055 1
178303 1
178627 1
178803 1
179197 1
179306 1
179458 1
179813 1
179908 1
179942 1
180040 1
180131 1
180543 1
180754 1
180764 1
181162 1
181314 1
181360 1
181464 1
181518 1
181537 2
181806 1
182202 1
182302 1
182588 1
182758 1
182879 1
182924 1
182969 1
183083 1
183136 2
183229 1
183459 1
183591 1
183828 1
183876 1
183878 3
184096 1
184345 2
184847 1
184848 1
184886 1
185392 1
186583 1
186726 1
186775 1
186855 1
187742 1
188098 1
188134 1
188525 1
188843 1
189139 1
189356 3
189435 1
189773 1
189931 1
190685 1
190696 1
190779 1
190788 1
190952 1
191333 1
191581 1
191745 1
191831 1
191848 1
191866 1
191949 1
192325 2
192375 1
192399 2
192494 1
192843 2
193064 1
193081 1
193142 1
193205 1
193240 2
193566 1
193937 1
194062 1
194233 1
194613 1
195183 1
195458 1
195717 1
196095 4
196144 2
196629 1
196966 1
197073 1
197569 1
197666 1
198074 1
198084 1
198159 1
198173 1
198466 1
198684 1
198873 2
198882 1
198949 1
198951 1
199121 2
199239 1
199487 1
199890 1
200187 2
200502 1
200545 1
200765 1
201492 1
201917 1
201998 1
202735 1
202886 1
202958 1
203074 1
203120 1
203171 1
203415 1
203746 2
204502 1
204641 2
204678 1
204784 1
205070 1
205479 1
205657 1
205706 1
205819 1
205950 1
206051 1
206100 1
206338 1
206853 1
206933 1
206985 2
207335 1
207429 1
207448 1
207763 1
207781 1
208035 1
208173 1
208319 1
208333 1
208380 1
208404 1
208566 1
208850 1
208952 1
208997 1
209087 1
209292 1
209360 2
209578 2
209917 1
209929 3
209975 1
210085 1
210281 1
210329 1
210389 1
210649 1
210651 1
210779 1
211760 1
211858 1
212015 2
212180 1
212186 1
212275 1
212493 1
212610 1
212703 1
212734 1
212901 1
213082 1
213099 1
213108 1
213289 1
213329 1
213507 1
213984 1
214034 2
214201 1
214456 1
214731 1
214845 1
215082 1
215107 2
215333 1
215604 1
215640 1
215960 1
215984 1
216569 1
216590 1
216901 1
217418 1
217433 1
217808 1
218352 1
218506 1
218526 2
218825 1
218904 1
218905 1
218913 1
218993 1
219132 1
219192 1
219391 1
219460 1
219536 1
219617 1
219651 1
219686 1
219915 1
219950 1
219990 1
220040 1
220110 1
220142 1
220220 1
220283 1
220587 1
220593 1
220777 1
220828 1
220855 1
220984 1
221082 2
221083 1
221129 1
221508 1
221835 1
221863 2
221900 1
222175 1
222251 1
222257 1
222360 1
222363 1
222449 1
222579 2
222647 1
222664 1
222796 1
222852 1
222902 1
223265 1
223289 1
223312 1
223356 1
223379 1
223474 1
223531 1
223706 1
223833 1
223928 1
223953 1
224001 1
224040 1
224069 1
224113 1
224142 1
224214 1
224289 1
224408 1
224658 2
224699 1
224840 1
224927 1
225280 1
225673 1
225728 1
225818 2
225975 1
225999 1
226068 1
226350 2
226364 1
226624 1
226942 1
227229 2
227335 1
227356 1
227424 1
227433 1
227570 1
227582 1
227790 3
227894 1
227952 1
228099 3
228158 1
228300 1
228490 1
228552 1
228650 1
228788 1
228811 1
229046 1
229114 1
229160 1
229169 1
229193 1
229416 1
229951 1
229975 1
230138 1
230182 1
230186 1
230210 2
230284 1
230437 1
230522 1
230581 1
230639 1
230717 1
230794 1
230868 1
230929 2
231134 1
231181 1
231186 1
231222 1
231282 1
231475 1
231694 1
231826 1
231874 1
231981 1
231987 1
232027 1
232180 1
232184 1
232224 1
232497 3
232576 1
232649 1
232765 1
232807 1
232887 1
233179 2
233222 1
233382 1
233570 1
233574 1
233668 1
233674 1
233739 1
233758 1
233838 1
234029 1
234355 1
234711 1
234780 1
235196 1
235500 1
235683 1
235714 1
235742 1
235757 1
236001 1
236104 1
236188 2
236246 1
236255 1
236264 1
236298 1
236302 1
236449 1
236570 1
236654 1
236697 1
236856 1
236913 1
237008 1
237419 1
237612 1
237691 2
237856 1
237903 1
237995 3
238006 1
238059 1
238195 1
238283 1
238372 1
238415 1
238478 1
238485 1
238522 1
238565 1
238910 1
238948 1
238994 2
239033 1
239057 1
239149 1
239163 1
239334 2
239419 1
239441 1
239460 1
239536 1
239555 1
239580 1
239710 1
239726 1
239871 1
239890 1
239937 1
240186 1
240257 1
240338 1
240389 1
240420 1
240441 1
240575 1
240643 1
240834 1
240944 1
241022 1
241024 1
241049 1
241135 1
241270 1
241335 1
241510 1
241566 1
241730 1
241761 1
241873 1
241878 1
241890 4
241906 1
241974 1
242039 1
242060 1
242122 1
242358 1
242449 1
242455 1
242470 1
242602 1
242888 1
242969 1
242998 1
243067 1
243285 1
243556 1
243669 1
243729 3
243734 1
243820 2
243837 1
243893 2
243954 1
244057 1
244196 1
244208 1
244613 3
244634 1
244707 1
244764 1
244841 1
244873 1
244966 1
244967 1
245124 2
245183 1
245222 1
245252 1
245356 1
245360 1
245381 1
245403 1
245530 1
245699 1
245784 1
246058 1
246121 1
246171 1
246344 1
246377 1
246475 1
246646 1
246733 1
246770 1
246874 1
246876 2
246880 1
246916 1
246983 1
247024 1
247030 1
247199 1
247241 1
247243 1
247296 2
247442 1
247758 1
247790 1
248154 1
248335 1
248469 1
248474 2
248552 1
248891 1
249053 1
249055 1
249098 1
249284 1
249303 1
249484 1
249733 1
249787 1
250117 1
250393 1
250655 1
250867 1
250889 1
250942 1
251097 1
251351 1
251445 1
251460 4
251556 1
251582 1
251797 1
251897 1
251918 1
251937 1
252198 1
252249 1
252425 1
252494 1
252709 1
252736 1
252748 1
252869 1
252874 1
252962 1
253003 1
253102 1
253185 1
253229 1
253326 1
253371 1
253460 1
254045 1
254364 1
254385 1
254542 1
254558 1
254601 1
254696 1
254749 1
254872 1
254988 1
255087 1
255176 1
255322 2
255606 1
255611 1
255639 1
255671 1
255694 1
256367 2
256394 3
256406 2
256661 1
256662 3
256687 2
256978 1
256980 1
257042 1
257106 1
257109 1
257162 1
257165 1
257207 1
257240 1
257346 1
257785 1
257914 1
257920 1
258044 1
258108 3
258217 1
258245 1
258328 1
258490 3
258541 1
258794 1
258804 1
258946 1
259054 1
259132 1
259240 1
259342 1
259344 1
259665 2
259772 2
259777 1
260067 1
260477 1
260501 1
260585 2
260672 1
260753 1
260767 1
260862 1
261020 1
261192 2
261292 1
261362 1
261423 1
261515 1
261601 1
261665 1
261779 2
262161 3
262321 1
262397 1
262429 1
262756 1
262932 1
262975 1
263042 1
263226 1
263256 1
263295 3
263332 1
263349 1
263580 1
263588 1
263677 1
263749 1
263772 1
263817 1
263949 1
264058 2
264180 1
264348 1
264608 1
264802 1
264881 1
264934 1
265083 1
265294 1
265376 1
265385 1
265421 1
265619 1
265641 1
265838 1
265866 2
265963 1
265972 1
266037 1
266149 1
266292 1
266405 1
266678 1
266718 1
266839 1
266932 1
267252 1
267262 2
267328 1
267536 1
267631 3
267691 1
267752 1
267776 1
268089 1
268143 1
268202 1
268451 1
268493 1
268576 1
268745 1
268828 1
268887 1
268901 1
268973 1
269008 1
269019 1
269377 1
269842 2
270035 1
270259 1
270335 1
270470 1
270557 1
270791 1
270830 1
270973 1
270993 1
271076 1
271091 1
271343 1
271366 1
271707 1
271755 1
271839 1
272435 1
272484 2
272557 1
272636 1
272641 1
272806 1
272981 1
273139 1
273160 1
273197 1
273225 1
273262 1
273317 1
273401 1
273416 1
273519 2
273796 1
273914 1
273957 1
274263 1
274265 1
274535 1
275353 1
275395 1
275401 1
275479 1
275865 1
275869 1
275885 2
275984 1
276296 1
276830 1
276897 1
277023 1
277154 1
277184 1
277248 1
277251 1
277272 1
277505 2
277578 1
277602 1
277687 1
278145 1
278152 1
278169 1
278675 1
278703 1
278840 1
278867 1
278909 1
278930 1
279082 1
279538 1
279625 1
280020 1
280094 1
280316 1
280434 1
280618 1
280680 1
280791 1
280881 1
280994 1
281054 1
281124 1
281238 1
281258 1
281386 1
281774 1
281878 1
281958 1
282033 1
282037 1
282227 1
282861 1
283298 1
283432 1
283473 2
283752 1
283804 1
283882 2
283946 1
284064 1
284092 1
284431 1
284471 1
284551 1
284895 2
284937 1
285051 1
285097 1
285320 1
285536 1
285686 1
285735 1
285759 1
285824 1
285828 1
285852 1
285906 1
285915 1
286149 1
286285 1
286576 1
286757 2
286881 1
286935 1
286996 1
287213 1
287271 1
287272 1
287294 1
287384 1
287513 1
287832 1
288312 1
288779 1
289026 1
289165 1
289254 1
289283 1
289320 1
289458 1
289673 1
289712 1
289897 1
289935 1
289999 1
290435 1
290565 1
290841 2
290856 1
290956 1
291034 1
291090 2
291346 2
291381 1
291454 1
291531 1
291660 1
291665 1
291676 2
291858 1
292077 1
292247 1
292300 1
292451 1
292453 1
292620 2
292838 1
293035 1
293117 1
293184 1
293194 1
293429 1
293601 1
293655 1
293755 1
293826 1
293867 1
294155 1
294191 1
294479 1
294614 1
294920 1
295194 1
295226 1
295231 1
295313 1
295381 1
295619 1
295679 1
295717 1
295867 1
295873 1
296088 1
296117 1
296257 1
296525 1
296862 1
296934 1
296944 1
297012 1
297205 1
297655 1
298118 1
298193 1
298411 1
298553 1
298738 1
298959 1
299045 1
299388 1
299580 1
299819 1
299942 1
299985 1
300044 1
300193 1
300272 3
300296 1
300333 1
300424 1
300502 1
300506 1
300628 1
300766 1
300904 1
300980 1
301213 1
301594 1
301955 1
301960 1
302106 1
302118 1
302135 1
302165 1
302417 1
302506 1
302676 1
302746 1
302798 1
302824 1
303073 1
303094 1
303128 1
303230 1
303508 1
303531 1
303719 1
303721 2
303800 1
303811 1
303888 1
303945 1
303949 1
303953 1
303984 1
304124 1
304222 1
304286 1
304634 1
304651 1
304893 1
304904 1
305079 1
305127 2
305203 1
305310 1
305401 1
305482 1
305548 1
305578 1
305593 2
305701 1
306006 1
306045 1
306274 1
306315 1
306317 1
306368 1
307748 1
307831 1
308223 1
308496 1
308627 1
308684 1
308740 1
308828 1
308830 2
309218 1
309317 1
309448 1
309568 3
309636 1
309863 1
310747 1
311364 2
311531 1
311741 1
312051 1
312126 1
312264 1
312271 1
312507 1
312706 1
312708 1
313667 1
313737 1
313835 1
313929 1
313988 1
314041 1
314144 1
314226 2
314430 1
314505 1
315032 1
315093 1
315178 1
315288 1
315406 1
315713 1
315722 1
315736 1
316069 1
316198 1
316316 1
316322 1
316529 1
316535 1
316703 1
316827 1
316866 1
317057 1
317080 1
317096 1
317343 2
317514 1
317715 1
317762 2
317964 1
317982 4
318158 1
318210 1
318331 1
318581 1
318695 1
318901 2
319048 3
319410 1
319679 1
319978 1
320092 2
320094 1
320111 1
320134 1
320233 1
320294 2
320386 1
320413 1
320669 1
320712 2
321122 1
321448 2
321651 1
321759 1
321811 1
321855 1
321865 1
322028 1
322059 1
322372 1
322413 1
322642 1
323427 1
323471 1
323615 1
323734 1
323915 1
324081 1
324404 1
324445 1
324567 1
324579 2
324672 1
324839 1
324950 1
325195 1
325244 1
325491 1
325547 1
325845 1
325848 1
325998 1
326351 2
326458 1
326474 1
326742 1
326751 1
326817 1
326837 1
327332 1
327507 1
327615 1
327654 1
327658 1
327707 1
327769 5
327867 1
327924 2
328378 1
328563 1
329105 1
329134 1
329262 1
329285 1
329411 1
329451 1
329475 1
329710 1
330195 1
330241 1
330621 1
331202 1
331568 1
331715 1
331900 1
331954 1
332019 1
332240 1
332262 1
332919 1
333025 1
333034 1
333039 1
333079 1
333099 1
333102 1
333126 1
333265 1
333363 1
333478 1
333623 1
333635 1
333849 1
334293 2
334296 1
334659 1
334675 1
335161 1
335285 1
335331 1
335335 1
335804 1
337008 1
337034 1
337218 1
337483 1
338127 2
338516 1
338675 1
339405 1
339424 1
339539 1
339548 1
339842 1
339882 1
340302 1
340394 1
340497 1
340995 16
341130 1
341180 1
341404 1
341495 1
341562 1
341579 1
341724 1
341770 1
341935 1
342481 3
342533 1
342660 1
342736 1
342762 1
342775 1
342880 1
342899 1
343334 1
343408 1
343597 1
343933 1
344476 1
344512 1
345315 1
345612 1
346376 1
346960 1
347050 1
347375 1
347750 1
347859 1
347951 1
348410 2
348564 1
348925 1
349025 1
349390 1
349943 1
350213 1
350493 1
351277 1
351511 1
351807 1
351845 1
351951 1
352112 1
352316 1
352517 1
352666 1
352737 1
353643 1
353667 1
353714 1
353760 1
353777 1
353878 1
353909 1
354171 1
354503 1
354557 1
354626 1
354632 3
355014 1
355264 1
355637 1
355874 1
355880 1
356266 1
356493 1
356521 1
356626 1
356697 1
357137 1
357725 2
357819 1
358782 1
359309 1
359368 1
359373 1
359639 2
359650 1
359842 1
360923 1
360983 1
361051 1
361053 1
361164 1
361435 3
361654 1
361864 1
362143 3
362205 1
362263 1
362660 1
363122 1
363167 1
363180 1
363518 2
363612 1
363701 1
363756 1
363774 1
363843 1
364173 1
364235 1
364316 1
364401 2
364422 1
364823 1
364845 1
365278 1
365712 1
365749 1
365756 1
366114 1
366375 1
366405 1
366872 1
366908 1
366912 1
367058 2
367349 1
367412 1
367616 1
367731 1
367907 2
367908 1
368324 1
368561 2
368711 1
368750 1
369038 1
369057 1
369425 2
369572 1
370190 1
370217 1
370459 1
370462 1
370680 1
370815 1
371043 1
371749 1
371878 2
372287 1
372596 1
372650 1
373060 2
373363 1
373832 1
374114 1
374133 1
374299 2
374636 1
374640 1
374688 1
374959 1
375087 1
375091 1
375204 1
375227 1
375518 2
375832 1
375855 3
375897 1
376036 1
376283 1
376313 1
376351 1
376447 1
376479 1
376789 1
376871 1
376963 1
377009 2
377228 1
377285 1
377300 1
377337 1
377650 1
377952 1
378307 2
378344 1
378385 1
378404 1
378516 1
378638 1
378754 1
378788 2
378947 1
379040 1
379049 1
379171 1
379254 1
379537 1
379720 1
380058 2
380339 1
380531 1
380553 1
380636 3
380664 1
380685 2
380770 1
380918 1
381345 2
381357 1
381418 1
381638 4
381661 1
381755 1
381853 1
382296 1
382354 1
382503 1
382804 1
382988 1
383028 1
383174 1
383194 1
383276 1
383438 1
383502 1
383692 7
383975 1
384100 1
384178 1
384257 1
384261 1
384298 1
384511 1
384620 1
384739 1
384944 2
384960 1
385033 1
385047 1
385318 1
385447 1
385688 1
385702 1
385704 1
385822 1
385858 1
385984 3
386241 4
386287 1
386662 1
386734 1
387202 1
387567 1
387749 1
387836 5
387909 1
387977 1
388244 1
388278 1
388362 1
388552 2
388574 1
388691 1
388722 1
388838 1
388909 1
388995 1
389133 1
389294 1
389625 2
389657 1
389831 1
389988 2
390017 1
390094 1
390108 1
390290 1
390440 1
390512 1
390547 1
390568 1
390585 2
390687 1
390702 1
391112 2
391311 1
391375 1
391487 1
391538 1
391599 1
391649 2
391695 2
391868 1
391970 3
392057 1
392072 1
392199 1
392465 1
392721 1
392826 1
392854 1
392886 1
392929 1
393047 1
393118 1
393217 2
393590 1
393606 1
393650 1
393978 1
394039 1
394098 1
394651 1
394657 1
394667 1
395029 1
395057 1
395085 3
395247 1
395407 1
395525 1
395597 1
396114 1
396207 2
396291 1
396455 1
396673 2
396817 1
397047 1
397071 3
397095 1
397167 1
397238 2
397306 1
397434 1
397502 1
398618 1
398630 1
398866 2
399021 1
399125 1
399184 1
399422 1
399450 1
399605 3
399838 1
399919 1
400116 1
400197 1
400283 1
400653 2
400822 1
401084 1
401316 1
401381 1
401408 1
401462 1
401503 1
401833 1
402069 1
402221 2
402254 1
402316 2
402352 1
402420 1
402431 1
402445 2
402493 1
402619 1
402627 1
402636 2
402637 1
402643 1
402655 1
402657 1
402666 1
402667 1
402671 1
402673 1
402681 1
402693 1
402698 1
402700 1
402707 1
402715 1
402717 1
402719 1
402730 1
402731 1
402735 1
402743 1
402745 1
402767 1
402769 1
402775 1
402776 1
402778 1
402786 1
402787 1
402799 1
402802 1
402804 1
402809 1
402822 1
402827 1
402832 1
402835 1
402837 1
402841 1
402849 1
402853 1
402865 1
402875 1
402881 1
402889 1
402902 1
402911 1
402914 1
402927 1
402933 1
402934 1
402946 1
402985 1
402997 1
402999 1
403000 1
403003 1
403006 1
403008 1
403022 1
403033 1
403035 1
403042 1
403053 1
403054 1
403056 1
403066 1
403069 1
403075 1
403078 1
403086 1
403090 1
403092 1
403093 1
403100 1
403109 1
403110 1
403111 1
403127 1
403131 1
403132 1
403138 1
403151 1
403155 1
403160 1
403161 1
403164 1
403166 1
403176 1
403180 1
403181 1
403188 1
403197 1
403204 1
403207 1
403211 1
403215 1
403219 1
403227 1
403233 1
403245 1
403253 1
403258 1
403260 1
403262 1
403268 1
403270 1
403272 1
403273 1
403301 1
403332 1
403338 1
403344 1
403369 2
403380 1
403384 1
403388 1
403393 1
403397 1
403426 1
403430 1
403431 1
403444 1
403448 1
403452 1
403459 1
403472 1
403474 1
403482 2
403484 1
403489 1
403495 1
403499 1
403510 1
403511 1
403512 1
403515 1
403519 1
403520 1
403523 1
403526 1
403553 1
403564 1
403566 1
403576 1
403578 1
403589 2
403614 1
403617 1
403620 1
403628 2
403629 1
403635 1
403649 1
403651 2
403652 1
403667 1
403671 1
403699 1
403701 2
403705 1
403706 1
403707 1
403712 1
403717 1
403719 1
403722 1
403727 1
403732 1
403734 1
403735 1
403740 2
403748 1
403749 1
403756 1
403758 1
403763 1
403782 1
403783 1
403784 1
403795 1
403807 1
403809 1
403819 1
403821 1
403830 1
403833 1
403841 1
403843 1
403853 1
403866 1
403871 1
403872 1
403878 1
403885 1
403890 1
403897 1
403898 1
403901 1
403915 1
403917 1
403926 1
403928 1
403933 1
403937 1
403938 1
403939 1
403942 1
403946 1
403958 1
403961 3
403969 1
403973 1
403980 1
403988 1
403989 1
404008 1
404011 2
404014 1
404030 1
404044 1
404059 1
404062 1
404071 1
404075 10
404085 1
404087 1
404097 1
404108 1
404117 1
404122 1
404124 1
404125 1
404126 1
404135 1
404137 1
404139 1
404152 1
404167 1
404173 1
404187 1
404195 1
404209 1
404211 1
404214 1
404221 1
404222 1
404231 1
404233 1
404240 1
404244 1
404249 1
404251 1
404263 1
404264 1
404272 1
404278 1
404287 1
404297 1
404298 1
404306 1
404336 1
404346 1
404348 2
404359 1
404371 1
404388 3
404396 1
404398 1
404400 1
404411 1
404441 1
404449 1
404458 1
404460 1
404476 1
404478 1
404489 1
404520 1
404524 1
404528 1
404532 1
404536 1
404546 1
404555 1
404563 1
404567 1
404572 1
404573 1
404579 1
404599 1
404606 1
404634 1
404646 1
404648 1
404663 1
404665 1
404666 1
404672 1
404681 1
404683 1
404684 1
404685 1
404690 1
404691 1
404698 1
404701 1
404716 1
404717 1
404727 1
404736 1
404739 1
404741 1
404746 1
404751 1
404753 1
404755 1
404756 1
404771 1
404784 4
404792 1
404793 1
404795 1
404800 2
404803 1
404804 1
404807 1
404808 1
404814 1
404816 1
404840 1
404842 1
404843 1
404846 1
404854 1
404861 1
404864 1
404879 1
404884 1
404896 1
404902 1
404914 1
404915 1
404916 1
404922 1
404933 1
404945 1
404951 1
404971 1
404981 1
404983 1
404985 1
404989 1
404993 1
404995 1
404999 1
405001 1
405010 1
405024 1
405027 1
405033 1
405035 5
405037 1
405038 1
405048 1
405054 1
405058 1
405061 1
405077 1
405080 1
405087 1
405101 1
405109 1
405117 1
405123 1
405125 1
405132 1
405140 1
405157 1
405160 1
405163 1
405168 1
405177 1
405179 1
405187 1
405197 1
405198 1
405200 1
405202 1
405212 1
405214 1
405215 1
405217 1
405239 1
405241 1
405253 1
405265 1
405271 1
405289 1
405298 1
405299 1
405314 1
405322 1
405327 1
405331 1
405339 1
405343 1
405345 1
405346 1
405351 1
405356 1
405360 1
405367 1
405375 1
405378 1
405390 1
405394 2
405399 1
405401 1
405405 1
405409 1
405415 1
405422 1
405430 1
405432 1
405436 1
405440 1
405441 1
405451 1
405464 1
405511 1
405517 1
405523 1
405529 1
405531 1
405537 1
405539 1
405541 1
405547 1
405548 1
405553 1
405562 2
405567 1
405576 1
405585 1
405593 1
405595 1
405597 1
405598 1
405606 1
405612 1
405614 4
405617 1
405626 1
405648 1
405649 1
405650 1
405651 1
405653 1
405655 1
405659 1
405663 1
405670 1
405671 1
405673 1
405683 1
405685 1
405694 1
405698 1
405702 1
405704 1
405706 1
405713 2
405717 1
405720 1
405736 1
405740 1
405744 1
405748 1
405753 1
405770 1
405773 3
405782 1
405788 1
405793 1
405797 1
405810 1
405818 1
405824 1
405826 1
405828 1
405831 1
405837 1
405839 1
405846 1
405853 1
405871 1
405878 1
405894 1
405905 1
405925 1
405931 1
405955 1
405956 1
405974 1
405978 1
405987 1
405991 1
406003 1
406016 1
406018 1
406021 1
406036 1
406045 1
406054 1
406057 1
406060 1
406082 1
406097 1
406112 1
406118 1
406120 3
406141 1
406154 1
406159 1
406161 1
406162 1
406168 1
406169 1
406204 1
406206 1
406215 1
406217 1
406220 1
406223 1
406233 1
406236 1
406241 1
406246 1
406250 1
406261 1
406266 1
406270 1
406272 1
406273 1
406277 1
406281 1
406305 1
406320 1
406325 1
406327 1
406331 1
406340 1
406341 1
406342 1
406345 1
406348 2
406355 1
406366 1
406367 1
406370 1
406371 1
406375 1
406377 1
406387 1
406401 1
406410 1
406415 1
406420 1
406426 1
406429 1
406438 1
406440 1
406445 1
406447 1
406455 1
406456 1
406458 2
406461 1
406467 1
406493 1
406494 1
406497 1
406499 1
406515 1
406517 1
406523 1
406527 1
406529 1
406530 1
406533 1
406538 1
406540 1
406544 1
406546 1
406552 1
406557 1
406559 1
406567 1
406581 1
406583 1
406587 2
406590 1
406596 1
406607 1
406610 1
406612 1
406616 1
406623 3
406629 1
406638 1
406643 1
406645 1
406651 1
406653 1
406655 1
406663 1
406671 1
406672 1
406679 1
406681 1
406687 1
406688 1
406695 1
406725 1
406740 1
406746 1
406758 1
406760 1
406761 1
406771 1
406777 2
406785 1
406787 1
406804 1
406811 1
406826 1
406831 1
406836 1
406856 1
406864 1
406869 2
406874 1
406876 1
406880 2
406890 1
406896 1
406898 1
406912 1
406913 1
406922 2
406924 1
406953 1
406958 1
406966 1
406972 1
406993 1
406994 1
406999 1
407000 1
407004 1
407005 1
407014 1
407018 1
407033 1
407036 1
407037 1
407043 1
407046 2
407049 1
407055 1
407065 1
407072 1
407086 1
407089 1
407090 1
407102 1
407106 1
407119 1
407123 1
407136 1
407137 1
407149 1
407150 1
407152 1
407153 1
407154 1
407169 1
407170 1
407184 2
407191 1
407193 1
407194 1
407196 1
407198 1
407210 2
407225 1
407227 1
407228 1
407229 1
407232 1
407238 1
407240 1
407243 1
407245 1
407246 1
407254 1
407258 1
407259 1
407282 1
407291 1
407294 1
407302 1
407313 1
407318 1
407329 1
407338 1
407341 1
407348 1
407351 1
407361 1
407364 1
407376 1
407405 1
407433 1
407434 1
407447 1
407463 1
407473 2
407476 1
407482 1
407486 1
407491 5
407494 1
407500 1
407504 1
407508 2
407519 1
407520 1
407530 1
407568 1
407569 1
407571 1
407572 1
407581 1
407596 1
407597 1
407599 1
407600 1
407601 1
407604 1
407611 1
407617 1
407622 1
407625 2
407628 1
407638 1
407640 2
407643 1
407646 1
407652 1
407668 1
407671 1
407680 1
407681 1
407696 2
407697 1
407702 1
407709 1
407715 1
407717 1
407719 1
407721 1
407723 1
407725 1
407727 1
407729 1
407731 1
407733 1
407735 1
407737 1
407739 1
407741 1
407743 1
407745 1
407747 1
407749 1
407761 1
407768 1
407784 1
407786 1
407787 1
407800 1
407803 1
407805 1
407810 1
407814 1
407819 1
407829 1
407831 1
407866 1
407872 1
407886 1
407889 1
407891 1
407895 2
407899 1
407901 1
407902 1
407904 1
407919 1
407931 1
407943 1
407945 1
407946 1
407954 1
407966 1
407967 1
407970 1
407973 1
407992 1
408001 1
408005 1
408007 1
408018 1
408022 1
408025 1
408030 1
408039 2
408040 1
408043 1
408049 1
408058 1
408063 1
408072 1
408085 1
408097 1
408101 1
408111 1
408117 1
408123 1
408128 1
408133 1
408144 1
408150 1
408151 1
408172 1
408180 1
408186 1
408202 1
408243 1
408245 1
408247 2
408251 1
408253 1
408269 2
408272 1
408284 1
408310 1
408318 1
408319 2
408329 1
408339 1
408347 1
408357 1
408360 1
408364 1
408390 2
408393 1
408394 1
408399 1
408409 1
408413 1
408443 1
408448 1
408451 2
408452 1
408455 1
408458 1
408466 1
408484 1
408491 1
408500 1
408504 1
408505 1
408517 1
408528 1
408530 1
408546 1
408559 1
408570 1
408578 1
408581 1
408583 1
408585 1
408601 1
408610 1
408614 1
408618 2
408621 1
408629 1
408638 1
408640 1
408652 1
408654 1
408656 1
408660 1
408668 1
408669 1
408672 2
408675 1
408677 1
408680 2
408685 1
408688 1
408697 2
408702 1
408711 1
408712 1
408716 1
408720 1
408731 1
408734 1
408743 1
408744 1
408761 1
408781 1
408791 1
408797 1
408804 1
408806 1
408808 1
408813 1
408818 1
408819 1
408823 1
408824 1
408835 1
408850 1
408851 1
408887 1
408892 1
408894 2
408899 1
408925 1
408929 1
408937 1
408938 1
408940 1
408953 1
408969 1
408973 1
408978 1
408987 1
408995 1
409019 1
409021 1
409033 1
409049 1
409053 1
409058 1
409066 1
409072 1
409076 1
409090 1
409094 1
409102 1
409104 1
409106 1
409112 1
409116 1
409117 1
409125 1
409133 1
409138 1
409141 1
409153 1
409155 1
409157 1
409163 1
409172 1
409176 1
409183 2
409196 1
409199 1
409206 1
409227 1
409238 1
409240 1
409242 1
409248 1
409252 1
409254 1
409255 1
409267 1
409271 1
409293 2
409298 1
409300 2
409305 1
409309 1
409323 1
409329 1
409335 1
409337 1
409344 1
409345 1
409351 1
409352 2
409355 1
409359 1
409371 1
409375 1
409383 1
409385 1
409397 1
409425 1
409428 1
409435 1
409437 2
409454 1
409465 1
409482 1
409486 1
409491 1
409499 1
409507 1
409516 1
409528 1
409536 1
409538 1
409539 1
409541 1
409545 1
409558 1
409559 1
409565 2
409569 1
409588 1
409590 1
409594 1
409596 1
409601 1
409605 1
409606 1
409609 1
409619 1
409626 1
409643 1
409644 1
409652 1
409660 1
409662 1
409663 1
409669 1
409673 1
409674 1
409677 2
409685 1
409686 1
409687 1
409688 1
409690 1
409692 1
409693 1
409697 1
409701 1
409722 1
409723 1
409758 1
409759 1
409761 1
409770 1
409813 1
409822 1
409841 1
409847 1
409850 1
409865 1
409888 1
409889 1
409893 1
409894 2
409895 1
409907 1
409910 1
409915 1
409919 1
409924 1
409925 1
409928 1
409933 1
409935 1
409937 1
409944 1
409946 2
409960 1
409961 1
409975 2
409977 1
409981 1
409993 1
410009 1
410013 1
410018 1
410029 1
410035 1
410044 1
410052 1
410057 1
410065 1
410066 1
410075 1
410115 1
410117 1
410122 1
410130 1
410131 1
410140 1
410153 1
410165 1
410175 1
410185 1
410192 1
410204 1
410206 1
410210 1
410214 1
410225 1
410235 1
410236 1
410247 1
410253 1
410254 3
410259 1
410267 1
410268 1
410276 1
410283 1
410286 2
410288 1
410292 1
410294 1
410305 1
410307 1
410313 1
410314 1
410320 1
410328 1
410330 1
410334 1
410346 1
410361 1
410363 1
410388 1
410390 1
410395 1
410396 1
410397 1
410409 1
410410 1
410418 1
410442 1
410443 1
410450 1
410460 1
410485 1
410486 1
410499 1
410509 1
410528 1
410536 1
410549 1
410550 1
410552 1
410553 1
410564 1
410569 1
410571 1
410572 2
410573 1
410577 1
410587 1
410596 1
410611 1
410612 1
410630 1
410648 1
410653 1
410656 1
410659 1
410662 1
410669 1
410686 1
410687 1
410689 1
410703 1
410719 1
410721 1
410726 1
410728 2
410729 1
410733 1
410740 1
410741 1
410746 1
410750 1
410753 1
410755 1
410777 1
410783 1
410792 1
410793 1
410800 1
410802 1
410811 1
410815 1
410817 1
410820 1
410837 1
410843 1
410848 1
410855 1
410869 1
410870 1
410876 1
410887 1
410896 1
410899 1
410907 1
410911 1
410914 1
410916 2
410917 1
410929 1
410950 1
410967 1
410975 1
410977 1
411002 1
411009 1
411010 1
411012 1
411019 1
411051 1
411106 1
411110 1
411115 1
411118 1
411119 1
411126 1
411127 1
411132 1
411134 2
411148 1
411160 1
411162 1
411169 2
411175 1
411178 1
411180 1
411197 1
411202 1
411204 1
411207 1
411211 2
411215 1
411228 1
411230 1
411234 1
411250 2
411260 1
411264 1
411267 1
411272 1
411273 1
411275 1
411284 1
411302 1
411313 2
411316 1
411323 1
411324 1
411332 1
411333 1
411335 1
411343 1
411350 1
411363 1
411372 2
411373 1
411374 1
411379 1
411381 1
411392 1
411393 1
411415 1
411418 1
411419 1
411439 1
411449 1
411458 1
411467 1
411473 1
411487 1
411489 1
411491 1
411507 1
411511 1
411512 1
411515 1
411526 1
411527 1
411534 1
411536 1
411543 1
411548 1
411558 1
411579 1
411580 1
411586 1
411590 1
411591 1
411593 1
411597 1
411607 1
411613 1
411618 1
411622 1
411631 1
411639 1
411647 1
411656 1
411664 1
411681 1
411706 1
411711 1
411716 1
411717 1
411736 1
411745 1
411754 1
411782 1
411794 1
411801 1
411814 1
411823 1
411856 1
411857 1
411864 1
411866 1
411878 1
411880 1
411883 1
411886 1
411889 1
411908 1
411916 1
411918 1
411923 1
411934 1
411944 1
411946 1
411947 1
411948 1
411949 1
411960 2
411973 1
411986 1
411990 1
412017 2
412036 1
412037 1
412042 1
412043 1
412049 1
412051 1
412052 1
412057 1
412062 1
412076 1
412087 1
412088 1
412103 1
412116 1
412120 1
412129 1
412134 1
412135 1
412146 1
412157 3
412160 1
412165 1
412166 1
412167 1
412173 1
412177 1
412183 1
412198 1
412201 1
412206 1
412209 1
412217 1
412238 1
412239 1
412243 1
412269 1
412270 1
412285 1
412294 1
412304 1
412318 1
412320 1
412324 1
412327 1
412336 1
412341 1
412345 1
412347 1
412360 1
412380 1
412382 1
412383 1
412384 2
412389 1
412391 1
412407 1
412421 1
412423 1
412439 1
412440 1
412450 1
412452 1
412454 1
412456 2
412466 2
412486 1
412490 1
412494 1
412503 1
412512 1
412515 1
412516 1
412527 1
412529 1
412536 1
412537 1
412552 1
412553 1
412554 1
412564 1
412596 1
412602 1
412611 1
412616 1
412617 1
412622 1
412629 1
412630 1
412639 3
412648 1
412658 1
412663 1
412665 1
412677 1
412687 1
412688 1
412691 1
412706 1
412712 1
412741 1
412743 1
412750 1
412775 1
412778 1
412785 1
412793 1
412802 1
412810 1
412827 1
412840 1
412845 1
412847 1
412862 1
412869 1
412871 1
412879 1
412883 1
412887 1
412889 1
412899 1
412919 1
412920 1
412924 1
412925 1
412934 1
412935 1
412940 1
412991 1
413006 1
413009 1
413013 1
413014 1
413019 1
413042 1
413045 1
413046 1
413053 1
413065 1
413090 1
413099 2
413104 1
413106 1
413109 1
413119 1
413122 1
413127 1
413141 1
413147 1
413155 1
413158 1
413163 1
413179 1
413184 2
413185 1
413206 1
413208 1
413214 1
413236 1
413239 1
413250 1
413264 1
413280 1
413285 1
413286 1
413298 1
413305 1
413308 1
413316 1
413318 1
413330 1
413338 2
413341 1
413345 1
413348 1
413350 1
413354 1
413370 1
413371 1
413374 1
413378 1
413381 1
413387 1
413394 1
413397 1
413398 1
413399 1
413400 1
413412 1
413423 1
413433 1
413441 1
413447 1
413448 1
413450 1
413456 1
413465 1
413471 1
413476 1
413478 1
413484 1
413491 1
413504 1
413506 1
413508 1
413510 1
413518 1
413524 1
413530 1
413531 1
413535 1
413546 1
413551 1
413570 1
413580 1
413586 1
413604 1
413607 1
413612 1
413629 1
413647 1
413655 1
413660 1
413667 2
413680 1
413687 1
413688 1
413690 1
413694 1
413697 1
413699 1
413700 1
413702 1
413712 1
413713 1
413720 1
413727 1
413730 1
413733 1
413749 1
413777 2
413784 1
413793 1
413801 1
413805 1
413823 1
413825 1
413827 1
413829 1
413840 1
413857 2
413861 2
413863 1
413866 1
413867 1
413873 1
413876 1
413897 1
413903 1
413914 1
413916 1
413924 1
413935 1
413942 1
413946 1
413947 1
413953 1
413969 1
413971 1
413980 1
413988 1
413995 1
413996 1
414001 1
414004 1
414007 1
414010 2
414049 2
414063 1
414075 1
414079 1
414082 1
414087 1
414091 1
414096 1
414113 1
414120 1
414121 1
414122 1
414127 1
414152 1
414155 1
414156 1
414164 1
414170 1
414189 2
414192 1
414199 1
414206 1
414212 1
414229 1
414230 1
414238 1
414255 1
414256 1
414265 1
414266 1
414270 1
414277 1
414280 2
414291 1
414303 1
414311 1
414314 1
414316 1
414351 1
414361 1
414370 1
414371 1
414378 1
414385 1
414394 1
414408 2
414413 1
414434 1
414448 1
414471 1
414483 1
414487 1
414488 1
414496 1
414498 1
414499 1
414504 1
414509 1
414511 1
414519 1
414524 1
414530 1
414549 1
414553 1
414554 1
414582 2
414583 1
414587 1
414592 1
414595 1
414598 1
414605 1
414610 1
414619 1
414621 1
414625 1
414644 1
414646 1
414654 1
414682 1
414689 1
414697 2
414700 1
414719 1
414732 1
414738 1
414739 2
414744 1
414747 1
414748 1
414751 1
414755 1
414769 1
414775 1
414807 1
414809 1
414835 1
414844 1
414845 1
414852 1
414856 1
414863 1
414879 1
414884 1
414885 1
414890 1
414899 1
414902 1
414923 1
414928 1
414940 1
414947 1
414978 1
414981 1
415010 1
415014 1
415029 1
415031 1
415038 1
415039 1
415047 1
415085 2
415087 1
415092 1
415100 1
415101 1
415105 1
415108 1
415115 1
415121 1
415125 1
415133 1
415168 1
415172 1
415196 1
415197 1
415201 1
415212 1
415214 1
415229 1
415233 1
415243 1
415244 1
415253 1
415259 1
415269 1
415273 1
415299 1
415321 1
415369 1
415371 1
415378 1
415380 1
415382 1
415383 1
415395 1
415397 1
415399 1
415402 1
415404 1
415411 1
415419 1
415423 1
415443 1
415450 1
415452 1
415461 1
415470 1
415471 1
415477 1
415480 1
415491 1
415495 1
415498 1
415500 1
415505 1
415507 1
415512 1
415518 1
415522 1
415526 1
415535 1
415537 1
415541 1
415542 1
415560 1
415572 2
415574 1
415581 1
415608 1
415621 1
415622 1
415626 1
415628 1
415634 1
415638 1
415646 1
415657 1
415658 1
415664 1
415675 1
415677 1
415682 2
415704 2
415707 1
415715 1
415718 1
415719 1
415724 1
415728 1
415732 1
415744 1
415746 1
415751 1
415753 1
415754 3
415755 1
415771 1
415772 1
415774 1
415791 1
415804 1
415810 1
415815 1
415824 1
415847 1
415853 1
415855 1
415856 1
415859 1
415869 1
415877 1
415885 1
415891 1
415893 1
415914 1
415921 1
415934 1
415942 1
415943 1
415954 1
415963 1
415970 1
415978 1
415980 1
415993 1
415997 1
416008 1
416015 1
416022 1
416047 1
416053 1
416054 1
416064 1
416069 3
416074 1
416076 1
416077 1
416078 1
416106 1
416108 1
416110 1
416120 1
416122 1
416125 1
416127 1
416135 1
416137 1
416139 1
416140 1
416143 1
416161 1
416163 1
416170 1
416172 1
416174 1
416180 1
416184 1
416198 1
416199 1
416204 1
416232 1
416234 1
416237 2
416255 1
416263 1
416265 1
416270 1
416286 1
416293 1
416313 1
416320 1
416324 1
416332 1
416336 1
416337 1
416346 1
416348 1
416349 1
416353 1
416373 1
416385 1
416389 1
416391 1
416392 1
416411 1
416419 1
416430 1
416431 1
416440 1
416443 1
416447 1
416448 1
416450 1
416451 1
416461 1
416476 1
416515 1
416530 1
416542 1
416550 1
416566 1
416570 1
416580 1
416596 1
416598 2
416607 1
416615 1
416648 1
416664 1
416667 1
416675 1
416682 3
416701 1
416703 1
416716 1
416734 1
416744 2
416747 1
416776 1
416780 1
416782 1
416795 1
416806 1
416815 1
416820 1
416832 1
416844 1
416872 1
416874 2
416895 2
416902 1
416904 1
416907 1
416909 1
416923 1
416927 1
416932 1
416936 1
416943 1
416945 1
416952 1
416960 1
416963 1
416982 1
416998 1
417002 1
417023 1
417029 1
417038 1
417046 1
417052 1
417066 1
417078 1
417090 1
417100 1
417115 1
417120 1
417122 1
417132 1
417147 1
417155 1
417171 1
417176 1
417185 1
417189 1
417205 1
417218 1
417221 1
417225 2
417228 1
417237 1
417268 1
417272 1
417275 1
417291 1
417293 1
417296 1
417340 1
417341 1
417343 1
417351 1
417376 1
417377 1
417379 1
417396 1
417420 1
417424 1
417431 1
417432 1
417437 2
417443 1
417458 1
417460 1
417464 1
417465 1
417467 1
417468 1
417471 1
417484 1
417495 1
417497 1
417505 1
417509 1
417521 1
417531 1
417539 1
417540 1
417543 1
417559 1
417561 1
417569 1
417581 1
417583 1
417589 1
417591 2
417596 1
417601 1
417669 1
417678 1
417684 1
417688 1
417701 1
417717 1
417731 1
417737 1
417741 1
417760 2
417763 1
417766 1
417770 1
417784 1
417794 1
417801 1
417804 1
417814 1
417816 1
417836 1
417866 1
417884 1
417890 1
417899 1
417907 1
417919 1
417921 1
417925 1
417942 1
417965 1
417968 1
417972 2
417985 1
418007 1
418013 1
418017 1
418042 1
418054 2
418059 2
418074 1
418077 1
418085 1
418091 1
418093 1
418119 1
418135 1
418138 1
418160 1
418164 1
418177 1
418185 2
418190 1
418192 1
418214 1
418219 1
418231 1
418235 1
418237 1
418254 1
418272 1
418285 1
418290 1
418292 1
418304 1
418310 1
418321 1
418336 1
418345 1
418348 1
418363 1
418379 1
418381 1
418419 1
418424 1
418427 1
418434 1
418439 1
418440 1
418453 1
418457 1
418459 1
418493 1
418495 1
418507 1
418508 1
418515 1
418522 3
418540 1
418568 1
418575 2
418599 1
418604 1
418608 1
418610 1
418635 1
418646 1
418652 1
418674 1
418676 1
418678 1
418680 1
418711 1
418731 1
418743 1
418756 1
418764 1
418765 1
418776 1
418777 1
418781 1
418794 1
418796 1
418812 1
418815 1
418826 1
418833 1
418835 1
418837 1
418844 1
418847 1
418850 1
418855 1
418861 1
418867 1
418869 1
418875 1
418880 1
418886 1
418896 1
418907 1
418921 1
418932 1
418940 1
418954 1
418959 1
418965 3
418990 4
418995 1
419000 1
419019 1
419023 1
419024 1
419031 1
419039 1
419043 1
419051 1
419052 2
419057 3
419066 1
419078 1
419079 1
419080 1
419088 1
419090 1
419093 1
419107 1
419120 1
419135 1
419142 1
419147 1
419153 1
419154 1
419178 1
419180 1
419182 2
419201 1
419207 1
419208 1
419214 1
419216 1
419222 1
419225 1
419230 1
419275 1
419286 1
419287 1
419289 1
419300 1
419309 1
419311 1
419314 1
419327 1
419329 2
419339 1
419340 1
419347 1
419348 1
419359 1
419365 1
419371 1
419374 1
419388 1
419390 1
419401 1
419415 1
419419 1
419427 1
419428 1
419446 1
419458 1
419470 1
419477 1
419482 1
419504 1
419510 1
419511 2
419512 1
419514 1
419518 1
419535 1
419539 1
419568 1
419570 1
419579 1
419580 1
419583 1
419589 1
419609 1
419611 1
419629 1
419632 1
419633 1
419640 1
419644 1
419650 1
419651 1
419654 1
419669 1
419673 1
419675 1
419679 1
419681 1
419691 1
419712 1
419715 1
419722 1
419741 1
419754 1
419759 1
419765 1
419778 1
419781 1
419792 1
419799 1
419813 1
419814 1
419816 1
419823 1
419830 1
419849 1
419854 1
419864 1
419875 1
419886 1
419891 1
419892 1
419908 1
419911 1
419916 1
419920 1
419921 1
419925 1
419931 1
419940 1
419954 1
419959 2
419974 1
419975 1
419978 1
419979 1
420004 1
420018 1
420021 1
420022 1
420033 1
420046 1
420050 1
420052 1
420073 1
420074 1
420075 1
420095 1
420102 1
420125 1
420138 1
420154 1
420159 1
420177 1
420188 1
420194 1
420205 1
420213 1
420214 1
420229 1
420231 1
420236 2
420249 1
420267 1
420277 1
420281 1
420282 1
420285 1
420290 1
420315 1
420321 1
420332 1
420333 1
420335 1
420341 1
420342 1
420344 1
420345 1
420348 1
420352 1
420365 1
420367 2
420371 1
420377 1
420400 1
420416 2
420423 1
420431 1
420433 2
420437 1
420438 1
420443 1
420449 1
420451 1
420458 1
420461 1
420485 1
420499 1
420503 1
420508 1
420511 1
420521 1
420525 1
420526 1
420546 1
420556 1
420558 1
420559 1
420562 1
420564 1
420587 1
420594 1
420600 1
420608 1
420611 1
420635 1
420661 1
420665 1
420676 1
420683 1
420694 1
420699 1
420710 1
420716 1
420729 1
420730 1
420731 1
420747 1
420759 1
420764 1
420769 1
420795 1
420797 1
420798 1
420799 1
420800 1
420801 3
420810 1
420811 1
420812 1
420815 1
420822 1
420825 1
420835 1
420843 1
420854 1
420859 1
420866 1
420870 1
420871 1
420873 1
420880 1
420898 1
420906 1
420915 1
420918 1
420928 1
420939 2
420943 1
420958 1
420963 1
420964 1
420972 1
420977 1
420980 1
420997 1
421008 1
421014 1
421015 1
421019 1
421027 1
421032 1
421033 1
421034 1
421048 1
421057 1
421060 2
421073 1
421076 1
421077 1
421081 1
421092 1
421108 1
421109 1
421110 1
421111 1
421126 1
421127 1
421130 1
421132 1
421141 1
421148 1
421149 1
421163 1
421165 1
421172 1
421180 3
421181 2
421184 1
421186 2
421201 1
421206 1
421222 1
421227 1
421234 1
421235 1
421244 1
421245 1
421246 1
421250 1
421258 1
421260 1
421271 1
421285 1
421292 1
421299 1
421308 1
421311 1
421316 1
421323 1
421329 1
421334 1
421335 1
421336 1
421338 1
421343 1
421350 1
421361 1
421368 1
421378 1
421384 1
421389 1
421401 1
421419 1
421430 1
421442 1
421446 1
421449 2
421474 1
421476 2
421484 1
421504 1
421505 1
421512 1
421514 1
421543 1
421557 1
421563 1
421572 2
421573 1
421580 1
421594 1
421596 1
421597 1
421604 1
421605 1
421613 1
421618 1
421637 1
421638 1
421661 2
421662 1
421782 1
421784 1
421785 1
421812 1
421826 1
421829 1
421838 1
421856 1
421861 1
421867 1
421872 1
421896 1
421908 1
421911 1
421921 1
421929 1
421932 1
421938 3
421940 1
421958 1
421961 1
421990 1
421998 1
421999 1
422051 1
422060 1
422061 1
422073 1
422079 2
422080 1
422092 1
422126 1
422131 1
422133 1
422139 1
422153 1
422159 1
422164 1
422165 1
422167 3
422169 3
422170 1
422174 1
422187 1
422197 1
422223 1
422224 1
422232 1
422240 1
422250 1
422253 1
422256 1
422258 1
422272 1
422281 1
422291 1
422300 1
422303 1
422312 1
422322 1
422338 1
422344 1
422364 1
422366 1
422379 1
422398 1
422405 1
422411 1
422418 2
422427 1
422434 1
422435 1
422441 1
422442 1
422445 1
422452 1
422457 1
422467 1
422481 1
422490 1
422506 1
422515 1
422527 1
422533 1
422535 1
422539 1
422541 1
422557 1
422561 2
422564 2
422568 1
422583 1
422590 1
422599 1
422617 1
422620 2
422635 1
422668 1
422677 1
422680 1
422681 1
422692 1
422694 1
422697 1
422713 2
422714 1
422757 1
422758 1
422777 1
422778 1
422781 1
422782 1
422784 1
422792 1
422795 1
422796 1
422806 1
422822 2
422869 1
422870 1
422871 1
422876 1
422881 1
422887 1
422897 1
422919 1
422931 1
422943 1
422948 1
422953 1
422975 1
422997 1
423013 1
423025 1
423028 1
423033 1
423046 3
423049 2
423067 1
423068 1
423078 1
423085 1
423088 1
423096 1
423097 1
423098 1
423116 1
423136 1
423142 1
423143 1
423144 1
423162 1
423170 1
423191 1
423192 1
423199 1
423206 2
423209 1
423231 1
423232 1
423238 1
423243 1
423244 1
423246 2
423248 1
423249 1
423250 1
423253 1
423261 1
423264 1
423269 1
423275 1
423280 1
423284 1
423288 1
423294 1
423298 1
423315 1
423319 1
423325 1
423346 1
423352 1
423358 1
423365 1
423377 1
423380 1
423401 1
423402 1
423404 1
423407 2
423416 1
423417 1
423428 1
423429 2
423440 1
423452 1
423454 1
423463 1
423472 1
423481 1
423492 1
423515 1
423519 1
423522 1
423536 2
423537 1
423541 1
423542 1
423545 2
423548 1
423553 1
423581 1
423591 1
423606 1
423626 1
423647 1
423649 1
423650 1
423660 1
423661 1
423665 1
423668 1
423671 1
423672 1
423675 1
423692 1
423702 1
423704 1
423711 1
423747 1
423751 1
423753 1
423762 1
423764 1
423767 1
423773 1
423792 1
423815 1
423833 1
423840 1
423841 1
423844 1
423848 1
423849 1
423852 1
423867 1
423869 1
423871 1
423874 3
423907 1
423909 1
423916 1
423918 1
423924 1
423926 1
423928 1
423937 1
423938 1
423945 1
423966 1
423969 1
423980 1
423984 1
424003 1
424004 1
424005 1
424013 1
424024 1
424042 1
424049 1
424069 1
424074 1
424087 1
424101 1
424113 1
424118 1
424121 1
424134 1
424140 1
424141 1
424157 1
424164 1
424165 2
424168 1
424169 1
424175 1
424218 1
424223 1
424232 1
424244 1
424247 1
424264 1
424265 1
424268 1
424279 1
424280 1
424289 2
424298 1
424310 1
424317 1
424318 1
424329 1
424337 1
424360 4
424373 1
424374 1
424378 3
424379 1
424386 1
424401 1
424402 1
424406 1
424412 1
424416 1
424428 1
424433 1
424442 1
424449 1
424457 1
424464 1
424469 1
424473 1
424480 1
424495 1
424527 1
424536 2
424540 1
424543 1
424549 1
424550 1
424560 1
424576 1
424580 1
424592 1
424594 1
424612 1
424616 1
424643 1
424646 1
424657 1
424672 1
424673 1
424699 1
424706 1
424724 1
424746 1
424750 1
424759 1
424769 1
424770 1
424781 1
424782 1
424783 1
424787 1
424803 1
424810 1
424811 1
424822 1
424823 1
424829 1
424839 1
424842 1
424854 2
424864 1
424880 1
424883 1
424898 1
424926 1
424929 1
424931 1
424955 1
424958 1
424973 1
424992 1
424998 1
425017 1
425020 1
425026 1
425027 1
425028 2
425037 3
425064 1
425076 1
425079 1
425088 1
425099 1
425118 1
425123 1
425133 1
425152 1
425159 1
425160 1
425164 1
425167 1
425172 1
425181 1
425183 1
425205 1
425207 1
425212 1
425216 1
425217 1
425220 1
425252 1
425253 1
425269 1
425271 1
425278 1
425286 1
425319 1
425320 1
425333 1
425341 1
425344 1
425352 1
425353 1
425356 1
425360 1
425362 1
425364 1
425378 1
425381 1
425382 1
425392 3
425403 1
425406 1
425407 1
425408 1
425442 1
425449 1
425465 2
425468 1
425481 1
425492 2
425499 1
425504 1
425512 1
425522 1
425524 1
425531 1
425536 1
425538 1
425543 1
425554 1
425555 1
425573 1
425587 1
425593 1
425615 1
425624 1
425645 1
425682 1
425686 1
425692 1
425710 1
425721 2
425729 1
425734 1
425744 1
425748 1
425757 1
425760 1
425772 1
425773 1
425779 1
425782 1
425783 1
425792 1
425795 1
425797 1
425812 1
425825 1
425860 1
425869 1
425880 1
425888 1
425890 1
425908 1
425911 1
425914 1
425916 1
425922 1
425924 1
425926 1
425934 1
425941 1
425946 1
425951 1
425960 1
425966 1
425977 1
425981 1
425986 1
425991 1
425998 1
426002 1
426013 2
426023 1
426066 1
426080 1
426090 1
426095 1
426126 1
426159 1
426162 1
426179 1
426185 2
426190 1
426233 1
426234 1
426237 1
426243 1
426244 1
426256 1
426258 1
426261 1
426267 1
426270 1
426283 1
426284 1
426291 1
426317 1
426324 1
426336 1
426337 1
426344 1
426349 1
426357 1
426358 1
426399 1
426415 1
426424 1
426459 1
426460 1
426468 1
426501 1
426530 1
426558 1
426573 1
426579 1
426581 1
426590 1
426598 1
426599 1
426600 1
426634 1
426636 1
426640 1
426641 1
426650 1
426654 1
426657 1
426679 1
426680 1
426692 1
426702 1
426703 1
426708 1
426709 1
426718 1
426719 1
426724 1
426725 1
426737 1
426738 1
426742 1
426752 1
426818 2
426830 1
426833 1
426840 1
426850 1
426855 1
426860 1
426862 2
426890 1
426900 1
426911 1
426912 1
426917 1
426918 1
426926 1
426935 1
426937 1
426942 1
426953 1
426968 1
426972 1
426974 1
426976 1
426977 1
426978 1
426979 1
427007 1
427012 1
427018 1
427026 1
427038 1
427051 1
427067 1
427094 1
427105 1
427109 1
427151 1
427153 1
427158 1
427160 1
427161 1
427169 1
427182 1
427184 1
427190 1
427210 1
427212 1
427225 1
427226 1
427227 1
427237 1
427249 1
427261 1
427272 1
427284 1
427306 1
427310 1
427315 2
427316 1
427331 2
427337 1
427342 1
427377 1
427381 1
427397 1
427404 1
427410 1
427425 1
427426 1
427449 1
427454 1
427459 1
427470 1
427473 1
427475 1
427489 1
427490 1
427498 1
427505 1
427506 1
427513 1
427524 1
427538 1
427541 1
427547 1
427548 1
427587 1
427601 1
427602 1
427613 1
427637 1
427640 1
427647 1
427660 1
427670 1
427673 1
427678 1
427679 1
427682 1
427711 1
427712 1
427732 2
427762 1
427767 1
427778 1
427779 1
427782 1
427805 1
427811 1
427814 1
427818 1
427820 1
427839 1
427842 1
427856 1
427864 1
427876 1
427890 1
427894 1
427914 1
427923 1
427936 1
427937 1
427946 1
427950 2
427956 1
427960 1
427961 1
427964 1
427984 1
428011 2
428031 1
428040 1
428042 1
428043 2
428047 1
428049 1
428051 1
428060 1
428061 1
428078 1
428083 1
428091 1
428111 1
428122 1
428124 1
428130 1
428137 1
428138 1
428140 1
428152 1
428157 1
428164 1
428168 1
428176 1
428179 1
428182 1
428185 1
428193 1
428195 1
428198 1
428213 1
428219 1
428227 1
428228 1
428245 1
428251 1
428254 1
428269 1
428270 1
428280 1
428291 1
428310 1
428312 1
428313 1
428320 1
428330 3
428335 1
428341 1
428342 1
428359 1
428386 1
428394 1
428397 1
428398 1
428405 1
428408 1
428426 1
428441 1
428445 1
428448 1
428449 1
428455 1
428457 1
428469 1
428471 1
428473 1
428480 1
428486 1
428492 1
428494 1
428495 1
428497 1
428516 1
428529 2
428538 1
428557 1
428558 1
428559 1
428566 2
428573 1
428577 1
428582 2
428613 1
428623 1
428634 1
428635 1
428649 1
428652 1
428661 1
428663 1
428672 1
428675 1
428676 1
428685 1
428687 1
428700 1
428716 1
428719 1
428724 1
428727 3
428729 1
428737 1
428746 1
428755 1
428779 1
428785 1
428789 1
428806 1
428813 1
428815 1
428817 1
428828 1
428834 1
428846 1
428848 1
428859 1
428860 1
428861 2
428881 3
428886 1
428890 1
428898 1
428901 1
428915 1
428927 1
428930 1
428935 1
428945 1
428952 1
428956 1
428971 1
428981 1
429010 1
429015 1
429016 1
429017 1
429026 1
429035 1
429042 1
429054 1
429077 1
429085 1
429090 2
429111 1
429113 1
429117 1
429125 1
429126 1
429146 1
429150 1
429164 1
429181 1
429185 1
429192 1
429197 1
429198 1
429199 1
429201 2
429206 1
429208 1
429224 1
429228 1
429234 1
429238 1
429248 2
429252 1
429268 1
429281 1
429303 1
429315 1
429326 1
429336 1
429346 1
429348 1
429349 1
429357 1
429364 1
429393 1
429412 1
429419 3
429427 1
429429 1
429469 1
429473 1
429481 1
429488 1
429493 1
429495 1
429503 1
429506 1
429512 1
429531 1
429536 2
429563 1
429564 1
429565 1
429571 1
429575 3
429584 1
429586 2
429587 1
429592 1
429603 1
429609 1
429614 1
429621 1
429622 1
429623 1
429627 1
429641 1
429642 1
429647 1
429648 1
429672 1
429689 1
429696 1
429717 1
429726 1
429727 1
429742 1
429744 2
429748 1
429757 1
429760 1
429766 1
429773 1
429774 1
429782 1
429811 1
429812 1
429813 1
429821 1
429822 1
429835 1
429838 1
429842 1
429843 1
429851 1
429861 1
429862 1
429877 1
429888 1
429899 1
429913 1
429917 1
429920 1
429922 1
429928 1
429941 1
429961 1
429963 1
429967 1
429978 1
429982 1
429986 1
429989 1
429991 1
430004 1
430008 1
430009 1
430020 1
430022 1
430034 1
430035 1
430042 1
430046 1
430049 1
430050 1
430052 1
430071 1
430075 2
430085 1
430087 1
430095 1
430107 1
430114 1
430120 1
430122 1
430126 1
430129 1
430148 1
430152 1
430171 1
430172 2
430173 1
430175 1
430192 1
430196 1
430200 1
430204 1
430205 1
430209 1
430212 1
430232 1
430237 1
430239 1
430248 1
430251 2
430252 1
430262 1
430263 1
430276 1
430300 1
430310 1
430312 1
430321 1
430324 1
430349 2
430350 1
430354 1
430358 1
430359 1
430366 1
430367 1
430369 1
430370 1
430373 1
430374 1
430378 1
430382 1
430397 1
430399 1
430405 1
430410 1
430416 1
430422 1
430449 1
430455 1
430459 1
430461 1
430462 1
430463 1
430470 1
430483 1
430488 1
430492 1
430496 1
430497 1
430500 1
430501 1
430504 1
430506 1
430509 1
430523 1
430544 1
430547 1
430550 1
430552 1
430566 1
430568 1
430577 1
430581 1
430587 1
430593 3
430594 1
430595 1
430600 1
430605 1
430617 1
430618 1
430619 1
430620 1
430625 1
430627 1
430641 1
430644 1
430646 1
430651 1
430658 1
430679 1
430680 1
430686 1
430693 3
430722 1
430739 1
430748 1
430751 1
430752 1
430753 1
430759 1
430771 1
430772 1
430776 1
430781 1
430792 1
430793 2
430798 1
430804 1
430805 1
430809 1
430811 2
430816 1
430840 1
430846 3
430851 1
430853 1
430873 1
430888 1
430902 1
430912 1
430917 1
430918 1
430921 1
430930 1
430951 1
430954 1
430962 1
430978 1
430983 1
430989 1
430995 1
431005 1
431011 1
431014 1
431015 4
431016 1
431021 1
431044 1
431046 1
431051 1
431055 1
431056 1
431082 1
431090 1
431101 1
431119 1
431136 1
431138 1
431139 1
431146 1
431147 1
431156 1
431164 1
431177 1
431190 1
431196 1
431197 2
431200 1
431205 1
431211 1
431220 1
431221 1
431228 1
431233 1
431242 1
431245 1
431268 1
431269 1
431278 1
431279 1
431296 2
431303 1
431308 1
431312 1
431315 1
431316 1
431338 1
431345 1
431364 1
431387 1
431392 1
431393 1
431399 1
431406 1
431412 1
431436 1
431441 1
431448 1
431454 2
431455 1
431462 1
431463 1
431468 1
431474 1
431480 1
431495 1
431497 1
431498 1
431508 1
431513 1
431523 2
431528 1
431548 1
431563 1
431571 1
431573 2
431580 1
431591 1
431594 1
431599 1
431600 1
431601 1
431605 1
431607 1
431610 1
431611 1
431620 1
431627 1
431632 1
431637 1
431642 1
431649 1
431650 1
431674 1
431680 1
431685 1
431688 1
431702 1
431707 1
431708 1
431709 1
431720 1
431727 1
431737 1
431740 1
431755 1
431757 1
431763 1
431765 1
431782 1
431785 1
431786 1
431792 1
431794 1
431814 1
431819 1
431828 1
431836 1
431843 1
431859 1
431860 1
431865 1
431866 1
431875 2
431876 1
431879 1
431881 1
431890 1
431895 1
431897 1
431910 1
431913 1
431915 1
431922 1
431936 1
431946 1
431954 1
431956 1
431961 1
431963 1
431967 1
431976 1
431984 1
431988 1
431994 2
432023 1
432024 1
432026 1
432044 1
432049 1
432052 1
432054 1
432055 1
432061 1
432070 1
432072 1
432074 1
432091 1
432092 1
432098 1
432102 1
432106 1
432107 1
432110 1
432116 1
432141 1
432146 1
432148 1
432155 1
432156 1
432157 1
432163 1
432168 1
432188 1
432193 1
432194 1
432195 1
432199 1
432200 1
432202 1
432208 1
432227 1
432230 1
432239 1
432243 1
432246 1
432267 1
432275 1
432276 1
432277 1
432283 1
432286 1
432287 1
432293 1
432308 1
432310 1
432318 1
432329 1
432337 1
432340 1
432345 1
432355 1
432356 1
432357 1
432366 1
432374 1
432377 1
432383 1
432396 1
432406 1
432408 1
432414 1
432423 1
432434 1
432442 1
432449 1
432456 1
432467 1
432469 1
432479 1
432485 1
432489 1
432493 1
432498 1
432509 1
432511 1
432523 1
432536 1
432537 1
432538 1
432540 1
432543 2
432547 1
432549 1
432550 1
432551 1
432561 1
432563 2
432564 1
432570 1
432572 1
432577 1
432578 1
432580 1
432582 1
432583 1
432585 1
432591 1
432592 1
432593 1
432595 1
432609 1
432626 1
432627 1
432632 1
432640 2
432643 1
432668 1
432670 1
432687 1
432690 1
432692 1
432715 1
432722 1
432724 1
432727 1
432733 1
432739 1
432744 1
432756 1
432772 1
432778 1
432786 1
432794 1
432796 1
432800 1
432806 1
432808 1
432813 1
432820 1
432832 1
432838 1
432847 1
432851 1
432862 1
432873 1
432874 1
432875 1
432879 1
432881 1
432882 1
432884 1
432886 1
432889 1
432890 1
432898 1
432900 2
432901 1
432902 1
432903 1
432904 1
432908 1
432923 1
432929 1
432930 1
432936 2
432939 1
432950 1
432952 1
432964 1
432965 1
432977 1
432981 1
433004 1
433006 1
433008 1
433026 1
433040 1
433053 1
433056 1
433060 1
433064 2
433065 1
433067 1
433068 1
433083 1
433090 1
433091 1
433093 1
433104 1
433112 1
433113 1
433120 1
433139 1
433141 1
433153 1
433155 1
433167 1
433171 1
433172 1
433187 1
433195 1
433197 1
433199 1
433202 1
433208 1
433209 1
433213 1
433216 1
433219 1
433220 1
433229 1
433236 1
433237 1
433239 1
433241 1
433242 1
433256 1
433269 1
433282 1
433295 1
433303 1
433309 1
433319 1
433320 1
433322 1
433330 1
433349 1
433357 1
433358 1
433378 1
433380 1
433389 1
433390 1
433392 1
433398 1
433400 1
433401 1
433406 1
433409 1
433413 1
433415 1
433430 1
433442 1
433452 1
433456 1
433464 1
433465 1
433467 1
433477 1
433480 5
433484 1
433488 1
433518 1
433529 1
433530 1
433531 1
433532 1
433540 1
433558 1
433567 1
433596 1
433602 1
433606 1
433615 1
433637 1
433642 1
433645 1
433649 1
433655 1
433656 1
433660 1
433661 1
433666 1
433680 1
433683 1
433692 1
433702 1
433707 1
433718 1
433724 1
433725 1
433726 1
433728 1
433732 1
433745 1
433748 1
433753 1
433762 1
433769 1
433774 1
433781 1
433806 1
433824 1
433832 1
433836 1
433837 1
433843 1
433854 1
433858 1
433860 1
433864 1
433870 1
433881 1
433890 1
433891 1
433911 1
433919 1
433921 1
433935 1
433941 1
433943 1
433950 1
433955 1
433957 1
433963 1
433965 1
433968 1
433973 1
433974 1
433984 1
434003 1
434019 1
434026 1
434039 1
434041 1
434058 1
434062 1
434064 1
434069 1
434075 2
434076 1
434077 1
434080 1
434084 1
434092 1
434100 1
434104 1
434109 1
434112 1
434114 1
434119 1
434128 1
434162 1
434169 1
434175 1
434176 1
434179 1
434195 1
434211 1
434223 1
434228 1
434232 1
434233 1
434247 1
434250 1
434302 1
434313 1
434320 1
434321 1
434323 1
434328 1
434335 1
434340 1
434511 1
434512 1
434514 1
434528 1
434531 2
434545 1
434549 1
434553 1
434569 1
434570 1
434575 1
434583 1
434592 1
434593 1
434606 1
434614 1
434618 1
434623 1
434630 1
434636 1
434644 1
434647 1
434650 1
434652 1
434657 1
434663 1
434675 1
434693 1
434711 1
434725 1
434731 1
434737 1
434738 1
434747 1
434749 1
434768 1
434803 1
434804 1
434818 1
434846 1
434856 1
434868 1
434869 1
434874 1
434878 1
434879 1
434880 2
434881 1
434884 1
434887 1
434893 1
434914 1
434917 4
434927 1
434932 1
434948 1
434957 1
434963 1
434964 1
434969 1
434974 1
434979 1
434990 1
434997 1
435007 1
435011 1
435012 1
435018 1
435020 1
435025 1
435030 1
435035 1
435046 1
435053 1
435068 1
435074 1
435081 1
435084 1
435086 1
435094 1
435107 1
435109 2
435110 1
435112 2
435113 1
435119 1
435120 1
435122 1
435125 1
435127 1
435132 1
435136 1
435137 1
435149 1
435151 1
435153 1
435159 1
435169 1
435173 1
435177 1
435178 1
435181 1
435191 1
435198 1
435201 1
435214 1
435215 1
435222 1
435228 1
435245 1
435247 1
435250 1
435258 1
435289 1
435290 1
435296 1
435321 1
435327 2
435328 1
435331 1
435335 1
435336 1
435339 1
435342 1
435354 1
435359 1
435361 1
435365 1
435378 1
435381 1
435383 1
435384 1
435388 1
435404 1
435405 1
435408 1
435410 1
435416 1
435417 1
435423 1
435424 1
435426 1
435430 2
435436 1
435441 1
435445 1
435449 1
435453 1
435455 1
435460 1
435471 1
435476 1
435481 1
435484 1
435490 1
435491 1
435499 1
435518 1
435519 1
435522 1
435533 1
435541 1
435543 2
435546 1
435548 1
435557 2
435586 1
435594 2
435600 2
435601 1
435602 1
435614 1
435617 1
435628 1
435629 1
435630 1
435639 1
435643 1
435651 1
435657 1
435659 1
435682 1
435687 1
435693 1
435701 1
435718 1
435734 1
435747 1
435758 1
435766 1
435770 1
435783 1
435785 1
435791 1
435793 3
435798 1
435799 1
435823 1
435828 2
435832 1
435833 2
435842 1
435843 1
435844 1
435845 1
435846 1
435850 1
435862 1
435868 1
435869 1
435875 1
435881 1
435893 1
435901 1
435913 1
435920 1
435922 1
435927 1
435932 2
435938 1
435939 1
435947 1
435948 1
435954 1
435955 1
435962 1
435969 1
435977 1
435983 1
435986 1
435992 1
435993 1
436004 1
436007 1
436016 2
436022 1
436025 1
436026 1
436029 1
436049 1
436053 1
436066 1
436075 1
436077 1
436082 1
436094 1
436103 1
436106 1
436113 1
436117 1
436120 1
436123 1
436124 1
436135 1
436143 1
436148 1
436162 1
436165 1
436186 1
436193 1
436206 1
436211 1
436214 1
436239 1
436243 1
436247 1
436253 1
436262 1
436267 1
436272 1
436273 1
436280 1
436285 1
436311 1
436317 1
436332 1
436341 2
436345 1
436347 1
436359 1
436366 1
436371 1
436372 1
436374 1
436377 1
436383 1
436396 1
436400 1
436401 1
436408 1
436412 1
436420 1
436428 1
436440 1
436442 2
436444 1
436445 1
436451 1
436453 1
436458 1
436464 1
436467 1
436471 1
436476 1
436509 1
436519 1
436520 1
436546 1
436556 1
436574 1
436579 1
436601 1
436602 1
436606 1
436607 1
436619 1
436635 1
436660 1
436661 1
436663 1
436667 1
436669 2
436683 1
436689 1
436694 1
436717 1
436738 1
436742 1
436744 1
436756 1
436761 1
436769 1
436787 1
436799 1
436819 1
436825 1
436829 1
436835 1
436838 1
436844 1
436854 1
436859 1
436862 2
436869 1
436872 1
436879 1
436886 1
436892 1
436897 1
436899 1
436900 1
436909 1
436928 1
436933 1
436935 1
436952 1
436953 1
436964 1
436971 1
436975 1
436984 1
436988 1
436994 1
437000 1
437002 1
437011 1
437015 1
437017 1
437022 1
437027 1
437051 1
437060 1
437071 1
437087 1
437095 1
437098 1
437102 1
437112 1
437114 1
437116 1
437126 1
437130 1
437131 1
437132 1
437133 1
437134 1
437159 1
437165 1
437187 1
437189 2
437194 1
437198 1
437212 1
437214 1
437218 1
437222 1
437226 1
437230 1
437236 1
437245 1
437250 1
437253 1
437257 1
437266 1
437272 1
437275 1
437285 1
437295 1
437299 1
437306 1
437308 2
437323 1
437324 1
437332 1
437336 1
437338 1
437340 1
437345 1
437346 1
437352 1
437383 1
437384 1
437392 1
437394 1
437396 1
437399 1
437405 1
437416 1
437425 1
437436 1
437438 1
437446 1
437458 1
437465 1
437485 1
437487 2
437490 1
437494 1
437499 1
437533 1
437541 1
437548 1
437554 1
437568 2
437572 1
437574 1
437583 1
437608 1
437614 1
437623 1
437627 1
437628 1
437644 1
437648 1
437664 1
437668 1
437669 1
437671 1
437680 1
437685 1
437688 2
437691 1
437692 1
437698 1
437700 1
437706 1
437707 1
437715 1
437727 1
437742 1
437757 1
437759 1
437780 1
437801 1
437811 1
437821 1
437827 1
437830 1
437832 1
437834 1
437852 1
437859 1
437861 1
437880 1
437888 1
437898 1
437904 1
437907 1
437916 1
437922 1
437927 2
437930 1
437935 1
437941 1
437942 1
437949 1
437953 1
437956 1
437963 1
437973 1
437976 1
437981 1
437983 1
437987 1
437998 2
438001 1
438006 1
438022 1
438025 1
438036 1
438041 1
438046 1
438057 1
438072 1
438073 1
438076 1
438091 1
438106 1
438114 1
438121 1
438129 1
438131 1
438134 1
438141 1
438142 1
438143 1
438154 2
438161 1
438180 1
438182 1
438213 1
438226 1
438237 1
438239 1
438241 1
438246 1
438264 1
438271 1
438275 1
438278 1
438279 2
438280 1
438300 1
438302 1
438313 1
438314 1
438317 1
438323 1
438331 1
438334 2
438349 1
438350 1
438352 1
438360 1
438370 1
438387 1
438391 1
438406 1
438422 1
438445 1
438447 1
438448 1
438466 1
438469 1
438473 1
438481 1
438484 2
438490 1
438493 1
438496 1
438499 1
438504 1
438523 1
438531 1
438540 1
438546 1
438547 1
438550 1
438554 1
438562 1
438569 1
438580 1
438595 1
438600 1
438617 2
438631 1
438633 1
438638 1
438647 1
438650 1
438653 1
438664 1
438665 1
438670 1
438679 1
438680 1
438686 1
438692 1
438698 1
438701 1
438704 1
438705 1
438707 1
438713 1
438714 1
438718 1
438728 1
438732 1
438734 1
438738 1
438744 1
438745 1
438746 1
438750 1
438758 1
438760 1
438761 1
438768 4
438772 1
438797 1
438799 1
438814 1
438816 2
438824 1
438825 1
438832 1
438836 1
438841 1
438849 1
438851 1
438852 1
438862 1
438863 1
438864 1
438878 1
438886 1
438894 1
438912 1
438921 1
438936 1
438942 1
438944 1
438945 1
438950 1
438960 1
438962 1
438966 1
438967 1
438980 1
438982 1
438984 1
438988 1
438989 1
438990 1
439001 1
439005 2
439010 1
439031 1
439058 3
439061 1
439068 1
439069 1
439074 1
439098 1
439099 1
439118 1
439119 1
439132 1
439147 1
439148 1
439156 1
439159 1
439175 1
439182 1
439185 1
439190 1
439200 1
439208 1
439213 2
439214 1
439217 1
439222 1
439227 1
439249 1
439254 2
439260 1
439264 1
439266 1
439272 1
439278 1
439280 1
439286 1
439290 1
439299 2
439305 1
439339 1
439348 1
439352 1
439354 1
439355 1
439359 1
439376 1
439385 1
439386 1
439429 1
439430 1
439446 1
439447 1
439465 1
439470 1
439477 1
439479 1
439480 1
439485 1
439496 1
439500 1
439511 1
439525 1
439528 1
439529 1
439539 1
439544 1
439545 1
439549 1
439550 1
439554 1
439559 1
439574 1
439577 1
439585 1
439594 1
439596 1
439599 1
439613 1
439625 1
439627 1
439628 1
439633 1
439653 1
439655 1
439657 1
439660 1
439663 1
439668 1
439685 1
439687 1
439693 2
439719 1
439723 1
439725 1
439726 1
439728 1
439733 1
439735 1
439737 1
439738 1
439742 1
439756 1
439761 1
439762 1
439765 1
439792 1
439795 1
439804 1
439806 1
439807 1
439815 1
439844 1
439845 1
439849 1
439853 1
439854 1
439859 1
439873 1
439884 1
439889 1
439891 1
439907 1
439909 1
439923 1
439924 2
439969 1
439979 2
439990 1
439992 1
440001 1
440026 1
440029 1
440038 1
440041 1
440042 1
440046 1
440048 1
440050 1
440051 1
440058 1
440074 1
440085 1
440087 1
440090 1
440092 1
440095 1
440097 1
440101 1
440107 1
440112 1
440118 1
440119 2
440122 1
440138 1
440141 1
440147 1
440149 2
440150 2
440158 1
440164 1
440186 1
440192 1
440194 1
440195 1
440201 1
440206 1
440223 1
440227 1
440242 1
440246 1
440249 1
440262 1
440266 2
440273 1
440277 1
440279 1
440281 1
440282 1
440289 1
440296 1
440299 1
440308 1
440314 1
440332 1
440336 1
440340 1
440351 1
440353 1
440356 1
440362 1
440370 1
440374 1
440375 1
440376 1
440392 1
440393 1
440397 1
440400 1
440416 1
440420 1
440435 1
440441 1
440445 1
440450 1
440478 1
440480 1
440482 1
440488 1
440510 2
440519 1
440520 1
440536 1
440537 1
440540 1
440557 1
440566 1
440574 1
440586 1
440589 1
440596 1
440598 1
440600 1
440601 1
440604 1
440608 2
440620 1
440622 1
440631 1
440637 1
440640 1
440648 1
440649 1
440655 1
440656 1
440657 1
440665 1
440770 1
440777 1
440779 1
440845 1
440848 1
440862 1
440870 1
440871 1
440873 1
440890 1
440937 1
440942 1
440944 1
440946 1
440954 1
440960 1
440964 1
440978 1
440979 1
440981 1
440984 1
440996 1
441001 1
441009 1
441021 1
441035 1
441037 1
441038 1
441039 1
441040 1
441041 1
441042 1
441050 1
441064 1
441068 1
441076 1
441095 1
441097 1
441106 1
441110 1
441116 1
441120 1
441124 1
441128 1
441135 1
441136 1
441141 1
441154 1
441159 1
441160 1
441162 1
441165 1
441166 1
441178 1
441196 1
441202 1
441207 1
441209 1
441212 1
441215 1
441225 1
441230 1
441231 1
441246 1
441253 1
441269 1
441283 1
441299 1
441300 1
441301 1
441304 1
441327 1
441330 1
441334 1
441339 1
441359 1
441373 1
441374 1
441376 1
441379 1
441380 1
441382 1
441383 1
441389 1
441392 1
441409 1
441421 1
441423 1
441438 1
441441 1
441444 1
441450 1
441454 1
441457 1
441470 1
441472 1
441480 1
441493 1
441506 1
441507 1
441513 1
441514 1
441515 1
441519 1
441520 1
441524 1
441543 1
441558 1
441560 1
441564 1
441566 1
441578 1
441586 1
441599 1
441600 1
441609 1
441619 1
441620 1
441626 1
441632 1
441656 1
441661 1
441665 1
441667 1
441675 1
441683 1
441685 1
441693 1
441694 1
441721 1
441727 1
441728 1
441729 1
441748 1
441753 1
441756 1
441760 1
441761 1
441764 1
441779 1
441793 1
441797 1
441814 1
441819 1
441836 1
441839 2
441851 1
441854 1
441862 1
441863 1
441880 1
441893 1
441895 1
441901 1
441907 1
441910 1
441923 1
441924 1
441931 1
441934 1
441940 1
441945 1
441947 1
441951 1
441954 1
441965 1
441973 1
441974 1
441979 1
441991 1
441994 1
441996 1
442001 1
442011 1
442016 1
442020 1
442028 1
442044 1
442050 1
442051 1
442058 1
442084 1
442086 1
442097 1
442104 1
442107 1
442109 1
442110 1
442115 1
442118 1
442127 1
442145 1
442159 1
442165 1
442166 1
442170 1
442188 1
442190 1
442194 1
442198 1
442205 1
442225 1
442229 1
442236 1
442238 1
442247 1
442251 1
442258 1
442260 1
442261 1
442265 1
442266 2
442271 1
442273 1
442283 1
442293 1
442302 1
442305 1
442307 1
442315 1
442317 1
442320 1
442324 1
442341 1
442343 1
442345 1
442346 1
442353 2
442354 1
442362 1
442384 1
442389 1
442397 1
442400 1
442403 3
442407 1
442413 1
442447 1
442451 1
442452 1
442469 1
442474 1
442481 1
442484 1
442491 1
442508 1
442512 1
442514 1
442529 1
442532 1
442548 1
442558 1
442560 1
442577 1
442595 1
442601 1
442608 1
442617 1
442619 1
442627 1
442631 1
442638 1
442641 1
442645 1
442646 1
442658 1
442660 1
442662 1
442667 1
442669 1
442680 1
442682 1
442683 1
442692 1
442693 1
442699 1
442700 1
442704 1
442706 1
442711 1
442720 1
442724 1
442731 1
442738 1
442740 1
442744 1
442751 1
442760 1
442764 1
442770 1
442774 1
442782 1
442785 1
442793 1
442795 1
442807 1
442814 1
442815 1
442819 1
442822 1
442824 1
442836 2
442839 1
442842 1
442844 1
442847 1
442850 1
442851 1
442855 1
442869 1
442872 1
442881 1
442906 1
442909 1
442911 1
442925 1
442926 1
442931 1
442938 1
442945 1
442947 1
442953 1
442954 1
442959 1
442962 1
442983 1
442985 1
442986 2
442991 1
442993 1
442996 1
443013 1
443016 1
443020 1
443025 1
443028 1
443032 1
443034 1
443043 4
443050 1
443054 1
443055 1
443061 1
443062 1
443069 1
443089 1
443090 1
443094 1
443097 1
443102 2
443103 1
443111 1
443118 1
443123 1
443130 1
443140 1
443144 1
443146 1
443150 1
443151 1
443155 1
443157 1
443158 1
443163 1
443178 1
443185 1
443194 1
443197 1
443199 1
443200 1
443210 1
443211 1
443213 1
443215 1
443220 1
443225 1
443235 1
443237 1
443247 1
443257 1
443270 1
443273 1
443279 1
443284 1
443290 1
443302 1
443318 1
443321 1
443328 1
443336 1
443338 1
443340 1
443343 2
443363 1
443364 1
443371 1
443380 1
443388 1
443389 1
443394 1
443401 1
443406 1
443412 1
443420 1
443424 1
443425 1
443441 1
443443 1
443458 1
443478 2
443480 1
443482 1
443498 1
443509 1
443517 1
443521 1
443523 1
443526 1
443540 1
443541 1
443554 1
443561 1
443563 1
443564 1
443571 1
443590 1
443595 1
443602 1
443620 1
443625 1
443628 1
443631 1
443634 1
443635 1
443645 1
443646 1
443668 1
443673 1
443697 1
443706 1
443711 1
443723 1
443729 1
443731 1
443742 1
443749 1
443753 1
443756 1
443758 1
443765 1
443769 1
443772 2
443773 1
443795 1
443815 1
443818 2
443832 1
443846 1
443852 1
443856 1
443857 1
443868 1
443870 1
443876 1
443878 1
443881 1
443882 1
443885 1
443905 1
443907 1
443909 1
443911 1
443916 1
443918 1
443930 1
443935 1
443940 1
443960 1
444002 1
444006 1
444013 1
444032 1
444041 1
444053 1
444055 1
444057 1
444060 1
444061 1
444063 1
444065 1
444066 1
444076 1
444079 1
444085 1
444086 1
444092 1
444093 1
444095 1
444098 2
444110 2
444112 1
444116 1
444124 1
444125 1
444137 1
444140 1
444142 1
444156 1
444157 1
444160 1
444161 1
444162 1
444168 1
444172 3
444186 1
444199 1
444206 1
444211 1
444244 1
444245 1
444247 1
444255 1
444262 1
444265 1
444271 1
444274 1
444278 2
444279 1
444282 1
444286 1
444294 1
444311 1
444312 1
444318 1
444322 1
444337 1
444342 2
444350 1
444352 1
444359 1
444365 1
444368 1
444372 1
444379 1
444396 1
444399 1
444400 1
444410 1
444444 1
444477 1
444480 1
444481 1
444488 1
444491 1
444499 1
444503 1
444512 1
444513 1
444515 1
444516 1
444519 1
444520 1
444522 1
444531 1
444538 1
444542 1
444543 1
444546 1
444548 1
444553 1
444555 2
444563 1
444569 1
444570 1
444577 1
444583 1
444587 1
444592 1
444602 1
444606 1
444623 1
444632 1
444637 1
444655 1
444667 1
444668 1
444670 1
444673 1
444675 1
444693 1
444695 1
444713 1
444723 1
444724 1
444735 1
444736 1
444742 1
444748 1
444750 1
444758 1
444759 1
444766 1
444779 1
444781 2
444792 1
444817 1
444838 1
444846 3
444848 1
444849 1
444852 1
444860 1
444868 1
444873 1
444877 1
444894 1
444898 1
444901 1
444904 1
444913 1
444916 1
444925 1
444929 1
444938 1
444947 2
444949 1
444953 1
444955 2
444959 1
444961 1
444965 1
444967 1
444970 1
444977 1
444979 1
444990 1
444996 1
445000 1
445008 1
445011 1
445012 1
445022 1
445026 1
445031 1
445037 1
445046 1
445050 1
445052 1
445057 1
445058 1
445059 1
445064 1
445075 1
445080 1
445082 2
445095 1
445096 1
445108 1
445120 1
445126 1
445131 1
445135 1
445137 1
445149 1
445151 1
445155 1
445181 1
445190 2
445200 1
445231 1
445239 1
445259 1
445260 1
445270 1
445273 1
445285 1
445291 1
445293 1
445295 1
445301 1
445302 1
445312 1
445319 1
445321 1
445332 1
445334 1
445338 1
445344 1
445345 1
445353 1
445354 1
445357 1
445358 1
445359 1
445372 1
445376 2
445386 1
445394 1
445402 1
445422 2
445423 1
445434 1
445435 1
445466 1
445470 1
445483 1
445484 1
445492 1
445516 1
445524 1
445528 1
445534 1
445535 1
445537 1
445539 1
445547 1
445553 1
445555 1
445583 1
445592 1
445599 1
445626 1
445632 1
445643 1
445659 1
445661 1
445683 1
445685 1
445690 1
445698 1
445704 1
445705 1
445719 1
445737 1
445743 1
445747 1
445762 2
445763 1
445764 1
445772 1
445776 1
445782 1
445787 1
445789 1
445790 1
445799 1
445802 1
445806 1
445816 1
445822 2
445825 1
445834 1
445835 1
445839 1
445843 1
445849 1
445851 1
445852 1
445853 3
445877 1
445891 1
445899 1
445905 1
445910 1
445921 1
445931 1
445935 1
445938 1
445941 1
445943 1
445949 1
445953 1
445955 1
445964 1
445976 1
445988 1
445992 2
445999 1
446001 1
446004 1
446006 1
446019 1
446034 1
446039 1
446040 1
446044 1
446055 1
446057 1
446068 1
446073 1
446088 1
446090 1
446111 1
446115 1
446124 1
446126 2
446137 1
446145 1
446148 1
446157 1
446158 1
446174 1
446178 1
446198 1
446217 1
446219 1
446235 1
446261 1
446266 1
446267 1
446268 1
446285 1
446291 1
446306 1
446316 1
446327 1
446329 1
446331 1
446340 1
446362 1
446366 1
446377 1
446387 1
446421 1
446425 1
446430 1
446441 1
446446 1
446448 1
446449 1
446452 1
446453 1
446463 1
446474 1
446477 1
446478 1
446487 1
446493 1
446502 1
446506 1
446516 1
446517 1
446520 1
446523 1
446524 1
446532 1
446533 1
446539 1
446585 1
446590 1
446596 1
446597 1
446598 1
446600 1
446607 1
446613 1
446625 1
446626 1
446637 1
446639 1
446656 1
446657 1
446674 1
446676 1
446685 1
446698 1
446704 1
446722 2
446723 1
446737 1
446744 1
446747 1
446757 1
446759 1
446771 1
446777 1
446779 1
446780 1
446783 1
446785 1
446789 1
446797 1
446801 1
446806 2
446810 1
446812 1
446820 1
446848 1
446850 1
446862 1
446876 1
446884 1
446894 1
446901 1
446902 1
446908 1
446915 1
446917 1
446935 1
446939 1
446945 1
446951 1
446956 1
446962 1
446965 1
446970 1
446978 1
446992 1
446995 1
447002 1
447012 1
447013 1
447015 1
447025 1
447028 1
447035 2
447049 1
447053 1
447061 2
447064 1
447065 1
447074 1
447078 1
447079 1
447095 1
447104 1
447112 1
447114 1
447115 2
447121 1
447122 1
447128 1
447132 1
447144 1
447147 1
447153 1
447154 1
447161 1
447165 1
447172 1
447193 1
447205 1
447209 1
447228 1
447237 1
447243 1
447245 1
447247 1
447250 1
447257 1
447258 1
447271 1
447288 1
447302 1
447308 1
447328 1
447331 1
447340 1
447349 1
447350 1
447353 1
447376 1
447382 1
447386 1
447387 1
447395 1
447396 1
447409 1
447417 1
447421 1
447432 1
447434 1
447442 1
447445 1
447446 1
447450 1
447452 1
447460 1
447464 1
447477 1
447478 1
447484 1
447491 2
447494 1
447501 1
447504 1
447507 1
447510 1
447511 1
447521 1
447525 1
447534 1
447540 1
447542 1
447551 1
447554 1
447565 1
447586 1
447587 1
447596 1
447599 1
447607 1
447612 1
447619 1
447623 1
447628 1
447648 1
447649 1
447651 1
447660 1
447663 1
447664 1
447670 1
447671 1
447693 1
447700 1
447702 1
447711 1
447720 1
447728 1
447733 1
447752 1
447755 1
447757 1
447766 1
447768 1
447769 1
447779 1
447782 1
447792 1
447811 1
447813 1
447814 1
447824 1
447827 1
447833 1
447845 1
447846 1
447849 1
447864 1
447882 1
447886 1
447894 1
447898 1
447909 1
447912 1
447922 1
447924 1
447926 1
447935 1
447941 1
447960 1
447962 1
447964 1
447973 1
447976 1
447977 1
447980 1
447984 1
447986 1
447987 1
447991 1
447994 1
447997 1
447999 1
448003 1
448005 1
448006 1
448009 1
448013 1
448015 1
448018 1
448022 1
448034 1
448046 1
448053 2
448055 2
448059 1
448060 1
448092 1
448097 1
448105 1
448108 1
448110 1
448112 1
448113 2
448114 2
448119 1
448131 1
448133 1
448135 1
448139 1
448151 1
448164 2
448166 1
448169 1
448172 1
448174 1
448176 1
448188 1
448193 1
448195 1
448206 2
448212 1
448218 1
448224 1
448230 1
448232 1
448234 1
448235 1
448259 1
448262 1
448266 1
448268 1
448269 1
448272 1
448277 1
448279 1
448286 1
448292 1
448294 2
448297 1
448309 1
448338 1
448339 1
448344 1
448346 1
448355 1
448363 1
448365 1
448371 1
448372 1
448373 1
448391 1
448398 1
448406 1
448408 1
448411 1
448413 1
448414 1
448420 1
448421 1
448422 1
448424 1
448428 1
448429 1
448442 1
448443 1
448449 1
448452 1
448462 1
448478 1
448479 1
448490 1
448493 1
448496 1
448499 1
448500 1
448504 1
448515 1
448517 1
448527 1
448531 1
448547 1
448549 1
448555 1
448564 1
448568 1
448570 1
448571 1
448572 1
448574 1
448586 1
448590 1
448592 1
448594 1
448595 2
448605 1
448615 2
448620 1
448632 1
448639 1
448651 1
448652 1
448657 1
448677 1
448683 1
448684 1
448690 2
448699 1
448700 1
448703 1
448715 1
448716 1
448730 1
448731 1
448755 1
448756 1
448765 1
448781 1
448785 1
448790 2
448794 1
448807 1
448818 1
448823 1
448825 1
448835 1
448836 1
448842 1
448843 1
448850 1
448852 1
448870 6
448876 1
448885 1
448897 1
448910 1
448914 1
448916 1
448928 1
448932 1
448936 1
448940 1
448964 1
448996 1
449007 1
449013 1
449015 1
449026 1
449036 1
449038 1
449041 1
449052 1
449054 1
449055 1
449064 1
449067 1
449071 1
449090 1
449095 1
449096 1
449101 1
449105 1
449106 1
449107 1
449117 1
449124 1
449135 2
449138 1
449141 1
449142 1
449143 1
449148 1
449154 1
449155 1
449163 1
449164 1
449167 1
449168 1
449176 1
449178 1
449187 1
449201 1
449210 2
449211 1
449220 1
449227 1
449231 1
449232 1
449235 1
449247 2
449257 1
449258 1
449261 1
449265 1
449274 1
449296 1
449308 1
449319 1
449320 1
449321 1
449338 1
449355 1
449357 1
449374 1
449387 1
449409 1
449417 1
449420 2
449421 1
449428 1
449432 1
449434 1
449440 1
449444 1
449475 1
449485 1
449488 1
449489 1
449491 1
449497 2
449503 1
449510 1
449523 1
449524 1
449525 1
449529 1
449531 1
449551 1
449556 1
449563 1
449574 1
449576 1
449579 1
449584 1
449588 1
449607 1
449640 1
449641 1
449647 1
449648 1
449650 1
449656 1
449666 1
449676 1
449686 1
449692 1
449699 1
449701 1
449703 1
449708 1
449729 1
449738 1
449749 1
449750 1
449769 1
449771 1
449777 1
449783 1
449784 1
449798 1
449804 1
449806 1
449808 1
449809 1
449821 1
449824 1
449831 1
449833 1
449838 1
449840 1
449842 1
449846 1
449852 1
449857 1
449861 1
449866 1
449867 1
449871 1
449879 1
449887 3
449888 1
449890 1
449892 1
449900 1
449902 1
449904 1
449920 1
449923 1
449924 1
449928 1
449936 1
449944 1
449953 1
449957 1
449966 1
449969 1
449971 1
449977 1
449984 1
450003 1
450018 1
450026 1
450040 1
450041 1
450043 1
450067 1
450070 1
450079 1
450085 1
450092 1
450099 1
450103 1
450113 1
450115 1
450116 1
450118 1
450120 1
450123 1
450129 1
450137 1
450148 1
450181 1
450191 1
450195 1
450196 1
450202 1
450214 1
450220 1
450232 1
450236 1
450245 1
450246 1
450255 2
450256 1
450258 2
450272 1
450275 1
450288 1
450294 1
450297 1
450310 1
450314 1
450327 1
450340 1
450348 1
450354 1
450371 1
450376 1
450380 1
450383 1
450384 1
450385 1
450388 2
450394 1
450396 1
450400 1
450404 1
450406 1
450411 1
450419 1
450420 1
450423 1
450427 1
450428 1
450432 1
450436 1
450442 1
450444 1
450451 1
450453 1
450457 1
450458 1
450462 1
450466 1
450469 1
450480 1
450488 1
450496 1
450529 1
450541 1
450544 1
450550 1
450553 1
450571 1
450584 1
450592 1
450605 2
450616 1
450622 1
450623 1
450624 1
450632 1
450633 1
450637 1
450641 1
450647 1
450656 1
450658 1
450662 1
450666 1
450679 1
450680 1
450681 1
450686 1
450695 1
450699 1
450701 1
450707 1
450713 1
450715 1
450716 1
450720 1
450735 1
450737 1
450757 1
450760 1
450761 1
450762 1
450766 1
450769 1
450774 1
450780 1
450781 1
450782 1
450792 1
450796 1
450806 1
450810 1
450812 1
450816 1
450819 1
450821 1
450832 1
450835 1
450839 1
450842 1
450843 1
450844 1
450850 1
450857 1
450873 1
450874 1
450876 1
450880 1
450888 1
450890 1
450891 1
450902 1
450906 1
450914 1
450923 1
450934 1
450938 1
450953 1
450961 1
450967 2
450968 1
450973 1
450975 1
450978 1
450979 1
450982 1
450987 1
450989 1
451011 1
451014 1
451018 1
451020 1
451028 1
451031 1
451037 1
451047 1
451050 1
451054 1
451059 1
451063 1
451066 1
451072 1
451091 1
451097 1
451101 1
451109 1
451111 1
451112 1
451114 1
451132 1
451133 1
451145 1
451152 1
451153 1
451157 1
451164 1
451166 1
451168 1
451169 1
451171 1
451186 1
451187 1
451189 1
451196 1
451201 1
451203 1
451205 1
451211 1
451212 1
451215 1
451219 1
451228 1
451233 1
451249 1
451250 1
451255 1
451256 3
451266 1
451276 1
451277 1
451288 1
451290 1
451298 1
451300 1
451312 1
451318 1
451329 1
451330 1
451332 1
451334 1
451342 1
451354 1
451357 1
451369 1
451379 1
451385 1
451387 2
451401 1
451404 1
451406 1
451408 1
451421 1
451429 1
451438 1
451442 1
451444 1
451457 1
451458 1
451459 1
451464 1
451466 1
451472 1
451474 1
451476 1
451481 1
451485 1
451490 1
451494 1
451498 1
451501 1
451504 1
451513 1
451514 1
451516 1
451522 1
451529 1
451533 1
451543 1
451547 1
451552 1
451556 1
451560 1
451573 1
451581 1
451582 1
451584 1
451588 1
451592 1
451603 1
451611 2
451613 2
451625 1
451626 2
451628 1
451630 1
451634 1
451635 1
451637 1
451641 1
451642 3
451643 1
451648 1
451650 1
451664 1
451666 1
451670 1
451679 1
451681 1
451689 1
451694 1
451699 1
451703 1
451705 1
451711 1
451713 1
451716 1
451733 1
451735 1
451737 1
451746 1
451750 1
451751 1
451752 1
451755 1
451760 1
451767 1
451769 1
451771 1
451772 1
451775 1
451784 1
451786 1
451793 1
451798 1
451809 1
451826 1
451828 1
451829 1
451831 1
451842 1
451850 1
451851 1
451871 1
451889 1
451903 1
451905 1
451908 1
451928 1
451933 1
451935 1
451939 1
451944 1
451947 1
451950 1
451965 1
451974 1
451975 1
451983 1
451990 1
452000 1
452013 1
452021 1
452028 1
452048 1
452050 1
452054 1
452057 1
452065 1
452087 1
452089 1
452091 2
452092 1
452094 1
452098 1
452111 1
452113 1
452116 1
452118 1
452120 1
452121 1
452123 1
452124 1
452132 1
452135 1
452137 1
452138 1
452140 1
452145 1
452155 1
452156 1
452158 1
452163 1
452165 1
452171 1
452175 1
452179 1
452208 1
452218 1
452221 1
452225 2
452228 1
452232 1
452241 1
452250 1
452251 1
452255 1
452264 1
452277 1
452282 1
452284 1
452287 1
452291 1
452297 1
452298 1
452301 1
452305 1
452306 1
452310 1
452315 1
452319 1
452322 1
452324 1
452328 1
452330 1
452346 1
452366 1
452372 1
452380 1
452382 1
452387 2
452394 1
452404 1
452418 1
452423 1
452441 1
452442 1
452443 1
452450 1
452452 1
452456 1
452472 1
452500 1
452502 1
452510 1
452514 1
452519 1
452524 1
452525 1
452540 1
452545 1
452550 1
452552 1
452553 1
452570 1
452575 1
452580 1
452583 1
452585 1
452595 1
452604 1
452606 1
452611 1
452621 1
452622 1
452632 1
452649 1
452676 1
452680 1
452683 1
452686 1
452697 1
452704 1
452710 1
452721 1
452724 1
452737 1
452739 1
452746 1
452749 1
452758 1
452765 1
452784 2
452785 1
452789 1
452795 2
452798 1
452808 1
452812 1
452843 2
452850 2
452853 1
452855 1
452857 1
452865 1
452869 1
452889 1
452890 1
452893 1
452900 1
452905 1
452918 1
452933 1
452937 1
452938 2
452939 1
452944 1
452945 1
452950 1
452955 1
452956 1
452957 1
452958 1
452969 1
452971 1
452981 1
452985 1
452986 1
452993 1
452994 1
452995 2
452996 1
453004 1
453006 1
453012 1
453018 1
453019 1
453038 1
453040 1
453051 1
453054 1
453055 1
453058 1
453061 1
453066 1
453071 1
453078 1
453080 1
453084 1
453087 1
453092 1
453102 1
453104 1
453112 1
453131 1
453133 1
453135 1
453146 1
453151 1
453154 1
453158 1
453159 1
453163 1
453164 1
453174 1
453178 1
453184 1
453185 1
453188 1
453193 1
453195 1
453197 1
453211 1
453214 1
453224 1
453226 1
453238 2
453250 1
453251 1
453252 1
453257 1
453270 1
453276 1
453284 1
453290 1
453291 1
453293 1
453302 1
453304 1
453310 1
453313 1
453318 1
453335 1
453336 1
453339 1
453343 1
453355 1
453365 1
453370 1
453374 1
453387 1
453410 1
453412 1
453420 1
453428 1
453436 2
453439 1
453448 1
453450 1
453451 1
453456 1
453464 1
453465 1
453473 1
453474 1
453482 1
453489 1
453495 1
453496 1
453500 1
453501 1
453502 1
453503 1
453522 1
453526 1
453536 1
453559 1
453564 1
453565 1
453566 1
453572 1
453574 1
453580 2
453587 1
453590 1
453606 1
453612 1
453628 1
453634 1
453635 1
453639 1
453641 1
453648 1
453652 1
453654 1
453661 1
453662 1
453667 1
453671 1
453674 1
453675 1
453689 1
453692 1
453695 1
453697 1
453702 1
453707 1
453726 1
453736 1
453746 1
453747 1
453769 1
453772 1
453776 1
453780 1
453783 1
453784 1
453792 1
453798 1
453802 1
453805 1
453814 1
453825 1
453837 1
453839 1
453850 1
453851 1
453855 2
453859 1
453860 1
453862 1
453875 1
453898 1
453913 1
453928 1
453933 1
453937 1
453939 1
453949 1
453955 1
453956 1
453958 1
453969 1
453971 1
453972 1
453976 1
453978 1
453991 1
453993 1
453995 1
454009 1
454011 1
454017 1
454027 1
454031 1
454046 1
454051 1
454053 1
454055 1
454056 1
454064 1
454069 1
454071 1
454073 1
454075 1
454081 1
454085 2
454088 1
454096 1
454102 1
454106 1
454109 1
454111 1
454114 1
454119 1
454123 1
454125 1
454128 1
454134 1
454135 1
454155 1
454157 1
454158 1
454172 1
454173 1
454175 1
454186 1
454195 1
454196 1
454202 1
454219 1
454221 1
454225 1
454228 1
454244 1
454255 1
454260 1
454265 1
454267 1
454276 1
454285 1
454288 1
454297 1
454304 1
454306 1
454316 1
454325 1
454328 2
454330 1
454335 1
454349 1
454361 1
454366 1
454367 1
454371 1
454384 1
454386 1
454390 1
454398 1
454412 1
454416 1
454417 1
454419 1
454420 1
454427 1
454439 1
454444 1
454447 1
454457 1
454468 1
454471 1
454475 1
454478 1
454481 1
454485 1
454488 1
454491 1
454495 1
454513 1
454516 1
454526 1
454536 1
454538 1
454539 1
454553 1
454559 1
454561 1
454565 1
454567 1
454577 1
454579 1
454587 1
454590 1
454593 1
454597 1
454603 1
454609 1
454610 1
454611 1
454619 1
454622 1
454625 1
454626 1
454628 1
454638 1
454659 1
454665 2
454666 1
454672 1
454674 1
454677 1
454680 1
454684 1
454692 1
454693 1
454698 1
454701 1
454719 2
454721 1
454723 1
454730 1
454733 1
454735 1
454741 1
454754 2
454763 1
454764 1
454766 1
454767 1
454773 1
454775 1
454777 1
454778 1
454780 1
454784 1
454807 1
454813 1
454818 1
454820 1
454822 1
454824 1
454827 1
454845 1
454851 1
454855 1
454857 1
454880 1
454885 1
454887 2
454892 1
454898 1
454900 1
454901 1
454902 1
454904 1
454907 1
454911 1
454921 1
454923 1
454927 1
454934 1
454938 1
454940 1
454952 1
454956 1
454957 1
454965 1
454977 1
454980 1
454984 1
454986 1
454991 1
454997 1
455001 1
455002 1
455004 1
455020 1
455029 1
455031 1
455034 1
455037 1
455038 1
455039 1
455041 1
455047 1
455048 1
455053 1
455057 1
455060 1
455063 1
455076 1
455082 1
455092 1
455103 1
455105 1
455106 1
455107 1
455119 1
455131 1
455133 1
455149 1
455163 1
455167 1
455171 1
455174 1
455176 1
455177 1
455179 1
455198 1
455199 1
455201 1
455209 1
455217 1
455222 1
455236 1
455247 1
455249 1
455251 1
455261 1
455262 1
455266 1
455283 1
455297 1
455301 1
455303 1
455306 1
455308 1
455311 1
455315 1
455316 1
455320 1
455321 1
455329 1
455337 2
455345 1
455350 1
455362 1
455364 2
455365 1
455368 1
455374 1
455377 1
455379 1
455381 1
455382 1
455386 1
455392 1
455398 1
455400 2
455404 1
455405 1
455407 1
455416 1
455417 1
455421 1
455424 1
455436 1
455442 1
455444 1
455445 1
455452 1
455455 1
455465 1
455471 1
455476 1
455477 1
455478 1
455480 1
455488 1
455498 1
455500 1
455501 1
455504 1
455506 1
455512 1
455516 1
455518 1
455529 1
455535 1
455541 1
455544 1
455546 1
455550 1
455558 1
455560 1
455564 1
455575 1
455579 1
455583 1
455591 1
455592 1
455596 1
455599 2
455630 1
455632 1
455635 1
455637 1
455643 1
455649 1
455656 1
455667 1
455669 2
455671 1
455689 1
455690 1
455699 1
455714 1
455718 1
455723 1
455725 1
455733 1
455734 1
455738 1
455740 1
455746 1
455755 1
455771 1
455777 1
455787 1
455794 1
455801 2
455813 1
455823 1
455830 1
455832 1
455845 2
455850 1
455860 1
455864 1
455883 1
455884 1
455886 1
455909 1
455922 1
455926 2
455930 1
455931 1
455932 1
455938 1
455942 1
455944 1
455949 1
455950 1
455951 1
455960 1
455973 1
455979 1
455993 1
455994 1
456004 1
456010 1
456033 1
456035 1
456039 1
456042 1
456048 1
456051 1
456052 1
456059 1
456060 1
456064 1
456071 1
456077 1
456083 1
456085 1
456097 1
456105 1
456106 1
456127 1
456135 1
456143 1
456144 1
456148 1
456156 2
456157 1
456158 1
456160 1
456173 1
456178 1
456180 1
456181 1
456192 1
456194 1
456196 1
456198 1
456201 1
456209 1
456211 1
456231 1
456235 1
456243 1
456245 1
456247 1
456251 1
456252 1
456260 1
456267 1
456279 1
456283 1
456286 1
456291 1
456295 1
456296 1
456312 1
456316 1
456317 1
456320 1
456342 1
456345 1
456348 1
456352 1
456386 1
456401 1
456402 1
456405 1
456424 1
456429 1
456434 1
456439 1
456443 1
456448 1
456450 1
456453 1
456456 1
456472 1
456480 1
456493 1
456497 1
456499 1
456500 1
456530 1
456538 1
456540 1
456542 1
456546 1
456552 1
456560 1
456562 1
456566 1
456571 1
456574 1
456575 1
456578 1
456579 1
456585 1
456589 1
456590 1
456594 1
456605 1
456606 1
456607 1
456618 1
456620 1
456631 1
456634 1
456635 1
456639 1
456646 1
456648 1
456649 1
456669 1
456675 1
456676 1
456680 1
456689 1
456695 1
456698 1
456702 1
456719 1
456722 1
456724 1
456725 1
456735 1
456738 1
456740 1
456750 1
456751 1
456753 1
456757 1
456763 1
456764 1
456765 1
456776 1
456778 1
456781 1
456786 1
456793 1
456804 1
456805 1
456815 1
456821 1
456834 1
456841 1
456845 1
456847 2
456858 1
456861 1
456867 1
456869 1
456874 1
456877 1
456878 1
456882 1
456887 1
456892 1
456893 1
456894 1
456911 1
456918 1
456920 1
456923 1
456926 1
456931 1
456934 1
456937 1
456950 1
456956 1
456962 1
456964 1
456982 1
456986 1
456994 1
457012 1
457023 1
457029 1
458585 1
458690 1
459028 1
460841 1
461020 1
463103 1
463677 1
466330 1
467682 1
468279 1
468716 1
471914 1
472964 1
482577 1
493057 1
494016 1
496362 1
498726 1
500085 1
513829 1
531525 1
531910 1
534596 1
549364 1
553986 1
561607 1
577044 1
583688 1
592422 1
596348 1
596780 1
620592 1
626689 1
644772 1
666138 1
667624 1
685341 1
686704 1
701145 1
710626 1
765363 1
809082 1
862802 1
