1 1 100 395.385
2 2 100 4248.93
3 3 100 4272.67
4 4 100 4276.17
5 5 100 4279.91
6 6 100 4287.03
7 7 100 4701.51
8 8 100 4969.05
9 9 100 4976.71
10 10 100 4986.25
11 11 100 5118.93
12 12 100 5124.53
13 13 100 5127.46
14 14 100 5132.96
15 15 100 5137.1
16 16 100 5138.1
17 17 100 5156.91
18 18 100 5158.18
19 19 100 5160.52
20 20 100 5162.9
21 21 100 5166.95
22 22 100 5171.45
23 23 100 5196.74
24 24 100 5201.86
25 25 100 5204.8
26 26 100 5229.36
27 27 100 5257.11
28 28 100 5259.24
29 29 100 5261.96
30 30 100 5265.34
31 31 100 5287.34
32 32 100 5290.92
33 33 100 5293.11
34 34 100 5304.35
35 35 100 5306.5
36 36 100 5317.95
37 37 100 5388.3
38 38 100 5397.67
39 39 100 5406.06
40 40 100 5407.06
41 41 100 5408.78
42 42 100 5409.8
43 43 100 5412.03
44 44 100 5419.93
45 45 100 5428.78
46 46 100 5436.61
47 47 100 5444.99
48 48 100 5452.98
49 49 100 5460.07
50 50 100 5464.44
