1 1 100 1.05255
2 2 100 2.05255
3 3 100 3.14452
4 4 100 4.14612
5 5 100 5.14612
6 6 100 6.514
7 7 100 7.60597
8 8 100 8.97384
9 9 100 9.99408
10 10 100 11.362
11 11 100 12.7298
12 12 100 13.8218
13 13 100 19.7874
14 14 100 20.7874
15 15 100 22.9315
16 16 100 23.9315
17 17 100 32.1234
18 18 100 33.4913
19 19 100 6853.08
20 20 100 6872.88
21 21 100 6873.88
22 22 100 6874.91
23 23 100 6875.91
24 24 100 6877
25 25 100 6878.37
26 26 100 6879.74
27 27 100 6880.74
28 28 100 6881.74
29 29 100 6883.11
30 30 100 6884.48
31 31 100 6885.54
32 32 100 6887.95
33 33 100 6889.31
34 34 100 6890.68
35 35 100 6892.05
36 36 100 6894.15
37 37 100 6895.19
38 38 100 6896.93
39 39 100 6898.3
40 40 100 6899.3
41 41 100 6900.3
42 42 100 6901.3
43 43 100 6902.67
44 44 100 6904.04
45 45 100 6905.4
46 46 100 6907.88
47 47 100 6908.97
48 48 100 6909.97
49 49 100 6911.34
50 50 100 6912.34
