552392 1 0
24543 2 0
113678 2 61
556460 2 1712
94322 3 4
552484 4 4
501853 5 6
45931 6 8
548101 7 14
101242 8 15
57229 9 17
552530 10 18
49037 11 20
410648 12 21
548486 12 32
552583 12 39
552623 12 58
552731 12 102
547767 12 126
552833 12 134
163009 12 148
552880 12 154
508057 12 170
374414 12 174
552934 12 174
552945 12 189
552950 12 193
553017 12 226
53775 12 230
547191 12 230
552774 12 240
553119 12 266
553306 12 338
3574 12 358
553394 12 377
22024 12 410
553503 12 417
553509 12 421
553666 12 480
553779 12 528
553888 12 572
553932 12 595
554072 12 647
554084 12 649
554107 12 670
554134 12 677
554162 12 689
451158 12 715
30250 12 751
549481 12 770
554401 12 777
554483 12 809
554740 12 917
539271 12 961
554863 12 980
554901 12 994
306888 12 1081
553310 12 1081
555313 12 1161
40359 12 1163
555534 12 1261
553464 12 1278
33098 12 1281
57801 12 1313
555700 12 1333
555708 12 1334
555715 12 1338
555966 12 1471
555993 12 1481
556323 12 1632
556691 12 1822
555943 12 1834
486903 12 1877
556919 12 1934
556978 12 1951
85703 12 2001
557282 12 2147
557292 12 2155
557538 12 2305
557760 12 2435
476842 12 2579
558076 12 2605
420699 12 2693
558615 12 2875
236856 12 2907
333478 12 2983
559003 12 3056
14227 12 3539
560382 12 3928
560404 12 3940
560470 12 3971
546234 12 4169
231231 12 4213
530656 12 4250
561144 12 4364
561203 12 4400
557472 12 4500
561755 12 4740
407564 12 4745
561850 12 4784
561883 12 4795
562710 12 5259
562831 12 5336
563809 12 5908
563842 12 5927
563913 12 5978
564312 12 6216
564664 12 6421
564678 12 6427
445635 12 6558
564915 12 6572
565075 12 6668
565184 12 6747
565705 12 7069
552545 13 24
552548 14 27
552557 15 31
552558 16 31
552565 17 32
552402 18 38
552548 19 42
552592 20 43
552593 21 43
552604 22 49
552607 23 50
552614 24 53
552625 25 59
552626 26 59
552629 27 61
442649 28 62
552634 29 62
552638 30 62
552644 31 64
552142 32 65
552653 33 67
552656 34 69
552659 35 72
552666 36 73
552671 37 75
552674 38 76
552685 39 77
552694 40 88
552695 41 89
39093 42 89
552701 43 90
552702 44 92
23775 45 95
552712 46 95
510422 47 96
552716 48 97
542408 49 100
552728 50 102
552733 51 102
552742 52 103
44390 53 103
42213 54 104
113799 55 106
552764 56 108
349369 57 110
553030 57 231
56877 58 113
552783 59 115
497930 60 118
552803 61 123
50441 62 129
552819 63 131
552824 64 132
514516 65 133
15961 66 134
90152 67 134
552836 68 136
552792 69 137
552842 70 139
56222 71 145
539555 72 146
94772 73 149
552865 74 149
552867 75 149
547782 76 150
552877 77 151
210937 77 401
553519 77 427
554101 77 668
557288 77 2153
558922 77 3024
559268 77 3188
560072 77 3759
372733 77 3813
350849 77 5954
244613 78 154
552887 79 155
55489 80 156
260396 81 156
552892 82 158
56858 83 159
552912 83 166
50023 84 163
19189 85 164
552908 86 165
547899 86 358
69394 87 165
45515 88 168
12947 89 169
552922 90 171
552927 91 172
552936 92 175
553849 92 559
555828 92 1404
487704 92 1846
557803 92 2455
562168 92 4936
58425 93 179
552940 94 179
552943 95 184
178251 96 189
552947 97 190
552952 98 193
144790 99 196
552958 100 197
552963 101 202
552975 102 206
549517 103 206
334990 104 206
552985 105 211
240768 106 218
14078 107 221
553016 108 226
238711 109 229
56985 110 239
34703 111 240
553050 112 240
360470 113 242
553062 114 246
24027 115 247
6917 116 247
553065 117 247
553068 118 248
553069 119 248
553324 119 347
553078 120 252
553079 121 252
36882 122 252
559479 122 3299
553085 123 252
553090 124 254
48206 125 256
449440 126 258
25454 127 259
553104 128 260
553131 129 269
34117 129 7057
553134 130 271
553149 131 276
553401 131 378
557834 131 2500
553160 132 278
553165 133 282
553168 134 283
553169 135 284
553174 136 285
553191 137 290
40493 138 291
531724 139 292
40493 140 294
59101 141 300
553218 142 302
553225 143 304
553228 144 307
34703 145 309
3921 146 310
553243 147 314
42403 148 318
131700 149 324
24128 150 330
214034 151 333
553318 152 342
72460 153 344
8 154 345
26156 154 351
30992 154 415
273569 154 499
510168 154 1810
232588 155 347
553326 156 347
340995 156 2607
187152 157 348
531240 158 349
553331 159 350
553334 160 351
553335 161 352
27415 162 354
513982 163 355
553340 164 355
553349 165 359
553352 166 359
553353 167 359
33790 168 361
553371 169 366
553374 170 366
540456 171 367
551025 172 377
56455 173 377
553400 174 378
219651 175 390
553361 176 391
166117 177 392
553438 178 397
553549 178 439
553835 178 553
563258 178 5610
114925 179 397
65334 180 397
553447 181 398
94361 182 400
553457 183 401
3683 183 458
553470 184 408
553470 185 408
553470 186 408
166117 187 412
553486 188 414
553491 189 415
553502 190 416
553513 191 425
54088 192 426
553525 193 428
553534 194 430
553535 195 431
553536 196 432
270947 197 434
553326 198 435
340995 198 2598
42396 199 442
29022 200 443
10831 201 445
150198 202 447
553575 203 448
536744 204 451
536744 205 453
518026 206 453
553589 207 454
73517 208 458
495673 209 459
553612 210 461
553617 211 462
553622 212 462
553623 213 462
553628 214 464
553629 215 464
552166 216 469
175432 217 471
553650 218 472
51960 219 476
553678 220 483
327098 221 485
53196 222 486
553695 223 491
5821 224 492
553713 225 501
553714 226 503
553733 227 508
553738 228 510
576445 229 513
242907 230 514
56329 230 939
553750 231 516
553755 232 518
7821 233 522
553771 234 524
553695 235 524
553775 236 525
553776 237 526
553783 238 530
553784 239 531
254074 240 534
553746 241 537
51968 242 539
431591 243 540
553811 244 542
58780 245 544
553817 245 545
553819 246 545
21950 247 551
553845 248 557
553848 249 559
271021 250 561
44785 250 4275
553856 251 561
440042 252 563
515448 253 563
553870 254 566
553877 255 566
553878 256 567
553906 257 579
391420 258 581
553908 259 582
553909 260 584
58852 261 584
42895 262 585
235871 263 587
29084 264 591
553930 265 593
45964 266 594
553934 267 596
553937 268 596
553940 269 598
553943 270 599
553946 271 600
388277 272 600
553950 273 602
553963 274 606
553846 275 607
553713 276 615
52024 277 616
553502 278 617
303118 279 624
56512 280 624
554014 281 627
238711 282 630
554030 283 632
16424 284 635
204179 285 638
515448 286 639
554226 286 716
98352 287 641
554065 288 646
554078 289 648
554083 290 649
554086 291 649
529089 292 661
494355 292 1729
43671 293 666
550608 294 666
400845 295 667
258938 296 672
554128 297 676
554129 298 676
554089 299 681
554145 300 682
42465 301 693
52967 302 694
554176 303 694
554193 304 705
554204 305 709
554207 306 709
49325 307 710
554219 308 713
409977 308 748
409961 308 752
409944 308 754
410214 308 765
410206 308 769
410259 308 774
410307 308 780
51394 309 713
554225 310 716
554225 311 720
554241 312 723
1756 313 725
554251 314 726
554254 315 726
554255 316 727
554264 317 732
554267 318 734
307887 319 737
57562 320 738
58450 321 739
37264 322 741
554290 323 744
270947 324 746
545245 325 748
554309 326 750
551262 327 752
515942 328 754
393854 329 754
52402 330 757
554344 331 759
52625 332 759
554350 333 762
554351 334 763
554372 335 768
45109 336 771
42615 337 774
554413 338 780
30866 339 780
57115 340 782
552783 341 782
554423 342 783
65334 343 786
554433 344 788
26149 345 791
554413 346 792
554446 347 793
554455 347 796
34181 348 793
302452 349 795
535275 350 797
554458 351 797
554461 352 800
554462 353 800
554463 354 801
554470 355 804
554470 356 805
554470 357 806
58852 358 807
55543 359 807
58954 360 809
556900 360 1921
554500 361 814
363420 362 815
57140 363 816
554507 364 818
554507 365 818
554511 366 819
271216 367 820
554521 368 822
442925 369 822
46915 370 826
554540 371 828
552674 372 828
554542 373 828
61538 374 830
554550 375 834
561689 375 4700
351639 376 841
554566 377 842
554569 378 843
59223 379 847
553473 380 849
554592 381 854
554593 382 855
554543 383 858
554607 384 861
420437 385 864
554635 386 873
554638 387 873
554643 388 875
549484 389 877
220397 390 879
554656 391 879
78433 392 882
99407 393 890
554689 394 892
554690 395 893
554691 396 893
559284 396 3195
16424 397 898
413394 398 900
554701 399 900
554703 400 901
554708 401 902
554713 402 904
554714 403 905
554723 404 909
392224 405 909
554735 406 913
213572 407 920
554733 408 921
548925 409 921
432874 410 921
554754 411 924
86064 412 926
554755 413 926
48834 414 927
57842 415 928
554763 416 928
554774 417 931
554779 418 933
409507 419 934
554781 420 935
554786 421 936
554799 422 939
554806 423 943
554546 424 952
238711 425 956
554823 426 958
554824 427 958
555644 427 1313
554825 428 959
495636 429 960
554463 430 961
108760 431 968
554865 432 981
554872 433 982
554878 434 984
284894 435 984
554879 436 984
554888 437 988
61538 438 989
554892 439 990
554893 440 991
53196 441 992
209758 441 1091
555376 441 1191
555702 441 1333
127658 441 2323
219133 441 2595
11505 441 3278
208263 442 994
410236 443 997
54703 444 998
58624 445 998
448110 446 998
556226 446 1589
554916 447 1000
55935 448 1001
41297 449 1004
555317 449 1162
554937 450 1010
399002 451 1012
554953 452 1019
48648 453 1020
554957 454 1020
554976 455 1030
48648 456 1031
554978 457 1033
554979 458 1033
554982 459 1037
554989 460 1040
554942 461 1041
277782 462 1041
409507 463 1041
270947 464 1043
16361 465 1045
67163 466 1047
28722 467 1052
554888 468 1052
555020 469 1054
57749 469 6243
29000 470 1055
555021 471 1055
555029 472 1058
555030 473 1058
216002 474 1066
216787 475 1066
555073 476 1071
49710 477 1072
56425 478 1079
13118 479 1080
44479 480 1084
555112 481 1086
555117 482 1087
555122 483 1090
555125 484 1092
56425 485 1092
555133 486 1098
410236 487 1103
555143 488 1104
55971 489 1104
555145 490 1106
555153 491 1106
555150 492 1110
555296 492 1151
47662 493 1113
555156 494 1113
555159 495 1115
555168 496 1117
555169 497 1117
555170 498 1119
555181 499 1122
340995 499 1188
555184 500 1122
555129 501 1123
554888 502 1128
340995 502 1196
555201 503 1133
340995 503 1202
539517 504 1134
555237 505 1137
555258 506 1138
340995 506 1211
555265 507 1142
555278 508 1146
303594 509 1149
555292 510 1149
551296 511 1149
534844 512 1153
555303 513 1156
340995 513 1216
548925 514 1159
555307 515 1160
555310 516 1161
555744 516 1355
555323 517 1163
555133 518 1169
552634 519 1170
555342 520 1172
425252 521 1174
555358 522 1182
159183 523 1186
555372 524 1189
428846 525 1190
565564 525 6989
555380 526 1194
227439 527 1196
555386 528 1197
17807 528 2780
555387 529 1198
470214 530 1201
558162 530 2651
85745 531 1203
85746 532 1204
85752 533 1205
85766 534 1206
16223 535 1206
555412 536 1207
458240 537 1208
555414 538 1208
409507 539 1211
281001 540 1220
555439 541 1220
555442 542 1221
459178 543 1223
543077 544 1227
555449 545 1229
555452 546 1231
555479 547 1240
44994 548 1242
19785 549 1248
2577 549 1812
555536 550 1262
555537 551 1263
58224 552 1269
555546 553 1269
555554 554 1275
555555 555 1276
555556 556 1276
410236 557 1277
555564 558 1281
555567 559 1283
66544 560 1291
540593 561 1291
12754 562 1298
555605 563 1300
555626 564 1310
555635 565 1312
555652 566 1315
37817 567 1315
3390 568 1316
541534 569 1319
510895 570 1319
555681 571 1324
555682 572 1324
556001 572 1484
507995 573 1326
136719 574 1329
555691 575 1329
555201 576 1334
555711 577 1334
555714 578 1336
555721 579 1340
535313 580 1340
52143 581 1342
555732 582 1349
555739 583 1353
28983 584 1355
555749 585 1357
555756 586 1367
270837 587 1369
555768 588 1374
555775 589 1376
555778 590 1378
555781 591 1381
555782 592 1381
555783 593 1382
50513 594 1389
56586 595 1389
555817 596 1398
555816 597 1398
32033 598 1401
555823 599 1402
555826 600 1403
460792 601 1404
53401 602 1405
555833 603 1407
555842 604 1413
555845 605 1414
360549 606 1416
555851 607 1417
555852 608 1418
555855 609 1418
238711 610 1420
50877 611 1423
2695 612 1424
557364 612 2201
555867 613 1426
50408 614 1427
60757 615 1434
53803 616 1438
555885 617 1440
555888 618 1440
555899 619 1446
512924 620 1447
24260 621 1451
555912 622 1453
555916 623 1453
52729 624 1453
29000 625 1454
133457 626 1455
425252 627 1457
555928 628 1458
555931 629 1459
555934 630 1461
54917 631 1461
52747 632 1462
51605 633 1464
251107 634 1467
52143 635 1467
555970 636 1472
555973 637 1473
555984 638 1476
46964 639 1477
133457 640 1478
555995 641 1481
555998 642 1482
556007 643 1487
45350 644 1492
556013 645 1492
556026 646 1499
514236 647 1501
195113 648 1502
133760 649 1503
331938 650 1503
546522 651 1504
154358 652 1505
556049 653 1509
556050 654 1509
555181 655 1513
556063 656 1514
23409 656 1575
556356 656 1651
119481 657 1514
547137 658 1517
556065 659 1519
556072 660 1521
445516 661 1523
556100 662 1533
49028 663 1535
556103 664 1535
33715 665 1543
556140 666 1549
556151 667 1554
556164 668 1558
42407 669 1560
16026 670 1562
153789 671 1566
555129 672 1567
556191 673 1573
52981 674 1573
556205 675 1579
556214 676 1581
556219 677 1583
556230 678 1589
556235 679 1592
55543 680 1594
556245 681 1599
556247 682 1599
556246 683 1600
4234 684 1602
556261 685 1605
556262 686 1606
556271 687 1609
556290 688 1616
556293 689 1617
265914 690 1620
370127 690 1678
557122 690 2047
557573 690 2327
557571 690 2327
557840 690 2473
563207 690 5587
98352 691 1624
61538 692 1625
141916 693 1628
141919 693 1629
556314 694 1631
556315 695 1631
556320 696 1631
556343 697 1640
556346 698 1641
556347 699 1641
22167 699 1902
556348 700 1641
556353 701 1649
134729 702 1651
556365 703 1652
46043 704 1656
556373 705 1658
556374 706 1659
289914 707 1660
556382 708 1661
556391 709 1665
556392 710 1665
556399 711 1668
556400 712 1668
56100 713 1670
556408 714 1671
230906 715 1673
556416 716 1674
49346 717 1676
555268 718 1682
556365 719 1686
556434 720 1686
10148 721 1696
556440 722 1698
396387 722 2840
45964 723 1705
50589 724 1707
556455 725 1710
556315 726 1711
427937 727 1712
556464 728 1715
555572 728 1728
556465 729 1716
52584 730 1719
264786 731 1719
52584 732 1720
546548 733 1720
450255 734 1722
29663 734 1898
556483 735 1724
29000 736 1724
556487 737 1725
556508 738 1735
41289 739 1735
556524 740 1739
556525 741 1740
556532 742 1743
10411 743 1745
10411 744 1746
52747 745 1746
556544 746 1748
72712 747 1748
556546 748 1749
556549 749 1753
556532 750 1754
556551 751 1755
133457 752 1759
556569 753 1765
277821 754 1766
556573 755 1766
556578 756 1769
556579 757 1772
320160 758 1774
556583 759 1775
53401 760 1777
556589 761 1778
556596 762 1782
18154 763 1784
556608 764 1786
556611 765 1787
41789 766 1789
63271 767 1791
202131 768 1800
371336 769 1800
559574 769 3358
563831 769 5921
12138 770 1800
12141 771 1801
556634 772 1802
2335 773 1803
177540 774 1806
494355 775 1808
556644 776 1809
556649 777 1810
42456 778 1810
262705 779 1810
487102 780 1811
377332 781 1813
502823 782 1815
37029 783 1822
33715 784 1823
5275 785 1826
556704 786 1828
113880 787 1829
238711 788 1832
556715 789 1834
556724 790 1838
556725 791 1839
556744 792 1846
556751 793 1848
558003 793 2564
73050 793 5054
556756 794 1851
556757 795 1852
42812 796 1854
52747 797 1856
556777 798 1865
184412 799 1866
175675 800 1876
556805 801 1878
556806 802 1879
556809 803 1881
76626 804 1882
556819 805 1886
6846 806 1891
265931 806 6221
556833 807 1892
66703 807 1947
66705 807 1947
66727 807 1947
66717 807 1947
66723 807 1947
66701 807 1947
66713 807 1947
66711 807 1947
66725 807 1947
66719 807 1947
66707 807 1947
66721 807 1947
66709 807 1947
66715 807 1947
556836 808 1893
556855 809 1903
556862 810 1905
556865 811 1907
556872 812 1909
556873 813 1909
450286 814 1912
54301 815 1916
58616 816 1921
556899 817 1921
556902 818 1922
556907 819 1924
254202 820 1925
415682 821 1932
265962 822 1934
295512 823 1939
556980 824 1953
557266 824 2134
43719 825 1955
556985 826 1955
556987 827 1956
557010 828 1968
552936 829 1968
559961 829 3562
453158 830 1975
557017 831 1977
557018 832 1978
425252 833 1982
54301 834 1988
8661 835 1988
58624 836 1991
264844 837 1991
350217 838 1994
377332 839 1995
47410 840 2002
43287 841 2002
210937 842 2004
108112 843 2006
235871 844 2007
557077 845 2009
557658 845 2382
557970 845 2543
557082 846 2014
244613 847 2018
232779 848 2020
8661 849 2024
277260 849 2102
8660 849 2103
565212 849 6766
557106 850 2035
557119 851 2042
331239 852 2047
557131 853 2052
265263 854 2058
557139 855 2058
557140 856 2059
557145 857 2061
557146 858 2061
557147 859 2062
557152 860 2067
557155 861 2069
557160 862 2071
557161 863 2072
34 863 2103
557162 864 2072
442925 865 2075
557166 866 2078
232610 867 2079
505577 868 2089
557189 869 2092
36592 869 4055
557193 870 2094
557192 871 2094
557194 872 2095
557195 873 2095
126741 874 2095
557197 875 2097
557160 876 2098
133457 877 2102
557226 878 2106
557227 879 2106
47241 880 2107
557229 881 2107
266128 882 2115
254202 883 2116
554413 884 2117
159183 885 2117
554413 886 2122
4006 887 2123
55971 888 2126
557257 889 2129
557274 890 2142
557281 891 2146
557284 892 2149
557287 893 2151
557296 894 2156
24542 895 2159
557303 896 2160
562315 896 5043
557302 897 2161
70104 898 2163
55741 899 2165
184412 900 2165
132193 900 2345
557313 901 2166
60257 902 2170
557321 903 2171
545454 904 2173
557331 905 2174
20322 906 2180
553678 907 2184
71019 908 2188
557359 909 2191
557360 910 2192
559227 910 3177
53803 911 2194
557372 912 2204
558945 912 3031
557375 913 2205
512308 914 2207
557381 915 2207
557390 916 2213
557399 917 2218
102414 918 2219
557403 919 2220
244613 920 2221
557411 921 2224
557414 922 2225
557415 923 2225
558108 923 2618
558115 923 2623
558113 923 2623
56455 924 2226
56689 925 2226
557433 926 2236
290091 927 2236
557434 928 2238
557329 929 2240
557193 930 2261
557477 931 2262
557478 932 2262
557485 933 2266
557492 934 2270
557493 935 2271
557508 936 2280
46405 937 2291
557520 938 2294
72616 939 2295
37200 940 2297
557527 941 2298
557548 942 2308
60241 943 2310
17464 944 2312
209876 945 2313
557556 946 2317
557329 947 2318
557562 948 2322
556252 949 2327
17985 950 2331
556347 951 2331
557596 952 2339
58715 953 2340
557602 954 2343
557329 955 2343
557606 956 2345
557613 957 2349
557616 958 2351
557633 959 2367
557690 959 2397
62758 959 2413
55494 959 2415
557808 959 2457
558224 959 2680
558297 959 2705
558343 959 2729
558437 959 2783
559042 959 3070
559061 959 3083
551083 959 3135
559493 959 3302
559889 959 3520
559940 959 3551
328655 959 3768
53556 959 3785
560503 959 3990
419365 959 4030
561364 959 4498
561802 959 4762
562819 959 5327
34558 959 5673
563559 959 5765
2729 959 6638
565376 959 6877
565558 959 6988
557636 960 2369
557641 961 2371
557660 962 2383
12582 963 2383
502752 964 2383
557671 965 2387
557692 966 2397
268752 967 2402
557700 968 2402
52902 969 2406
557702 970 2407
108269 971 2407
557712 972 2411
557713 973 2413
557718 974 2413
508359 975 2415
557724 976 2416
167687 977 2417
557732 978 2421
16223 979 2421
343117 980 2422
298806 981 2424
557742 982 2427
62758 983 2427
557754 984 2430
49952 985 2432
144790 986 2432
557759 987 2433
51335 988 2435
557146 989 2437
2577 989 2709
51335 990 2439
557777 991 2443
50371 992 2450
557805 993 2456
557810 994 2458
557815 995 2459
557822 996 2463
55257 997 2466
8661 998 2467
8660 998 2492
557832 999 2468
557829 1000 2469
15753 1001 2469
557834 1002 2470
557837 1003 2470
557911 1003 2514
557718 1004 2476
50513 1005 2477
557848 1006 2478
372733 1007 2479
165336 1008 2482
476703 1009 2482
695 1010 2485
557867 1011 2488
557873 1012 2492
555346 1013 2492
557878 1014 2495
557887 1015 2497
557890 1016 2499
557893 1017 2500
557896 1018 2502
308379 1019 2504
557902 1020 2512
557927 1021 2519
226564 1022 2523
1756 1023 2525
557936 1024 2525
390197 1025 2526
557946 1026 2530
23775 1027 2531
557950 1028 2534
557955 1029 2537
132313 1030 2543
41297 1031 2544
547569 1031 2604
58653 1032 2544
48063 1033 2548
138986 1034 2548
20554 1035 2549
494691 1036 2550
270319 1037 2551
557990 1038 2553
557991 1039 2553
557992 1040 2553
387906 1041 2558
45538 1042 2560
140461 1043 2563
558002 1044 2564
554569 1045 2572
558020 1046 2573
558031 1047 2582
230327 1048 2583
558035 1049 2584
4629 1050 2586
29855 1051 2586
558044 1052 2590
558049 1053 2594
388929 1054 2597
558020 1055 2597
558068 1056 2601
50824 1057 2602
558075 1058 2604
563589 1058 5782
480968 1059 2604
558100 1060 2614
480968 1061 2616
558110 1062 2619
238732 1063 2621
558112 1064 2623
529710 1065 2626
508394 1066 2628
557956 1067 2631
558136 1068 2633
97283 1069 2636
373146 1070 2642
558149 1071 2645
374190 1072 2648
542245 1073 2651
558164 1074 2651
558165 1075 2651
127125 1076 2653
558179 1077 2656
52981 1078 2656
558185 1079 2659
343117 1080 2660
558189 1081 2663
558190 1082 2664
558191 1083 2664
558194 1084 2667
202190 1085 2672
558214 1086 2673
557718 1087 2675
558230 1088 2681
558231 1089 2682
558232 1090 2682
41766 1091 2690
558250 1092 2693
558252 1093 2693
558251 1094 2693
32112 1095 2696
42430 1096 2697
558269 1097 2700
558288 1098 2705
493978 1099 2705
238711 1100 2707
558303 1101 2710
558304 1102 2712
558305 1103 2712
532360 1104 2713
558309 1105 2714
29102 1106 2715
558317 1107 2718
513071 1108 2725
558339 1109 2727
558340 1110 2728
49612 1111 2735
558366 1112 2741
33334 1113 2746
558374 1114 2749
558317 1115 2751
43634 1116 2751
558379 1117 2755
471001 1118 2756
558374 1119 2756
558390 1120 2760
173040 1121 2768
555376 1122 2771
557718 1123 2771
558420 1124 2777
51268 1125 2777
76666 1125 2953
294877 1126 2778
558449 1127 2788
558456 1128 2788
558465 1129 2793
55713 1130 2793
558468 1131 2793
558467 1132 2794
558481 1133 2799
41289 1134 2802
252861 1135 2803
288051 1136 2803
59634 1137 2804
44851 1138 2811
558505 1139 2821
55361 1140 2823
449738 1141 2823
14256 1142 2829
60650 1143 2832
558540 1144 2837
206304 1145 2837
558547 1146 2838
35341 1147 2838
558562 1148 2847
556365 1149 2860
558842 1149 2983
558596 1150 2867
49149 1151 2867
558598 1152 2869
558609 1153 2874
301839 1154 2874
558611 1155 2874
557718 1156 2874
301839 1157 2875
558611 1158 2875
2463 1159 2876
558618 1160 2876
558621 1161 2878
558639 1162 2883
33533 1163 2884
556855 1164 2889
558644 1165 2889
558648 1166 2890
55937 1167 2896
558666 1168 2896
559970 1168 3569
558669 1169 2901
531905 1170 2903
251444 1171 2903
557189 1172 2905
154557 1172 3982
36592 1172 4075
560808 1172 4170
558683 1173 2906
558684 1174 2906
558705 1175 2916
558720 1176 2922
558721 1177 2923
558725 1178 2924
238711 1179 2924
551671 1180 2925
558729 1181 2928
558736 1182 2930
444955 1183 2933
444955 1184 2933
558750 1185 2934
558748 1186 2934
29173 1187 2935
6667 1188 2946
6668 1189 2946
558782 1190 2947
54014 1191 2947
394092 1192 2949
558789 1193 2951
558796 1194 2954
505071 1195 2956
558810 1196 2961
9161 1197 2964
168 1198 2965
558672 1198 2996
559032 1198 3062
559321 1198 3218
559422 1198 3270
559429 1198 3273
559436 1198 3276
559668 1198 3409
559965 1198 3564
560019 1198 3598
560196 1198 3823
560269 1198 3864
533124 1198 3866
560722 1198 4118
560892 1198 4211
560953 1198 4244
560988 1198 4272
561265 1198 4442
561449 1198 4559
561538 1198 4610
561945 1198 4822
561969 1198 4828
562031 1198 4866
562454 1198 5127
562604 1198 5205
562618 1198 5212
562698 1198 5251
563221 1198 5592
563386 1198 5678
563641 1198 5802
563792 1198 5896
564058 1198 6070
564067 1198 6074
564079 1198 6081
564092 1198 6086
564168 1198 6127
564271 1198 6188
564715 1198 6444
565100 1198 6685
565368 1198 6887
565431 1198 6914
565476 1198 6944
558819 1199 2969
55823 1200 2971
22499 1201 2973
558815 1202 2980
558837 1203 2981
558844 1204 2984
558849 1205 2984
558856 1206 2988
50942 1207 3001
558880 1208 3002
91888 1209 3003
91894 1210 3003
91895 1211 3003
46823 1212 3008
46823 1213 3010
558898 1214 3012
53913 1215 3015
29173 1216 3017
558913 1217 3019
558736 1218 3021
558917 1219 3021
558924 1220 3026
531979 1221 3027
280787 1222 3027
262011 1223 3027
558934 1224 3028
473429 1225 3029
238711 1226 3030
232779 1227 3030
58653 1228 3030
55543 1229 3032
558958 1230 3034
448652 1231 3035
411908 1232 3035
558965 1233 3036
558968 1234 3038
558969 1235 3039
558970 1236 3039
558979 1237 3042
558984 1238 3043
558991 1239 3045
558992 1240 3046
558997 1241 3049
559311 1241 3215
12270 1241 3256
559483 1241 3299
559002 1242 3055
559015 1243 3061
448046 1244 3066
559041 1245 3070
559048 1246 3073
559055 1247 3076
559058 1248 3082
17345 1249 3084
559066 1250 3084
559067 1251 3084
37977 1252 3086
559079 1253 3088
559084 1254 3091
55489 1255 3097
559098 1256 3097
559129 1257 3119
559130 1258 3119
559131 1259 3120
559132 1260 3122
559135 1261 3125
559142 1262 3127
559149 1263 3129
559150 1264 3130
559155 1265 3133
559162 1266 3135
113431 1267 3136
559170 1268 3140
558586 1269 3140
33334 1269 5129
559174 1270 3142
559179 1271 3145
169095 1271 3232
64303 1271 3264
559646 1271 3399
217212 1271 3437
27237 1271 3914
560414 1271 3945
559182 1272 3153
47241 1273 3157
91029 1274 3158
559199 1275 3160
255081 1275 3169
71239 1276 3162
559203 1277 3164
559212 1278 3168
545454 1279 3171
559220 1280 3172
559221 1281 3175
69870 1282 3175
559229 1283 3177
559236 1284 3183
72082 1285 3187
559274 1286 3190
559283 1287 3195
559292 1288 3198
558984 1289 3209
559302 1290 3209
559319 1291 3217
50309 1292 3218
126393 1293 3221
547782 1294 3223
559337 1295 3223
553331 1296 3228
51873 1297 3230
92526 1298 3230
50499 1299 3232
301435 1300 3233
559363 1301 3235
559388 1302 3242
559382 1303 3242
559383 1304 3243
559391 1305 3249
559425 1305 3270
559438 1305 3277
559515 1305 3319
45198 1305 3336
559570 1305 3357
559582 1305 3360
559595 1305 3372
559609 1305 3378
559691 1305 3421
559720 1305 3440
559761 1305 3458
98647 1305 3542
560067 1305 3757
560350 1305 3908
220491 1305 3958
560543 1305 4029
560658 1305 4079
560671 1305 4087
561070 1305 4314
561234 1305 4422
561259 1305 4440
561867 1305 4792
562981 1305 5450
563131 1305 5536
175223 1305 6031
9085 1306 3254
15736 1307 3263
310379 1308 3266
559415 1309 3266
8 1310 3268
559431 1311 3274
43990 1312 3277
559457 1313 3290
559464 1314 3292
559489 1315 3301
236856 1315 4832
559492 1316 3301
559499 1317 3305
559500 1318 3306
559511 1319 3314
559512 1320 3317
559513 1321 3317
559514 1322 3318
559527 1323 3323
195717 1324 3323
559533 1325 3326
559536 1326 3327
543883 1326 4068
88942 1327 3327
559464 1328 3332
559547 1329 3332
559548 1330 3332
559549 1331 3335
559550 1332 3336
134902 1333 3338
559560 1334 3340
464968 1335 3344
48588 1336 3351
18069 1337 3355
559578 1338 3358
559579 1339 3359
511429 1340 3367
259082 1341 3370
7060 1342 3372
559607 1343 3376
46043 1343 3548
559608 1344 3377
272305 1345 3379
559616 1346 3383
59761 1347 3384
559628 1348 3390
559629 1349 3390
559630 1350 3391
559631 1351 3392
559634 1352 3393
394092 1353 3393
52400 1354 3400
559653 1355 3401
281886 1356 3403
559659 1357 3404
559660 1358 3405
559661 1359 3406
197795 1360 3410
42812 1361 3412
559686 1362 3416
559693 1363 3422
559698 1364 3422
559706 1365 3427
559705 1366 3432
559709 1367 3434
565837 1367 7157
29679 1368 3438
18154 1369 3440
559730 1370 3442
238576 1371 3443
52548 1372 3446
559741 1373 3446
559742 1374 3446
559743 1375 3446
559746 1376 3448
31781 1377 3451
559754 1378 3454
560941 1378 4235
565590 1378 7007
487887 1379 3460
53803 1380 3461
559640 1381 3465
559788 1382 3467
559795 1383 3470
45166 1384 3471
7303 1385 3483
559812 1386 3483
559813 1387 3484
243945 1388 3489
229688 1389 3494
559814 1390 3498
559590 1391 3501
559862 1392 3501
504545 1393 3502
559864 1394 3503
559873 1395 3506
559876 1396 3509
559741 1397 3513
419920 1398 3515
395051 1399 3516
45420 1400 3516
559892 1401 3520
559891 1402 3520
547005 1403 3520
559896 1404 3525
172575 1405 3525
2518 1406 3526
20595 1406 3542
981 1407 3528
469620 1408 3529
267292 1409 3532
559912 1410 3532
559915 1411 3535
559916 1412 3536
559929 1413 3543
60457 1414 3544
353457 1415 3550
564732 1415 6454
559946 1416 3553
559953 1417 3556
559954 1418 3557
47713 1419 3559
59549 1420 3561
559967 1421 3564
55543 1422 3570
54691 1423 3584
559988 1424 3584
55543 1425 3584
560002 1426 3593
39721 1427 3594
283018 1428 3595
24543 1429 3600
560030 1430 3600
29475 1431 3663
560766 1432 3688
560765 1432 4146
562629 1432 5217
560031 1433 3734
560044 1434 3744
133 1435 3745
42514 1436 3749
560055 1437 3751
35217 1438 3753
560069 1439 3758
308736 1440 3760
560083 1441 3764
560102 1442 3772
55741 1443 3772
142480 1444 3775
560111 1445 3779
560126 1446 3785
251385 1447 3785
557193 1448 3786
560127 1449 3786
2959 1450 3788
169778 1451 3795
196774 1452 3804
560165 1453 3806
381413 1454 3815
126741 1455 3815
560204 1456 3829
176448 1457 3835
356697 1458 3837
560224 1459 3838
34832 1460 3844
560249 1461 3855
560464 1461 3970
560262 1462 3863
231475 1463 3867
25947 1464 3868
560279 1465 3871
560280 1466 3872
557166 1467 3875
560290 1468 3878
560384 1468 3929
560908 1468 4221
561129 1468 4349
563489 1468 5741
22167 1469 3880
69964 1470 3880
560299 1471 3881
560300 1472 3882
2780 1473 3882
531869 1474 3883
560303 1475 3883
560304 1476 3884
560309 1477 3890
34878 1478 3890
560323 1479 3897
244707 1480 3900
560335 1481 3902
560342 1482 3906
218064 1483 3906
560356 1484 3910
391559 1485 3911
82789 1486 3914
54243 1487 3917
560370 1488 3921
560371 1489 3921
560376 1490 3924
184412 1491 3927
132193 1491 3980
57629 1492 3933
560393 1493 3934
560402 1494 3939
560403 1495 3940
560424 1496 3951
560591 1496 4049
134902 1497 3953
560428 1498 3954
7642 1499 3955
560434 1500 3957
46838 1501 3958
560448 1502 3963
143546 1502 6748
13045 1503 3963
560450 1504 3963
560455 1505 3964
560453 1506 3965
184412 1507 3966
348806 1508 3971
22167 1509 3971
48588 1510 3974
560475 1511 3976
560476 1512 3977
497491 1513 3979
560494 1514 3983
560495 1515 3983
560502 1516 3989
29657 1517 3991
561030 1517 4291
32963 1518 3999
35127 1519 4001
52936 1520 4002
560521 1521 4005
190800 1522 4007
76226 1523 4010
78512 1524 4015
73281 1525 4024
131444 1526 4024
560538 1527 4025
552473 1528 4026
560553 1529 4031
64835 1530 4032
560557 1531 4032
560566 1532 4036
163282 1532 4114
507359 1533 4037
560578 1534 4040
560577 1535 4041
560576 1536 4041
560579 1537 4042
560590 1538 4046
560593 1539 4051
58340 1540 4058
560609 1541 4058
560620 1542 4062
560627 1543 4064
560640 1544 4070
564826 1544 6505
245124 1545 4071
560642 1546 4071
560643 1547 4074
560644 1548 4074
150198 1549 4075
49538 1550 4075
560651 1551 4077
560660 1552 4080
535196 1553 4084
75279 1554 4086
560693 1555 4101
560698 1556 4103
560699 1557 4106
560702 1558 4107
267252 1559 4118
560728 1560 4121
560734 1561 4121
39972 1562 4121
560759 1563 4141
45022 1564 4142
558232 1565 4149
10830 1566 4155
560783 1567 4156
65979 1568 4160
560791 1569 4162
560802 1570 4169
560593 1571 4169
41443 1572 4173
560817 1573 4173
560820 1574 4175
560824 1575 4180
560823 1576 4180
560827 1577 4180
43240 1578 4181
382563 1579 4181
27912 1580 4181
442925 1581 4184
560846 1582 4190
302676 1583 4192
560486 1584 4194
560855 1585 4195
497930 1586 4197
30639 1587 4197
66558 1588 4200
561023 1588 4288
230854 1588 4568
561899 1588 4801
562246 1588 4996
40780 1588 5123
562511 1588 5164
96757 1589 4204
96758 1590 4204
37746 1591 4204
96766 1592 4205
560428 1593 4209
560900 1594 4215
560903 1595 4218
560904 1596 4220
560907 1597 4221
560910 1598 4222
560911 1599 4224
560912 1600 4224
213283 1601 4228
154358 1602 4230
560931 1603 4231
85799 1604 4235
560945 1605 4238
25580 1606 4239
560947 1607 4241
560948 1608 4242
34832 1609 4253
560964 1610 4253
59513 1611 4254
555073 1612 4261
561742 1612 4729
530485 1613 4264
40211 1614 4267
561565 1614 4628
260705 1615 4269
560990 1616 4272
560428 1617 4275
560998 1618 4275
59354 1619 4277
561006 1620 4281
6667 1621 4282
6668 1622 4283
554500 1623 4283
497052 1624 4288
561022 1625 4288
81499 1626 4292
561037 1627 4294
561042 1628 4296
561047 1629 4298
561052 1630 4301
561053 1631 4303
561060 1632 4307
561063 1633 4310
266067 1634 4311
266067 1635 4311
561068 1636 4312
240768 1637 4313
561074 1638 4316
54956 1639 4319
561080 1640 4321
561053 1641 4323
561105 1642 4325
1756 1643 4325
58430 1644 4326
561098 1645 4328
561099 1646 4330
561101 1647 4330
52265 1648 4330
90152 1649 4331
561110 1650 4336
561111 1651 4338
240768 1652 4340
556290 1653 4343
219505 1654 4346
561137 1655 4355
231475 1656 4366
60089 1657 4367
58379 1658 4368
372597 1659 4368
561362 1659 4498
561164 1660 4377
49605 1661 4379
552270 1662 4382
61440 1663 4385
561195 1664 4394
561192 1665 4394
222907 1666 4395
561197 1667 4395
26149 1668 4396
498915 1669 4400
561206 1670 4400
561211 1671 4408
561213 1672 4409
54590 1673 4410
55745 1674 4413
220191 1675 4415
561222 1676 4415
561227 1677 4417
561236 1678 4425
132548 1679 4432
561256 1680 4434
10411 1681 4445
561276 1682 4447
563795 1682 5899
564151 1682 6118
299580 1683 4448
561278 1684 4449
256669 1685 4450
561282 1686 4451
561289 1687 4454
20094 1688 4455
63947 1688 4574
561821 1688 4770
561291 1689 4455
561300 1690 4459
560428 1691 4464
561312 1692 4466
561313 1693 4468
22302 1694 4468
561329 1695 4475
20554 1696 4475
56955 1697 4476
55971 1698 4476
561335 1699 4477
561336 1700 4478
142414 1701 4480
561340 1702 4482
561798 1702 4761
561343 1703 4484
63423 1704 4485
561347 1705 4485
561350 1706 4486
561359 1707 4493
66333 1708 4498
556578 1709 4499
2463 1710 4499
59817 1711 4500
561899 1711 4867
556724 1712 4502
2335 1713 4503
51192 1714 4503
561383 1715 4508
271192 1716 4511
561391 1717 4512
561392 1718 4512
561397 1719 4514
533303 1720 4516
58450 1721 4516
561402 1722 4517
58340 1723 4526
172358 1724 4526
497052 1725 4527
62129 1726 4527
36228 1727 4528
561424 1728 4533
561425 1729 4533
561428 1730 4538
561431 1731 4544
188062 1732 4546
561110 1733 4553
561442 1734 4556
561451 1735 4559
561464 1736 4568
561475 1737 4573
561488 1738 4580
561397 1739 4582
556724 1740 4582
561495 1741 4584
561500 1742 4585
561507 1743 4589
561510 1744 4591
533067 1745 4591
561514 1746 4592
75944 1747 4596
561528 1748 4599
561537 1749 4607
561542 1750 4614
561543 1751 4615
561550 1752 4620
45221 1753 4621
561562 1754 4628
561567 1755 4629
561572 1756 4631
10543 1757 4635
562759 1757 5292
531682 1758 4639
561583 1759 4640
58898 1760 4641
561591 1761 4648
50857 1762 4655
9161 1763 4657
216451 1764 4659
562950 1764 5432
104264 1765 4661
231680 1766 4662
10064 1767 4664
41432 1768 4664
561623 1769 4668
561630 1770 4672
561639 1771 4678
28308 1772 4684
561653 1773 4685
9161 1774 4686
561657 1775 4686
561664 1776 4690
561667 1777 4691
561670 1778 4691
406552 1779 4696
561682 1780 4697
561693 1781 4701
64441 1782 4707
561731 1783 4725
561744 1784 4732
340995 1784 4788
561771 1785 4747
561772 1786 4748
425252 1787 4752
340995 1787 4797
4474 1788 4754
56240 1788 4768
34967 1788 4785
340995 1788 4801
562401 1788 5096
26737 1788 5176
562639 1788 5225
562867 1788 5369
544497 1788 6487
561789 1789 4757
561790 1790 4757
561791 1791 4758
340995 1791 4806
561794 1792 4758
340995 1792 4808
561795 1793 4759
561796 1794 4759
174215 1795 4760
561804 1796 4763
35217 1797 4765
561814 1798 4766
561815 1799 4766
553886 1799 5247
561820 1800 4770
539517 1801 4772
561832 1802 4777
559864 1803 4779
561838 1804 4779
3057 1805 4781
561854 1806 4788
561887 1807 4796
561894 1808 4800
561921 1809 4809
434749 1810 4815
561935 1811 4818
339493 1812 4819
548009 1813 4819
52762 1814 4821
561953 1815 4824
561954 1816 4825
33221 1817 4825
561968 1818 4827
275699 1819 4828
561974 1820 4832
561905 1821 4832
561976 1822 4833
561977 1823 4833
549262 1824 4835
52762 1825 4840
549262 1826 4851
562007 1827 4855
562016 1828 4858
562152 1828 4927
543679 1829 4864
52762 1830 4864
562025 1831 4865
562028 1832 4865
20220 1833 4865
562123 1833 4913
562241 1833 4994
562502 1833 5157
563061 1833 5496
563745 1833 5873
563943 1833 6001
564490 1833 6322
562037 1834 4868
562052 1835 4877
292291 1836 4878
562058 1837 4879
562061 1838 4884
562082 1839 4891
16077 1840 4895
133676 1841 4895
60495 1842 4897
156357 1843 4898
149351 1844 4899
562102 1845 4902
562105 1846 4902
562108 1847 4902
562115 1848 4909
562120 1849 4912
52830 1850 4915
562126 1851 4915
52762 1852 4920
20554 1853 4921
52762 1854 4940
562197 1855 4956
562198 1856 4957
52762 1857 4961
562204 1858 4964
23593 1859 4967
562208 1860 4971
511941 1861 4973
52762 1862 4978
562221 1863 4980
517656 1864 4982
562229 1865 4985
15270 1866 4987
562231 1867 4989
562238 1868 4990
529710 1869 4992
149351 1870 4993
11509 1871 4995
562250 1872 4998
514002 1873 5000
89295 1874 5002
91211 1874 5075
52762 1875 5004
562274 1876 5017
562238 1877 5019
514002 1878 5021
532682 1879 5021
7281 1879 5137
52762 1880 5025
562286 1881 5028
562289 1882 5029
562314 1883 5041
562319 1884 5044
562322 1885 5045
85828 1886 5049
52762 1887 5050
19515 1888 5053
562342 1889 5058
52936 1890 5065
52762 1891 5066
562361 1892 5066
562368 1893 5071
529262 1894 5072
562376 1895 5078
52762 1896 5082
562384 1897 5087
355888 1898 5088
562386 1899 5088
562397 1900 5093
562398 1901 5095
505944 1902 5099
260705 1903 5100
562016 1904 5107
563254 1904 5608
563407 1904 5699
236856 1904 5924
565692 1904 7063
562428 1905 5111
562433 1906 5114
58204 1907 5115
562447 1908 5125
562814 1908 5324
61236 1909 5134
299580 1910 5140
562488 1911 5142
562491 1912 5145
562492 1913 5148
562499 1914 5155
562510 1915 5163
562531 1916 5173
562550 1917 5180
501481 1918 5185
562238 1919 5186
58204 1920 5187
562570 1921 5189
562573 1922 5191
48728 1923 5193
562587 1924 5194
562588 1925 5194
562591 1926 5197
562602 1927 5203
27912 1928 5204
562612 1929 5207
553886 1929 5232
562617 1930 5212
562622 1931 5212
562631 1932 5218
562636 1933 5224
54727 1934 5227
531869 1935 5229
442925 1936 5230
562670 1937 5235
562673 1938 5235
538992 1939 5241
562679 1940 5242
562682 1941 5246
133676 1942 5250
33266 1943 5252
562705 1944 5255
552473 1945 5260
562717 1946 5260
562718 1947 5261
41478 1948 5269
562724 1949 5269
513158 1950 5272
562734 1951 5275
562739 1952 5278
562937 1952 5420
564627 1952 6400
562742 1953 5279
441974 1954 5280
562767 1954 5297
562946 1954 5427
562993 1954 5452
564537 1954 6354
564790 1954 6486
565494 1954 6954
532403 1955 5281
562752 1956 5283
562751 1957 5284
562753 1958 5286
506951 1959 5291
562761 1960 5293
562762 1961 5294
58028 1962 5300
3227 1963 5300
44407 1964 5300
562784 1965 5305
482659 1966 5316
260705 1967 5320
562765 1968 5321
562818 1969 5326
562823 1970 5331
531905 1971 5333
70973 1972 5337
562836 1973 5340
52621 1974 5341
562838 1975 5342
562839 1976 5344
562840 1977 5345
562843 1978 5348
562850 1979 5355
562855 1980 5360
89279 1981 5361
562865 1982 5367
562866 1983 5367
562869 1984 5370
296878 1985 5372
562875 1986 5374
562882 1987 5381
557992 1988 5382
562759 1989 5383
10543 1989 5502
55745 1990 5383
562894 1991 5387
21625 1992 5388
562900 1993 5388
63985 1994 5400
63985 1995 5400
562977 1995 5449
47056 1996 5400
159486 1997 5400
14218 1998 5400
254824 1999 5402
562914 2000 5404
562918 2001 5408
562954 2001 5434
563121 2001 5528
563145 2001 5544
563174 2001 5564
563238 2001 5601
563347 2001 5659
563410 2001 5701
57539 2001 5872
564814 2001 6498
565065 2001 6660
565259 2001 6802
565358 2001 6867
565822 2001 7148
562919 2002 5410
562920 2003 5412
562923 2004 5413
51244 2005 5415
562927 2006 5418
562928 2007 5418
562943 2008 5424
531905 2009 5436
562961 2010 5439
552473 2011 5443
67946 2012 5446
562976 2013 5446
562983 2014 5450
562992 2015 5452
563057 2016 5453
563056 2016 5491
563020 2017 5461
83348 2018 5463
231475 2019 5473
195160 2020 5474
563035 2021 5474
244613 2022 5482
58090 2023 5484
563046 2024 5485
563047 2025 5486
563626 2025 5809
50597 2026 5486
563053 2027 5488
563058 2028 5495
15345 2029 5496
563068 2030 5499
563073 2031 5506
563078 2032 5509
563085 2033 5512
563088 2034 5515
563107 2035 5522
18561 2036 5525
563112 2037 5525
563115 2038 5526
231475 2039 5532
243917 2040 5533
2463 2041 5536
562981 2042 5538
562286 2043 5540
58380 2044 5544
563121 2045 5545
48588 2046 5552
563119 2047 5557
563164 2048 5559
496204 2049 5560
562946 2050 5560
563167 2051 5560
10543 2052 5562
563171 2053 5563
563198 2054 5577
563199 2055 5583
138290 2056 5583
41390 2056 5746
564513 2056 6341
435922 2057 5587
435947 2058 5589
563225 2059 5598
353017 2060 5603
563247 2061 5605
563248 2062 5606
563249 2063 5607
563268 2064 5614
43094 2065 5621
10245 2066 5624
244771 2067 5628
320789 2068 5631
563761 2069 5632
562765 2069 5884
563307 2070 5634
59634 2071 5634
563311 2072 5637
12097 2073 5641
482659 2074 5642
54917 2075 5648
563327 2076 5651
563336 2077 5653
4235 2078 5655
563339 2079 5655
563353 2080 5662
563354 2081 5662
563405 2081 5695
565554 2081 6985
563355 2082 5665
563358 2083 5666
563359 2084 5667
539183 2085 5676
563385 2086 5678
557166 2087 5683
563393 2088 5687
563398 2089 5689
563401 2090 5690
35024 2090 5939
68261 2090 6958
563404 2091 5695
33716 2091 5943
563368 2092 5700
563426 2093 5706
562759 2094 5715
71326 2095 5715
563451 2096 5720
563452 2097 5721
563467 2098 5728
563474 2099 5733
563477 2100 5734
563480 2101 5737
563481 2102 5737
563488 2103 5740
57506 2104 5741
563492 2105 5743
563493 2106 5743
563496 2107 5744
560621 2108 5749
563534 2109 5755
563535 2110 5756
563544 2111 5760
563565 2112 5766
26300 2113 5767
563567 2114 5767
327200 2115 5768
563575 2116 5772
565552 2116 6984
133457 2117 5777
329312 2118 5780
36265 2119 5781
563199 2120 5781
563588 2121 5781
563591 2122 5782
565084 2122 6671
563596 2123 5783
19935 2124 5783
563610 2125 5786
12976 2126 5789
563614 2127 5790
189701 2128 5793
563626 2129 5794
563629 2130 5797
38185 2131 5798
563631 2132 5798
563638 2133 5799
184412 2134 5799
132193 2134 6197
563637 2135 5800
327200 2136 5800
563640 2137 5801
563659 2138 5811
560455 2139 5814
564181 2139 6136
563199 2140 5817
563626 2141 5823
563681 2142 5823
563401 2142 6088
4235 2143 5825
184412 2144 5825
563690 2145 5827
563707 2146 5847
563730 2147 5863
563733 2148 5866
294206 2149 5870
563747 2150 5874
563748 2151 5877
563757 2152 5883
562734 2153 5888
563777 2154 5889
563778 2155 5889
275699 2156 5892
65973 2157 5894
41297 2158 5894
58242 2158 6019
1561 2158 6037
563788 2159 5895
563789 2160 5895
563794 2161 5898
563827 2161 5918
564056 2161 6068
188695 2161 6141
564320 2161 6221
564684 2161 6433
190301 2162 5900
68219 2163 5900
563799 2164 5900
563800 2165 5900
563801 2166 5901
58126 2167 5902
563805 2168 5903
563806 2169 5906
58047 2170 5910
563748 2171 5915
563823 2172 5916
563826 2173 5918
69964 2174 5919
518495 2175 5919
447349 2176 5923
563844 2177 5927
61930 2178 5928
563850 2179 5930
563851 2180 5931
563862 2181 5939
25765 2182 5939
563876 2183 5947
130 2184 5948
563199 2185 5954
563893 2186 5956
563894 2187 5957
563895 2188 5957
130 2189 5960
106116 2190 5963
563748 2191 5976
563917 2192 5978
563918 2193 5979
563921 2194 5980
39702 2195 5983
216900 2196 5989
563930 2197 5991
563771 2198 5992
563934 2199 5994
563199 2200 5999
563894 2201 5999
103661 2202 6003
103665 2203 6003
103669 2204 6003
103684 2205 6005
563963 2206 6009
563968 2207 6010
563969 2208 6012
68219 2209 6019
563199 2210 6021
563986 2211 6025
563989 2212 6025
558068 2213 6028
401191 2214 6029
52830 2215 6040
51866 2216 6050
564036 2217 6054
564045 2218 6057
86643 2219 6057
564049 2220 6060
260705 2221 6061
564051 2222 6062
564054 2223 6063
104165 2224 6068
235871 2225 6072
518495 2226 6074
564074 2227 6076
564075 2228 6078
26300 2229 6080
564083 2230 6082
564296 2230 6198
564102 2231 6090
437930 2232 6092
564122 2233 6106
260705 2234 6109
105082 2235 6110
564139 2236 6113
564144 2237 6115
564147 2238 6116
42989 2239 6117
564155 2240 6119
563986 2241 6121
46897 2242 6126
41811 2243 6127
41818 2244 6129
65319 2245 6130
564179 2246 6132
504998 2247 6133
564183 2248 6136
50264 2249 6138
564193 2250 6139
564200 2251 6142
564205 2252 6143
42890 2253 6147
564215 2254 6151
564216 2255 6152
564219 2256 6155
348806 2257 6156
564235 2258 6164
256541 2259 6164
537477 2260 6165
564240 2261 6167
346598 2262 6169
564260 2263 6175
405035 2264 6188
8538 2265 6197
564248 2266 6198
564298 2267 6201
564299 2268 6202
563986 2269 6203
117805 2270 6205
71371 2271 6207
564350 2271 6237
564309 2272 6212
564314 2273 6216
72693 2274 6220
564322 2275 6221
564327 2276 6222
564330 2277 6222
564331 2278 6225
564332 2279 6226
564333 2280 6227
195614 2281 6228
564339 2282 6230
565906 2282 7182
554500 2283 6230
564341 2284 6233
564342 2285 6234
564349 2286 6236
10411 2287 6245
564363 2288 6245
564384 2289 6254
564391 2290 6257
564392 2291 6259
563057 2292 6259
563056 2292 6303
282983 2293 6267
564400 2294 6267
564403 2295 6270
564406 2296 6272
564407 2297 6275
564756 2297 6463
563986 2298 6276
230906 2299 6276
40211 2300 6277
48788 2301 6277
564414 2302 6279
564417 2303 6281
564331 2304 6282
41038 2305 6283
564422 2306 6284
33221 2307 6286
564434 2308 6291
7969 2309 6295
564448 2310 6296
2335 2311 6302
564466 2312 6303
44456 2313 6306
200883 2314 6313
564485 2315 6317
85347 2316 6320
562855 2317 6320
1834 2318 6329
15931 2319 6334
564510 2320 6340
564417 2321 6341
563986 2322 6344
395914 2323 6355
118728 2324 6358
94639 2325 6372
564578 2326 6373
564579 2327 6375
564580 2328 6375
564585 2329 6380
564586 2330 6381
564589 2331 6382
50499 2332 6388
64971 2333 6388
295420 2334 6394
564613 2335 6396
564620 2336 6398
564629 2337 6401
564630 2338 6402
563986 2339 6406
564339 2340 6406
564641 2341 6412
564646 2342 6416
61538 2343 6417
55871 2344 6423
564677 2345 6427
246097 2346 6429
564681 2347 6430
52762 2348 6430
557992 2349 6431
198826 2350 6434
198826 2351 6435
49846 2352 6437
564897 2353 6440
564896 2353 6554
411302 2354 6441
556805 2355 6443
366087 2356 6449
564734 2357 6454
564735 2358 6454
564740 2359 6456
564745 2360 6459
564750 2361 6460
564753 2362 6460
564762 2363 6466
564779 2364 6476
565103 2364 6690
564780 2365 6478
564785 2366 6481
564804 2367 6491
564807 2368 6492
118182 2369 6498
181715 2370 6499
564830 2371 6507
564833 2372 6508
564838 2373 6513
564839 2374 6514
564840 2375 6514
564841 2376 6515
564842 2377 6516
564847 2378 6519
564852 2379 6525
242072 2380 6525
564856 2381 6529
51975 2382 6530
564866 2383 6535
564869 2384 6538
452850 2385 6540
255872 2386 6543
56955 2387 6544
51975 2388 6548
8866 2389 6550
384178 2390 6551
61538 2391 6551
128523 2392 6553
564902 2393 6557
33906 2394 6565
41090 2395 6565
564917 2396 6573
564924 2397 6574
532682 2397 6758
564927 2398 6576
564928 2399 6576
117250 2400 6577
564935 2401 6579
564934 2402 6579
564950 2403 6586
37646 2404 6587
48385 2405 6591
564969 2406 6594
565096 2406 6679
564970 2407 6595
564977 2408 6599
564986 2409 6604
564991 2410 6614
549262 2411 6616
553134 2412 6618
564999 2413 6618
12865 2414 6626
355686 2415 6626
565023 2416 6630
452850 2417 6636
52762 2418 6650
565056 2419 6653
8512 2420 6660
565070 2421 6663
269985 2422 6664
565072 2423 6664
565077 2424 6668
565078 2425 6669
58278 2426 6669
565086 2427 6671
565093 2428 6675
565102 2428 6802
337039 2429 6681
253769 2430 6681
565102 2431 6686
565115 2432 6695
565116 2433 6695
562197 2434 6697
565124 2435 6698
50267 2436 6698
565128 2437 6702
565129 2438 6705
40769 2439 6712
565141 2440 6717
565142 2441 6719
377828 2442 6721
564327 2443 6722
565163 2444 6732
50984 2445 6736
442925 2446 6741
52400 2447 6742
565180 2448 6742
471557 2449 6750
151273 2450 6756
549262 2451 6757
54859 2452 6757
56725 2453 6767
565333 2453 6849
565219 2454 6773
565220 2455 6774
565225 2456 6777
565220 2457 6779
565227 2458 6782
565230 2459 6782
102624 2460 6784
565236 2461 6788
565239 2462 6789
565248 2463 6796
260216 2464 6801
33081 2464 7075
565258 2465 6802
565263 2466 6803
565758 2466 7110
565266 2467 6805
565267 2468 6807
565268 2469 6807
565281 2470 6816
59861 2471 6824
562499 2472 6826
565296 2473 6827
565305 2474 6834
565312 2475 6836
565313 2476 6836
565331 2476 6849
23604 2477 6838
55741 2478 6838
444592 2479 6842
565325 2480 6844
444569 2481 6846
565267 2482 6851
565342 2483 6852
300039 2484 6854
531979 2485 6859
565351 2486 6859
565356 2487 6864
143811 2488 6865
565360 2489 6870
565361 2490 6870
565370 2491 6874
565375 2492 6875
158421 2493 6876
565395 2494 6891
565396 2495 6894
560280 2496 6905
484876 2497 6906
565415 2498 6907
565418 2499 6909
565433 2500 6915
565440 2501 6922
21356 2502 6924
565450 2503 6925
14330 2504 6926
565452 2505 6927
53221 2506 6931
565457 2507 6933
565465 2508 6933
562286 2509 6938
565473 2510 6941
244613 2511 6948
198198 2512 6948
565500 2513 6957
565513 2514 6961
552887 2515 6966
565529 2516 6973
52669 2517 6974
565535 2518 6975
565538 2519 6976
565547 2519 6981
565549 2520 6982
565563 2521 6988
244613 2522 6988
565568 2523 6991
52762 2524 6992
166834 2525 6993
565577 2526 6997
565578 2527 6998
565579 2528 6998
133676 2529 6999
565583 2530 7002
565584 2531 7003
565587 2532 7005
52762 2533 7008
370686 2534 7015
565602 2535 7017
565613 2536 7023
57198 2537 7028
565351 2538 7031
69743 2539 7032
52762 2540 7035
76626 2541 7038
563921 2542 7038
565648 2543 7041
565649 2544 7043
565652 2545 7046
565665 2546 7049
565674 2547 7055
50560 2548 7063
19189 2549 7064
565695 2550 7064
94128 2551 7066
102038 2552 7069
445082 2553 7069
565713 2554 7074
565724 2555 7078
565659 2556 7078
565728 2557 7081
565733 2558 7088
562286 2559 7097
437930 2560 7097
565752 2561 7104
565757 2562 7109
565770 2563 7117
40529 2564 7118
265660 2565 7132
565799 2566 7133
565804 2567 7137
62351 2568 7137
565810 2569 7138
565819 2570 7143
422948 2571 7153
565833 2572 7153
565834 2573 7154
33950 2574 7157
565844 2575 7158
565871 2576 7166
565874 2577 7167
125618 2578 7168
587932 2579 7171
565888 2580 7173
562292 2581 7179
565893 2582 7184
565913 2583 7188
565914 2584 7190
111224 2585 7196
