113678 24543 0
556460 24543 0
548486 410648 0
552583 410648 0
552623 410648 0
552731 410648 0
547767 410648 0
552833 410648 0
163009 410648 0
552880 410648 0
508057 410648 0
374414 410648 0
552934 410648 0
552945 410648 0
552950 410648 0
553017 410648 0
53775 410648 0
547191 410648 0
552774 410648 0
553119 410648 0
553306 410648 0
3574 410648 0
553394 410648 0
22024 410648 0
553503 410648 0
553509 410648 0
553666 410648 0
553779 410648 0
553888 410648 0
553932 410648 0
554072 410648 0
554084 410648 0
554107 410648 0
554134 410648 0
554162 410648 0
451158 410648 0
30250 410648 0
549481 410648 0
554401 410648 0
554483 410648 0
554740 410648 0
539271 410648 0
554863 410648 0
554901 410648 0
306888 410648 0
553310 410648 0
555313 410648 0
40359 410648 0
555534 410648 0
553464 410648 0
33098 410648 0
57801 410648 0
555700 410648 0
555708 410648 0
555715 410648 0
555966 410648 0
555993 410648 0
556323 410648 0
556691 410648 0
555943 410648 0
486903 410648 0
556919 410648 0
556978 410648 0
85703 410648 0
557282 410648 0
557292 410648 0
557538 410648 0
557760 410648 0
476842 410648 0
558076 410648 0
420699 410648 0
558615 410648 0
236856 410648 0
333478 410648 0
559003 410648 0
14227 410648 0
560382 410648 0
560404 410648 0
560470 410648 0
546234 410648 0
231231 410648 0
530656 410648 0
561144 410648 0
561203 410648 0
557472 410648 0
561755 410648 0
407564 410648 0
561850 410648 0
561883 410648 0
562710 410648 0
562831 410648 0
563809 410648 0
563842 410648 0
563913 410648 0
564312 410648 0
564664 410648 0
564678 410648 0
445635 410648 0
564915 410648 0
565075 410648 0
565184 410648 0
565705 410648 0
553030 349369 0
210937 552877 0
553519 552877 0
554101 552877 0
557288 552877 0
558922 552877 0
559268 552877 0
560072 552877 0
372733 552877 0
350849 552877 0
552912 56858 0
547899 552908 0
553849 552936 0
555828 552936 0
487704 552936 0
557803 552936 0
562168 552936 0
553324 553069 0
559479 36882 0
34117 553131 0
553401 553149 0
557834 553149 0
26156 8 0
30992 8 0
273569 8 0
510168 8 0
340995 553326 0
553549 553438 0
553835 553438 0
563258 553438 0
3683 553457 0
340995 553326 0
56329 242907 0
553817 58780 0
44785 271021 0
554226 515448 0
494355 529089 0
409977 554219 0
409961 554219 0
409944 554219 0
410214 554219 0
410206 554219 0
410259 554219 0
410307 554219 0
554455 554446 0
556900 58954 0
561689 554550 0
559284 554691 0
555644 554824 0
209758 53196 0
555376 53196 0
555702 53196 0
127658 53196 0
219133 53196 0
11505 53196 0
556226 448110 0
555317 41297 0
57749 555020 0
555296 555150 0
340995 555181 0
340995 554888 0
340995 555201 0
340995 555258 0
340995 555303 0
555744 555310 0
565564 428846 0
17807 555386 0
558162 470214 0
2577 19785 0
556001 555682 0
557364 2695 0
23409 556063 0
556356 556063 0
370127 265914 0
557122 265914 0
557573 265914 0
557571 265914 0
557840 265914 0
563207 265914 0
141919 141916 0
22167 556347 0
396387 556440 0
555572 556464 0
29663 450255 0
559574 371336 0
563831 371336 0
558003 556751 0
73050 556751 0
265931 6846 0
66703 556833 0
66705 556833 0
66727 556833 0
66717 556833 0
66723 556833 0
66701 556833 0
66713 556833 0
66711 556833 0
66725 556833 0
66719 556833 0
66707 556833 0
66721 556833 0
66709 556833 0
66715 556833 0
557266 556980 0
559961 552936 0
557658 557077 0
557970 557077 0
277260 8661 0
8660 8661 0
565212 8661 0
34 557161 0
36592 557189 0
562315 557303 0
132193 184412 0
559227 557360 0
558945 557372 0
558108 557415 0
558115 557415 0
558113 557415 0
557690 557633 0
62758 557633 0
55494 557633 0
557808 557633 0
558224 557633 0
558297 557633 0
558343 557633 0
558437 557633 0
559042 557633 0
559061 557633 0
551083 557633 0
559493 557633 0
559889 557633 0
559940 557633 0
328655 557633 0
53556 557633 0
560503 557633 0
419365 557633 0
561364 557633 0
561802 557633 0
562819 557633 0
34558 557633 0
563559 557633 0
2729 557633 0
565376 557633 0
565558 557633 0
2577 557146 0
8660 8661 0
557911 557837 0
547569 41297 0
563589 558075 0
76666 51268 0
558842 556365 0
559970 558666 0
154557 557189 0
36592 557189 0
560808 557189 0
558672 168 0
559032 168 0
559321 168 0
559422 168 0
559429 168 0
559436 168 0
559668 168 0
559965 168 0
560019 168 0
560196 168 0
560269 168 0
533124 168 0
560722 168 0
560892 168 0
560953 168 0
560988 168 0
561265 168 0
561449 168 0
561538 168 0
561945 168 0
561969 168 0
562031 168 0
562454 168 0
562604 168 0
562618 168 0
562698 168 0
563221 168 0
563386 168 0
563641 168 0
563792 168 0
564058 168 0
564067 168 0
564079 168 0
564092 168 0
564168 168 0
564271 168 0
564715 168 0
565100 168 0
565368 168 0
565431 168 0
565476 168 0
559311 558997 0
12270 558997 0
559483 558997 0
33334 558586 0
169095 559179 0
64303 559179 0
559646 559179 0
217212 559179 0
27237 559179 0
560414 559179 0
255081 559199 0
559425 559391 0
559438 559391 0
559515 559391 0
45198 559391 0
559570 559391 0
559582 559391 0
559595 559391 0
559609 559391 0
559691 559391 0
559720 559391 0
559761 559391 0
98647 559391 0
560067 559391 0
560350 559391 0
220491 559391 0
560543 559391 0
560658 559391 0
560671 559391 0
561070 559391 0
561234 559391 0
561259 559391 0
561867 559391 0
562981 559391 0
563131 559391 0
175223 559391 0
236856 559489 0
543883 559536 0
46043 559607 0
565837 559709 0
560941 559754 0
565590 559754 0
20595 2518 0
564732 353457 0
560765 560766 0
562629 560766 0
560464 560249 0
560384 560290 0
560908 560290 0
561129 560290 0
563489 560290 0
132193 184412 0
560591 560424 0
143546 560448 0
561030 29657 0
163282 560566 0
564826 560640 0
561023 66558 0
230854 66558 0
561899 66558 0
562246 66558 0
40780 66558 0
562511 66558 0
561742 555073 0
561565 40211 0
561362 372597 0
563795 561276 0
564151 561276 0
63947 20094 0
561821 20094 0
561798 561340 0
561899 59817 0
562759 10543 0
562950 216451 0
340995 561744 0
340995 425252 0
56240 4474 0
34967 4474 0
340995 4474 0
562401 4474 0
26737 4474 0
562639 4474 0
562867 4474 0
544497 4474 0
340995 561791 0
340995 561794 0
553886 561815 0
562152 562016 0
562123 20220 0
562241 20220 0
562502 20220 0
563061 20220 0
563745 20220 0
563943 20220 0
564490 20220 0
91211 89295 0
7281 532682 0
563254 562016 0
563407 562016 0
236856 562016 0
565692 562016 0
562814 562447 0
553886 562612 0
562937 562739 0
564627 562739 0
562767 441974 0
562946 441974 0
562993 441974 0
564537 441974 0
564790 441974 0
565494 441974 0
10543 562759 0
562977 63985 0
562954 562918 0
563121 562918 0
563145 562918 0
563174 562918 0
563238 562918 0
563347 562918 0
563410 562918 0
57539 562918 0
564814 562918 0
565065 562918 0
565259 562918 0
565358 562918 0
565822 562918 0
563056 563057 0
563626 563047 0
41390 138290 0
564513 138290 0
562765 563761 0
563405 563354 0
565554 563354 0
35024 563401 0
68261 563401 0
33716 563404 0
565552 563575 0
565084 563591 0
132193 184412 0
564181 560455 0
563401 563681 0
58242 41297 0
1561 41297 0
563827 563794 0
564056 563794 0
188695 563794 0
564320 563794 0
564684 563794 0
564296 564083 0
564350 71371 0
565906 564339 0
563056 563057 0
564756 564407 0
564896 564897 0
565103 564779 0
532682 564924 0
565096 564969 0
565102 565093 0
565333 56725 0
33081 260216 0
565758 565263 0
565331 565313 0
565547 565538 0
