1 1 100 5.41455
2 2 100 7.30541
3 3 100 50.72
4 4 100 89.7905
5 5 100 95.1423
6 6 100 106.154
7 7 100 116.973
8 8 100 124.82
9 9 100 129.303
10 10 100 133.364
11 11 100 137.805
12 12 100 179.069
13 13 100 214.69
14 14 100 240.099
15 15 100 241.158
16 16 100 262.576
17 17 100 266.031
18 18 100 269.355
19 19 100 283.796
20 20 100 286.571
21 21 100 288.646
22 22 100 298.107
23 23 100 306.506
24 24 100 314.679
25 25 100 323.491
26 26 100 330.285
27 27 100 332.469
28 28 100 338.803
29 29 100 342.525
30 30 100 347.813
31 31 100 349.999
32 32 100 352.188
33 33 100 355.64
34 34 100 357.284
35 35 100 358.774
36 36 100 360.448
37 37 100 362.276
38 38 100 364.056
39 39 100 366.16
40 40 100 368.264
41 41 100 370.26
42 42 100 371.771
43 43 100 374.979
44 44 100 378.738
45 45 100 382.681
46 46 100 386.44
47 47 100 390.383
48 48 100 393.959
49 49 100 397.258
50 50 100 400.22
