3 28 28 1
16 3 2 0.666667
34 1 1 1
96 1 1 1
176 3 2 0.666667
222 1 1 1
281 1 1 1
297 1 1 1
322 72 72 1
379 1 1 1
392 3 1 0.333333
981 4 1 0.25
1112 2 2 1
1202 3 2 0.666667
1335 5 1 0.2
1980 1 1 1
2011 1 1 1
2018 2 2 1
2577 4 4 1
3683 1 1 1
3712 1 1 1
3871 1 1 1
4161 2 1 0.5
4614 1 1 1
4967 1 1 1
5480 2 1 0.5
5629 1 1 1
6678 1 1 1
6869 1 1 1
6990 2 2 1
7206 1 1 1
7361 6 6 1
7574 2 2 1
7671 1 1 1
7807 1 1 1
8112 15 15 1
8414 1 1 1
8605 3 2 0.666667
8866 2 1 0.5
9077 1 1 1
9102 1 1 1
9304 1 1 1
9645 1 1 1
9696 1 1 1
9702 1 1 1
10110 1 1 1
10245 1 1 1
10932 2 1 0.5
10991 1 1 1
11505 1 1 1
11668 1 1 1
12145 1 1 1
12286 1 1 1
12323 1 1 1
12344 2 2 1
12740 1 1 1
12741 1 1 1
12815 2 2 1
12993 2 2 1
13057 1 1 1
13162 1 1 1
13543 3 1 0.333333
13593 1 1 1
14029 3 1 0.333333
14106 1 1 1
14523 1 1 1
14736 1 1 1
14772 1 1 1
15063 1 1 1
15414 2 1 0.5
15531 1 1 1
16400 1 1 1
16581 6 4 0.666667
16980 1 1 1
17292 4 1 0.25
17461 2 1 0.5
17759 2 2 1
18006 1 1 1
18069 1 1 1
18110 3 1 0.333333
18309 1 1 1
18311 1 1 1
18373 1 1 1
18480 3 1 0.333333
18557 1 1 1
18603 1 1 1
18637 1 1 1
18647 1 1 1
18649 1 1 1
18651 1 1 1
18716 1 1 1
18789 1 1 1
18892 3 3 1
18976 2 1 0.5
18977 1 1 1
18981 1 1 1
18996 1 1 1
19063 2 2 1
19117 1 1 1
19124 1 1 1
19143 1 1 1
19177 1 1 1
19214 1 1 1
19220 1 1 1
19228 1 1 1
19260 1 1 1
19284 1 1 1
19296 1 1 1
19300 1 1 1
19374 1 1 1
19412 1 1 1
19476 2 1 0.5
19485 1 1 1
19502 1 1 1
19536 1 1 1
19571 1 1 1
19591 1 1 1
19615 1 1 1
19649 1 1 1
19651 1 1 1
19679 1 1 1
19691 4 4 1
19698 1 1 1
19735 1 1 1
19756 1 1 1
19764 1 1 1
19792 2 1 0.5
19831 1 1 1
19865 2 1 0.5
19868 1 1 1
19899 1 1 1
19901 3 1 0.333333
19918 1 1 1
19933 1 1 1
19959 1 1 1
19992 1 1 1
20010 1 1 1
20016 1 1 1
20040 1 1 1
20045 1 1 1
20073 2 1 0.5
20090 1 1 1
20108 2 2 1
20153 1 1 1
20162 1 1 1
20167 1 1 1
20171 1 1 1
20177 1 1 1
20188 3 1 0.333333
20196 1 1 1
20219 1 1 1
20230 1 1 1
20272 1 1 1
20361 6 6 1
20366 1 1 1
20382 1 1 1
20431 1 1 1
20476 3 3 1
20497 2 2 1
20499 1 1 1
20501 1 1 1
20517 1 1 1
20597 1 1 1
20606 1 1 1
20623 1 1 1
20648 1 1 1
20657 3 2 0.666667
20673 1 1 1
20712 2 1 0.5
20759 1 1 1
20798 1 1 1
20834 2 2 1
20862 5 4 0.8
20907 1 1 1
20925 1 1 1
20934 1 1 1
20947 1 1 1
21012 1 1 1
21090 1 1 1
21137 1 1 1
21152 1 1 1
21156 1 1 1
21173 1 1 1
21207 1 1 1
21229 1 1 1
21255 1 1 1
21273 1 1 1
21294 1 1 1
21327 1 1 1
21329 1 1 1
21344 1 1 1
21373 1 1 1
21405 1 1 1
21414 2 2 1
21459 1 1 1
21469 1 1 1
21503 1 1 1
21523 1 1 1
21570 1 1 1
21594 1 1 1
21633 1 1 1
21649 1 1 1
21686 1 1 1
21703 1 1 1
21737 1 1 1
21740 1 1 1
21764 1 1 1
21800 1 1 1
21818 1 1 1
21829 1 1 1
21846 1 1 1
21860 1 1 1
21864 1 1 1
21892 2 1 0.5
21909 1 1 1
21956 1 1 1
21974 1 1 1
21976 1 1 1
22013 1 1 1
22037 1 1 1
22041 2 2 1
22051 1 1 1
22057 2 2 1
22059 2 2 1
22061 2 2 1
22076 1 1 1
22094 1 1 1
22096 1 1 1
22107 1 1 1
22128 2 1 0.5
22162 3 1 0.333333
22165 1 1 1
22208 1 1 1
22232 1 1 1
22235 1 1 1
22244 1 1 1
22246 1 1 1
22280 1 1 1
22381 1 1 1
22396 2 1 0.5
22402 2 1 0.5
22442 1 1 1
22481 1 1 1
22487 1 1 1
22502 1 1 1
22513 1 1 1
22592 1 1 1
22608 1 1 1
22624 1 1 1
22626 1 1 1
22634 1 1 1
22692 5 5 1
22718 1 1 1
22771 1 1 1
22787 1 1 1
22808 1 1 1
22815 1 1 1
22835 1 1 1
22871 1 1 1
22937 1 1 1
22943 2 1 0.5
22946 1 1 1
22996 1 1 1
23012 1 1 1
23029 1 1 1
23033 1 1 1
23044 1 1 1
23076 1 1 1
23142 1 1 1
23150 1 1 1
23156 1 1 1
23159 1 1 1
23266 1 1 1
23281 1 1 1
23285 1 1 1
23296 1 1 1
23353 1 1 1
23367 1 1 1
23373 1 1 1
23398 1 1 1
23409 1 1 1
23415 1 1 1
23429 1 1 1
23434 1 1 1
23461 1 1 1
23476 5 5 1
23518 1 1 1
23535 1 1 1
23551 1 1 1
23565 4 3 0.75
23585 1 1 1
23591 1 1 1
23596 1 1 1
23617 1 1 1
23621 2 1 0.5
23623 1 1 1
23633 1 1 1
23637 3 3 1
23643 1 1 1
23651 3 2 0.666667
23682 1 1 1
23684 2 1 0.5
23687 1 1 1
23702 1 1 1
23710 1 1 1
23716 1 1 1
23724 1 1 1
23760 1 1 1
23764 1 1 1
23784 1 1 1
23794 1 1 1
23804 1 1 1
23827 1 1 1
23831 1 1 1
23840 1 1 1
23847 1 1 1
23849 1 1 1
23859 1 1 1
23872 1 1 1
23898 1 1 1
23900 3 3 1
23916 1 1 1
23948 1 1 1
23974 1 1 1
23978 1 1 1
23991 1 1 1
23996 1 1 1
23998 1 1 1
24012 2 2 1
24040 1 1 1
24044 1 1 1
24083 1 1 1
24086 1 1 1
24099 1 1 1
24129 2 1 0.5
24142 1 1 1
24173 1 1 1
24188 1 1 1
24203 1 1 1
24206 1 1 1
24208 1 1 1
24210 1 1 1
24219 1 1 1
24306 1 1 1
24319 1 1 1
24355 1 1 1
24368 1 1 1
24390 1 1 1
24403 1 1 1
24466 1 1 1
24471 1 1 1
24493 1 1 1
24559 1 1 1
24610 1 1 1
24669 2 2 1
24676 1 1 1
24698 1 1 1
24704 1 1 1
24714 4 3 0.75
24770 1 1 1
24775 1 1 1
24804 1 1 1
24839 1 1 1
24866 1 1 1
24869 1 1 1
24888 1 1 1
24892 1 1 1
24910 1 1 1
24921 1 1 1
24936 2 2 1
24942 1 1 1
24975 1 1 1
24996 1 1 1
25013 1 1 1
25019 1 1 1
25021 1 1 1
25050 1 1 1
25065 1 1 1
25070 1 1 1
25077 1 1 1
25106 1 1 1
25132 1 1 1
25147 1 1 1
25169 1 1 1
25247 1 1 1
25251 1 1 1
25253 1 1 1
25255 1 1 1
25262 1 1 1
25290 1 1 1
25295 1 1 1
25309 1 1 1
25314 1 1 1
25337 4 4 1
25346 1 1 1
25390 1 1 1
25409 1 1 1
25420 1 1 1
25428 1 1 1
25445 1 1 1
25483 1 1 1
25491 1 1 1
25502 1 1 1
25514 2 1 0.5
25556 1 1 1
25565 1 1 1
25571 1 1 1
25668 1 1 1
25678 3 1 0.333333
25705 1 1 1
25737 1 1 1
25748 1 1 1
25755 1 1 1
25808 1 1 1
25853 1 1 1
25855 1 1 1
25859 1 1 1
25866 1 1 1
25907 1 1 1
25913 2 2 1
25948 1 1 1
25975 1 1 1
25991 1 1 1
26031 1 1 1
26039 2 1 0.5
26045 1 1 1
26054 1 1 1
26057 1 1 1
26084 1 1 1
26105 1 1 1
26171 1 1 1
26205 1 1 1
26216 1 1 1
26232 1 1 1
26237 1 1 1
26251 1 1 1
26266 1 1 1
26286 1 1 1
26381 1 1 1
26384 1 1 1
26430 1 1 1
26437 1 1 1
26446 1 1 1
26457 2 2 1
26559 1 1 1
26562 1 1 1
26567 1 1 1
26592 1 1 1
26597 2 2 1
26611 1 1 1
26619 1 1 1
26624 1 1 1
26646 4 2 0.5
26651 1 1 1
26670 2 2 1
26683 2 2 1
26689 1 1 1
26700 1 1 1
26775 1 1 1
26782 1 1 1
26788 2 2 1
26790 1 1 1
26812 1 1 1
26832 1 1 1
26865 1 1 1
26894 1 1 1
26906 1 1 1
26910 1 1 1
26941 2 1 0.5
26948 1 1 1
26972 1 1 1
26974 3 2 0.666667
27001 1 1 1
27003 1 1 1
27019 3 2 0.666667
27031 1 1 1
27119 2 1 0.5
27145 2 1 0.5
27151 1 1 1
27153 1 1 1
27165 1 1 1
27171 1 1 1
27190 1 1 1
27225 1 1 1
27229 1 1 1
27231 1 1 1
27313 2 1 0.5
27366 1 1 1
27412 1 1 1
27430 1 1 1
27434 1 1 1
27504 1 1 1
27532 1 1 1
27536 1 1 1
27542 4 3 0.75
27548 1 1 1
27556 1 1 1
27564 1 1 1
27604 1 1 1
27608 1 1 1
27624 1 1 1
27626 1 1 1
27631 1 1 1
27668 1 1 1
27688 1 1 1
27710 1 1 1
27724 1 1 1
27726 1 1 1
27728 1 1 1
27730 1 1 1
27732 1 1 1
27734 1 1 1
27736 1 1 1
27738 1 1 1
27740 1 1 1
27742 1 1 1
27744 1 1 1
27746 1 1 1
27748 1 1 1
27750 1 1 1
27754 1 1 1
27756 1 1 1
27758 1 1 1
27760 1 1 1
27762 1 1 1
27764 1 1 1
27766 1 1 1
27770 1 1 1
27772 1 1 1
27774 1 1 1
27776 1 1 1
27778 1 1 1
27780 1 1 1
27782 1 1 1
27784 1 1 1
27786 1 1 1
27788 1 1 1
27790 1 1 1
27792 1 1 1
27794 1 1 1
27796 1 1 1
27798 1 1 1
27800 1 1 1
27802 1 1 1
27804 1 1 1
27806 1 1 1
27808 1 1 1
27810 1 1 1
27812 1 1 1
27814 1 1 1
27816 1 1 1
27818 1 1 1
27820 1 1 1
27822 1 1 1
27824 1 1 1
27826 1 1 1
27828 1 1 1
27830 1 1 1
27832 1 1 1
27834 1 1 1
27836 1 1 1
27838 1 1 1
27840 1 1 1
27842 1 1 1
27844 1 1 1
27846 1 1 1
27848 1 1 1
27850 1 1 1
27852 1 1 1
27854 1 1 1
27856 1 1 1
27858 1 1 1
27860 1 1 1
27862 1 1 1
27864 1 1 1
27866 1 1 1
27868 1 1 1
27870 1 1 1
27872 1 1 1
27874 1 1 1
27876 1 1 1
27878 1 1 1
27880 1 1 1
27883 1 1 1
27893 1 1 1
27895 1 1 1
27901 1 1 1
27909 1 1 1
27914 1 1 1
27919 1 1 1
27922 1 1 1
27929 1 1 1
27932 1 1 1
27936 1 1 1
27942 1 1 1
27951 1 1 1
27978 1 1 1
27981 1 1 1
27983 1 1 1
27987 1 1 1
27990 1 1 1
27997 1 1 1
28001 1 1 1
28018 1 1 1
28023 1 1 1
28027 1 1 1
28034 1 1 1
28061 1 1 1
28073 1 1 1
28075 1 1 1
28077 1 1 1
28081 1 1 1
28089 1 1 1
28102 1 1 1
28131 1 1 1
28133 1 1 1
28144 5 2 0.4
28146 1 1 1
28179 1 1 1
28211 1 1 1
28230 1 1 1
28239 1 1 1
28260 1 1 1
28278 1 1 1
28284 1 1 1
28286 1 1 1
28288 1 1 1
28300 1 1 1
28312 2 1 0.5
28318 1 1 1
28327 1 1 1
28338 1 1 1
28358 1 1 1
28404 1 1 1
28420 1 1 1
28422 1 1 1
28430 1 1 1
28437 1 1 1
28461 1 1 1
28506 1 1 1
28508 1 1 1
28530 1 1 1
28538 1 1 1
28585 1 1 1
28598 1 1 1
28602 1 1 1
28614 1 1 1
28622 1 1 1
28633 1 1 1
28644 3 1 0.333333
28673 1 1 1
28683 1 1 1
28706 1 1 1
28738 1 1 1
28760 1 1 1
28788 1 1 1
28796 1 1 1
28800 1 1 1
28802 1 1 1
28837 1 1 1
28873 1 1 1
28875 1 1 1
28878 1 1 1
28896 1 1 1
28907 9 7 0.777778
28930 1 1 1
28932 1 1 1
28936 1 1 1
28954 1 1 1
28975 1 1 1
28985 1 1 1
28998 1 1 1
29012 1 1 1
29045 1 1 1
29086 1 1 1
29094 1 1 1
29105 3 3 1
29107 1 1 1
29109 1 1 1
29124 1 1 1
29139 1 1 1
29142 1 1 1
29181 1 1 1
29192 1 1 1
29205 1 1 1
29237 1 1 1
29244 1 1 1
29257 1 1 1
29271 3 1 0.333333
29312 1 1 1
29398 1 1 1
29421 1 1 1
29429 1 1 1
29453 1 1 1
29468 2 2 1
29471 1 1 1
29479 1 1 1
29483 1 1 1
29500 1 1 1
29510 1 1 1
29520 2 1 0.5
29529 1 1 1
29553 1 1 1
29578 1 1 1
29600 1 1 1
29607 1 1 1
29609 1 1 1
29620 1 1 1
29625 1 1 1
29630 1 1 1
29638 1 1 1
29646 1 1 1
29653 1 1 1
29663 1 1 1
29665 1 1 1
29681 1 1 1
29686 2 1 0.5
29698 1 1 1
29724 2 1 0.5
29733 1 1 1
29745 1 1 1
29750 2 2 1
29763 1 1 1
29777 2 2 1
29793 1 1 1
29798 2 2 1
29809 1 1 1
29824 1 1 1
29826 1 1 1
29845 1 1 1
29855 1 1 1
29886 1 1 1
29892 1 1 1
29894 1 1 1
29907 1 1 1
29917 1 1 1
29925 1 1 1
29937 1 1 1
29959 1 1 1
29968 2 1 0.5
29995 1 1 1
30000 1 1 1
30004 1 1 1
30006 1 1 1
30037 1 1 1
30049 1 1 1
30057 1 1 1
30062 1 1 1
30086 1 1 1
30099 1 1 1
30103 1 1 1
30105 3 1 0.333333
30111 1 1 1
30119 1 1 1
30122 2 2 1
30129 1 1 1
30145 2 1 0.5
30166 1 1 1
30215 2 1 0.5
30221 2 1 0.5
30225 2 1 0.5
30229 1 1 1
30238 1 1 1
30245 1 1 1
30254 1 1 1
30267 1 1 1
30269 2 2 1
30274 4 2 0.5
30282 1 1 1
30285 1 1 1
30303 1 1 1
30305 1 1 1
30311 1 1 1
30334 1 1 1
30344 1 1 1
30371 1 1 1
30375 1 1 1
30417 1 1 1
30445 1 1 1
30447 1 1 1
30453 1 1 1
30455 1 1 1
30497 1 1 1
30499 1 1 1
30501 1 1 1
30505 1 1 1
30514 1 1 1
30523 1 1 1
30529 1 1 1
30560 1 1 1
30562 1 1 1
30565 1 1 1
30567 1 1 1
30581 1 1 1
30584 1 1 1
30589 1 1 1
30591 1 1 1
30595 3 2 0.666667
30602 1 1 1
30656 1 1 1
30663 1 1 1
30669 1 1 1
30683 1 1 1
30701 1 1 1
30711 1 1 1
30733 1 1 1
30738 1 1 1
30776 1 1 1
30778 1 1 1
30792 7 7 1
30796 1 1 1
30831 1 1 1
30835 2 2 1
30845 1 1 1
30870 1 1 1
30896 1 1 1
30898 1 1 1
30900 1 1 1
30910 1 1 1
30914 1 1 1
30967 1 1 1
31007 2 2 1
31020 1 1 1
31028 5 1 0.2
31055 1 1 1
31116 1 1 1
31186 2 1 0.5
31192 2 1 0.5
31237 1 1 1
31254 1 1 1
31286 1 1 1
31294 1 1 1
31305 1 1 1
31308 1 1 1
31328 1 1 1
31330 1 1 1
31375 1 1 1
31391 1 1 1
31393 1 1 1
31396 1 1 1
31409 1 1 1
31431 1 1 1
31454 4 2 0.5
31462 1 1 1
31464 1 1 1
31468 1 1 1
31487 3 3 1
31494 1 1 1
31506 1 1 1
31520 1 1 1
31550 1 1 1
31563 4 3 0.75
31575 2 1 0.5
31587 1 1 1
31589 1 1 1
31616 1 1 1
31627 2 1 0.5
31634 1 1 1
31636 1 1 1
31638 1 1 1
31708 1 1 1
31710 1 1 1
31725 1 1 1
31727 1 1 1
31729 1 1 1
31757 1 1 1
31759 1 1 1
31773 1 1 1
31779 1 1 1
31816 1 1 1
31827 1 1 1
31831 1 1 1
31849 1 1 1
31852 1 1 1
31857 1 1 1
31882 4 2 0.5
31887 1 1 1
31912 1 1 1
31924 1 1 1
31999 1 1 1
32001 3 3 1
32003 1 1 1
32016 1 1 1
32040 1 1 1
32060 1 1 1
32064 1 1 1
32066 1 1 1
32086 1 1 1
32089 1 1 1
32093 4 1 0.25
32098 1 1 1
32120 1 1 1
32128 1 1 1
32137 1 1 1
32140 1 1 1
32161 1 1 1
32219 4 2 0.5
32242 1 1 1
32258 1 1 1
32266 1 1 1
32274 1 1 1
32277 1 1 1
32279 1 1 1
32284 1 1 1
32290 1 1 1
32320 1 1 1
32333 1 1 1
32344 2 2 1
32376 1 1 1
32404 1 1 1
32419 1 1 1
32428 2 1 0.5
32432 1 1 1
32459 1 1 1
32474 1 1 1
32479 1 1 1
32487 1 1 1
32497 1 1 1
32503 1 1 1
32511 1 1 1
32564 1 1 1
32575 1 1 1
32581 1 1 1
32629 1 1 1
32651 1 1 1
32710 1 1 1
32729 1 1 1
32731 2 1 0.5
32756 1 1 1
32775 1 1 1
32789 1 1 1
32816 2 1 0.5
32831 1 1 1
32836 1 1 1
32847 1 1 1
32853 1 1 1
32864 1 1 1
32877 1 1 1
32888 1 1 1
32935 1 1 1
32946 1 1 1
32952 1 1 1
32959 1 1 1
32961 1 1 1
32963 1 1 1
32965 1 1 1
32978 1 1 1
32992 1 1 1
32997 1 1 1
33023 1 1 1
33029 2 1 0.5
33031 1 1 1
33035 1 1 1
33044 1 1 1
33084 1 1 1
33121 1 1 1
33131 1 1 1
33135 1 1 1
33171 1 1 1
33187 1 1 1
33191 1 1 1
33202 2 1 0.5
33264 1 1 1
33276 1 1 1
33289 1 1 1
33294 1 1 1
33305 1 1 1
33310 1 1 1
33330 1 1 1
33332 1 1 1
33338 1 1 1
33344 1 1 1
33349 1 1 1
33361 1 1 1
33363 1 1 1
33377 1 1 1
33404 1 1 1
33433 1 1 1
33442 1 1 1
33446 1 1 1
33457 1 1 1
33475 1 1 1
33480 2 2 1
33489 1 1 1
33522 1 1 1
33544 1 1 1
33546 1 1 1
33557 1 1 1
33564 1 1 1
33585 1 1 1
33590 1 1 1
33597 3 2 0.666667
33599 1 1 1
33667 1 1 1
33685 1 1 1
33687 1 1 1
33690 1 1 1
33702 1 1 1
33716 1 1 1
33756 1 1 1
33771 1 1 1
33773 1 1 1
33783 1 1 1
33790 1 1 1
33824 1 1 1
33828 1 1 1
33834 1 1 1
33836 1 1 1
33838 1 1 1
33840 1 1 1
33848 1 1 1
33850 1 1 1
33860 1 1 1
33863 1 1 1
33866 1 1 1
33874 1 1 1
33877 1 1 1
33879 1 1 1
33884 1 1 1
33886 1 1 1
33894 1 1 1
33915 2 1 0.5
33950 1 1 1
33952 1 1 1
33977 1 1 1
33993 1 1 1
34017 1 1 1
34038 1 1 1
34053 1 1 1
34101 1 1 1
34117 1 1 1
34154 1 1 1
34182 1 1 1
34184 1 1 1
34204 1 1 1
34239 1 1 1
34244 1 1 1
34251 1 1 1
34253 2 1 0.5
34283 1 1 1
34290 1 1 1
34323 1 1 1
34336 1 1 1
34338 1 1 1
34356 1 1 1
34387 1 1 1
34401 1 1 1
34423 1 1 1
34489 1 1 1
34496 1 1 1
34507 1 1 1
34526 1 1 1
34548 2 2 1
34550 1 1 1
34575 1 1 1
34635 1 1 1
34665 1 1 1
34672 1 1 1
34693 2 1 0.5
34697 1 1 1
34706 1 1 1
34711 1 1 1
34718 1 1 1
34736 1 1 1
34743 1 1 1
34745 1 1 1
34747 1 1 1
34751 2 1 0.5
34774 1 1 1
34787 1 1 1
34798 1 1 1
34821 1 1 1
34827 1 1 1
34837 2 2 1
34869 1 1 1
34871 1 1 1
34874 1 1 1
34876 1 1 1
34879 1 1 1
34881 1 1 1
34904 1 1 1
34935 1 1 1
34943 1 1 1
34976 1 1 1
34991 1 1 1
34996 1 1 1
35000 1 1 1
35013 1 1 1
35017 1 1 1
35024 1 1 1
35030 1 1 1
35034 1 1 1
35045 1 1 1
35058 1 1 1
35066 1 1 1
35074 1 1 1
35093 8 2 0.25
35113 1 1 1
35121 2 2 1
35125 1 1 1
35205 1 1 1
35218 1 1 1
35228 1 1 1
35247 1 1 1
35253 1 1 1
35259 1 1 1
35326 1 1 1
35336 1 1 1
35345 2 2 1
35347 1 1 1
35353 1 1 1
35378 1 1 1
35384 5 4 0.8
35400 1 1 1
35404 1 1 1
35416 1 1 1
35438 1 1 1
35521 1 1 1
35573 1 1 1
35594 2 2 1
35601 1 1 1
35623 1 1 1
35647 1 1 1
35688 1 1 1
35716 1 1 1
35778 1 1 1
35782 1 1 1
35786 1 1 1
35802 1 1 1
35817 1 1 1
35828 1 1 1
35838 1 1 1
35854 1 1 1
35857 1 1 1
35872 1 1 1
35879 1 1 1
35891 1 1 1
35923 1 1 1
35927 1 1 1
36013 1 1 1
36019 1 1 1
36051 1 1 1
36053 1 1 1
36057 1 1 1
36064 1 1 1
36075 1 1 1
36092 1 1 1
36130 1 1 1
36138 1 1 1
36154 1 1 1
36166 1 1 1
36266 2 2 1
36296 1 1 1
36303 1 1 1
36317 1 1 1
36319 1 1 1
36326 1 1 1
36329 1 1 1
36331 1 1 1
36365 1 1 1
36369 1 1 1
36379 1 1 1
36387 1 1 1
36399 1 1 1
36426 1 1 1
36438 1 1 1
36474 1 1 1
36490 1 1 1
36492 2 1 0.5
36512 1 1 1
36519 1 1 1
36530 1 1 1
36544 1 1 1
36573 2 1 0.5
36577 1 1 1
36583 1 1 1
36587 1 1 1
36619 1 1 1
36622 1 1 1
36629 1 1 1
36639 1 1 1
36656 1 1 1
36665 1 1 1
36680 1 1 1
36684 1 1 1
36697 1 1 1
36702 1 1 1
36724 1 1 1
36730 1 1 1
36739 1 1 1
36744 1 1 1
36767 1 1 1
36792 1 1 1
36796 1 1 1
36800 1 1 1
36812 1 1 1
36815 1 1 1
36825 1 1 1
36857 1 1 1
36861 3 1 0.333333
36887 1 1 1
36924 2 1 0.5
36928 1 1 1
36932 1 1 1
36947 1 1 1
36955 1 1 1
36958 1 1 1
36963 1 1 1
36970 1 1 1
36979 1 1 1
36994 3 3 1
37013 1 1 1
37023 1 1 1
37027 1 1 1
37043 1 1 1
37050 1 1 1
37052 1 1 1
37058 1 1 1
37062 3 3 1
37070 1 1 1
37077 1 1 1
37089 1 1 1
37096 1 1 1
37098 1 1 1
37100 2 2 1
37103 1 1 1
37107 1 1 1
37117 1 1 1
37126 1 1 1
37128 3 2 0.666667
37134 1 1 1
37139 1 1 1
37160 1 1 1
37168 1 1 1
37173 3 1 0.333333
37191 1 1 1
37193 1 1 1
37198 1 1 1
37200 1 1 1
37222 1 1 1
37229 1 1 1
37231 1 1 1
37235 1 1 1
37245 1 1 1
37247 1 1 1
37249 1 1 1
37258 1 1 1
37276 1 1 1
37327 2 2 1
37345 1 1 1
37358 1 1 1
37362 1 1 1
37367 1 1 1
37369 2 2 1
37384 1 1 1
37387 1 1 1
37426 1 1 1
37428 1 1 1
37459 1 1 1
37468 1 1 1
37480 1 1 1
37509 1 1 1
37525 1 1 1
37529 1 1 1
37534 1 1 1
37537 2 2 1
37546 1 1 1
37550 1 1 1
37561 1 1 1
37566 1 1 1
37601 1 1 1
37611 1 1 1
37635 1 1 1
37677 1 1 1
37705 3 3 1
37722 1 1 1
37725 1 1 1
37730 1 1 1
37732 2 2 1
37755 1 1 1
37801 1 1 1
37805 1 1 1
37807 1 1 1
37820 1 1 1
37862 1 1 1
37868 1 1 1
37902 1 1 1
37907 1 1 1
37913 1 1 1
37930 1 1 1
37936 1 1 1
37938 1 1 1
37970 1 1 1
37972 1 1 1
37988 1 1 1
37994 1 1 1
38003 1 1 1
38007 1 1 1
38019 1 1 1
38024 1 1 1
38047 1 1 1
38074 1 1 1
38088 1 1 1
38096 2 1 0.5
38102 2 2 1
38107 1 1 1
38125 1 1 1
38139 2 1 0.5
38142 1 1 1
38182 1 1 1
38186 1 1 1
38190 1 1 1
38203 1 1 1
38212 1 1 1
38233 1 1 1
38237 1 1 1
38247 1 1 1
38249 1 1 1
38253 1 1 1
38273 1 1 1
38287 1 1 1
38320 1 1 1
38328 1 1 1
38336 1 1 1
38347 1 1 1
38370 1 1 1
38411 1 1 1
38413 1 1 1
38417 1 1 1
38431 1 1 1
38457 1 1 1
38459 1 1 1
38468 1 1 1
38470 1 1 1
38505 1 1 1
38512 1 1 1
38516 1 1 1
38521 1 1 1
38527 1 1 1
38540 1 1 1
38544 1 1 1
38546 1 1 1
38553 1 1 1
38558 1 1 1
38564 1 1 1
38581 1 1 1
38588 1 1 1
38609 1 1 1
38621 1 1 1
38626 1 1 1
38639 1 1 1
38644 1 1 1
38683 1 1 1
38719 1 1 1
38731 1 1 1
38739 1 1 1
38759 1 1 1
38764 1 1 1
38768 1 1 1
38771 1 1 1
38774 1 1 1
38795 1 1 1
38810 1 1 1
38817 1 1 1
38838 1 1 1
38873 1 1 1
38876 1 1 1
38880 1 1 1
38886 1 1 1
38895 1 1 1
38902 1 1 1
38917 1 1 1
38921 1 1 1
38933 1 1 1
38952 1 1 1
38956 1 1 1
38959 1 1 1
38978 1 1 1
38984 1 1 1
38992 1 1 1
38999 1 1 1
39001 1 1 1
39022 1 1 1
39087 1 1 1
39128 2 2 1
39150 1 1 1
39163 1 1 1
39169 1 1 1
39174 1 1 1
