1 1 100 9.85571
2 2 100 272.47
3 3 100 350.4
4 4 100 352.984
5 5 100 534.923
6 6 100 723.393
7 7 100 730.568
8 8 100 733.826
9 9 100 739.67
10 10 100 746.359
11 11 100 2548.14
12 12 100 2565.27
13 13 100 2571.14
14 14 100 2586.62
15 15 100 2591.54
16 16 100 2602.69
17 17 100 2612.17
18 18 100 2819.18
19 19 100 3029.25
20 20 100 3207
21 21 100 3375.58
22 22 100 3383.15
23 23 100 3390.06
24 24 100 3479.57
25 25 100 3547.1
26 26 100 3552.95
27 27 100 3554.66
28 28 100 3611.11
29 29 100 3616.07
30 30 100 3660.33
31 31 100 3663.47
32 32 100 3707.29
33 33 100 3711.53
34 34 100 3715.83
35 35 100 3720.6
36 36 100 3755.49
37 37 100 3795.43
38 38 100 3799.18
39 39 100 3831.23
40 40 100 3852.33
41 41 100 3855.17
42 42 100 3878.19
43 43 100 3904.94
44 44 100 3926.64
45 45 100 3950.3
46 46 100 3953.86
47 47 100 3956.45
48 48 100 3958.68
49 49 100 3976.78
50 50 100 3994.7
