1 1 100 46.8929
2 2 100 89.1875
3 3 100 113.211
4 4 100 136.038
5 5 100 152.537
6 6 100 164.66
7 7 100 175.684
8 8 100 183.505
9 9 100 191.126
10 10 100 197.052
11 11 100 203.754
12 12 100 210.272
13 13 100 216.79
14 14 100 223.308
15 15 100 229.458
16 16 100 235.631
17 17 100 239.942
18 18 100 244.252
19 19 100 248.563
20 20 100 252.547
21 21 100 256.49
22 22 100 260.249
23 23 100 263.824
24 24 100 267.055
25 25 100 270.262
26 26 100 273.47
27 27 100 276.677
28 28 100 279.884
29 29 100 282.816
30 30 100 285.454
31 31 100 288.065
32 32 100 290.605
33 33 100 293.077
34 34 100 295.548
35 35 100 298.02
36 36 100 300.492
37 37 100 302.963
38 38 100 305.435
39 39 100 307.906
40 40 100 310.378
41 41 100 312.85
42 42 100 315.321
43 43 100 316.91
44 44 100 319.197
45 45 100 321.448
46 46 100 323.63
47 47 100 325.757
48 48 100 327.86
49 49 100 329.964
50 50 100 332.068
