34 511846 0 1 1 0 17 0 1 0
86 75420 1 0 1 72 0 1 0 0
106 583 1 0 1 249 0 1 0 0
106 951 2 0 2 859 0 2 0 0
106 1239 1 0 1 1593 0 1 0 0
106 5339 1 0 1 4092 0 1 0 0
106 5610 2 0 2 609 0 2 0 0
106 6990 1 0 1 106 0 1 0 0
106 7904 1 0 1 273 0 1 0 0
106 9113 1 0 1 3012 0 1 0 0
106 11470 1 0 1 195 0 1 0 0
106 12326 1 0 1 1239 0 1 0 0
106 12458 1 0 1 179 0 1 0 0
106 19617 2 0 2 961 0 2 0 0
106 25502 1 0 1 3437 0 1 0 0
106 28127 1 0 1 431 0 1 0 0
106 28164 1 0 1 3993 0 1 0 0
106 31116 1 0 1 220 0 1 0 0
106 33619 1 0 1 2620 0 1 0 0
106 33937 1 0 1 3339 0 1 0 0
106 34515 1 0 1 1272 0 1 0 0
106 37696 1 0 1 836 0 1 0 0
106 38870 1 0 1 139 0 1 0 0
106 40617 1 0 1 98 0 1 0 0
106 45146 1 0 1 2071 0 1 0 0
106 46948 1 0 1 1724 0 1 0 0
106 48407 1 0 1 2078 0 1 0 0
106 54052 1 0 1 257 0 1 0 0
106 57798 1 0 1 41 0 1 0 0
106 58522 1 0 1 497 0 1 0 0
106 60184 2 0 2 2898 0 2 0 0
106 65640 1 0 1 352 0 1 0 0
106 69184 1 0 1 71 0 1 0 0
106 70042 1 0 1 1723 0 1 0 0
106 82351 1 0 1 1923 0 1 0 0
106 91715 1 0 1 875 0 1 0 0
106 98882 1 0 1 204 0 1 0 0
106 99724 1 0 1 1324 0 1 0 0
106 104814 1 0 1 94 0 1 0 0
106 104897 1 0 1 347 0 1 0 0
106 107534 1 0 1 2395 0 1 0 0
106 111267 2 0 2 383 0 2 0 0
106 115073 1 0 1 993 0 1 0 0
106 127560 1 0 1 1253 0 1 0 0
106 127807 1 0 1 85 0 1 0 0
106 134049 1 0 1 68 0 1 0 0
106 151652 1 0 1 1578 0 1 0 0
106 162077 1 0 1 640 0 1 0 0
106 164059 1 0 1 2537 0 1 0 0
106 166581 1 0 1 1007 0 1 0 0
106 173109 1 0 1 5259 0 1 0 0
106 183565 1 0 1 177 0 1 0 0
106 183591 1 0 1 4453 0 1 0 0
106 184728 1 0 1 4406 0 1 0 0
106 185642 1 0 1 684 0 1 0 0
106 203188 1 0 1 93 0 1 0 0
106 207933 1 0 1 2517 0 1 0 0
106 213982 1 0 1 1441 0 1 0 0
106 219075 1 0 1 232 0 1 0 0
106 219306 1 0 1 1532 0 1 0 0
106 224341 1 0 1 197 0 1 0 0
106 230196 1 0 1 1084 0 1 0 0
106 230924 1 0 1 129 0 1 0 0
106 239309 1 0 1 234 0 1 0 0
106 247154 1 0 1 80 0 1 0 0
106 258938 1 0 1 616 0 1 0 0
106 263914 1 0 1 199 0 1 0 0
106 267910 1 0 1 1990 0 1 0 0
106 269421 2 0 2 1838 0 2 0 0
106 269517 1 0 1 702 0 1 0 0
106 281309 1 0 1 3557 0 1 0 0
106 286234 1 0 1 165 0 1 0 0
106 288558 1 0 1 2626 0 1 0 0
106 298054 1 0 1 74 0 1 0 0
106 311214 1 0 1 78 0 1 0 0
106 312462 1 0 1 2043 0 1 0 0
106 317534 1 0 1 659 0 1 0 0
106 324228 1 0 1 1581 0 1 0 0
106 333933 1 0 1 971 0 1 0 0
106 349666 1 0 1 2262 0 1 0 0
106 350787 1 0 1 514 0 1 0 0
106 363590 1 0 1 2919 0 1 0 0
106 364286 1 0 1 919 0 1 0 0
106 374822 1 0 1 254 0 1 0 0
106 379888 1 0 1 24 0 1 0 0
106 384271 1 0 1 403 0 1 0 0
106 412841 1 0 1 621 0 1 0 0
106 422083 1 0 1 692 0 1 0 0
106 427864 1 0 1 680 0 1 0 0
106 432690 1 0 1 1563 0 1 0 0
106 438025 1 0 1 2797 0 1 0 0
106 438523 1 0 1 10 0 1 0 0
106 438698 2 0 2 752 0 2 0 0
106 439889 1 0 1 4273 0 1 0 0
106 451136 1 0 1 180 0 1 0 0
106 456736 1 0 1 1990 0 1 0 0
106 462286 1 0 1 885 0 1 0 0
106 477568 1 0 1 166 0 1 0 0
106 479874 2 0 2 3898 0 2 0 0
106 482770 1 0 1 614 0 1 0 0
106 485835 1 0 1 628 0 1 0 0
106 485991 1 0 1 118 0 1 0 0
106 494995 1 0 1 2467 0 1 0 0
106 501616 1 0 1 6 0 1 0 0
106 501634 1 0 1 10 0 1 0 0
106 501798 1 0 1 43 0 1 0 0
106 501840 1 0 1 50 0 1 0 0
106 501946 1 0 1 69 0 1 0 0
106 501952 1 0 1 70 0 1 0 0
106 502045 1 0 1 91 0 1 0 0
106 502115 1 0 1 101 0 1 0 0
106 502256 1 0 1 132 0 1 0 0
106 502272 1 0 1 137 0 1 0 0
106 502422 1 0 1 170 0 1 0 0
106 502509 1 0 1 192 0 1 0 0
106 502844 1 0 1 273 0 1 0 0
106 502913 1 0 1 294 0 1 0 0
106 502933 1 0 1 298 0 1 0 0
106 503051 1 0 1 323 0 1 0 0
106 503249 1 0 1 369 0 1 0 0
106 503266 1 0 1 373 0 1 0 0
106 503311 1 0 1 388 0 1 0 0
106 503417 1 0 1 413 0 1 0 0
106 503483 1 0 1 427 0 1 0 0
106 503609 1 0 1 464 0 1 0 0
106 503653 1 0 1 514 0 1 0 0
106 503712 1 0 1 530 0 1 0 0
106 503862 1 0 1 607 0 1 0 0
106 504056 1 0 1 649 0 1 0 0
106 504103 1 0 1 658 0 1 0 0
106 504124 1 0 1 662 0 1 0 0
106 504396 1 0 1 735 0 1 0 0
106 504512 1 0 1 767 0 1 0 0
106 504786 1 0 1 828 0 1 0 0
106 504910 1 0 1 863 0 1 0 0
106 504959 1 0 1 876 0 1 0 0
106 505047 1 0 1 902 0 1 0 0
106 505141 1 0 1 927 0 1 0 0
106 505754 1 0 1 1079 0 1 0 0
106 505865 1 0 1 1116 0 1 0 0
106 506131 1 0 1 1183 0 1 0 0
106 506398 1 0 1 1251 0 1 0 0
106 506407 1 0 1 1254 0 1 0 0
106 506458 1 0 1 1269 0 1 0 0
106 507088 1 0 1 1444 0 1 0 0
106 507683 1 0 1 1614 0 1 0 0
106 509776 1 0 1 2182 0 1 0 0
106 510148 1 0 1 2268 0 1 0 0
106 510388 1 0 1 2337 0 1 0 0
106 510487 1 0 1 2359 0 1 0 0
106 510500 1 0 1 2362 0 1 0 0
106 510771 1 0 1 2444 0 1 0 0
106 511700 1 0 1 2687 0 1 0 0
106 511836 1 0 1 2728 0 1 0 0
106 512089 1 0 1 2804 0 1 0 0
106 512314 1 0 1 2880 0 1 0 0
106 512533 1 0 1 3131 0 1 0 0
106 512900 1 0 1 3050 0 1 0 0
106 513569 1 0 1 3241 0 1 0 0
106 513809 1 0 1 3444 0 1 0 0
106 514790 1 0 1 3579 0 1 0 0
106 515554 1 0 1 3912 0 1 0 0
106 517349 1 0 1 4378 0 1 0 0
106 517526 1 0 1 71 0 1 0 0
106 517683 1 0 1 115 0 1 0 0
106 517709 1 0 1 122 0 1 0 0
106 517732 1 0 1 131 0 1 0 0
106 517782 1 0 1 147 0 1 0 0
106 517811 1 0 1 155 0 1 0 0
106 517938 1 0 1 191 0 1 0 0
106 518013 1 0 1 210 0 1 0 0
106 518194 1 0 1 262 0 1 0 0
106 518317 1 0 1 339 0 1 0 0
106 518364 1 0 1 309 0 1 0 0
106 518519 1 0 1 344 0 1 0 0
106 528862 1 0 1 405 0 1 0 0
106 528958 1 0 1 428 0 1 0 0
106 529394 1 0 1 557 0 1 0 0
106 529402 1 0 1 559 0 1 0 0
106 529715 1 0 1 666 0 1 0 0
106 530250 1 0 1 836 0 1 0 0
106 530693 1 0 1 5377 0 1 0 0
106 530816 1 0 1 1063 0 1 0 0
222 27421 0 1 1 0 982 0 1 0
303 364 1 0 1 14 0 1 0 0
303 17807 1 0 1 17 0 1 0 0
303 449135 1 0 1 27 0 1 0 0
303 451611 1 0 1 190 0 1 0 0
392 38904 1 0 1 149 0 1 0 0
392 509658 1 0 1 90 0 1 0 0
392 511320 1 0 1 521 0 1 0 0
438 502 1 0 1 2228 0 1 0 0
438 1465 1 0 1 418 0 1 0 0
438 3658 1 0 1 3135 0 1 0 0
438 5348 1 0 1 2462 0 1 0 0
438 6013 1 0 1 1668 0 1 0 0
438 7083 1 0 1 3158 0 1 0 0
438 12410 1 0 1 2670 0 1 0 0
438 20234 1 0 1 3565 0 1 0 0
438 26128 1 0 1 509 0 1 0 0
438 26293 1 0 1 2705 0 1 0 0
438 27233 1 0 1 2030 0 1 0 0
438 29781 1 0 1 877 0 1 0 0
438 32516 1 0 1 823 0 1 0 0
438 33756 1 0 1 2502 0 1 0 0
438 35877 1 0 1 1731 0 1 0 0
438 40416 1 0 1 2847 0 1 0 0
438 40920 1 0 1 589 0 1 0 0
438 43363 1 0 1 2003 0 1 0 0
438 46380 1 0 1 2314 0 1 0 0
438 47212 1 0 1 1908 0 1 0 0
438 48011 1 0 1 824 0 1 0 0
438 51490 1 0 1 633 0 1 0 0
438 51498 1 0 1 19 0 1 0 0
438 51608 1 0 1 113 0 1 0 0
438 52173 1 0 1 1963 0 1 0 0
438 52264 1 0 1 365 0 1 0 0
438 52472 1 0 1 1800 0 1 0 0
438 53231 1 0 1 475 0 1 0 0
438 53318 1 0 1 903 0 1 0 0
438 56025 1 0 1 3406 0 1 0 0
438 59643 1 0 1 1223 0 1 0 0
438 62365 1 0 1 900 0 1 0 0
438 66047 1 0 1 54 0 1 0 0
438 88988 1 0 1 891 0 1 0 0
438 89527 1 0 1 886 0 1 0 0
438 118707 1 0 1 3060 0 1 0 0
438 139449 1 0 1 3321 0 1 0 0
438 163769 1 0 1 391 0 1 0 0
438 190622 1 0 1 3135 0 1 0 0
438 194613 1 0 1 2339 0 1 0 0
438 195458 1 0 1 41 0 1 0 0
438 198047 1 0 1 1705 0 1 0 0
438 203188 1 0 1 364 0 1 0 0
438 206067 1 0 1 312 0 1 0 0
438 206719 1 0 1 3355 0 1 0 0
438 208421 1 0 1 43 0 1 0 0
438 218567 1 0 1 18 0 1 0 0
438 221082 1 0 1 23 0 1 0 0
438 222251 1 0 1 204 0 1 0 0
438 224070 1 0 1 155 0 1 0 0
438 228330 1 0 1 1940 0 1 0 0
438 229494 1 0 1 337 0 1 0 0
438 232885 1 0 1 866 0 1 0 0
438 233141 1 0 1 1470 0 1 0 0
438 236607 1 0 1 673 0 1 0 0
438 237301 1 0 1 194 0 1 0 0
438 244539 1 0 1 1334 0 1 0 0
438 245402 1 0 1 1729 0 1 0 0
438 251360 1 0 1 1523 0 1 0 0
438 251764 1 0 1 137 0 1 0 0
438 252131 1 0 1 1518 0 1 0 0
438 253229 1 0 1 1625 0 1 0 0
438 258294 1 0 1 1493 0 1 0 0
438 259777 1 0 1 3395 0 1 0 0
438 260176 1 0 1 2359 0 1 0 0
438 260534 1 0 1 110 0 1 0 0
438 262905 1 0 1 936 0 1 0 0
438 267725 1 0 1 11 0 1 0 0
438 267842 1 0 1 24 0 1 0 0
438 267878 1 0 1 628 0 1 0 0
438 267919 1 0 1 1347 0 1 0 0
438 268184 1 0 1 134 0 1 0 0
438 268610 1 0 1 391 0 1 0 0
438 268887 1 0 1 3140 0 1 0 0
438 268971 1 0 1 50 0 1 0 0
438 268990 1 0 1 44 0 1 0 0
438 268994 1 0 1 167 0 1 0 0
438 269065 1 0 1 120 0 1 0 0
438 269103 1 0 1 257 0 1 0 0
438 269557 1 0 1 2526 0 1 0 0
438 269568 1 0 1 103 0 1 0 0
438 269816 1 0 1 2812 0 1 0 0
438 269881 1 0 1 3164 0 1 0 0
438 270179 1 0 1 895 0 1 0 0
438 270545 1 0 1 21 0 1 0 0
438 270549 1 0 1 2451 0 1 0 0
438 270665 1 0 1 219 0 1 0 0
438 270869 1 0 1 3279 0 1 0 0
438 271076 1 0 1 1740 0 1 0 0
438 271565 1 0 1 428 0 1 0 0
438 271618 1 0 1 2824 0 1 0 0
438 271755 1 0 1 1697 0 1 0 0
438 271803 1 0 1 19 0 1 0 0
438 271866 1 0 1 1202 0 1 0 0
438 272233 1 0 1 2924 0 1 0 0
438 272580 1 0 1 692 0 1 0 0
438 272819 1 0 1 649 0 1 0 0
438 273029 1 0 1 3155 0 1 0 0
438 273499 1 0 1 150 0 1 0 0
438 274207 1 0 1 85 0 1 0 0
438 274680 1 0 1 2337 0 1 0 0
438 274972 1 0 1 2025 0 1 0 0
438 275030 1 0 1 2709 0 1 0 0
438 275438 1 0 1 3054 0 1 0 0
438 275661 1 0 1 865 0 1 0 0
438 276477 1 0 1 95 0 1 0 0
438 276826 1 0 1 3476 0 1 0 0
438 277165 1 0 1 1475 0 1 0 0
438 277833 1 0 1 2630 0 1 0 0
438 278229 1 0 1 2060 0 1 0 0
438 278284 1 0 1 380 0 1 0 0
438 279637 1 0 1 1825 0 1 0 0
438 280646 1 0 1 743 0 1 0 0
438 281342 1 0 1 740 0 1 0 0
438 281665 1 0 1 260 0 1 0 0
438 282237 1 0 1 362 0 1 0 0
438 282510 1 0 1 1531 0 1 0 0
438 282609 1 0 1 1810 0 1 0 0
438 282740 1 0 1 1498 0 1 0 0
438 282966 1 0 1 319 0 1 0 0
438 283156 1 0 1 3484 0 1 0 0
438 283439 1 0 1 1067 0 1 0 0
438 283744 1 0 1 3589 0 1 0 0
438 283996 1 0 1 1038 0 1 0 0
438 284725 1 0 1 124 0 1 0 0
438 285557 1 0 1 208 0 1 0 0
438 285820 1 0 1 1701 0 1 0 0
438 285852 1 0 1 72 0 1 0 0
438 285994 1 0 1 1124 0 1 0 0
438 286411 1 0 1 1164 0 1 0 0
438 286951 1 0 1 2108 0 1 0 0
438 286970 1 0 1 1428 0 1 0 0
438 287247 1 0 1 85 0 1 0 0
438 287283 1 0 1 1104 0 1 0 0
438 287328 1 0 1 843 0 1 0 0
438 287374 1 0 1 311 0 1 0 0
438 287421 1 0 1 1868 0 1 0 0
438 287756 1 0 1 622 0 1 0 0
438 287928 1 0 1 1646 0 1 0 0
438 289163 1 0 1 3043 0 1 0 0
438 291806 1 0 1 1753 0 1 0 0
438 293184 1 0 1 550 0 1 0 0
438 293523 1 0 1 1931 0 1 0 0
438 294212 1 0 1 2184 0 1 0 0
438 294301 1 0 1 109 0 1 0 0
438 295574 1 0 1 941 0 1 0 0
438 295919 1 0 1 269 0 1 0 0
438 295930 1 0 1 482 0 1 0 0
438 296088 1 0 1 1126 0 1 0 0
438 298344 1 0 1 2919 0 1 0 0
438 298404 1 0 1 2120 0 1 0 0
438 298518 1 0 1 985 0 1 0 0
438 298959 1 0 1 673 0 1 0 0
438 298992 1 0 1 297 0 1 0 0
438 299233 1 0 1 888 0 1 0 0
438 300717 1 0 1 1401 0 1 0 0
438 303322 1 0 1 441 0 1 0 0
438 303774 1 0 1 1429 0 1 0 0
438 303809 1 0 1 1596 0 1 0 0
438 304529 1 0 1 805 0 1 0 0
438 305645 1 0 1 1862 0 1 0 0
438 307046 1 0 1 420 0 1 0 0
438 309805 1 0 1 3007 0 1 0 0
438 312959 1 0 1 803 0 1 0 0
438 312971 1 0 1 1612 0 1 0 0
438 313042 1 0 1 1374 0 1 0 0
438 313611 1 0 1 396 0 1 0 0
438 314277 1 0 1 889 0 1 0 0
438 314988 1 0 1 3480 0 1 0 0
438 315180 1 0 1 3255 0 1 0 0
438 315228 1 0 1 1823 0 1 0 0
438 317264 1 0 1 1972 0 1 0 0
438 317462 1 0 1 419 0 1 0 0
438 320808 1 0 1 875 0 1 0 0
438 321124 1 0 1 2415 0 1 0 0
438 321490 1 0 1 156 0 1 0 0
438 322709 1 0 1 346 0 1 0 0
438 327232 1 0 1 2211 0 1 0 0
438 332093 1 0 1 621 0 1 0 0
438 332847 1 0 1 3434 0 1 0 0
438 333581 1 0 1 342 0 1 0 0
438 338073 1 0 1 3321 0 1 0 0
438 340596 1 0 1 1678 0 1 0 0
438 340917 1 0 1 2096 0 1 0 0
438 341532 1 0 1 247 0 1 0 0
438 341729 1 0 1 70 0 1 0 0
438 343236 1 0 1 397 0 1 0 0
438 344638 1 0 1 2667 0 1 0 0
438 345441 1 0 1 395 0 1 0 0
438 348576 1 0 1 497 0 1 0 0
438 348677 1 0 1 1783 0 1 0 0
438 349943 1 0 1 2552 0 1 0 0
438 351769 1 0 1 472 0 1 0 0
438 353051 1 0 1 360 0 1 0 0
438 355603 1 0 1 2402 0 1 0 0
438 359019 1 0 1 240 0 1 0 0
438 360656 1 0 1 887 0 1 0 0
438 362116 1 0 1 2441 0 1 0 0
438 365624 1 0 1 1342 0 1 0 0
438 376488 1 0 1 965 0 1 0 0
438 377295 1 0 1 1169 0 1 0 0
438 378480 1 0 1 482 0 1 0 0
438 378497 1 0 1 286 0 1 0 0
438 380269 1 0 1 2584 0 1 0 0
438 380957 1 0 1 2682 0 1 0 0
438 382508 1 0 1 1504 0 1 0 0
438 383502 1 0 1 763 0 1 0 0
438 384788 1 0 1 449 0 1 0 0
438 391829 1 0 1 399 0 1 0 0
438 392824 1 0 1 2177 0 1 0 0
438 393022 1 0 1 1279 0 1 0 0
438 396099 1 0 1 1757 0 1 0 0
438 397209 1 0 1 342 0 1 0 0
438 400719 1 0 1 815 0 1 0 0
438 401827 1 0 1 2778 0 1 0 0
438 404575 1 0 1 539 0 1 0 0
438 406046 1 0 1 2177 0 1 0 0
438 408634 1 0 1 1502 0 1 0 0
438 411654 1 0 1 558 0 1 0 0
438 413512 1 0 1 987 0 1 0 0
438 418510 1 0 1 782 0 1 0 0
438 419016 1 0 1 717 0 1 0 0
438 420926 1 0 1 3039 0 1 0 0
438 424864 1 0 1 55 0 1 0 0
438 425692 1 0 1 376 0 1 0 0
438 429963 1 0 1 3055 0 1 0 0
438 431185 1 0 1 1994 0 1 0 0
438 431360 1 0 1 1899 0 1 0 0
438 433129 1 0 1 2476 0 1 0 0
438 435074 1 0 1 588 0 1 0 0
438 436687 1 0 1 2299 0 1 0 0
438 444110 1 0 1 1873 0 1 0 0
438 444713 1 0 1 1145 0 1 0 0
438 445787 1 0 1 1757 0 1 0 0
438 446040 1 0 1 3210 0 1 0 0
438 446842 1 0 1 2714 0 1 0 0
438 447880 1 0 1 3208 0 1 0 0
438 448139 1 0 1 240 0 1 0 0
438 451670 1 0 1 982 0 1 0 0
438 453580 1 0 1 256 0 1 0 0
438 461977 1 0 1 465 0 1 0 0
438 462090 1 0 1 285 0 1 0 0
438 463378 1 0 1 1550 0 1 0 0
438 468299 1 0 1 1958 0 1 0 0
438 470453 1 0 1 118 0 1 0 0
438 471178 1 0 1 2728 0 1 0 0
438 471767 1 0 1 781 0 1 0 0
438 473532 1 0 1 18 0 1 0 0
438 474551 1 0 1 2341 0 1 0 0
438 474971 1 0 1 923 0 1 0 0
438 475347 1 0 1 399 0 1 0 0
438 481871 1 0 1 1539 0 1 0 0
438 482121 1 0 1 3007 0 1 0 0
438 483459 1 0 1 1823 0 1 0 0
438 483678 1 0 1 830 0 1 0 0
438 483794 1 0 1 353 0 1 0 0
438 489388 1 0 1 1412 0 1 0 0
438 492408 1 0 1 109 0 1 0 0
438 493312 1 0 1 250 0 1 0 0
438 493615 1 0 1 2943 0 1 0 0
438 493912 1 0 1 707 0 1 0 0
438 496972 1 0 1 536 0 1 0 0
438 498405 1 0 1 3279 0 1 0 0
438 502793 1 0 1 3036 0 1 0 0
438 503071 1 0 1 3462 0 1 0 0
438 504801 1 0 1 1063 0 1 0 0
438 505836 1 0 1 3326 0 1 0 0
438 507723 1 0 1 228 0 1 0 0
438 508467 1 0 1 9 0 1 0 0
438 508492 1 0 1 14 0 1 0 0
438 508501 1 0 1 15 0 1 0 0
438 508507 1 0 1 17 0 1 0 0
438 508511 1 0 1 17 0 1 0 0
438 508521 1 0 1 19 0 1 0 0
438 508559 1 0 1 25 0 1 0 0
438 508568 1 0 1 27 0 1 0 0
438 508578 1 0 1 31 0 1 0 0
438 508599 1 0 1 40 0 1 0 0
438 508615 1 0 1 43 0 1 0 0
438 508625 1 0 1 45 0 1 0 0
438 508636 1 0 1 49 0 1 0 0
438 508665 1 0 1 55 0 1 0 0
438 508669 1 0 1 55 0 1 0 0
438 508675 1 0 1 57 0 1 0 0
438 508677 1 0 1 916 0 1 0 0
438 508689 1 0 1 60 0 1 0 0
438 508691 1 0 1 61 0 1 0 0
438 508699 1 0 1 62 0 1 0 0
438 508703 1 0 1 62 0 1 0 0
438 508743 1 0 1 69 0 1 0 0
438 508752 1 0 1 70 0 1 0 0
438 508763 1 0 1 72 0 1 0 0
438 508783 1 0 1 74 0 1 0 0
438 508806 1 0 1 82 0 1 0 0
438 508808 1 0 1 82 0 1 0 0
438 508832 1 0 1 88 0 1 0 0
438 508836 1 0 1 88 0 1 0 0
438 508852 1 0 1 93 0 1 0 0
438 508856 1 0 1 95 0 1 0 0
438 508867 1 0 1 99 0 1 0 0
438 508893 1 0 1 105 0 1 0 0
438 508922 1 0 1 111 0 1 0 0
438 508924 1 0 1 112 0 1 0 0
438 508929 1 0 1 114 0 1 0 0
438 508934 1 0 1 116 0 1 0 0
438 508940 1 0 1 117 0 1 0 0
438 508957 1 0 1 122 0 1 0 0
438 508987 1 0 1 132 0 1 0 0
438 508991 1 0 1 133 0 1 0 0
438 509030 1 0 1 140 0 1 0 0
438 509073 1 0 1 152 0 1 0 0
438 509085 1 0 1 733 0 1 0 0
438 509095 1 0 1 157 0 1 0 0
438 509102 1 0 1 159 0 1 0 0
438 509104 1 0 1 160 0 1 0 0
438 509109 1 0 1 161 0 1 0 0
438 509122 1 0 1 163 0 1 0 0
438 509142 1 0 1 171 0 1 0 0
438 509148 1 0 1 173 0 1 0 0
438 509156 1 0 1 176 0 1 0 0
438 509159 1 0 1 176 0 1 0 0
438 509170 1 0 1 181 0 1 0 0
438 509195 1 0 1 188 0 1 0 0
438 509202 1 0 1 191 0 1 0 0
438 509212 1 0 1 193 0 1 0 0
438 509218 1 0 1 194 0 1 0 0
438 509225 1 0 1 196 0 1 0 0
438 509228 1 0 1 197 0 1 0 0
438 509250 1 0 1 203 0 1 0 0
438 509295 1 0 1 216 0 1 0 0
438 509317 1 0 1 220 0 1 0 0
438 509345 1 0 1 227 0 1 0 0
438 509349 1 0 1 228 0 1 0 0
438 509362 1 0 1 232 0 1 0 0
438 509364 1 0 1 232 0 1 0 0
438 509366 1 0 1 232 0 1 0 0
438 509381 1 0 1 235 0 1 0 0
438 509383 1 0 1 237 0 1 0 0
438 509394 1 0 1 239 0 1 0 0
438 509410 1 0 1 241 0 1 0 0
438 509439 1 0 1 245 0 1 0 0
438 509476 1 0 1 253 0 1 0 0
438 509486 1 0 1 255 0 1 0 0
438 509491 1 0 1 256 0 1 0 0
438 509493 1 0 1 256 0 1 0 0
438 509501 1 0 1 257 0 1 0 0
438 509532 1 0 1 267 0 1 0 0
438 509542 1 0 1 269 0 1 0 0
438 509573 1 0 1 275 0 1 0 0
438 509581 1 0 1 278 0 1 0 0
438 509616 1 0 1 290 0 1 0 0
438 509618 1 0 1 290 0 1 0 0
438 509649 1 0 1 301 0 1 0 0
438 509667 1 0 1 304 0 1 0 0
438 509675 1 0 1 307 0 1 0 0
438 509695 1 0 1 311 0 1 0 0
438 509734 1 0 1 321 0 1 0 0
438 509745 1 0 1 323 0 1 0 0
438 509759 1 0 1 325 0 1 0 0
438 509764 1 0 1 328 0 1 0 0
438 509768 1 0 1 328 0 1 0 0
438 509798 1 0 1 336 0 1 0 0
438 509852 1 0 1 347 0 1 0 0
438 509854 1 0 1 347 0 1 0 0
438 509856 1 0 1 347 0 1 0 0
438 509861 1 0 1 348 0 1 0 0
438 509866 1 0 1 349 0 1 0 0
438 509870 1 0 1 350 0 1 0 0
438 509922 1 0 1 361 0 1 0 0
438 509989 1 0 1 379 0 1 0 0
438 510000 1 0 1 381 0 1 0 0
438 510002 1 0 1 382 0 1 0 0
438 510046 1 0 1 393 0 1 0 0
438 510053 1 0 1 395 0 1 0 0
438 510066 1 0 1 397 0 1 0 0
438 510068 1 0 1 397 0 1 0 0
438 510092 1 0 1 403 0 1 0 0
438 510098 1 0 1 404 0 1 0 0
438 510112 1 0 1 408 0 1 0 0
438 510118 1 0 1 410 0 1 0 0
438 510122 1 0 1 410 0 1 0 0
438 510138 1 0 1 414 0 1 0 0
438 510161 1 0 1 419 0 1 0 0
438 510168 1 0 1 420 0 1 0 0
438 510181 1 0 1 422 0 1 0 0
438 510183 1 0 1 423 0 1 0 0
438 510206 1 0 1 432 0 1 0 0
438 510241 1 0 1 441 0 1 0 0
438 510284 1 0 1 449 0 1 0 0
438 510300 1 0 1 458 0 1 0 0
438 510306 1 0 1 459 0 1 0 0
438 510316 1 0 1 462 0 1 0 0
438 510380 1 0 1 483 0 1 0 0
438 510425 1 0 1 494 0 1 0 0
438 510444 1 0 1 499 0 1 0 0
438 510459 1 0 1 503 0 1 0 0
438 510468 1 0 1 504 0 1 0 0
438 510493 1 0 1 509 0 1 0 0
438 510513 1 0 1 515 0 1 0 0
438 510526 1 0 1 524 0 1 0 0
438 510532 1 0 1 526 0 1 0 0
438 510534 1 0 1 526 0 1 0 0
438 510565 1 0 1 535 0 1 0 0
438 510641 1 0 1 555 0 1 0 0
438 510653 1 0 1 566 0 1 0 0
438 510668 1 0 1 563 0 1 0 0
438 510670 1 0 1 564 0 1 0 0
438 510683 1 0 1 571 0 1 0 0
438 510692 1 0 1 574 0 1 0 0
438 510701 1 0 1 577 0 1 0 0
438 510703 1 0 1 576 0 1 0 0
438 510717 1 0 1 580 0 1 0 0
438 510728 1 0 1 583 0 1 0 0
438 510736 1 0 1 585 0 1 0 0
438 510745 1 0 1 589 0 1 0 0
438 510751 1 0 1 590 0 1 0 0
438 510765 1 0 1 592 0 1 0 0
438 510767 1 0 1 593 0 1 0 0
438 510769 1 0 1 593 0 1 0 0
438 510774 1 0 1 595 0 1 0 0
438 510778 1 0 1 595 0 1 0 0
438 510782 1 0 1 596 0 1 0 0
438 510809 1 0 1 602 0 1 0 0
438 510811 1 0 1 602 0 1 0 0
438 510816 1 0 1 605 0 1 0 0
438 510826 1 0 1 606 0 1 0 0
438 510842 1 0 1 611 0 1 0 0
438 510874 1 0 1 619 0 1 0 0
438 510900 1 0 1 625 0 1 0 0
438 510937 1 0 1 633 0 1 0 0
438 510946 1 0 1 635 0 1 0 0
438 510948 1 0 1 636 0 1 0 0
438 510950 1 0 1 637 0 1 0 0
438 510965 1 0 1 641 0 1 0 0
438 510968 1 0 1 641 0 1 0 0
438 510986 1 0 1 649 0 1 0 0
438 510995 1 0 1 650 0 1 0 0
438 510999 1 0 1 652 0 1 0 0
438 511012 1 0 1 654 0 1 0 0
438 511028 1 0 1 661 0 1 0 0
438 511042 1 0 1 663 0 1 0 0
438 511053 1 0 1 667 0 1 0 0
438 511057 1 0 1 667 0 1 0 0
438 511068 1 0 1 670 0 1 0 0
438 511072 1 0 1 671 0 1 0 0
438 511110 1 0 1 678 0 1 0 0
438 511112 1 0 1 679 0 1 0 0
438 511121 1 0 1 682 0 1 0 0
438 511125 1 0 1 683 0 1 0 0
438 511136 1 0 1 686 0 1 0 0
438 511151 1 0 1 690 0 1 0 0
438 511196 1 0 1 704 0 1 0 0
438 511214 1 0 1 709 0 1 0 0
438 511231 1 0 1 714 0 1 0 0
438 511233 1 0 1 715 0 1 0 0
438 511235 1 0 1 716 0 1 0 0
438 511253 1 0 1 719 0 1 0 0
438 511257 1 0 1 720 0 1 0 0
438 511279 1 0 1 724 0 1 0 0
438 511281 1 0 1 724 0 1 0 0
438 511283 1 0 1 725 0 1 0 0
438 511293 1 0 1 728 0 1 0 0
438 511315 1 0 1 733 0 1 0 0
438 511328 1 0 1 736 0 1 0 0
438 511335 1 0 1 737 0 1 0 0
438 511340 1 0 1 737 0 1 0 0
438 511361 1 0 1 743 0 1 0 0
438 511378 1 0 1 746 0 1 0 0
438 511397 1 0 1 751 0 1 0 0
438 511402 1 0 1 753 0 1 0 0
438 511409 1 0 1 754 0 1 0 0
438 511417 1 0 1 756 0 1 0 0
438 511421 1 0 1 757 0 1 0 0
438 511423 1 0 1 758 0 1 0 0
438 511432 1 0 1 760 0 1 0 0
438 511435 1 0 1 761 0 1 0 0
438 511440 1 0 1 762 0 1 0 0
438 511452 1 0 1 766 0 1 0 0
438 511457 1 0 1 768 0 1 0 0
438 511474 1 0 1 773 0 1 0 0
438 511476 1 0 1 774 0 1 0 0
438 511495 1 0 1 779 0 1 0 0
438 511530 1 0 1 788 0 1 0 0
438 511534 1 0 1 789 0 1 0 0
438 511536 1 0 1 789 0 1 0 0
438 511540 1 0 1 791 0 1 0 0
438 511544 1 0 1 792 0 1 0 0
438 511550 1 0 1 835 0 1 0 0
438 511562 1 0 1 799 0 1 0 0
438 511567 1 0 1 801 0 1 0 0
438 511590 1 0 1 805 0 1 0 0
438 511602 1 0 1 808 0 1 0 0
438 511613 1 0 1 810 0 1 0 0
438 511631 1 0 1 818 0 1 0 0
438 511653 1 0 1 825 0 1 0 0
438 511655 1 0 1 825 0 1 0 0
438 511659 1 0 1 826 0 1 0 0
438 511663 1 0 1 826 0 1 0 0
438 511666 1 0 1 827 0 1 0 0
438 511672 1 0 1 828 0 1 0 0
438 511678 1 0 1 829 0 1 0 0
438 511687 1 0 1 830 0 1 0 0
438 511752 1 0 1 849 0 1 0 0
438 511758 1 0 1 851 0 1 0 0
438 511769 1 0 1 856 0 1 0 0
438 511791 1 0 1 866 0 1 0 0
438 511805 1 0 1 868 0 1 0 0
438 511808 1 0 1 869 0 1 0 0
438 511823 1 0 1 874 0 1 0 0
438 511825 1 0 1 874 0 1 0 0
438 511873 1 0 1 890 0 1 0 0
438 511907 1 0 1 899 0 1 0 0
438 511936 1 0 1 907 0 1 0 0
438 511954 1 0 1 912 0 1 0 0
438 511961 1 0 1 913 0 1 0 0
438 511965 1 0 1 914 0 1 0 0
438 511979 1 0 1 916 0 1 0 0
438 511983 1 0 1 918 0 1 0 0
438 511989 1 0 1 919 0 1 0 0
438 511994 1 0 1 922 0 1 0 0
438 512005 1 0 1 930 0 1 0 0
438 512018 1 0 1 934 0 1 0 0
438 512024 1 0 1 935 0 1 0 0
438 512060 1 0 1 945 0 1 0 0
438 512070 1 0 1 947 0 1 0 0
438 512080 1 0 1 950 0 1 0 0
438 512093 1 0 1 953 0 1 0 0
438 512103 1 0 1 955 0 1 0 0
438 512105 1 0 1 956 0 1 0 0
438 512121 1 0 1 963 0 1 0 0
438 512144 1 0 1 967 0 1 0 0
438 512151 1 0 1 969 0 1 0 0
438 512154 1 0 1 969 0 1 0 0
438 512170 1 0 1 974 0 1 0 0
438 512172 1 0 1 975 0 1 0 0
438 512192 1 0 1 983 0 1 0 0
438 512197 1 0 1 984 0 1 0 0
438 512202 1 0 1 985 0 1 0 0
438 512215 1 0 1 991 0 1 0 0
438 512232 1 0 1 999 0 1 0 0
438 512238 1 0 1 1000 0 1 0 0
438 512269 1 0 1 1011 0 1 0 0
438 512291 1 0 1 1022 0 1 0 0
438 512369 1 0 1 1043 0 1 0 0
438 512373 1 0 1 1045 0 1 0 0
438 512375 1 0 1 1045 0 1 0 0
438 512377 1 0 1 1045 0 1 0 0
438 512383 1 0 1 1047 0 1 0 0
438 512390 1 0 1 1051 0 1 0 0
438 512396 1 0 1 1056 0 1 0 0
438 512415 1 0 1 1062 0 1 0 0
438 512417 1 0 1 1062 0 1 0 0
438 512447 1 0 1 1068 0 1 0 0
438 512453 1 0 1 1070 0 1 0 0
438 512502 1 0 1 1083 0 1 0 0
438 512541 1 0 1 1095 0 1 0 0
438 512544 1 0 1 1096 0 1 0 0
438 512629 1 0 1 1126 0 1 0 0
438 512650 1 0 1 1133 0 1 0 0
438 512664 1 0 1 1136 0 1 0 0
438 512686 1 0 1 1139 0 1 0 0
438 512730 1 0 1 1154 0 1 0 0
438 512790 1 0 1 1167 0 1 0 0
438 512792 1 0 1 1168 0 1 0 0
438 512796 1 0 1 1169 0 1 0 0
438 512833 1 0 1 1179 0 1 0 0
438 512837 1 0 1 1181 0 1 0 0
438 512860 1 0 1 1187 0 1 0 0
438 512866 1 0 1 1189 0 1 0 0
438 512888 1 0 1 1195 0 1 0 0
438 512892 1 0 1 1199 0 1 0 0
438 512894 1 0 1 1199 0 1 0 0
438 512934 1 0 1 1207 0 1 0 0
438 512940 1 0 1 1208 0 1 0 0
438 512980 1 0 1 1221 0 1 0 0
438 512995 1 0 1 1225 0 1 0 0
438 513016 1 0 1 1230 0 1 0 0
438 513018 1 0 1 1230 0 1 0 0
438 513041 1 0 1 1235 0 1 0 0
438 513086 1 0 1 1251 0 1 0 0
438 513088 1 0 1 1252 0 1 0 0
438 513149 1 0 1 1270 0 1 0 0
438 513156 1 0 1 1271 0 1 0 0
438 513170 1 0 1 1273 0 1 0 0
438 513192 1 0 1 1282 0 1 0 0
438 513196 1 0 1 1283 0 1 0 0
438 513205 1 0 1 1285 0 1 0 0
438 513217 1 0 1 1289 0 1 0 0
438 513270 1 0 1 1308 0 1 0 0
438 513306 1 0 1 1318 0 1 0 0
438 513337 1 0 1 1324 0 1 0 0
438 513344 1 0 1 1325 0 1 0 0
438 513351 1 0 1 1358 0 1 0 0
438 513369 1 0 1 1331 0 1 0 0
438 513378 1 0 1 1332 0 1 0 0
438 513385 1 0 1 1334 0 1 0 0
438 513391 1 0 1 1337 0 1 0 0
438 513397 1 0 1 1337 0 1 0 0
438 513438 1 0 1 1346 0 1 0 0
438 513442 1 0 1 1348 0 1 0 0
438 513478 1 0 1 1364 0 1 0 0
438 513494 1 0 1 1367 0 1 0 0
438 513521 1 0 1 1376 0 1 0 0
438 513562 1 0 1 1388 0 1 0 0
438 513565 1 0 1 1388 0 1 0 0
438 513597 1 0 1 1401 0 1 0 0
438 513615 1 0 1 1404 0 1 0 0
438 513619 1 0 1 1405 0 1 0 0
438 513626 1 0 1 1409 0 1 0 0
438 513634 1 0 1 1412 0 1 0 0
438 513657 1 0 1 1418 0 1 0 0
438 513659 1 0 1 1419 0 1 0 0
438 513686 1 0 1 1427 0 1 0 0
438 513688 1 0 1 1427 0 1 0 0
438 513698 1 0 1 1428 0 1 0 0
438 513702 1 0 1 1430 0 1 0 0
438 513707 1 0 1 1432 0 1 0 0
438 513709 1 0 1 1433 0 1 0 0
438 513721 1 0 1 1436 0 1 0 0
438 513729 1 0 1 1439 0 1 0 0
438 513784 1 0 1 1463 0 1 0 0
438 513793 1 0 1 1465 0 1 0 0
438 513849 1 0 1 1480 0 1 0 0
438 513878 1 0 1 1489 0 1 0 0
438 513890 1 0 1 1492 0 1 0 0
438 513918 1 0 1 1502 0 1 0 0
438 513930 1 0 1 1504 0 1 0 0
438 513946 1 0 1 1508 0 1 0 0
438 513958 1 0 1 1514 0 1 0 0
438 514000 1 0 1 1523 0 1 0 0
438 514018 1 0 1 1528 0 1 0 0
438 514022 1 0 1 1530 0 1 0 0
438 514047 1 0 1 1539 0 1 0 0
438 514051 1 0 1 1539 0 1 0 0
438 514060 1 0 1 1543 0 1 0 0
438 514101 1 0 1 1555 0 1 0 0
438 514134 1 0 1 1565 0 1 0 0
438 514140 1 0 1 1566 0 1 0 0
438 514170 1 0 1 1571 0 1 0 0
438 514179 1 0 1 1573 0 1 0 0
438 514201 1 0 1 1578 0 1 0 0
438 514220 1 0 1 1611 0 1 0 0
438 514234 1 0 1 1587 0 1 0 0
438 514252 1 0 1 1591 0 1 0 0
438 514269 1 0 1 1595 0 1 0 0
438 514327 1 0 1 1612 0 1 0 0
438 514363 1 0 1 1620 0 1 0 0
438 514412 1 0 1 1633 0 1 0 0
438 514416 1 0 1 2197 0 1 0 0
438 514434 1 0 1 1639 0 1 0 0
438 514493 1 0 1 1650 0 1 0 0
438 514497 1 0 1 1650 0 1 0 0
438 514500 1 0 1 1651 0 1 0 0
438 514552 1 0 1 1665 0 1 0 0
438 514571 1 0 1 1668 0 1 0 0
438 514592 1 0 1 1675 0 1 0 0
438 514596 1 0 1 1677 0 1 0 0
438 514620 1 0 1 1682 0 1 0 0
438 514667 1 0 1 1694 0 1 0 0
438 514685 1 0 1 1699 0 1 0 0
438 514730 1 0 1 1712 0 1 0 0
438 514822 1 0 1 1735 0 1 0 0
438 514826 1 0 1 1738 0 1 0 0
438 514862 1 0 1 1746 0 1 0 0
438 514890 1 0 1 1755 0 1 0 0
438 514892 1 0 1 1755 0 1 0 0
438 514894 1 0 1 1755 0 1 0 0
438 514907 1 0 1 1758 0 1 0 0
438 514911 1 0 1 1762 0 1 0 0
438 515007 1 0 1 1796 0 1 0 0
438 515056 1 0 1 1808 0 1 0 0
438 515073 1 0 1 1812 0 1 0 0
438 515120 1 0 1 1828 0 1 0 0
438 515126 1 0 1 1829 0 1 0 0
438 515151 1 0 1 1838 0 1 0 0
438 515201 1 0 1 1851 0 1 0 0
438 515251 1 0 1 1863 0 1 0 0
438 515267 1 0 1 1868 0 1 0 0
438 515291 1 0 1 1881 0 1 0 0
438 515295 1 0 1 1882 0 1 0 0
438 515301 1 0 1 1884 0 1 0 0
438 515313 1 0 1 1889 0 1 0 0
438 515315 1 0 1 1891 0 1 0 0
438 515325 1 0 1 1897 0 1 0 0
438 515346 1 0 1 1903 0 1 0 0
438 515351 1 0 1 1904 0 1 0 0
438 515371 1 0 1 1911 0 1 0 0
438 515392 1 0 1 1916 0 1 0 0
438 515409 1 0 1 1920 0 1 0 0
438 515424 1 0 1 1926 0 1 0 0
438 515502 1 0 1 1952 0 1 0 0
438 515505 1 0 1 1954 0 1 0 0
438 515513 1 0 1 1956 0 1 0 0
438 515526 1 0 1 1960 0 1 0 0
438 515545 1 0 1 1963 0 1 0 0
438 515552 1 0 1 1968 0 1 0 0
438 515593 1 0 1 1982 0 1 0 0
438 515619 1 0 1 1988 0 1 0 0
438 515621 1 0 1 1988 0 1 0 0
438 515632 1 0 1 1991 0 1 0 0
438 515656 1 0 1 1996 0 1 0 0
438 515681 1 0 1 2102 0 1 0 0
438 515697 1 0 1 2006 0 1 0 0
438 515710 1 0 1 2014 0 1 0 0
438 515753 1 0 1 2027 0 1 0 0
438 515777 1 0 1 2035 0 1 0 0
438 515789 1 0 1 2040 0 1 0 0
438 515791 1 0 1 2040 0 1 0 0
438 515856 1 0 1 2059 0 1 0 0
438 515889 1 0 1 2069 0 1 0 0
438 515916 1 0 1 2081 0 1 0 0
438 515936 1 0 1 2085 0 1 0 0
438 515944 1 0 1 2086 0 1 0 0
438 515978 1 0 1 2094 0 1 0 0
438 515995 1 0 1 2100 0 1 0 0
438 516017 1 0 1 2105 0 1 0 0
438 516054 1 0 1 2123 0 1 0 0
438 516074 1 0 1 2128 0 1 0 0
438 516081 1 0 1 2129 0 1 0 0
438 516127 1 0 1 2149 0 1 0 0
438 516144 1 0 1 2156 0 1 0 0
438 516151 1 0 1 2160 0 1 0 0
438 516153 1 0 1 2160 0 1 0 0
438 516174 1 0 1 2167 0 1 0 0
438 516190 1 0 1 2171 0 1 0 0
438 516206 1 0 1 2177 0 1 0 0
438 516227 1 0 1 2184 0 1 0 0
438 516237 1 0 1 2184 0 1 0 0
438 516254 1 0 1 2189 0 1 0 0
438 516260 1 0 1 2191 0 1 0 0
438 516271 1 0 1 2193 0 1 0 0
438 516300 1 0 1 2201 0 1 0 0
438 516304 1 0 1 2201 0 1 0 0
438 516318 1 0 1 2208 0 1 0 0
438 516350 1 0 1 2219 0 1 0 0
438 516389 1 0 1 2232 0 1 0 0
438 516391 1 0 1 2233 0 1 0 0
438 516415 1 0 1 2238 0 1 0 0
438 516434 1 0 1 2246 0 1 0 0
438 516446 1 0 1 2249 0 1 0 0
438 516497 1 0 1 2265 0 1 0 0
438 516506 1 0 1 2268 0 1 0 0
438 516547 1 0 1 2280 0 1 0 0
438 516559 1 0 1 2284 0 1 0 0
438 516561 1 0 1 2284 0 1 0 0
438 516654 1 0 1 2334 0 1 0 0
438 516663 1 0 1 2315 0 1 0 0
438 516670 1 0 1 2319 0 1 0 0
438 516678 1 0 1 2320 0 1 0 0
438 516682 1 0 1 2321 0 1 0 0
438 516705 1 0 1 2328 0 1 0 0
438 516735 1 0 1 2337 0 1 0 0
438 516755 1 0 1 2342 0 1 0 0
438 516776 1 0 1 2347 0 1 0 0
438 516784 1 0 1 2352 0 1 0 0
438 516789 1 0 1 2352 0 1 0 0
438 516791 1 0 1 2353 0 1 0 0
438 516847 1 0 1 2372 0 1 0 0
438 516885 1 0 1 2385 0 1 0 0
438 516887 1 0 1 2386 0 1 0 0
438 516926 1 0 1 2399 0 1 0 0
438 516942 1 0 1 2409 0 1 0 0
438 516957 1 0 1 2407 0 1 0 0
438 516973 1 0 1 2411 0 1 0 0
438 517009 1 0 1 2422 0 1 0 0
438 517029 1 0 1 2427 0 1 0 0
438 517046 1 0 1 2432 0 1 0 0
438 517070 1 0 1 2439 0 1 0 0
438 517089 1 0 1 2445 0 1 0 0
438 517096 1 0 1 2448 0 1 0 0
438 517110 1 0 1 2450 0 1 0 0
438 517132 1 0 1 2455 0 1 0 0
438 517135 1 0 1 2456 0 1 0 0
438 517144 1 0 1 2459 0 1 0 0
438 517161 1 0 1 2463 0 1 0 0
438 517216 1 0 1 2480 0 1 0 0
438 517228 1 0 1 2484 0 1 0 0
438 517240 1 0 1 2491 0 1 0 0
438 517244 1 0 1 2491 0 1 0 0
438 517266 1 0 1 2499 0 1 0 0
438 517282 1 0 1 2505 0 1 0 0
438 517394 1 0 1 2550 0 1 0 0
438 517429 1 0 1 2558 0 1 0 0
438 517480 1 0 1 2573 0 1 0 0
438 517496 1 0 1 2577 0 1 0 0
438 517504 1 0 1 2577 0 1 0 0
438 517516 1 0 1 2581 0 1 0 0
438 517627 1 0 1 2610 0 1 0 0
438 517629 1 0 1 2610 0 1 0 0
438 517663 1 0 1 3214 0 1 0 0
438 517687 1 0 1 2631 0 1 0 0
438 517744 1 0 1 2646 0 1 0 0
438 517751 1 0 1 2649 0 1 0 0
438 517775 1 0 1 2659 0 1 0 0
438 517779 1 0 1 2660 0 1 0 0
438 517784 1 0 1 2662 0 1 0 0
438 517798 1 0 1 2665 0 1 0 0
438 517829 1 0 1 2674 0 1 0 0
438 517867 1 0 1 2684 0 1 0 0
438 517886 1 0 1 2691 0 1 0 0
438 517918 1 0 1 2697 0 1 0 0
438 517921 1 0 1 2697 0 1 0 0
438 517962 1 0 1 2710 0 1 0 0
438 518045 1 0 1 2734 0 1 0 0
438 518082 1 0 1 2743 0 1 0 0
438 518130 1 0 1 2754 0 1 0 0
438 518143 1 0 1 2760 0 1 0 0
438 518150 1 0 1 2762 0 1 0 0
438 518160 1 0 1 2764 0 1 0 0
438 518170 1 0 1 2770 0 1 0 0
438 518244 1 0 1 2788 0 1 0 0
438 518254 1 0 1 2790 0 1 0 0
438 518292 1 0 1 2801 0 1 0 0
438 518315 1 0 1 2807 0 1 0 0
438 518324 1 0 1 2811 0 1 0 0
438 518329 1 0 1 2811 0 1 0 0
438 518333 1 0 1 2812 0 1 0 0
438 518362 1 0 1 2823 0 1 0 0
438 518402 1 0 1 2832 0 1 0 0
438 518490 1 0 1 2850 0 1 0 0
438 528642 1 0 1 2862 0 1 0 0
438 528664 1 0 1 2865 0 1 0 0
438 528742 1 0 1 2885 0 1 0 0
438 528790 1 0 1 2899 0 1 0 0
438 528801 1 0 1 2905 0 1 0 0
438 528884 1 0 1 2926 0 1 0 0
438 528896 1 0 1 2928 0 1 0 0
438 528964 1 0 1 2944 0 1 0 0
438 529037 1 0 1 2965 0 1 0 0
438 529051 1 0 1 2982 0 1 0 0
438 529055 1 0 1 2969 0 1 0 0
438 529076 1 0 1 2976 0 1 0 0
438 529078 1 0 1 3015 0 1 0 0
438 529099 1 0 1 2983 0 1 0 0
438 529152 1 0 1 2996 0 1 0 0
438 529167 1 0 1 2999 0 1 0 0
438 529170 1 0 1 3000 0 1 0 0
438 529181 1 0 1 3004 0 1 0 0
438 529205 1 0 1 3009 0 1 0 0
438 529248 1 0 1 3025 0 1 0 0
438 529267 1 0 1 3030 0 1 0 0
438 529271 1 0 1 3031 0 1 0 0
438 529292 1 0 1 3038 0 1 0 0
438 529299 1 0 1 3039 0 1 0 0
438 529315 1 0 1 3045 0 1 0 0
438 529348 1 0 1 3055 0 1 0 0
438 529397 1 0 1 3072 0 1 0 0
438 529408 1 0 1 3076 0 1 0 0
438 529445 1 0 1 3086 0 1 0 0
438 529481 1 0 1 3101 0 1 0 0
438 529483 1 0 1 3101 0 1 0 0
438 529509 1 0 1 3113 0 1 0 0
438 529514 1 0 1 3114 0 1 0 0
438 529548 1 0 1 3127 0 1 0 0
438 529590 1 0 1 3140 0 1 0 0
438 529605 1 0 1 3146 0 1 0 0
438 529626 1 0 1 3152 0 1 0 0
438 529633 1 0 1 3154 0 1 0 0
438 529646 1 0 1 3158 0 1 0 0
438 529671 1 0 1 3169 0 1 0 0
438 529684 1 0 1 3173 0 1 0 0
438 529713 1 0 1 3180 0 1 0 0
438 529732 1 0 1 3185 0 1 0 0
438 529736 1 0 1 3185 0 1 0 0
438 529749 1 0 1 3188 0 1 0 0
438 529751 1 0 1 3188 0 1 0 0
438 529753 1 0 1 3189 0 1 0 0
438 529768 1 0 1 3195 0 1 0 0
438 529787 1 0 1 3203 0 1 0 0
438 529793 1 0 1 3206 0 1 0 0
438 529844 1 0 1 3218 0 1 0 0
438 529864 1 0 1 3225 0 1 0 0
438 529912 1 0 1 3238 0 1 0 0
438 529928 1 0 1 3244 0 1 0 0
438 529938 1 0 1 3247 0 1 0 0
438 529953 1 0 1 3253 0 1 0 0
438 529955 1 0 1 3255 0 1 0 0
438 529962 1 0 1 3256 0 1 0 0
438 529978 1 0 1 3260 0 1 0 0
438 529989 1 0 1 3265 0 1 0 0
438 530042 1 0 1 3283 0 1 0 0
438 530099 1 0 1 3299 0 1 0 0
438 530110 1 0 1 3302 0 1 0 0
438 530182 1 0 1 3325 0 1 0 0
438 530200 1 0 1 3331 0 1 0 0
438 530213 1 0 1 3338 0 1 0 0
438 530254 1 0 1 3352 0 1 0 0
438 530256 1 0 1 3354 0 1 0 0
438 530269 1 0 1 3358 0 1 0 0
438 530377 1 0 1 3399 0 1 0 0
438 530409 1 0 1 3411 0 1 0 0
438 530411 1 0 1 3413 0 1 0 0
438 530414 1 0 1 3414 0 1 0 0
438 530420 1 0 1 3417 0 1 0 0
438 530432 1 0 1 3420 0 1 0 0
438 530444 1 0 1 3423 0 1 0 0
438 530459 1 0 1 3429 0 1 0 0
438 530481 1 0 1 3441 0 1 0 0
438 530495 1 0 1 3450 0 1 0 0
438 530578 1 0 1 3485 0 1 0 0
438 530581 1 0 1 3485 0 1 0 0
438 530622 1 0 1 3498 0 1 0 0
438 530632 1 0 1 3503 0 1 0 0
438 530683 1 0 1 3524 0 1 0 0
438 530714 1 0 1 3536 0 1 0 0
438 530719 1 0 1 3536 0 1 0 0
438 530727 1 0 1 3539 0 1 0 0
438 530757 1 0 1 3551 0 1 0 0
438 530784 1 0 1 3565 0 1 0 0
438 530820 1 0 1 3578 0 1 0 0
438 530836 1 0 1 3590 0 1 0 0
438 530865 1 0 1 3592 0 1 0 0
981 8136 0 1 1 0 81 0 1 0
981 27566 0 1 1 0 258 0 1 0
981 93770 0 1 1 0 133 0 1 0
1112 93720 0 1 1 0 4246 0 1 0
1203 515353 0 1 1 0 852 0 1 0
1442 499168 0 1 1 0 1230 0 1 0
1465 40859 0 1 1 0 173 0 1 0
1662 6678 1 0 1 130 0 1 0 0
1662 17819 1 0 1 2360 0 1 0 0
1662 28164 1 0 1 9 0 1 0 0
1662 82759 1 0 1 157 0 1 0 0
179906 184299 0 2 2 0 813 0 2 0
1867 528960 1 0 1 301 0 1 0 0
1867 530008 1 0 1 633 0 1 0 0
1867 530029 1 0 1 640 0 1 0 0
1867 530774 1 0 1 919 0 1 0 0
2011 10319 0 1 1 0 5 0 1 0
2577 19785 0 1 1 0 613 0 1 0
2577 103397 0 1 1 0 607 0 1 0
2577 109153 0 1 1 0 258 0 1 0
2577 472111 0 1 1 0 16 0 1 0
2577 499168 0 1 1 0 612 0 1 0
2625 14886 0 1 1 0 179 0 1 0
2625 472111 0 1 1 0 37 0 1 0
2625 511456 0 1 1 0 134 0 1 0
2695 85600 1 0 1 329 0 1 0 0
2695 530073 1 0 1 65 0 1 0 0
2836 30221 2 0 2 275 0 2 0 0
91895 530532 1 0 1 463 0 1 0 0
3014 34860 0 1 1 0 2108 0 1 0
92771 340995 1 0 1 44 0 1 0 0
4225 40859 0 1 1 0 4761 0 1 0
93720 434943 1 0 1 251 0 1 0 0
93720 503858 1 0 1 65 0 1 0 0
93720 504916 1 0 1 322 0 1 0 0
93720 529083 1 0 1 4289 0 1 0 0
360874 509069 1 0 1 844 0 1 0 0
4839 57648 0 1 1 0 3902 0 1 0
4853 63861 1 0 1 2446 0 1 0 0
4853 82759 1 0 1 853 0 1 0 0
4853 341144 1 0 1 4 0 1 0 0
4853 496686 1 0 1 9 0 1 0 0
5000 5001 2 1 3 843 1053 2 1 0
5000 5593 2 0 2 4244 0 1 0 0
5001 5593 3 0 3 3546 0 2 0 0
94154 491895 1 0 1 625 0 1 0 0
5221 17819 1 0 1 3275 0 1 0 0
5221 82759 1 0 1 1223 0 1 0 0
5221 473402 1 0 1 491 0 1 0 0
5418 40859 0 1 1 0 759 0 1 0
450623 504784 1 0 1 1366 0 1 0 0
6175 26156 1 0 1 8 0 1 0 0
6175 505003 1 0 1 875 0 1 0 0
184299 514865 1 0 1 15 0 1 0 0
184299 514867 1 0 1 15 0 1 0 0
184299 514869 1 0 1 15 0 1 0 0
184299 514871 1 0 1 15 0 1 0 0
184299 515257 1 0 1 129 0 1 0 0
6611 10319 0 1 1 0 136 0 1 0
7271 40859 0 1 1 0 7 0 1 0
7271 65083 1 0 1 50 0 1 0 0
7271 404575 2 0 2 1185 0 1.5 0 0
7271 495126 1 0 1 158 0 1 0 0
7271 510174 1 0 1 26 0 1 0 0
7271 510290 1 0 1 59 0 1 0 0
7271 513763 1 0 1 1057 0 1 0 0
7271 515082 1 0 1 1421 0 1 0 0
7361 40859 0 1 1 0 523 0 1 0
452593 510990 0 1 1 0 12 0 1 0
7752 501430 1 0 1 71 0 1 0 0
8068 515439 1 0 1 62 0 1 0 0
186244 495697 1 0 1 38 0 1 0 0
8610 71171 0 1 1 0 23 0 1 0
8804 37318 0 1 1 0 369 0 1 0
9011 27421 0 1 1 0 201 0 1 0
9089 509391 0 1 1 0 2904 0 1 0
9538 340995 1 0 1 66 0 1 0 0
9771 493872 0 1 1 0 17 0 1 0
9831 515353 0 1 1 0 428 0 1 0
455410 501645 0 1 1 0 4793 0 1 0
366371 515353 0 1 1 0 381 0 1 0
10304 146779 0 1 1 0 889 0 1 0
10319 19735 1 0 1 64 0 1 0 0
10319 480704 1 0 1 15 0 1 0 0
10395 40859 0 1 1 0 47 0 1 0
188573 506108 0 1 1 0 197 0 1 0
99740 498315 0 1 1 0 786 0 1 0
367450 510880 0 1 1 0 2622 0 1 0
456594 505147 1 0 1 86 0 1 0 0
456594 505217 2 0 2 157 0 2 0 0
456594 505741 1 0 1 233 0 1 0 0
456594 505748 1 0 1 235 0 1 0 0
456594 509048 1 0 1 1154 0 1 0 0
456594 510831 1 0 1 1434 0 1 0 0
456594 515172 1 0 1 2668 0 1 0 0
456594 517304 1 0 1 3520 0 1 0 0
456594 517408 3 0 3 10594 0 3 0 0
456594 528973 1 0 1 4009 0 1 0 0
11979 17528 1 0 1 169 0 1 0 0
11979 40769 1 0 1 53 0 1 0 0
12175 515469 1 0 1 1417 0 1 0 0
12565 299091 0 1 1 0 273 0 1 0
12565 505537 0 1 1 0 148 0 1 0
13388 40769 1 0 1 19 0 1 0 0
13388 459920 1 0 1 5 0 1 0 0
13388 508679 1 0 1 1217 0 1 0 0
13665 500278 1 0 1 1020 0 1 0 0
13665 500398 1 0 1 1046 0 1 0 0
13683 505155 0 1 1 0 1104 0 1 0
13860 418427 0 1 1 0 226 0 1 0
14234 261292 1 0 1 18 0 1 0 0
14508 58529 1 0 1 1936 0 1 0 0
14508 59079 1 0 1 4615 0 1 0 0
14508 393831 1 0 1 1689 0 1 0 0
14508 476272 1 0 1 256 0 1 0 0
14508 499936 1 0 1 88 0 1 0 0
14508 500567 1 0 1 228 0 1 0 0
14508 500593 1 0 1 236 0 1 0 0
14508 501011 1 0 1 341 0 1 0 0
14508 501027 1 0 1 342 0 1 0 0
14508 501179 1 0 1 377 0 1 0 0
14508 501512 1 0 1 457 0 1 0 0
14508 501735 1 0 1 511 0 1 0 0
14508 502820 1 0 1 750 0 1 0 0
14508 502980 1 0 1 787 0 1 0 0
14508 504325 1 0 1 1195 0 1 0 0
14508 504400 1 0 1 1217 0 1 0 0
14508 505616 1 0 1 1526 0 1 0 0
14508 506467 1 0 1 1751 0 1 0 0
14508 508656 1 0 1 2384 0 1 0 0
14508 508942 1 0 1 2448 0 1 0 0
14508 509549 1 0 1 2600 0 1 0 0
14508 511760 1 0 1 3182 0 1 0 0
14508 513654 1 0 1 3749 0 1 0 0
14508 514331 1 0 1 3943 0 1 0 0
14508 515185 1 0 1 4176 0 1 0 0
14508 516110 1 0 1 4471 0 1 0 0
192633 261292 1 0 1 73 0 1 0 0
14886 17084 0 1 1 0 125 0 1 0
14886 40922 1 0 1 43 0 1 0 0
14886 65364 1 0 1 25 0 1 0 0
14886 82926 1 0 1 50 0 1 0 0
14886 499271 1 0 1 487 0 1 0 0
14886 500740 1 0 1 809 0 1 0 0
371973 501645 0 1 1 0 4760 0 1 0
15810 512187 0 1 1 0 191 0 1 0
15895 517858 1 0 1 4901 0 1 0 0
105072 162077 1 0 1 467 0 1 0 0
16078 25502 1 0 1 2648 0 1 0 0
16078 34504 1 0 1 862 0 1 0 0
16078 224408 1 0 1 1719 0 1 0 0
16078 407037 1 0 1 11 0 1 0 0
16414 40859 0 1 1 0 789 0 1 0
461716 498773 1 0 1 301 0 1 0 0
461716 503868 1 0 1 1562 0 1 0 0
461716 507587 1 0 1 1023 0 1 0 0
461716 511557 1 0 1 2080 0 1 0 0
461716 512267 1 0 1 2291 0 1 0 0
194679 305931 0 1 1 0 1947 0 1 0
462288 496240 0 1 1 0 136 0 1 0
17084 59792 1 0 1 1429 0 1 0 0
17084 262317 1 0 1 1375 0 1 0 0
17084 506085 1 0 1 1356 0 1 0 0
106679 190699 1 0 1 1026 0 1 0 0
17807 491599 0 1 1 0 7 0 1 0
463393 511191 0 1 1 0 541 0 1 0
18703 261292 1 0 1 339 0 1 0 0
18946 176487 1 0 1 517 0 1 0 0
18946 529533 1 0 1 81 0 1 0 0
19271 25509 1 0 1 372 0 1 0 0
19271 177161 1 0 1 152 0 1 0 0
20125 515353 0 1 1 0 740 0 1 0
20623 146779 0 1 1 0 1533 0 1 0
21143 124955 0 1 1 0 103 0 1 0
466708 468241 1 0 1 898 0 1 0 0
21534 42895 1 0 1 19 0 1 0 0
21534 254966 1 0 1 132 0 1 0 0
21534 293560 1 0 1 3819 0 1 0 0
21534 422083 1 0 1 1112 0 1 0 0
21534 481568 1 0 1 348 0 1 0 0
21534 506546 0 1 1 0 59 0 1 0
21534 510955 1 0 1 239 0 1 0 0
21909 93720 0 1 1 0 573 0 1 0
22235 93720 0 1 1 0 1099 0 1 0
22284 514411 0 1 1 0 448 0 1 0
467657 506128 0 1 1 0 1861 0 1 0
23383 497250 0 1 1 0 4939 0 1 0
23637 93720 0 1 1 0 630 0 1 0
381069 438849 0 1 1 0 42 0 1 0
114555 498131 1 0 1 361 0 1 0 0
471112 517018 0 1 1 0 1133 0 1 0
471222 508047 0 1 1 0 2314 0 1 0
26128 40859 0 1 1 0 2086 0 1 0
26156 146779 0 1 1 0 90 0 1 0
27107 340995 1 0 1 49 0 1 0 0
27233 501645 0 1 1 0 3891 0 1 0
27421 36682 1 0 1 897 0 1 0 0
27421 46590 1 0 1 130 0 1 0 0
27421 56533 1 0 1 1491 0 1 0 0
27421 118426 1 0 1 314 0 1 0 0
27421 127560 1 0 1 1841 0 1 0 0
27421 220830 1 0 1 4411 0 1 0 0
27421 260862 1 0 1 3097 0 1 0 0
27421 334600 1 0 1 2943 0 1 0 0
27421 358126 1 0 1 1074 0 1 0 0
27421 363590 1 0 1 3165 0 1 0 0
27421 472312 1 0 1 53 0 1 0 0
27421 499480 1 0 1 68 0 1 0 0
27421 499870 1 0 1 152 0 1 0 0
27421 501494 1 0 1 528 0 1 0 0
27421 501972 1 0 1 627 0 1 0 0
27421 502304 1 0 1 697 0 1 0 0
27421 502307 1 0 1 775 0 1 0 0
27421 502471 1 0 1 738 0 1 0 0
27421 502501 1 0 1 746 0 1 0 0
27421 508062 1 0 1 2294 0 1 0 0
27421 514190 1 0 1 3982 0 1 0 0
27421 518077 1 0 1 5149 0 1 0 0
294782 504042 0 1 1 0 218 0 1 0
384361 386897 1 0 1 170 0 1 0 0
384361 503503 1 0 1 352 0 1 0 0
384361 529720 1 0 1 51 0 1 0 0
117329 502375 0 1 1 0 214 0 1 0
206584 494473 0 1 1 0 1670 0 1 0
28622 479676 1 0 1 395 0 1 0 0
29023 498051 0 1 1 0 3029 0 1 0
29023 515148 0 2 2 0 1928 0 2 0
207503 240338 0 1 1 0 3028 0 1 0
29468 505288 0 1 1 0 2164 0 1 0
207800 503020 0 1 1 0 3068 0 1 0
386208 501645 0 1 1 0 5053 0 1 0
30178 501645 0 1 1 0 5419 0 1 0
30305 146779 0 1 1 0 11 0 1 0
30375 512187 0 1 1 0 145 0 1 0
30455 31393 1 0 1 66 0 1 0 0
119632 131000 0 1 1 0 514 0 1 0
30992 251881 0 1 1 0 683 0 1 0
209172 431468 1 0 1 179 0 1 0 0
31487 496215 0 1 1 0 72 0 1 0
31647 497669 0 1 1 0 641 0 1 0
32516 502206 1 0 1 146 0 1 0 0
32516 503870 1 0 1 633 0 1 0 0
33317 197993 0 1 1 0 13 0 1 0
301058 516170 1 0 1 2684 0 1 0 0
34000 146779 0 1 1 0 53 0 1 0
34212 195427 1 0 1 19 0 1 0 0
34212 399489 1 0 1 2348 0 1 0 0
34212 511696 1 0 1 133 0 1 0 0
34568 71171 0 1 1 0 29 0 1 0
34672 530215 1 0 1 10 0 1 0 0
34689 35594 1 0 1 1119 0 1 0 0
34689 495292 1 0 1 144 0 1 0 0
35335 106381 1 0 1 90 0 1 0 0
35335 157615 1 0 1 4096 0 1 0 0
35335 494647 1 0 1 195 0 1 0 0
35335 497621 1 0 1 835 0 1 0 0
35335 499860 1 0 1 1349 0 1 0 0
35335 501771 1 0 1 1796 0 1 0 0
35335 506492 1 0 1 3030 0 1 0 0
35335 508264 1 0 1 3558 0 1 0 0
35335 512922 1 0 1 4809 0 1 0 0
35384 505070 0 1 1 0 2250 0 1 0
35688 493955 0 1 1 0 492 0 1 0
303013 507981 0 1 1 0 1977 0 1 0
36313 43432 1 0 1 230 0 1 0 0
36313 158360 1 0 1 990 0 1 0 0
481897 501645 0 1 1 0 4627 0 1 0
36767 40859 0 1 1 0 2807 0 1 0
36955 502334 0 1 1 0 183 0 1 0
304299 340995 1 0 1 56 0 1 0 0
37314 496215 0 1 1 0 117 0 1 0
37318 261292 1 0 1 43 0 1 0 0
37635 498632 1 0 1 474 0 1 0 0
37635 500040 0 1 1 0 321 0 1 0
37710 40859 0 1 1 0 6632 0 1 0
37991 505517 1 0 1 1428 0 1 0 0
216096 427962 1 0 1 3365 0 1 0 0
216096 502330 1 0 1 16 0 1 0 0
216096 502511 1 0 1 63 0 1 0 0
216096 502527 1 0 1 65 0 1 0 0
216096 508115 1 0 1 1625 0 1 0 0
216473 504038 0 1 1 0 55 0 1 0
38674 141469 1 0 1 157 0 1 0 0
216863 504924 0 1 1 0 3562 0 1 0
484080 501645 0 1 1 0 4614 0 1 0
306521 474862 1 0 1 100 0 1 0 0
306521 493107 1 0 1 1306 0 1 0 0
306521 499699 1 0 1 421 0 1 0 0
306521 501854 1 0 1 915 0 1 0 0
395619 501645 0 1 1 0 4938 0 1 0
39563 511456 0 0 1 0 0 0 0 0
40408 40859 0 1 1 0 2833 0 1 0
40408 501645 0 1 1 0 1254 0 1 0
40678 93720 0 1 1 0 3400 0 1 0
40859 41052 1 0 1 2351 0 1 0 0
40859 42443 1 0 1 500 0 1 0 0
40859 53765 1 0 1 396 0 1 0 0
40859 53768 1 0 1 396 0 1 0 0
40859 55470 1 0 1 2899 0 1 0 0
40859 56458 1 0 1 146 0 1 0 0
40859 56864 1 0 1 2196 0 1 0 0
40859 113187 1 0 1 1179 0 1 0 0
40859 138741 1 0 1 5685 0 1 0 0
40859 149568 1 0 1 1453 0 1 0 0
40859 167386 1 0 1 887 0 1 0 0
40859 242358 1 0 1 27 0 1 0 0
40859 254385 1 0 1 56 0 1 0 0
40859 299233 1 0 1 75 0 1 0 0
40859 303174 1 0 1 677 0 1 0 0
40859 303390 1 0 1 2583 0 1 0 0
40859 307485 1 0 1 754 0 1 0 0
40859 310233 1 0 1 981 0 1 0 0
40859 317748 1 0 1 5652 0 1 0 0
40859 326430 1 0 1 66 0 1 0 0
40859 381631 1 0 1 4473 0 1 0 0
40859 395369 1 0 1 2216 0 1 0 0
40859 404575 1 0 1 980 0 0.5 0 0
40859 406820 1 0 1 142 0 1 0 0
40859 411707 1 0 1 721 0 1 0 0
40859 413163 1 0 1 37 0 1 0 0
40859 417147 1 0 1 21 0 1 0 0
40859 417407 1 0 1 1187 0 1 0 0
40859 417770 1 0 1 3778 0 1 0 0
40859 429322 1 0 1 6434 0 1 0 0
40859 436121 1 0 1 5092 0 1 0 0
40859 439299 1 0 1 52 0 1 0 0
40859 448292 1 0 1 4014 0 1 0 0
40859 458923 1 0 1 6305 0 1 0 0
40859 464315 1 0 1 800 0 1 0 0
40859 468630 1 0 1 663 0 1 0 0
40859 473130 1 0 1 1802 0 1 0 0
40859 475224 1 0 1 1297 0 1 0 0
40859 476232 1 0 1 3573 0 1 0 0
40859 483211 1 0 1 3635 0 1 0 0
40859 483314 1 0 1 252 0 1 0 0
40859 483517 1 0 1 6082 0 1 0 0
40859 487625 1 0 1 87 0 1 0 0
40859 488577 1 0 1 128 0 1 0 0
40859 491420 1 0 1 838 0 1 0 0
40859 491869 1 0 1 37 0 1 0 0
40859 494929 1 0 1 41 0 1 0 0
40859 495037 1 0 1 62 0 1 0 0
40859 495118 1 0 1 76 0 1 0 0
40859 495153 1 0 1 81 0 1 0 0
40859 495194 1 0 1 90 0 1 0 0
40859 495275 1 0 1 135 0 1 0 0
40859 495309 1 0 1 115 0 1 0 0
40859 495347 1 0 1 120 0 1 0 0
40859 495688 1 0 1 192 0 1 0 0
40859 495744 1 0 1 206 0 1 0 0
40859 495778 1 0 1 216 0 1 0 0
40859 495794 1 0 1 219 0 1 0 0
40859 496227 1 0 1 323 0 1 0 0
40859 496246 1 0 1 329 0 1 0 0
40859 496481 1 0 1 380 0 1 0 0
40859 496549 1 0 1 393 0 1 0 0
40859 496611 1 0 1 405 0 1 0 0
40859 496720 1 0 1 427 0 1 0 0
40859 496826 1 0 1 458 0 1 0 0
40859 496908 1 0 1 6583 0 1 0 0
40859 496929 1 0 1 478 0 1 0 0
40859 497008 1 0 1 499 0 1 0 0
40859 497068 1 0 1 520 0 1 0 0
40859 497126 1 0 1 527 0 1 0 0
40859 497389 1 0 1 577 0 1 0 0
40859 497462 1 0 1 592 0 1 0 0
40859 497464 1 0 1 592 0 1 0 0
40859 497488 1 0 1 595 0 1 0 0
40859 497522 1 0 1 603 0 1 0 0
40859 497569 1 0 1 613 0 1 0 0
40859 497615 1 0 1 627 0 1 0 0
40859 497693 1 0 1 643 0 1 0 0
40859 497758 1 0 1 656 0 1 0 0
40859 497902 1 0 1 682 0 1 0 0
40859 497969 1 0 1 697 0 1 0 0
40859 498359 1 0 1 798 0 1 0 0
40859 498523 1 0 1 833 0 1 0 0
40859 498692 1 0 1 874 0 1 0 0
40859 498781 1 0 1 896 0 1 0 0
40859 498833 1 0 1 910 0 1 0 0
40859 499041 1 0 1 966 0 1 0 0
40859 499359 1 0 1 1032 0 1 0 0
40859 499608 1 0 1 1085 0 1 0 0
40859 500126 1 0 1 1314 0 1 0 0
40859 500166 1 0 1 1207 0 1 0 0
40859 500280 1 0 1 1230 0 1 0 0
40859 500378 1 0 1 1252 0 1 0 0
40859 500638 1 0 1 1313 0 1 0 0
40859 500651 1 0 1 1318 0 1 0 0
40859 500680 1 0 1 1324 0 1 0 0
40859 500835 1 0 1 1356 0 1 0 0
40859 500930 1 0 1 1382 0 1 0 0
40859 501075 1 0 1 1421 0 1 0 0
40859 501221 1 0 1 1454 0 1 0 0
40859 502127 1 0 1 1652 0 1 0 0
40859 502183 1 0 1 1663 0 1 0 0
40859 502292 1 0 1 1687 0 1 0 0
40859 502824 1 0 1 1818 0 1 0 0
40859 503108 1 0 1 1884 0 1 0 0
40859 503218 1 0 1 1912 0 1 0 0
40859 503748 1 0 1 2085 0 1 0 0
40859 503809 1 0 1 2101 0 1 0 0
40859 504159 1 0 1 2220 0 1 0 0
40859 504439 1 0 1 2293 0 1 0 0
40859 504912 1 0 1 2410 0 1 0 0
40859 504961 1 0 1 2424 0 1 0 0
40859 505454 1 0 1 2549 0 1 0 0
40859 506503 1 0 1 2825 0 1 0 0
40859 507398 1 0 1 3293 0 1 0 0
40859 507759 1 0 1 3314 0 1 0 0
40859 509812 1 0 1 3736 0 1 0 0
40859 510056 1 0 1 3793 0 1 0 0
40859 510094 1 0 1 3801 0 1 0 0
40859 511555 1 0 1 4195 0 1 0 0
40859 511765 1 0 1 4252 0 1 0 0
40859 512283 1 0 1 4416 0 1 0 0
40859 512473 1 0 1 4472 0 1 0 0
40859 512489 1 0 1 4476 0 1 0 0
40859 513335 1 0 1 4722 0 1 0 0
40859 514390 1 0 1 5026 0 1 0 0
40859 514665 1 0 1 5092 0 1 0 0
40859 514782 1 0 1 5124 0 1 0 0
40859 517878 1 0 1 6085 0 1 0 0
40859 528970 1 0 1 6355 0 1 0 0
40859 529516 1 0 1 6513 0 1 0 0
41065 515353 0 1 1 0 683 0 1 0
486470 490634 0 1 1 0 105 0 1 0
41267 503404 0 1 1 0 2396 0 1 0
41297 517033 1 0 1 1099 0 1 0 0
487102 502677 1 0 1 351 0 1 0 0
487102 516618 1 0 1 23 0 1 0 0
220009 498472 1 0 1 522 0 1 0 0
131000 514657 1 0 1 3299 0 1 0 0
42143 306521 0 1 1 0 2734 0 1 0
220915 505830 1 0 1 1534 0 1 0 0
42895 514013 1 0 1 1342 0 1 0 0
221248 505250 0 1 1 0 20 0 1 0
399605 499168 0 1 1 0 53 0 1 0
488974 512536 1 0 1 58 0 1 0 0
488974 530186 1 0 1 2289 0 1 0 0
44155 516345 0 1 1 0 336 0 1 0
44465 504924 0 1 1 0 2248 0 1 0
222852 233179 0 1 1 0 25 0 1 0
312044 528650 1 0 1 43 0 1 0 0
490358 491410 1 1 2 205 219 0.5 1 0
490358 498389 0 1 1 0 212 0 1 0
490447 501645 0 1 1 0 4521 0 1 0
490447 528749 1 0 1 211 0 1 0 0
134290 340995 1 0 1 51 0 1 0 0
223466 528903 1 0 1 173 0 1 0 0
223466 529095 1 0 1 225 0 1 0 0
223466 529183 1 0 1 247 0 1 0 0
223466 529413 1 0 1 321 0 1 0 0
490634 499482 1 0 1 753 0 1 0 0
490634 499657 1 0 1 786 0 1 0 0
490634 502193 1 0 1 1359 0 1 0 0
223706 505361 1 0 1 631 0 1 0 0
135086 517791 1 0 1 428 0 1 0 0
135086 517909 1 0 1 460 0 1 0 0
135086 528719 1 0 1 641 0 1 0 0
491390 507375 1 0 1 62 0 1 0 0
491410 508444 1 0 1 1974 0 1 0 0
313560 515353 0 1 1 0 1120 0 1 0
224641 501645 0 1 1 0 102 0 1 0
46653 493837 0 1 1 0 1099 0 1 0
491895 495710 0 1 1 0 944 0 1 0
46701 126871 0 1 1 0 1589 0 1 0
224976 501645 0 1 1 0 122 0 1 0
46897 453876 1 0 1 347 0 1 0 0
47694 512991 1 0 1 928 0 1 0 0
404059 494262 0 1 1 0 346 0 1 0
493334 494900 0 1 1 0 66 0 1 0
493716 494508 1 0 1 248 0 1 0 0
315665 448956 1 0 1 2616 0 1 0 0
315665 510249 1 0 1 80 0 1 0 0
493911 494271 1 0 1 73 0 1 0 0
493917 494142 1 0 1 43 0 1 0 0
493955 503698 1 0 1 2232 0 1 0 0
493955 507768 1 0 1 3345 0 1 0 0
493955 514946 1 0 1 5329 0 1 0 0
493955 517960 1 0 1 6265 0 1 0 0
494015 510990 0 1 1 0 944 0 1 0
494262 494711 1 0 1 89 0 1 0 0
494435 494503 1 0 1 16 0 1 0 0
405626 499168 0 1 1 0 1267 0 1 0
138621 495098 1 0 1 146 0 1 0 0
494841 507800 1 0 1 3173 0 1 0 0
494853 495167 0 1 1 0 329 0 1 0
49708 49732 1 0 1 21 0 1 0 0
495018 495737 1 0 1 134 0 1 0 0
495167 497540 1 0 1 522 0 1 0 0
50034 503198 1 0 1 1932 0 1 0 0
495583 495676 1 0 1 20 0 1 0 0
495724 496467 1 0 1 178 0 1 0 0
495724 497352 0 1 1 0 58 0 1 0
495796 496576 1 0 1 178 0 1 0 0
495796 497180 1 0 1 316 0 1 0 0
495796 497617 1 0 1 408 0 1 0 0
50908 503279 0 1 1 0 4883 0 1 0
496215 496337 1 0 1 25 0 1 0 0
496215 496353 1 0 1 28 0 1 0 0
496215 496396 1 0 1 44 0 1 0 0
496215 496458 1 0 1 56 0 1 0 0
496215 496564 1 0 1 75 0 1 0 0
496215 496618 1 0 1 86 0 1 0 0
496215 497514 1 0 1 281 0 1 0 0
496215 497524 1 0 1 284 0 1 0 0
496215 498099 1 0 1 415 0 1 0 0
496215 498509 1 0 1 511 0 1 0 0
496215 500434 1 0 1 942 0 1 0 0
496215 501137 1 0 1 1116 0 1 0 0
496215 501606 1 0 1 1232 0 1 0 0
496215 504919 1 0 1 2093 0 1 0 0
496215 506411 1 0 1 2484 0 1 0 0
496215 506605 1 0 1 2531 0 1 0 0
496215 507053 1 0 1 2659 0 1 0 0
496215 508273 1 0 1 3032 0 1 0 0
496215 508902 1 0 1 3185 0 1 0 0
496215 512347 1 0 1 4116 0 1 0 0
496215 514144 1 0 1 4644 0 1 0 0
496447 496580 1 0 1 24 0 1 0 0
51452 55541 1 0 1 241 0 1 0 0
51452 507135 1 0 1 116 0 1 0 0
496662 503611 1 0 1 1596 0 1 0 0
51689 141983 1 0 1 258 0 1 0 0
496911 497377 1 0 1 101 0 1 0 0
497025 504904 1 0 1 1906 0 1 0 0
497133 497206 1 0 1 13 0 1 0 0
52159 52184 1 0 1 826 0 1 0 0
497482 513106 1 0 1 4061 0 1 0 0
497650 502372 1 0 1 1072 0 1 0 0
498010 498011 0 1 1 0 67 0 1 0
498058 498297 1 0 1 62 0 1 0 0
498058 501987 1 0 1 901 0 1 0 0
498058 502021 1 0 1 909 0 1 0 0
498058 513944 1 0 1 4185 0 1 0 0
498058 518410 1 0 1 5510 0 1 0 0
141983 510512 0 1 1 0 300 0 1 0
498439 514749 1 0 1 4301 0 1 0 0
498465 499822 0 1 1 0 406 0 1 0
498486 507608 1 0 1 2318 0 1 0 0
53439 503280 1 0 1 97 0 1 0 0
498930 499428 1 0 1 112 0 1 0 0
499025 503481 1 0 1 1012 0 1 0 0
499185 503295 1 0 1 933 0 1 0 0
54200 93720 0 1 1 0 2179 0 1 0
499507 515678 1 0 1 4336 0 1 0 0
499642 508592 1 0 1 2347 0 1 0 0
500000 500253 1 0 1 56 0 1 0 0
500174 500295 1 0 1 24 0 1 0 0
55433 93720 0 1 1 0 1230 0 1 0
500799 500857 1 0 1 17 0 1 0 0
500799 506776 1 0 1 1555 0 1 0 0
500899 508057 2 0 2 578 0 2 0 0
500899 511395 3 0 3 1079 0 3 0 0
500899 515717 1 0 1 176 0 1 0 0
500899 516306 3 0 3 2865 0 3 0 0
500960 501435 1 0 1 183 0 1 0 0
501033 501477 1 0 1 105 0 1 0 0
55908 502704 1 0 1 694 0 1 0 0
501242 506220 1 0 1 1295 0 1 0 0
501645 501713 1 0 1 17 0 1 0 0
501645 501745 1 0 1 23 0 1 0 0
501645 501827 1 0 1 36 0 1 0 0
501645 501836 1 0 1 37 0 1 0 0
501645 501848 1 0 1 40 0 1 0 0
501645 502113 1 0 1 89 0 1 0 0
501645 502220 1 0 1 113 0 1 0 0
501645 502227 1 0 1 116 0 1 0 0
501645 502268 1 0 1 125 0 1 0 0
501645 502559 1 0 1 194 0 1 0 0
501645 502640 1 0 1 211 0 1 0 0
501645 502886 1 0 1 275 0 1 0 0
501645 502969 1 0 1 293 0 1 0 0
501645 503085 1 0 1 319 0 1 0 0
501645 503202 1 0 1 348 0 1 0 0
501645 503386 1 0 1 392 0 1 0 0
501645 503860 1 0 1 594 0 1 0 0
501645 503963 1 0 1 615 0 1 0 0
501645 504083 1 0 1 643 0 1 0 0
501645 504428 1 0 1 731 0 1 0 0
501645 504550 1 0 1 763 0 1 0 0
501645 504874 1 0 1 838 0 1 0 0
501645 505172 1 0 1 921 0 1 0 0
501645 505464 1 0 1 993 0 1 0 0
501645 505734 1 0 1 1062 0 1 0 0
501645 506011 1 0 1 1140 0 1 0 0
501645 506106 1 0 1 1164 0 1 0 0
501645 506111 1 0 1 1164 0 1 0 0
501645 506257 1 0 1 1201 0 1 0 0
501645 506529 1 0 1 1271 0 1 0 0
501645 507149 1 0 1 1452 0 1 0 0
501645 507477 1 0 1 1542 0 1 0 0
501645 507679 1 0 1 1602 0 1 0 0
501645 507759 1 0 1 1745 0 1 0 0
501645 507825 1 0 1 1647 0 1 0 0
501645 507877 1 0 1 1664 0 1 0 0
501645 508181 1 0 1 1768 0 1 0 0
501645 508862 1 0 1 1937 0 1 0 0
501645 509482 1 0 1 2093 0 1 0 0
501645 510185 1 0 1 2262 0 1 0 0
501645 513167 1 0 1 3112 0 1 0 0
501645 513234 1 0 1 3137 0 1 0 0
501645 513799 1 0 1 3305 0 1 0 0
501645 516125 1 0 1 3987 0 1 0 0
501645 516845 1 0 1 4211 0 1 0 0
501645 517972 1 0 1 4552 0 1 0 0
501645 517989 1 0 1 4556 0 1 0 0
501645 518088 1 0 1 4584 0 1 0 0
501645 518102 1 0 1 4585 0 1 0 0
501645 518145 1 0 1 4598 0 1 0 0
501645 518284 1 0 1 4639 0 1 0 0
501645 518416 1 0 1 4673 0 1 0 0
501645 528770 1 0 1 4733 0 1 0 0
501645 528772 1 0 1 4734 0 1 0 0
501645 528952 1 0 1 4780 0 1 0 0
501645 529058 1 0 1 4810 0 1 0 0
501645 529123 1 0 1 4826 0 1 0 0
501645 529127 1 0 1 4828 0 1 0 0
501645 529587 1 0 1 4977 0 1 0 0
501645 529781 1 0 1 5040 0 1 0 0
501645 529993 1 0 1 5105 0 1 0 0
501645 530105 1 0 1 5137 0 1 0 0
501645 530536 1 0 1 5305 0 1 0 0
501645 530556 1 0 1 5316 0 1 0 0
323578 506520 1 0 1 500 0 1 0 0
145796 511456 0 1 1 0 20 0 1 0
412934 529225 1 0 1 123 0 1 0 0
502171 504444 1 0 1 634 0 1 0 0
502177 502859 1 0 1 161 0 1 0 0
502180 505056 1 0 1 416 0 1 0 0
502515 506544 1 0 1 1092 0 1 0 0
57648 110496 1 0 1 1587 0 1 0 0
57648 466090 1 0 1 4158 0 1 0 0
57648 500409 1 0 1 1463 0 1 0 0
146779 166388 1 0 1 17 0 1 0 0
146779 186255 1 0 1 230 0 1 0 0
146779 477571 1 0 1 1190 0 1 0 0
146779 502616 1 0 1 7 0 1 0 0
146779 502636 1 0 1 12 0 1 0 0
146779 502740 1 0 1 38 0 1 0 0
146779 503507 1 0 1 221 0 1 0 0
146779 504001 1 0 1 428 0 1 0 0
146779 518282 1 0 1 4439 0 1 0 0
146779 529497 1 0 1 4748 0 1 0 0
503023 510191 1 0 1 1961 0 1 0 0
503279 505114 1 0 1 543 0 1 0 0
503279 529668 1 0 1 4641 0 1 0 0
503280 507481 0 1 1 0 2427 0 1 0
503494 528873 1 0 1 4345 0 1 0 0
504042 505498 1 0 1 369 0 1 0 0
237016 501645 0 1 1 0 31 0 1 0
326062 502006 0 1 1 0 763 0 1 0
504285 504286 0 1 1 0 138 0 1 0
504514 504543 1 0 1 5 0 1 0 0
504531 505126 1 0 1 153 0 1 0 0
504639 511883 1 0 1 1950 0 1 0 0
504876 505973 1 0 1 295 0 1 0 0
504924 508198 1 0 1 917 0 1 0 0
504924 508231 1 0 1 928 0 1 0 0
504924 509456 1 0 1 1232 0 1 0 0
504924 514237 1 0 1 2571 0 1 0 0
504924 518062 1 0 1 3848 0 1 0 0
504924 528911 1 0 1 3917 0 1 0 0
504924 530456 1 0 1 4412 0 1 0 0
237890 361347 1 0 1 178 0 1 0 0
505155 508134 1 0 1 830 0 1 0 0
60106 72723 0 1 1 0 182 0 1 0
60106 501160 0 1 1 0 820 0 1 0
505449 506308 1 0 1 224 0 1 0 0
505722 505971 1 0 1 73 0 1 0 0
505878 509686 3 0 3 2559 0 3 0 0
417177 506993 0 1 1 0 1988 0 1 0
506224 517809 1 0 1 3312 0 1 0 0
506224 529309 1 0 1 3687 0 1 0 0
506293 507421 1 0 1 317 0 1 0 0
506293 507614 1 0 1 376 0 1 0 0
506293 508001 1 0 1 490 0 1 0 0
506293 512445 1 0 1 1698 0 1 0 0
506293 529277 1 0 1 3664 0 1 0 0
506572 506573 0 1 1 0 808 0 1 0
506865 511140 1 0 1 1164 0 1 0 0
506865 516853 1 0 1 2851 0 1 0 0
61721 510813 0 1 1 0 43 0 1 0
506993 507611 1 0 1 184 0 1 0 0
506993 508419 1 0 1 434 0 1 0 0
507457 510264 1 0 1 749 0 1 0 0
507569 517827 1 0 1 2939 0 1 0 0
240508 510550 0 1 1 0 249 0 1 0
507648 509054 1 0 1 392 0 1 0 0
419290 494669 0 1 1 0 138 0 1 0
508366 508587 1 0 1 55 0 1 0 0
508366 518300 1 0 1 2822 0 1 0 0
63271 117447 0 1 1 0 696 0 1 0
63861 146779 0 1 1 0 1036 0 1 0
64042 93720 0 1 1 0 16 0 1 0
64042 502180 0 1 1 0 31 0 1 0
153262 529974 1 0 1 587 0 1 0 0
509545 529675 1 0 1 2904 0 1 0 0
509593 511363 1 0 1 129 0 1 0 0
64446 113197 1 0 1 270 0 1 0 0
64446 508778 1 0 1 2242 0 1 0 0
64446 530209 1 0 1 5505 0 1 0 0
420692 530538 1 0 1 6161 0 1 0 0
332081 500025 0 1 1 0 20 0 1 0
510270 518165 1 0 1 2321 0 1 0 0
65364 499168 0 1 1 0 101 0 1 0
510713 516798 1 0 1 1779 0 1 0 0
510880 512562 1 0 1 483 0 1 0 0
510880 516403 1 0 1 1616 0 1 0 0
510990 511025 1 0 1 11 0 1 0 0
510990 516549 1 0 1 1631 0 1 0 0
65857 418427 0 1 1 0 1384 0 1 0
511191 512429 1 0 1 363 0 1 0 0
511292 511857 1 0 1 159 0 1 0 0
511596 512087 1 0 1 147 0 1 0 0
66701 500566 0 1 1 0 51 0 1 0
66701 501187 0 1 1 0 51 0 1 0
66703 500566 0 1 1 0 51 0 1 0
66703 501187 0 1 1 0 51 0 1 0
66705 500566 0 1 1 0 51 0 1 0
66705 501187 0 1 1 0 51 0 1 0
66707 500566 0 1 1 0 51 0 1 0
66707 501187 0 1 1 0 51 0 1 0
66709 500566 0 1 1 0 51 0 1 0
66709 501187 0 1 1 0 51 0 1 0
66711 500566 0 1 1 0 51 0 1 0
66711 501187 0 1 1 0 51 0 1 0
66713 500566 0 1 1 0 51 0 1 0
66713 501187 0 1 1 0 51 0 1 0
66715 500566 0 1 1 0 51 0 1 0
66715 501187 0 1 1 0 51 0 1 0
66717 500566 0 1 1 0 51 0 1 0
66717 501187 0 1 1 0 51 0 1 0
66719 500566 0 1 1 0 51 0 1 0
66719 501187 0 1 1 0 51 0 1 0
66721 500566 0 1 1 0 51 0 1 0
66721 501187 0 1 1 0 51 0 1 0
66723 500566 0 1 1 0 51 0 1 0
66723 501187 0 1 1 0 51 0 1 0
66725 500566 0 1 1 0 51 0 1 0
66725 501187 0 1 1 0 51 0 1 0
66727 500566 0 1 1 0 51 0 1 0
66727 501187 0 1 1 0 51 0 1 0
511985 512051 1 0 1 25 0 1 0 0
512187 512549 1 0 1 117 0 1 0 0
512225 516513 1 0 1 1277 0 1 0 0
512586 518346 1 0 1 1733 0 1 0 0
512588 512719 1 0 1 35 0 1 0 0
512588 512826 1 0 1 64 0 1 0 0
512588 512830 1 0 1 64 0 1 0 0
512588 512908 1 0 1 86 0 1 0 0
512588 513122 1 0 1 149 0 1 0 0
512588 513194 1 0 1 168 0 1 0 0
512588 514414 1 0 1 520 0 1 0 0
512588 516636 1 0 1 1193 0 1 0 0
512695 517331 1 0 1 1379 0 1 0 0
513016 513717 1 0 1 59 0 1 0 0
513126 518098 1 0 1 1483 0 1 0 0
513135 513584 1 0 1 130 0 1 0 0
513332 513525 1 0 1 52 0 1 0 0
335578 515353 0 1 1 0 349 0 1 0
68547 93720 0 1 1 0 4261 0 1 0
513778 513948 1 0 1 50 0 1 0 0
514033 529130 1 0 1 1457 0 1 0 0
425037 508047 0 1 1 0 348 0 1 0
514426 515603 1 0 1 348 0 1 0 0
514538 514638 1 0 1 27 0 1 0 0
514538 515671 1 0 1 340 0 1 0 0
514846 515550 1 0 1 226 0 1 0 0
514846 529479 1 0 1 1359 0 1 0 0
514937 516001 1 0 1 329 0 1 0 0
514937 517668 1 0 1 851 0 1 0 0
336965 505473 1 1 2 11 14 1 1 0
515146 515386 1 0 1 76 0 1 0 0
515146 515490 1 0 1 108 0 1 0 0
515261 529372 1 0 1 1198 0 1 0 0
515353 516036 1 0 1 205 0 1 0 0
515353 516545 1 0 1 374 0 1 0 0
515353 517463 1 0 1 661 0 1 0 0
515353 518462 1 0 1 937 0 1 0 0
515353 529629 1 0 1 1247 0 1 0 0
515653 517066 1 0 1 443 0 1 0 0
515692 515761 1 0 1 26 0 1 0 0
515692 518319 1 0 1 804 0 1 0 0
515733 517670 1 0 1 603 0 1 0 0
515733 529839 1 0 1 1196 0 1 0 0
515884 515946 1 0 1 19 0 1 0 0
516215 516288 1 0 1 20 0 1 0 0
71171 204682 1 0 1 487 0 1 0 0
71171 291616 1 0 1 859 0 1 0 0
71171 450118 1 0 1 22 0 1 0 0
71171 500967 2 0 2 40 0 2 0 0
71171 500991 1 0 1 12 0 1 0 0
71171 501117 1 0 1 42 0 1 0 0
71171 501144 1 0 1 48 0 1 0 0
71171 501960 1 0 1 23 0 1 0 0
71171 502169 1 0 1 66 0 1 0 0
71171 505732 1 0 1 1026 0 1 0 0
516472 517179 1 0 1 211 0 1 0 0
517121 518419 1 0 1 383 0 1 0 0
72026 495697 1 0 1 103 0 1 0 0
72056 494669 0 1 1 0 302 0 1 0
72723 509001 1 0 1 138 0 1 0 0
517974 529700 1 0 1 465 0 1 0 0
340995 498922 0 1 1 0 47 0 1 0
340995 512606 0 1 1 0 1484 0 1 0
340995 512635 0 1 1 0 64 0 1 0
340995 512660 0 1 1 0 67 0 1 0
340995 512677 0 1 1 0 70 0 1 0
340995 512771 0 1 1 0 49 0 1 0
340995 514814 0 1 1 0 859 0 1 0
254738 501645 0 1 1 0 94 0 1 0
344006 498033 1 0 1 257 0 1 0 0
344006 504564 1 0 1 1867 0 1 0 0
256661 499168 0 1 1 0 1171 0 1 0
79232 86410 1 0 1 215 0 1 0 0
435490 514948 1 0 1 1 0 1 0 0
436121 501645 0 1 1 0 3643 0 1 0
436531 501645 0 1 1 0 910 0 1 0
169929 501645 0 1 1 0 912 0 1 0
82926 511456 0 1 1 0 70 0 1 0
261292 452795 0 1 1 0 182 0 1 0
261292 495985 0 1 1 0 52 0 1 0
261292 498439 0 1 1 0 290 0 1 0
261292 500118 0 1 1 0 140 0 1 0
261292 513773 0 1 1 0 319 0 1 0
261292 514882 0 1 1 0 162 0 1 0
172271 501645 0 1 1 0 1210 0 1 0
439521 501645 0 1 1 0 5073 0 1 0
172549 506865 0 1 1 0 1553 0 1 0
261779 499168 0 1 1 0 1096 0 1 0
528916 529060 1 0 1 12 0 1 0 0
262161 499168 0 1 1 0 553 0 1 0
529458 530408 0 1 1 0 105 0 1 0
529651 530289 1 0 1 183 0 1 0 0
173490 501645 0 1 1 0 1348 0 1 0
529695 530332 1 0 1 205 0 1 0 0
529755 530065 1 1 2 100 19 1 1 0
530235 530483 1 0 1 96 0 1 0 0
530235 530717 1 0 1 191 0 1 0 0
530235 530822 1 0 1 234 0 1 0 0
353026 510880 0 1 1 0 844 0 1 0
442186 512125 1 0 1 1266 0 1 0 0
443856 492624 0 1 1 0 217 0 1 0
355621 504924 0 1 1 0 1901 0 1 0
177831 490358 2 0 2 1105 0 2 0 0
177831 491410 1 0 1 294 0 0.5 0 0
177831 505007 1 0 1 1981 0 1 0 0
88908 504924 0 1 1 0 1581 0 1 0
