1 1 100 2.00389
2 2 100 1090.08
3 3 100 1202.32
4 4 100 1330.66
5 5 100 1724.76
6 6 100 1783.79
7 7 100 7395.45
8 8 100 7460.07
9 9 100 7531.92
10 10 100 7596.56
11 11 100 7623.2
12 12 100 7661.97
13 13 100 7689.84
14 14 100 7724.24
15 15 100 7750.87
16 16 100 7773.76
17 17 100 7799.04
18 18 100 7819.98
19 19 100 7836.71
20 20 100 7893.98
21 21 100 7911.13
22 22 100 8003.22
23 23 100 8019.74
24 24 100 8033.1
25 25 100 8107.01
26 26 100 8120.04
27 27 100 8133.6
28 28 100 8160
29 29 100 8171.18
30 30 100 8210.14
31 31 100 8217.6
32 32 100 8226.57
33 33 100 8240.35
34 34 100 8244.54
35 35 100 8253.92
36 36 100 8262.95
37 37 100 8283.86
38 38 100 8296.89
39 39 100 8303.71
40 40 100 8310.22
41 41 100 8315.27
42 42 100 8321.11
43 43 100 8326.96
44 44 100 8379.65
45 45 100 8389.84
46 46 100 8396.22
47 47 100 8402.75
48 48 100 8447.63
49 49 100 8452.64
50 50 100 8765.17
