1 1 100 26.8436
2 2 100 41.1611
3 3 100 49.1507
4 4 100 55.6689
5 5 100 61.1064
6 6 100 65.1819
7 7 100 69.4928
8 8 100 73.4359
9 9 100 77.379
10 10 100 80.9541
11 11 100 84.5293
12 12 100 87.8286
13 13 100 88.9206
14 14 100 91.3921
15 15 100 94.066
16 16 100 97.5136
17 17 100 98.8106
18 18 100 100.2
19 19 100 103.039
20 20 100 105.551
21 21 100 107.655
22 22 100 108.676
23 23 100 109.697
24 24 100 110.718
25 25 100 111.739
26 26 100 114.21
27 27 100 116.28
28 28 100 118.751
29 29 100 121.223
30 30 100 123.418
31 31 100 125.89
32 32 100 128.361
33 33 100 129.269
34 34 100 130.361
35 35 100 131.453
36 36 100 133.557
37 37 100 135.661
38 38 100 137.764
39 39 100 139.868
40 40 100 141.879
41 41 100 143.554
42 42 100 145.657
43 43 100 147.474
44 44 100 149.578
45 45 100 151.589
46 46 100 153.693
47 47 100 155.551
48 48 100 157.655
49 49 100 160.265
50 50 100 162.368
