1 1 100 8.23968
2 2 100 10.6477
3 3 100 22.1167
4 4 100 23.1167
5 5 100 26.462
6 6 100 27.5233
7 7 100 35.4817
8 8 100 36.706
9 9 100 46.5334
10 10 100 51.5187
11 11 100 55.1184
12 12 100 57.4831
13 13 100 59.5126
14 14 100 60.667
15 15 100 68.3663
16 16 100 71.5552
17 17 100 72.5553
18 18 100 74.3482
19 19 100 78.5442
20 20 100 81.7515
21 21 100 83.5739
22 22 100 84.596
23 23 100 100.289
24 24 100 110.054
25 25 100 111.146
26 26 100 113.434
27 27 100 114.434
28 28 100 116.343
29 29 100 117.435
30 30 100 122.114
31 31 100 125.437
32 32 100 129.297
33 33 100 131.217
34 34 100 133.32
35 35 100 134.995
36 36 100 143.278
37 37 100 144.689
38 38 100 146.425
39 39 100 148.16
40 40 100 149.896
41 41 100 151.632
42 42 100 153.368
43 43 100 154.776
44 44 100 156.594
45 45 100 158.33
46 46 100 159.79
47 47 100 174.152
48 48 100 179.492
49 49 100 186.626
50 50 100 188.014
