1 1 100 4951.2
2 2 100 5175.59
3 3 100 5287.58
4 4 100 5398.52
5 5 100 5556.04
6 6 100 5606.26
7 7 100 5638.6
8 8 100 5666.89
9 9 100 5699.22
10 10 100 5726.8
11 11 100 5755.35
12 12 100 5784.29
13 13 100 5804.85
14 14 100 5824.83
15 15 100 5846.67
16 16 100 5867.62
17 17 100 5888.45
18 18 100 5909.84
19 19 100 5929.77
20 20 100 5949.18
21 21 100 5966.61
22 22 100 5985.87
23 23 100 6001.6
24 24 100 6018.25
25 25 100 6033.78
26 26 100 6047.04
27 27 100 6059.76
28 28 100 6070.22
29 29 100 6080.79
30 30 100 6089.98
31 31 100 6099.31
32 32 100 6109.88
33 33 100 6119.7
34 34 100 6128.53
35 35 100 6136.55
36 36 100 6144.99
37 37 100 6280.34
38 38 100 6288.14
39 39 100 6297.73
40 40 100 6305
41 41 100 6312.56
42 42 100 6319.62
43 43 100 6327.14
44 44 100 6332.92
45 45 100 6339.53
46 46 100 6372.02
47 47 100 6378.76
48 48 100 6384.41
49 49 100 6389.97
50 50 100 6403.65
