1 1 100 545.704
2 2 100 602.005
3 3 100 655.517
4 4 100 694.312
5 5 100 727.745
6 6 100 760.555
7 7 100 782.983
8 8 100 800.291
9 9 100 815.055
10 10 100 829.114
11 11 100 837.031
12 12 100 844.837
13 13 100 852.642
14 14 100 859.857
15 15 100 866.211
16 16 100 872.034
17 17 100 877.448
18 18 100 882.253
19 19 100 886.931
20 20 100 891.457
21 21 100 895.596
22 22 100 899.539
23 23 100 903.482
24 24 100 907.057
25 25 100 910.632
26 26 100 914.207
27 27 100 917.782
28 28 100 921.357
29 29 100 924.873
30 30 100 928.08
31 31 100 931.287
32 32 100 934.494
33 33 100 937.456
34 34 100 940.388
35 35 100 943.267
36 36 100 946.107
37 37 100 948.946
38 38 100 951.724
39 39 100 954.388
40 40 100 956.982
41 41 100 959.576
42 42 100 962.048
43 43 100 964.519
44 44 100 966.991
45 45 100 969.462
46 46 100 971.933
47 47 100 974.405
48 48 100 976.876
49 49 100 979.096
50 50 100 981.415
