1 1 100 1.09197
2 2 100 2.45985
3 3 100 3.47007
4 4 100 4.83795
5 5 100 6.20583
6 6 100 7.57371
7 7 100 8.94159
8 8 100 10.6773
9 9 100 12.0452
10 10 100 13.9649
11 11 100 16.0788
12 12 100 17.4467
13 13 100 19.7342
14 14 100 35.8021
15 15 100 36.8123
16 16 100 38.3641
17 17 100 41.0477
18 18 100 42.4156
19 19 100 43.7835
20 20 100 46.4389
21 21 100 47.8068
22 22 100 49.1747
23 23 100 50.4812
24 24 100 51.5095
25 25 100 56.9241
26 26 100 58.292
27 27 100 59.6598
28 28 100 61.0277
29 29 100 62.3956
30 30 100 63.7635
31 31 100 65.1314
32 32 100 66.4992
33 33 100 67.8671
34 34 100 69.235
35 35 100 70.6029
36 36 100 72.3387
37 37 100 73.7065
38 38 100 75.0744
39 39 100 81.5926
40 40 100 84.432
41 41 100 85.7999
42 42 100 87.5357
43 43 100 91.1109
44 44 100 92.4788
45 45 100 93.8466
46 46 100 95.2145
47 47 100 96.5824
48 48 100 320.43
49 49 100 322.165
50 50 100 323.533
