1 1 100 624.969
2 2 100 708.766
3 3 100 834.524
4 4 100 854.315
5 5 100 871.786
6 6 100 900.502
7 7 100 915.665
8 8 100 927.692
9 9 100 936.981
10 10 100 946.572
11 11 100 955.908
12 12 100 962.723
13 13 100 984.794
14 14 100 992.818
15 15 100 997.519
16 16 100 1003.06
17 17 100 1016.13
18 18 100 1187.47
19 19 100 1231.55
20 20 100 1235.12
21 21 100 1241.91
22 22 100 1246.45
23 23 100 1252.82
24 24 100 1257.99
25 25 100 1262.62
26 26 100 1282.62
27 27 100 1286.81
28 28 100 1290.09
29 29 100 1293.59
30 30 100 1296.85
31 31 100 1300.83
32 32 100 1309.68
33 33 100 1313.27
34 34 100 1316.73
35 35 100 1319.55
36 36 100 1325.29
37 37 100 1329.97
38 38 100 1332.85
39 39 100 1354.12
40 40 100 1359.07
41 41 100 1361.36
42 42 100 1363.29
43 43 100 1371.18
44 44 100 1374.43
45 45 100 1376.59
46 46 100 1381.38
47 47 100 1384.9
48 48 100 1389.45
49 49 100 1392.33
50 50 100 1395.31
