86 75420 240 0 0
86 639876 0 66 0
96 2181 0 848 0
175 7249 2874 0 0
175 11175 919 0 0
175 64556 312 0 0
175 378828 219 0 0
175 832591 161 0 0
175 835263 854 0 0
207 1861 626 0 0
207 2415 296 0 0
207 3055 275 0 0
207 4409 364 0 0
207 7657 534 0 0
207 9093 1002 0 0
207 12078 450 0 0
207 13574 330 0 0
207 14897 394 0 0
207 145742 58 0 0
207 177472 194 0 0
207 189522 565 0 0
207 213028 253 0 0
207 449475 14 0 0
207 567926 321 0 0
207 592114 1019 0 0
207 624825 207 0 0
207 839997 23 0 0
207 840975 1099 0 0
207 847141 815 0 0
276 839185 1206 0 0
302 1114 27 0 0
302 18733 26 0 0
302 23044 9 0 0
302 134251 6 0 0
302 134260 14 0 0
302 164045 34 0 0
302 170682 36 0 0
302 245444 9 0 0
302 263127 13 0 0
302 316925 10 0 0
302 430867 7 0 0
302 779247 22 0 0
302 780035 16 0 0
302 782299 41 0 0
302 814805 11 0 0
302 830029 43 0 0
302 831193 6 0 0
302 831202 7 0 0
302 831206 8 0 0
302 831222 10 0 0
302 831249 16 0 0
302 831291 23 0 0
302 831303 24 0 0
302 831322 27 0 0
302 831342 30 0 0
302 831429 45 0 0
302 831455 51 0 0
302 831468 55 0 0
322 4361 0 217 0
322 4400 0 938 0
322 6995 0 1235 0
322 8285 0 129 0
322 24794 0 899 0
322 39521 0 252 0
322 41700 0 1379 0
322 69959 0 35 0
322 88719 0 1089 0
322 96303 0 263 0
322 241335 0 136 0
322 256800 0 159 0
322 263349 0 339 0
322 298568 0 823 0
322 406869 0 307 0
322 423434 0 89 0
322 442839 0 1116 0
322 445704 0 196 0
322 481568 0 81 0
322 512162 0 134 0
322 565705 0 94 0
322 571697 0 147 0
322 604802 0 405 0
322 683899 0 857 0
322 715047 0 1398 0
322 737871 0 156 0
322 779236 0 1188 0
322 796660 0 140 0
322 807043 0 572 0
322 816078 0 249 0
322 817792 0 367 0
322 817957 0 378 0
322 824193 0 137 0
322 826384 0 879 0
322 826891 0 1148 0
322 826925 0 1133 0
322 827135 0 1048 0
322 827459 0 965 0
322 827908 0 816 0
322 828125 0 748 0
322 828699 0 60 0
322 828789 0 506 0
322 828946 0 458 0
322 829067 0 409 0
322 829104 0 227 0
322 829333 0 317 0
322 830029 0 58 0
322 830246 0 47 0
322 831026 0 526 0
322 839509 0 663 0
322 840630 0 195 0
322 841434 0 769 0
322 841721 0 683 0
322 842154 0 501 0
322 842262 0 456 0
322 842282 0 442 0
322 842321 0 429 0
322 842332 0 392 0
322 842451 0 333 0
322 842454 0 308 0
322 842466 0 206 0
322 842814 0 114 0
322 843041 0 41 0
322 843202 0 171 0
322 844023 0 634 0
322 844099 0 798 0
322 844135 0 21 0
322 844198 0 162 0
322 844360 0 66 0
322 844824 0 34 0
322 845082 0 43 0
322 845296 0 105 0
445704 486903 3055 0 0
445704 536478 948 0 0
445704 842447 1817 0 0
535035 538225 13 0 0
1021 639876 0 206 0
1086 639876 0 860 0
446316 639876 0 105 0
1261 12559 1570 317 0
1261 13125 0 703 0
1261 765915 0 323 0
1465 748901 0 426 0
1465 830120 0 549 0
1662 458216 18 0 0
1662 847724 11 0 0
1662 847731 12 0 0
1662 847962 79 0 0
803144 825531 0 154 0
803151 825531 0 154 0
803153 825531 0 155 0
803155 825531 0 155 0
803157 825531 0 155 0
803159 825531 0 155 0
803161 825531 0 154 0
803163 825531 0 155 0
803165 825531 0 155 0
803167 825531 0 155 0
803169 825531 0 155 0
803171 825531 0 155 0
803173 825531 0 155 0
803175 825531 0 155 0
803177 825531 0 155 0
803179 825531 0 154 0
803183 825531 0 155 0
803185 825531 0 155 0
803187 825531 0 155 0
803189 825531 0 155 0
803191 825531 0 155 0
803193 825531 0 155 0
803195 825531 0 155 0
803197 825531 0 154 0
803199 825531 0 155 0
803203 825531 0 155 0
803205 825531 0 154 0
803207 825531 0 155 0
1842 26632 0 11 0
1861 839997 187 0 0
803257 825531 0 153 0
803259 825531 0 153 0
803267 825531 0 155 0
803269 825531 0 155 0
803271 825531 0 154 0
803273 825531 0 155 0
803275 825531 0 154 0
803290 825531 0 155 0
803294 825531 0 155 0
803298 825531 0 155 0
803307 825531 0 153 0
803309 825531 0 153 0
803357 825531 0 154 0
2011 48783 0 6 0
2011 168413 0 74 0
2011 748901 0 38 0
2091 48783 0 25 0
2091 168413 0 117 0
2091 748901 0 146 0
2091 836040 0 32 0
2181 50622 13 0 0
2415 639876 0 1233 0
803823 825531 0 154 0
803825 825531 0 154 0
803827 825531 0 154 0
2518 821125 0 1915 0
2577 832481 0 269 0
2577 839526 0 190 0
448015 510983 0 18 0
2811 208563 194 0 0
2811 842771 812 0 0
2811 843219 938 0 0
2811 843295 959 0 0
3055 639876 0 9 0
448282 846776 0 344 0
92213 840176 0 57 0
3230 570828 0 287 0
3284 639876 0 232 0
805186 825531 0 154 0
3960 821982 0 1076 0
3965 415526 0 1293 0
93140 831357 0 387 0
4140 669000 0 897 0
4161 828650 116 0 0
4255 12078 1087 0 0
4255 37193 61 0 0
4255 58030 1225 0 0
4255 90686 185 0 0
4255 237985 14 0 0
4255 537533 142 0 0
4255 537769 470 0 0
4255 823048 12 0 0
93310 94537 1890 0 0
93310 151815 1011 0 0
93310 548594 581 0 0
93310 822937 150 0 0
93310 823149 188 0 0
93310 824803 516 0 0
93310 825338 625 0 0
93310 825538 681 0 0
93310 826782 947 0 0
93310 827028 1016 0 0
93310 827639 1151 0 0
93310 830817 1907 0 0
93310 840125 4390 0 0
93310 841230 319 0 0
93310 841792 4808 0 0
449475 639876 0 97 0
4409 639876 0 3176 0
182884 837696 397 0 0
806182 825531 0 157 0
4853 39156 1199 0 0
4853 796502 23 0 0
4853 825857 171 0 0
4946 827717 0 256 0
5150 822059 120 0 0
5221 66883 1209 0 0
5221 278318 13 0 0
5610 570828 0 2560 0
6247 16244 104 0 0
6247 27631 214 0 0
6247 42416 670 0 0
6247 531185 1562 0 0
6611 48783 0 93 0
6611 168413 0 449 0
6611 748901 0 315 0
6611 841229 0 81 0
6837 748901 0 2086 0
6917 42982 46 0 0
7135 748901 0 212 0
7361 639876 0 572 0
7361 825531 0 3456 0
7361 836806 0 692 0
7531 11357 0 479 0
274661 748901 0 816 0
808918 825531 0 161 0
274711 821795 0 1507 0
186118 411418 0 772 0
8504 414234 0 50 0
810201 825531 0 153 0
8996 95028 145 0 0
8996 322495 165 0 0
8996 829191 251 0 0
543417 823428 0 83 0
9252 158180 0 1084 0
810751 825531 0 157 0
810753 825531 0 157 0
810755 825531 0 157 0
810759 825531 0 157 0
810761 825531 0 157 0
98881 835810 0 229 0
9846 639876 0 1140 0
277116 306521 0 398 0
277116 314553 449 0 0
277116 448582 450 0 0
277116 847742 562 0 0
10008 10009 0 995 0
10009 30589 15 0 0
10009 56677 201 0 0
10009 87370 14 0 0
10009 845027 669 0 0
10009 845679 13 0 0
10009 845764 32 0 0
10009 845871 65 0 0
10009 846660 365 0 0
10009 847339 626 0 0
10009 847484 676 0 0
10009 847625 730 0 0
10009 847763 769 0 0
10009 847988 836 0 0
10009 848274 941 0 0
99083 833570 0 174 0
10127 259927 152 0 0
811524 830120 0 29 0
10326 570828 0 3631 0
10686 570828 0 1054 0
277857 426502 1589 0 0
277857 844531 256 0 0
189126 306521 0 22 0
11097 778510 2098 0 0
11119 748901 0 259 0
11357 123569 3680 0 0
11357 305330 21 0 0
11357 819835 176 0 0
11357 833067 597 0 0
11357 838879 2165 0 0
11357 848114 5024 0 0
11464 570828 0 2558 0
456699 570828 0 116 0
11519 411418 0 99 0
813103 815106 217 0 0
813103 823213 219 0 0
813103 832327 483 0 0
813103 838811 2235 0 0
11997 188830 263 0 0
635299 639876 0 282 0
457273 832434 0 689 0
12078 249425 0 291 0
12078 336977 0 2503 0
12078 831473 0 127 0
279471 688725 125 0 0
12565 346049 0 2040 0
12803 765915 0 1132 0
369156 570828 0 5312 0
13125 170213 421 0 0
13125 831471 210 0 0
13125 832986 593 0 0
13125 833830 792 0 0
13400 23184 2453 0 0
13429 28324 0 195 0
13871 831036 0 328 0
13871 833570 248 132 0
14144 35912 0 1 0
14144 841229 0 0 0
14296 841229 0 0 0
281450 570828 0 4690 0
815737 827776 0 64 0
14413 346049 0 756 0
14419 168413 0 83 0
637795 833107 73 0 0
14510 168413 0 86 0
815966 825531 0 151 0
15048 748901 0 1574 0
104278 748901 0 5858 0
15480 340995 58 0 0
105353 570828 0 226 0
639876 811524 330 0 0
639876 837629 94 0 0
639876 837736 120 0 0
639876 837762 425 0 0
639876 837913 427 0 0
639876 838073 202 0 0
639876 838294 269 0 0
639876 838327 277 0 0
639876 838442 314 0 0
639876 838535 338 0 0
639876 838750 404 0 0
639876 838977 468 0 0
639876 839683 671 0 0
639876 840975 1037 0 0
639876 841480 1141 0 0
639876 841646 1180 0 0
639876 841732 1210 0 0
639876 841833 1235 0 0
639876 841886 1253 0 0
639876 841994 1284 0 0
639876 842105 1310 0 0
639876 842553 1433 0 0
639876 842760 1498 0 0
639876 846677 2795 0 0
639876 846766 2826 0 0
283764 570828 0 408 0
461991 832434 0 2433 0
283943 818059 0 363 0
283943 833393 0 412 0
283943 837654 0 1285 0
105973 826662 61 0 0
17210 446795 0 95 0
18028 244206 1724 0 0
196153 824639 110 0 0
196153 835339 2668 0 0
18108 837958 1 0 0
196395 829159 171 0 0
18398 414234 0 1057 0
375087 411418 0 258 0
642299 841127 220 0 0
820542 821888 85 0 0
553535 836806 0 176 0
19487 826815 0 520 0
108615 830264 28 0 0
108615 844956 2338 0 0
108615 845726 2595 0 0
108615 846008 2689 0 0
19735 748901 0 172 0
821151 825861 901 0 0
821641 827997 1328 0 0
821641 839387 124 0 0
821641 840456 450 0 0
376456 669000 0 2914 0
465564 824543 95 0 0
20463 831546 1267 0 0
821887 823521 309 0 0
20595 827470 0 1029 0
821982 823814 323 0 0
821982 823821 327 0 0
821982 824495 468 0 0
733334 822817 0 402 0
644393 832434 0 2515 0
822708 829065 1394 0 0
822817 823058 40 0 0
822817 823245 0 47 0
822817 824343 281 0 0
822817 824911 410 0 0
822817 825600 565 0 0
822817 835274 2889 0 0
822817 835868 3051 0 0
822817 843893 5275 0 0
110671 820180 0 543 0
22004 130954 0 552 0
823428 823999 90 0 0
823428 824643 234 0 0
823428 826592 651 0 0
823428 828565 1136 0 0
823428 832364 2013 0 0
823428 834720 2638 0 0
823428 847511 6441 0 0
22094 49053 0 392 0
823577 836806 0 1768 0
823614 828337 1037 0 0
823614 836545 3093 0 0
823783 824238 91 0 0
823891 840328 4127 0 0
823891 842509 4679 0 0
823891 846994 6169 0 0
824060 826542 323 0 0
824060 834574 2840 0 0
200969 340995 84 0 0
824256 824328 43 0 0
23604 49475 430 0 0
825310 825479 0 6 0
825474 828627 599 0 0
825474 829112 720 0 0
825474 834329 1969 0 0
825474 848048 6059 0 0
825531 826341 196 0 0
825531 826349 196 0 0
825531 826351 196 0 0
825531 826596 220 0 0
825531 843179 4518 0 0
825587 828830 764 0 0
825587 834897 2241 0 0
825732 825877 35 0 0
380672 414234 0 159 0
825890 839341 3382 0 0
469814 639876 0 127 0
736994 845939 1962 0 0
113887 839558 0 736 0
826398 826934 145 0 0
826398 827178 200 0 0
826412 826534 34 0 0
826412 827892 358 0 0
826412 827964 375 0 0
826412 829756 816 0 0
470291 570828 0 205 0
826513 836172 2387 0 0
381310 414234 0 27 0
25182 570828 0 2415 0
203400 261292 431 0 0
203400 459194 577 0 0
292453 639876 0 824 0
826743 827539 194 0 0
826743 827839 260 0 0
826743 827939 285 0 0
827205 828632 343 0 0
827205 829335 515 0 0
827205 835210 1948 0 0
827205 835783 2100 0 0
827205 836250 2228 0 0
827205 837554 2591 0 0
25872 570828 0 1115 0
25975 570828 0 2397 0
827351 827837 111 0 0
827351 828114 174 0 0
827351 828157 186 0 0
827351 828680 327 0 0
26024 748901 0 5849 0
827449 828243 0 87 0
26128 830120 0 798 0
26239 843960 0 103 0
827622 844863 4596 0 0
827713 832458 1114 0 0
827717 828085 82 0 0
827717 829666 478 0 0
827717 829963 545 0 0
827717 833911 1486 0 0
827717 844872 4575 0 0
827717 846898 5286 0 0
827720 827726 1 0 0
827799 841884 3642 0 0
827799 842166 3714 0 0
827850 829575 431 0 0
471751 478111 158 0 0
828032 834991 0 1869 0
471874 826513 0 2264 0
828261 830343 240 0 0
116525 570828 0 3078 0
828896 837261 2101 0 0
116839 570828 0 4565 0
829390 829830 97 0 0
829390 831142 396 0 0
829390 831715 514 0 0
829524 829763 52 0 0
829524 829873 80 0 0
829524 829954 96 0 0
829524 830130 139 0 0
384349 570828 0 3945 0
829596 830573 228 0 0
28324 832422 68 0 0
829763 830130 170 0 0
117447 820180 0 321 0
830060 830113 14 0 0
295873 825977 0 73 0
296026 570828 0 3327 0
830284 830407 24 0 0
830284 838817 2209 0 0
296168 832434 0 4735 0
830532 833090 605 0 0
830612 839375 2285 0 0
118466 158180 0 4296 0
830798 831473 0 37 0
830903 833163 665 0 0
830903 837541 1892 0 0
831036 833570 576 0 0
831103 844381 3605 0 0
831364 831373 2 0 0
831473 831540 64 0 0
831473 831829 78 0 0
832206 833826 407 0 0
832206 834694 181 0 0
832206 835771 455 0 0
832206 844940 3068 0 0
298054 570828 0 93 0
832311 836611 1149 0 0
832434 833054 170 0 0
832434 833892 375 0 0
832434 838361 1592 0 0
832434 840951 2336 0 0
832434 841282 2414 0 0
832434 841286 2414 0 0
832434 841288 2414 0 0
832434 841290 2414 0 0
832434 841292 2414 0 0
832434 841294 2414 0 0
832434 841296 2414 0 0
832434 841298 2414 0 0
832434 841300 2414 0 0
832434 841302 2414 0 0
832434 841304 2414 0 0
832434 841306 2414 0 0
832434 841308 2414 0 0
832434 841310 2414 0 0
832434 841312 2414 0 0
832434 841314 2414 0 0
832434 841316 2414 0 0
832434 841318 2414 0 0
832434 841320 2414 0 0
832434 841322 2414 0 0
832434 841324 2414 0 0
832434 841326 2414 0 0
832434 841328 2414 0 0
832434 841330 2414 0 0
832434 841332 2414 0 0
832434 841334 2414 0 0
832434 841336 2414 0 0
832434 841338 2414 0 0
832434 841340 2414 0 0
832434 841342 2414 0 0
832434 841344 2414 0 0
832434 841346 2414 0 0
832434 841348 2414 0 0
832434 841350 2414 0 0
832434 841352 2414 0 0
832434 841354 2414 0 0
832434 841356 2414 0 0
832434 841358 2414 0 0
832434 841360 2414 0 0
832434 841362 2414 0 0
832434 841364 2414 0 0
832434 841366 2414 0 0
832434 841368 2414 0 0
832434 841370 2414 0 0
832434 841372 2414 0 0
832434 841374 2414 0 0
832434 841376 2414 0 0
832434 841413 2428 0 0
832434 841419 2430 0 0
832434 841441 2435 0 0
832434 841460 2438 0 0
832434 841476 2444 0 0
832434 841495 2447 0 0
832434 841498 2448 0 0
832434 841523 2455 0 0
832434 841536 2456 0 0
832434 841620 2476 0 0
832434 841639 2483 0 0
832434 841642 2483 0 0
832434 841664 2491 0 0
832434 841668 2493 0 0
832434 841712 2507 0 0
832434 841722 2511 0 0
832434 841730 2514 0 0
832434 841782 2528 0 0
832434 841784 2528 0 0
832434 841835 2539 0 0
832434 841956 2579 0 0
832434 842221 2645 0 0
832434 842326 2753 0 0
832434 842516 2725 0 0
832434 842703 2785 0 0
832434 842709 2788 0 0
832434 842802 2813 0 0
832434 842806 2813 0 0
832434 842919 2843 0 0
832434 842998 2863 0 0
832434 843062 2885 0 0
832434 843070 2886 0 0
832434 843152 2915 0 0
832434 843348 2971 0 0
832434 843388 2980 0 0
832434 843390 2981 0 0
832434 843621 3052 0 0
832434 843661 3065 0 0
832434 843692 3076 0 0
832434 843730 3088 0 0
832434 844136 3224 0 0
832434 844573 3374 0 0
832434 844958 3495 0 0
832434 846241 3933 0 0
832434 846381 3991 0 0
832434 846535 4040 0 0
832434 846551 4048 0 0
832434 846595 4068 0 0
832434 846837 4157 0 0
832434 847098 4266 0 0
832434 847997 4567 0 0
832683 842916 2991 0 0
31328 825220 0 3446 0
298568 458454 3001 0 0
832843 833073 58 0 0
298610 846078 4750 0 0
31618 848399 3153 0 0
31814 164466 0 430 0
566147 821056 1925 0 0
121103 570828 0 2676 0
833434 841434 0 66 0
833570 835095 226 0 0
833570 836063 479 0 0
833720 833894 49 0 0
833817 833960 47 0 0
834094 839477 1484 0 0
299942 778015 8 0 0
834385 843000 2454 0 0
478393 592526 1670 0 0
478393 768725 145 0 0
478393 823126 54 0 0
478393 824842 393 0 0
478393 832908 2280 0 0
478393 840040 4235 0 0
300431 833013 168 0 0
122428 836806 0 36 0
834761 842255 2035 0 0
834810 836623 491 0 0
834814 842506 1991 0 0
33498 266514 28 0 0
33498 846265 1857 0 0
33513 44596 16 0 0
33513 845742 971 0 0
745909 826505 650 0 0
835221 835290 18 0 0
835221 835440 59 0 0
835422 835610 46 135 0
835661 841197 1549 0 0
835778 835939 43 0 0
835778 835996 58 0 0
835778 836024 68 0 0
835778 836053 74 0 0
835810 837949 591 0 0
212559 823850 157 0 0
34489 570828 0 572 0
835890 837789 525 0 0
835958 842360 1755 0 0
34635 105973 44 0 0
123778 633092 0 262 0
34837 35912 0 1 0
124364 570828 0 420 0
391601 748901 0 3832 0
836806 836827 7 0 0
836806 836848 14 0 0
836806 836880 21 0 0
836806 836899 25 0 0
836806 836911 27 0 0
836806 836930 31 0 0
836806 836932 32 0 0
836806 836945 35 0 0
836806 836964 39 0 0
836806 836993 40 0 0
836806 837008 46 0 0
836806 837191 102 0 0
836806 837226 111 0 0
836806 837362 147 0 0
836806 837442 168 0 0
836806 837448 169 0 0
836806 837496 181 0 0
836806 837533 193 0 0
836806 837627 223 0 0
836806 837960 307 0 0
836806 838081 336 0 0
836806 838416 434 0 0
836806 838453 449 0 0
836806 838682 517 0 0
836806 838718 526 0 0
836806 838754 533 0 0
836806 838761 536 0 0
836806 838783 540 0 0
836806 838928 582 0 0
836806 839167 645 0 0
836806 839299 687 0 0
836806 839367 703 0 0
836806 839884 871 0 0
836806 839897 874 0 0
836806 839989 903 0 0
836806 840102 933 0 0
836806 840412 1024 0 0
836806 840417 1025 0 0
836806 840967 1164 0 0
836806 841048 1182 0 0
836806 841179 1212 0 0
836806 841606 1296 0 0
836806 841697 1326 0 0
836806 842168 1455 0 0
836806 842582 1574 0 0
836806 843044 1702 0 0
836806 843118 1729 0 0
836806 843221 1760 0 0
836806 844463 2163 0 0
836806 844601 2207 0 0
836806 844804 2269 0 0
836806 844836 2284 0 0
836806 845116 2375 0 0
836806 845245 2423 0 0
836806 845941 2643 0 0
836806 845953 2651 0 0
836806 846150 2726 0 0
836806 846292 2778 0 0
836806 847387 3192 0 0
836806 847722 3313 0 0
836847 837021 43 0 0
480704 748901 0 47 0
480704 841229 0 91 0
36080 835592 2364 0 0
36080 838861 3277 0 0
36080 844468 4876 0 0
748901 752099 1870 0 0
748901 764559 1837 0 0
748901 771309 5210 0 0
748901 773043 2449 0 0
748901 792639 88 0 0
748901 811524 16 0 0
748901 823957 180 0 0
748901 824526 303 0 0
748901 824671 337 0 0
748901 825629 554 0 0
748901 826095 663 0 0
748901 829379 1435 0 0
748901 830947 1789 0 0
748901 832336 2103 0 0
748901 836395 3184 0 0
748901 837826 3574 0 0
748901 838537 3768 0 0
748901 845513 5821 0 0
570828 636644 1055 0 0
570828 646683 1262 0 0
570828 731701 1105 0 0
570828 744100 1471 0 0
570828 777218 2825 0 0
570828 789024 1575 0 0
570828 827364 23 0 0
570828 827475 47 0 0
570828 827519 60 0 0
570828 827534 63 0 0
570828 827537 65 0 0
570828 827557 68 0 0
570828 827565 69 0 0
570828 827917 152 0 0
570828 827931 154 0 0
570828 827955 160 0 0
570828 828081 188 0 0
570828 828123 196 0 0
570828 828255 230 0 0
570828 828271 234 0 0
570828 828476 293 0 0
570828 828512 303 0 0
570828 828533 311 0 0
570828 828544 313 0 0
570828 828623 333 0 0
570828 828668 343 0 0
570828 828676 347 0 0
570828 828797 382 0 0
570828 828819 388 0 0
570828 828880 405 0 0
570828 829100 452 0 0
570828 829274 493 0 0
570828 829429 534 0 0
570828 829582 567 0 0
570828 829710 596 0 0
570828 829807 614 0 0
570828 830282 729 0 0
570828 830391 750 0 0
570828 830424 759 0 0
570828 830564 795 0 0
570828 830568 796 0 0
570828 830729 828 0 0
570828 830815 843 0 0
570828 830847 851 0 0
570828 830860 854 0 0
570828 831297 948 0 0
570828 831723 1039 0 0
570828 831790 1053 0 0
570828 833042 1378 0 0
570828 833129 1401 0 0
570828 833136 1402 0 0
570828 833209 1423 0 0
570828 833264 1433 0 0
570828 833282 1436 0 0
570828 833437 1475 0 0
570828 833568 1503 0 0
570828 833777 1550 0 0
570828 834316 1701 0 0
570828 834607 1790 0 0
570828 834824 1847 0 0
570828 835176 1933 0 0
570828 835212 1941 0 0
570828 835366 1978 0 0
570828 835657 2055 0 0
570828 835914 2130 0 0
570828 836003 2151 0 0
570828 836090 2176 0 0
570828 836448 2284 0 0
570828 836708 2360 0 0
570828 837029 2443 0 0
570828 837053 2446 0 0
570828 837100 2464 0 0
570828 838003 2702 0 0
570828 838114 2738 0 0
570828 838435 2826 0 0
570828 838615 2881 0 0
570828 838671 2899 0 0
570828 838757 2921 0 0
570828 839107 3019 0 0
570828 839377 3091 0 0
570828 839776 3221 0 0
570828 840312 3377 0 0
570828 840728 3490 0 0
570828 841726 3724 0 0
570828 841944 3785 0 0
570828 842002 3801 0 0
570828 842350 3891 0 0
570828 842485 3925 0 0
570828 844506 4565 0 0
570828 845989 5049 0 0
570828 846416 5210 0 0
570828 847350 5567 0 0
570828 847687 5692 0 0
570828 847806 5722 0 0
570828 847994 5777 0 0
570828 848066 5798 0 0
570828 848213 5856 0 0
125755 827153 0 1886 0
125756 414234 0 1401 0
838154 838155 0 416 0
36947 414234 0 48 0
838366 839664 378 0 0
838427 839191 219 0 0
749412 827850 0 275 0
37193 228788 0 40 0
37193 354632 0 272 0
37193 567843 0 315 0
37193 838636 0 59 0
37193 840573 0 411 0
37200 196153 0 228 0
838597 838857 80 0 0
838597 839216 180 0 0
838636 843366 1297 0 0
838643 839033 109 0 0
838712 839783 105 0 0
838715 839175 118 0 0
37620 843262 4368 0 0
839121 844403 1505 0 0
393963 826542 40 0 0
839421 840215 243 0 0
216446 306521 0 50 0
751028 834683 1473 0 0
840165 846092 1754 0 0
38799 832434 0 2732 0
127848 820180 0 362 0
38809 822708 0 71 0
662222 821982 0 471 0
573302 796816 10 0 0
573302 832666 143 0 0
39171 736512 0 1619 0
217376 263349 0 2955 0
306521 848428 425 0 0
840828 841163 76 0 0
39563 838636 0 0 0
39563 842321 0 429 0
217970 833880 0 711 0
40121 123018 661 0 0
40121 837813 253 0 0
40232 841069 219 0 0
308223 340995 47 0 0
41319 639876 0 843 0
308669 827850 0 35 0
842931 845627 880 0 0
842932 845367 795 0 0
842985 843028 10 0 0
486903 830903 0 2059 0
130954 441184 21 0 0
130954 846461 413 0 0
843337 843460 39 0 0
665492 779085 0 500 0
843637 846275 892 0 0
576570 832434 0 2735 0
131374 830303 1336 0 0
843886 844631 268 0 0
844307 844308 0 180 0
844308 847164 1194 0 0
43084 570828 0 541 0
43527 192438 87 0 0
221611 843911 1753 0 0
132653 748901 0 864 0
845082 846697 570 0 0
845115 845274 58 0 0
845115 846212 371 0 0
845115 847505 860 0 0
400092 832434 0 2854 0
311221 410648 0 348 0
44223 639876 0 2998 0
133272 748901 0 6149 0
667953 826412 0 240 0
846187 848499 835 0 0
134080 414234 0 1543 0
134294 846237 15 0 0
669000 838366 262 0 0
313354 846200 5422 0 0
224408 410648 0 659 0
135471 827717 0 2523 0
46541 414234 0 145 0
46726 415526 0 3241 0
403066 830141 0 375 0
47009 839825 0 696 0
848389 848395 2 0 0
47882 411418 0 4340 0
47914 830319 250 0 0
315423 832698 0 22 0
137361 847726 0 49 0
48783 60945 82 0 0
48783 120728 359 0 0
48783 480704 33 0 0
48783 838537 42 0 0
405263 827717 0 2632 0
138479 714332 0 2023 0
138479 714704 0 121 0
138527 826412 0 50 0
761832 842500 417 0 0
583774 637641 9 0 0
583774 824793 111 0 0
405814 570828 0 445 0
49820 827470 0 987 0
49820 837222 635 0 0
317005 832434 0 3202 0
50172 296144 2708 0 0
50172 836499 2577 0 0
50613 277116 729 0 0
50613 306521 0 156 0
407601 822734 287 0 0
231041 827717 0 2147 0
231065 628338 196 0 0
409437 410206 30 0 0
409437 410214 32 0 0
409437 410259 35 0 0
409437 410307 40 0 0
320591 570828 0 1327 0
676863 836040 0 3693 0
320712 752840 810 0 0
53743 639876 0 164 0
320906 845562 1979 0 0
232231 834991 0 1729 0
54301 827102 49 0 0
143356 821982 0 1729 0
410648 445704 0 704 0
410648 486903 8881 0 0
410648 552683 0 628 0
410648 553017 38 0 0
410648 559003 170 0 0
410648 604802 0 7 0
410648 812762 265 0 0
410648 812772 51 0 0
410648 813103 31 205 0
410648 815565 40 0 0
410648 818756 46 0 0
410648 826357 0 1060 0
410648 829376 391 0 0
410648 829609 19 0 0
410648 830903 0 119 0
410648 832606 710 0 0
410648 832947 803 0 0
410648 833362 904 0 0
410648 839573 2600 0 0
411418 485844 116 0 0
411418 822883 15 0 0
411418 823209 71 0 0
411418 828388 1204 0 0
55828 168413 0 145 0
145083 835661 0 322 0
145742 639876 0 653 0
769047 827717 0 443 0
56960 256662 0 786 0
235152 414234 0 415 0
235536 835302 0 397 0
681134 833964 0 333 0
414234 627167 483 0 0
414234 683973 148 0 0
414234 705111 245 0 0
414234 794842 1850 0 0
414234 841115 260 0 0
414234 843761 986 0 0
414234 845416 1551 0 0
58206 256662 0 1 0
58206 840700 0 1 0
58281 410648 0 2077 0
236722 570828 0 58 0
415526 416411 34 0 0
415526 837170 22 0 0
59498 748901 0 214 0
505046 836972 103 0 0
60604 92835 12 0 0
328394 840795 0 418 0
61407 838785 0 1910 0
150928 832434 0 3928 0
685466 832434 0 3176 0
62365 161944 0 901 0
685983 821056 17 0 0
508141 570828 0 1485 0
241678 570828 0 1455 0
241693 817303 2030 0 0
64126 639876 0 1618 0
421057 834154 0 52 0
65034 203287 0 1857 0
65364 108727 0 26 0
688712 732511 0 1623 0
65475 410648 0 151 0
421938 639876 0 821 0
66701 556833 0 49 0
66703 556833 0 49 0
66705 556833 0 49 0
66707 556833 0 49 0
66709 556833 0 49 0
66711 556833 0 49 0
66713 556833 0 49 0
66715 556833 0 49 0
66717 556833 0 49 0
66719 556833 0 49 0
66721 556833 0 49 0
66723 556833 0 49 0
66725 556833 0 49 0
66727 556833 0 49 0
779085 821982 101 0 0
779098 839880 0 1458 0
779098 842364 0 734 0
779236 839133 1 0 0
67971 639876 0 298 0
603162 822817 0 1664 0
514207 843953 5261 0 0
158180 233758 625 0 0
158180 313479 3239 0 0
158180 431647 140 0 0
158180 458062 3244 0 0
158180 460724 1627 0 0
158180 507572 376 0 0
158180 829603 446 0 0
158180 830562 670 0 0
158180 830647 687 0 0
158180 832498 1796 0 0
158180 833138 1277 0 0
158180 833925 1470 0 0
158180 834301 1573 0 0
158180 837714 2504 0 0
158180 839978 3159 0 0
158180 842972 3941 0 0
247758 414234 0 175 0
336977 487424 126 0 0
70200 127643 0 221 0
515653 517066 2546 0 0
515731 717918 0 154 0
604802 815106 422 0 0
604802 816098 48 0 0
604802 823213 76 0 0
159644 502888 165 0 0
159644 778380 31 0 0
159644 845420 3654 0 0
337792 639876 0 498 0
426867 827713 10 0 0
428182 439213 0 462 0
72238 195014 0 207 0
73562 130954 0 319 0
340995 442839 0 39 0
340995 490960 0 48 0
340995 826906 0 41 0
340995 826926 0 36 0
340995 833509 0 3494 0
340995 836375 0 2443 0
340995 840671 0 84 0
340995 840848 0 49 0
340995 840869 0 52 0
252669 290509 6 0 0
74788 192814 6798 0 0
74788 824709 668 0 0
164466 838231 255 0 0
432313 570828 0 43 0
343328 570828 0 4001 0
343333 841701 233 0 0
610670 840671 0 1142 0
76905 285944 65 0 0
76905 406103 2372 0 0
76905 549087 382 0 0
76905 574652 67 0 0
76905 825152 41 0 0
76905 825870 208 0 0
76905 826060 257 0 0
76905 828894 920 0 0
76905 848451 6452 0 0
77062 340995 615 0 0
344356 830641 1 0 0
166961 843335 0 82 0
78075 130159 0 2726 0
256662 258490 391 0 0
256662 259665 5211 0 0
256662 259772 5231 0 0
256662 260585 5383 0 0
256662 261192 5492 0 0
256662 261779 1375 0 0
256662 262161 885 0 0
256662 263295 231 0 0
256662 399605 473 0 0
256662 417437 1186 0 0
256662 418321 603 0 0
256662 814732 1407 0 0
168413 480704 160 0 0
168465 827799 0 436 0
346623 844390 0 549 0
80842 301384 113 0 0
80842 835446 33 0 0
171153 212486 218 0 0
171153 359803 2397 0 0
171153 544853 1895 0 0
171153 704937 2842 0 0
171153 823346 184 0 0
171153 828707 1374 0 0
171153 830798 1914 0 0
171153 831957 2107 0 0
82926 838636 0 62 0
439213 843354 141 0 0
261292 743905 0 254 0
261292 821151 0 422 0
261292 827611 0 3584 0
261292 829248 0 3181 0
261292 833204 0 281 0
261292 836432 0 1297 0
83661 827717 0 5117 0
529005 840108 0 979 0
796378 825977 0 4960 0
173209 516326 1141 0 0
173297 832434 0 2599 0
85911 827717 0 2077 0
442159 831473 0 25 0
710864 827717 0 5489 0
177086 827717 0 158 0
88493 827799 0 4109 0
444742 823428 0 5146 0
