16 1707 1 0 1 1713 0 1 0 0
16 2941 1 0 1 2576 0 1 0 0
16 4335 1 0 1 4841 0 1 0 0
16 4417 1 0 1 335 0 1 0 0
16 7529 1 0 1 251 0 1 0 0
16 7531 1 0 1 4661 0 1 0 0
16 7915 1 0 1 4251 0 1 0 0
16 9986 1 0 1 3225 0 1 0 0
16 11391 1 0 1 5142 0 1 0 0
16 12888 1 0 1 5155 0 1 0 0
16 14916 1 0 1 2866 0 1 0 0
16 16813 1 0 1 3919 0 1 0 0
16 20831 1 0 1 1457 0 1 0 0
16 23026 1 0 1 3071 0 1 0 0
16 23504 1 0 1 209 0 1 0 0
16 24264 1 0 1 2402 0 1 0 0
16 24676 1 0 1 2244 0 1 0 0
16 25081 1 0 1 99 0 1 0 0
16 28542 1 0 1 5408 0 1 0 0
16 28796 1 0 1 3326 0 1 0 0
16 30320 1 0 1 4431 0 1 0 0
16 33213 1 0 1 4407 0 1 0 0
16 37141 1 0 1 611 0 1 0 0
16 38408 1 0 1 5507 0 1 0 0
16 39559 1 0 1 97 0 1 0 0
16 41293 1 0 1 952 0 1 0 0
16 47571 1 0 1 257 0 1 0 0
16 50500 1 0 1 198 0 1 0 0
16 51305 1 0 1 83 0 1 0 0
16 51801 1 0 1 75 0 1 0 0
16 52264 1 0 1 2946 0 1 0 0
16 59737 1 0 1 1680 0 1 0 0
16 67772 1 0 1 1000 0 1 0 0
16 68250 1 0 1 3409 0 1 0 0
16 70146 1 0 1 6459 0 1 0 0
16 75445 1 0 1 5395 0 1 0 0
16 76594 1 0 1 213 0 1 0 0
16 78555 1 0 1 2509 0 1 0 0
16 79253 1 0 1 5629 0 1 0 0
16 79848 1 0 1 4507 0 1 0 0
16 82678 1 0 1 991 0 1 0 0
16 83933 1 0 1 98 0 1 0 0
16 85857 1 0 1 6058 0 1 0 0
16 86061 1 0 1 592 0 1 0 0
16 87873 1 0 1 2219 0 1 0 0
16 92136 1 0 1 1147 0 1 0 0
16 99120 1 0 1 4887 0 1 0 0
16 103350 1 0 1 171 0 1 0 0
16 104359 1 0 1 4369 0 1 0 0
16 107519 1 0 1 900 0 1 0 0
16 107891 1 0 1 4257 0 1 0 0
16 108127 1 0 1 490 0 1 0 0
16 110064 1 0 1 4176 0 1 0 0
16 110557 1 0 1 2655 0 1 0 0
16 110679 1 0 1 5887 0 1 0 0
16 111037 1 0 1 132 0 1 0 0
16 112800 1 0 1 535 0 1 0 0
16 113576 1 0 1 768 0 1 0 0
16 113918 1 0 1 6379 0 1 0 0
16 117140 1 0 1 5628 0 1 0 0
16 117539 1 0 1 5534 0 1 0 0
16 123502 1 0 1 745 0 1 0 0
16 123778 1 0 1 4607 0 1 0 0
16 125093 1 0 1 40 0 1 0 0
16 128855 1 0 1 459 0 1 0 0
16 130324 1 0 1 2848 0 1 0 0
16 130735 1 0 1 1897 0 1 0 0
16 134221 1 0 1 93 0 1 0 0
16 136317 1 0 1 136 0 1 0 0
16 139312 1 0 1 1844 0 1 0 0
16 141016 1 0 1 2358 0 1 0 0
16 149386 1 0 1 500 0 1 0 0
16 149539 1 0 1 932 0 1 0 0
16 150294 1 0 1 550 0 1 0 0
16 153495 1 0 1 5875 0 1 0 0
16 155726 1 0 1 790 0 1 0 0
16 156806 1 0 1 1330 0 1 0 0
16 159417 1 0 1 3295 0 1 0 0
16 162026 1 0 1 4166 0 1 0 0
16 164912 1 0 1 4564 0 1 0 0
16 170003 1 0 1 3845 0 1 0 0
16 170856 1 0 1 6027 0 1 0 0
16 197634 1 0 1 2575 0 1 0 0
16 200089 1 0 1 4258 0 1 0 0
16 200850 1 0 1 108 0 1 0 0
16 202631 1 0 1 815 0 1 0 0
16 205819 1 0 1 5406 0 1 0 0
16 211174 1 0 1 305 0 1 0 0
16 214731 1 0 1 1001 0 1 0 0
16 215629 1 0 1 525 0 1 0 0
16 223068 1 0 1 149 0 1 0 0
16 228431 1 0 1 1185 0 1 0 0
16 231858 1 0 1 3265 0 1 0 0
16 232182 1 0 1 626 0 1 0 0
16 237046 1 0 1 6454 0 1 0 0
16 237374 1 0 1 1715 0 1 0 0
16 243239 1 0 1 36 0 1 0 0
16 243572 1 0 1 747 0 1 0 0
16 246627 1 0 1 2912 0 1 0 0
16 249826 1 0 1 3719 0 1 0 0
16 255639 1 0 1 29 0 1 0 0
16 256367 1 0 1 54 0 1 0 0
16 260762 1 0 1 407 0 1 0 0
16 267221 1 0 1 5407 0 1 0 0
16 267711 1 0 1 1694 0 1 0 0
16 268190 1 0 1 1403 0 1 0 0
16 268738 1 0 1 700 0 1 0 0
16 270090 1 0 1 82 0 1 0 0
16 270937 1 0 1 1697 0 1 0 0
16 271023 1 0 1 4480 0 1 0 0
16 271483 1 0 1 184 0 1 0 0
16 271791 1 0 1 5563 0 1 0 0
16 273538 1 0 1 170 0 1 0 0
16 276155 1 0 1 1067 0 1 0 0
16 276960 1 0 1 45 0 1 0 0
16 277198 1 0 1 5124 0 1 0 0
16 277464 1 0 1 196 0 1 0 0
16 278348 1 0 1 2136 0 1 0 0
16 279838 1 0 1 3319 0 1 0 0
16 279850 1 0 1 470 0 1 0 0
16 281281 1 0 1 118 0 1 0 0
16 286459 1 0 1 880 0 1 0 0
16 286866 1 0 1 210 0 1 0 0
16 290585 1 0 1 790 0 1 0 0
16 298147 1 0 1 2547 0 1 0 0
16 298193 1 0 1 4635 0 1 0 0
16 298648 1 0 1 6026 0 1 0 0
16 303128 1 0 1 4830 0 1 0 0
16 306759 1 0 1 4033 0 1 0 0
16 308704 1 0 1 2183 0 1 0 0
16 313037 1 0 1 764 0 1 0 0
16 315635 1 0 1 315 0 1 0 0
16 320398 1 0 1 5327 0 1 0 0
16 321071 1 0 1 759 0 1 0 0
16 322191 1 0 1 2434 0 1 0 0
16 324819 1 0 1 166 0 1 0 0
16 332302 1 0 1 5655 0 1 0 0
16 335260 1 0 1 4522 0 1 0 0
16 340076 1 0 1 3263 0 1 0 0
16 341992 1 0 1 175 0 1 0 0
16 342163 1 0 1 198 0 1 0 0
16 350831 1 0 1 453 0 1 0 0
16 357445 1 0 1 96 0 1 0 0
16 360959 1 0 1 1951 0 1 0 0
16 362656 1 0 1 1874 0 1 0 0
16 365653 1 0 1 97 0 1 0 0
16 377932 1 0 1 285 0 1 0 0
16 386366 1 0 1 2654 0 1 0 0
16 392767 1 0 1 2057 0 1 0 0
16 394250 1 0 1 5573 0 1 0 0
16 394934 1 0 1 5534 0 1 0 0
16 399867 1 0 1 606 0 1 0 0
16 401381 1 0 1 4172 0 1 0 0
16 403566 1 0 1 4164 0 1 0 0
16 403649 1 0 1 2530 0 1 0 0
16 404955 1 0 1 1342 0 1 0 0
16 408226 1 0 1 4335 0 1 0 0
16 408530 1 0 1 6318 0 1 0 0
16 409419 1 0 1 526 0 1 0 0
16 415491 1 0 1 521 0 1 0 0
16 432396 1 0 1 2968 0 1 0 0
16 437888 1 0 1 1034 0 1 0 0
16 448952 1 0 1 320 0 1 0 0
16 454957 1 0 1 4923 0 1 0 0
16 464680 1 0 1 2166 0 1 0 0
16 467349 1 0 1 1343 0 1 0 0
16 473627 1 0 1 5758 0 1 0 0
16 474167 1 0 1 3783 0 1 0 0
16 476237 1 0 1 597 0 1 0 0
16 484069 1 0 1 2298 0 1 0 0
16 492762 1 0 1 197 0 1 0 0
16 498135 1 0 1 441 0 1 0 0
16 502359 1 0 1 49 0 1 0 0
16 509605 1 0 1 182 0 1 0 0
16 516004 1 0 1 5294 0 1 0 0
16 518364 1 0 1 4289 0 1 0 0
16 531659 1 0 1 1105 0 1 0 0
16 532716 1 0 1 4513 0 1 0 0
16 539684 1 0 1 39 0 1 0 0
16 546581 1 0 1 4647 0 1 0 0
16 549292 1 0 1 928 0 1 0 0
16 564337 1 0 1 951 0 1 0 0
16 564866 1 0 1 1155 0 1 0 0
16 565511 1 0 1 1337 0 1 0 0
16 573828 1 0 1 135 0 1 0 0
16 574383 1 0 1 919 0 1 0 0
16 579818 1 0 1 270 0 1 0 0
16 581267 1 0 1 62 0 1 0 0
16 581863 1 0 1 226 0 1 0 0
16 584372 1 0 1 35 0 1 0 0
16 584414 1 0 1 43 0 1 0 0
16 584418 1 0 1 43 0 1 0 0
16 584456 1 0 1 54 0 1 0 0
16 584470 1 0 1 56 0 1 0 0
16 584501 1 0 1 64 0 1 0 0
16 584511 1 0 1 68 0 1 0 0
16 584524 1 0 1 71 0 1 0 0
16 584580 1 0 1 82 0 1 0 0
16 584584 1 0 1 82 0 1 0 0
16 584588 1 0 1 83 0 1 0 0
16 584614 1 0 1 90 0 1 0 0
16 584724 1 0 1 115 0 1 0 0
16 584752 1 0 1 121 0 1 0 0
16 584780 1 0 1 129 0 1 0 0
16 584793 1 0 1 135 0 1 0 0
16 584815 1 0 1 141 0 1 0 0
16 584847 1 0 1 147 0 1 0 0
16 584856 1 0 1 150 0 1 0 0
16 584858 1 0 1 150 0 1 0 0
16 584864 1 0 1 152 0 1 0 0
16 584934 1 0 1 167 0 1 0 0
16 584942 1 0 1 170 0 1 0 0
16 584962 1 0 1 172 0 1 0 0
16 585116 1 0 1 210 0 1 0 0
16 585144 1 0 1 220 0 1 0 0
16 585172 1 0 1 225 0 1 0 0
16 585178 1 0 1 227 0 1 0 0
16 585180 1 0 1 227 0 1 0 0
16 585193 1 0 1 231 0 1 0 0
16 585212 1 0 1 236 0 1 0 0
16 585264 1 0 1 248 0 1 0 0
16 585333 1 0 1 268 0 1 0 0
16 585464 1 0 1 304 0 1 0 0
16 585525 1 0 1 316 0 1 0 0
16 585562 1 0 1 322 0 1 0 0
16 585659 1 0 1 344 0 1 0 0
16 585764 1 0 1 371 0 1 0 0
16 585773 1 0 1 375 0 1 0 0
16 585831 1 0 1 389 0 1 0 0
16 585848 1 0 1 393 0 1 0 0
16 585898 1 0 1 404 0 1 0 0
16 585929 1 0 1 411 0 1 0 0
16 585954 1 0 1 419 0 1 0 0
16 586001 1 0 1 432 0 1 0 0
16 586048 1 0 1 444 0 1 0 0
16 586109 1 0 1 463 0 1 0 0
16 586113 1 0 1 464 0 1 0 0
16 586147 1 0 1 471 0 1 0 0
16 586228 1 0 1 493 0 1 0 0
16 586263 1 0 1 503 0 1 0 0
16 586269 1 0 1 504 0 1 0 0
16 586287 1 0 1 509 0 1 0 0
16 586295 1 0 1 511 0 1 0 0
16 586463 1 0 1 559 0 1 0 0
16 586516 1 0 1 573 0 1 0 0
16 586534 1 0 1 578 0 1 0 0
16 586536 1 0 1 578 0 1 0 0
16 586597 1 0 1 599 0 1 0 0
16 586623 1 0 1 606 0 1 0 0
16 586674 1 0 1 619 0 1 0 0
16 586684 1 0 1 622 0 1 0 0
16 586729 1 0 1 634 0 1 0 0
16 586731 1 0 1 635 0 1 0 0
16 586753 1 0 1 640 0 1 0 0
16 586759 1 0 1 641 0 1 0 0
16 586862 1 0 1 665 0 1 0 0
16 586870 1 0 1 667 0 1 0 0
16 586880 1 0 1 670 0 1 0 0
16 586933 1 0 1 689 0 1 0 0
16 587086 1 0 1 726 0 1 0 0
16 587092 1 0 1 728 0 1 0 0
16 587131 1 0 1 741 0 1 0 0
16 587133 1 0 1 743 0 1 0 0
16 587156 1 0 1 750 0 1 0 0
16 587318 1 0 1 788 0 1 0 0
16 587415 1 0 1 810 0 1 0 0
16 587455 1 0 1 819 0 1 0 0
16 587472 1 0 1 823 0 1 0 0
16 587521 1 0 1 831 0 1 0 0
16 587581 1 0 1 848 0 1 0 0
16 587593 1 0 1 853 0 1 0 0
16 587595 1 0 1 853 0 1 0 0
16 587615 1 0 1 858 0 1 0 0
16 587637 1 0 1 952 0 1 0 0
16 587683 1 0 1 880 0 1 0 0
16 587817 1 0 1 913 0 1 0 0
16 587853 1 0 1 922 0 1 0 0
16 588147 1 0 1 990 0 1 0 0
16 588225 1 0 1 1008 0 1 0 0
16 588454 1 0 1 1066 0 1 0 0
16 588555 1 0 1 1090 0 1 0 0
16 588636 1 0 1 1108 0 1 0 0
16 588697 1 0 1 1124 0 1 0 0
16 588738 1 0 1 1133 0 1 0 0
16 588742 1 0 1 1135 0 1 0 0
16 588748 1 0 1 1138 0 1 0 0
16 588900 1 0 1 1155 0 1 0 0
16 588984 1 0 1 1177 0 1 0 0
16 589096 1 0 1 1211 0 1 0 0
16 589202 1 0 1 1241 0 1 0 0
16 589223 1 0 1 1250 0 1 0 0
16 589304 1 0 1 1269 0 1 0 0
16 589328 1 0 1 1274 0 1 0 0
16 589438 1 0 1 1303 0 1 0 0
16 589459 1 0 1 1307 0 1 0 0
16 589522 1 0 1 1326 0 1 0 0
16 589622 1 0 1 1353 0 1 0 0
16 589635 1 0 1 1356 0 1 0 0
16 589677 1 0 1 1366 0 1 0 0
16 589825 1 0 1 1400 0 1 0 0
16 589831 1 0 1 1402 0 1 0 0
16 589833 1 0 1 1403 0 1 0 0
16 590079 1 0 1 1464 0 1 0 0
16 590089 1 0 1 1466 0 1 0 0
16 590097 1 0 1 1467 0 1 0 0
16 590158 1 0 1 1484 0 1 0 0
16 590210 1 0 1 1495 0 1 0 0
16 590225 1 0 1 1499 0 1 0 0
16 590375 1 0 1 1542 0 1 0 0
16 590422 1 0 1 1553 0 1 0 0
16 590518 1 0 1 1578 0 1 0 0
16 590624 1 0 1 1609 0 1 0 0
16 590697 1 0 1 1631 0 1 0 0
16 590709 1 0 1 1634 0 1 0 0
16 590767 1 0 1 1652 0 1 0 0
16 591128 1 0 1 1748 0 1 0 0
16 591183 1 0 1 1761 0 1 0 0
16 591425 1 0 1 1826 0 1 0 0
16 591611 1 0 1 1869 0 1 0 0
16 591703 1 0 1 1890 0 1 0 0
16 591797 1 0 1 1914 0 1 0 0
16 591885 1 0 1 1932 0 1 0 0
16 592229 1 0 1 2028 0 1 0 0
16 592321 1 0 1 2054 0 1 0 0
16 592442 1 0 1 2085 0 1 0 0
16 592480 1 0 1 2105 0 1 0 0
16 592776 1 0 1 2182 0 1 0 0
16 593137 1 0 1 2270 0 1 0 0
16 593294 1 0 1 2313 0 1 0 0
16 593298 1 0 1 2314 0 1 0 0
16 593335 1 0 1 2391 0 1 0 0
16 593406 1 0 1 2584 0 1 0 0
16 593515 1 0 1 2393 0 1 0 0
16 593748 1 0 1 2450 0 1 0 0
16 593774 1 0 1 2460 0 1 0 0
16 593844 1 0 1 2480 0 1 0 0
16 593850 1 0 1 2481 0 1 0 0
16 593871 1 0 1 2487 0 1 0 0
16 594137 1 0 1 2555 0 1 0 0
16 594181 1 0 1 2566 0 1 0 0
16 594348 1 0 1 2622 0 1 0 0
16 594368 1 0 1 2626 0 1 0 0
16 594472 1 0 1 2660 0 1 0 0
16 594548 1 0 1 2689 0 1 0 0
16 594601 1 0 1 2700 0 1 0 0
16 594626 1 0 1 2710 0 1 0 0
16 594632 1 0 1 2712 0 1 0 0
16 594826 1 0 1 2763 0 1 0 0
16 595204 1 0 1 2864 0 1 0 0
16 595268 1 0 1 2875 0 1 0 0
16 595326 1 0 1 2888 0 1 0 0
16 595358 1 0 1 2895 0 1 0 0
16 595412 1 0 1 3021 0 1 0 0
16 595580 1 0 1 2967 0 1 0 0
16 595652 1 0 1 2984 0 1 0 0
16 595719 1 0 1 3002 0 1 0 0
16 596320 1 0 1 3143 0 1 0 0
16 596599 1 0 1 3201 0 1 0 0
16 596841 1 0 1 5948 0 1 0 0
16 597009 1 0 1 3282 0 1 0 0
16 597208 1 0 1 3322 0 1 0 0
16 597303 1 0 1 3343 0 1 0 0
16 597409 1 0 1 3362 0 1 0 0
16 597457 1 0 1 3371 0 1 0 0
16 597693 1 0 1 3418 0 1 0 0
16 597705 1 0 1 3420 0 1 0 0
16 597935 1 0 1 3469 0 1 0 0
16 598326 1 0 1 3549 0 1 0 0
16 598346 1 0 1 3554 0 1 0 0
16 598834 1 0 1 3661 0 1 0 0
16 599005 1 0 1 3695 0 1 0 0
16 599070 1 0 1 3713 0 1 0 0
16 599275 1 0 1 3751 0 1 0 0
16 599428 1 0 1 3781 0 1 0 0
16 599467 1 0 1 3788 0 1 0 0
16 599517 1 0 1 3799 0 1 0 0
16 599541 1 0 1 3806 0 1 0 0
16 599652 1 0 1 3825 0 1 0 0
16 599742 1 0 1 3843 0 1 0 0
16 600090 1 0 1 4214 0 1 0 0
16 600201 1 0 1 3940 0 1 0 0
16 600241 1 0 1 3949 0 1 0 0
16 600259 1 0 1 3954 0 1 0 0
16 600765 1 0 1 4073 0 1 0 0
16 600767 1 0 1 4074 0 1 0 0
16 600875 1 0 1 4098 0 1 0 0
16 601097 1 0 1 4150 0 1 0 0
16 601377 1 0 1 4193 0 1 0 0
16 601434 1 0 1 4206 0 1 0 0
16 601644 1 0 1 4255 0 1 0 0
16 601727 1 0 1 4271 0 1 0 0
16 601817 1 0 1 4291 0 1 0 0
16 602140 1 0 1 4367 0 1 0 0
16 602467 1 0 1 4434 0 1 0 0
16 602565 1 0 1 4461 0 1 0 0
16 602924 1 0 1 4540 0 1 0 0
16 603036 1 0 1 4567 0 1 0 0
16 603138 1 0 1 4595 0 1 0 0
16 603196 1 0 1 4611 0 1 0 0
16 603229 1 0 1 4619 0 1 0 0
16 603327 1 0 1 4636 0 1 0 0
16 603390 1 0 1 4647 0 1 0 0
16 603576 1 0 1 4689 0 1 0 0
16 604003 1 0 1 4740 0 1 0 0
16 604314 1 0 1 4819 0 1 0 0
16 604480 1 0 1 4859 0 1 0 0
16 604853 1 0 1 4930 0 1 0 0
16 605049 1 0 1 4967 0 1 0 0
16 605634 1 0 1 5094 0 1 0 0
16 605661 1 0 1 5101 0 1 0 0
16 605691 1 0 1 5534 0 1 0 0
16 605718 1 0 1 5114 0 1 0 0
16 606136 1 0 1 5209 0 1 0 0
16 606174 1 0 1 5215 0 1 0 0
16 606240 1 0 1 5229 0 1 0 0
16 606334 1 0 1 5255 0 1 0 0
16 606789 1 0 1 5352 0 1 0 0
16 607184 1 0 1 5414 0 1 0 0
16 607287 1 0 1 5429 0 1 0 0
16 607326 1 0 1 5437 0 1 0 0
16 607844 1 0 1 5514 0 1 0 0
16 608263 1 0 1 5583 0 1 0 0
16 608285 1 0 1 5586 0 1 0 0
16 608302 1 0 1 5588 0 1 0 0
16 608419 1 0 1 5607 0 1 0 0
16 608492 1 0 1 5617 0 1 0 0
16 608699 1 0 1 5652 0 1 0 0
16 608889 1 0 1 5690 0 1 0 0
16 609134 1 0 1 5734 0 1 0 0
16 609955 1 0 1 5890 0 1 0 0
16 610178 1 0 1 5934 0 1 0 0
16 610238 1 0 1 6115 0 1 0 0
16 610242 1 0 1 5943 0 1 0 0
16 610435 1 0 1 5977 0 1 0 0
16 610760 1 0 1 6039 0 1 0 0
16 610861 1 0 1 6060 0 1 0 0
16 610884 1 0 1 6065 0 1 0 0
16 611071 1 0 1 6098 0 1 0 0
16 611086 1 0 1 6101 0 1 0 0
16 611199 1 0 1 6120 0 1 0 0
16 611361 1 0 1 6155 0 1 0 0
16 611591 1 0 1 6208 0 1 0 0
16 611742 1 0 1 6243 0 1 0 0
16 612224 1 0 1 6352 0 1 0 0
16 612253 1 0 1 6360 0 1 0 0
16 612809 1 0 1 6469 0 1 0 0
16 613050 1 0 1 6518 0 1 0 0
16 613327 1 0 1 6577 0 1 0 0
16 613431 1 0 1 6600 0 1 0 0
34 104385 0 1 1 0 1499 0 1 0
34 471078 0 1 1 0 17 0 1 0
34 584434 0 1 1 0 18 0 1 0
106 5610 1 0 1 120 0 1 0 0
106 11470 1 0 1 122 0 1 0 0
106 60114 1 0 1 682 0 1 0 0
106 75948 1 0 1 2127 0 1 0 0
106 108127 1 0 1 471 0 1 0 0
106 131743 1 0 1 3492 0 1 0 0
106 189897 1 0 1 287 0 1 0 0
106 227116 1 0 1 3383 0 1 0 0
106 276155 1 0 1 4107 0 1 0 0
106 280075 1 0 1 1635 0 1 0 0
106 305312 1 0 1 988 0 1 0 0
106 363701 1 0 1 165 0 1 0 0
106 563720 1 0 1 343 0 1 0 0
106 593984 1 0 1 160 0 1 0 0
106 596101 1 0 1 745 0 1 0 0
106 596754 1 0 1 883 0 1 0 0
112 102120 1 0 1 1441 0 1 0 0
112 233611 1 0 1 62 0 1 0 0
112 253679 1 0 1 713 0 1 0 0
89188 91706 1 0 1 128 0 1 0 0
188 1529 1 0 1 686 0 1 0 0
188 7249 1 0 1 171 0 1 0 0
188 61855 1 0 1 804 0 1 0 0
188 62849 1 0 1 473 0 1 0 0
188 69739 1 0 1 306 0 1 0 0
188 71714 1 0 1 376 0 1 0 0
188 72943 1 0 1 99 0 1 0 0
188 96394 1 0 1 700 0 1 0 0
188 96835 1 0 1 141 0 1 0 0
188 101423 1 0 1 223 0 1 0 0
188 104072 1 0 1 244 0 1 0 0
188 106340 1 0 1 1093 0 1 0 0
188 113394 1 0 1 399 0 1 0 0
188 114904 1 0 1 427 0 1 0 0
188 119084 1 0 1 105 0 1 0 0
188 127902 1 0 1 83 0 1 0 0
188 141750 1 0 1 690 0 1 0 0
188 167675 1 0 1 866 0 1 0 0
188 186642 1 0 1 1133 0 1 0 0
188 229303 1 0 1 245 0 1 0 0
188 250921 1 0 1 141 0 1 0 0
188 309359 1 0 1 636 0 1 0 0
188 396941 1 0 1 866 0 1 0 0
188 434625 1 0 1 336 0 1 0 0
188 572121 1 0 1 494 0 1 0 0
188 599288 1 0 1 622 0 1 0 0
188 605646 1 0 1 912 0 1 0 0
188 606431 1 0 1 466 0 1 0 0
188 607144 1 0 1 69 0 1 0 0
188 607602 1 0 1 140 0 1 0 0
188 607624 1 0 1 142 0 1 0 0
188 607958 1 0 1 212 0 1 0 0
188 608089 1 0 1 214 0 1 0 0
188 608774 1 0 1 342 0 1 0 0
188 608897 1 0 1 351 0 1 0 0
188 609626 1 0 1 504 0 1 0 0
188 610077 1 0 1 578 0 1 0 0
188 610107 1 0 1 584 0 1 0 0
188 610182 1 0 1 594 0 1 0 0
188 610333 1 0 1 635 0 1 0 0
188 610734 1 0 1 697 0 1 0 0
188 610953 1 0 1 736 0 1 0 0
188 611232 1 0 1 810 0 1 0 0
188 611335 1 0 1 810 0 1 0 0
188 611513 1 0 1 848 0 1 0 0
188 611891 1 0 1 940 0 1 0 0
188 613077 1 0 1 1184 0 1 0 0
188 613193 1 0 1 1210 0 1 0 0
188 613665 1 0 1 1310 0 1 0 0
89254 171241 1 0 1 81 0 1 0 0
222 4262 0 1 1 0 64 0 1 0
89267 104385 0 1 1 0 60 0 1 0
322 16817 0 1 1 0 477 0 1 0
322 74699 0 1 1 0 76 0 1 0
322 351762 0 1 1 0 370 0 1 0
322 395871 0 1 1 0 345 0 1 0
322 436975 0 1 1 0 618 0 1 0
322 555073 0 1 1 0 605 0 1 0
322 559533 0 1 1 0 593 0 1 0
322 569210 0 1 1 0 600 0 1 0
322 602464 0 1 1 0 422 0 1 0
322 602548 0 1 1 0 641 0 1 0
322 603219 0 1 1 0 554 0 1 0
322 604607 0 1 1 0 399 0 1 0
322 604618 0 1 1 0 380 0 1 0
322 605283 0 1 1 0 185 0 1 0
322 605316 0 1 1 0 67 0 1 0
322 605541 0 1 1 0 90 0 1 0
322 606655 0 1 1 0 496 0 1 0
178453 602727 0 1 1 0 457 0 1 0
588 585644 0 1 1 0 1526 0 1 0
89647 104385 0 1 1 0 2035 0 1 0
631 104385 0 1 1 0 375 0 1 0
636 116976 0 1 1 0 1392 0 1 0
89733 104385 0 1 1 0 779 0 1 0
89815 104385 0 1 1 0 2450 0 1 0
89825 104385 0 1 1 0 900 0 1 0
89834 104385 0 1 1 0 2883 0 1 0
179126 181395 0 1 1 0 323 0 1 0
1088 602727 0 1 1 0 1012 0 1 0
90240 104385 0 1 1 0 3060 0 1 0
90248 104385 0 1 1 0 456 0 1 0
90378 104385 0 1 1 0 1667 0 1 0
1465 602727 0 1 1 0 1070 0 1 0
1529 104385 0 1 1 0 2922 0 1 0
1595 585994 0 1 1 0 3348 0 1 0
1595 598016 0 1 1 0 133 0 1 0
90736 104385 0 1 1 0 3259 0 1 0
1826 181395 0 1 1 0 3709 0 1 0
1912 19200 1 0 1 7 0 1 0 0
1916 394638 0 1 1 0 168 0 1 0
447205 578691 1 0 1 809 0 1 0 0
447205 582914 0 1 1 0 8 0 1 0
447205 586678 1 0 1 477 0 1 0 0
447205 587675 1 0 1 733 0 1 0 0
447205 594270 1 0 1 2455 0 1 0 0
2330 104385 0 1 1 0 993 0 1 0
91412 104385 0 1 1 0 1223 0 1 0
2514 104385 0 1 1 0 826 0 1 0
2518 99320 0 1 1 0 3477 0 1 0
180642 611605 1 0 1 886 0 1 0 0
269691 597292 0 1 1 0 2364 0 1 0
2575 104385 0 1 1 0 1805 0 1 0
2577 19785 0 1 1 0 404 0 1 0
2577 69292 0 1 1 0 278 0 1 0
2577 130246 0 1 1 0 457 0 1 0
2577 314144 0 1 1 0 430 0 1 0
2577 557146 0 1 1 0 292 0 1 0
2597 104385 0 1 1 0 2894 0 1 0
91659 104385 0 1 1 0 2704 0 1 0
2625 31201 0 1 1 0 41 0 1 0
2689 104385 0 1 1 0 936 0 1 0
2941 80718 0 1 1 0 3085 0 1 0
91993 104385 0 1 1 0 1895 0 1 0
181066 582914 0 1 1 0 59 0 1 0
3022 608103 2 0 2 2200 0 2 0 0
3108 98269 0 1 1 0 34 0 1 0
181227 590354 0 1 1 0 3095 0 1 0
92196 104385 0 1 1 0 256 0 1 0
3191 104385 0 1 1 0 509 0 1 0
92306 600624 0 1 1 0 19 0 1 0
181395 184848 1 0 1 1112 0 1 0 0
181395 197827 1 0 1 1396 0 1 0 0
181395 214869 1 0 1 985 0 1 0 0
181395 221065 1 0 1 1376 0 1 0 0
181395 235341 1 0 1 3270 0 1 0 0
181395 261510 1 0 1 297 0 1 0 0
181395 273140 1 0 1 409 0 1 0 0
181395 284123 1 0 1 1505 0 1 0 0
181395 356117 1 0 1 3382 0 1 0 0
181395 370190 1 0 1 1950 0 1 0 0
181395 402458 1 0 1 2407 0 1 0 0
181395 410996 1 0 1 555 0 1 0 0
181395 416701 1 0 1 3845 0 1 0 0
181395 454086 1 0 1 1109 0 1 0 0
181395 473763 1 0 1 737 0 1 0 0
181395 534068 1 0 1 2785 0 1 0 0
181395 578145 1 0 1 738 0 1 0 0
181395 594418 1 0 1 20 0 1 0 0
181395 594483 1 0 1 37 0 1 0 0
181395 594536 1 0 1 55 0 1 0 0
181395 594551 1 0 1 62 0 1 0 0
181395 594570 1 0 1 66 0 1 0 0
181395 594597 1 0 1 71 0 1 0 0
181395 594612 1 0 1 74 0 1 0 0
181395 594901 1 0 1 158 0 1 0 0
181395 594909 1 0 1 160 0 1 0 0
181395 594963 1 0 1 173 0 1 0 0
181395 595059 1 0 1 195 0 1 0 0
181395 595172 1 0 1 224 0 1 0 0
181395 595195 1 0 1 232 0 1 0 0
181395 595218 1 0 1 239 0 1 0 0
181395 595265 1 0 1 247 0 1 0 0
181395 595282 1 0 1 251 0 1 0 0
181395 595336 1 0 1 261 0 1 0 0
181395 595352 1 0 1 266 0 1 0 0
181395 595510 1 0 1 316 0 1 0 0
181395 595640 1 0 1 353 0 1 0 0
181395 595812 1 0 1 396 0 1 0 0
181395 595852 1 0 1 408 0 1 0 0
181395 596163 1 0 1 485 0 1 0 0
181395 596349 1 0 1 521 0 1 0 0
181395 596605 1 0 1 574 0 1 0 0
181395 596757 1 0 1 609 0 1 0 0
181395 596920 1 0 1 637 0 1 0 0
181395 596982 1 0 1 649 0 1 0 0
181395 597040 1 0 1 662 0 1 0 0
181395 597307 1 0 1 715 0 1 0 0
181395 597369 1 0 1 727 0 1 0 0
181395 598057 1 0 1 867 0 1 0 0
181395 598147 1 0 1 886 0 1 0 0
181395 598219 1 0 1 898 0 1 0 0
181395 598710 1 0 1 1004 0 1 0 0
181395 599028 1 0 1 1074 0 1 0 0
181395 599189 1 0 1 1107 0 1 0 0
181395 599281 1 0 1 1123 0 1 0 0
181395 599297 1 0 1 1127 0 1 0 0
181395 599567 1 0 1 1181 0 1 0 0
181395 599629 1 0 1 1194 0 1 0 0
181395 599689 1 0 1 1204 0 1 0 0
181395 600401 1 0 1 1357 0 1 0 0
181395 600542 1 0 1 1394 0 1 0 0
181395 600584 1 0 1 1403 0 1 0 0
181395 600622 1 0 1 1413 0 1 0 0
181395 600869 1 0 1 1469 0 1 0 0
181395 600991 1 0 1 1496 0 1 0 0
181395 601874 1 0 1 1679 0 1 0 0
181395 601985 1 0 1 1702 0 1 0 0
181395 602136 1 0 1 1738 0 1 0 0
181395 602625 1 0 1 1847 0 1 0 0
181395 602629 1 0 1 1847 0 1 0 0
181395 602645 1 0 1 1850 0 1 0 0
181395 603205 1 0 1 1985 0 1 0 0
181395 603488 1 0 1 2038 0 1 0 0
181395 603722 1 0 1 2092 0 1 0 0
181395 604380 1 0 1 2205 0 1 0 0
181395 604922 1 0 1 2315 0 1 0 0
181395 605571 1 0 1 2449 0 1 0 0
181395 606046 1 0 1 2563 0 1 0 0
181395 606354 1 0 1 2630 0 1 0 0
181395 606545 1 0 1 2668 0 1 0 0
181395 606592 1 0 1 2682 0 1 0 0
181395 607483 1 0 1 2829 0 1 0 0
181395 609121 1 0 1 3104 0 1 0 0
181395 609311 1 0 1 3136 0 1 0 0
181395 610234 1 0 1 3315 0 1 0 0
181395 610238 1 0 1 3315 0 1 0 0
181395 610840 1 0 1 3428 0 1 0 0
181395 611137 1 0 1 3483 0 1 0 0
181395 612675 1 0 1 3819 0 1 0 0
181395 612843 1 0 1 3845 0 1 0 0
181395 613038 1 0 1 3889 0 1 0 0
181395 613369 1 0 1 3958 0 1 0 0
3505 8104 0 1 1 0 16 0 1 0
3683 52031 0 1 1 0 28 0 1 0
92791 104385 0 1 1 0 1666 0 1 0
3791 5010 1 0 1 61 0 1 0 0
3791 81728 1 0 1 863 0 1 0 0
3791 114527 1 0 1 471 0 1 0 0
3791 118567 1 0 1 74 0 1 0 0
3791 121984 1 0 1 54 0 1 0 0
3791 147125 1 0 1 210 0 1 0 0
3791 302417 1 0 1 609 0 1 0 0
3791 599288 1 0 1 279 0 1 0 0
3791 608736 1 0 1 57 0 1 0 0
3791 608976 1 0 1 107 0 1 0 0
3791 611305 1 0 1 542 0 1 0 0
3856 104385 0 1 1 0 2182 0 1 0
92969 104385 0 1 1 0 1875 0 1 0
93055 104385 0 1 1 0 317 0 1 0
93121 104385 0 1 1 0 3491 0 1 0
93308 104385 0 1 1 0 505 0 1 0
93537 104385 0 1 1 0 28 0 1 0
93554 104385 0 1 1 0 2465 0 1 0
4567 22943 1 0 1 781 0 1 0 0
4789 104385 0 1 1 0 89 0 1 0
5010 104385 0 1 1 0 2391 0 1 0
361435 389736 1 0 1 38 0 1 0 0
361435 422334 1 0 1 1544 0 1 0 0
94373 104385 0 1 1 0 73 0 1 0
94507 104385 0 1 1 0 568 0 1 0
5480 76905 0 1 1 0 1854 0 1 0
94544 104385 0 1 1 0 2008 0 1 0
5610 11694 0 1 1 0 371 0 1 0
5932 600298 0 1 1 0 90 0 1 0
184209 240508 1 0 1 2353 0 1 0 0
95194 97365 1 0 1 4664 0 1 0 0
95194 98210 1 0 1 4765 0 1 0 0
95194 123739 1 0 1 3985 0 1 0 0
95194 193471 1 0 1 2775 0 1 0 0
95194 220155 1 0 1 72 0 1 0 0
95194 335260 1 0 1 4762 0 1 0 0
95194 377952 1 0 1 604 0 1 0 0
95194 584735 1 0 1 414 0 1 0 0
95194 591466 1 0 1 2130 0 1 0 0
95194 592305 1 0 1 2346 0 1 0 0
95194 594068 1 0 1 2833 0 1 0 0
95194 594243 1 0 1 2885 0 1 0 0
95194 595472 1 0 1 3224 0 1 0 0
95194 604675 1 0 1 5192 0 1 0 0
95194 613248 1 0 1 6858 0 1 0 0
95259 104385 0 1 1 0 1027 0 1 0
6384 104385 0 1 1 0 324 0 1 0
6611 593282 0 1 1 0 61 0 1 0
6667 604591 1 0 1 723 0 1 0 0
95744 104385 0 1 1 0 2844 0 1 0
6807 597124 1 0 1 604 0 1 0 0
96003 599273 1 0 1 30 0 1 0 0
96005 104385 0 1 1 0 1272 0 1 0
7060 104385 0 1 1 0 840 0 1 0
7083 104385 0 1 1 0 3142 0 1 0
96145 104385 0 1 1 0 86 0 1 0
96165 104385 0 1 1 0 1539 0 1 0
96183 104385 0 1 1 0 202 0 1 0
7249 287622 0 1 1 0 1641 0 1 0
96335 104385 0 1 1 0 851 0 1 0
363476 588247 1 0 1 195 0 1 0 0
96394 104385 0 1 1 0 2771 0 1 0
7361 181395 0 1 1 0 1138 0 1 0
96614 104385 0 1 1 0 2167 0 1 0
96827 104385 0 1 1 0 171 0 1 0
97005 104385 0 1 1 0 2229 0 1 0
97070 104385 0 1 1 0 444 0 1 0
8104 26617 1 0 1 648 0 1 0 0
8104 85319 1 0 1 479 0 1 0 0
8104 91048 1 0 1 3139 0 1 0 0
8104 111256 1 0 1 2765 0 1 0 0
8104 589492 1 0 1 234 0 1 0 0
8104 590875 1 0 1 309 0 1 0 0
8104 591414 1 0 1 451 0 1 0 0
8104 592741 1 0 1 798 0 1 0 0
8104 593521 1 0 1 1023 0 1 0 0
8104 595446 1 0 1 1549 0 1 0 0
8104 598567 1 0 1 2226 0 1 0 0
8104 604391 1 0 1 3462 0 1 0 0
8104 606232 1 0 1 3855 0 1 0 0
8104 607035 1 0 1 4771 0 1 0 0
8109 67809 1 0 1 2816 0 1 0 0
8109 162121 1 0 1 2432 0 1 0 0
8109 591001 1 0 1 339 0 1 0 0
8109 591139 1 0 1 379 0 1 0 0
8109 595071 1 0 1 1453 0 1 0 0
8109 598474 1 0 1 2203 0 1 0 0
8109 599913 1 0 1 2513 0 1 0 0
8109 605376 1 0 1 3664 0 1 0 0
8112 15854 0 1 1 0 107 0 1 0
97368 104385 0 1 1 0 1626 0 1 0
97511 104385 0 1 1 0 1460 0 1 0
97788 104385 0 1 1 0 2276 0 1 0
9187 25571 1 0 1 91 0 1 0 0
9187 611792 1 0 1 5957 0 1 0 0
9216 104385 0 1 1 0 2531 0 1 0
9261 598693 0 1 1 0 1952 0 1 0
98386 104385 0 1 1 0 1549 0 1 0
9535 104385 0 1 1 0 435 0 1 0
9607 10054 1 0 1 539 0 1 0 0
98842 181395 0 1 1 0 820 0 1 0
9808 104385 0 1 1 0 3461 0 1 0
98850 104385 0 1 1 0 391 0 1 0
98959 104385 0 1 1 0 1676 0 1 0
99129 104385 0 1 1 0 950 0 1 0
99194 115956 0 1 1 0 170 0 1 0
99320 335042 1 0 1 393 0 1 0 0
99320 593654 1 0 1 743 0 1 0 0
10291 57770 1 0 1 864 0 1 0 0
99350 104385 0 1 1 0 312 0 1 0
99423 104385 0 1 1 0 207 0 1 0
99730 104385 0 1 1 0 987 0 1 0
455926 611779 0 1 1 0 153 0 1 0
99783 104385 0 1 1 0 2148 0 1 0
456080 582486 0 1 1 0 2885 0 1 0
99993 104385 0 1 1 0 599 0 1 0
100083 104385 0 1 1 0 723 0 1 0
11060 104385 0 1 1 0 869 0 1 0
11142 89188 0 1 1 0 675 0 1 0
11457 104385 0 1 1 0 3583 0 1 0
11470 11694 0 1 1 0 372 0 1 0
100597 612024 0 1 1 0 328 0 1 0
100633 104385 0 1 1 0 999 0 1 0
100720 104385 0 1 1 0 592 0 1 0
100726 104385 0 1 1 0 3192 0 1 0
100728 104385 0 1 1 0 2197 0 1 0
11694 22638 1 0 1 2095 0 1 0 0
11694 92265 1 0 1 5228 0 1 0 0
11694 132558 1 0 1 2036 0 1 0 0
11694 199347 1 0 1 386 0 1 0 0
11694 589057 1 0 1 182 0 1 0 0
11694 590692 1 0 1 732 0 1 0 0
11694 594691 1 0 1 1709 0 1 0 0
100912 104385 0 1 1 0 1884 0 1 0
11892 104385 0 0 1 0 0 0 0 0
100971 104385 0 1 1 0 1077 0 1 0
546408 592650 1 0 1 246 0 1 0 0
12175 104385 0 1 1 0 2871 0 1 0
101220 104385 0 1 1 0 2179 0 1 0
101391 104385 0 1 1 0 611 0 1 0
101412 104385 0 1 1 0 868 0 1 0
101433 601836 0 1 1 0 1107 0 1 0
101760 104385 0 1 1 0 3043 0 1 0
12760 104385 0 1 1 0 3541 0 1 0
101819 104385 0 1 1 0 631 0 1 0
12940 85460 1 0 1 1928 0 1 0 0
101999 104385 0 1 1 0 3523 0 1 0
102012 104385 0 1 1 0 1091 0 1 0
13057 30824 0 1 1 0 94 0 1 0
102230 104385 0 1 1 0 819 0 1 0
102269 104385 0 1 1 0 1491 0 1 0
102319 104385 0 1 1 0 599 0 1 0
102739 104385 0 1 1 0 849 0 1 0
13723 602727 0 1 1 0 1015 0 1 0
13858 104385 0 1 1 0 1357 0 1 0
102923 104385 0 1 1 0 684 0 1 0
102955 104385 0 1 1 0 956 0 1 0
13982 602727 0 1 1 0 1051 0 1 0
14005 602727 0 1 1 0 1053 0 1 0
14296 593282 0 1 1 0 1 0 1 0
14462 602727 0 1 1 0 52 0 1 0
103549 104385 0 1 1 0 212 0 1 0
370867 604255 1 0 1 3973 0 1 0 0
103867 104385 0 1 1 0 204 0 1 0
104385 104624 1 0 1 2214 0 1 0 0
104385 104707 1 0 1 1677 0 1 0 0
104385 104921 1 0 1 891 0 1 0 0
104385 105061 1 0 1 32 0 1 0 0
104385 105105 1 0 1 799 0 1 0 0
104385 105143 1 0 1 1101 0 1 0 0
104385 105623 1 0 1 701 0 1 0 0
104385 105749 1 0 1 2853 0 1 0 0
104385 105830 1 0 1 556 0 1 0 0
104385 106484 1 0 1 163 0 1 0 0
104385 106502 1 0 1 3292 0 1 0 0
104385 106620 1 0 1 135 0 1 0 0
104385 107288 1 0 1 1868 0 1 0 0
104385 107792 1 0 1 509 0 1 0 0
104385 108115 1 0 1 179 0 1 0 0
104385 108198 1 0 1 1187 0 1 0 0
104385 108434 1 0 1 197 0 1 0 0
104385 108838 1 0 1 2120 0 1 0 0
104385 109035 1 0 1 125 0 1 0 0
104385 109120 1 0 1 2919 0 1 0 0
104385 109316 1 0 1 1968 0 1 0 0
104385 109740 1 0 1 686 0 1 0 0
104385 109778 1 0 1 283 0 1 0 0
104385 109810 1 0 1 399 0 1 0 0
104385 109903 1 0 1 1337 0 1 0 0
104385 110040 1 0 1 1665 0 1 0 0
104385 110920 1 0 1 456 0 1 0 0
104385 111249 1 0 1 3381 0 1 0 0
104385 111333 1 0 1 785 0 1 0 0
104385 111338 1 0 1 2276 0 1 0 0
104385 111389 1 0 1 846 0 1 0 0
104385 111582 1 0 1 203 0 1 0 0
104385 111627 1 0 1 2212 0 1 0 0
104385 112026 1 0 1 1773 0 1 0 0
104385 113051 1 0 1 1575 0 1 0 0
104385 113540 1 0 1 1940 0 1 0 0
104385 113844 1 0 1 455 0 1 0 0
104385 114144 1 0 1 1472 0 1 0 0
104385 114158 1 0 1 813 0 1 0 0
104385 114527 1 0 1 1037 0 1 0 0
104385 115216 1 0 1 1483 0 1 0 0
104385 115503 1 0 1 725 0 1 0 0
104385 115997 1 0 1 772 0 1 0 0
104385 116060 1 0 1 1053 0 1 0 0
104385 116398 1 0 1 1384 0 1 0 0
104385 116504 1 0 1 3453 0 1 0 0
104385 117678 1 0 1 2270 0 1 0 0
104385 118567 1 0 1 2390 0 1 0 0
104385 118986 1 0 1 2546 0 1 0 0
104385 120299 1 0 1 862 0 1 0 0
104385 120613 1 0 1 1036 0 1 0 0
104385 121324 1 0 1 3322 0 1 0 0
104385 121765 1 0 1 578 0 1 0 0
104385 122147 1 0 1 1545 0 1 0 0
104385 122235 1 0 1 21 0 1 0 0
104385 122253 1 0 1 306 0 1 0 0
104385 122266 1 0 1 128 0 1 0 0
104385 123044 1 0 1 399 0 1 0 0
104385 123439 1 0 1 96 0 1 0 0
104385 123449 1 0 1 168 0 1 0 0
104385 123544 1 0 1 2647 0 1 0 0
104385 124554 1 0 1 99 0 1 0 0
104385 124689 1 0 1 696 0 1 0 0
104385 125587 1 0 1 348 0 1 0 0
104385 126447 1 0 1 180 0 1 0 0
104385 127394 1 0 1 2334 0 1 0 0
104385 127473 1 0 1 2004 0 1 0 0
104385 129659 1 0 1 2467 0 1 0 0
104385 131451 1 0 1 543 0 1 0 0
104385 131841 1 0 1 3029 0 1 0 0
104385 132311 1 0 1 2279 0 1 0 0
104385 133213 1 0 1 1408 0 1 0 0
104385 133219 1 0 1 3460 0 1 0 0
104385 134036 1 0 1 98 0 1 0 0
104385 134053 1 0 1 697 0 1 0 0
104385 134151 1 0 1 1755 0 1 0 0
104385 134700 1 0 1 142 0 1 0 0
104385 134896 1 0 1 3392 0 1 0 0
104385 136713 1 0 1 1843 0 1 0 0
104385 137134 1 0 1 2071 0 1 0 0
104385 139190 1 0 1 2264 0 1 0 0
104385 140096 1 0 1 443 0 1 0 0
104385 140441 1 0 1 1437 0 1 0 0
104385 141305 1 0 1 2473 0 1 0 0
104385 142154 1 0 1 1442 0 1 0 0
104385 143340 1 0 1 197 0 1 0 0
104385 144862 1 0 1 2977 0 1 0 0
104385 144905 1 0 1 1348 0 1 0 0
104385 145688 1 0 1 1357 0 1 0 0
104385 145885 1 0 1 2917 0 1 0 0
104385 146030 1 0 1 2279 0 1 0 0
104385 147273 1 0 1 3276 0 1 0 0
104385 147819 1 0 1 1337 0 1 0 0
104385 150455 1 0 1 2735 0 1 0 0
104385 151695 1 0 1 1555 0 1 0 0
104385 151789 1 0 1 589 0 1 0 0
104385 152457 1 0 1 2790 0 1 0 0
104385 152755 1 0 1 460 0 1 0 0
104385 153170 1 0 1 1594 0 1 0 0
104385 153312 1 0 1 355 0 1 0 0
104385 155250 1 0 1 572 0 1 0 0
104385 155477 1 0 1 1036 0 1 0 0
104385 156869 1 0 1 2682 0 1 0 0
104385 157214 1 0 1 103 0 1 0 0
104385 157257 1 0 1 322 0 1 0 0
104385 158028 1 0 1 3060 0 1 0 0
104385 158337 1 0 1 126 0 1 0 0
104385 159436 1 0 1 1343 0 1 0 0
104385 161744 1 0 1 2561 0 1 0 0
104385 162024 1 0 1 868 0 1 0 0
104385 162292 1 0 1 2176 0 1 0 0
104385 162457 1 0 1 1953 0 1 0 0
104385 162694 1 0 1 357 0 1 0 0
104385 164221 1 0 1 3516 0 1 0 0
104385 164515 1 0 1 2745 0 1 0 0
104385 166086 1 0 1 330 0 1 0 0
104385 166977 1 0 1 803 0 1 0 0
104385 167883 1 0 1 3071 0 1 0 0
104385 168995 1 0 1 1567 0 1 0 0
104385 169285 1 0 1 1721 0 1 0 0
104385 170174 1 0 1 3520 0 1 0 0
104385 170985 1 0 1 495 0 1 0 0
104385 171495 1 0 1 2857 0 1 0 0
104385 171507 1 0 1 977 0 1 0 0
104385 172361 1 0 1 2584 0 1 0 0
104385 173065 1 0 1 894 0 1 0 0
104385 173463 1 0 1 450 0 1 0 0
104385 174594 1 0 1 2855 0 1 0 0
104385 174746 1 0 1 1071 0 1 0 0
104385 178508 1 0 1 1693 0 1 0 0
104385 179648 1 0 1 1301 0 1 0 0
104385 180171 1 0 1 1216 0 1 0 0
104385 181066 1 0 1 200 0 1 0 0
104385 182331 1 0 1 683 0 1 0 0
104385 183296 1 0 1 2372 0 1 0 0
104385 184327 1 0 1 1506 0 1 0 0
104385 185017 1 0 1 221 0 1 0 0
104385 185138 1 0 1 2139 0 1 0 0
104385 186364 1 0 1 1293 0 1 0 0
104385 187898 1 0 1 1087 0 1 0 0
104385 193119 1 0 1 1054 0 1 0 0
104385 194061 1 0 1 252 0 1 0 0
104385 195408 1 0 1 730 0 1 0 0
104385 195703 1 0 1 282 0 1 0 0
104385 196668 1 0 1 1594 0 1 0 0
104385 197951 1 0 1 402 0 1 0 0
104385 198541 1 0 1 2038 0 1 0 0
104385 199129 1 0 1 335 0 1 0 0
104385 201754 1 0 1 490 0 1 0 0
104385 202345 1 0 1 1647 0 1 0 0
104385 206631 1 0 1 2040 0 1 0 0
104385 206839 1 0 1 50 0 1 0 0
104385 207897 1 0 1 985 0 1 0 0
104385 208444 1 0 1 1040 0 1 0 0
104385 208906 1 0 1 3320 0 1 0 0
104385 212126 1 0 1 402 0 1 0 0
104385 212172 1 0 1 2254 0 1 0 0
104385 214096 1 0 1 2963 0 1 0 0
104385 217122 1 0 1 1104 0 1 0 0
104385 217124 1 0 1 1104 0 1 0 0
104385 217126 1 0 1 1104 0 1 0 0
104385 217131 1 0 1 1104 0 1 0 0
104385 217133 1 0 1 1105 0 1 0 0
104385 217135 1 0 1 1105 0 1 0 0
104385 217137 1 0 1 1105 0 1 0 0
104385 217139 1 0 1 1104 0 1 0 0
104385 217141 1 0 1 1104 0 1 0 0
104385 217143 1 0 1 1104 0 1 0 0
104385 217145 1 0 1 1105 0 1 0 0
104385 217147 1 0 1 1105 0 1 0 0
104385 217149 1 0 1 1104 0 1 0 0
104385 217151 1 0 1 1105 0 1 0 0
104385 217155 1 0 1 1105 0 1 0 0
104385 217157 1 0 1 1105 0 1 0 0
104385 217159 1 0 1 1105 0 1 0 0
104385 217161 1 0 1 1105 0 1 0 0
104385 217163 1 0 1 1105 0 1 0 0
104385 217165 1 0 1 1105 0 1 0 0
104385 217167 1 0 1 1105 0 1 0 0
104385 217169 1 0 1 1105 0 1 0 0
104385 217171 1 0 1 1105 0 1 0 0
104385 217173 1 0 1 1105 0 1 0 0
104385 217175 1 0 1 1105 0 1 0 0
104385 217177 1 0 1 1105 0 1 0 0
104385 217179 1 0 1 1105 0 1 0 0
104385 217181 1 0 1 1105 0 1 0 0
104385 217183 1 0 1 1105 0 1 0 0
104385 217185 1 0 1 1105 0 1 0 0
104385 217187 1 0 1 1105 0 1 0 0
104385 217189 1 0 1 1105 0 1 0 0
104385 217191 1 0 1 1105 0 1 0 0
104385 217193 1 0 1 1105 0 1 0 0
104385 224416 1 0 1 130 0 1 0 0
104385 227595 1 0 1 708 0 1 0 0
104385 232539 1 0 1 355 0 1 0 0
104385 232578 1 0 1 265 0 1 0 0
104385 232988 1 0 1 1108 0 1 0 0
104385 234095 1 0 1 2026 0 1 0 0
104385 234866 1 0 1 1857 0 1 0 0
104385 235053 1 0 1 662 0 1 0 0
104385 235511 1 0 1 1941 0 1 0 0
104385 236379 1 0 1 1731 0 1 0 0
104385 240251 1 0 1 399 0 1 0 0
104385 241466 1 0 1 756 0 1 0 0
104385 248395 1 0 1 3036 0 1 0 0
104385 248726 1 0 1 2713 0 1 0 0
104385 249226 1 0 1 419 0 1 0 0
104385 255181 1 0 1 840 0 1 0 0
104385 255908 1 0 1 1081 0 1 0 0
104385 256781 1 0 1 1126 0 1 0 0
104385 257700 1 0 1 2482 0 1 0 0
104385 258896 1 0 1 456 0 1 0 0
104385 259350 1 0 1 3007 0 1 0 0
104385 259896 1 0 1 299 0 1 0 0
104385 261693 1 0 1 247 0 1 0 0
104385 263270 1 0 1 490 0 1 0 0
104385 264190 1 0 1 704 0 1 0 0
104385 265030 1 0 1 606 0 1 0 0
104385 266551 1 0 1 2226 0 1 0 0
104385 267097 1 0 1 1672 0 1 0 0
104385 269905 1 0 1 1257 0 1 0 0
104385 272295 1 0 1 1104 0 1 0 0
104385 272985 1 0 1 2973 0 1 0 0
104385 277150 1 0 1 2457 0 1 0 0
104385 281747 1 0 1 3006 0 1 0 0
104385 284496 1 0 1 1655 0 1 0 0
104385 287525 1 0 1 3350 0 1 0 0
104385 289045 1 0 1 1574 0 1 0 0
104385 289452 1 0 1 391 0 1 0 0
104385 292291 1 0 1 3259 0 1 0 0
104385 293055 1 0 1 3029 0 1 0 0
104385 294188 1 0 1 2835 0 1 0 0
104385 294438 1 0 1 2448 0 1 0 0
104385 294876 1 0 1 580 0 1 0 0
104385 295183 1 0 1 314 0 1 0 0
104385 297179 1 0 1 819 0 1 0 0
104385 299952 1 0 1 30 0 1 0 0
104385 300619 1 0 1 558 0 1 0 0
104385 301850 1 0 1 2367 0 1 0 0
104385 303360 1 0 1 175 0 1 0 0
104385 305219 1 0 1 930 0 1 0 0
104385 306886 1 0 1 1498 0 1 0 0
104385 307050 1 0 1 2519 0 1 0 0
104385 308854 1 0 1 2656 0 1 0 0
104385 309908 1 0 1 2377 0 1 0 0
104385 310226 1 0 1 73 0 1 0 0
104385 310245 1 0 1 3487 0 1 0 0
104385 312005 1 0 1 3345 0 1 0 0
104385 313826 1 0 1 2262 0 1 0 0
104385 314281 1 0 1 2863 0 1 0 0
104385 317157 1 0 1 1244 0 1 0 0
104385 317689 1 0 1 1384 0 1 0 0
104385 321637 1 0 1 353 0 1 0 0
104385 323298 1 0 1 49 0 1 0 0
104385 324597 1 0 1 1344 0 1 0 0
104385 324647 1 0 1 973 0 1 0 0
104385 328328 1 0 1 623 0 1 0 0
104385 328918 1 0 1 578 0 1 0 0
104385 329524 1 0 1 209 0 1 0 0
104385 330615 1 0 1 1659 0 1 0 0
104385 330977 1 0 1 584 0 1 0 0
104385 332192 1 0 1 1224 0 1 0 0
104385 332351 1 0 1 1298 0 1 0 0
104385 334631 1 0 1 2146 0 1 0 0
104385 334959 1 0 1 1229 0 1 0 0
104385 336117 1 0 1 3040 0 1 0 0
104385 336290 1 0 1 1544 0 1 0 0
104385 337275 1 0 1 2486 0 1 0 0
104385 339300 1 0 1 876 0 1 0 0
104385 341390 1 0 1 1392 0 1 0 0
104385 341459 1 0 1 142 0 1 0 0
104385 342481 1 0 1 1127 0 1 0 0
104385 346471 1 0 1 308 0 1 0 0
104385 347351 1 0 1 2601 0 1 0 0
104385 348901 1 0 1 3249 0 1 0 0
104385 349504 1 0 1 2961 0 1 0 0
104385 349532 1 0 1 387 0 1 0 0
104385 351126 1 0 1 3149 0 1 0 0
104385 351941 1 0 1 2923 0 1 0 0
104385 352981 1 0 1 1296 0 1 0 0
104385 354506 1 0 1 2857 0 1 0 0
104385 355616 1 0 1 346 0 1 0 0
104385 357233 1 0 1 1626 0 1 0 0
104385 357320 1 0 1 3018 0 1 0 0
104385 358087 1 0 1 409 0 1 0 0
104385 361826 1 0 1 2390 0 1 0 0
104385 362768 1 0 1 1580 0 1 0 0
104385 368412 1 0 1 3185 0 1 0 0
104385 370687 1 0 1 421 0 1 0 0
104385 371834 1 0 1 2462 0 1 0 0
104385 371850 1 0 1 422 0 1 0 0
104385 372019 1 0 1 336 0 1 0 0
104385 372067 1 0 1 1319 0 1 0 0
104385 372145 1 0 1 3303 0 1 0 0
104385 375779 1 0 1 2548 0 1 0 0
104385 376725 1 0 1 1648 0 1 0 0
104385 378071 1 0 1 1060 0 1 0 0
104385 379550 1 0 1 573 0 1 0 0
104385 381283 1 0 1 2744 0 1 0 0
104385 390942 1 0 1 2831 0 1 0 0
104385 391458 1 0 1 462 0 1 0 0
104385 391816 1 0 1 956 0 1 0 0
104385 392427 1 0 1 729 0 1 0 0
104385 394697 1 0 1 2689 0 1 0 0
104385 395846 1 0 1 2062 0 1 0 0
104385 396250 1 0 1 364 0 1 0 0
104385 396356 1 0 1 3099 0 1 0 0
104385 396879 1 0 1 40 0 1 0 0
104385 396897 1 0 1 220 0 1 0 0
104385 397360 1 0 1 717 0 1 0 0
104385 400593 1 0 1 2722 0 1 0 0
104385 404852 1 0 1 358 0 1 0 0
104385 406379 1 0 1 2955 0 1 0 0
104385 412480 1 0 1 2238 0 1 0 0
104385 415543 1 0 1 1523 0 1 0 0
104385 418117 1 0 1 2770 0 1 0 0
104385 422439 1 0 1 660 0 1 0 0
104385 422659 1 0 1 104 0 1 0 0
104385 422920 1 0 1 2915 0 1 0 0
104385 423795 1 0 1 1470 0 1 0 0
104385 425488 1 0 1 1580 0 1 0 0
104385 428365 1 0 1 2308 0 1 0 0
104385 429160 1 0 1 561 0 1 0 0
104385 431481 1 0 1 2884 0 1 0 0
104385 433070 1 0 1 386 0 1 0 0
104385 433989 1 0 1 302 0 1 0 0
104385 436750 1 0 1 3017 0 1 0 0
104385 437069 1 0 1 1603 0 1 0 0
104385 439706 1 0 1 2655 0 1 0 0
104385 444770 1 0 1 677 0 1 0 0
104385 448202 1 0 1 2619 0 1 0 0
104385 451558 1 0 1 126 0 1 0 0
104385 451931 1 0 1 209 0 1 0 0
104385 455930 1 0 1 2822 0 1 0 0
104385 457417 1 0 1 670 0 1 0 0
104385 463893 1 0 1 137 0 1 0 0
104385 465846 1 0 1 3266 0 1 0 0
104385 467267 1 0 1 581 0 1 0 0
104385 467850 1 0 1 2296 0 1 0 0
104385 467868 1 0 1 1953 0 1 0 0
104385 471025 1 0 1 3399 0 1 0 0
104385 472399 1 0 1 1896 0 1 0 0
104385 472702 1 0 1 1612 0 1 0 0
104385 473264 1 0 1 385 0 1 0 0
104385 474979 1 0 1 1653 0 1 0 0
104385 484532 1 0 1 827 0 1 0 0
104385 489874 1 0 1 819 0 1 0 0
104385 492797 1 0 1 3062 0 1 0 0
104385 492933 1 0 1 3558 0 1 0 0
104385 498103 1 0 1 2509 0 1 0 0
104385 562219 1 0 1 1166 0 1 0 0
104385 562841 1 0 1 1755 0 1 0 0
104385 562878 1 0 1 3157 0 1 0 0
104385 573980 1 0 1 114 0 1 0 0
104385 575427 1 0 1 2818 0 1 0 0
104385 577649 1 0 1 510 0 1 0 0
104385 578501 1 0 1 1989 0 1 0 0
104385 580269 1 0 1 1752 0 1 0 0
104385 580618 1 0 1 2804 0 1 0 0
104385 582171 1 0 1 1226 0 1 0 0
104385 585421 1 0 1 365 0 1 0 0
104385 585739 1 0 1 906 0 1 0 0
104385 587088 1 0 1 2159 0 1 0 0
104385 589744 1 0 1 3312 0 1 0 0
104385 590095 1 0 1 2708 0 1 0 0
104385 591303 1 0 1 418 0 1 0 0
104385 593432 1 0 1 49 0 1 0 0
104385 595354 1 0 1 12 0 1 0 0
104385 595993 1 0 1 190 0 1 0 0
104385 596009 1 0 1 14 0 1 0 0
104385 596031 1 0 1 18 0 1 0 0
104385 596033 1 0 1 18 0 1 0 0
104385 596038 1 0 1 19 0 1 0 0
104385 596057 1 0 1 22 0 1 0 0
104385 596059 1 0 1 22 0 1 0 0
104385 596072 1 0 1 28 0 1 0 0
104385 596121 1 0 1 36 0 1 0 0
104385 596143 1 0 1 42 0 1 0 0
104385 596210 1 0 1 52 0 1 0 0
104385 596260 1 0 1 62 0 1 0 0
104385 596262 1 0 1 62 0 1 0 0
104385 596270 1 0 1 64 0 1 0 0
104385 596344 1 0 1 80 0 1 0 0
104385 596361 1 0 1 87 0 1 0 0
104385 596418 1 0 1 97 0 1 0 0
104385 596479 1 0 1 111 0 1 0 0
104385 596505 1 0 1 117 0 1 0 0
104385 596507 1 0 1 117 0 1 0 0
104385 596558 1 0 1 127 0 1 0 0
104385 596575 1 0 1 129 0 1 0 0
104385 596588 1 0 1 132 0 1 0 0
104385 596632 1 0 1 141 0 1 0 0
104385 596636 1 0 1 142 0 1 0 0
104385 596638 1 0 1 142 0 1 0 0
104385 596673 1 0 1 153 0 1 0 0
104385 596688 1 0 1 155 0 1 0 0
104385 596690 1 0 1 157 0 1 0 0
104385 596702 1 0 1 158 0 1 0 0
104385 596726 1 0 1 164 0 1 0 0
104385 596783 1 0 1 173 0 1 0 0
104385 596787 1 0 1 174 0 1 0 0
104385 596834 1 0 1 193 0 1 0 0
104385 596839 1 0 1 186 0 1 0 0
104385 596893 1 0 1 264 0 1 0 0
104385 596905 1 0 1 196 0 1 0 0
104385 597044 1 0 1 223 0 1 0 0
104385 597078 1 0 1 227 0 1 0 0
104385 597119 1 0 1 238 0 1 0 0
104385 597124 1 0 1 704 0 1 0 0
104385 597130 1 0 1 241 0 1 0 0
104385 597153 1 0 1 245 0 1 0 0
104385 597158 1 0 1 246 0 1 0 0
104385 597202 1 0 1 254 0 1 0 0
104385 597248 1 0 1 335 0 1 0 0
104385 597297 1 0 1 275 0 1 0 0
104385 597355 1 0 1 286 0 1 0 0
104385 597383 1 0 1 290 0 1 0 0
104385 597395 1 0 1 292 0 1 0 0
104385 597407 1 0 1 295 0 1 0 0
104385 597446 1 0 1 302 0 1 0 0
104385 597468 1 0 1 307 0 1 0 0
104385 597538 1 0 1 324 0 1 0 0
104385 597566 1 0 1 330 0 1 0 0
104385 597607 1 0 1 335 0 1 0 0
104385 597637 1 0 1 341 0 1 0 0
104385 597724 1 0 1 358 0 1 0 0
104385 597728 1 0 1 358 0 1 0 0
104385 597730 1 0 1 360 0 1 0 0
104385 597758 1 0 1 363 0 1 0 0
104385 597861 1 0 1 390 0 1 0 0
104385 598106 1 0 1 475 0 1 0 0
104385 598145 1 0 1 446 0 1 0 0
104385 598182 1 0 1 453 0 1 0 0
104385 598190 1 0 1 454 0 1 0 0
104385 598305 1 0 1 479 0 1 0 0
104385 598424 1 0 1 502 0 1 0 0
104385 598653 1 0 1 551 0 1 0 0
104385 598722 1 0 1 568 0 1 0 0
104385 598742 1 0 1 575 0 1 0 0
104385 598822 1 0 1 611 0 1 0 0
104385 598872 1 0 1 603 0 1 0 0
104385 598930 1 0 1 614 0 1 0 0
104385 598966 1 0 1 620 0 1 0 0
104385 599001 1 0 1 625 0 1 0 0
104385 599080 1 0 1 648 0 1 0 0
104385 599095 1 0 1 652 0 1 0 0
104385 599150 1 0 1 661 0 1 0 0
104385 599223 1 0 1 675 0 1 0 0
104385 599288 1 0 1 686 0 1 0 0
104385 599303 1 0 1 689 0 1 0 0
104385 599344 1 0 1 696 0 1 0 0
104385 599415 1 0 1 713 0 1 0 0
104385 599453 1 0 1 718 0 1 0 0
104385 599479 1 0 1 724 0 1 0 0
104385 599493 1 0 1 727 0 1 0 0
104385 599531 1 0 1 737 0 1 0 0
104385 599611 1 0 1 757 0 1 0 0
104385 599615 1 0 1 751 0 1 0 0
104385 599638 1 0 1 757 0 1 0 0
104385 599735 1 0 1 774 0 1 0 0
104385 599763 1 0 1 779 0 1 0 0
104385 599793 1 0 1 787 0 1 0 0
104385 599830 1 0 1 798 0 1 0 0
104385 599899 1 0 1 815 0 1 0 0
104385 599972 1 0 1 828 0 1 0 0
104385 600017 1 0 1 837 0 1 0 0
104385 600132 1 0 1 858 0 1 0 0
104385 600147 1 0 1 862 0 1 0 0
104385 600205 1 0 1 874 0 1 0 0
104385 600229 1 0 1 879 0 1 0 0
104385 600250 1 0 1 884 0 1 0 0
104385 600349 1 0 1 906 0 1 0 0
104385 600367 1 0 1 908 0 1 0 0
104385 600384 1 0 1 913 0 1 0 0
104385 600392 1 0 1 936 0 1 0 0
104385 600434 1 0 1 926 0 1 0 0
104385 600447 1 0 1 930 0 1 0 0
104385 600566 1 0 1 959 0 1 0 0
104385 600592 1 0 1 966 0 1 0 0
104385 600644 1 0 1 981 0 1 0 0
104385 600695 1 0 1 990 0 1 0 0
104385 600702 1 0 1 991 0 1 0 0
104385 600724 1 0 1 997 0 1 0 0
104385 600744 1 0 1 1001 0 1 0 0
104385 600800 1 0 1 1015 0 1 0 0
104385 600855 1 0 1 1026 0 1 0 0
104385 600927 1 0 1 1183 0 1 0 0
104385 600936 1 0 1 1044 0 1 0 0
104385 601321 1 0 1 1111 0 1 0 0
104385 601539 1 0 1 1400 0 1 0 0
104385 601723 1 0 1 1203 0 1 0 0
104385 601864 1 0 1 1236 0 1 0 0
104385 601942 1 0 1 1255 0 1 0 0
104385 601976 1 0 1 1260 0 1 0 0
104385 602009 1 0 1 1268 0 1 0 0
104385 602011 1 0 1 1268 0 1 0 0
104385 602047 1 0 1 1276 0 1 0 0
104385 602067 1 0 1 1282 0 1 0 0
104385 602073 1 0 1 1284 0 1 0 0
104385 602094 1 0 1 1290 0 1 0 0
104385 602178 1 0 1 1308 0 1 0 0
104385 602290 1 0 1 1331 0 1 0 0
104385 602428 1 0 1 1361 0 1 0 0
104385 602430 1 0 1 1361 0 1 0 0
104385 602583 1 0 1 1399 0 1 0 0
104385 602638 1 0 1 1410 0 1 0 0
104385 602661 1 0 1 1415 0 1 0 0
104385 602698 1 0 1 1423 0 1 0 0
104385 602721 1 0 1 1429 0 1 0 0
104385 602775 1 0 1 1444 0 1 0 0
104385 602835 1 0 1 1455 0 1 0 0
104385 602915 1 0 1 1471 0 1 0 0
104385 602955 1 0 1 1482 0 1 0 0
104385 603058 1 0 1 1506 0 1 0 0
104385 603072 1 0 1 1510 0 1 0 0
104385 603224 1 0 1 1552 0 1 0 0
104385 603237 1 0 1 1553 0 1 0 0
104385 603252 1 0 1 1555 0 1 0 0
104385 603432 1 0 1 1589 0 1 0 0
104385 603743 1 0 1 1658 0 1 0 0
104385 603863 1 0 1 1665 0 1 0 0
104385 604006 1 0 1 1673 0 1 0 0
104385 604123 1 0 1 1704 0 1 0 0
104385 604173 1 0 1 1715 0 1 0 0
104385 604179 1 0 1 1715 0 1 0 0
104385 604279 1 0 1 1740 0 1 0 0
104385 604337 1 0 1 1794 0 1 0 0
104385 604355 1 0 1 1760 0 1 0 0
104385 604358 1 0 1 1761 0 1 0 0
104385 604459 1 0 1 1787 0 1 0 0
104385 604557 1 0 1 1806 0 1 0 0
104385 604627 1 0 1 1819 0 1 0 0
104385 604640 1 0 1 1822 0 1 0 0
104385 604685 1 0 1 1830 0 1 0 0
104385 604718 1 0 1 1836 0 1 0 0
104385 604748 1 0 1 1840 0 1 0 0
104385 604750 1 0 1 1841 0 1 0 0
104385 604788 1 0 1 1849 0 1 0 0
104385 604828 1 0 1 1858 0 1 0 0
104385 604893 1 0 1 1983 0 1 0 0
104385 604901 1 0 1 1872 0 1 0 0
104385 605044 1 0 1 1899 0 1 0 0
104385 605055 1 0 1 1901 0 1 0 0
104385 605089 1 0 1 1907 0 1 0 0
104385 605127 1 0 1 1916 0 1 0 0
104385 605166 1 0 1 2207 0 1 0 0
104385 605238 1 0 1 1937 0 1 0 0
104385 605240 1 0 1 1938 0 1 0 0
104385 605403 1 0 1 1975 0 1 0 0
104385 605408 1 0 1 1976 0 1 0 0
104385 605460 1 0 1 1988 0 1 0 0
104385 605477 1 0 1 1991 0 1 0 0
104385 605604 1 0 1 2019 0 1 0 0
104385 605620 1 0 1 2023 0 1 0 0
104385 605924 1 0 1 2148 0 1 0 0
104385 605926 1 0 1 2090 0 1 0 0
104385 605980 1 0 1 2273 0 1 0 0
104385 605999 1 0 1 2108 0 1 0 0
104385 606082 1 0 1 2133 0 1 0 0
104385 606101 1 0 1 2794 0 1 0 0
104385 606152 1 0 1 2146 0 1 0 0
104385 606224 1 0 1 2160 0 1 0 0
104385 606230 1 0 1 2161 0 1 0 0
104385 606289 1 0 1 2995 0 1 0 0
104385 606336 1 0 1 2188 0 1 0 0
104385 606429 1 0 1 2217 0 1 0 0
104385 606526 1 0 1 2225 0 1 0 0
104385 606795 1 0 1 2286 0 1 0 0
104385 606936 1 0 1 2531 0 1 0 0
104385 607075 1 0 1 2333 0 1 0 0
104385 607152 1 0 1 2343 0 1 0 0
104385 607909 1 0 1 2457 0 1 0 0
104385 608099 1 0 1 2489 0 1 0 0
104385 608289 1 0 1 2519 0 1 0 0
104385 608486 1 0 1 2549 0 1 0 0
104385 608632 1 0 1 2575 0 1 0 0
104385 608784 1 0 1 2605 0 1 0 0
104385 609023 1 0 1 2649 0 1 0 0
104385 609035 1 0 1 2680 0 1 0 0
104385 609037 1 0 1 2650 0 1 0 0
104385 609183 1 0 1 2682 0 1 0 0
104385 609584 1 0 1 2752 0 1 0 0
104385 609657 1 0 1 2764 0 1 0 0
104385 609726 1 0 1 2773 0 1 0 0
104385 609753 1 0 1 2778 0 1 0 0
104385 609764 1 0 1 2782 0 1 0 0
104385 609838 1 0 1 2801 0 1 0 0
104385 609877 1 0 1 2811 0 1 0 0
104385 609886 1 0 1 2813 0 1 0 0
104385 609901 1 0 1 2815 0 1 0 0
104385 609934 1 0 1 2820 0 1 0 0
104385 610043 1 0 1 2843 0 1 0 0
104385 610059 1 0 1 2848 0 1 0 0
104385 610121 1 0 1 3172 0 1 0 0
104385 610587 1 0 1 2939 0 1 0 0
104385 610721 1 0 1 2964 0 1 0 0
104385 610826 1 0 1 2988 0 1 0 0
104385 611012 1 0 1 3018 0 1 0 0
104385 611112 1 0 1 3040 0 1 0 0
104385 611124 1 0 1 3043 0 1 0 0
104385 611355 1 0 1 3087 0 1 0 0
104385 611417 1 0 1 3099 0 1 0 0
104385 611599 1 0 1 3142 0 1 0 0
104385 611671 1 0 1 3160 0 1 0 0
104385 611740 1 0 1 3176 0 1 0 0
104385 611800 1 0 1 3189 0 1 0 0
104385 611823 1 0 1 3196 0 1 0 0
104385 611882 1 0 1 3213 0 1 0 0
104385 611953 1 0 1 3225 0 1 0 0
104385 611994 1 0 1 3233 0 1 0 0
104385 612020 1 0 1 3238 0 1 0 0
104385 612098 1 0 1 3262 0 1 0 0
104385 612244 1 0 1 3289 0 1 0 0
104385 612589 1 0 1 3364 0 1 0 0
104385 612699 1 0 1 3411 0 1 0 0
104385 612777 1 0 1 3430 0 1 0 0
104385 612878 1 0 1 3412 0 1 0 0
104385 612901 1 0 1 3417 0 1 0 0
104385 613042 1 0 1 3450 0 1 0 0
104385 613068 1 0 1 3455 0 1 0 0
104385 613148 1 0 1 3473 0 1 0 0
104385 613165 1 0 1 3478 0 1 0 0
104385 613245 1 0 1 3495 0 1 0 0
104385 613323 1 0 1 3509 0 1 0 0
104385 613418 1 0 1 3530 0 1 0 0
104385 613428 1 0 1 3532 0 1 0 0
104385 613538 1 0 1 3556 0 1 0 0
104385 613588 1 0 1 3566 0 1 0 0
15369 602727 0 1 1 0 1423 0 1 0
371720 602862 1 0 1 1924 0 1 0 0
15587 30792 1 0 1 363 0 1 0 0
461020 601003 1 0 1 79 0 1 0 0
461020 603056 1 0 1 525 0 1 0 0
15854 91706 1 0 1 461 0 1 0 0
104989 590354 0 1 1 0 678 0 1 0
16170 181395 0 1 1 0 3493 0 1 0
16546 78302 1 0 1 4727 0 1 0 0
16581 19454 0 1 1 0 208 0 1 0
461932 595950 0 1 1 0 133 0 1 0
105783 593379 0 1 1 0 74 0 1 0
16813 181395 0 1 1 0 1338 0 1 0
105982 563248 1 0 1 4650 0 1 0 0
17043 104385 0 1 1 0 678 0 1 0
106112 340995 1 0 1 55 0 1 0 0
195333 229606 0 1 1 0 65 0 1 0
17442 104385 0 1 1 0 3314 0 1 0
17595 591688 1 0 1 178 0 1 0 0
195724 602727 0 1 1 0 1050 0 1 0
196050 602727 0 1 1 0 1097 0 1 0
18028 593117 1 0 1 2612 0 1 0 0
18182 104385 0 1 1 0 2048 0 1 0
197024 529818 0 1 1 0 754 0 1 0
108001 582872 0 1 1 0 281 0 1 0
553252 602727 0 1 1 0 670 0 1 0
19022 22057 1 0 1 8 0 1 0 0
19022 22059 1 0 1 8 0 1 0 0
19022 22061 1 0 1 8 0 1 0 0
19271 25509 1 0 1 518 0 1 0 0
19271 597196 1 0 1 310 0 1 0 0
19273 104385 0 1 1 0 1975 0 1 0
108580 158025 0 1 1 0 464 0 1 0
465086 598143 1 0 1 34 0 1 0 0
465086 598444 1 0 1 93 0 1 0 0
109631 452575 1 0 1 1357 0 1 0 0
110362 502926 1 0 1 130 0 1 0 0
377952 529818 0 1 1 0 1170 0 1 0
110920 115956 0 1 1 0 1312 0 1 0
22021 590407 1 0 1 139 0 1 0 0
22363 607864 1 0 1 612 0 1 0 0
22363 607870 1 0 1 613 0 1 0 0
111818 601581 1 0 1 67 0 1 0 0
111818 606439 1 0 1 1100 0 1 0 0
22943 89188 1 0 1 992 0 1 0 0
22943 612688 0 1 1 0 9 0 1 0
112719 593759 0 1 1 0 1383 0 1 0
380035 602727 0 1 1 0 194 0 1 0
113497 599587 1 0 1 1 0 1 0 0
24607 87529 1 0 1 54 0 1 0 0
24607 142414 1 0 1 298 0 1 0 0
24607 199862 1 0 1 129 0 1 0 0
24607 611864 1 0 1 18 0 1 0 0
24607 611949 1 0 1 35 0 1 0 0
24607 612524 1 0 1 155 0 1 0 0
24880 610794 1 0 1 129 0 1 0 0
203173 612449 0 1 1 0 150 0 1 0
203451 587737 1 0 1 64 0 1 0 0
203451 593495 1 0 1 1558 0 1 0 0
114725 447205 0 1 1 0 2131 0 1 0
25827 602727 0 1 1 0 999 0 1 0
25923 602727 0 1 1 0 1103 0 1 0
26079 104385 0 1 1 0 396 0 1 0
26089 594697 1 0 1 16 0 1 0 0
560342 603280 1 0 1 158 0 1 0 0
26128 602727 0 1 1 0 1236 0 1 0
26514 602727 0 1 1 0 1277 0 1 0
561110 595495 0 1 1 0 848 0 1 0
115956 603156 1 0 1 51 0 1 0 0
115956 603354 1 0 1 20 0 1 0 0
115956 603475 1 0 1 43 0 1 0 0
115956 605646 1 0 1 477 0 1 0 0
115956 606431 1 0 1 656 0 1 0 0
115956 607235 1 0 1 802 0 1 0 0
383396 595061 1 0 1 136 0 1 0 0
116873 437425 0 1 1 0 1250 0 1 0
116873 584616 0 1 1 0 178 0 1 0
116976 133083 1 0 1 1710 0 1 0 0
116976 593566 1 0 1 115 0 1 0 0
116976 594428 1 0 1 359 0 1 0 0
28660 33716 1 0 1 1569 0 1 0 0
28660 358267 1 0 1 974 0 1 0 0
28841 597292 0 1 1 0 135 0 1 0
385158 609367 0 1 1 0 162 0 1 0
118054 599906 1 0 1 135 0 1 0 0
118707 602727 0 1 1 0 1701 0 1 0
29879 99320 0 1 1 0 298 0 1 0
208024 447205 0 1 1 0 512 0 1 0
30824 602102 1 0 1 27 0 1 0 0
30824 602171 1 0 1 42 0 1 0 0
119958 181395 0 1 1 0 118 0 1 0
387440 602727 0 1 1 0 1325 0 1 0
31308 609687 0 1 1 0 217 0 1 0
120622 602727 0 1 1 0 1293 0 1 0
32095 37807 1 0 1 18 0 1 0 0
32438 104385 0 1 1 0 896 0 1 0
32845 104385 0 1 1 0 262 0 1 0
32904 374153 0 1 1 0 430 0 1 0
33716 598726 0 1 1 0 486 0 1 0
212015 606557 1 0 1 439 0 1 0 0
123530 181395 0 1 1 0 2927 0 1 0
212676 611263 1 0 1 24 0 1 0 0
569157 588066 1 0 1 232 0 1 0 0
124302 602727 0 1 1 0 1313 0 1 0
480704 593282 0 1 1 0 76 0 1 0
35925 104385 0 1 1 0 435 0 1 0
36040 602727 0 1 1 0 1461 0 1 0
125378 588767 0 1 1 0 5022 0 1 0
125426 529818 0 1 1 0 363 0 1 0
125541 229606 0 1 1 0 48 0 1 0
392760 610616 1 0 1 41 0 1 0 0
482168 586914 0 1 1 0 452 0 1 0
482283 598356 0 1 1 0 636 0 1 0
393274 393602 1 0 1 27 0 1 0 0
37187 104385 0 1 1 0 1653 0 1 0
304520 602717 0 1 1 0 272 0 1 0
215563 608316 2 0 2 3695 0 2 0 0
215642 588436 1 0 1 1020 0 1 0 0
393743 589065 0 1 1 0 1 0 1 0
393764 588545 1 0 1 742 0 1 0 0
37725 77394 0 1 1 0 264 0 1 0
38076 39928 1 0 1 437 0 1 0 0
38576 104385 0 1 1 0 233 0 1 0
395186 601705 0 1 1 0 128 0 1 0
39138 212015 0 1 1 0 1111 0 1 0
217869 611564 1 0 1 315 0 1 0 0
218201 529818 0 1 1 0 245 0 1 0
129290 349967 0 1 1 0 188 0 1 0
129460 135548 1 0 1 1074 0 1 0 0
40717 181395 0 1 1 0 353 0 1 0
486160 597292 0 1 1 0 1711 0 1 0
41126 104385 0 1 1 0 3210 0 1 0
41717 314839 0 1 1 0 1424 0 1 0
130985 598693 0 1 1 0 2719 0 1 0
309665 529818 0 1 1 0 126 0 1 0
576866 582914 0 1 1 0 104 0 1 0
132423 605504 1 0 1 1 0 1 0 0
577984 604404 1 0 1 379 0 1 0 0
400191 529818 0 1 1 0 1679 0 1 0
400191 587281 0 1 1 0 1962 0 1 0
311345 596232 1 0 1 44 0 1 0 0
311638 593249 1 0 1 475 0 1 0 0
223307 598356 0 1 1 0 1498 0 1 0
580166 602510 0 1 1 0 1197 0 1 0
46709 104385 0 1 1 0 247 0 1 0
47536 55902 1 0 1 439 0 1 0 0
582486 584120 1 0 1 495 0 1 0 0
582487 582525 1 0 1 10 0 1 0 0
582487 582531 1 0 1 11 0 1 0 0
582487 582784 1 0 1 88 0 1 0 0
582487 583127 1 0 1 187 0 1 0 0
582487 585485 1 0 1 845 0 1 0 0
582487 592552 1 0 1 2659 0 1 0 0
493456 594234 1 0 1 127 0 1 0 0
582607 583315 1 0 1 206 0 1 0 0
582700 591008 1 0 1 2281 0 1 0 0
137528 584255 0 1 1 0 1612 0 1 0
582872 583769 1 0 1 261 0 1 0 0
582872 584517 1 0 1 489 0 1 0 0
582872 602549 1 0 1 4877 0 1 0 0
582872 612772 1 0 1 6883 0 1 0 0
582914 586226 1 0 1 901 0 1 0 0
582914 608480 1 0 1 6117 0 1 0 0
582914 609541 1 0 1 6541 0 1 0 0
582928 583459 1 0 1 152 0 1 0 0
582928 584095 1 0 1 348 0 1 0 0
582928 585767 1 0 1 773 0 1 0 0
582967 591235 1 0 1 2173 0 1 0 0
583152 588436 1 0 1 1407 0 1 0 0
405597 603715 1 0 1 790 0 1 0 0
227545 585148 0 1 1 0 1927 0 1 0
583774 586522 1 0 1 761 0 1 0 0
494841 507800 1 0 1 413 0 1 0 0
138738 189657 1 0 1 3005 0 1 0 0
138738 286920 1 0 1 221 0 1 0 0
584255 588249 0 1 1 0 51 0 1 0
584255 588756 0 1 1 0 44 0 1 0
228158 602464 0 1 1 0 745 0 1 0
584463 587803 1 0 1 857 0 1 0 0
584616 596696 1 0 1 621 0 1 0 0
584616 596802 1 0 1 642 0 1 0 0
584932 585503 1 0 1 146 0 1 0 0
585432 596406 1 0 1 2867 0 1 0 0
585487 585678 1 0 1 42 0 1 0 0
585487 586733 1 0 1 394 0 1 0 0
585644 585741 1 0 1 22 0 1 0 0
585644 595474 1 0 1 2270 0 1 0 0
585673 587229 1 0 1 418 0 1 0 0
140524 181395 0 1 1 0 3811 0 1 0
586031 586733 1 0 1 207 0 1 0 0
586068 586733 1 0 1 185 0 1 0 0
229915 603984 0 1 1 0 684 0 1 0
586524 590872 1 0 1 1106 0 1 0 0
586874 599419 1 0 1 3112 0 1 0 0
498103 594932 0 1 1 0 2902 0 1 0
231415 439685 1 0 1 240 0 1 0 0
231415 597821 1 0 1 80 0 1 0 0
231415 599179 1 0 1 368 0 1 0 0
231415 599261 1 0 1 383 0 1 0 0
231415 600816 1 0 1 718 0 1 0 0
231415 608421 1 0 1 2241 0 1 0 0
142786 143746 1 0 1 81 0 1 0 0
142786 451771 1 0 1 620 0 1 0 0
142786 607058 1 0 1 131 0 1 0 0
142786 611368 1 0 1 917 0 1 0 0
588068 589808 1 0 1 422 0 1 0 0
588366 589236 1 0 1 210 0 1 0 0
589065 589296 1 0 1 66 0 1 0 0
589065 593926 1 0 1 1299 0 1 0 0
589308 589309 0 1 1 0 862 0 1 0
589397 602727 0 1 1 0 139 0 1 0
55277 585310 0 1 1 0 67 0 1 0
589676 589702 1 0 1 8 0 1 0 0
411636 599047 0 1 1 0 2542 0 1 0
55828 593282 0 1 1 0 26 0 1 0
590186 607365 1 0 1 3950 0 1 0 0
590354 592616 1 0 1 601 0 1 0 0
590354 598538 1 0 1 2055 0 1 0 0
590354 601883 1 0 1 2770 0 1 0 0
590354 607552 1 0 1 3930 0 1 0 0
590402 598552 1 0 1 2048 0 1 0 0
56323 139492 1 0 1 659 0 1 0 0
56323 606958 1 0 1 4229 0 1 0 0
501529 591237 0 1 1 0 3869 0 1 0
590713 590917 1 0 1 61 0 1 0 0
591017 591688 1 0 1 178 0 1 0 0
591350 591416 1 0 1 22 0 1 0 0
57128 104385 0 1 1 0 100 0 1 0
591520 592059 1 0 1 131 0 1 0 0
413524 602727 0 1 1 0 1995 0 1 0
235696 602370 1 0 1 37 0 1 0 0
592172 592589 1 0 1 124 0 1 0 0
503251 529818 0 1 1 0 646 0 1 0
592420 602059 1 0 1 2267 0 1 0 0
592951 593320 1 0 1 103 0 1 0 0
59019 596071 0 1 1 0 669 0 1 0
593345 599039 1 0 1 1373 0 1 0 0
593759 593797 1 0 1 14 0 1 0 0
593759 593801 1 0 1 15 0 1 0 0
593759 599746 1 0 1 1391 0 1 0 0
59627 602464 0 1 1 0 1230 0 1 0
594310 604348 1 0 1 2215 0 1 0 0
60527 104385 0 1 1 0 18 0 1 0
60554 104385 0 1 1 0 1553 0 1 0
60575 104385 0 1 1 0 908 0 1 0
594932 609620 1 0 1 3188 0 1 0 0
594932 611546 1 0 1 3406 0 1 0 0
594932 612132 1 0 1 3538 0 1 0 0
60690 104385 0 1 1 0 180 0 1 0
60769 104385 0 1 1 0 653 0 1 0
60869 104385 0 1 1 0 3547 0 1 0
595120 595611 1 0 1 134 0 1 0 0
60887 104385 0 1 1 0 68 0 1 0
60943 104385 0 1 1 0 1753 0 1 0
595220 597126 1 0 1 440 0 1 0 0
595220 599739 1 0 1 975 0 1 0 0
60995 104385 0 1 1 0 1868 0 1 0
595274 595348 1 0 1 16 0 1 0 0
595518 595936 1 0 1 116 0 1 0 0
595591 612774 1 0 1 3496 0 1 0 0
61512 447205 0 1 1 0 40 0 1 0
417795 529818 0 1 1 0 1411 0 1 0
61721 598950 0 1 1 0 41 0 1 0
595983 597305 1 0 1 270 0 1 0 0
596065 596172 1 0 1 23 0 1 0 0
596071 600564 1 0 1 932 0 1 0 0
596071 604066 1 0 1 1663 0 1 0 0
61882 104385 0 1 1 0 2766 0 1 0
596268 598080 1 0 1 371 0 1 0 0
596590 598365 1 0 1 358 0 1 0 0
596590 600572 1 0 1 828 0 1 0 0
596590 601127 1 0 1 958 0 1 0 0
596590 604572 1 0 1 1676 0 1 0 0
596590 604936 1 0 1 1745 0 1 0 0
62365 104385 0 1 1 0 900 0 1 0
62365 602727 0 1 1 0 901 0 1 0
62401 104385 0 1 1 0 1050 0 1 0
240499 529818 0 1 1 0 549 0 1 0
62483 104385 0 1 1 0 61 0 1 0
62569 104385 0 1 1 0 187 0 1 0
596845 602852 1 0 1 1273 0 1 0 0
62616 104385 0 1 1 0 1738 0 1 0
62630 104385 0 1 1 0 303 0 1 0
62663 104385 0 1 1 0 196 0 1 0
62724 104385 0 1 1 0 1391 0 1 0
240929 500045 1 0 1 670 0 1 0 0
240929 590864 1 0 1 380 0 1 0 0
240929 595078 1 0 1 1529 0 1 0 0
597124 601415 0 1 1 0 572 0 1 0
597124 602727 0 1 1 0 304 0 1 0
152080 594932 0 1 1 0 88 0 1 0
597292 602497 1 0 1 1100 0 1 0 0
597406 601786 1 0 1 924 0 1 0 0
63194 586733 1 0 1 648 0 1 0 0
597443 607509 1 0 1 2091 0 1 0 0
63210 104385 0 1 1 0 2331 0 1 0
63233 104385 0 1 1 0 1802 0 1 0
63300 104385 0 1 1 0 1066 0 1 0
330573 598925 0 1 1 0 2063 0 1 0
63475 104385 0 1 1 0 1402 0 1 0
597736 598846 1 0 1 240 0 1 0 0
63532 104385 0 1 1 0 713 0 1 0
63665 104385 0 1 1 0 2057 0 1 0
63750 104385 0 1 1 0 3044 0 1 0
63764 104385 0 1 1 0 692 0 1 0
63863 104385 0 1 1 0 932 0 1 0
63957 104385 0 1 1 0 2065 0 1 0
63993 104385 0 1 1 0 1799 0 1 0
64015 104385 0 1 1 0 537 0 1 0
64020 104385 0 1 1 0 1122 0 1 0
242143 600463 1 0 1 216 0 1 0 0
64094 104385 0 1 1 0 342 0 1 0
64115 104385 0 1 1 0 857 0 1 0
64117 104385 0 1 1 0 2719 0 1 0
64227 104385 0 1 1 0 2434 0 1 0
598693 600311 1 0 1 339 0 1 0 0
64494 104385 0 1 1 0 3478 0 1 0
64507 108921 1 0 1 249 0 1 0 0
64518 104385 0 1 1 0 517 0 1 0
64635 104385 0 1 1 0 32 0 1 0
64648 104385 0 1 1 0 425 0 1 0
599047 600417 1 0 1 283 0 1 0 0
599047 600879 1 0 1 392 0 1 0 0
64860 104385 0 1 1 0 16 0 1 0
64862 104385 0 1 1 0 1794 0 1 0
64928 104385 0 1 1 0 2577 0 1 0
599269 599585 1 0 1 62 0 1 0 0
599269 601499 1 0 1 476 0 1 0 0
599269 604267 1 0 1 1056 0 1 0 0
599269 607154 1 0 1 1660 0 1 0 0
154348 181395 0 1 1 0 42 0 1 0
599800 605408 1 0 1 1187 0 1 0 0
65652 181395 0 1 1 0 1536 0 1 0
600009 602537 1 0 1 551 0 1 0 0
65811 104385 0 1 1 0 2217 0 1 0
422028 594932 0 1 1 0 132 0 1 0
65874 104385 0 1 1 0 1196 0 1 0
65926 104385 0 1 1 0 3043 0 1 0
65947 104385 0 1 1 0 956 0 1 0
66003 104385 0 1 1 0 1747 0 1 0
66107 104385 0 1 1 0 46 0 1 0
66171 104385 0 1 1 0 2763 0 1 0
66207 104385 0 1 1 0 409 0 1 0
600484 606497 1 0 1 1281 0 1 0 0
600484 609842 1 0 1 1863 0 1 0 0
66397 104385 0 1 1 0 153 0 1 0
66478 104385 0 1 1 0 3175 0 1 0
66495 104385 0 1 1 0 1777 0 1 0
66509 104385 0 1 1 0 2043 0 1 0
66627 104385 0 1 1 0 3215 0 1 0
66629 104385 0 1 1 0 3529 0 1 0
600926 610195 1 0 1 1827 0 1 0 0
601032 604205 1 0 1 656 0 1 0 0
601032 611947 1 0 1 2158 0 0.5 0 0
66918 104385 0 1 1 0 21 0 1 0
156051 158025 0 1 1 0 152 0 1 0
601415 602750 1 0 1 247 0 1 0 0
67308 104385 0 1 1 0 802 0 1 0
156394 156441 1 0 1 39 0 1 0 0
156394 608836 1 0 1 224 0 1 0 0
67434 104385 0 1 1 0 254 0 1 0
67521 104385 0 1 1 0 1919 0 1 0
67523 104385 0 1 1 0 2598 0 1 0
67547 104385 0 1 1 0 1099 0 1 0
67661 104385 0 1 1 0 929 0 1 0
67672 104385 0 1 1 0 3520 0 1 0
67685 104385 0 1 1 0 168 0 1 0
67706 104385 0 1 1 0 1153 0 1 0
67713 104385 0 1 1 0 208 0 1 0
67746 104385 0 1 1 0 78 0 1 0
67985 104385 0 1 1 0 658 0 1 0
602510 610918 1 0 1 1623 0 1 0 0
602510 611414 1 0 1 2108 0 1 0 0
68322 104385 0 1 1 0 330 0 1 0
68362 602727 0 1 1 0 773 0 1 0
602727 602854 1 0 1 27 0 1 0 0
602727 603386 1 0 1 148 0 1 0 0
602727 603388 1 0 1 148 0 1 0 0
602727 603398 1 0 1 149 0 1 0 0
602727 603583 1 0 1 191 0 1 0 0
602727 604115 1 0 1 270 0 1 0 0
602727 604177 1 0 1 283 0 1 0 0
602727 604845 1 0 1 429 0 1 0 0
602727 605328 1 0 1 528 0 1 0 0
602727 605487 1 0 1 561 0 1 0 0
602727 606445 1 0 1 779 0 1 0 0
602727 606979 1 0 1 888 0 1 0 0
602727 607561 1 0 1 971 0 1 0 0
602727 607615 1 0 1 983 0 1 0 0
602727 608271 1 0 1 1085 0 1 0 0
602727 609612 1 0 1 1323 0 1 0 0
602727 609861 1 0 1 1376 0 1 0 0
602727 609992 1 0 1 1399 0 1 0 0
602727 610397 1 0 1 1471 0 1 0 0
602727 610683 1 0 1 1649 0 1 0 0
602727 610813 1 0 1 1552 0 1 0 0
602727 610929 1 0 1 1921 0 1 0 0
602727 611530 1 0 1 1693 0 1 0 0
602727 612186 1 0 1 1846 0 1 0 0
602727 612477 1 0 1 1903 0 1 0 0
602727 613466 1 0 1 2110 0 1 0 0
602752 603162 1 0 1 98 0 1 0 0
246590 588921 1 0 1 124 0 1 0 0
246590 592170 1 0 1 971 0 1 0 0
68550 104385 0 1 1 0 3154 0 1 0
157765 158025 0 1 1 0 242 0 1 0
246876 447205 0 1 1 0 5104 0 1 0
68829 104385 0 1 1 0 631 0 1 0
68880 104385 0 1 1 0 1210 0 1 0
68920 104385 0 1 1 0 828 0 1 0
69089 104385 0 1 1 0 505 0 1 0
69119 104385 0 1 1 0 1758 0 1 0
69227 104385 0 1 1 0 1600 0 1 0
69277 104385 0 1 1 0 969 0 1 0
69292 590688 1 0 1 25 0 1 0 0
603546 604153 1 0 1 98 0 1 0 0
69311 104385 0 1 1 0 790 0 1 0
336434 583774 0 1 1 0 73 0 1 0
69317 104385 0 1 1 0 145 0 1 0
69560 104385 0 1 1 0 500 0 1 0
69648 104385 0 1 1 0 792 0 1 0
69734 104385 0 1 1 0 1993 0 1 0
603984 604522 1 0 1 131 0 1 0 0
603984 604832 1 0 1 190 0 1 0 0
603984 605876 1 0 1 410 0 1 0 0
69739 115956 0 1 1 0 714 0 1 0
425908 598693 1 0 1 368 0 1 0 0
69748 104385 0 1 1 0 3228 0 1 0
69751 597016 1 0 1 384 0 1 0 0
69799 104385 0 1 1 0 1732 0 1 0
69877 104385 0 1 1 0 506 0 1 0
69879 104385 0 1 1 0 900 0 1 0
604205 611947 2 0 2 2343 0 1.5 0 0
70274 104385 0 1 1 0 3372 0 1 0
70296 104385 0 1 1 0 772 0 1 0
70316 104385 0 1 1 0 121 0 1 0
604606 604701 1 0 1 21 0 1 0 0
604642 607749 1 0 1 612 0 1 0 0
604790 613687 1 0 1 1739 0 1 0 0
159594 181395 0 1 1 0 1691 0 1 0
70584 104385 0 1 1 0 190 0 1 0
70600 104385 0 1 1 0 3017 0 1 0
70874 602464 0 1 1 0 771 0 1 0
70893 104385 0 1 1 0 3475 0 1 0
605207 605519 1 0 1 65 0 1 0 0
71016 104385 0 1 1 0 2675 0 1 0
71031 104385 0 1 1 0 491 0 1 0
71031 447205 0 2 2 0 5089 0 1.5 0
71031 582914 0 1 1 0 2695 0 0.5 0
605283 607067 1 0 1 386 0 1 0 0
605325 605794 1 0 1 103 0 1 0 0
71087 104385 0 1 1 0 521 0 1 0
71118 104385 0 1 1 0 889 0 1 0
71165 104385 0 1 1 0 27 0 1 0
71248 104385 0 1 1 0 173 0 1 0
71316 104385 0 1 1 0 2624 0 1 0
71449 77394 0 1 1 0 159 0 1 0
71818 104385 0 1 1 0 2154 0 1 0
72139 104385 0 1 1 0 1710 0 1 0
72252 447205 0 1 1 0 543 0 1 0
606536 606658 1 0 1 31 0 1 0 0
606536 606817 1 0 1 64 0 1 0 0
606536 607982 1 0 1 241 0 1 0 0
606555 609620 1 0 1 283 0 1 0 0
72625 104385 0 1 1 0 1781 0 1 0
250921 447205 0 1 1 0 1492 0 1 0
607320 608156 0 1 1 0 430 0 1 0
607330 609422 1 0 1 346 0 1 0 0
73108 104385 0 1 1 0 1906 0 1 0
73247 104385 0 1 1 0 482 0 1 0
73276 104385 0 1 1 0 1831 0 1 0
607590 611579 1 0 1 731 0 1 0 0
73387 104385 0 1 1 0 1357 0 1 0
429569 606536 0 1 1 0 155 0 1 0
73533 104385 0 1 1 0 885 0 1 0
73539 104385 0 1 1 0 592 0 1 0
73675 104385 0 1 1 0 1859 0 1 0
607932 609928 1 0 1 360 0 1 0 0
607932 611062 1 0 1 570 0 1 0 0
73688 104385 0 1 1 0 1363 0 1 0
162741 603984 0 1 1 0 1278 0 1 0
73722 104385 0 1 1 0 1395 0 1 0
73766 104385 0 1 1 0 653 0 1 0
340995 347627 0 1 1 0 79 0 1 0
340995 586593 0 1 1 0 56 0 1 0
340995 586599 0 1 1 0 58 0 1 0
340995 586680 0 1 1 0 38 0 1 0
340995 586721 0 1 1 0 31 0 1 0
340995 594010 0 1 1 0 3149 0 1 0
340995 594407 0 1 1 0 3024 0 1 0
340995 597697 0 1 1 0 49 0 1 0
340995 601344 0 1 1 0 79 0 1 0
340995 601428 0 1 1 0 63 0 1 0
608156 608341 1 0 1 29 0 1 0 0
608156 609293 1 0 1 194 0 1 0 0
608156 610015 1 0 1 337 0 1 0 0
608156 611357 1 0 1 587 0 1 0 0
608156 612322 1 0 1 809 0 1 0 0
608156 613528 1 0 1 1052 0 1 0 0
74126 104385 0 1 1 0 3537 0 1 0
74400 104385 0 1 1 0 813 0 1 0
74400 340995 1 0 1 90 0 1 0 0
74472 104385 0 1 1 0 444 0 1 0
74706 104385 0 1 1 0 55 0 1 0
74751 104385 0 1 1 0 746 0 1 0
609065 610702 1 0 1 306 0 1 0 0
253051 444309 1 0 1 4430 0 1 0 0
253051 589690 1 0 1 111 0 1 0 0
253051 590577 1 0 1 332 0 1 0 0
609278 609758 1 0 1 87 0 1 0 0
75053 104385 0 1 1 0 623 0 1 0
75118 181395 0 1 1 0 2312 0 1 0
609367 609424 1 0 1 9 0 1 0 0
164232 605539 0 1 1 0 57 0 1 0
164232 610892 0 1 1 0 53 0 1 0
164234 605539 0 1 1 0 57 0 1 0
164234 610892 0 1 1 0 53 0 1 0
164236 605539 0 1 1 0 57 0 1 0
164236 610892 0 1 1 0 53 0 1 0
164239 605539 0 1 1 0 57 0 1 0
164239 610892 0 1 1 0 53 0 1 0
164241 605539 0 1 1 0 57 0 1 0
164241 610892 0 1 1 0 53 0 1 0
164245 605539 0 1 1 0 57 0 1 0
164245 610892 0 1 1 0 53 0 1 0
164249 605539 0 1 1 0 57 0 1 0
164249 610892 0 1 1 0 53 0 1 0
164251 605539 0 1 1 0 57 0 1 0
164251 610892 0 1 1 0 53 0 1 0
75220 104385 0 1 1 0 35 0 1 0
75592 104385 0 1 1 0 1974 0 1 0
75594 104385 0 1 1 0 2124 0 1 0
75661 104385 0 1 1 0 2688 0 1 0
75719 104385 0 1 1 0 1426 0 1 0
76033 104385 0 1 1 0 3575 0 1 0
76038 104385 0 1 1 0 777 0 1 0
76133 104385 0 1 1 0 3049 0 1 0
76222 104385 0 1 1 0 382 0 1 0
76416 104385 0 1 1 0 3236 0 1 0
76420 104385 0 1 1 0 292 0 1 0
610821 611552 1 0 1 148 0 1 0 0
76622 115956 0 1 1 0 388 0 1 0
432965 587461 1 0 1 255 0 1 0 0
76827 104385 0 1 1 0 2558 0 1 0
76859 104385 0 1 1 0 820 0 1 0
76905 595576 1 0 1 2546 0 1 0 0
76905 605410 1 0 1 4623 0 1 0 0
77014 104385 0 1 1 0 950 0 1 0
77131 104385 0 1 1 0 34 0 1 0
611555 612496 1 0 1 204 0 1 0 0
77447 104385 0 1 1 0 1883 0 1 0
77532 104385 0 1 1 0 827 0 1 0
611778 612227 1 0 1 101 0 1 0 0
611778 613169 1 0 1 295 0 1 0 0
611778 613325 1 0 1 325 0 1 0 0
255632 602727 0 1 1 0 242 0 1 0
77664 104385 0 1 1 0 1476 0 1 0
77673 104385 0 1 1 0 54 0 1 0
611978 613344 1 0 1 286 0 1 0 0
77752 104385 0 1 1 0 63 0 1 0
77777 104385 0 1 1 0 2956 0 1 0
77785 104385 0 1 1 0 1756 0 1 0
77840 104385 0 1 1 0 75 0 1 0
78391 104385 0 1 1 0 1249 0 1 0
78691 104385 0 1 1 0 149 0 1 0
78792 602727 0 1 1 0 1579 0 1 0
78850 104385 0 1 1 0 1154 0 1 0
78884 104385 0 1 1 0 2632 0 1 0
78916 104385 0 1 1 0 2950 0 1 0
78983 104385 0 1 1 0 1994 0 1 0
79043 104385 0 1 1 0 710 0 1 0
79059 104385 0 1 1 0 99 0 1 0
613401 613404 1 0 1 1 0 1 0 0
435321 609467 1 0 1 1759 0 1 0 0
613415 613460 1 0 1 14 0 1 0 0
79184 104385 0 1 1 0 2016 0 1 0
79188 549903 1 0 1 381 0 1 0 0
346471 447205 0 1 1 0 1717 0 1 0
168497 602727 0 1 1 0 1067 0 1 0
79480 104385 0 1 1 0 1753 0 1 0
79679 104385 0 1 1 0 2446 0 1 0
79924 104385 0 1 1 0 1746 0 1 0
80215 104385 0 1 1 0 368 0 1 0
80400 104385 0 1 1 0 3375 0 1 0
169563 529818 0 1 1 0 116 0 1 0
80640 104385 0 1 1 0 1553 0 1 0
80671 104385 0 1 1 0 136 0 1 0
80678 104385 0 1 1 0 3530 0 1 0
80691 104385 0 1 1 0 826 0 1 0
80718 260670 1 0 1 4868 0 1 0 0
80718 601955 1 0 1 4861 0 1 0 0
80766 104385 0 1 1 0 47 0 1 0
169929 602727 0 1 1 0 1244 0 1 0
81040 104385 0 1 1 0 292 0 1 0
81228 104385 0 1 1 0 21 0 1 0
81373 104385 0 1 1 0 589 0 1 0
81478 104385 0 1 1 0 1449 0 1 0
81551 104385 0 1 1 0 205 0 1 0
81559 104385 0 1 1 0 1843 0 1 0
81726 104385 0 1 1 0 1916 0 1 0
81728 104385 0 1 1 0 360 0 1 0
81788 104385 0 1 1 0 895 0 1 0
81910 104385 0 1 1 0 564 0 1 0
82039 104385 0 1 1 0 566 0 1 0
82101 104385 0 1 1 0 758 0 1 0
82222 583691 1 0 1 359 0 1 0 0
82260 104385 0 1 1 0 780 0 1 0
82303 104385 0 1 1 0 1721 0 1 0
82364 104385 0 1 1 0 383 0 1 0
82381 582914 0 1 1 0 5897 0 1 0
171429 253051 0 1 1 0 1818 0 1 0
82408 104385 0 1 1 0 716 0 1 0
349603 595254 0 1 1 0 80 0 1 0
82566 104385 0 1 1 0 376 0 1 0
82794 104385 0 1 1 0 3039 0 1 0
261116 593759 0 1 1 0 24 0 1 0
83072 104385 0 1 1 0 659 0 1 0
83116 104385 0 1 1 0 3083 0 1 0
83122 104385 0 1 1 0 1111 0 1 0
172271 602727 0 1 1 0 1526 0 1 0
350387 583774 0 1 1 0 133 0 1 0
83399 104385 0 1 1 0 328 0 1 0
83422 104385 0 1 1 0 637 0 1 0
83740 104385 0 1 1 0 563 0 1 0
83838 104385 0 1 1 0 3300 0 1 0
172886 587525 1 0 1 313 0 1 0 0
84026 104385 0 1 1 0 287 0 1 0
84061 104385 0 1 1 0 3116 0 1 0
173490 602727 0 1 1 0 1666 0 1 0
84500 104385 0 1 1 0 1087 0 1 0
529818 602663 1 0 1 207 0 1 0 0
529818 602767 1 0 1 225 0 1 0 0
529818 602858 1 0 1 250 0 1 0 0
529818 602945 1 0 1 272 0 1 0 0
529818 603997 1 0 1 463 0 1 0 0
529818 604239 1 0 1 522 0 1 0 0
529818 604961 1 0 1 674 0 1 0 0
529818 606638 1 0 1 1044 0 1 0 0
529818 606901 1 0 1 1098 0 1 0 0
529818 608591 1 0 1 1360 0 1 0 0
529818 608848 1 0 1 1406 0 1 0 0
529818 609580 1 0 1 1543 0 1 0 0
529818 609747 1 0 1 1569 0 1 0 0
529818 611617 1 0 1 1937 0 1 0 0
529818 611929 1 0 1 2012 0 1 0 0
529818 612203 1 0 1 2072 0 1 0 0
529818 612236 1 0 1 2078 0 1 0 0
529818 612423 1 0 1 2117 0 1 0 0
351762 610349 1 0 1 1074 0 1 0 0
85228 104385 0 1 1 0 335 0 1 0
85741 104385 0 1 1 0 1526 0 1 0
174791 591144 1 0 1 76 0 1 0 0
85828 597329 1 0 1 787 0 1 0 0
85938 104385 0 1 1 0 1373 0 1 0
86008 104385 0 1 1 0 1808 0 1 0
86368 104385 0 1 1 0 1196 0 1 0
86704 104385 0 1 1 0 175 0 1 0
264813 590407 1 0 1 170 0 1 0 0
175875 585728 1 0 1 92 0 1 0 0
86841 104385 0 1 1 0 1510 0 1 0
86912 104385 0 1 1 0 3077 0 1 0
86916 609777 1 0 1 207 0 1 0 0
87070 240963 0 1 1 0 696 0 1 0
87376 104385 0 1 1 0 2394 0 1 0
87558 104385 0 1 1 0 3218 0 1 0
87936 104385 0 1 1 0 3301 0 1 0
88062 104385 0 1 1 0 2464 0 1 0
88091 104385 0 1 1 0 1809 0 1 0
88191 104385 0 1 1 0 1009 0 1 0
88273 104385 0 1 1 0 822 0 1 0
88284 104385 0 1 1 0 92 0 1 0
266725 607416 0 1 1 0 40 0 1 0
266727 607416 0 1 1 0 40 0 1 0
88992 104385 0 1 1 0 1293 0 1 0
