1 1 100 9.32004
2 2 100 33.4393
3 3 100 42.8987
4 4 100 52.5873
5 5 100 84.7572
6 6 100 86.4522
7 7 100 90.1015
8 8 100 91.7686
9 9 100 92.997
10 10 100 100.28
11 11 100 110.742
12 12 100 113.864
13 13 100 114.91
14 14 100 115.956
15 15 100 117.447
16 16 100 118.937
17 17 100 122.513
18 18 100 124.852
19 19 100 141.977
20 20 100 145.092
21 21 100 147.931
22 22 100 150.219
23 23 100 151.999
24 24 100 154.47
25 25 100 156.313
26 26 100 157.738
27 27 100 158.793
28 28 100 160.436
29 29 100 161.495
30 30 100 162.554
31 31 100 163.613
32 32 100 164.651
33 33 100 169.542
34 34 100 170.813
35 35 100 172.549
36 36 100 173.947
37 37 100 175.597
38 38 100 176.786
39 39 100 178.245
40 40 100 179.325
41 41 100 180.697
42 42 100 182.079
43 43 100 183.555
44 44 100 185.29
45 45 100 187.026
46 46 100 195.796
47 47 100 197.168
48 48 100 198.208
49 49 100 199.146
50 50 100 200.186
