1 1 100 185.307
2 2 100 210.955
3 3 100 222.98
4 4 100 232.625
5 5 100 239.865
6 6 100 246.016
7 7 100 251.706
8 8 100 257.121
9 9 100 262.167
10 10 100 267.214
11 11 100 271.617
12 12 100 275.928
13 13 100 279.871
14 14 100 283.815
15 15 100 287.39
16 16 100 290.965
17 17 100 294.356
18 18 100 297.748
19 19 100 300.863
20 20 100 303.794
21 21 100 306.726
22 22 100 309.565
23 23 100 312.405
24 24 100 315.244
25 25 100 318.084
26 26 100 320.923
27 27 100 323.395
28 28 100 325.866
29 29 100 327.97
30 30 100 330.074
31 31 100 332.177
32 32 100 334.281
33 33 100 336.385
34 34 100 338.489
35 35 100 340.592
36 36 100 342.587
37 37 100 344.563
38 38 100 346.39
39 39 100 348.218
40 40 100 350.028
41 41 100 351.764
42 42 100 353.499
43 43 100 355.235
44 44 100 356.971
45 45 100 358.707
46 46 100 360.443
47 47 100 362.178
48 48 100 363.914
49 49 100 365.65
50 50 100 367.315
