51146 1 0
51306 1 119
51675 1 404
51732 1 441
51814 1 490
51921 1 567
51980 1 591
52186 1 704
52438 1 896
52670 1 1033
52685 1 1046
51780 1 1188
40359 1 1337
53775 1 1806
53880 1 1876
54204 1 2119
54812 1 2562
55158 1 2836
55238 1 2892
55363 1 3123
30250 1 3177
56194 1 3698
56330 1 3801
57469 1 4659
57991 1 5081
58168 1 5235
58401 1 5408
58617 1 5587
58677 1 5635
12745 1 5919
59058 1 5957
59183 1 6088
25650 1 6103
60098 1 6851
8106 2 0
51144 3 0
4501 4 1
52067 4 630
51149 5 2
51392 5 189
51148 6 2
2335 7 3
51151 8 3
51129 9 4
45126 10 5
51158 11 8
51160 12 11
51161 13 13
51162 14 13
51167 15 14
51168 16 16
51169 17 17
51197 17 39
51172 18 17
51175 19 18
51176 20 19
7271 21 20
51178 22 22
51179 23 24
51661 23 393
51822 23 486
51180 24 25
51181 25 25
51192 26 34
11979 27 40
51262 27 82
51412 27 204
42884 27 920
53786 27 1814
54569 27 2373
17528 27 4812
51200 28 41
14520 29 44
51206 30 46
44658 31 47
5284 32 49
3497 33 55
51218 34 55
51223 35 57
17993 36 60
51146 37 60
51814 37 484
57469 37 4647
58677 37 6516
46273 38 62
51235 39 62
51238 40 64
51239 41 65
51244 42 71
51253 43 76
51254 44 77
29679 45 79
17198 46 80
51261 47 80
31214 48 82
17198 49 83
51268 50 83
51269 51 85
51274 52 89
17771 53 90
27581 54 98
51283 55 100
24933 56 102
12073 57 104
49458 58 104
51301 59 114
30189 60 115
17053 61 118
51310 62 123
51313 63 126
51314 64 127
51315 65 128
24027 66 128
51322 67 131
21353 68 131
51325 69 132
51326 70 134
51329 71 134
20931 72 139
51335 73 140
51336 74 142
11692 75 144
51338 76 146
51347 77 150
51351 78 156
12344 78 184
51350 79 156
51519 79 272
51354 80 158
44351 81 158
51356 82 159
48412 83 161
21685 84 163
51361 85 164
28616 86 169
51373 87 169
51374 88 171
51381 89 173
51383 90 174
51382 91 174
51384 92 177
51385 93 180
18607 94 180
51387 95 182
51394 96 189
50560 97 192
51404 98 197
51407 99 202
51409 100 202
50717 101 202
51416 102 211
52092 102 644
16767 103 214
51422 104 214
45515 105 215
51426 106 216
11979 107 218
42884 107 917
54569 107 2379
17528 107 4793
49294 108 219
51392 109 220
51149 109 270
57560 109 4720
51430 110 220
52644 110 1081
51431 111 220
41038 112 223
50717 113 225
17492 114 225
51443 115 226
51446 116 230
51447 117 231
35261 118 231
51451 119 232
48716 120 234
51452 121 234
16 121 1346
37062 121 1360
53114 121 1361
26156 121 1362
53257 121 1462
42895 121 1506
53733 121 1792
54696 121 2485
55541 121 3152
41990 121 3475
40174 121 4761
51453 122 234
51454 123 234
51457 124 237
47489 125 239
51461 126 239
51462 127 239
438 128 239
51490 128 253
51498 128 260
51515 128 271
51379 129 239
51467 130 241
51478 131 245
51481 132 249
51482 133 249
51483 134 250
51484 135 250
51485 136 251
51488 137 253
51489 138 253
33999 139 254
21217 139 269
51453 140 255
51496 141 258
51497 142 259
51504 143 263
51505 144 263
12858 145 266
42615 146 268
14694 147 270
51478 148 273
23593 149 275
51527 150 275
51528 151 277
51143 152 278
51532 153 279
51437 154 281
51540 155 284
51541 156 284
51548 157 286
51549 158 289
51553 159 289
23983 160 290
51554 161 292
18693 162 296
51564 163 298
51571 164 308
51574 165 310
52332 165 821
51577 166 313
51581 167 314
51578 168 314
51586 169 317
51587 170 318
19189 171 319
26740 172 323
20050 173 323
51595 174 323
51602 175 333
37877 176 335
51604 177 338
51605 178 338
51614 179 343
44178 180 344
51616 181 347
51553 182 349
51621 183 350
50754 184 353
51624 185 353
51625 186 354
51614 187 357
51627 188 359
51628 189 361
51629 190 362
51630 191 362
51614 192 366
50106 193 366
25246 194 369
51638 195 369
51639 196 376
51640 197 376
51645 198 380
51646 199 380
51647 200 381
51652 201 387
51375 202 387
16608 203 392
51669 204 397
30175 205 399
51671 206 400
51674 207 403
50354 208 404
51678 209 405
51679 210 406
51680 211 406
51709 211 426
51735 211 442
51737 211 442
51773 211 461
51789 211 470
51825 211 489
51845 211 505
51873 211 525
49798 211 543
51916 211 564
52018 211 605
52045 211 624
52060 211 627
52124 211 673
52266 211 768
24607 211 1165
52883 211 1195
53005 211 1292
53048 211 1323
53093 211 1351
53149 211 1388
53173 211 1396
53181 211 1397
25952 211 1554
53748 211 1795
53939 211 1917
54098 211 2027
54221 211 2131
54688 211 2476
54861 211 2601
55006 211 2721
55180 211 2851
55047 211 3129
55586 211 3206
11505 211 3866
56493 211 3914
56805 211 4161
56922 211 4243
57290 211 4522
57360 211 4576
57441 211 4634
57466 211 4644
57641 211 4796
57756 211 4894
57874 211 4996
57928 211 5037
58595 211 5567
58839 211 5780
58883 211 5819
58957 211 5887
59089 211 5984
59130 211 6021
59185 211 6089
59329 211 6206
59360 211 6229
59506 211 6354
59604 211 6427
59745 211 6550
59963 211 6730
42195 212 407
51682 213 407
51683 214 408
51679 215 412
51691 216 414
981 217 417
30689 217 3362
51695 218 418
51698 219 418
52846 220 419
51699 221 419
51702 222 420
51703 223 421
51706 224 423
20073 225 423
51672 226 425
33965 227 427
51703 228 429
21534 229 432
37200 229 452
51761 229 454
43197 229 468
51818 229 486
51900 229 550
5938 229 552
51946 229 577
50038 229 602
52132 229 678
2662 229 707
52217 229 728
47338 229 750
52381 229 854
52396 229 864
52468 229 908
52523 229 940
52597 229 980
52660 229 1025
22096 229 1059
29257 229 1771
53866 229 1867
54444 229 2289
53811 229 2348
21909 229 2357
55478 229 3104
55548 229 3159
55607 229 3205
27242 229 3662
57017 229 4304
55650 229 5560
58800 229 5753
51720 230 433
51723 231 433
51724 232 434
51542 233 439
51723 234 439
51720 235 439
24607 236 442
51801 236 476
51857 236 517
51868 236 523
51896 236 547
51923 236 567
51946 236 578
52440 236 895
52549 236 956
52574 236 966
52618 236 990
52717 236 1063
52930 236 1231
53022 236 1320
13678 236 1357
53103 236 1358
53127 236 1370
25952 236 1561
53462 236 1594
53465 236 1598
53772 236 1805
53932 236 1914
53976 236 1946
54187 236 2109
54346 236 2228
54532 236 2356
54620 236 2416
54740 236 2514
54836 236 2583
54854 236 2590
54978 236 2695
55132 236 2814
55278 236 2934
55304 236 2956
55424 236 3071
55435 236 3075
55047 236 3190
55586 236 3195
55690 236 3280
55720 236 3304
55724 236 3306
49472 236 3320
55850 236 3400
55802 236 3503
56335 236 3803
56374 236 3831
57273 236 4510
57872 236 4995
58127 236 5199
58266 236 5310
58467 236 5464
58502 236 5482
58566 236 5547
58571 236 5551
58612 236 5581
58778 236 5732
36184 236 5775
58459 236 5815
58895 236 5834
59040 236 5942
59271 236 6420
59599 236 6426
59986 236 6754
60034 236 6797
60295 236 7026
60333 236 7058
51652 237 443
51742 238 444
51743 239 444
51744 240 445
51723 241 446
51720 242 446
26740 243 447
51752 244 448
51763 245 456
51770 246 459
51775 247 461
51723 248 462
51779 249 463
51784 250 465
50428 251 467
47951 252 468
49594 253 473
51800 254 474
51805 255 478
51810 256 481
51811 257 482
51724 258 484
19785 259 486
2577 259 905
51824 260 487
51827 261 489
51830 262 491
57653 262 4803
51831 263 494
50960 264 494
51942 264 574
31601 265 495
51838 266 497
51839 267 497
51842 268 501
51847 269 506
51852 270 510
51853 271 511
51854 272 511
40039 273 514
29637 274 515
51665 275 517
438 276 518
51862 277 518
51866 278 520
51867 279 523
51870 280 523
51876 281 525
51875 282 527
51880 283 534
56535 283 3953
51881 284 537
47159 285 539
35238 286 540
51886 287 542
26143 288 546
6678 288 1865
51894 289 546
51895 290 546
51910 291 555
51913 292 560
3590 293 561
49434 294 564
51920 295 567
33992 296 568
49188 297 568
51927 298 568
35085 299 568
51935 300 570
51937 301 571
52016 301 607
24607 301 624
52065 301 629
52078 301 633
52262 301 765
52314 301 805
52572 301 966
52823 301 1155
53194 301 1407
25952 301 1565
54430 301 2282
54494 301 2326
54550 301 2364
54680 301 2473
55176 301 2848
55325 301 2977
55913 301 3460
11505 301 3752
56395 301 3849
57210 301 4459
57664 301 4814
58866 301 5800
58917 301 5850
59533 301 6378
4234 302 571
51944 303 575
42409 304 575
51956 305 579
51957 306 580
22323 307 580
51959 308 581
51960 309 581
51963 310 583
51968 311 584
51969 312 585
51970 313 585
51975 314 587
51976 315 589
51979 316 590
51982 317 592
51983 318 592
51984 319 593
51991 320 597
51994 321 601
51886 322 605
34962 323 606
44585 324 606
52024 325 610
52028 326 612
48769 327 612
52031 328 615
52036 329 616
34962 330 616
438 331 618
52063 331 629
52073 331 632
52076 331 633
52114 331 665
52119 331 668
52173 331 693
29929 331 784
52387 331 855
52472 331 910
52766 331 1111
52814 331 1153
21145 331 1191
53231 331 1438
53626 331 1720
53670 331 1753
53721 331 1786
33017 331 3234
56025 331 3563
56337 331 3803
56384 331 3838
56563 331 3971
56827 331 4183
57239 331 4475
57721 331 4867
58135 331 5203
58231 331 5288
59156 331 6049
59444 331 6321
51946 331 6342
50239 332 619
52042 333 620
52045 334 621
52054 335 623
52055 336 623
52062 337 628
51720 338 632
11327 339 634
52081 340 634
31601 341 636
52482 341 918
45515 342 636
52084 343 637
24928 344 640
46250 345 641
52089 346 642
52090 347 643
52091 348 643
35238 349 652
52105 350 654
51963 351 656
51476 352 656
51143 353 658
51929 354 658
29023 355 661
52113 356 663
52116 357 666
12768 358 673
52036 359 674
29023 360 674
37671 361 678
52135 362 678
52136 363 679
44552 363 844
52143 364 680
52146 365 681
54195 365 2113
52149 366 682
52150 367 682
52159 368 688
52184 368 703
29663 369 689
52163 370 690
31601 371 692
52177 372 697
52178 373 699
52181 374 700
52188 375 706
52191 376 710
34481 377 710
52195 378 712
17793 379 717
52209 380 722
29023 381 722
52211 382 722
52215 383 723
52214 384 723
51149 385 725
52219 386 730
52220 387 731
42938 388 734
51966 389 735
52223 390 735
52226 391 737
54581 391 2383
56131 391 3643
57504 391 4683
60210 391 6943
52227 392 738
52228 393 739
52306 393 796
52371 393 852
52787 393 1127
53285 393 1483
21883 393 1526
53437 393 1583
59223 393 6120
52231 394 741
52232 395 742
28022 396 743
52234 397 743
51505 398 746
51564 399 746
52243 400 748
41187 401 749
52224 402 750
51669 403 750
49634 404 751
22149 404 834
50284 405 756
52261 406 765
52264 407 765
52265 408 766
52268 409 772
52269 410 772
52274 411 774
52283 412 782
52284 413 783
40927 414 784
52294 415 787
52297 416 788
52298 417 789
52299 418 791
52300 419 792
52301 420 792
52310 421 797
52313 422 804
50067 423 805
36505 424 806
52322 425 808
52323 426 811
52324 427 811
21887 428 815
52326 429 816
52329 430 817
52330 431 818
33373 432 820
52334 433 821
52335 434 821
29974 435 828
52339 436 828
52146 437 829
38185 438 831
52344 439 833
52347 440 835
52453 440 902
52623 440 997
52785 440 1126
52793 440 1130
52834 440 1162
53411 440 1565
53447 440 1586
53454 440 1588
53469 440 1603
18562 440 1604
53476 440 1608
53538 440 1659
53544 440 1662
53548 440 1663
53556 440 1668
53570 440 1677
53575 440 1680
53614 440 1714
53631 440 1724
53640 440 1730
53677 440 1756
53708 440 1776
53723 440 1787
53762 440 1802
50024 440 1810
53791 440 1819
53807 440 1829
53830 440 1844
53845 440 1854
53850 440 1857
53852 440 1859
53943 440 1918
53953 440 1927
53962 440 1931
54015 440 1971
54037 440 1983
54050 440 1993
54070 440 2000
54109 440 2031
54127 440 2039
54156 440 2079
54193 440 2112
54373 440 2250
54387 440 2256
54410 440 2272
54540 440 2360
54552 440 2364
54599 440 2396
54624 440 2418
54630 440 2420
54805 440 2559
32033 440 2601
54868 440 2603
55117 440 2802
55121 440 2806
55130 440 2814
41376 440 2850
55230 440 2886
55359 440 3009
47882 440 3108
55528 440 3145
55537 440 3152
55546 440 3157
55574 440 3185
25948 440 3198
55600 440 3202
55716 440 3303
55747 440 3327
55910 440 3457
56098 440 3617
56133 440 3679
56232 440 3724
56237 440 3737
56285 440 3766
56773 440 4137
56813 440 4173
56860 440 4203
56989 440 4289
57347 440 4564
57420 440 4615
57897 440 5015
58139 440 5206
58145 440 5212
58364 440 5395
58771 440 5727
45179 440 5747
58960 440 5889
59594 440 6424
59733 440 6540
31765 440 6565
59851 440 6631
59979 440 6750
59996 440 6759
60015 440 6784
60195 440 6930
60252 440 6977
60382 440 7093
52350 441 838
52351 442 838
52355 443 840
52334 444 840
52356 445 841
52357 446 841
5558 447 845
52363 448 845
52960 448 1264
52364 449 849
14184 450 850
52368 451 851
52389 452 856
52390 453 859
51780 454 861
52392 455 861
52393 456 862
52395 457 864
52394 458 864
52400 459 867
52621 459 995
55632 459 3227
52401 460 867
52402 461 868
52407 462 873
52408 463 874
52411 464 875
52412 465 875
52413 466 876
52414 467 877
52415 468 877
50644 469 879
52417 470 879
52418 471 879
58589 471 5563
29173 472 880
52420 473 881
52421 474 881
46779 475 882
52425 476 886
52426 477 889
52433 478 893
52434 479 894
52146 480 894
52445 481 898
13104 482 898
52446 483 899
52505 483 933
52447 484 900
4501 485 900
52451 486 901
52452 487 901
52455 488 904
52458 489 904
52459 490 904
8074 491 904
52465 492 907
52467 493 908
52466 494 908
52474 495 912
52475 496 913
52089 497 915
24529 498 917
15661 499 918
52493 500 922
52498 501 924
52499 502 928
24978 503 930
48562 504 931
52466 505 933
52515 506 938
5973 507 938
52493 508 938
52518 509 938
47914 510 939
48562 511 939
53053 511 1324
52521 512 939
52522 513 939
7890 514 940
52532 515 945
52537 516 947
52538 517 948
21988 518 951
52544 519 952
29843 520 953
52546 521 953
52547 522 954
52548 523 956
52557 524 959
52560 525 959
52561 526 960
52562 527 961
52563 528 961
34954 529 962
52569 530 963
52576 531 967
52579 532 971
52584 533 975
52593 534 979
52594 535 979
52595 536 979
52596 537 979
52599 538 980
52547 539 980
52600 540 980
52606 541 982
52607 542 983
52608 543 983
52609 544 985
52610 545 986
52613 546 986
34584 547 988
49634 548 988
52620 549 991
52625 550 998
52626 551 998
52553 552 1008
52638 553 1008
52639 554 1009
52181 554 1973
52664 555 1026
52669 556 1033
52672 557 1034
52557 558 1035
576 559 1036
52854 559 1172
53077 559 1345
53620 559 1717
52675 560 1037
52678 561 1038
52679 562 1040
52684 563 1044
52689 564 1047
52690 565 1047
52691 566 1049
52693 567 1049
52692 568 1049
52694 569 1049
52695 570 1051
52696 571 1052
47241 572 1053
45471 573 1054
52703 574 1054
35752 575 1058
47078 576 1060
52714 577 1062
14371 578 1068
52728 579 1071
52729 580 1073
52738 581 1084
52743 582 1084
52739 583 1085
52740 584 1085
52744 585 1086
42812 586 1087
52746 587 1088
52747 588 1089
54667 588 2455
55183 588 2853
52748 589 1089
52753 590 1091
52754 591 1095
52755 592 1095
53746 592 1795
52760 593 1099
52761 594 1099
52762 595 1103
20489 596 1108
52764 597 1109
19844 598 1109
52768 599 1111
52769 600 1114
52770 601 1115
52775 602 1122
41267 602 4559
38746 603 1123
23229 604 1124
11327 605 1125
21637 606 1129
52792 607 1129
52801 608 1139
52802 609 1140
52805 610 1145
52806 611 1145
41244 612 1145
52808 613 1147
52813 614 1152
52820 615 1154
43468 616 1159
52829 617 1160
52828 618 1160
52830 619 1161
52833 620 1162
52838 621 1163
52948 621 1247
52841 622 1164
52844 623 1165
52845 624 1166
52846 625 1167
52847 626 1168
52848 627 1168
52851 628 1170
52856 629 1173
50733 630 1181
52864 631 1181
52865 632 1182
52866 633 1183
52869 634 1186
52762 635 1189
52881 636 1191
52882 637 1193
52891 638 1200
52894 639 1203
52897 640 1203
52902 641 1205
29173 642 1205
11945 643 1208
52915 644 1212
38937 645 1214
50552 646 1215
42149 647 1218
56510 647 3927
56917 647 4241
52923 648 1223
52924 649 1225
52925 650 1225
50960 651 1226
52927 652 1227
52934 653 1238
52935 654 1238
53042 654 1319
53050 654 1323
1112 654 1392
53192 654 1407
24137 654 1451
42895 654 1496
53398 654 1559
53602 654 1705
50397 654 2124
19536 654 2134
54304 654 2195
54200 654 2201
54673 654 2468
54748 654 2522
32033 654 2593
29105 654 3975
57152 654 4416
57282 654 4513
57549 654 4711
25169 654 5016
58520 654 5499
23637 654 6453
52936 655 1240
52941 656 1242
52944 657 1246
42592 658 1247
45295 659 1248
24137 659 1503
54571 659 2375
52762 660 1249
10291 661 1253
52979 662 1262
52974 663 1263
53215 663 1419
29173 664 1264
52962 665 1265
54829 665 2576
52963 666 1265
52964 667 1266
52967 668 1266
52970 669 1267
45964 670 1268
49012 671 1269
52975 672 1269
52981 673 1272
52980 674 1272
52982 675 1272
52983 676 1274
52981 677 1277
51800 678 1282
50150 678 3650
57146 678 4414
29173 679 1283
52993 680 1284
52762 681 1285
52997 682 1289
53000 683 1289
45307 684 1292
46467 685 1293
53009 686 1294
51143 687 1294
53015 688 1297
53022 689 1304
53023 690 1305
29173 691 1305
53027 692 1306
53030 693 1309
53031 694 1310
29173 695 1313
22362 696 1313
53036 697 1315
53037 698 1315
53052 699 1323
53055 700 1326
53086 700 1347
52762 701 1328
53057 702 1328
52776 703 1330
27913 704 1332
53062 705 1333
53073 706 1338
53076 707 1345
52935 708 1346
53050 708 1472
53612 708 1712
54200 708 2208
54371 708 2249
21909 708 2302
55494 708 3197
57282 708 4641
58607 708 5577
58520 708 5589
23637 708 6442
51430 709 1350
53097 710 1352
53100 711 1357
54298 711 2191
59815 711 6600
38581 711 6816
53109 712 1359
53110 713 1360
53113 714 1361
47817 715 1365
14288 716 1366
53126 717 1369
53129 718 1375
53130 719 1377
53135 720 1379
53136 721 1379
981 721 1737
52672 722 1379
29637 723 1382
29173 724 1382
53144 725 1384
53145 726 1385
53146 727 1386
53147 728 1387
53148 729 1387
12344 729 1511
29173 730 1390
25273 731 1391
53185 732 1398
53186 733 1402
53187 734 1403
53202 735 1413
53203 736 1413
53204 737 1415
53207 738 1416
51645 739 1416
53206 740 1416
50279 741 1418
53221 742 1425
53222 743 1425
53223 744 1426
12725 745 1430
29173 746 1431
53230 747 1437
53233 748 1438
53236 749 1439
53237 750 1441
53238 751 1443
29173 752 1443
53240 753 1445
35752 754 1446
53244 755 1447
53245 756 1450
53248 757 1454
27183 758 1455
53254 759 1460
53260 760 1463
48251 761 1463
23379 762 1465
50354 763 1466
50860 764 1466
2463 765 1466
3953 766 1469
53276 767 1472
53279 768 1479
53105 769 1479
53281 770 1482
53284 771 1483
53287 772 1483
53294 773 1488
53295 774 1488
53296 775 1492
53301 776 1494
53302 777 1494
53303 778 1495
53304 779 1495
53309 780 1497
53312 781 1501
53335 781 1518
53361 781 1537
53377 781 1549
53393 781 1558
53407 781 1564
39261 781 1578
53445 781 1586
53456 781 1589
53499 781 1633
53503 781 1635
53568 781 1676
53586 781 1689
55069 781 2774
13953 782 1503
53318 783 1507
56875 783 4208
44018 784 1507
3054 785 1508
52755 786 1511
6611 786 1537
2091 786 1553
53424 786 1573
53059 787 1517
53337 788 1518
53338 789 1520
53341 790 1520
53342 791 1522
53343 792 1523
21950 793 1524
26013 794 1527
50701 795 1532
51775 796 1534
52672 797 1534
53365 798 1542
12905 799 1545
53379 800 1550
53380 801 1551
53381 802 1551
29173 803 1553
53385 804 1554
53392 805 1556
53397 806 1556
53801 806 1824
14884 807 1561
53403 808 1561
53406 809 1564
53417 810 1566
53418 811 1568
54446 811 2291
53423 812 1569
53428 813 1573
50526 814 1575
53432 815 1578
53441 816 1584
29173 817 1584
46769 818 1587
53260 819 1597
53467 820 1599
53468 821 1599
53471 822 1604
53478 823 1608
11769 824 1611
53482 825 1615
53483 826 1616
58431 826 5435
53484 827 1616
13221 828 1618
53490 829 1619
53491 830 1620
17532 831 1621
53493 832 1623
53494 833 1623
53495 834 1626
54779 834 2532
53498 835 1632
53505 836 1638
53512 837 1641
53513 838 1642
53514 839 1643
53517 840 1646
53518 841 1646
53519 842 1647
29173 843 1649
53523 844 1655
53898 844 1892
53432 845 1655
53537 846 1659
34962 847 1659
53543 848 1661
53554 849 1665
53555 850 1667
53558 851 1668
10291 852 1668
53600 852 1704
53765 852 1803
53768 852 1803
8518 852 1826
26277 852 1865
54100 852 2028
10313 852 2749
55470 852 3102
38031 852 3128
56042 852 3580
56458 852 3883
56694 852 4085
56864 852 4204
57770 852 5172
58951 852 5963
1659 852 5994
53562 853 1670
53567 854 1675
53574 855 1679
57094 855 4369
53577 856 1686
53578 857 1686
53583 858 1688
53584 859 1689
53585 860 1689
29173 861 1691
53589 862 1695
53596 863 1698
29173 864 1700
53598 865 1701
53599 866 1702
21310 867 1706
29173 868 1707
53608 869 1708
53609 870 1709
53610 871 1710
53611 872 1711
53616 873 1715
29173 874 1716
4996 875 1716
53619 876 1717
53622 877 1718
53625 878 1720
53628 879 1720
53633 880 1725
28355 880 1915
29173 881 1725
53637 882 1726
45842 883 1727
53639 884 1730
23379 885 1732
53645 886 1734
53646 887 1736
53647 888 1736
53656 889 1739
29173 890 1739
53660 891 1742
29173 892 1747
53662 893 1749
53634 894 1749
19990 895 1751
53669 896 1752
46227 897 1753
53679 898 1756
53680 899 1757
53685 900 1760
53688 901 1761
53691 902 1765
53439 903 1766
53693 904 1766
53696 905 1771
53699 906 1773
43182 907 1777
11692 908 1778
53714 909 1779
53696 910 1781
55995 910 3527
53718 911 1782
53727 912 1788
53728 913 1790
53729 914 1791
53732 915 1791
50408 916 1792
24027 917 1792
48402 918 1795
53750 919 1797
51129 920 1798
53754 921 1799
22998 922 1800
18168 923 1800
53059 924 1800
53764 925 1803
51129 926 1803
53774 927 1806
53779 928 1808
53782 929 1810
53785 930 1811
713 931 1818
53622 932 1819
53794 933 1820
53779 934 1823
53800 935 1824
53803 936 1825
53806 937 1827
53811 938 1832
53812 939 1833
53813 940 1833
53816 941 1835
53817 942 1835
53818 943 1836
53819 944 1839
53820 945 1839
53821 946 1839
53537 947 1841
53825 948 1842
53826 949 1843
41766 950 1843
59160 950 6233
53538 951 1844
49546 952 1845
53844 953 1853
53849 954 1855
53854 955 1861
7393 956 1863
53856 957 1863
32447 958 1864
53868 959 1867
53873 960 1873
53884 961 1882
54361 961 2236
54479 961 2308
30769 962 1885
52209 963 1887
31838 964 1887
53691 965 1887
50513 966 1892
276 967 1893
53903 968 1895
18561 969 1897
53907 970 1900
53912 971 1901
53913 972 1903
16361 973 1907
53917 974 1908
53920 975 1909
53921 976 1910
4140 977 1910
53927 978 1912
50560 979 1913
53928 980 1913
53930 981 1913
59083 981 5978
53567 982 1914
43572 983 1914
53945 984 1920
53946 985 1921
53947 986 1923
53948 987 1924
47817 988 1925
53959 989 1929
53961 990 1929
59305 990 6186
7393 991 1935
28196 992 1943
53974 993 1944
53975 994 1946
54302 994 2193
52329 995 1950
53991 996 1957
53993 997 1957
53992 998 1957
28376 999 1959
54001 1000 1963
54072 1000 2001
18315 1001 1963
54005 1002 1964
54014 1003 1971
50023 1004 1972
54026 1005 1973
54029 1006 1975
54034 1007 1982
53691 1008 1987
20748 1009 1987
18315 1010 1992
17993 1011 1995
54065 1012 1997
8111 1013 1998
54069 1014 1998
43287 1015 2001
18693 1016 2008
54080 1017 2010
54083 1018 2015
54088 1019 2018
54089 1020 2020
54092 1021 2023
29023 1022 2024
54106 1023 2029
29023 1024 2036
54122 1025 2038
12068 1026 2040
54130 1027 2041
52596 1028 2044
54132 1029 2044
54133 1030 2046
54136 1031 2049
54137 1032 2054
54138 1033 2055
54141 1034 2056
29023 1035 2058
54145 1036 2058
8111 1037 2060
54147 1038 2062
54148 1039 2062
54149 1040 2063
53807 1041 2064
54151 1042 2065
23229 1043 2068
12275 1044 2070
54154 1045 2073
54155 1046 2078
54160 1047 2082
54167 1048 2088
54499 1048 2331
54168 1049 2088
54175 1050 2091
54176 1051 2092
18315 1052 2095
50106 1053 2096
54183 1054 2097
40761 1055 2107
54197 1056 2114
44424 1057 2115
54199 1058 2117
54206 1059 2119
54215 1060 2124
47338 1061 2130
54231 1062 2134
45959 1063 2137
54237 1064 2145
54242 1065 2150
54243 1066 2152
18315 1067 2155
54249 1068 2156
12344 1068 2183
58834 1068 5778
42676 1069 2162
54255 1070 2162
54256 1071 2165
54257 1072 2166
54258 1073 2167
54259 1074 2167
54260 1075 2168
54263 1076 2170
34584 1077 2173
54269 1078 2177
23229 1079 2179
54513 1079 2346
54271 1080 2181
39702 1081 2192
54301 1082 2193
54310 1083 2196
54315 1084 2199
54316 1085 2200
54319 1086 2203
49265 1087 2203
37317 1088 2212
54329 1089 2213
54328 1090 2214
54330 1091 2219
9361 1092 2222
53903 1093 2224
45144 1094 2228
18315 1095 2228
36686 1096 2230
54351 1097 2230
60299 1097 7029
54350 1098 2230
54358 1099 2235
54363 1100 2237
54366 1101 2239
54367 1102 2241
54368 1103 2241
54698 1103 2530
33694 1104 2252
1112 1105 2253
43197 1105 2284
53398 1105 2446
32033 1105 2466
54818 1105 2567
22096 1105 2627
54964 1105 2682
54969 1105 2690
55080 1105 2781
55250 1105 2905
55268 1105 2924
55388 1105 3027
55433 1105 3075
55494 1105 3115
55650 1105 3242
55987 1105 3522
56228 1105 3723
29105 1105 3876
56473 1105 3890
56480 1105 3902
56677 1105 4068
36818 1105 4099
56739 1105 4115
56776 1105 4140
56895 1105 4227
58160 1105 5226
58285 1105 5329
51946 1105 5377
58443 1105 5451
58661 1105 5625
59442 1105 6321
60049 1105 6804
60303 1105 7034
54385 1106 2256
54386 1107 2256
54389 1108 2257
54390 1109 2258
54391 1110 2259
21648 1111 2260
54395 1112 2260
54367 1113 2264
54399 1114 2265
54414 1115 2274
54415 1116 2274
53917 1117 2274
47338 1118 2276
54426 1119 2281
54427 1120 2282
54438 1121 2285
54441 1122 2287
54442 1123 2287
12162 1124 2288
28932 1124 4481
54448 1125 2291
18315 1126 2292
30066 1127 2292
45295 1128 2299
54470 1129 2302
53903 1130 2305
54478 1131 2307
54481 1132 2309
55169 1132 2843
54486 1133 2314
298 1134 2317
54492 1135 2319
14307 1136 2322
21887 1137 2328
54511 1138 2339
27476 1139 2341
54519 1140 2350
54520 1141 2350
54527 1142 2354
54530 1143 2354
54531 1144 2355
52944 1145 2358
54422 1146 2359
30066 1147 2364
54559 1148 2367
29023 1149 2368
54575 1150 2378
54576 1151 2379
54583 1152 2383
45515 1153 2383
23752 1154 2386
54588 1155 2387
29637 1156 2388
54590 1157 2388
42982 1157 2438
13651 1158 2389
53517 1159 2392
54595 1160 2392
54598 1161 2395
54603 1162 2397
54470 1163 2398
17292 1164 2408
54616 1165 2410
54619 1166 2416
18315 1167 2422
52031 1168 2424
54640 1169 2427
54641 1170 2428
54642 1171 2430
58488 1171 5475
58936 1171 5868
54643 1172 2431
54644 1173 2434
54655 1174 2446
18315 1175 2447
25493 1176 2448
54658 1177 2450
54659 1178 2451
23593 1179 2452
54663 1180 2453
52557 1181 2454
54679 1182 2471
54690 1183 2477
54691 1184 2480
29023 1185 2481
54695 1186 2485
54700 1187 2486
55344 1187 2998
55349 1187 2999
54703 1188 2490
54063 1189 2490
54705 1190 2493
18315 1191 2495
29023 1192 2497
39238 1193 2504
54719 1194 2504
54726 1195 2506
54727 1196 2506
54728 1197 2507
54729 1198 2508
54730 1199 2509
54893 1199 2623
21625 1200 2510
54734 1201 2511
42671 1202 2513
42033 1203 2518
54743 1204 2519
54752 1205 2523
54753 1206 2524
54756 1207 2524
30175 1208 2525
54768 1209 2527
54766 1210 2527
26621 1211 2527
54769 1212 2529
54772 1213 2530
41329 1214 2531
29023 1215 2531
54781 1216 2532
54782 1217 2535
54783 1218 2536
15477 1219 2538
54791 1220 2539
54794 1221 2543
54795 1222 2544
30175 1223 2544
52330 1224 2545
54802 1225 2548
54882 1225 2614
16016 1226 2554
25202 1227 2556
54807 1228 2560
54808 1229 2560
54809 1230 2560
43370 1231 2561
60396 1231 7108
28047 1232 2562
54822 1233 2569
54783 1234 2579
54391 1235 2587
54843 1236 2587
52936 1237 2589
54851 1238 2590
54856 1239 2593
59844 1239 6622
54859 1240 2594
54860 1241 2599
54867 1242 2602
54872 1243 2605
54257 1244 2605
29129 1245 2607
54875 1246 2607
54257 1247 2614
41329 1248 2616
54888 1249 2619
54891 1250 2621
54892 1251 2621
54895 1252 2624
54896 1253 2624
54897 1254 2625
54902 1255 2629
54903 1256 2629
54908 1257 2632
54980 1257 2699
55109 1257 2796
55135 1257 2816
55199 1257 2869
55463 1257 3096
55465 1257 3098
55539 1257 3152
55722 1257 3306
55790 1257 3360
55795 1257 3363
56083 1257 3607
56144 1257 3652
56364 1257 3825
56379 1257 3834
56627 1257 4022
56915 1257 4240
56930 1257 4245
57235 1257 4680
58281 1257 5328
58327 1257 5369
58544 1257 5523
59079 1257 5968
59112 1257 6003
59574 1257 6406
59725 1257 6528
59774 1257 6568
54911 1258 2633
54914 1259 2640
54917 1260 2642
54531 1261 2642
54921 1262 2644
10411 1263 2645
54931 1264 2648
54257 1265 2649
46144 1266 2650
54934 1267 2650
51577 1268 2650
54938 1269 2655
54943 1270 2656
54950 1271 2663
54955 1272 2668
54956 1273 2670
54957 1274 2672
54960 1275 2675
55018 1275 2732
54961 1276 2680
25081 1276 4418
18315 1277 2683
54967 1278 2688
54968 1279 2690
54971 1280 2690
54974 1281 2692
54530 1282 2695
54984 1283 2700
54988 1284 2702
24264 1285 2702
45714 1286 2704
54990 1287 2705
54991 1288 2705
11849 1289 2708
54996 1290 2710
54995 1291 2710
54999 1292 2712
55002 1293 2717
50526 1294 2718
48617 1295 2721
55009 1296 2725
16361 1297 2728
55015 1298 2731
55020 1299 2732
55021 1300 2733
53854 1301 2738
44682 1302 2739
55024 1303 2740
18916 1304 2741
55030 1305 2746
55035 1306 2747
55038 1307 2748
54950 1308 2749
9425 1309 2752
55045 1310 2756
55047 1311 2757
2408 1312 2758
55050 1313 2760
16026 1314 2762
55052 1315 2762
51354 1316 2768
55058 1317 2770
37646 1318 2770
55066 1319 2773
55079 1320 2778
55092 1321 2787
55101 1322 2788
55104 1323 2790
47817 1324 2791
11955 1324 4243
53338 1325 2792
55115 1326 2799
55116 1327 2801
48048 1328 2808
55128 1329 2811
55129 1330 2814
55134 1331 2816
55137 1332 2817
55138 1333 2822
9425 1334 2823
55148 1335 2827
3318 1336 2827
55150 1337 2827
55151 1338 2827
54728 1339 2827
44552 1339 2871
37804 1340 2829
55162 1341 2841
54315 1342 2842
55166 1343 2842
48835 1344 2846
29023 1345 2852
55148 1346 2853
55186 1347 2860
55187 1348 2860
55188 1349 2863
55189 1350 2863
29023 1351 2864
55191 1352 2864
55191 1353 2865
55195 1354 2865
52329 1355 2865
55201 1356 2870
55210 1357 2874
55211 1358 2877
55218 1359 2880
55223 1360 2883
25083 1361 2883
1834 1362 2884
55232 1363 2887
29023 1364 2890
55242 1365 2896
55243 1366 2898
11692 1367 2898
27192 1368 2898
55245 1369 2898
27192 1370 2899
24027 1371 2903
55249 1372 2903
55254 1373 2905
55257 1374 2910
55262 1375 2918
55267 1376 2923
55270 1377 2925
55271 1378 2926
50942 1379 2932
55277 1380 2933
48048 1381 2935
55281 1382 2936
55286 1383 2940
55293 1384 2944
26028 1385 2948
55299 1386 2952
55300 1387 2952
55301 1388 2953
55302 1389 2954
28324 1390 2956
55310 1391 2959
55313 1392 2962
55324 1393 2977
13870 1394 2980
55330 1395 2980
55341 1396 2996
55346 1397 2998
55353 1398 3004
55358 1399 3009
55361 1400 3009
55362 1401 3010
55371 1402 3019
55372 1403 3019
16764 1404 3020
55376 1405 3020
55377 1406 3020
55380 1407 3021
59450 1407 6325
55383 1408 3023
55392 1409 3031
55393 1410 3032
55341 1411 3033
55395 1412 3033
55396 1413 3034
55397 1414 3042
53519 1415 3046
55401 1416 3046
55402 1417 3049
55403 1418 3051
55404 1419 3051
55407 1420 3056
55408 1421 3056
55443 1421 3081
56004 1421 3540
56080 1421 3606
56089 1421 3611
52063 1421 3630
55413 1422 3062
55414 1423 3062
55417 1424 3068
55418 1425 3069
55419 1426 3069
55363 1427 3073
51143 1428 3079
55438 1429 3079
55445 1430 3081
55447 1431 3083
55446 1432 3083
55448 1433 3085
55451 1434 3089
55453 1435 3089
55452 1436 3089
55454 1437 3091
47708 1438 3092
55460 1439 3092
55467 1440 3098
55472 1441 3102
55477 1442 3104
55486 1443 3110
55489 1444 3113
34628 1445 3114
23593 1446 3114
55500 1447 3123
55501 1448 3124
55510 1449 3132
12535 1450 3136
55262 1451 3138
52324 1452 3140
58216 1452 5268
19141 1453 3141
55527 1454 3142
23609 1455 3151
55543 1456 3153
30108 1457 3155
55545 1458 3157
29023 1459 3160
55563 1460 3166
29023 1461 3170
55565 1462 3171
30866 1463 3178
55573 1464 3183
55578 1465 3189
55581 1466 3190
29023 1467 3192
55585 1468 3194
55353 1469 3197
55593 1470 3197
55320 1471 3200
55597 1472 3201
28047 1473 3202
55605 1474 3203
55606 1475 3204
55613 1476 3206
55614 1477 3208
55615 1478 3210
55616 1479 3210
55619 1480 3211
57934 1480 5040
55624 1481 3216
55625 1482 3217
46600 1483 3220
55631 1484 3226
55642 1485 3234
42773 1486 3235
55646 1487 3238
55649 1488 3241
55694 1488 3287
55787 1488 3359
56044 1488 3583
59722 1488 6527
8865 1488 6909
55652 1489 3248
49761 1490 3249
2011 1490 3294
2091 1490 3374
56316 1490 3789
52426 1491 3249
55657 1492 3249
55453 1493 3249
55663 1494 3253
55666 1495 3257
55349 1496 3257
15329 1497 3261
55675 1498 3262
13854 1499 3263
55677 1500 3264
32393 1501 3271
55685 1502 3272
55688 1503 3275
55689 1504 3276
55698 1505 3288
51822 1505 3381
55701 1506 3293
55704 1507 3294
32768 1508 3295
55712 1509 3300
55713 1510 3302
55726 1511 3308
55727 1512 3310
55732 1513 3312
55733 1514 3313
13953 1515 3313
55735 1516 3314
12015 1517 3314
50997 1518 3315
7206 1518 3378
55828 1518 3383
1872 1518 3389
7135 1518 3411
2091 1518 3485
1973 1518 3495
2289 1518 3540
2184 1518 3565
55738 1519 3315
55741 1520 3318
55744 1521 3320
55745 1522 3323
55746 1523 3326
55749 1524 3328
23229 1525 3333
55755 1526 3335
55756 1527 3336
55759 1528 3339
55768 1529 3347
52845 1530 3347
55778 1531 3353
55778 1532 3354
55786 1533 3356
28196 1534 3359
16026 1535 3362
55797 1536 3363
29637 1537 3370
19272 1538 3374
55814 1539 3374
55823 1540 3380
55824 1541 3381
55827 1542 3383
55832 1543 3384
55833 1544 3386
55836 1545 3387
55841 1546 3389
55846 1547 3396
55732 1548 3397
55854 1549 3401
55857 1550 3403
35874 1551 3403
20584 1552 3405
41935 1553 3412
55871 1554 3416
55872 1555 3416
24793 1556 3421
12673 1557 3426
54132 1558 3434
55888 1559 3435
55889 1560 3436
3727 1561 3438
55899 1562 3449
25790 1563 3449
55908 1563 3456
55900 1564 3450
55912 1565 3458
55915 1566 3460
55916 1567 3463
55917 1568 3464
55922 1569 3469
55925 1570 3470
55934 1571 3475
55935 1572 3476
55936 1573 3480
55937 1574 3483
55938 1575 3484
55941 1576 3485
55944 1577 3487
55947 1578 3488
55954 1579 3490
53803 1580 3490
55958 1581 3491
50763 1582 3492
55960 1583 3493
28219 1584 3495
55964 1585 3498
55971 1586 3504
55972 1587 3507
31274 1588 3507
18793 1589 3507
8866 1590 3508
56096 1590 3617
27293 1590 4364
55983 1591 3516
55986 1592 3519
56771 1592 4137
55991 1593 3526
36228 1594 3527
55997 1595 3530
11692 1596 3533
55915 1597 3534
56002 1598 3535
53073 1599 3537
582572 1600 3540
56010 1601 3545
56012 1602 3548
56011 1603 3548
55663 1604 3552
56016 1605 3552
56017 1606 3553
56018 1607 3554
56019 1608 3555
56024 1609 3562
56029 1610 3565
56032 1611 3569
56037 1612 3576
56046 1613 3584
24264 1614 3585
56050 1615 3586
6407 1616 3588
59160 1616 6187
56058 1617 3589
56059 1618 3590
30478 1619 3591
56063 1620 3596
56002 1621 3597
56065 1622 3597
56067 1623 3599
56066 1624 3599
56068 1625 3600
54106 1626 3600
18017 1627 3601
56245 1627 3859
58453 1627 5456
4501 1628 3601
56291 1628 3770
24070 1629 3602
56533 1629 3952
58026 1629 5110
56079 1630 3604
7271 1631 3606
56418 1631 4087
56085 1632 3609
48204 1633 3610
56087 1634 3610
56088 1635 3611
36686 1636 3612
52902 1637 3612
56093 1638 3616
56100 1639 3619
56101 1640 3619
56104 1641 3620
16 1641 3685
56240 1641 3738
56342 1641 3808
56445 1641 3876
56418 1641 3879
56470 1641 3888
56732 1641 4175
11097 1641 4197
56960 1641 4267
57205 1641 4454
57239 1641 4694
57526 1641 4697
57547 1641 4711
57564 1641 4724
57645 1641 4798
57870 1641 4994
55494 1641 5020
58407 1641 5411
8471 1641 5627
24137 1641 6338
60400 1641 7109
54818 1642 3626
56114 1643 3627
5067 1644 3627
56118 1645 3629
56123 1646 3630
45799 1647 3637
3497 1648 3638
46273 1649 3639
54783 1650 3644
50923 1651 3644
56137 1652 3646
56138 1653 3648
56139 1654 3648
56140 1655 3649
56100 1656 3649
56245 1656 3817
56146 1657 3653
56147 1658 3655
56148 1659 3657
56149 1660 3660
55726 1661 3660
56155 1662 3661
25126 1663 3661
56466 1663 3886
46015 1663 4012
25125 1663 4185
60079 1663 6834
56151 1664 3661
54588 1665 3661
56159 1666 3663
56160 1667 3666
56161 1668 3666
56164 1669 3670
56165 1670 3670
56166 1671 3673
56167 1672 3677
28124 1673 3677
56169 1674 3679
56170 1675 3679
56173 1676 3679
56174 1677 3680
56175 1678 3683
56180 1679 3688
56185 1680 3689
59686 1680 6499
60182 1680 6920
56190 1681 3694
56191 1682 3695
56192 1683 3696
56193 1684 3697
56198 1685 3701
56199 1686 3701
44596 1687 3702
56838 1687 4189
56205 1688 3705
56208 1689 3709
56211 1690 3711
56214 1691 3712
50133 1692 3712
56218 1693 3716
56293 1693 3770
56309 1693 3783
56311 1693 3786
56344 1693 3808
56391 1693 3847
56431 1693 3870
56441 1693 3875
56552 1693 3965
56942 1693 4254
57225 1693 4466
35217 1694 3718
56222 1695 3719
56227 1696 3723
56245 1696 3742
56234 1697 3725
56235 1698 3732
21958 1699 3735
56239 1700 3738
8072 1701 3742
56247 1702 3743
56253 1703 3745
56252 1704 3746
56256 1705 3747
31374 1706 3752
56263 1707 3752
56264 1708 3753
56266 1709 3755
56271 1710 3757
56276 1711 3758
56279 1712 3760
56284 1713 3764
42615 1714 3767
54559 1715 3769
56295 1716 3771
56302 1717 3776
56307 1718 3777
56308 1719 3782
56313 1720 3787
56318 1721 3790
56319 1722 3792
47939 1723 3792
56321 1724 3793
56328 1725 3795
56329 1726 3798
56334 1727 3803
56339 1728 3806
56346 1729 3809
56347 1730 3810
56348 1731 3811
23752 1732 3812
56349 1733 3812
3359 1734 3816
56360 1735 3820
23342 1736 3820
56366 1737 3826
56367 1738 3826
56378 1739 3833
40324 1740 3835
48964 1741 3838
56387 1742 3840
56388 1743 3842
56393 1744 3848
52866 1745 3848
56397 1746 3849
18561 1747 3849
56402 1747 3850
49759 1748 3849
22776 1749 3853
56417 1750 3862
56420 1751 3864
56421 1752 3865
56422 1753 3866
56425 1754 3866
56428 1755 3869
51691 1756 3869
41158 1757 3870
56437 1758 3873
56440 1759 3875
56447 1760 3876
56454 1761 3880
56455 1762 3881
56456 1763 3882
56457 1764 3882
21189 1765 3890
31374 1766 3891
56476 1767 3892
29366 1768 3900
56487 1769 3905
56488 1770 3905
55543 1771 3905
56483 1772 3906
21598 1773 3907
56491 1774 3909
44424 1775 3911
55543 1776 3915
56498 1777 3916
56499 1778 3917
56431 1779 3920
56505 1780 3921
56506 1781 3924
55390 1782 3925
56512 1783 3928
56515 1784 3932
56518 1785 3934
56525 1786 3942
24264 1787 3945
56529 1788 3950
56530 1789 3950
56531 1790 3951
56532 1791 3951
56388 1792 3955
54527 1793 3955
55915 1794 3955
56540 1795 3956
56543 1796 3959
56544 1797 3959
56545 1798 3959
56100 1799 3967
56169 1800 3968
56562 1801 3971
56567 1802 3974
56570 1803 3975
56573 1804 3976
27577 1805 3977
55606 1806 3978
56580 1807 3980
54269 1808 3981
56552 1809 3982
56585 1810 3983
56586 1811 3985
56587 1812 3987
56588 1813 3987
56591 1814 3991
56061 1815 3992
27889 1816 3994
56596 1817 3995
41432 1818 3996
56600 1819 3996
56601 1820 3997
56602 1821 4000
56605 1822 4001
56606 1823 4003
56607 1824 4005
56608 1825 4006
56611 1826 4009
56612 1827 4011
56617 1828 4014
56618 1829 4016
55195 1830 4019
2817 1831 4020
56631 1832 4023
54908 1833 4023
56650 1833 4042
56675 1833 4066
56687 1833 4076
56692 1833 4080
56144 1833 4096
56723 1833 4101
56737 1833 4112
56788 1833 4147
55465 1833 4182
55790 1833 4192
56847 1833 4196
56853 1833 4200
56862 1833 4203
56893 1833 4226
56908 1833 4233
56945 1833 4255
56956 1833 4266
55187 1833 4270
56915 1833 4271
57006 1833 4299
57011 1833 4300
57035 1833 4324
57042 1833 4327
57087 1833 4364
57174 1833 4429
57183 1833 4433
57195 1833 4444
57201 1833 4448
57222 1833 4465
57235 1833 4474
57303 1833 4533
36295 1833 4588
57544 1833 4707
57597 1833 4746
57611 1833 4756
57609 1833 4756
57651 1833 4802
57727 1833 4870
57776 1833 4905
57822 1833 4959
57843 1833 4971
57845 1833 4975
57996 1833 5086
58024 1833 5109
58066 1833 5148
58121 1833 5195
58271 1833 5315
58305 1833 5347
58461 1833 5462
58517 1833 5497
58529 1833 5508
58536 1833 5514
58575 1833 5552
58582 1833 5560
58768 1833 5722
58859 1833 5795
58919 1833 5852
59380 1833 6249
59386 1833 6259
59699 1833 6511
59936 1833 6702
60325 1833 7054
60350 1833 7065
60408 1833 7112
56379 1833 7164
56635 1834 4029
56691 1835 4030
56690 1835 4080
53714 1836 4033
56639 1837 4034
4912 1838 4036
56641 1839 4037
30769 1840 4038
56645 1841 4039
56648 1842 4041
56649 1843 4041
56807 1843 4163
56652 1844 4044
56653 1845 4045
56560 1846 4046
56657 1847 4046
56658 1848 4050
56661 1849 4054
56662 1850 4057
56663 1851 4057
56664 1852 4058
15372 1853 4060
56668 1854 4061
56673 1855 4063
56674 1856 4063
56679 1857 4069
56682 1858 4072
56689 1859 4079
56700 1860 4085
56703 1861 4087
56706 1862 4092
56707 1863 4093
56714 1864 4097
56725 1865 4103
56726 1866 4105
56727 1867 4106
17818 1868 4111
56731 1869 4111
45709 1870 4112
26049 1871 4117
56746 1872 4119
56100 1873 4128
56754 1874 4129
56755 1875 4129
56836 1875 4188
57379 1875 4584
56758 1876 4129
56759 1877 4130
56762 1878 4132
56765 1879 4134
56768 1880 4135
56664 1880 4158
54891 1881 4135
56770 1882 4136
56775 1883 4138
56778 1884 4142
28308 1885 4143
55925 1886 4148
42033 1887 4151
56800 1888 4157
56809 1889 4165
56810 1890 4167
40385 1891 4168
46196 1892 4168
55341 1893 4174
56820 1894 4176
45842 1895 4185
56834 1896 4187
56835 1897 4187
56840 1898 4190
56859 1899 4201
56868 1900 4206
56869 1901 4206
56874 1902 4208
56877 1903 4209
56708 1904 4209
56883 1905 4214
56884 1906 4216
51775 1907 4217
56892 1908 4223
56899 1909 4228
56900 1910 4229
56901 1911 4229
56902 1912 4230
20554 1913 4232
56914 1914 4237
56919 1915 4242
56926 1916 4243
56664 1916 4299
56927 1917 4244
379 1918 4248
56988 1918 5853
56937 1919 4249
56938 1920 4250
56939 1921 4251
56944 1922 4254
56947 1923 4255
56649 1924 4258
73 1925 4261
56954 1926 4263
56955 1927 4264
56964 1928 4269
14884 1929 4270
56972 1930 4272
56899 1931 4275
56978 1932 4276
56979 1933 4277
56984 1934 4282
56985 1935 4282
56987 1936 4286
56988 1937 4289
379 1937 4392
44854 1938 4289
56996 1939 4290
56997 1940 4291
56998 1941 4291
26740 1942 4293
57004 1943 4297
57005 1944 4298
57008 1945 4299
57023 1946 4307
48701 1947 4309
11955 1947 4372
57031 1948 4315
1355 1948 4359
57032 1949 4318
57039 1950 4326
57044 1951 4327
57074 1951 4356
57047 1952 4332
29023 1953 4333
29023 1954 4333
29000 1955 4337
57055 1956 4340
57058 1957 4342
10157 1958 4346
57060 1959 4347
29023 1960 4347
57064 1961 4348
57067 1962 4353
57068 1963 4353
47817 1964 4353
57070 1965 4354
57071 1966 4354
57313 1966 4539
56104 1967 4356
49207 1967 5796
8371 1967 6004
59165 1967 6061
57076 1968 4357
56649 1969 4358
57078 1970 4358
57089 1971 4366
57101 1971 4374
57245 1971 4477
57243 1971 4477
57311 1971 4538
57345 1971 4563
1302 1971 4581
57411 1971 4607
1438 1971 4634
57444 1971 4637
57446 1971 4638
57520 1971 4690
57581 1971 4733
57739 1971 4880
57788 1971 4917
57801 1971 4928
57883 1971 5000
25050 1971 5111
58051 1971 5131
58177 1971 5247
58423 1971 5429
58513 1971 5494
58639 1971 5609
59228 1971 6128
59281 1971 6169
59447 1971 6324
59547 1971 6390
59608 1971 6430
59813 1971 6599
43944 1971 6700
59954 1971 6722
60047 1971 6802
60186 1971 6958
60342 1971 7060
60363 1971 7074
57090 1972 4366
57093 1973 4369
15961 1974 4370
57097 1975 4370
14063 1976 4374
57105 1977 4377
57108 1978 4380
57109 1979 4380
57114 1980 4382
57115 1981 4382
57122 1982 4386
57123 1983 4388
57130 1984 4394
57131 1985 4395
29132 1986 4400
57139 1987 4405
57140 1988 4408
57141 1989 4408
57142 1990 4408
33276 1991 4409
57144 1992 4411
55871 1993 4414
57156 1994 4421
57159 1995 4423
38844 1996 4425
57167 1997 4426
56664 1997 4476
52330 1998 4426
57173 1999 4428
57178 2000 4430
57181 2001 4433
57182 2002 4433
57185 2003 4434
18089 2004 4436
57187 2005 4436
57192 2006 4441
56240 2007 4445
57198 2008 4445
41991 2009 4459
57212 2010 4459
57213 2011 4460
57214 2012 4461
55395 2013 4462
57224 2014 4466
57227 2015 4466
57228 2016 4467
57229 2017 4470
48701 2018 4470
57171 2019 4473
57234 2020 4473
57247 2021 4478
57250 2022 4485
57251 2023 4487
57247 2024 4488
53803 2025 4490
57258 2026 4495
50442 2027 4497
57264 2028 4502
2335 2029 4502
57266 2030 4504
57267 2031 4504
57268 2032 4504
44424 2033 4510
57276 2034 4510
57277 2035 4511
57514 2035 4687
57666 2035 4815
57682 2035 4833
58211 2035 5261
52043 2035 5374
58397 2035 5406
58441 2035 5450
58459 2035 5462
58763 2035 5719
58802 2035 5754
58906 2035 5842
59230 2035 6132
59251 2035 6147
59271 2035 6157
59279 2035 6169
59434 2035 6317
59438 2035 6320
59808 2035 6592
60244 2035 6971
57284 2036 4513
57171 2037 4518
55405 2038 4519
57256 2039 4519
57292 2040 4523
57293 2041 4524
6667 2042 4528
57247 2043 4528
6668 2044 4528
57301 2045 4529
57302 2046 4530
57305 2047 4535
57306 2048 4535
57315 2049 4541
57316 2050 4544
57266 2051 4547
7890 2052 4549
27908 2053 4551
25703 2054 4551
57337 2055 4557
57340 2056 4557
57341 2057 4558
57344 2058 4560
57914 2058 5024
58006 2058 5092
57351 2059 4566
57356 2060 4571
57357 2061 4573
57364 2062 4577
42456 2063 4578
73 2064 4579
393 2065 4580
57247 2066 4582
47939 2067 4582
57375 2068 4582
55489 2069 4584
57388 2070 4589
40763 2071 4589
57178 2072 4591
57391 2073 4592
57394 2074 4594
57401 2075 4599
57402 2076 4599
54478 2077 4599
57404 2078 4601
57409 2079 4605
58132 2079 5202
57410 2080 4606
42456 2081 4607
57416 2082 4608
57417 2083 4609
57426 2084 4618
53338 2085 4622
57428 2086 4623
57431 2087 4625
43670 2088 4625
57432 2089 4625
57436 2090 4631
57437 2091 4633
57440 2092 4634
57443 2093 4637
57454 2094 4641
57455 2095 4641
57247 2096 4644
57465 2097 4644
57468 2098 4645
57471 2099 4646
57472 2100 4648
37364 2101 4651
57476 2102 4651
57483 2103 4658
53238 2104 4658
57485 2105 4659
57488 2106 4661
57491 2107 4663
57492 2108 4664
57495 2109 4665
21637 2110 4672
57497 2111 4672
57498 2112 4672
393 2113 4674
57500 2114 4678
57503 2115 4682
57508 2116 4685
56765 2117 4685
57524 2118 4694
23081 2118 6140
57525 2119 4696
42456 2120 4698
48168 2121 4699
10479 2122 4702
57537 2123 4702
57538 2124 4705
57539 2125 4705
57546 2126 4711
57179 2127 4715
57562 2128 4720
57563 2129 4721
57570 2130 4725
42456 2131 4727
57572 2132 4729
57577 2133 4732
57578 2134 4732
40124 2135 4734
57584 2136 4735
57591 2137 4742
57179 2138 4742
57601 2139 4747
57294 2140 4747
29242 2141 4751
6782 2142 4751
57601 2143 4753
42456 2144 4753
57613 2145 4759
52773 2145 4964
58036 2145 5114
57614 2146 4761
57562 2147 4762
57618 2148 4763
57629 2149 4767
57633 2150 4776
57632 2151 4776
57634 2152 4784
171 2153 4784
57636 2154 4788
57639 2155 4793
52228 2155 4843
57640 2156 4794
57647 2157 4798
57648 2158 4800
4255 2159 4801
57680 2159 4833
57707 2159 4850
57712 2159 4860
57911 2159 5024
58030 2159 5111
16078 2160 4802
25502 2160 4842
29000 2161 4806
57656 2162 4808
57663 2163 4813
57668 2164 4815
57671 2165 4819
57672 2166 4819
47820 2167 4823
56544 2168 4827
57679 2169 4832
56010 2170 4837
22306 2171 4837
24762 2172 4839
57701 2173 4842
41054 2174 4845
51801 2175 4848
57704 2176 4848
29023 2177 4853
57710 2178 4854
57711 2179 4859
57716 2180 4863
29023 2181 4863
57720 2182 4866
57723 2183 4867
23447 2184 4868
34208 2185 4871
57730 2186 4871
57731 2187 4872
57732 2188 4872
57735 2189 4877
57738 2190 4880
29023 2191 4884
57744 2192 4887
57749 2193 4891
57750 2194 4892
57753 2195 4893
57758 2196 4894
57759 2197 4894
57762 2198 4898
25460 2199 4898
53567 2200 4902
57773 2201 4903
57778 2202 4906
57315 2203 4906
33753 2204 4908
57781 2205 4910
57790 2206 4917
57793 2207 4923
57747 2208 4924
57797 2209 4925
57800 2210 4927
57601 2211 4930
57804 2212 4931
57807 2213 4936
57825 2213 4962
57838 2213 4969
57924 2213 5036
57941 2213 5046
57953 2213 5054
57144 2213 5072
57984 2213 5079
57987 2213 5081
15495 2213 5096
58017 2213 5101
58043 2213 5124
58112 2213 5188
58332 2213 5372
58342 2213 5375
58469 2213 5464
58490 2213 5476
58522 2213 5500
58886 2213 5823
59220 2213 6118
59469 2213 6335
59969 2213 6737
57810 2214 4940
55543 2215 4943
57814 2216 4946
39384 2217 4948
12778 2218 4948
57821 2219 4958
57824 2220 4960
8156 2221 4966
17981 2221 5048
6407 2221 6481
29367 2221 7061
57834 2222 4967
9771 2222 4984
41269 2223 4968
57842 2224 4970
57849 2225 4976
57850 2226 4977
27569 2227 4980
57889 2227 5005
57856 2228 4982
57861 2229 4986
57866 2230 4989
6488 2231 4993
57876 2232 4996
57877 2233 4997
57880 2234 4999
57885 2235 5000
57888 2236 5003
56544 2237 5012
35187 2238 5014
57901 2239 5017
54791 2240 5024
57913 2241 5024
56160 2242 5037
57927 2243 5037
57936 2244 5040
57955 2244 5054
24264 2245 5042
57940 2246 5044
57951 2247 5051
57952 2248 5053
57957 2249 5055
57958 2250 5055
58011 2250 5097
57961 2251 5059
55223 2252 5066
57969 2253 5068
57970 2254 5070
57971 2255 5070
57998 2255 5086
55720 2256 5071
57981 2257 5075
57986 2258 5081
57995 2259 5084
58004 2260 5089
58005 2261 5090
58008 2262 5093
58021 2263 5104
57880 2264 5116
29622 2265 5117
58040 2266 5119
58047 2267 5126
58048 2268 5128
44542 2269 5128
57294 2270 5129
58053 2271 5131
57981 2272 5134
58059 2273 5138
58060 2274 5139
58061 2275 5139
35036 2276 5142
58065 2277 5143
33694 2278 5152
58071 2279 5152
58076 2280 5156
58079 2281 5157
55377 2282 5158
58008 2283 5163
19292 2284 5165
11698 2285 5167
58090 2286 5167
58097 2287 5173
55270 2288 5182
58111 2289 5188
58114 2290 5188
58115 2291 5191
58120 2292 5195
58123 2293 5196
58126 2294 5198
58131 2295 5200
58134 2296 5203
58137 2297 5205
26112 2298 5205
6611 2298 5208
55828 2298 5329
58147 2299 5213
58148 2300 5215
58149 2301 5217
58154 2302 5220
58155 2303 5220
58162 2304 5230
58165 2305 5232
41190 2306 5233
58167 2307 5233
58170 2308 5235
58171 2309 5235
58120 2310 5236
58173 2311 5240
35729 2312 5240
58175 2313 5241
49475 2314 5243
58181 2315 5246
58188 2316 5249
58199 2317 5253
58200 2318 5254
47618 2319 5256
58204 2320 5260
26112 2321 5260
58206 2321 5261
58299 2321 5347
59122 2321 6010
58208 2322 5261
58213 2323 5262
58155 2324 5270
58219 2325 5275
58079 2326 5277
56639 2327 5280
58222 2328 5280
58223 2329 5280
58224 2330 5281
58447 2330 5452
56046 2331 5282
58230 2332 5282
58233 2333 5288
58238 2334 5293
58241 2335 5296
58243 2336 5297
58242 2337 5297
49691 2338 5300
58251 2339 5301
58252 2340 5301
58253 2341 5302
58534 2341 5513
58256 2342 5302
26112 2343 5306
58299 2343 5347
2011 2343 5366
55418 2344 5308
58263 2345 5309
58264 2346 5310
58265 2347 5310
58268 2348 5311
58273 2349 5315
58274 2350 5321
58275 2351 5324
58276 2352 5325
58277 2353 5325
58278 2354 5326
29023 2355 5327
58280 2356 5328
18548 2357 5332
57981 2358 5334
58211 2359 5340
18435 2360 5341
29023 2361 5342
58293 2362 5342
58295 2363 5343
57089 2364 5344
57245 2364 5396
57243 2364 5396
59316 2364 6200
59447 2364 6342
60186 2364 6925
13388 2365 5345
58411 2365 5416
58297 2366 5346
58298 2367 5346
58079 2368 5347
58285 2369 5347
56388 2370 5348
58314 2371 5357
51946 2371 5377
58315 2372 5359
58316 2373 5362
48911 2374 5362
58318 2375 5364
26112 2375 5487
29000 2376 5365
58319 2377 5365
58325 2378 5366
60084 2378 6837
60403 2378 7110
58326 2379 5367
29023 2380 5369
58334 2381 5373
58337 2382 5373
58340 2383 5374
58341 2384 5374
58346 2385 5376
26112 2386 5377
58384 2386 5401
58299 2386 5589
46697 2387 5382
58361 2388 5383
58362 2389 5385
58363 2390 5385
60375 2390 7086
58079 2391 5396
58368 2392 5396
54753 2393 5396
58379 2394 5399
58380 2395 5399
58383 2396 5401
58388 2397 5402
58389 2398 5402
2335 2399 5403
58395 2400 5405
58396 2401 5405
56087 2402 5406
58400 2403 5407
58403 2404 5409
60021 2404 6787
37364 2405 5410
58409 2406 5414
58410 2407 5414
58414 2408 5416
58413 2409 5416
58079 2410 5422
26112 2411 5423
58455 2411 5458
52330 2412 5424
48588 2413 5427
58425 2414 5430
58428 2415 5433
58429 2416 5433
58485 2416 5475
58492 2416 5476
60321 2416 7051
58430 2417 5435
57636 2418 5437
58434 2419 5443
55871 2420 5445
58435 2421 5445
44889 2422 5446
50878 2423 5447
7890 2424 5448
58440 2425 5448
58445 2426 5452
58446 2427 5452
58449 2428 5454
58450 2429 5454
58471 2430 5467
58472 2431 5469
34832 2432 5469
58079 2433 5474
58453 2434 5475
52228 2434 5495
58494 2435 5476
37364 2436 5477
58500 2437 5480
9361 2438 5481
58512 2439 5492
58519 2440 5497
58502 2441 5502
58527 2442 5502
58528 2443 5503
58531 2444 5508
58532 2445 5510
58533 2446 5512
58546 2447 5526
58547 2448 5527
58548 2449 5532
58549 2450 5533
27912 2451 5534
58559 2452 5540
58570 2453 5551
58577 2454 5553
58580 2455 5557
58581 2456 5558
32658 2457 5562
58591 2458 5563
58594 2459 5567
58597 2460 5569
58598 2461 5569
53467 2462 5570
58600 2463 5570
58601 2464 5570
58602 2465 5570
55265 2466 5576
58610 2467 5577
26773 2468 5580
48017 2469 5582
58615 2470 5584
58616 2471 5586
58623 2472 5589
58624 2473 5590
58627 2474 5591
58630 2475 5595
56689 2476 5596
58632 2477 5597
58754 2477 5712
58633 2478 5598
58634 2479 5599
58635 2480 5601
58636 2481 5602
43287 2482 5603
54527 2483 5606
58641 2484 5609
58642 2485 5610
58651 2486 5614
58652 2487 5615
58653 2488 5615
58654 2489 5619
58665 2490 5627
58668 2491 5628
58669 2492 5630
41598 2493 5634
58681 2494 5639
58654 2495 5639
58684 2496 5641
28891 2497 5642
38244 2498 5646
58690 2499 5648
11086 2500 5651
58696 2501 5654
58697 2502 5656
13470 2503 5657
58701 2504 5660
37364 2505 5661
58713 2506 5666
58714 2507 5666
58715 2508 5669
58720 2509 5671
40427 2510 5672
58724 2511 5684
15345 2512 5692
58730 2513 5692
58735 2514 5695
422 2515 5696
1 2516 5699
58740 2517 5700
58745 2518 5704
60111 2518 6855
58748 2519 5707
58749 2520 5707
34396 2521 5708
58751 2522 5712
1861 2523 5715
58826 2523 5772
58899 2523 5835
58944 2523 5872
58962 2523 5891
58983 2523 5905
58761 2524 5717
58634 2525 5719
52177 2526 5719
58770 2527 5725
58777 2528 5728
58781 2529 5732
39563 2529 5733
59694 2529 6506
59766 2529 6562
59792 2529 6582
13057 2529 6603
59836 2529 6615
59920 2529 6692
58780 2530 5732
58784 2531 5733
58162 2532 5740
58790 2533 5742
58791 2534 5743
58798 2535 5752
58799 2536 5753
58804 2537 5754
58809 2538 5757
58812 2539 5759
58813 2540 5759
58822 2541 5767
58825 2542 5772
58340 2543 5774
58833 2544 5775
58838 2545 5779
58845 2546 5784
58848 2547 5786
58851 2548 5790
58852 2549 5791
49605 2550 5791
29195 2551 5793
58863 2552 5795
58864 2553 5797
58865 2554 5798
51452 2555 5800
58921 2555 5852
59070 2555 5962
58875 2556 5812
58877 2557 5812
58876 2558 5812
58880 2559 5816
58885 2560 5822
56573 2561 5827
58833 2562 5829
58892 2563 5830
58893 2564 5832
58894 2565 5832
58897 2566 5834
58898 2567 5834
58903 2568 5836
59026 2568 5935
58904 2569 5840
37364 2570 5841
58908 2571 5845
58911 2572 5847
58916 2573 5849
58927 2574 5855
58938 2575 5869
58941 2576 5870
25246 2577 5875
58953 2578 5878
58987 2578 5906
58954 2579 5882
58959 2580 5888
58964 2581 5892
58965 2582 5892
58976 2583 5897
58979 2584 5903
58980 2585 5904
58989 2586 5911
58994 2587 5913
58997 2588 5916
23593 2589 5916
58999 2590 5918
48788 2591 5922
6611 2591 5944
59246 2591 6146
2091 2591 6183
59011 2592 5927
54351 2593 5928
59015 2594 5929
59016 2595 5929
58714 2596 5934
59024 2597 5934
24264 2598 5934
59028 2599 5936
59031 2600 5937
59029 2601 5937
15270 2602 5937
55451 2603 5941
59037 2604 5942
6667 2605 5943
6668 2606 5944
55971 2607 5948
59049 2608 5949
59054 2609 5953
33876 2610 5955
59062 2611 5958
59063 2612 5958
59064 2613 5959
58654 2614 5961
59072 2615 5963
59073 2616 5963
59076 2617 5964
29000 2618 5975
59082 2619 5977
59087 2620 5983
59088 2621 5983
59093 2622 5988
33992 2623 5989
59095 2624 5991
59102 2625 5993
59103 2626 5993
59108 2627 5995
57089 2628 5996
42938 2628 6114
59316 2628 6196
57245 2628 6210
57243 2628 6210
59447 2628 6350
59658 2628 6478
60186 2628 6923
60363 2628 7093
59114 2629 6003
58137 2629 6206
22313 2630 6008
59120 2631 6008
59121 2632 6008
59124 2633 6013
59127 2634 6014
59128 2635 6018
14448 2636 6021
59144 2637 6035
59153 2638 6046
59154 2639 6047
59155 2640 6048
59144 2641 6049
59159 2642 6051
59162 2643 6055
59167 2644 6061
59168 2645 6062
59173 2646 6065
59174 2647 6065
42527 2648 6068
59176 2649 6071
59194 2649 6100
59177 2650 6074
47900 2651 6076
59179 2652 6076
59182 2653 6087
59187 2654 6089
59188 2655 6092
59189 2656 6092
23604 2657 6103
59201 2658 6104
58707 2659 6107
59213 2660 6114
14633 2661 6115
59217 2662 6116
56689 2663 6118
477 2664 6120
59226 2665 6124
1756 2666 6125
7521 2667 6132
59235 2668 6135
59236 2669 6136
59239 2670 6138
59240 2671 6140
59180 2672 6143
59248 2673 6146
59253 2674 6150
59262 2675 6151
59263 2676 6152
59264 2677 6152
59265 2678 6153
59268 2679 6155
44424 2680 6155
59233 2681 6156
24542 2682 6158
14633 2683 6159
59289 2684 6172
59292 2685 6175
59297 2686 6177
59298 2687 6177
59299 2688 6179
59300 2689 6180
58833 2690 6186
59308 2691 6186
59311 2692 6188
59314 2693 6191
59144 2694 6191
59320 2695 6199
59323 2696 6200
59324 2697 6201
59327 2698 6204
28698 2699 6205
58833 2700 6207
59334 2701 6208
13473 2702 6210
59346 2703 6212
59349 2704 6218
59350 2705 6221
59351 2706 6224
59354 2707 6225
59757 2707 6559
59355 2708 6228
59358 2709 6228
59359 2710 6229
59362 2711 6229
59369 2712 6235
58833 2713 6236
59373 2714 6236
59378 2715 6242
59379 2716 6246
58361 2717 6264
59391 2718 6267
59394 2719 6272
59397 2720 6274
59400 2721 6277
57391 2722 6280
59404 2723 6283
59405 2724 6286
59406 2725 6290
59407 2726 6292
59416 2727 6302
59421 2728 6306
14256 2729 6309
15055 2730 6310
59430 2731 6312
47900 2732 6313
58340 2733 6313
59433 2734 6316
59436 2735 6319
59437 2736 6320
59440 2737 6320
24514 2737 6335
56836 2737 6370
59561 2737 6396
59597 2737 6425
59801 2737 6589
59808 2737 6628
59890 2737 6671
59909 2737 6689
59948 2737 6716
60043 2737 6801
60127 2737 6870
60206 2737 6942
60275 2737 7002
60371 2737 7086
60470 2737 7152
59441 2738 6321
59446 2739 6324
59449 2740 6324
59024 2741 6324
49475 2741 7114
59455 2742 6327
59456 2743 6327
59460 2744 6332
59759 2744 6559
59459 2745 6332
26773 2746 6334
59549 2746 6392
59669 2746 6487
59466 2747 6334
59471 2748 6336
59484 2749 6342
59489 2750 6343
59490 2751 6346
59495 2752 6347
54179 2753 6359
59509 2754 6360
59513 2755 6360
59510 2756 6361
59516 2757 6365
59517 2758 6365
56689 2759 6367
59521 2760 6369
59522 2761 6370
59527 2762 6371
59532 2763 6376
59535 2764 6380
59536 2765 6381
59537 2766 6381
59542 2767 6384
44424 2768 6388
59544 2769 6388
43572 2770 6389
58898 2771 6389
59553 2772 6393
59558 2773 6395
59563 2774 6398
11461 2775 6410
59583 2776 6411
59586 2777 6413
59589 2778 6416
59590 2779 6417
28047 2780 6422
59593 2781 6423
59603 2782 6428
59593 2783 6428
59607 2784 6429
59610 2785 6432
59611 2786 6433
59614 2787 6436
59615 2788 6439
59620 2789 6442
59621 2790 6442
59622 2791 6442
59743 2791 6546
59625 2792 6443
59626 2793 6444
59627 2794 6444
59638 2794 6456
59628 2795 6446
59629 2796 6449
59634 2797 6454
59637 2798 6456
59640 2799 6461
59643 2800 6465
59648 2801 6469
59653 2802 6473
59654 2803 6474
54609 2804 6478
59662 2805 6482
59663 2806 6483
29173 2807 6483
59665 2808 6484
59666 2809 6484
59667 2810 6487
59705 2810 6513
59668 2811 6487
59677 2812 6490
59678 2813 6492
59679 2814 6493
59680 2815 6495
59681 2816 6496
59684 2817 6497
59558 2818 6498
59690 2819 6499
9819 2820 6502
53803 2821 6506
59697 2822 6509
59698 2823 6511
59707 2824 6513
59714 2825 6520
59721 2826 6525
59690 2827 6528
59727 2828 6529
59728 2829 6530
59729 2830 6537
59732 2831 6537
59739 2832 6542
59740 2833 6543
59662 2834 6543
59742 2835 6545
59747 2836 6550
2050 2837 6551
59749 2838 6552
59751 2839 6552
59750 2840 6552
59752 2841 6553
59753 2842 6554
73 2843 6554
59690 2844 6555
59407 2845 6556
59761 2846 6560
45515 2847 6565
58994 2848 6567
59780 2849 6574
59787 2850 6576
59794 2851 6586
59807 2852 6591
56689 2853 6596
59817 2854 6600
59896 2854 6673
59819 2855 6601
59818 2856 6601
42437 2857 6602
49605 2858 6604
59834 2859 6613
59835 2860 6614
59838 2861 6617
59839 2862 6617
52561 2863 6623
59847 2864 6626
59819 2865 6627
59857 2866 6631
59858 2867 6634
59861 2868 6640
47515 2869 6642
59869 2870 6643
59872 2871 6645
59873 2872 6650
59087 2873 6653
59875 2874 6654
22282 2875 6657
59884 2876 6660
58654 2877 6660
55189 2878 6669
59898 2879 6675
59899 2880 6676
59900 2881 6677
59901 2882 6677
58624 2883 6678
59905 2884 6680
59908 2885 6688
59911 2886 6689
59922 2887 6693
59923 2888 6694
59924 2889 6694
59925 2890 6694
58654 2891 6697
59929 2892 6697
59930 2893 6698
41991 2894 6702
59938 2895 6704
59939 2896 6706
25388 2897 6714
59945 2898 6714
59950 2899 6719
59953 2900 6721
59956 2901 6723
59959 2902 6727
59960 2903 6729
59965 2904 6730
59966 2905 6734
59967 2906 6735
60487 2906 7170
59968 2907 6737
6846 2907 6997
59971 2908 6739
422 2909 6748
59981 2910 6750
59982 2911 6751
47682 2912 6752
59984 2913 6753
59985 2914 6754
25847 2915 6756
59991 2916 6757
59998 2917 6759
60001 2918 6762
60002 2919 6763
60005 2920 6772
60006 2921 6773
27344 2922 6778
60014 2923 6780
3259 2924 6791
60030 2925 6794
60031 2926 6795
60036 2927 6798
60037 2928 6798
60038 2929 6800
60039 2930 6800
60116 2930 6861
60040 2931 6801
60055 2932 6806
60058 2933 6808
60059 2934 6809
51842 2935 6812
37031 2936 6814
60064 2937 6816
43313 2938 6818
60068 2939 6820
60069 2940 6820
60072 2941 6821
60073 2942 6825
57089 2943 6829
58423 2943 6852
60269 2943 6996
55223 2944 6835
60088 2945 6842
60089 2946 6845
60108 2947 6854
44030 2948 6856
60118 2949 6862
60119 2950 6864
60122 2951 6867
60123 2952 6867
50767 2953 6869
60131 2954 6873
60144 2954 6882
60180 2954 6918
60202 2954 6936
60422 2954 7121
60442 2954 7136
60129 2955 6873
2494 2956 6873
60132 2957 6874
60133 2958 6875
60136 2959 6877
60137 2960 6878
60138 2961 6879
60427 2961 7125
57913 2962 6880
60148 2963 6882
60151 2964 6886
58754 2965 6887
60153 2966 6888
60158 2967 6890
60159 2968 6892
60160 2969 6893
60173 2970 6905
60178 2971 6911
60179 2972 6914
56926 2973 6927
49710 2974 6931
59872 2975 6934
60201 2976 6934
15416 2977 6937
60205 2978 6941
60212 2979 6945
60213 2980 6948
45842 2981 6950
60219 2982 6951
60222 2983 6951
60225 2984 6954
60228 2985 6955
46601 2986 6964
15356 2987 6964
60237 2988 6964
60238 2989 6967
60241 2990 6971
60247 2991 6972
60246 2992 6972
60250 2993 6975
58485 2994 6976
60254 2995 6980
60255 2996 6982
19480 2997 6984
60257 2998 6986
60258 2999 6987
60259 3000 6989
60260 3001 6991
60277 3002 7003
60280 3003 7009
60283 3004 7011
60288 3005 7016
60291 3006 7019
60297 3007 7023
60294 3008 7024
60298 3009 7027
56344 3010 7032
24137 3011 7033
60305 3012 7035
60306 3013 7036
60307 3014 7037
4377 3015 7037
3683 3015 7058
60309 3016 7040
60310 3017 7041
60311 3018 7043
57485 3019 7044
54896 3020 7047
60248 3021 7047
60339 3022 7060
30616 3023 7061
60347 3024 7061
60348 3025 7061
60349 3026 7062
60354 3027 7066
60357 3028 7066
51088 3029 7067
60359 3030 7067
60360 3031 7069
60361 3032 7071
60362 3033 7074
60365 3034 7078
60366 3035 7081
60367 3036 7082
60368 3037 7082
60369 3038 7083
48157 3039 7085
54896 3040 7087
60380 3041 7088
13902 3042 7091
60386 3043 7096
60179 3044 7097
60388 3045 7098
60389 3046 7098
60390 3047 7099
60391 3048 7101
60347 3049 7104
60395 3050 7106
60402 3051 7110
60202 3052 7111
60414 3053 7119
37501 3054 7119
30616 3055 7120
47817 3056 7120
60426 3057 7124
51088 3058 7127
60429 3059 7127
60431 3060 7127
60436 3061 7133
60441 3062 7136
60450 3063 7140
60451 3064 7140
60456 3065 7142
60457 3066 7143
60458 3067 7144
60459 3068 7145
60462 3069 7146
60463 3070 7147
60464 3071 7148
60467 3072 7150
56473 3073 7150
51384 3074 7150
10479 3075 7161
13902 3076 7166
60484 3077 7169
60491 3078 7173
51621 3079 7175
60495 3080 7179
18574 3081 7180
60501 3082 7181
54257 3083 7182
60503 3084 7183
60504 3085 7185
26112 3086 7191
60520 3087 7195
60521 3088 7196
56218 3089 7196
60523 3090 7197
60524 3091 7198
30616 3092 7199
