1 1 100 149.424
2 2 100 217.267
3 3 100 264.661
4 4 100 305.148
5 5 100 340.141
6 6 100 847.583
7 7 100 882.162
8 8 100 943.46
9 9 100 955.87
10 10 100 989.141
11 11 100 995.816
12 12 100 1004.75
13 13 100 1014
14 14 100 1092.84
15 15 100 1121.85
16 16 100 1343.65
17 17 100 1377.36
18 18 100 1445.66
19 19 100 1457.52
20 20 100 1462.4
21 21 100 1466.44
22 22 100 2202.54
23 23 100 2218.48
24 24 100 2223.71
25 25 100 2226.36
26 26 100 2231.23
27 27 100 2234.62
28 28 100 2238.75
29 29 100 2242.6
30 30 100 9809.55
31 31 100 9811.28
32 32 100 9815.04
33 33 100 9818.71
34 34 100 10246.3
35 35 100 10253.4
36 36 100 10256.3
37 37 100 10263.3
38 38 100 10267.6
39 39 100 10269.9
40 40 100 10272.9
41 41 100 10276.1
42 42 100 10282.9
43 43 100 10285.1
44 44 100 10288
45 45 100 10322.9
46 46 100 10325.7
47 47 100 10328.4
48 48 100 10332.3
49 49 100 10335.9
50 50 100 10346
