86 4 1 0.25
96 1 1 1
322 51 51 1
893 2 2 1
1021 1 1 1
1086 1 1 1
1774 1 1 1
1861 2 1 0.5
1867 1 1 1
2011 4 4 1
2091 2 2 1
2415 2 2 1
2577 3 3 1
2625 3 3 1
3055 2 2 1
3284 1 1 1
3965 1 1 1
4140 2 1 0.5
4303 1 1 1
4409 2 2 1
4937 1 1 1
6611 6 6 1
6648 1 1 1
6917 2 1 0.5
7135 1 1 1
7361 5 5 1
7657 3 1 0.333333
8504 1 1 1
9093 1 1 1
9846 3 1 0.333333
10008 1 1 1
10375 1 1 1
11288 1 1 1
11693 1 1 1
12078 3 3 1
12478 1 1 1
13574 1 1 1
14144 2 1 0.5
14419 1 1 1
14510 1 1 1
14679 1 1 1
14897 1 1 1
16244 3 2 0.666667
16960 1 1 1
18398 1 1 1
20280 1 1 1
20623 1 1 1
22004 1 1 1
22094 1 1 1
23184 1 1 1
23249 2 2 1
25262 1 1 1
25281 1 1 1
26239 1 1 1
26788 1 1 1
27526 1 1 1
27631 2 2 1
27935 1 1 1
27983 1 1 1
28622 1 1 1
30099 1 1 1
30589 1 1 1
31578 3 1 0.333333
31814 1 1 1
31996 1 1 1
32294 1 1 1
34837 1 1 1
35404 1 1 1
36434 1 1 1
36771 1 1 1
36947 1 1 1
37193 4 4 1
37725 2 2 1
38788 1 1 1
39563 2 1 0.5
40315 1 1 1
41319 1 1 1
42416 1 1 1
42546 1 1 1
42982 2 2 1
43446 1 1 1
44223 1 1 1
44229 1 1 1
44596 1 1 1
45542 1 1 1
46541 1 1 1
46726 1 1 1
46865 1 1 1
47009 1 1 1
49402 1 1 1
49475 2 1 0.5
50613 2 1 0.5
51305 1 1 1
51525 1 1 1
51822 1 1 1
52184 1 1 1
52279 1 1 1
53743 1 1 1
55828 3 3 1
56066 1 1 1
56677 1 1 1
58206 2 1 0.5
58455 1 1 1
60945 1 1 1
61407 1 1 1
62427 1 1 1
62743 1 1 1
63861 1 1 1
64126 1 1 1
65597 1 1 1
67971 1 1 1
68266 1 1 1
69292 1 1 1
70200 1 1 1
73562 1 1 1
73580 1 1 1
75420 2 2 1
76133 1 1 1
81345 2 1 0.5
82926 2 2 1
87370 1 1 1
88965 1 1 1
90332 1 1 1
92213 1 1 1
95593 1 1 1
113887 1 1 1
120728 1 1 1
122428 1 1 1
123018 5 2 0.4
123778 1 1 1
125756 3 2 0.666667
130176 1 1 1
134080 2 1 0.5
135680 1 1 1
137361 1 1 1
145742 2 2 1
147329 10 6 0.6
151815 1 1 1
164268 1 1 1
166961 2 1 0.5
177472 1 1 1
189126 1 1 1
189448 1 1 1
189522 1 1 1
192438 1 1 1
200545 1 1 1
208563 1 1 1
211973 1 1 1
213028 1 1 1
216446 1 1 1
218325 1 1 1
221277 1 1 1
222441 2 1 0.5
226895 1 1 1
231181 1 1 1
235152 1 1 1
235244 1 1 1
235328 1 1 1
235715 1 1 1
237985 1 1 1
245628 2 1 0.5
247758 1 1 1
256250 1 1 1
266514 1 1 1
270074 1 1 1
273135 1 1 1
277116 3 2 0.666667
283943 1 1 1
284745 1 1 1
290509 1 1 1
292453 1 1 1
296253 1 1 1
297284 1 1 1
300102 1 1 1
305795 1 1 1
312103 1 1 1
314553 1 1 1
328394 1 1 1
337792 1 1 1
340995 16 16 1
346623 1 1 1
376332 1 1 1
376456 1 1 1
380672 1 1 1
381310 2 1 0.5
396117 1 1 1
398849 1 1 1
403659 2 2 1
409933 1 1 1
413354 1 1 1
416411 1 1 1
421938 4 3 0.75
426502 1 1 1
427938 1 1 1
428182 1 1 1
429248 1 1 1
440450 1 1 1
441184 1 1 1
443099 1 1 1
446316 1 1 1
448015 1 1 1
448282 1 1 1
448582 1 1 1
449475 4 4 1
458216 1 1 1
469814 1 1 1
480704 6 6 1
482283 1 1 1
487224 1 1 1
487424 1 1 1
493426 1 1 1
495833 2 1 0.5
508451 1 1 1
515731 1 1 1
517066 1 1 1
529005 1 1 1
531185 2 2 1
531564 1 1 1
532332 1 1 1
533381 1 1 1
537533 1 1 1
537769 1 1 1
538225 1 1 1
549862 1 1 1
553535 1 1 1
558666 1 1 1
562289 2 1 0.5
567926 1 1 1
568768 2 2 1
571057 1 1 1
573537 1 1 1
592114 1 1 1
602952 3 3 1
610670 1 1 1
622637 1 1 1
624825 1 1 1
627167 1 1 1
635299 1 1 1
637071 1 1 1
642656 1 1 1
649020 1 1 1
673296 2 1 0.5
683973 1 1 1
688712 1 1 1
700047 1 1 1
700222 1 1 1
705111 1 1 1
705386 1 1 1
713779 1 1 1
726504 2 1 0.5
727315 1 1 1
747594 1 1 1
747813 1 1 1
752496 1 1 1
756521 1 1 1
759850 1 1 1
778015 2 2 1
778193 1 1 1
779098 3 3 1
785897 1 1 1
788317 1 1 1
792994 1 1 1
794842 2 2 1
803082 1 1 1
803456 1 1 1
810805 1 1 1
811524 1 1 1
823577 1 1 1
830264 1 1 1
833434 1 1 1
836827 1 1 1
836848 1 1 1
836880 1 1 1
836899 1 1 1
836911 1 1 1
836930 1 1 1
836932 1 1 1
836945 1 1 1
836964 1 1 1
836993 1 1 1
837008 1 1 1
837021 1 1 1
837170 1 1 1
837191 1 1 1
837226 1 1 1
837362 1 1 1
837442 1 1 1
837448 1 1 1
837496 1 1 1
837533 1 1 1
837627 1 1 1
837629 1 1 1
837736 1 1 1
837762 4 4 1
837813 1 1 1
837913 1 1 1
837958 1 1 1
837960 1 1 1
838073 1 1 1
838081 1 1 1
838231 1 1 1
838294 1 1 1
838327 1 1 1
838366 3 2 0.666667
838416 1 1 1
838442 1 1 1
838453 1 1 1
838535 1 1 1
838537 1 1 1
838682 1 1 1
838718 1 1 1
838750 1 1 1
838754 1 1 1
838761 1 1 1
838783 1 1 1
838857 1 1 1
838928 1 1 1
838977 1 1 1
839033 1 1 1
839133 1 1 1
839167 1 1 1
839175 1 1 1
839191 1 1 1
839216 1 1 1
839299 1 1 1
839367 1 1 1
839387 1 1 1
839664 1 1 1
839683 1 1 1
839783 1 1 1
839884 1 1 1
839897 1 1 1
839989 1 1 1
839997 2 2 1
840102 1 1 1
840215 1 1 1
840412 1 1 1
840417 1 1 1
840456 1 1 1
840967 1 1 1
840975 2 2 1
841048 1 1 1
841069 1 1 1
841115 1 1 1
841127 1 1 1
841163 1 1 1
841179 1 1 1
841230 1 1 1
841480 1 1 1
841606 1 1 1
841646 1 1 1
841697 1 1 1
841701 2 2 1
841732 1 1 1
841833 1 1 1
841886 1 1 1
841994 1 1 1
842105 1 1 1
842168 1 1 1
842500 1 1 1
842553 1 1 1
842582 1 1 1
842760 1 1 1
842771 1 1 1
843028 1 1 1
843044 1 1 1
843118 1 1 1
843219 1 1 1
843221 1 1 1
843295 1 1 1
843354 1 1 1
843366 1 1 1
843460 1 1 1
843761 1 1 1
843911 1 1 1
844307 1 1 1
844403 1 1 1
844463 1 1 1
844531 1 1 1
844601 1 1 1
844631 1 1 1
844804 1 1 1
844836 1 1 1
844956 1 1 1
845027 1 1 1
845116 1 1 1
845245 1 1 1
845274 1 1 1
845367 1 1 1
845416 1 1 1
845562 1 1 1
845627 1 1 1
845679 1 1 1
845726 1 1 1
845742 1 1 1
845764 1 1 1
845871 1 1 1
845939 1 1 1
845941 1 1 1
845953 1 1 1
846008 1 1 1
846092 1 1 1
846150 1 1 1
846212 1 1 1
846237 1 1 1
846265 1 1 1
846275 1 1 1
846292 1 1 1
846461 1 1 1
846660 1 1 1
846677 1 1 1
846697 1 1 1
846766 1 1 1
847141 1 1 1
847164 1 1 1
847339 1 1 1
847387 1 1 1
847484 1 1 1
847505 1 1 1
847625 1 1 1
847722 1 1 1
847724 1 1 1
847731 1 1 1
847742 1 1 1
847763 1 1 1
847962 1 1 1
847988 1 1 1
848274 1 1 1
848395 1 1 1
848399 1 1 1
848428 1 1 1
848499 1 1 1
848773 1 1 1
848841 1 1 1
848942 1 1 1
848970 1 1 1
848985 1 1 1
849040 1 1 1
849094 1 1 1
849199 1 1 1
849257 1 1 1
849351 1 1 1
849355 1 1 1
849401 1 1 1
849525 2 1 0.5
849598 1 1 1
849612 1 1 1
849717 1 1 1
849770 1 1 1
849783 1 1 1
849832 1 1 1
849905 1 1 1
849911 1 1 1
849975 1 1 1
849995 1 1 1
850017 1 1 1
850031 1 1 1
850065 1 1 1
850122 1 1 1
850168 1 1 1
850178 1 1 1
850195 1 1 1
850291 1 1 1
850344 1 1 1
850408 1 1 1
850448 1 1 1
850526 1 1 1
850552 1 1 1
850556 1 1 1
850561 1 1 1
850563 1 1 1
850579 1 1 1
850581 1 1 1
850621 1 1 1
850671 1 1 1
850699 1 1 1
850723 1 1 1
850742 1 1 1
850788 1 1 1
850812 1 1 1
850829 1 1 1
850926 1 1 1
850989 1 1 1
851006 1 1 1
851045 1 1 1
851088 1 1 1
851131 1 1 1
851283 1 1 1
851353 1 1 1
851391 1 1 1
851467 1 1 1
851479 1 1 1
851632 1 1 1
851679 1 1 1
851777 1 1 1
851892 1 1 1
851911 1 1 1
851949 1 1 1
852028 1 1 1
852063 1 1 1
852156 1 1 1
852163 1 1 1
852166 1 1 1
852262 1 1 1
852298 1 1 1
852327 1 1 1
852423 1 1 1
852464 1 1 1
852466 1 1 1
852522 1 1 1
852587 1 1 1
852627 1 1 1
852630 1 1 1
852644 1 1 1
852658 1 1 1
852668 1 1 1
852732 1 1 1
852822 1 1 1
852885 1 1 1
852889 2 1 0.5
852899 1 1 1
853001 1 1 1
853067 1 1 1
853069 1 1 1
853131 1 1 1
853160 1 1 1
853215 1 1 1
853266 1 1 1
853301 1 1 1
853342 1 1 1
853370 1 1 1
853481 1 1 1
853636 1 1 1
853654 1 1 1
853677 1 1 1
853694 1 1 1
853746 1 1 1
853925 1 1 1
853936 1 1 1
853961 1 1 1
853979 1 1 1
854094 1 1 1
854178 1 1 1
854308 1 1 1
854310 1 1 1
854319 1 1 1
854331 1 1 1
854467 2 1 0.5
854473 1 1 1
854490 1 1 1
854515 1 1 1
854531 1 1 1
854535 1 1 1
854615 1 1 1
854623 2 1 0.5
854671 1 1 1
854744 1 1 1
854827 1 1 1
854840 1 1 1
854888 1 1 1
854956 1 1 1
854960 1 1 1
855013 1 1 1
855039 1 1 1
855089 1 1 1
855175 2 1 0.5
855180 1 1 1
855278 1 1 1
855300 1 1 1
855311 1 1 1
855324 1 1 1
855326 1 1 1
855380 1 1 1
855416 1 1 1
855468 1 1 1
855498 1 1 1
855522 1 1 1
855537 1 1 1
855570 1 1 1
855632 1 1 1
855655 1 1 1
855708 1 1 1
855813 1 1 1
855831 1 1 1
855842 1 1 1
855998 2 2 1
856065 1 1 1
856099 1 1 1
856122 1 1 1
856241 1 1 1
856260 1 1 1
856264 1 1 1
856301 1 1 1
856397 1 1 1
856423 1 1 1
856500 1 1 1
856515 1 1 1
856542 1 1 1
856575 1 1 1
856589 1 1 1
856604 1 1 1
856688 1 1 1
856706 1 1 1
856712 1 1 1
856720 1 1 1
856725 1 1 1
856749 1 1 1
856751 1 1 1
856756 1 1 1
856774 1 1 1
856861 1 1 1
856873 1 1 1
856896 1 1 1
856907 1 1 1
