1 1 100 2.8394
2 2 100 6.78243
3 3 100 8.15031
4 4 100 9.51819
5 5 100 11.254
6 6 100 12.6218
7 7 100 19.6918
8 8 100 21.0597
9 9 100 22.7955
10 10 100 24.8991
11 11 100 26.267
12 12 100 27.359
13 13 100 28.7269
14 14 100 30.0947
15 15 100 31.5031
16 16 100 32.5261
17 17 100 33.894
18 18 100 35.6297
19 19 100 36.9976
20 20 100 38.0049
21 21 100 39.3728
22 22 100 40.3728
23 23 100 41.3991
24 24 100 43.1348
25 25 100 44.5027
26 26 100 45.8706
27 27 100 47.6064
28 28 100 48.6983
29 29 100 50.0662
30 30 100 51.4341
31 31 100 52.802
32 32 100 55.0282
33 33 100 57.4997
34 34 100 59.2355
35 35 100 60.6034
36 36 100 62.8875
37 37 100 64.2554
38 38 100 65.6232
39 39 100 67.359
40 40 100 69.4627
41 41 100 70.4889
42 42 100 71.8568
43 43 100 73.2247
44 44 100 75.6962
45 45 100 77.0641
46 46 100 79.4106
47 47 100 80.7785
48 48 100 81.8595
49 49 100 83.2273
50 50 100 84.5952
