1 1 100 5.59118
2 2 100 31.6194
3 3 100 53.1705
4 4 100 56.0099
5 5 100 69.7571
6 6 100 71.6535
7 7 100 147.885
8 8 100 186.206
9 9 100 217.629
10 10 100 243.369
11 11 100 267.913
12 12 100 271.58
13 13 100 291.203
14 14 100 309.953
15 15 100 323.432
16 16 100 336.462
17 17 100 339.195
18 18 100 341.696
19 19 100 344.106
20 20 100 346.659
21 21 100 356.212
22 22 100 365.766
23 23 100 373.939
24 24 100 381.328
25 25 100 388.583
26 26 100 390.812
27 27 100 397.698
28 28 100 399.242
29 29 100 405.393
30 30 100 410.348
31 31 100 415.026
32 32 100 417.068
33 33 100 419.082
34 34 100 422.865
35 35 100 427.176
36 36 100 429.166
37 37 100 432.577
38 38 100 436.52
39 39 100 440.095
40 40 100 443.671
41 41 100 446.878
42 42 100 450.085
43 43 100 453.017
44 44 100 456.224
45 45 100 459.432
46 46 100 462.271
47 47 100 464.927
48 48 100 467.49
49 49 100 470.33
50 50 100 473.169
