3 12
4 1
7 1
8 6
9 1
10 1
11 1
14 1
16 2
17 1
19 1
24 1
25 1
26 1
27 1
31 6
34 1
35 1
36 2
37 1
38 1
39 1
40 1
41 1
44 1
45 1
46 1
47 1
51 1
57 1
58 1
59 1
61 1
62 1
63 1
68 1
70 3
73 7
78 1
82 2
83 1
84 1
85 1
86 2
87 1
92 1
93 1
94 2
96 2
97 2
98 1
103 1
106 1
107 1
109 1
110 1
117 1
119 1
120 1
121 1
122 1
128 1
129 1
130 1
131 1
132 1
133 1
134 1
141 1
145 1
146 1
164 1
170 1
171 2
174 1
175 1
176 2
181 1
184 1
185 1
189 1
190 1
191 1
194 1
198 1
201 1
204 1
212 1
213 1
214 1
217 1
222 1
224 1
226 1
229 1
231 1
233 1
234 1
235 1
237 3
238 1
239 1
244 1
245 1
246 1
247 1
248 1
249 1
253 1
256 1
258 1
261 1
262 1
266 1
268 1
275 1
276 1
277 1
279 1
280 1
281 1
282 1
291 1
292 1
296 1
297 1
298 1
299 1
301 1
303 1
304 1
311 1
313 1
314 1
318 1
321 1
322 3
323 1
328 1
329 1
333 1
337 1
338 1
340 1
347 1
348 1
352 1
354 2
356 1
357 1
364 1
368 1
370 1
376 1
378 1
379 1
380 2
381 1
384 1
391 2
392 2
393 1
398 1
401 1
402 2
406 1
407 1
409 1
410 1
413 1
414 1
418 1
421 1
422 2
424 1
427 1
431 1
434 1
436 1
439 1
446 1
447 1
461 1
463 1
464 1
465 1
466 1
467 1
468 1
470 1
471 2
472 1
473 1
476 1
477 1
480 1
481 1
483 1
489 1
498 1
499 1
504 1
510 1
521 1
531 1
532 1
533 1
535 1
545 1
547 1
548 1
549 1
550 1
552 1
558 1
562 1
564 1
566 1
567 1
568 1
569 1
570 1
577 1
579 1
581 1
585 1
597 1
599 1
607 1
609 1
610 2
614 1
615 2
617 1
619 1
627 1
628 1
633 1
635 1
636 1
637 1
638 1
639 1
648 1
651 1
654 1
656 1
659 1
661 1
662 1
675 1
677 1
678 1
682 2
683 1
686 1
690 1
693 1
695 1
700 1
703 2
705 1
706 1
707 1
709 1
712 1
713 1
714 1
720 1
722 1
724 1
726 1
728 1
729 1
732 1
734 1
735 1
737 1
738 1
744 2
745 1
748 1
754 1
756 1
757 1
763 1
764 1
767 1
769 1
777 1
778 1
785 1
790 1
791 1
794 1
796 1
797 2
798 1
803 1
807 1
810 1
819 1
820 1
823 1
826 1
831 1
836 1
840 1
844 1
845 1
847 1
848 1
861 1
866 1
868 1
870 1
875 1
879 1
882 1
889 1
892 1
893 1
902 2
907 1
909 1
913 1
915 1
919 1
922 1
923 1
924 1
933 2
936 1
937 1
938 1
951 1
952 1
954 1
957 1
959 1
961 1
963 1
964 1
966 1
967 1
968 1
969 2
974 1
981 3
984 1
989 2
990 1
991 1
993 1
994 1
995 1
999 1
1000 1
1002 1
1004 1
1005 1
1006 1
1010 1
1011 1
1012 1
1015 1
1017 1
1021 1
1022 1
1024 1
1035 1
1036 1
1039 1
1043 1
1049 1
1052 1
1057 1
1059 1
1062 1
1063 1
1066 1
1068 1
1075 1
1081 1
1085 1
1086 1
1088 1
1094 1
1096 1
1098 1
1100 1
1107 1
1108 1
1113 1
1132 1
1134 1
1135 1
1137 1
1139 1
1140 1
1143 1
1144 1
1149 1
1154 1
1157 1
1159 1
1167 1
1169 1
1174 1
1180 1
1183 1
1185 1
1187 1
1194 1
1200 1
1202 1
1203 1
1205 1
1206 1
1208 1
1211 1
1213 1
1216 1
1219 1
1222 1
1227 1
1231 1
1239 1
1241 1
1245 1
1246 1
1253 1
1255 1
1258 1
1260 1
1263 1
1265 1
1266 1
1267 1
1278 1
1291 1
1297 1
1299 3
1301 1
1302 1
1305 1
1306 1
1309 2
1311 1
1312 1
1314 1
1316 1
1320 1
1322 1
1326 1
1330 1
1335 1
1336 1
1338 1
1347 1
1350 1
1354 1
1355 1
1358 1
1359 1
1364 1
1366 1
1370 1
1372 1
1374 1
1378 1
1381 1
1383 1
1385 1
1387 1
1388 2
1396 1
1398 1
1403 1
1411 2
1420 1
1422 1
1423 1
1425 1
1429 1
1432 1
1436 1
1437 1
1438 1
1439 2
1442 1
1448 1
1452 1
1455 1
1457 1
1458 1
1461 1
1462 2
1467 1
1468 1
1473 1
1482 1
1488 1
1489 1
1495 1
1497 1
1506 1
1507 1
1509 1
1510 1
1512 1
1524 1
1525 1
1526 1
1533 3
1535 1
1541 1
1542 1
1543 2
1545 1
1552 1
1554 1
1560 1
1561 1
1565 1
1573 1
1575 1
1576 1
1577 1
1578 1
1581 1
1583 1
1584 1
1585 1
1586 1
1587 1
1588 1
1589 1
1590 1
1592 1
1593 1
1594 1
1595 1
1603 1
1608 1
1611 1
1612 2
1615 1
1617 1
1623 1
1628 1
1631 2
1634 1
1638 1
1639 1
1642 1
1644 1
1652 2
1657 1
1658 1
1659 1
1665 1
1673 1
1675 1
1679 1
1680 1
1682 1
1687 1
1692 1
1693 1
1695 1
1696 1
1697 1
1699 1
1701 1
1702 1
1704 1
1707 1
1712 1
1713 1
1715 1
1716 1
1719 1
1721 1
1722 1
1723 1
1726 1
1732 1
1733 1
1741 1
1747 1
1751 1
1752 1
1753 1
1754 1
1756 1
1757 1
1759 1
1764 1
1767 1
1768 1
1774 1
1778 1
1779 1
1783 1
1784 1
1786 1
1789 1
1790 1
1793 1
1795 1
1798 1
1799 1
1801 1
1807 1
1808 2
1809 1
1815 1
1816 1
1818 1
1819 1
1822 1
1826 1
1830 1
1834 1
1842 1
1843 1
1846 1
1857 1
1858 1
1861 1
1862 1
1863 1
1865 1
1871 1
1872 1
1874 2
1875 1
1879 2
1882 1
1889 1
1894 1
1895 1
1897 1
1898 1
1899 1
1901 2
1908 3
1912 1
1915 1
1916 1
1919 1
1924 1
1931 1
1932 1
1934 1
1939 1
1940 1
1941 1
1946 1
1949 1
1951 1
1954 1
1957 1
1963 1
1964 1
1965 1
1967 1
1971 1
1973 1
1975 1
1979 2
1982 1
1996 1
1999 1
2001 1
2003 1
2005 1
2007 1
2011 1
2013 1
2017 1
2018 1
2022 1
2026 1
2027 1
2031 1
2033 1
2034 1
2035 2
2038 1
2039 1
2041 1
2043 1
2047 1
2048 1
2052 1
2055 1
2062 1
2064 1
2068 1
2073 1
2077 1
2079 1
2083 1
2085 1
2086 1
2091 1
2093 1
2095 1
2096 1
2097 1
2103 1
2104 4
2107 1
2110 1
2111 1
2112 1
2114 1
2117 1
2118 1
2119 1
2122 1
2123 1
2126 1
2128 1
2129 1
2130 1
2140 1
2146 1
2148 1
2151 1
2154 1
2155 1
2157 1
2158 1
2159 1
2160 1
2161 1
2163 1
2164 1
2165 1
2172 1
2174 1
2177 1
2179 1
2181 2
2183 1
2184 1
2186 1
2187 1
2188 1
2189 1
2190 1
2195 1
2197 1
2199 1
2203 1
2204 1
2207 1
2210 1
2211 3
2212 1
2220 1
2222 1
2226 1
2229 1
2231 1
2232 1
2237 1
2242 1
2245 1
2248 1
2257 1
2258 1
2260 1
2270 1
2273 1
2275 1
2276 1
2282 1
2284 2
2285 1
2288 1
2289 1
2293 1
2295 1
2305 1
2307 1
2308 1
2311 1
2312 1
2326 1
2329 1
2330 1
2332 1
2334 1
2335 2
2338 1
2340 1
2345 1
2347 1
2350 1
2353 1
2359 1
2361 1
2363 1
2369 1
2372 1
2378 1
2379 1
2381 1
2383 2
2384 1
2385 1
2386 1
2390 1
2391 1
2396 1
2398 1
2400 1
2401 1
2403 1
2407 1
2408 1
2409 1
2415 1
2421 1
2428 1
2430 1
2432 1
2433 1
2434 1
2440 1
2442 1
2445 1
2447 1
2448 1
2449 1
2450 1
2452 2
2453 1
2455 1
2456 1
2463 1
2466 1
2470 1
2471 1
2472 1
2473 1
2475 1
2476 1
2479 1
2483 1
2487 1
2492 1
2496 1
2505 1
2514 1
2516 1
2518 1
2520 1
2524 1
2529 1
2530 1
2533 1
2535 2
2540 1
2541 1
2553 1
2554 1
2561 1
2565 1
2566 1
2572 1
2577 1
2579 1
2581 1
2585 1
2586 1
2601 1
2603 1
2607 1
2608 1
2615 1
2619 1
2620 1
2624 1
2625 1
2631 1
2632 2
2633 1
2636 1
2637 2
2640 1
2643 1
2647 1
2648 1
2650 1
2656 1
2658 1
2659 1
2661 1
2662 1
2664 1
2670 1
2671 1
2672 1
2675 1
2676 1
2680 1
2683 1
2684 1
2688 1
2689 1
2693 1
2699 1
2703 1
2704 1
2708 1
2710 2
2714 1
2715 1
2722 1
2724 2
2725 1
2728 1
2729 1
2735 1
2736 1
2741 1
2743 1
2747 2
2751 1
2753 1
2764 3
2765 1
2769 1
2772 1
2779 1
2780 1
2785 1
2790 1
2791 1
2793 1
2795 1
2796 1
2800 1
2803 1
2807 1
2808 1
2811 1
2812 1
2813 1
2817 2
2818 1
2819 1
2823 1
2827 1
2831 1
2834 1
2836 1
2837 1
2838 1
2841 1
2842 1
2846 1
2848 1
2862 1
2863 1
2864 1
2867 1
2868 1
2871 1
2875 1
2877 1
2878 1
2879 1
2883 1
2884 1
2885 1
2887 1
2891 1
2894 1
2896 1
2901 1
2902 1
2906 1
2914 4
2922 1
2925 1
2926 1
2935 1
2936 1
2940 1
2945 1
2947 1
2948 1
2950 1
2951 1
2956 1
2957 1
2959 1
2960 1
2961 2
2962 1
2963 1
2966 1
2974 1
2978 1
2984 1
2989 1
2990 1
2992 1
2993 1
2996 1
2998 1
3001 1
3002 1
3007 1
3010 1
3012 1
3014 1
3015 1
3022 1
3025 1
3027 1
3029 1
3030 1
3033 1
3042 1
3050 1
3052 1
3054 1
3057 1
3066 1
3068 1
3070 1
3071 1
3073 1
3077 1
3080 1
3082 1
3083 1
3087 1
3089 1
3091 1
3093 1
3105 1
3108 1
3109 1
3110 1
3112 1
3114 1
3119 1
3120 1
3134 1
3138 1
3141 1
3146 1
3148 1
3149 1
3152 1
3160 1
3164 1
3172 2
3174 2
3178 1
3185 1
3186 1
3191 1
3193 1
3197 1
3204 1
3209 1
3212 1
3220 1
3222 1
3224 1
3227 1
3232 1
3238 1
3240 2
3258 1
3259 1
3260 1
3263 1
3264 3
3265 1
3268 1
3270 1
3273 1
3274 1
3277 1
3282 1
3286 1
3287 1
3288 1
3293 1
3294 1
3298 1
3301 1
3302 1
3303 5
3304 1
3309 4
3314 1
3315 1
3317 1
3318 1
3319 1
3325 1
3330 1
3331 1
3338 1
3341 1
3342 1
3347 1
3348 1
3350 1
3353 1
3355 1
3359 1
3362 3
3366 1
3367 1
3370 1
3372 1
3373 1
3374 1
3375 1
3377 6
3382 1
3383 1
3385 1
3388 1
3390 1
3395 1
3397 1
3398 1
3402 1
3403 1
3405 1
3412 2
3415 2
3417 1
3420 1
3421 1
3427 1
3432 1
3440 1
3444 1
3446 1
3449 1
3452 1
3456 1
3459 1
3461 1
3462 1
3463 1
3468 1
3469 1
3472 1
3477 1
3484 1
3485 1
3486 1
3488 1
3492 1
3497 2
3500 1
3501 1
3505 1
3511 2
3512 1
3514 1
3518 1
3522 1
3525 1
3531 1
3534 1
3537 1
3538 1
3539 1
3546 1
3551 1
3552 1
3553 1
3564 1
3570 1
3571 1
3572 1
3574 1
3576 1
3580 1
3581 1
3583 5
3591 1
3593 1
3594 4
3595 1
3596 1
3597 1
3603 1
3605 1
3606 1
3610 1
3611 5
3613 1
3615 1
3619 1
3621 1
3624 1
3626 1
3630 1
3632 1
3635 1
3637 1
3638 1
3641 1
3652 1
3656 1
3660 1
3661 3
3667 1
3668 1
3670 1
3671 4
3677 1
3679 1
3680 1
3683 1
3684 1
3687 1
3689 1
3690 1
3692 1
3700 1
3717 1
3718 1
3720 1
3721 1
3722 1
3723 1
3727 1
3730 1
3732 1
3736 1
3739 1
3740 1
3746 1
3749 1
3752 1
3753 1
3765 1
3768 1
3770 1
3772 1
3780 1
3788 1
3794 1
3796 1
3798 1
3801 1
3804 1
3806 1
3808 1
3811 1
3816 1
3818 1
3823 1
3824 1
3826 1
3832 1
3844 1
3847 1
3849 1
3854 1
3860 1
3862 1
3866 1
3868 1
3869 1
3877 1
3879 1
3881 1
3883 1
3887 1
3893 1
3894 1
3895 2
3896 1
3898 1
3902 2
3903 1
3911 1
3913 1
3916 1
3917 1
3921 1
3923 1
3925 1
3926 1
3929 2
3930 1
3937 1
3938 1
3939 1
3944 1
3953 1
3954 1
3955 1
3964 1
3965 1
3968 1
3969 1
3970 1
3980 1
3983 2
3984 1
3992 1
3993 1
3994 3
3998 1
3999 1
4001 1
4005 1
4006 1
4010 1
4013 1
4016 1
4018 1
4021 2
4022 1
4023 1
4027 6
4034 1
4035 1
4036 1
4038 1
4039 1
4043 1
4044 1
4045 1
4046 1
4047 1
4054 1
4060 1
4064 1
4065 1
4066 1
4067 1
4070 1
4074 1
4076 1
4082 1
4089 1
4097 1
4100 1
4108 1
4115 1
4122 1
4123 1
4129 1
4130 1
4136 1
4146 1
4148 1
4149 1
4150 1
4153 1
4155 1
4160 1
4161 1
4162 1
4163 1
4164 1
4174 1
4176 1
4178 1
4180 1
4185 1
4187 1
4189 1
4198 1
4200 1
4203 1
4205 1
4208 1
4216 1
4217 1
4220 1
4222 1
4224 1
4225 1
4226 1
4227 1
4234 1
4235 1
4236 1
4237 1
4242 1
4244 1
4247 1
4248 1
4250 1
4254 1
4255 1
4258 1
4259 1
4260 1
4266 1
4269 1
4274 1
4288 2
4295 1
4296 1
4299 1
4301 4
4305 1
4307 1
4308 1
4315 1
4318 1
4319 1
4321 5
4325 1
4328 1
4330 1
4331 2
4335 1
4336 1
4338 1
4343 1
4347 1
4351 1
4354 1
4360 1
4365 1
4367 1
4370 1
4376 1
4377 1
4380 4
4381 1
4382 5
4388 1
4393 1
4395 1
4396 1
4400 1
4405 1
4413 1
4415 1
4417 1
4421 1
4422 1
4424 1
4428 1
4435 1
4441 1
4449 1
4452 1
4453 1
4455 1
4457 1
4483 1
4485 1
4491 1
4495 1
4497 1
4498 1
4502 1
4504 1
4508 1
4511 1
4512 1
4517 1
4519 1
4526 1
4534 1
4537 1
4539 1
4542 1
4547 1
4549 1
4550 1
4565 1
4567 1
4568 1
4570 1
4571 1
4572 1
4583 1
4584 1
4586 1
4587 1
4589 1
4590 1
4595 1
4603 1
4606 1
4609 1
4610 1
4613 1
4620 1
4625 1
4627 1
4628 1
4631 1
4632 1
4633 1
4634 1
4635 1
4636 1
4638 1
4639 1
4643 1
4648 1
4651 1
4653 1
4654 1
4656 1
4658 1
4667 1
4673 1
4675 1
4678 1
4679 1
4684 1
4686 1
4688 1
4697 1
4700 1
4702 1
4705 1
4709 1
4710 1
4717 1
4718 1
4719 3
4722 1
4730 1
4733 1
4737 1
4740 1
4746 1
4748 1
4749 1
4755 1
4759 1
4763 1
4764 1
4773 1
4775 1
4782 1
4785 1
4787 1
4789 1
4795 1
4797 1
4798 1
4799 1
4800 1
4801 1
4804 1
4812 1
4813 1
4817 1
4818 1
4820 1
4823 1
4824 1
4825 1
4826 1
4835 1
4836 1
4838 1
4841 1
4843 1
4844 1
4845 1
4846 1
4848 1
4857 1
4859 1
4860 1
4863 1
4866 1
4867 1
4868 1
4870 1
4877 1
4879 1
4881 1
4882 1
4885 1
4886 1
4890 1
4892 1
4897 1
4899 1
4900 1
4901 1
4905 1
4907 1
4909 1
4910 1
4911 1
4912 1
4916 1
4917 1
4932 1
4933 1
4939 1
4940 2
4950 2
4985 1
4995 1
4999 1
5023 1
5096 1
5167 1
5178 1
5180 2
5185 1
5574 1
5590 1
5611 1
5710 1
5763 1
5787 1
5792 1
5945 1
5994 1
6057 1
6175 1
6215 1
6247 1
6282 1
6399 1
6489 1
6587 1
7145 1
7153 1
7216 1
7548 2
7666 1
7790 1
7841 1
7846 1
7992 1
8085 1
8174 1
8189 1
8285 1
8366 1
8411 1
8417 1
8531 1
8661 1
8734 1
8917 1
9061 1
9321 1
9380 1
9563 1
9653 1
9811 1
9890 1
10035 1
10070 1
10578 1
10733 1
10805 1
10903 1
10981 1
11250 1
11350 1
11642 1
11775 1
11776 1
12274 1
12319 1
12546 1
12918 1
13139 1
13379 1
13442 1
13462 1
13496 1
13730 1
14009 1
14041 1
14059 1
14103 1
14607 1
14625 1
15209 1
15478 2
15587 1
15860 1
16078 1
16546 1
17276 1
17352 1
17366 1
17554 1
17905 1
18520 1
18589 1
18954 1
19256 1
19331 1
19442 1
19734 1
20132 1
20315 1
20379 1
20392 1
21033 1
21055 1
21143 1
21854 1
21867 1
21915 1
21938 1
21973 1
22412 1
22617 1
22881 1
22919 1
23207 1
23307 1
24540 1
24556 1
24674 1
25220 1
25296 1
25388 1
25534 1
25619 1
25693 1
25830 1
25920 1
26072 1
26188 1
26355 1
26358 1
26669 1
28865 1
28966 1
29220 1
29343 1
29649 1
30882 1
32485 1
33711 1
33746 1
34840 1
34886 1
35090 1
36100 1
36543 1
36568 1
37242 1
37424 1
39308 1
41157 1
44312 1
45149 1
46253 1
47394 1
49384 1
49814 1
50087 1
50626 1
51899 1
53972 1
54879 1
55217 1
56323 1
57820 1
58406 1
58710 1
60164 1
62411 1
62704 1
62948 1
63963 1
65575 1
68033 1
69358 1
70574 1
71697 1
75631 1
76906 1
77154 1
78242 1
80638 1
81988 1
84697 1
84700 1
84735 1
85283 1
86055 1
86101 1
89989 1
91626 1
92584 1
99024 1
105839 1
105854 1
106167 1
106193 1
106223 1
107377 1
108057 1
116328 1
117964 1
121056 1
128729 1
129192 1
129543 1
130172 1
135873 1
141928 1
142482 1
142557 1
143449 1
152393 1
167622 1
170527 1
175063 1
177409 1
191100 1
192015 1
196449 1
207027 1
207149 1
220510 1
225061 1
225115 1
227186 1
229953 2
230756 1
241516 1
254623 1
258646 1
262371 1
284501 1
293644 1
294664 1
309156 1
309665 1
314776 1
315288 1
366987 1
367442 1
368433 1
381789 1
384595 1
386754 1
404898 1
427569 1
430195 1
433342 1
439749 1
445586 1
452067 1
544008 1
578933 1
730152 1
758726 1
797845 1
