34 860216 0 19 0
34 864632 0 17 0
180 893 2302 0 0
180 7083 3980 0 0
180 8518 1051 0 0
180 12478 401 0 0
180 14616 58 0 0
180 42443 356 0 0
180 48369 207 0 0
180 52279 1078 0 0
180 53765 413 0 0
180 53768 412 0 0
180 55470 494 0 0
180 56458 604 0 0
180 56864 1023 0 0
180 62365 901 0 0
180 62379 637 0 0
180 122052 442 0 0
180 137519 72 0 0
180 375298 2541 0 0
180 811524 1918 0 0
180 860028 1903 0 0
180 861749 24 0 0
180 862236 312 0 0
180 862695 617 0 0
180 864418 2548 0 0
222 23431 0 173 0
322 37991 0 830 0
322 40550 0 176 0
322 44205 0 877 0
322 52762 0 118 0
322 192673 0 443 0
322 246226 0 464 0
322 313737 0 1305 0
322 434908 0 420 0
322 515867 0 1682 0
322 852059 0 1589 0
322 857041 0 1663 0
322 857066 0 1607 0
322 857076 0 1623 0
322 857747 0 1217 0
322 857815 0 1174 0
322 858034 0 812 0
322 858627 0 611 0
322 859112 0 256 0
322 859296 0 126 0
322 859622 0 273 0
1051 43444 5018 0 0
1051 84459 1653 0 0
1051 776329 1291 0 0
1051 858407 782 0 0
1051 858861 1046 0 0
1051 859018 1149 0 0
1051 861302 2350 0 0
1051 861395 2406 0 0
1051 862231 2892 0 0
1051 862687 3199 0 0
1051 866542 5771 0 0
1442 866664 0 172 0
1589 340995 106 0 0
1774 866664 0 294 0
1872 26112 0 546 0
1872 615511 0 202 0
1872 863771 0 165 0
1973 26112 0 460 0
1973 615511 0 288 0
1973 863771 0 298 0
2011 863771 0 52 0
2091 26112 0 620 0
2091 615511 0 50 0
2091 863771 0 34 0
2091 866664 0 30 0
2184 26112 0 763 0
2184 615511 0 321 0
2184 863771 0 85 0
2289 26112 0 710 0
2289 615511 0 335 0
2289 863771 0 143 0
180562 283500 0 3608 0
2902 435833 0 186 0
3055 11357 0 1025 0
3273 359281 368 0 0
3637 301087 311 0 0
3683 858830 0 23 0
3683 861058 0 24 0
3683 867462 0 39 0
3683 868220 0 29 0
4255 13907 6720 0 0
4255 57680 339 0 0
4255 57911 3411 0 0
4255 537769 79 0 0
4255 866117 5393 0 0
4255 868206 6871 0 0
538666 862965 740 0 0
4474 28324 31 0 0
4474 56240 37 0 0
4474 270002 300 0 0
4627 859487 0 284 0
5832 256628 227 0 0
5832 281133 182 0 0
6247 16244 1863 0 0
6247 270002 710 0 0
6247 864422 193 0 0
6611 863771 0 266 0
95746 340995 41 0 0
362904 435833 0 2079 0
8866 37353 5366 0 0
8866 130176 486 0 0
8866 221277 47 0 0
8866 422083 102 0 0
8866 859183 36 0 0
8866 861214 1106 0 0
8866 861647 1354 0 0
8866 867638 3719 0 0
9187 25571 415 0 0
9187 146529 1757 0 0
9187 652781 95 0 0
810569 861730 0 301 0
811524 861730 0 20 0
11097 861341 870 0 0
11357 14462 152 0 0
11357 27995 694 0 0
11357 30992 1420 0 0
11357 35729 177 0 0
11357 45936 538 0 0
11357 62365 901 0 0
11357 169929 620 0 0
11357 172271 908 0 0
11357 173490 1050 0 0
11357 259627 641 0 0
11357 278318 756 0 0
11357 415389 717 0 0
11357 427784 1309 0 0
11357 866411 27 0 0
11357 866496 84 0 0
11357 866787 274 0 0
11357 867060 484 0 0
11357 867447 755 0 0
11357 867837 1045 0 0
548065 864484 3958 0 0
14218 867014 719 0 0
14218 867130 788 0 0
14273 315114 0 1153 0
14273 857707 0 1312 0
14380 26112 0 20 0
14380 615511 0 18 0
14569 26112 0 125 0
14569 615511 0 113 0
105209 857707 0 3205 0
283500 602952 2424 0 0
283500 860277 27 0 0
283500 866239 3795 0 0
17807 215563 0 348 0
18055 867675 279 0 0
107698 143546 1702 0 0
19735 26112 0 473 0
198001 435833 0 2449 0
20499 615511 0 125 0
465750 864275 0 400 0
822817 860160 0 80 0
199658 435833 0 2256 0
22094 43763 0 566 0
22094 49053 0 501 0
23205 435833 0 2292 0
290466 410648 0 207 0
23913 116027 0 91 0
202255 340995 45 0 0
24540 863044 42 0 0
292139 340995 66 0 0
203643 219649 1159 0 0
26112 60774 151 0 0
26112 60945 35 0 0
26112 865197 1048 0 0
26112 866881 2124 0 0
116027 449143 156 0 0
116027 866508 55 0 0
116027 867169 530 0 0
116027 867477 729 0 0
116289 859822 0 672 0
829390 859522 0 4493 0
28464 860751 428 0 0
830211 864322 662 0 0
29023 865104 0 500 0
118290 866124 0 222 0
29468 31218 0 73 0
118881 435833 0 1549 0
30350 40135 1918 0 0
30350 813471 119 0 0
30350 866519 479 0 0
30350 867019 841 0 0
31026 435833 0 4042 0
31340 340995 62 0 0
388637 435833 0 554 0
479384 859771 0 4264 0
34925 75708 1415 0 0
34925 106264 152 0 0
34925 181272 901 0 0
34925 330844 586 0 0
34925 333231 280 0 0
34925 563874 2549 0 0
34925 634442 1614 0 0
34925 654576 1475 0 0
34925 738279 2629 0 0
34925 738524 501 0 0
34925 863335 145 0 0
34925 863580 323 0 0
34925 863830 506 0 0
34925 864082 646 0 0
34925 864717 1080 0 0
34925 866767 2454 0 0
35024 435833 0 2880 0
35384 864519 0 51 0
480704 863771 0 61 0
35550 863923 0 973 0
125378 222825 0 84 0
36492 435833 0 8439 0
37725 480336 0 2244 0
750575 750666 0 26 0
216484 435833 0 728 0
751189 857187 0 2232 0
39403 313737 0 587 0
40388 435833 0 326 0
40405 435833 0 135 0
752778 868088 2843 0 0
42103 867609 0 21 0
42939 864408 748 0 0
43229 340995 195 0 0
135148 862418 561 0 0
135148 862898 867 0 0
224273 860606 0 2548 0
224633 435833 0 2757 0
313737 461688 608 0 0
313737 861407 2112 0 0
313737 863210 1074 0 0
313737 864333 3992 0 0
313737 864395 1890 0 0
313737 864706 2096 0 0
47720 435833 0 423 0
404595 866901 0 180 0
319140 859828 101 0 0
765271 867279 792 0 0
53700 435833 0 2460 0
766226 860744 1 0 0
410648 445704 55 0 0
410648 537239 163 0 0
410648 557282 29 0 0
410648 559651 2478 0 0
410648 812772 76 0 0
410648 814059 1670 0 0
410648 815565 15 0 0
410648 824193 1155 0 0
410648 858695 67 0 0
410648 861927 429 0 0
856790 860013 37 0 0
55649 435833 0 1810 0
55828 615511 0 73 0
55828 863771 0 19 0
857256 859016 41 0 0
679188 861338 154 0 0
857314 857588 126 0 0
857314 857925 298 0 0
857317 859638 1283 0 0
857317 861318 2172 0 0
857365 857792 208 0 0
412174 435833 0 3585 0
857707 858358 398 0 0
857721 863051 3040 0 0
501616 859402 0 7 0
56418 154508 0 17 0
857833 857904 44 0 0
857833 858022 112 0 0
857833 858139 175 0 0
857833 858148 186 0 0
857833 858525 416 0 0
857833 858693 509 0 0
857833 858965 680 0 0
857833 859025 729 0 0
857842 858795 567 0 0
857842 859557 1004 0 0
858000 858551 324 0 0
858089 858220 89 0 0
858357 858620 147 0 0
858374 861864 1911 0 0
858455 858598 85 0 0
858853 859260 236 0 0
858853 860273 769 0 0
858853 867431 5355 0 0
57648 861671 1375 0 0
859020 859984 508 0 0
859207 866023 4229 0 0
859207 866225 4328 0 0
57883 410648 0 88 0
859402 859449 33 0 0
859402 859454 40 0 0
859402 859933 267 0 0
859402 860269 451 0 0
859402 861541 1124 0 0
859402 862984 2013 0 0
859402 864893 3293 0 0
147329 857957 0 36 0
859771 863399 1351 0 0
859771 863631 1521 0 0
859771 863661 1531 0 0
859771 864109 1831 0 0
859771 864112 3838 0 0
859771 865285 2644 0 0
859962 860501 302 0 0
859969 860638 349 0 0
860073 863056 1713 0 0
860120 862291 1225 0 0
860149 867513 4704 0 0
860283 861724 785 0 0
860287 865424 3249 0 0
860336 860929 314 0 0
860460 866582 3875 0 0
861058 861203 72 0 0
861237 861311 30 0 0
861237 861653 234 0 0
861237 862267 610 0 0
861237 862811 940 0 0
861386 864459 167 0 0
861670 861755 44 0 0
861730 862847 695 0 0
60774 615511 0 130 0
862345 862346 0 190 0
862746 862747 1 0 0
862746 862749 1 0 0
862873 866468 2415 0 0
863126 863199 37 0 0
61803 313737 0 23 0
61803 709424 0 102 0
863392 863406 14 0 0
507569 533043 1568 0 0
863826 867819 2718 0 0
863867 864275 0 330 0
863869 863896 16 0 0
864390 865519 798 0 0
864573 867518 2004 0 0
864725 867677 2037 0 0
864960 865046 60 0 0
864983 865354 294 0 0
865352 865695 264 0 0
64048 435833 0 1332 0
865539 866789 0 524 0
865539 868084 1746 0 0
865643 865885 151 0 0
865643 866316 394 0 0
865694 865949 165 0 0
865694 866994 849 0 0
865694 867748 1385 0 0
865694 868212 1762 0 0
865977 866314 186 0 0
865984 866357 207 0 0
866372 866427 41 0 0
866372 866443 49 0 0
866455 866758 201 0 0
866530 866850 140 0 0
866530 867023 283 0 0
866530 867405 539 0 0
866530 867473 585 0 0
866627 866915 218 0 0
866664 867702 768 0 0
510557 858917 0 444 0
65364 866664 0 20 0
154508 860061 790 0 0
866901 867224 257 0 0
243664 864098 196 0 0
243664 864599 529 0 0
243664 865618 1282 0 0
867580 868042 363 0 0
246123 433464 0 65 0
780931 862873 0 445 0
246712 705055 0 19 0
427067 859402 0 2551 0
429680 859207 0 453 0
429928 864688 377 0 0
340995 353783 0 115 0
340995 729052 0 70 0
340995 832670 0 192 0
340995 858989 0 64 0
163797 864237 847 0 0
164633 859771 0 516 0
700047 866664 0 142 0
255081 866871 22 0 0
255081 867086 185 0 0
78991 864137 693 0 0
435833 454328 403 0 0
435833 475485 567 0 0
435833 497143 3007 0 0
435833 509052 1887 0 0
435833 531138 991 0 0
435833 549862 1342 0 0
435833 555572 31 0 0
435833 605933 2129 0 0
435833 640565 855 0 0
435833 690126 977 0 0
435833 745593 27 0 0
435833 760981 1092 0 0
435833 778607 67 0 0
435833 861234 20 0 0
435833 861290 45 0 0
435833 861390 103 0 0
435833 861593 210 0 0
435833 861691 276 0 0
435833 861728 294 0 0
435833 861829 355 0 0
435833 862024 560 0 0
435833 862116 524 0 0
435833 862306 651 0 0
435833 862338 664 0 0
435833 862352 670 0 0
435833 862509 776 0 0
435833 862564 830 0 0
435833 862780 941 0 0
435833 862834 14 0 0
435833 862840 16 0 0
435833 862896 48 0 0
435833 863029 1093 0 0
435833 863049 140 0 0
435833 863068 1115 0 0
435833 863086 1124 0 0
435833 863530 486 0 0
435833 863656 1537 0 0
435833 863684 594 0 0
435833 864397 1067 0 0
435833 864779 1303 0 0
435833 864814 1320 0 0
435833 865148 1549 0 0
435833 865362 1746 0 0
435833 865407 2746 0 0
435833 865515 1860 0 0
435833 865745 2011 0 0
435833 865772 2996 0 0
435833 865788 2044 0 0
435833 865820 2060 0 0
435833 865887 2116 0 0
435833 866223 142 0 0
435833 866346 213 0 0
435833 866485 300 0 0
435833 866703 2591 0 0
435833 867298 885 0 0
435833 867310 3058 0 0
435833 867614 3265 0 0
435833 867928 4458 0 0
435833 868313 4808 0 0
792392 867068 52 0 0
615511 865895 59 0 0
705055 710846 45 0 0
705055 729537 928 0 0
705055 749791 1754 0 0
705055 829388 17 0 0
705055 846533 29 0 0
705055 864844 22 0 0
705055 865034 163 0 0
705055 865240 315 0 0
705055 865725 685 0 0
705055 866006 881 0 0
705055 866598 1220 0 0
705055 867420 1800 0 0
705055 868260 2473 0 0
82926 866124 0 69 0
172483 866294 0 0 0
707180 859858 1 0 0
355621 435833 0 3917 0
