1 1 100 6.15031
2 2 100 7.51819
3 3 100 8.88607
4 4 100 10.254
5 5 100 11.2999
6 6 100 12.3919
7 7 100 13.7598
8 8 100 15.1277
9 9 100 20.1743
10 10 100 21.9101
11 11 100 26.0924
12 12 100 27.2151
13 13 100 28.5829
14 14 100 30.3187
15 15 100 32.0545
16 16 100 33.6817
17 17 100 34.7221
18 18 100 40.5045
19 19 100 41.5505
20 20 100 43.2863
21 21 100 44.6542
22 22 100 46.022
23 23 100 48.1257
24 24 100 49.534
25 25 100 50.9019
26 26 100 52.2698
27 27 100 53.6376
28 28 100 54.6836
29 29 100 55.7646
30 30 100 57.1324
31 31 100 58.5003
32 32 100 59.8682
33 33 100 61.0521
34 34 100 62.7879
35 35 100 64.1558
36 36 100 65.6156
37 37 100 67.7193
38 38 100 69.0872
39 39 100 70.455
40 40 100 71.8229
41 41 100 73.2828
42 42 100 74.2959
43 43 100 75.3091
44 44 100 76.3222
45 45 100 78.3615
46 46 100 79.3746
47 47 100 80.7425
48 48 100 84.3176
49 49 100 85.4096
50 50 100 87.8811
