34 18809 0 1 1 0 18 0 1 0
34 864632 0 1 1 0 17 0 1 0
178457 699071 0 1 1 0 511 0 1 0
1182 737733 0 1 1 0 238 0 1 0
1442 866664 0 1 1 0 172 0 1 0
1589 340995 1 0 1 106 0 1 0 0
1774 866664 0 1 1 0 294 0 1 0
1872 26112 0 2 2 0 546 0 2 0
1872 615511 0 1 1 0 202 0 1 0
1872 863771 0 1 1 0 165 0 1 0
1973 26112 0 2 2 0 460 0 2 0
1973 615511 0 1 1 0 288 0 1 0
1973 863771 0 1 1 0 298 0 1 0
2011 863771 0 1 1 0 52 0 1 0
2091 26112 0 3 3 0 620 0 3 0
2091 615511 0 1 1 0 50 0 1 0
2091 863771 0 1 1 0 34 0 1 0
2091 866664 0 1 1 0 30 0 1 0
2184 26112 0 3 3 0 763 0 3 0
2184 615511 0 1 1 0 321 0 1 0
2184 863771 0 1 1 0 85 0 1 0
2289 26112 0 3 3 0 710 0 3 0
2289 615511 0 1 1 0 335 0 1 0
2289 863771 0 1 1 0 143 0 1 0
2415 11357 0 1 1 0 3102 0 1 0
2577 19785 0 1 1 0 934 0 1 0
3055 11357 0 1 1 0 1025 0 1 0
3683 867462 0 1 1 0 39 0 1 0
3683 868220 0 1 1 0 29 0 1 0
4255 20196 1 0 1 31 0 1 0 0
4255 90686 1 0 1 177 0 1 0 0
4255 537769 1 0 1 31 0 1 0 0
4255 549681 1 0 1 1007 0 1 0 0
4474 270002 1 0 1 300 0 1 0 0
6246 6247 0 2 2 0 11009 0 2 0
6247 16244 1 0 1 1863 0 1 0 0
6247 19585 2 0 2 10965 0 2 0 0
6247 46501 1 0 1 5679 0 1 0 0
6247 270002 2 0 2 710 0 2 0 0
6247 312103 2 0 2 13423 0 2 0 0
6247 712103 2 0 2 11088 0 2 0 0
6247 864422 1 0 1 193 0 1 0 0
6247 869881 1 0 1 4201 0 1 0 0
6407 8156 1 1 2 37 224 1 1 0
6407 30992 1 0 1 276 0 1 0 0
6407 64282 2 0 2 479 0 1.5 0 0
6611 863771 0 1 1 0 266 0 1 0
7206 869805 0 1 1 0 459 0 1 0
8156 17981 1 0 1 24 0 1 0 0
8156 64282 1 0 1 533 0 0.5 0 0
8156 870883 1 0 1 144 0 1 0 0
8156 870991 1 0 1 261 0 1 0 0
8156 871005 1 0 1 271 0 1 0 0
8156 871034 1 0 1 298 0 1 0 0
9187 25571 1 0 1 415 0 1 0 0
9187 146529 1 0 1 1757 0 1 0 0
9187 652781 1 0 1 95 0 1 0 0
10313 11357 0 1 1 0 3265 0 1 0
367443 367598 0 1 1 0 2047 0 1 0
11357 14462 1 0 1 152 0 1 0 0
11357 27995 1 0 1 694 0 1 0 0
11357 30992 1 0 1 1420 0 1 0 0
11357 35729 1 0 1 177 0 1 0 0
11357 45936 1 0 1 538 0 1 0 0
11357 62365 1 0 1 901 0 1 0 0
11357 138479 1 0 1 2036 0 1 0 0
11357 169929 1 0 1 620 0 1 0 0
11357 172271 1 0 1 908 0 1 0 0
11357 173490 1 0 1 1050 0 1 0 0
11357 230621 1 0 1 1674 0 1 0 0
11357 259627 1 0 1 641 0 1 0 0
11357 278318 1 0 1 756 0 1 0 0
11357 368561 1 0 1 2106 0 1 0 0
11357 390983 1 0 1 2354 0 1 0 0
11357 415389 1 0 1 717 0 1 0 0
11357 427784 1 0 1 1309 0 1 0 0
11357 781794 1 0 1 2067 0 1 0 0
11357 866411 1 0 1 27 0 1 0 0
11357 866496 1 0 1 84 0 1 0 0
11357 866787 1 0 1 274 0 1 0 0
11357 867060 1 0 1 484 0 1 0 0
11357 867447 1 0 1 755 0 1 0 0
11357 867837 1 0 1 1045 0 1 0 0
12565 346049 0 1 1 0 2759 0 1 0
12741 865281 0 1 1 0 780 0 1 0
547027 869857 1 0 1 65 0 1 0 0
14218 867014 1 0 1 719 0 1 0 0
14218 867130 1 0 1 788 0 1 0 0
14296 869805 0 1 1 0 1 0 1 0
14380 26112 0 1 1 0 20 0 1 0
14380 615511 0 1 1 0 18 0 1 0
14569 26112 0 1 1 0 125 0 1 0
14569 615511 0 1 1 0 113 0 1 0
194077 333981 0 1 1 0 135 0 1 0
194077 872374 1 0 1 21 0 1 0 0
17807 215563 0 2 2 0 348 0 2 0
18055 867675 1 0 1 279 0 1 0 0
19735 26112 0 2 2 0 473 0 2 0
198001 435833 0 1 1 0 323 0 1 0
20499 615511 0 1 1 0 125 0 1 0
20499 869805 0 1 1 0 133 0 1 0
465750 864275 0 1 1 0 400 0 1 0
555073 871140 1 0 1 322 0 1 0 0
22094 49053 0 1 1 0 33 0 1 0
112242 865281 0 1 1 0 392 0 1 0
23913 116027 0 1 1 0 91 0 1 0
291305 871323 1 0 1 290 0 1 0 0
113904 866664 0 1 1 0 1728 0 1 0
24936 48562 0 1 1 0 958 0 1 0
559431 865694 0 1 1 0 3800 0 1 0
737733 871974 1 0 1 113 0 1 0 0
737733 871976 1 0 1 113 0 1 0 0
737733 871989 1 0 1 128 0 1 0 0
203643 219649 1 0 1 1159 0 1 0 0
559915 820819 0 1 1 0 2209 0 1 0
26112 60774 1 0 1 151 0 1 0 0
26112 60945 1 0 1 35 0 1 0 0
26112 865197 1 0 1 1048 0 1 0 0
26112 866881 1 0 1 2124 0 1 0 0
204502 872374 0 1 1 0 74 0 1 0
116027 449143 1 0 1 156 0 1 0 0
116027 468110 1 0 1 2092 0 1 0 0
116027 866508 1 0 1 55 0 1 0 0
116027 867169 1 0 1 530 0 1 0 0
116027 867477 1 0 1 729 0 1 0 0
116027 870076 1 0 1 2823 0 1 0 0
116027 871420 1 0 1 4029 0 1 0 0
562154 865281 0 1 1 0 448 0 1 0
473121 866901 0 1 1 0 1297 0 1 0
830211 864322 1 0 1 662 0 1 0 0
29023 865104 0 1 1 0 500 0 1 0
118290 866124 0 1 1 0 222 0 1 0
29468 31218 0 1 1 0 73 0 1 0
30350 40135 1 0 1 1918 0 1 0 0
30350 42332 1 0 1 2880 0 1 0 0
30350 813471 1 0 1 119 0 1 0 0
30350 866519 1 0 1 479 0 1 0 0
30350 867019 1 0 1 841 0 1 0 0
30350 868289 1 0 1 2193 0 1 0 0
30350 869272 1 0 1 2574 0 1 0 0
30350 871166 1 0 1 4227 0 1 0 0
120995 870337 0 1 1 0 253 0 1 0
122777 865977 0 1 1 0 1952 0 1 0
301600 868915 1 0 1 3357 0 1 0 0
35384 864519 0 1 1 0 51 0 1 0
480704 863771 0 1 1 0 61 0 1 0
35550 863923 0 1 1 0 973 0 1 0
481709 700222 0 1 1 0 1353 0 1 0
37432 869452 0 1 1 0 1411 0 1 0
37725 480336 0 1 1 0 2244 0 1 0
216138 871344 1 0 1 157 0 1 0 0
750575 750666 0 1 1 0 26 0 1 0
572589 869643 0 1 1 0 1403 0 1 0
40273 871242 0 1 1 0 702 0 1 0
752778 868088 1 0 1 2843 0 1 0 0
752778 868492 1 0 1 3190 0 1 0 0
129581 850526 1 0 1 512 0 1 0 0
129581 850561 1 0 1 536 0 1 0 0
129581 850742 1 0 1 82 0 1 0 0
843117 868364 0 1 1 0 191 0 1 0
42103 867609 0 1 1 0 21 0 1 0
42546 865281 0 1 1 0 409 0 1 0
42919 870307 0 1 1 0 8 0 1 0
42939 864408 1 0 1 748 0 1 0 0
43229 340995 1 0 1 195 0 1 0 0
845583 871717 1 0 1 219 0 1 0 0
44423 870359 1 0 1 17 0 1 0 0
580011 868714 1 0 1 2096 0 1 0 0
46610 870962 1 0 1 71 0 1 0 0
46934 865694 0 1 1 0 301 0 1 0
404595 866901 0 1 1 0 180 0 1 0
673202 872283 1 0 1 45 0 1 0 0
50960 51153 1 0 1 191 0 1 0 0
50960 871082 1 0 1 10 0 1 0 0
51771 865104 0 1 1 0 3041 0 1 0
230924 699071 0 1 1 0 66 0 1 0
498047 869805 0 1 1 0 182 0 1 0
52935 225995 1 0 1 358 0 1 0 0
52935 872292 1 0 1 83 0 1 0 0
765271 867279 1 0 1 792 0 1 0 0
53179 705055 0 1 1 0 3540 0 1 0
856756 871612 0 1 1 0 782 0 1 0
55828 615511 0 1 1 0 73 0 1 0
55828 863771 0 1 1 0 19 0 1 0
55828 869805 0 1 1 0 291 0 1 0
501695 870586 0 1 1 0 896 0 1 0
56768 333981 0 1 1 0 329 0 1 0
858137 868990 2 0 2 1705 0 2 0 0
858137 869422 1 0 1 122 0 1 0 0
57648 868702 1 0 1 200 0 1 0 0
57648 870311 1 0 1 1547 0 1 0 0
57648 871801 1 0 1 2852 0 1 0 0
859522 869832 0 1 1 0 162 0 1 0
859914 869452 0 1 1 0 1043 0 1 0
504484 871734 1 0 1 252 0 1 0 0
861386 864459 1 0 1 167 0 1 0 0
60774 615511 0 1 1 0 130 0 1 0
863392 863406 1 0 1 14 0 1 0 0
507569 533043 1 0 1 1568 0 1 0 0
863826 867819 1 0 1 2718 0 1 0 0
863867 864275 0 1 1 0 330 0 1 0
863869 863896 1 0 1 16 0 1 0 0
864390 865519 1 0 1 798 0 1 0 0
864390 868998 1 0 1 3304 0 1 0 0
63079 864402 0 1 1 0 3945 0 1 0
864573 867518 1 0 1 2004 0 1 0 0
864725 867677 1 0 1 2037 0 1 0 0
864960 865046 1 0 1 60 0 1 0 0
864983 865354 1 0 1 294 0 1 0 0
864983 870292 1 0 1 4016 0 1 0 0
865281 871938 1 0 1 620 0 1 0 0
865352 865695 1 0 1 264 0 1 0 0
865352 870156 1 0 1 3591 0 1 0 0
865539 866789 0 1 1 0 524 0 1 0
865539 868084 1 0 1 1746 0 1 0 0
153262 197795 1 0 1 110 0 1 0 0
865643 865885 1 0 1 151 0 1 0 0
865643 866316 1 0 1 394 0 1 0 0
865694 865949 1 0 1 165 0 1 0 0
865694 866994 1 0 1 849 0 1 0 0
865694 867748 1 0 1 1385 0 1 0 0
865694 868212 1 0 1 1762 0 1 0 0
865694 869488 1 0 1 2764 0 1 0 0
865694 870986 1 0 1 4085 0 1 0 0
865977 866314 1 0 1 186 0 1 0 0
865984 866357 1 0 1 207 0 1 0 0
64644 868792 1 0 1 1063 0 1 0 0
866372 866427 1 0 1 41 0 1 0 0
866372 866443 1 0 1 49 0 1 0 0
866416 868443 1 0 1 1533 0 1 0 0
866455 866758 1 0 1 201 0 1 0 0
866530 866850 1 0 1 140 0 1 0 0
866530 867023 1 0 1 283 0 1 0 0
866530 867405 1 0 1 539 0 1 0 0
866530 867473 1 0 1 585 0 1 0 0
866530 868907 1 0 1 1717 0 1 0 0
866530 871952 1 0 1 4360 0 1 0 0
866627 866915 1 0 1 218 0 1 0 0
866664 867702 1 0 1 768 0 1 0 0
65364 866664 0 1 1 0 20 0 1 0
866901 867224 1 0 1 257 0 1 0 0
243664 864098 1 0 1 196 0 1 0 0
243664 864599 1 0 1 529 0 1 0 0
243664 865618 1 0 1 1282 0 1 0 0
867580 868042 1 0 1 363 0 1 0 0
867584 868792 1 0 1 971 0 1 0 0
867602 869847 1 0 1 1792 0 1 0 0
867669 868680 1 0 1 810 0 1 0 0
867669 869059 1 0 1 1105 0 1 0 0
867990 869147 1 0 1 957 0 1 0 0
868107 868447 1 0 1 282 0 1 0 0
868501 868887 1 0 1 288 0 1 0 0
868792 868801 0 1 1 0 1102 0 1 0
868792 868803 0 1 1 0 304 0 1 0
868792 868805 0 1 1 0 315 0 1 0
245628 333981 1 0 1 262 0 1 0 0
869093 871865 1 0 1 2409 0 1 0 0
869093 872248 1 0 1 2764 0 1 0 0
869093 872498 1 0 1 3021 0 1 0 0
869347 869368 1 0 1 19 0 1 0 0
246123 433464 0 1 1 0 65 0 1 0
869643 869748 1 0 1 95 0 1 0 0
869643 869962 1 0 1 268 0 1 0 0
869934 870402 1 0 1 428 0 1 0 0
869934 871691 1 0 1 1565 0 1 0 0
246712 705055 0 1 1 0 19 0 1 0
870100 870189 1 0 1 62 0 1 0 0
870179 871073 1 0 1 810 0 1 0 0
870223 870556 1 1 2 285 82 1 1 0
870281 870441 0 1 1 0 34 0 1 0
870281 871954 1 0 1 1474 0 1 0 0
870307 871520 1 0 1 1053 0 1 0 0
870307 872064 1 0 1 1563 0 1 0 0
870576 870691 1 0 1 90 0 1 0 0
870586 870870 1 0 1 231 0 1 0 0
870934 871558 1 0 1 530 0 1 0 0
69955 871301 0 1 1 0 511 0 1 0
69955 872203 0 1 1 0 5354 0 1 0
871650 871899 1 0 1 235 0 1 0 0
871680 871681 0 1 1 0 36 0 1 0
871889 872156 1 0 1 245 0 1 0 0
872036 872145 1 0 1 98 0 1 0 0
872171 872189 1 0 1 30 0 1 0 0
248904 870105 0 1 1 0 17 0 1 0
872514 872561 1 0 1 41 0 1 0 0
517003 869062 1 0 1 1286 0 1 0 0
429928 864688 1 0 1 377 0 1 0 0
340995 353783 0 1 1 0 115 0 1 0
340995 604802 0 4 4 0 231 0 4 0
340995 729052 0 1 1 0 70 0 1 0
340995 832670 0 1 1 0 192 0 1 0
340995 868062 0 1 1 0 2926 0 1 0
340995 869865 0 1 1 0 54 0 1 0
430620 870282 1 0 1 824 0 1 0 0
431674 435833 0 1 1 0 2984 0 1 0
699071 718043 1 0 1 105 0 1 0 0
699071 871987 1 0 1 35 0 1 0 0
699071 872030 1 0 1 77 0 1 0 0
699071 872034 1 0 1 78 0 1 0 0
699071 872078 1 0 1 115 0 1 0 0
699071 872153 1 0 1 182 0 1 0 0
699071 872158 1 0 1 182 0 1 0 0
699071 872165 1 0 1 185 0 1 0 0
699071 872404 1 0 1 444 0 1 0 0
699071 872502 1 0 1 532 0 1 0 0
700047 866664 0 1 1 0 142 0 1 0
700222 870228 1 0 1 255 0 1 0 0
255081 866871 1 0 1 22 0 1 0 0
255081 867086 1 0 1 185 0 1 0 0
435833 866223 1 0 1 142 0 1 0 0
435833 866346 1 0 1 213 0 1 0 0
435833 866485 1 0 1 300 0 1 0 0
435833 867298 1 0 1 885 0 1 0 0
435833 870471 1 0 1 3447 0 1 0 0
79889 865281 0 1 1 0 974 0 1 0
792392 867068 1 0 1 52 0 1 0 0
258211 291305 0 1 1 0 626 0 1 0
258477 480413 0 1 1 0 187 0 1 0
615511 865895 1 0 1 59 0 1 0 0
793997 870307 0 1 1 0 225 0 1 0
705055 710846 1 0 1 45 0 1 0 0
705055 729537 1 0 1 928 0 1 0 0
705055 749791 1 0 1 1754 0 1 0 0
705055 829388 1 0 1 17 0 1 0 0
705055 846533 1 0 1 29 0 1 0 0
705055 864844 1 0 1 22 0 1 0 0
705055 865034 1 0 1 163 0 1 0 0
705055 865240 1 0 1 315 0 1 0 0
705055 865725 1 0 1 685 0 1 0 0
705055 866006 1 0 1 881 0 1 0 0
705055 866598 1 0 1 1220 0 1 0 0
705055 867420 1 0 1 1800 0 1 0 0
705055 868260 1 0 1 2473 0 1 0 0
705055 868839 1 0 1 2932 0 1 0 0
82926 866124 0 1 1 0 69 0 1 0
172483 866294 0 0 1 0 0 0 0 0
531915 871859 1 0 1 79 0 1 0 0
531915 871877 1 0 1 97 0 1 0 0
531915 871890 1 0 1 111 0 1 0 0
