1 1 100 1088.12
2 2 100 1216.46
3 3 100 1328.7
4 4 100 1722.8
5 5 100 1781.83
6 6 100 7393.49
7 7 100 7458.11
8 8 100 7529.96
9 9 100 7594.6
10 10 100 7621.24
11 11 100 7660.01
12 12 100 7687.88
13 13 100 7722.28
14 14 100 7745.17
15 15 100 7771.8
16 16 100 7797.08
17 17 100 7818.02
18 18 100 7835.17
19 19 100 7851.9
20 20 100 7943.99
21 21 100 8001.26
22 22 100 8017.78
23 23 100 8031.14
24 24 100 8044.17
25 25 100 8118.08
26 26 100 8144.48
27 27 100 8158.04
28 28 100 8171.01
29 29 100 8184.77
30 30 100 8193.73
31 31 100 8203.11
32 32 100 8210.57
33 33 100 8223.59
34 34 100 8232.62
35 35 100 8253.54
36 36 100 8264.73
37 37 100 8303.72
38 38 100 8307.91
39 39 100 8314.73
40 40 100 8321.24
41 41 100 8327.08
42 42 100 8332.93
43 43 100 8337.98
44 44 100 8344.5
45 45 100 8397.19
46 46 100 8442.08
47 47 100 8452.27
48 48 100 8458.65
49 49 100 8463.66
50 50 100 8468.56
