2 1 1 1
34 4 4 1
288 1 1 1
502 1 1 1
583 1 1 1
951 1 1 1
981 3 1 0.333333
1112 1 1 1
1203 1 1 1
1465 1 1 1
1644 1 1 1
2091 2 2 1
2518 2 1 0.5
2577 2 2 1
2579 1 1 1
2625 1 1 1
3658 1 1 1
5001 3 2 0.666667
5348 1 1 1
5593 4 4 1
5610 1 1 1
6013 1 1 1
6396 1 1 1
6469 2 1 0.5
6611 2 2 1
6805 1 1 1
6990 2 2 1
7079 1 1 1
7083 1 1 1
7135 1 1 1
7478 1 1 1
7904 1 1 1
8804 1 1 1
9089 1 1 1
9308 1 1 1
9771 1 1 1
9831 1 1 1
11470 1 1 1
12053 2 1 0.5
12323 1 1 1
12326 1 1 1
12410 1 1 1
13717 1 1 1
14134 2 1 0.5
14296 1 1 1
15810 1 1 1
15939 1 1 1
16895 1 1 1
16960 1 1 1
17526 1 1 1
17528 1 1 1
17561 1 1 1
17807 2 2 1
17925 1 1 1
18315 7 1 0.142857
18562 1 1 1
18637 1 1 1
19338 1 1 1
19617 1 1 1
19918 1 1 1
20125 1 1 1
20234 1 1 1
20499 1 1 1
20512 1 1 1
20606 1 1 1
21198 1 1 1
21534 6 1 0.166667
21649 1 1 1
21664 1 1 1
21829 1 1 1
21864 2 2 1
21909 1 1 1
22024 1 1 1
22096 2 2 1
22284 1 1 1
22436 1 1 1
22502 1 1 1
24031 1 1 1
24137 5 3 0.6
24203 1 1 1
24963 1 1 1
25013 1 1 1
25147 1 1 1
25405 2 2 1
25502 1 1 1
25509 1 1 1
25825 1 1 1
26128 1 1 1
26293 1 1 1
26765 1 1 1
26948 1 1 1
27233 1 1 1
27268 1 1 1
27953 1 1 1
28239 1 1 1
29012 1 1 1
29023 24 4 0.166667
29257 2 1 0.5
29646 1 1 1
29663 2 1 0.5
29781 1 1 1
30175 2 1 0.5
30262 2 2 1
30375 2 2 1
30992 1 1 1
31026 1 1 1
31371 1 1 1
31393 1 1 1
31857 1 1 1
32040 1 1 1
32242 1 1 1
32516 1 1 1
32703 1 1 1
32935 1 1 1
33164 1 1 1
33756 1 1 1
34904 1 1 1
35100 1 1 1
35877 1 1 1
36687 1 1 1
36692 1 1 1
36960 1 1 1
37098 1 1 1
37100 1 1 1
38076 1 1 1
38203 1 1 1
38816 1 1 1
38846 1 1 1
38904 1 1 1
40089 2 1 0.5
40273 1 1 1
40416 1 1 1
40617 1 1 1
40769 1 1 1
40920 1 1 1
41065 1 1 1
41707 1 1 1
42884 1 1 1
42895 3 2 0.666667
42969 1 1 1
43197 2 2 1
43363 1 1 1
43383 1 1 1
44041 1 1 1
44155 1 1 1
46380 1 1 1
47165 2 1 0.5
47167 1 1 1
47212 1 1 1
47435 1 1 1
47720 1 1 1
48008 1 1 1
48011 1 1 1
48690 1 1 1
49732 1 1 1
50423 1 1 1
51327 1 1 1
51490 1 1 1
51498 1 1 1
51567 1 1 1
51608 1 1 1
51822 1 1 1
52173 1 1 1
52184 1 1 1
52264 1 1 1
52472 1 1 1
52768 1 1 1
53231 1 1 1
53318 1 1 1
53398 1 1 1
53469 1 1 1
53640 1 1 1
54573 1 1 1
54643 1 1 1
54669 1 1 1
55828 1 1 1
56025 1 1 1
56209 1 1 1
56893 1 1 1
56915 1 1 1
57239 2 2 1
57680 1 1 1
57801 2 2 1
58030 1 1 1
58522 1 1 1
58529 1 1 1
58953 1 1 1
59049 1 1 1
59643 1 1 1
60106 2 2 1
60184 1 1 1
60400 2 2 1
61270 2 2 1
61721 1 1 1
62365 1 1 1
64257 1 1 1
64750 1 1 1
64854 1 1 1
65083 1 1 1
65640 1 1 1
66047 1 1 1
68297 1 1 1
68366 1 1 1
72214 1 1 1
72351 1 1 1
73325 1 1 1
74406 1 1 1
75420 1 1 1
82926 1 1 1
85600 2 1 0.5
86410 1 1 1
86676 1 1 1
88928 1 1 1
88988 2 1 0.5
89250 1 1 1
89385 1 1 1
89523 1 1 1
89527 1 1 1
90402 2 2 1
92507 1 1 1
94662 1 1 1
98882 1 1 1
102948 1 1 1
104513 1 1 1
104814 1 1 1
111267 1 1 1
112787 2 2 1
115073 1 1 1
118707 1 1 1
119606 1 1 1
126026 2 1 0.5
127807 1 1 1
130406 1 1 1
130687 2 2 1
135175 2 1 0.5
136095 1 1 1
139449 1 1 1
141983 1 1 1
142478 1 1 1
145796 1 1 1
147354 1 1 1
147370 1 1 1
151399 1 1 1
151652 1 1 1
152762 1 1 1
158026 1 1 1
162077 3 2 0.666667
163009 1 1 1
163769 1 1 1
163921 1 1 1
170093 1 1 1
171656 1 1 1
173672 1 1 1
175287 1 1 1
176487 1 1 1
176684 1 1 1
177161 1 1 1
178365 1 1 1
179906 3 3 1
186765 1 1 1
189584 1 1 1
190245 1 1 1
190622 1 1 1
191559 1 1 1
192633 1 1 1
194613 1 1 1
195427 1 1 1
195458 1 1 1
198047 1 1 1
202252 2 2 1
203188 3 2 0.666667
203678 1 1 1
204331 1 1 1
205266 1 1 1
206067 1 1 1
206314 1 1 1
206458 1 1 1
206584 5 2 0.4
206719 1 1 1
208421 1 1 1
210642 1 1 1
210719 1 1 1
211463 1 1 1
212575 1 1 1
214201 1 1 1
214912 1 1 1
215221 1 1 1
217407 1 1 1
217988 1 1 1
218386 1 1 1
218544 1 1 1
218567 1 1 1
218617 1 1 1
219075 1 1 1
219766 1 1 1
219827 1 1 1
220777 1 1 1
220801 2 1 0.5
221082 2 1 0.5
221379 1 1 1
221568 1 1 1
222068 1 1 1
222251 1 1 1
223782 1 1 1
224070 1 1 1
224175 1 1 1
224408 1 1 1
225867 1 1 1
226449 1 1 1
228300 1 1 1
228330 1 1 1
229160 1 1 1
229494 1 1 1
231492 1 1 1
232385 1 1 1
232885 1 1 1
233141 1 1 1
233835 1 1 1
234244 1 1 1
236607 1 1 1
237214 1 1 1
237301 1 1 1
238093 1 1 1
239922 1 1 1
240508 1 1 1
244539 1 1 1
245402 1 1 1
247154 1 1 1
248658 1 1 1
251095 1 1 1
251360 1 1 1
251764 1 1 1
252131 1 1 1
253229 1 1 1
255968 1 1 1
258294 1 1 1
259262 1 1 1
259777 1 1 1
260176 1 1 1
260534 1 1 1
261292 4 4 1
262905 1 1 1
267056 1 1 1
267725 1 1 1
267842 1 1 1
267878 1 1 1
267919 1 1 1
268184 1 1 1
268202 1 1 1
268220 1 1 1
268549 1 1 1
268610 1 1 1
268887 1 1 1
268971 1 1 1
268990 1 1 1
268994 1 1 1
269065 1 1 1
269103 1 1 1
269421 1 1 1
269480 1 1 1
269517 1 1 1
269522 1 1 1
269557 1 1 1
269568 1 1 1
269816 1 1 1
269881 1 1 1
270157 1 1 1
270179 1 1 1
270545 1 1 1
270549 1 1 1
270665 1 1 1
270869 1 1 1
270993 1 1 1
271066 1 1 1
271076 1 1 1
271565 1 1 1
271618 1 1 1
271700 1 1 1
271755 1 1 1
271787 1 1 1
271803 1 1 1
271866 1 1 1
272233 1 1 1
272580 1 1 1
272806 1 1 1
272819 1 1 1
273029 1 1 1
273277 1 1 1
273309 1 1 1
273315 1 1 1
273499 1 1 1
273616 1 1 1
274207 1 1 1
274680 1 1 1
274972 1 1 1
275030 1 1 1
275438 1 1 1
275661 1 1 1
275911 1 1 1
276080 1 1 1
276274 1 1 1
276477 1 1 1
276826 1 1 1
277165 1 1 1
277833 1 1 1
277955 1 1 1
278229 1 1 1
278284 1 1 1
278639 1 1 1
278777 1 1 1
278829 1 1 1
279637 1 1 1
280646 1 1 1
281342 1 1 1
281400 1 1 1
281665 1 1 1
282237 1 1 1
282510 1 1 1
282609 1 1 1
282740 1 1 1
282855 2 2 1
282966 1 1 1
283156 1 1 1
283418 1 1 1
283439 2 1 0.5
283603 1 1 1
283744 1 1 1
283996 1 1 1
284431 1 1 1
284588 1 1 1
284725 1 1 1
284753 1 1 1
285557 1 1 1
285700 1 1 1
285820 1 1 1
285852 1 1 1
285994 1 1 1
286411 1 1 1
286521 1 1 1
286951 1 1 1
286970 1 1 1
287247 1 1 1
287283 1 1 1
287328 1 1 1
287374 1 1 1
287421 1 1 1
287756 1 1 1
287928 1 1 1
288721 1 1 1
289163 1 1 1
289485 1 1 1
291806 1 1 1
292211 1 1 1
293184 1 1 1
293523 1 1 1
293874 1 1 1
294212 1 1 1
294301 1 1 1
294950 1 1 1
295574 1 1 1
295919 1 1 1
295930 1 1 1
296088 1 1 1
297829 1 1 1
297947 1 1 1
298269 1 1 1
298344 1 1 1
298404 1 1 1
298518 1 1 1
298959 1 1 1
298992 1 1 1
299233 1 1 1
299681 1 1 1
299897 1 1 1
300153 1 1 1
300717 1 1 1
302048 1 1 1
302529 1 1 1
303322 1 1 1
303721 1 1 1
303774 1 1 1
303809 1 1 1
304529 1 1 1
305645 1 1 1
305906 1 1 1
306655 1 1 1
306736 1 1 1
307039 1 1 1
307046 1 1 1
308384 1 1 1
309055 1 1 1
309805 1 1 1
311214 1 1 1
312012 1 1 1
312889 1 1 1
312959 1 1 1
312971 1 1 1
313042 1 1 1
313078 1 1 1
313560 1 1 1
313611 1 1 1
313919 1 1 1
314277 1 1 1
314988 1 1 1
315178 1 1 1
315180 1 1 1
315228 1 1 1
316322 1 1 1
316723 1 1 1
317264 1 1 1
317462 1 1 1
317534 1 1 1
317985 1 1 1
320134 1 1 1
320808 1 1 1
321124 1 1 1
321275 1 1 1
321490 1 1 1
322593 1 1 1
322709 1 1 1
323428 1 1 1
324136 1 1 1
324935 1 1 1
325299 1 1 1
327232 1 1 1
327750 1 1 1
330883 1 1 1
331295 1 1 1
332093 1 1 1
332784 1 1 1
332847 1 1 1
333581 1 1 1
334566 1 1 1
335070 1 1 1
335578 1 1 1
336282 1 1 1
337386 1 1 1
337866 1 1 1
338073 1 1 1
338532 2 2 1
338755 1 1 1
340294 1 1 1
340596 1 1 1
340917 1 1 1
340995 12 12 1
341532 1 1 1
341729 1 1 1
342332 1 1 1
343063 1 1 1
343236 1 1 1
344638 1 1 1
344870 1 1 1
345441 1 1 1
345977 1 1 1
348576 1 1 1
348677 1 1 1
349943 1 1 1
351375 1 1 1
351769 1 1 1
352227 1 1 1
353026 1 1 1
353051 1 1 1
355603 1 1 1
359019 1 1 1
360656 1 1 1
362116 1 1 1
364286 1 1 1
364591 1 1 1
365624 1 1 1
366371 1 1 1
367301 1 1 1
367450 1 1 1
367584 1 1 1
368752 1 1 1
371074 1 1 1
371467 1 1 1
371855 1 1 1
374414 1 1 1
375108 1 1 1
376029 1 1 1
376488 1 1 1
377295 1 1 1
378322 1 1 1
378480 1 1 1
378497 1 1 1
380269 1 1 1
380365 1 1 1
380957 1 1 1
381069 1 1 1
382508 1 1 1
382770 1 1 1
382874 1 1 1
383337 1 1 1
383502 1 1 1
384271 1 1 1
384557 1 1 1
384788 1 1 1
386763 1 1 1
386897 1 1 1
387625 1 1 1
389456 1 1 1
391829 1 1 1
392824 1 1 1
392865 1 1 1
393022 1 1 1
396099 1 1 1
396967 1 1 1
397209 1 1 1
398581 1 1 1
399489 1 1 1
399817 1 1 1
399875 1 1 1
400290 1 1 1
400719 1 1 1
401088 1 1 1
401827 1 1 1
402553 1 1 1
402927 2 2 1
403708 1 1 1
404575 2 2 1
404749 1 1 1
406046 1 1 1
407359 1 1 1
408413 1 1 1
408634 1 1 1
409088 1 1 1
409987 1 1 1
410084 1 1 1
410206 1 1 1
410214 1 1 1
410259 1 1 1
410307 1 1 1
411485 1 1 1
411654 1 1 1
413512 1 1 1
414121 1 1 1
415685 1 1 1
418510 1 1 1
419016 1 1 1
419203 1 1 1
420159 1 1 1
420699 1 1 1
420926 1 1 1
421352 1 1 1
423616 1 1 1
424763 2 1 0.5
424772 1 1 1
424864 1 1 1
425233 1 1 1
425609 1 1 1
425692 1 1 1
426179 1 1 1
429963 1 1 1
430882 1 1 1
431185 1 1 1
431360 1 1 1
431468 2 1 0.5
433129 1 1 1
435074 1 1 1
436687 1 1 1
437738 1 1 1
438523 1 1 1
438698 1 1 1
439194 1 1 1
439804 1 1 1
443118 1 1 1
444110 1 1 1
444689 1 1 1
444713 1 1 1
445787 1 1 1
446040 1 1 1
446842 1 1 1
447064 1 1 1
447880 1 1 1
448139 1 1 1
448910 1 1 1
448956 1 1 1
451404 1 1 1
451670 1 1 1
452593 2 1 0.5
453193 1 1 1
453580 1 1 1
453876 1 1 1
454295 1 1 1
454975 1 1 1
456594 1 1 1
457117 1 1 1
457185 1 1 1
457553 1 1 1
458248 1 1 1
461977 1 1 1
462090 1 1 1
462286 1 1 1
463285 1 1 1
463378 1 1 1
463393 1 1 1
466382 2 1 0.5
466768 1 1 1
467421 1 1 1
468299 1 1 1
468761 1 1 1
470453 1 1 1
471100 1 1 1
471112 1 1 1
471178 1 1 1
471767 1 1 1
471987 1 1 1
472185 1 1 1
472784 1 1 1
472794 1 1 1
473532 1 1 1
473881 1 1 1
474101 1 1 1
474433 1 1 1
474551 1 1 1
474790 1 1 1
474971 1 1 1
475347 1 1 1
476015 1 1 1
479200 1 1 1
479874 1 1 1
479882 1 1 1
480704 2 2 1
481568 3 1 0.333333
481649 1 1 1
481746 1 1 1
481871 1 1 1
482121 1 1 1
483209 1 1 1
483459 1 1 1
483678 1 1 1
483794 1 1 1
485835 1 1 1
487122 1 1 1
487266 1 1 1
487753 1 1 1
487777 1 1 1
487914 2 2 1
488963 1 1 1
489388 1 1 1
490367 1 1 1
491050 1 1 1
491306 1 1 1
491351 1 1 1
492408 1 1 1
492526 1 1 1
493312 1 1 1
493335 1 1 1
493615 1 1 1
493912 1 1 1
494015 1 1 1
495126 1 1 1
495175 1 1 1
495184 1 1 1
495693 2 2 1
496972 1 1 1
498061 1 1 1
498405 1 1 1
499048 1 1 1
499786 1 1 1
499840 1 1 1
500066 1 1 1
500899 6 1 0.166667
501163 1 1 1
502793 1 1 1
503071 1 1 1
503303 1 1 1
504666 3 2 0.666667
504801 1 1 1
504830 1 1 1
505158 1 1 1
505836 1 1 1
506546 2 1 0.5
507057 8 7 0.875
507413 1 1 1
507723 1 1 1
507804 1 1 1
508057 1 1 1
508394 2 1 0.5
508419 2 2 1
508467 1 1 1
508492 1 1 1
508501 1 1 1
508507 1 1 1
508511 1 1 1
508521 1 1 1
508559 1 1 1
508568 1 1 1
508578 1 1 1
508599 1 1 1
508615 1 1 1
508625 1 1 1
508636 1 1 1
508665 1 1 1
508669 1 1 1
508675 1 1 1
508677 1 1 1
508689 1 1 1
508691 1 1 1
508699 1 1 1
508703 1 1 1
508743 1 1 1
508752 1 1 1
508763 1 1 1
508783 1 1 1
508806 1 1 1
508808 1 1 1
508832 1 1 1
508836 1 1 1
508852 1 1 1
508856 1 1 1
508867 1 1 1
508893 1 1 1
508922 1 1 1
508924 1 1 1
508929 1 1 1
508934 1 1 1
508940 1 1 1
508957 1 1 1
508987 1 1 1
508991 1 1 1
509001 1 1 1
509030 1 1 1
509073 1 1 1
509085 1 1 1
509095 1 1 1
509102 1 1 1
509104 1 1 1
509109 1 1 1
509122 1 1 1
509142 1 1 1
509148 1 1 1
509156 1 1 1
509159 1 1 1
509170 1 1 1
509195 1 1 1
509202 1 1 1
509212 1 1 1
509218 1 1 1
509225 1 1 1
509228 1 1 1
509250 1 1 1
509295 1 1 1
509317 1 1 1
509345 1 1 1
509349 1 1 1
509362 1 1 1
509364 1 1 1
509366 1 1 1
509381 1 1 1
509383 1 1 1
509394 1 1 1
509410 1 1 1
509439 1 1 1
509476 1 1 1
509486 1 1 1
509491 1 1 1
509493 1 1 1
509501 1 1 1
509532 1 1 1
509542 1 1 1
509573 1 1 1
509581 1 1 1
509616 1 1 1
509618 1 1 1
509649 1 1 1
509658 1 1 1
509667 1 1 1
509675 1 1 1
509695 1 1 1
509734 1 1 1
509745 1 1 1
509759 1 1 1
509764 1 1 1
509768 1 1 1
509798 1 1 1
509852 1 1 1
509854 1 1 1
509856 1 1 1
509861 1 1 1
509866 1 1 1
509870 1 1 1
509922 1 1 1
509989 1 1 1
510000 1 1 1
510002 1 1 1
510046 1 1 1
510053 1 1 1
510066 1 1 1
510068 1 1 1
510092 1 1 1
510098 1 1 1
510112 1 1 1
510118 1 1 1
510122 1 1 1
510138 1 1 1
510161 1 1 1
510168 1 1 1
510174 1 1 1
510181 1 1 1
510183 1 1 1
510206 1 1 1
510241 1 1 1
510249 1 1 1
510255 2 1 0.5
510284 1 1 1
510290 1 1 1
510300 1 1 1
510306 1 1 1
510316 1 1 1
510380 1 1 1
510425 1 1 1
510444 1 1 1
510459 1 1 1
510468 1 1 1
510493 2 1 0.5
510513 1 1 1
510526 1 1 1
510532 1 1 1
510534 1 1 1
510565 1 1 1
510641 1 1 1
510653 1 1 1
510668 1 1 1
510670 1 1 1
510683 1 1 1
510692 1 1 1
510701 1 1 1
510703 1 1 1
510717 1 1 1
510728 1 1 1
510736 1 1 1
510745 1 1 1
510751 1 1 1
510765 1 1 1
510767 1 1 1
510769 1 1 1
510774 1 1 1
510778 1 1 1
510782 1 1 1
510809 1 1 1
510811 1 1 1
510816 1 1 1
510826 1 1 1
510842 1 1 1
510874 1 1 1
510900 1 1 1
510937 1 1 1
510946 1 1 1
510948 1 1 1
510950 1 1 1
510955 1 1 1
510965 1 1 1
510968 1 1 1
510986 1 1 1
510995 1 1 1
510999 1 1 1
511012 1 1 1
511025 1 1 1
511028 1 1 1
511038 1 1 1
511042 1 1 1
511053 1 1 1
511057 1 1 1
511068 1 1 1
511072 1 1 1
511110 1 1 1
511112 1 1 1
511121 1 1 1
511125 1 1 1
511136 1 1 1
511151 1 1 1
511196 1 1 1
511214 1 1 1
511231 1 1 1
511233 1 1 1
511235 1 1 1
511253 1 1 1
511257 1 1 1
511279 1 1 1
511281 1 1 1
511283 1 1 1
511293 1 1 1
511315 1 1 1
511320 1 1 1
511328 1 1 1
511335 1 1 1
511340 1 1 1
511361 1 1 1
511363 1 1 1
511378 1 1 1
511395 3 2 0.666667
511397 1 1 1
511402 1 1 1
511409 1 1 1
511417 1 1 1
511421 1 1 1
511423 1 1 1
511432 1 1 1
511435 1 1 1
511440 1 1 1
511452 1 1 1
511457 1 1 1
511474 1 1 1
511476 1 1 1
511495 1 1 1
511530 1 1 1
511534 1 1 1
511536 1 1 1
511540 1 1 1
511544 1 1 1
511550 1 1 1
511562 1 1 1
511567 1 1 1
511590 1 1 1
511602 1 1 1
511613 1 1 1
511631 1 1 1
511653 1 1 1
511655 1 1 1
511659 1 1 1
511663 1 1 1
511666 1 1 1
511672 1 1 1
511678 1 1 1
511687 2 1 0.5
511696 1 1 1
511752 1 1 1
511758 1 1 1
511769 1 1 1
511791 1 1 1
511805 1 1 1
511808 1 1 1
511823 1 1 1
511825 1 1 1
511857 1 1 1
511873 1 1 1
511907 1 1 1
511936 1 1 1
511954 1 1 1
511961 1 1 1
511965 1 1 1
511979 1 1 1
511983 1 1 1
511989 1 1 1
511994 1 1 1
512005 1 1 1
512018 1 1 1
512024 1 1 1
512051 1 1 1
512060 1 1 1
512070 1 1 1
512080 1 1 1
512087 1 1 1
512093 1 1 1
512103 1 1 1
512105 1 1 1
512121 1 1 1
512144 1 1 1
512151 1 1 1
512154 1 1 1
512170 1 1 1
512172 1 1 1
512192 1 1 1
512197 1 1 1
512202 1 1 1
512215 1 1 1
512232 1 1 1
512238 1 1 1
512269 1 1 1
512291 1 1 1
512369 1 1 1
512373 1 1 1
512375 1 1 1
512377 1 1 1
512383 1 1 1
512390 1 1 1
512396 1 1 1
512415 1 1 1
512417 1 1 1
512429 1 1 1
512447 1 1 1
512453 1 1 1
512502 1 1 1
512536 1 1 1
512541 1 1 1
512544 1 1 1
512549 1 1 1
512562 1 1 1
512629 1 1 1
512650 1 1 1
512664 1 1 1
512686 1 1 1
512719 1 1 1
512730 1 1 1
512790 1 1 1
512792 1 1 1
512796 1 1 1
512826 1 1 1
512830 1 1 1
512833 1 1 1
512837 1 1 1
512860 1 1 1
512866 1 1 1
512888 1 1 1
512892 1 1 1
512894 1 1 1
512908 1 1 1
512934 1 1 1
512940 1 1 1
512980 1 1 1
512991 1 1 1
512995 1 1 1
513016 2 1 0.5
513018 1 1 1
513022 1 1 1
513041 1 1 1
513086 2 1 0.5
513088 1 1 1
513119 3 1 0.333333
513122 1 1 1
513149 1 1 1
513156 1 1 1
513170 1 1 1
513192 1 1 1
513194 1 1 1
513196 1 1 1
513205 1 1 1
513217 1 1 1
513253 2 1 0.5
513270 1 1 1
513306 1 1 1
513337 1 1 1
513340 1 1 1
513344 1 1 1
513351 1 1 1
513369 1 1 1
513378 1 1 1
513385 1 1 1
513391 1 1 1
513397 1 1 1
513438 1 1 1
513442 1 1 1
513478 1 1 1
513494 1 1 1
513521 1 1 1
513525 1 1 1
513562 1 1 1
513565 1 1 1
513584 1 1 1
513597 1 1 1
513615 1 1 1
513619 1 1 1
513626 1 1 1
513634 1 1 1
513657 1 1 1
513659 1 1 1
513686 1 1 1
513688 1 1 1
513698 1 1 1
513702 1 1 1
513707 1 1 1
513709 1 1 1
513717 1 1 1
513721 1 1 1
513729 1 1 1
513763 1 1 1
513784 1 1 1
513793 1 1 1
513849 1 1 1
513878 1 1 1
513890 1 1 1
513897 1 1 1
513918 1 1 1
513930 1 1 1
513946 1 1 1
513948 1 1 1
513958 1 1 1
514000 1 1 1
514013 1 1 1
514018 1 1 1
514022 1 1 1
514047 1 1 1
514051 1 1 1
514060 1 1 1
514101 1 1 1
514134 1 1 1
514140 1 1 1
514170 1 1 1
514179 1 1 1
514201 1 1 1
514220 1 1 1
514234 1 1 1
514236 5 1 0.2
514252 1 1 1
514269 1 1 1
514327 1 1 1
514363 1 1 1
514412 1 1 1
514414 1 1 1
514416 1 1 1
514434 1 1 1
514493 1 1 1
514497 1 1 1
514500 1 1 1
514552 1 1 1
514571 1 1 1
514592 1 1 1
514596 1 1 1
514620 1 1 1
514638 1 1 1
514667 1 1 1
514685 1 1 1
514730 1 1 1
514822 1 1 1
514826 1 1 1
514862 1 1 1
514865 1 1 1
514867 1 1 1
514869 1 1 1
514871 1 1 1
514890 1 1 1
514892 1 1 1
514894 1 1 1
514907 1 1 1
514911 1 1 1
514948 1 1 1
515007 1 1 1
515056 1 1 1
515065 1 1 1
515073 1 1 1
515082 1 1 1
515091 1 1 1
515120 1 1 1
515126 1 1 1
515148 3 1 0.333333
515151 1 1 1
515201 1 1 1
515251 1 1 1
515257 1 1 1
515267 1 1 1
515291 1 1 1
515295 1 1 1
515301 1 1 1
515313 1 1 1
515315 1 1 1
515325 1 1 1
515346 1 1 1
515351 1 1 1
515371 1 1 1
515386 1 1 1
515392 1 1 1
515409 1 1 1
515424 1 1 1
515439 1 1 1
515469 1 1 1
515490 1 1 1
515502 1 1 1
515505 1 1 1
515513 1 1 1
515526 1 1 1
515545 1 1 1
515550 1 1 1
515552 1 1 1
515593 1 1 1
515603 1 1 1
515619 1 1 1
515621 1 1 1
515632 1 1 1
515656 1 1 1
515671 1 1 1
515681 1 1 1
515697 1 1 1
515710 1 1 1
515717 1 1 1
515753 1 1 1
515761 1 1 1
515777 1 1 1
515789 2 1 0.5
515791 1 1 1
515856 1 1 1
515889 1 1 1
515916 1 1 1
515936 1 1 1
515944 1 1 1
515946 1 1 1
515978 1 1 1
515995 1 1 1
516001 1 1 1
516017 1 1 1
516036 1 1 1
516054 1 1 1
516074 1 1 1
516081 1 1 1
516127 1 1 1
516144 1 1 1
516151 1 1 1
516153 1 1 1
516174 1 1 1
516190 1 1 1
516206 1 1 1
516227 1 1 1
516237 1 1 1
516254 1 1 1
516260 1 1 1
516271 1 1 1
516288 1 1 1
516300 1 1 1
516304 1 1 1
516306 2 2 1
516318 1 1 1
516350 1 1 1
516389 1 1 1
516391 1 1 1
516403 1 1 1
516415 1 1 1
516434 1 1 1
516446 1 1 1
516497 1 1 1
516506 1 1 1
516513 1 1 1
516545 1 1 1
516547 1 1 1
516549 1 1 1
516559 1 1 1
516561 1 1 1
516618 1 1 1
516636 1 1 1
516654 1 1 1
516663 1 1 1
516670 1 1 1
516678 1 1 1
516682 1 1 1
516705 1 1 1
516735 1 1 1
516755 1 1 1
516776 1 1 1
516784 1 1 1
516789 1 1 1
516791 1 1 1
516798 1 1 1
516847 1 1 1
516885 1 1 1
516887 1 1 1
516926 1 1 1
516942 1 1 1
516957 1 1 1
516973 1 1 1
517009 1 1 1
517029 1 1 1
517033 1 1 1
517046 1 1 1
517066 1 1 1
517070 1 1 1
517089 1 1 1
517096 1 1 1
517110 1 1 1
517132 1 1 1
517135 1 1 1
517144 1 1 1
517161 1 1 1
517179 1 1 1
517216 1 1 1
517228 1 1 1
517240 1 1 1
517244 1 1 1
517266 1 1 1
517282 1 1 1
517331 1 1 1
517394 1 1 1
517429 1 1 1
517463 1 1 1
517480 1 1 1
517496 1 1 1
517504 1 1 1
517516 1 1 1
517525 8 1 0.125
517526 1 1 1
517627 1 1 1
517629 1 1 1
517663 1 1 1
517668 1 1 1
517670 1 1 1
517683 1 1 1
517687 1 1 1
517709 1 1 1
517732 1 1 1
517744 1 1 1
517751 1 1 1
517775 1 1 1
517779 1 1 1
517782 1 1 1
517784 1 1 1
517791 1 1 1
517798 1 1 1
517811 1 1 1
517829 1 1 1
517867 1 1 1
517886 1 1 1
517909 1 1 1
517918 1 1 1
517921 1 1 1
517938 1 1 1
517962 1 1 1
518013 1 1 1
518045 1 1 1
518082 1 1 1
518098 1 1 1
518130 1 1 1
518143 1 1 1
518150 1 1 1
518160 1 1 1
518165 1 1 1
518170 1 1 1
518194 1 1 1
518244 1 1 1
518254 1 1 1
518292 1 1 1
518315 1 1 1
518317 1 1 1
518319 1 1 1
518324 1 1 1
518329 1 1 1
518333 1 1 1
518346 1 1 1
518362 1 1 1
518364 1 1 1
518402 1 1 1
518419 1 1 1
518462 1 1 1
518490 1 1 1
518519 1 1 1
528642 1 1 1
528650 1 1 1
528664 1 1 1
528707 1 1 1
528719 1 1 1
528742 1 1 1
528749 1 1 1
528790 1 1 1
528792 1 1 1
528801 1 1 1
528862 1 1 1
528884 1 1 1
528896 1 1 1
528903 1 1 1
528958 1 1 1
528960 1 1 1
528964 1 1 1
529037 1 1 1
529051 1 1 1
529055 1 1 1
529060 2 1 0.5
529076 1 1 1
529078 1 1 1
529095 1 1 1
529099 1 1 1
529130 1 1 1
529152 1 1 1
529167 1 1 1
529170 1 1 1
529181 1 1 1
529183 1 1 1
529205 1 1 1
529225 1 1 1
529248 1 1 1
529267 1 1 1
529271 1 1 1
529281 1 1 1
529292 1 1 1
529299 1 1 1
529315 1 1 1
529348 1 1 1
529372 1 1 1
529394 1 1 1
529397 1 1 1
529402 1 1 1
529408 1 1 1
529413 1 1 1
529445 1 1 1
529458 2 1 0.5
529479 1 1 1
529481 1 1 1
529483 1 1 1
529509 1 1 1
529514 1 1 1
529533 1 1 1
529548 1 1 1
529590 1 1 1
529605 1 1 1
529626 1 1 1
529629 1 1 1
529633 1 1 1
529646 1 1 1
529648 3 1 0.333333
529671 1 1 1
529675 1 1 1
529684 1 1 1
529700 1 1 1
529713 1 1 1
529715 1 1 1
529720 1 1 1
529732 1 1 1
529736 1 1 1
529749 1 1 1
529751 1 1 1
529753 1 1 1
529755 2 1 0.5
529768 1 1 1
529787 1 1 1
529793 1 1 1
529839 1 1 1
529844 1 1 1
529864 1 1 1
529912 1 1 1
529928 1 1 1
529938 1 1 1
529953 1 1 1
529955 1 1 1
529962 1 1 1
529974 1 1 1
529978 1 1 1
529989 1 1 1
530008 1 1 1
530029 1 1 1
530042 1 1 1
530065 2 1 0.5
530073 1 1 1
530099 1 1 1
530110 1 1 1
530182 1 1 1
530186 1 1 1
530200 1 1 1
530213 1 1 1
530215 1 1 1
530250 1 1 1
530254 1 1 1
530256 1 1 1
530269 1 1 1
530289 1 1 1
530332 1 1 1
530377 1 1 1
530409 1 1 1
530411 1 1 1
530414 1 1 1
530420 1 1 1
530432 1 1 1
530444 1 1 1
530459 1 1 1
530481 1 1 1
530483 1 1 1
530495 1 1 1
530532 1 1 1
530578 1 1 1
530581 1 1 1
530622 1 1 1
530632 1 1 1
530656 1 1 1
530683 1 1 1
530714 1 1 1
530717 1 1 1
530719 1 1 1
530727 1 1 1
530757 1 1 1
530774 1 1 1
530784 1 1 1
530816 1 1 1
530820 1 1 1
530822 1 1 1
530836 1 1 1
530865 1 1 1
530869 1 1 1
530896 1 1 1
530909 1 1 1
530941 1 1 1
530948 1 1 1
530955 1 1 1
530976 2 1 0.5
530986 1 1 1
531005 1 1 1
531015 1 1 1
531131 1 1 1
531144 1 1 1
531176 1 1 1
531185 1 1 1
531199 1 1 1
531206 1 1 1
531257 2 1 0.5
531260 1 1 1
531273 1 1 1
531304 1 1 1
531307 1 1 1
531324 1 1 1
531344 1 1 1
531354 1 1 1
531369 1 1 1
531398 1 1 1
531436 1 1 1
531440 1 1 1
531473 2 1 0.5
531476 1 1 1
531491 1 1 1
531532 1 1 1
531548 1 1 1
531550 1 1 1
531564 1 1 1
531591 1 1 1
531595 1 1 1
531614 1 1 1
531643 1 1 1
531649 1 1 1
531653 1 1 1
531660 1 1 1
531675 1 1 1
531694 1 1 1
531727 1 1 1
531732 1 1 1
531782 1 1 1
531802 1 1 1
531804 1 1 1
531808 1 1 1
531826 1 1 1
531841 1 1 1
531864 1 1 1
531873 2 1 0.5
531885 1 1 1
531913 1 1 1
531919 1 1 1
532029 1 1 1
532037 1 1 1
532040 1 1 1
532063 1 1 1
532077 1 1 1
532103 1 1 1
532119 1 1 1
532132 2 1 0.5
532134 1 1 1
532137 1 1 1
532142 1 1 1
532189 1 1 1
532191 2 1 0.5
532247 1 1 1
532257 1 1 1
532263 1 1 1
532271 1 1 1
532273 1 1 1
532275 1 1 1
532288 1 1 1
532292 1 1 1
532294 1 1 1
532298 1 1 1
532332 1 1 1
532340 1 1 1
532351 1 1 1
532356 1 1 1
532358 1 1 1
532361 1 1 1
532363 1 1 1
532373 1 1 1
532390 1 1 1
532423 1 1 1
532425 1 1 1
532442 1 1 1
532452 1 1 1
532454 1 1 1
532477 1 1 1
532503 1 1 1
532507 1 1 1
532523 1 1 1
532568 1 1 1
532576 1 1 1
532585 1 1 1
532587 1 1 1
532596 1 1 1
532599 1 1 1
532618 1 1 1
532628 1 1 1
532632 1 1 1
532658 1 1 1
532671 1 1 1
532683 1 1 1
532693 1 1 1
532709 1 1 1
532732 1 1 1
532757 1 1 1
532759 1 1 1
532775 1 1 1
532777 1 1 1
532786 1 1 1
532788 1 1 1
532807 1 1 1
532812 1 1 1
532818 1 1 1
532823 1 1 1
532835 1 1 1
532841 1 1 1
532848 1 1 1
532859 1 1 1
532878 1 1 1
532885 1 1 1
532887 1 1 1
532896 1 1 1
532906 1 1 1
532927 1 1 1
532929 1 1 1
532932 1 1 1
532934 2 2 1
532947 1 1 1
532959 1 1 1
532963 1 1 1
532976 1 1 1
532985 1 1 1
533003 1 1 1
533006 1 1 1
533014 1 1 1
533021 3 2 0.666667
533077 1 1 1
533086 1 1 1
533100 1 1 1
533115 1 1 1
533139 1 1 1
533142 1 1 1
533155 1 1 1
533222 1 1 1
533228 1 1 1
533232 1 1 1
533235 1 1 1
533240 1 1 1
533259 1 1 1
533272 1 1 1
533276 1 1 1
533287 1 1 1
533299 1 1 1
533307 1 1 1
533309 1 1 1
533316 1 1 1
533318 1 1 1
533325 1 1 1
533329 2 1 0.5
533331 1 1 1
533333 1 1 1
533363 1 1 1
533381 1 1 1
533390 1 1 1
533392 1 1 1
533397 1 1 1
533424 1 1 1
533436 1 1 1
533486 1 1 1
533499 1 1 1
533548 1 1 1
533570 1 1 1
533577 1 1 1
533585 1 1 1
533589 1 1 1
533615 1 1 1
533639 1 1 1
533718 1 1 1
533746 1 1 1
533748 1 1 1
533784 1 1 1
533825 1 1 1
533844 1 1 1
533852 1 1 1
533855 1 1 1
533885 1 1 1
533895 1 1 1
533928 1 1 1
533960 1 1 1
533965 1 1 1
533974 1 1 1
534000 1 1 1
534002 1 1 1
534048 1 1 1
534056 1 1 1
534075 1 1 1
534082 1 1 1
534103 1 1 1
534105 1 1 1
534108 1 1 1
534160 1 1 1
534181 1 1 1
534201 1 1 1
534211 1 1 1
534237 1 1 1
534250 1 1 1
534299 1 1 1
534318 1 1 1
534459 1 1 1
534490 1 1 1
534519 1 1 1
534533 1 1 1
534555 1 1 1
534569 1 1 1
534587 1 1 1
534605 1 1 1
534611 1 1 1
534634 1 1 1
534644 1 1 1
534673 1 1 1
534681 1 1 1
534687 1 1 1
534706 2 1 0.5
534718 1 1 1
534728 1 1 1
534778 1 1 1
534797 1 1 1
534835 2 2 1
534850 1 1 1
534863 1 1 1
534866 1 1 1
534870 1 1 1
534876 1 1 1
534883 1 1 1
534895 1 1 1
534899 1 1 1
534914 1 1 1
534916 1 1 1
534931 1 1 1
534962 1 1 1
534984 1 1 1
535008 1 1 1
535033 1 1 1
535045 1 1 1
535047 1 1 1
535061 1 1 1
535113 1 1 1
535134 1 1 1
535136 1 1 1
535159 1 1 1
535201 1 1 1
535247 1 1 1
535281 1 1 1
535284 1 1 1
535292 1 1 1
535300 1 1 1
535302 1 1 1
535306 1 1 1
535328 1 1 1
535330 1 1 1
535344 1 1 1
535347 1 1 1
535386 1 1 1
535390 1 1 1
535445 1 1 1
535460 1 1 1
535500 1 1 1
535506 1 1 1
535509 1 1 1
535525 1 1 1
535533 1 1 1
535535 1 1 1
535555 1 1 1
535563 1 1 1
535582 1 1 1
535592 1 1 1
535604 2 2 1
535608 1 1 1
535616 1 1 1
535637 1 1 1
535670 1 1 1
535673 1 1 1
535680 1 1 1
535684 1 1 1
535686 1 1 1
535704 1 1 1
535710 1 1 1
535712 1 1 1
535714 1 1 1
535719 1 1 1
535721 1 1 1
535723 1 1 1
535729 1 1 1
535731 1 1 1
535735 1 1 1
535737 1 1 1
535749 1 1 1
535751 1 1 1
535753 1 1 1
535756 1 1 1
535758 1 1 1
535762 1 1 1
535764 1 1 1
535767 1 1 1
535771 1 1 1
535775 1 1 1
535778 1 1 1
535782 1 1 1
535785 1 1 1
535789 1 1 1
535795 1 1 1
535797 1 1 1
535801 1 1 1
535807 2 2 1
535809 1 1 1
535814 1 1 1
535816 1 1 1
535822 1 1 1
535829 1 1 1
535835 1 1 1
535837 1 1 1
535843 1 1 1
535847 1 1 1
535855 1 1 1
535857 1 1 1
535864 1 1 1
535866 1 1 1
535868 1 1 1
535875 1 1 1
535877 2 2 1
535879 1 1 1
535881 1 1 1
535885 1 1 1
535895 1 1 1
535906 1 1 1
535917 1 1 1
535921 1 1 1
535923 1 1 1
535930 1 1 1
535932 1 1 1
535943 1 1 1
535946 1 1 1
535954 1 1 1
535960 1 1 1
535962 1 1 1
535966 2 1 0.5
535971 1 1 1
535975 1 1 1
535977 1 1 1
535981 1 1 1
535987 1 1 1
535992 1 1 1
535994 1 1 1
535996 1 1 1
535998 1 1 1
536001 1 1 1
536003 1 1 1
536005 1 1 1
536007 1 1 1
536013 1 1 1
536024 1 1 1
536026 1 1 1
536031 1 1 1
536033 1 1 1
536037 1 1 1
536041 1 1 1
536054 2 2 1
536062 1 1 1
536065 1 1 1
536078 1 1 1
536089 1 1 1
536097 1 1 1
536105 1 1 1
536107 1 1 1
536113 1 1 1
536115 1 1 1
536119 1 1 1
536121 1 1 1
536123 1 1 1
536128 1 1 1
536132 1 1 1
536136 1 1 1
536142 1 1 1
536152 1 1 1
536154 1 1 1
536157 1 1 1
536164 1 1 1
536172 1 1 1
536178 1 1 1
536180 1 1 1
536184 1 1 1
536195 1 1 1
536197 1 1 1
536212 1 1 1
536214 1 1 1
536216 1 1 1
536218 2 1 0.5
536223 1 1 1
536226 1 1 1
536228 1 1 1
536239 1 1 1
536247 1 1 1
536249 1 1 1
536251 1 1 1
536257 1 1 1
536261 1 1 1
536265 1 1 1
536271 1 1 1
536278 1 1 1
536280 1 1 1
536288 1 1 1
536296 1 1 1
536304 1 1 1
536308 1 1 1
536310 1 1 1
536314 1 1 1
536319 1 1 1
536326 1 1 1
536330 1 1 1
536332 1 1 1
536338 1 1 1
536350 1 1 1
536352 1 1 1
536358 1 1 1
536360 1 1 1
536368 1 1 1
536378 1 1 1
536387 1 1 1
536389 1 1 1
536391 1 1 1
536393 1 1 1
536395 1 1 1
536403 1 1 1
536414 1 1 1
536416 1 1 1
536418 1 1 1
536430 1 1 1
536432 1 1 1
536434 1 1 1
536436 1 1 1
536438 1 1 1
536441 1 1 1
536443 1 1 1
536461 1 1 1
536469 1 1 1
536474 1 1 1
536476 1 1 1
536478 1 1 1
536480 1 1 1
536485 1 1 1
536487 1 1 1
536489 1 1 1
536503 1 1 1
536509 1 1 1
536511 1 1 1
536513 1 1 1
536515 1 1 1
536517 1 1 1
536519 1 1 1
536524 1 1 1
536526 1 1 1
536528 1 1 1
536530 1 1 1
536532 1 1 1
536538 1 1 1
536544 1 1 1
536547 1 1 1
536549 1 1 1
536554 1 1 1
536558 1 1 1
536562 1 1 1
536566 1 1 1
536577 1 1 1
536589 1 1 1
536591 1 1 1
536594 1 1 1
536601 1 1 1
536605 1 1 1
536609 1 1 1
536621 1 1 1
536623 1 1 1
536627 1 1 1
536631 1 1 1
536638 1 1 1
536640 1 1 1
536643 1 1 1
536645 1 1 1
536651 1 1 1
536655 1 1 1
536659 1 1 1
536663 1 1 1
536667 1 1 1
536669 1 1 1
536671 1 1 1
536678 1 1 1
536684 1 1 1
536690 1 1 1
536694 1 1 1
536698 1 1 1
536702 1 1 1
536704 1 1 1
536708 1 1 1
536716 1 1 1
536720 1 1 1
536722 1 1 1
536730 1 1 1
536732 1 1 1
536734 1 1 1
536739 1 1 1
536745 1 1 1
536750 1 1 1
536754 1 1 1
536764 1 1 1
536766 1 1 1
536768 1 1 1
536771 1 1 1
536775 1 1 1
536777 1 1 1
536779 1 1 1
536784 1 1 1
536790 1 1 1
536794 1 1 1
536800 1 1 1
536803 1 1 1
536805 1 1 1
536809 1 1 1
536812 1 1 1
536814 1 1 1
536823 1 1 1
536825 1 1 1
536827 1 1 1
536831 1 1 1
536836 1 1 1
536838 2 1 0.5
536840 1 1 1
536846 1 1 1
536850 1 1 1
536856 1 1 1
536858 1 1 1
536862 1 1 1
536866 1 1 1
536868 2 2 1
536870 1 1 1
536874 1 1 1
536876 1 1 1
536878 1 1 1
536883 1 1 1
536892 1 1 1
536900 1 1 1
536910 1 1 1
536913 1 1 1
536915 1 1 1
536921 1 1 1
536923 1 1 1
536925 1 1 1
536927 1 1 1
536929 1 1 1
536931 1 1 1
536935 1 1 1
536937 1 1 1
536941 1 1 1
536945 1 1 1
536949 1 1 1
536953 1 1 1
536965 1 1 1
536968 1 1 1
536970 1 1 1
536976 1 1 1
536980 1 1 1
536987 1 1 1
536989 1 1 1
536993 1 1 1
536997 1 1 1
536999 1 1 1
537005 1 1 1
537007 1 1 1
537016 1 1 1
537021 1 1 1
537039 1 1 1
537041 1 1 1
537045 1 1 1
537060 1 1 1
537070 1 1 1
537072 1 1 1
537079 1 1 1
537089 1 1 1
537099 1 1 1
537101 1 1 1
537105 1 1 1
537113 1 1 1
537115 1 1 1
537117 1 1 1
537119 1 1 1
537123 1 1 1
537125 1 1 1
537127 1 1 1
537133 1 1 1
537135 2 2 1
537137 1 1 1
537143 1 1 1
537147 1 1 1
537149 1 1 1
537159 1 1 1
537167 1 1 1
537169 1 1 1
537171 1 1 1
537183 1 1 1
537186 1 1 1
537188 1 1 1
537197 1 1 1
537200 1 1 1
537202 1 1 1
537219 1 1 1
537225 1 1 1
537227 1 1 1
537234 1 1 1
537241 1 1 1
537245 1 1 1
537254 1 1 1
537263 1 1 1
537267 1 1 1
537269 1 1 1
537271 1 1 1
537273 1 1 1
537275 1 1 1
537278 1 1 1
537284 1 1 1
537291 1 1 1
537293 1 1 1
537295 1 1 1
537297 1 1 1
537305 1 1 1
537315 1 1 1
537331 1 1 1
537334 1 1 1
537336 1 1 1
537343 1 1 1
537345 1 1 1
537347 1 1 1
537351 1 1 1
537353 1 1 1
537355 1 1 1
537361 1 1 1
537365 1 1 1
537367 1 1 1
537369 1 1 1
537371 1 1 1
537373 1 1 1
537375 1 1 1
537378 1 1 1
537383 1 1 1
537385 1 1 1
537388 1 1 1
537390 1 1 1
537394 1 1 1
537398 1 1 1
537403 1 1 1
537405 1 1 1
537412 1 1 1
537422 1 1 1
537426 1 1 1
537428 1 1 1
537430 1 1 1
537432 1 1 1
537434 1 1 1
537436 1 1 1
537438 1 1 1
537447 1 1 1
537456 1 1 1
537461 1 1 1
537463 1 1 1
537471 1 1 1
537473 1 1 1
537477 1 1 1
537489 1 1 1
537491 1 1 1
537501 1 1 1
537504 1 1 1
537506 1 1 1
537508 1 1 1
537512 1 1 1
537521 1 1 1
537523 1 1 1
537526 1 1 1
537529 1 1 1
537533 1 1 1
537541 1 1 1
537545 1 1 1
537553 1 1 1
537555 1 1 1
537557 1 1 1
537567 1 1 1
537569 1 1 1
537577 1 1 1
537582 1 1 1
537586 1 1 1
537588 1 1 1
537590 1 1 1
537596 1 1 1
537600 1 1 1
537606 1 1 1
537614 1 1 1
537620 1 1 1
537629 1 1 1
537641 1 1 1
537644 1 1 1
537646 1 1 1
537650 1 1 1
537654 1 1 1
537656 1 1 1
537660 1 1 1
537667 1 1 1
537669 1 1 1
537673 1 1 1
537675 1 1 1
537677 1 1 1
537684 1 1 1
537686 1 1 1
537695 1 1 1
537708 1 1 1
537721 2 2 1
537723 1 1 1
537729 1 1 1
537736 1 1 1
537738 1 1 1
537743 1 1 1
537748 1 1 1
537759 1 1 1
537763 1 1 1
537767 1 1 1
537769 2 2 1
537773 1 1 1
537776 1 1 1
537780 1 1 1
537782 1 1 1
537784 1 1 1
537804 1 1 1
537806 1 1 1
537814 1 1 1
537822 1 1 1
537828 1 1 1
537835 1 1 1
537838 1 1 1
537858 1 1 1
537862 1 1 1
537865 1 1 1
537867 1 1 1
537869 1 1 1
537871 1 1 1
537875 1 1 1
537882 1 1 1
537890 1 1 1
537897 1 1 1
537899 1 1 1
537901 1 1 1
537903 1 1 1
537909 1 1 1
537911 1 1 1
537913 1 1 1
537917 1 1 1
537921 1 1 1
537932 1 1 1
537934 1 1 1
537944 1 1 1
537948 1 1 1
537952 1 1 1
537956 1 1 1
537958 1 1 1
537972 1 1 1
537991 1 1 1
537995 1 1 1
537997 1 1 1
537999 1 1 1
538003 1 1 1
538008 1 1 1
538016 1 1 1
538020 1 1 1
538025 1 1 1
538032 1 1 1
538038 1 1 1
538040 1 1 1
538042 1 1 1
538051 1 1 1
538055 1 1 1
538059 1 1 1
538064 1 1 1
538080 1 1 1
538094 1 1 1
538105 1 1 1
538128 1 1 1
538130 1 1 1
538134 1 1 1
538136 1 1 1
538140 1 1 1
538142 1 1 1
538144 1 1 1
538146 1 1 1
538150 1 1 1
538154 1 1 1
538156 1 1 1
538161 1 1 1
538172 1 1 1
538177 2 2 1
538179 1 1 1
538185 1 1 1
538190 1 1 1
538194 1 1 1
538196 1 1 1
538205 1 1 1
538213 1 1 1
538215 1 1 1
538217 1 1 1
538222 1 1 1
538225 1 1 1
538227 1 1 1
538239 1 1 1
538241 1 1 1
538249 1 1 1
538253 1 1 1
538255 1 1 1
538258 1 1 1
538262 1 1 1
538266 1 1 1
538276 1 1 1
538280 1 1 1
538283 1 1 1
538285 1 1 1
538287 1 1 1
538289 1 1 1
538291 1 1 1
538301 1 1 1
538305 1 1 1
538310 1 1 1
538312 1 1 1
538318 1 1 1
538321 1 1 1
538325 1 1 1
538342 1 1 1
538344 1 1 1
538357 1 1 1
538359 1 1 1
538361 1 1 1
538366 1 1 1
538368 1 1 1
538372 1 1 1
538375 2 1 0.5
538382 1 1 1
538387 1 1 1
538399 2 1 0.5
538402 1 1 1
538407 1 1 1
538409 1 1 1
538430 1 1 1
538432 1 1 1
538438 1 1 1
538443 1 1 1
538454 1 1 1
538461 1 1 1
538469 1 1 1
538471 1 1 1
538484 1 1 1
538486 1 1 1
538499 1 1 1
538508 1 1 1
538518 1 1 1
538520 1 1 1
538524 1 1 1
538537 1 1 1
538551 1 1 1
538553 1 1 1
538555 1 1 1
538561 1 1 1
538564 1 1 1
538568 1 1 1
538572 1 1 1
538576 1 1 1
538578 1 1 1
538580 1 1 1
538584 1 1 1
538586 1 1 1
538591 1 1 1
538593 1 1 1
538597 1 1 1
538611 1 1 1
538621 1 1 1
538625 1 1 1
538627 1 1 1
538633 1 1 1
538638 2 2 1
538640 1 1 1
538644 1 1 1
538651 1 1 1
538654 1 1 1
538656 1 1 1
538661 1 1 1
538669 1 1 1
538676 1 1 1
538682 1 1 1
538690 1 1 1
538693 1 1 1
538697 1 1 1
538702 1 1 1
538705 1 1 1
538709 1 1 1
538717 1 1 1
538720 1 1 1
538722 1 1 1
538734 1 1 1
538753 1 1 1
538759 1 1 1
538761 1 1 1
538787 1 1 1
538790 1 1 1
538800 1 1 1
538807 1 1 1
538811 1 1 1
538815 1 1 1
538823 1 1 1
538830 3 1 0.333333
538832 1 1 1
538836 1 1 1
538840 1 1 1
538842 1 1 1
538848 1 1 1
538850 1 1 1
538855 1 1 1
538857 1 1 1
538859 1 1 1
538862 1 1 1
538866 1 1 1
538869 1 1 1
538871 1 1 1
538877 1 1 1
538879 1 1 1
538882 1 1 1
538898 1 1 1
538900 1 1 1
538902 1 1 1
538906 1 1 1
538910 1 1 1
538920 1 1 1
538924 1 1 1
538931 1 1 1
538941 1 1 1
538955 1 1 1
538957 1 1 1
538959 1 1 1
538961 1 1 1
538964 1 1 1
538966 1 1 1
538981 1 1 1
538990 1 1 1
538999 1 1 1
539001 1 1 1
539003 1 1 1
539005 1 1 1
539007 1 1 1
539011 1 1 1
539013 1 1 1
539017 1 1 1
539019 1 1 1
539021 1 1 1
539029 1 1 1
539036 1 1 1
539045 2 2 1
539050 1 1 1
539061 1 1 1
539071 1 1 1
539103 1 1 1
539111 1 1 1
539121 1 1 1
539123 1 1 1
539132 1 1 1
539136 1 1 1
539138 1 1 1
539142 1 1 1
539146 1 1 1
539148 1 1 1
539151 1 1 1
539155 1 1 1
539158 1 1 1
539166 1 1 1
539170 1 1 1
539172 1 1 1
539174 1 1 1
539177 1 1 1
539179 1 1 1
539186 1 1 1
539190 1 1 1
539192 1 1 1
539206 1 1 1
539210 1 1 1
539222 1 1 1
539225 2 2 1
539227 1 1 1
539231 1 1 1
539238 1 1 1
539241 1 1 1
539252 1 1 1
539263 1 1 1
539265 1 1 1
539269 1 1 1
539271 1 1 1
539277 1 1 1
539281 1 1 1
539285 1 1 1
539292 1 1 1
539298 1 1 1
539302 1 1 1
539311 1 1 1
539316 1 1 1
539324 1 1 1
539329 1 1 1
539331 1 1 1
539334 1 1 1
539344 1 1 1
539346 1 1 1
539353 1 1 1
539363 1 1 1
539377 1 1 1
539381 1 1 1
539383 1 1 1
539406 1 1 1
539412 1 1 1
539418 1 1 1
539432 1 1 1
539440 1 1 1
539444 1 1 1
539446 1 1 1
539454 1 1 1
539460 1 1 1
539462 1 1 1
539464 1 1 1
539474 1 1 1
539483 1 1 1
539492 1 1 1
539503 1 1 1
539505 1 1 1
539515 1 1 1
539521 1 1 1
539524 1 1 1
539526 1 1 1
539534 1 1 1
539536 1 1 1
539540 1 1 1
539551 1 1 1
539553 1 1 1
539555 1 1 1
539559 1 1 1
539562 1 1 1
539564 1 1 1
539567 1 1 1
539571 1 1 1
539573 1 1 1
539581 1 1 1
539586 1 1 1
539604 1 1 1
539607 1 1 1
539615 1 1 1
539622 1 1 1
539628 1 1 1
539632 1 1 1
539639 1 1 1
539644 1 1 1
539646 1 1 1
539652 1 1 1
539657 1 1 1
539661 1 1 1
539663 3 1 0.333333
539666 1 1 1
539668 1 1 1
539676 1 1 1
539678 1 1 1
539690 1 1 1
539692 1 1 1
539694 1 1 1
539704 1 1 1
539711 1 1 1
539715 1 1 1
539724 1 1 1
539739 1 1 1
539741 1 1 1
539745 1 1 1
539747 1 1 1
539753 1 1 1
539755 1 1 1
539776 1 1 1
539781 1 1 1
539790 1 1 1
539794 1 1 1
539796 1 1 1
539800 1 1 1
539810 1 1 1
539828 1 1 1
539832 1 1 1
539838 1 1 1
539842 1 1 1
539846 1 1 1
539849 1 1 1
539851 1 1 1
539853 1 1 1
539861 1 1 1
539867 1 1 1
539872 1 1 1
539879 1 1 1
539884 1 1 1
539899 1 1 1
539912 1 1 1
539919 1 1 1
539928 1 1 1
539930 1 1 1
539936 1 1 1
539940 2 2 1
539947 1 1 1
539950 1 1 1
539958 1 1 1
539969 1 1 1
539971 1 1 1
539983 1 1 1
539989 1 1 1
539996 1 1 1
540006 1 1 1
540011 1 1 1
540013 1 1 1
540016 1 1 1
540019 1 1 1
540024 1 1 1
540028 1 1 1
540030 1 1 1
540032 1 1 1
540036 1 1 1
540041 1 1 1
540043 1 1 1
540049 1 1 1
540052 1 1 1
540054 1 1 1
540056 1 1 1
540060 1 1 1
540063 1 1 1
540065 1 1 1
540067 1 1 1
540069 1 1 1
540071 1 1 1
540092 1 1 1
540094 1 1 1
540096 1 1 1
540100 1 1 1
540104 1 1 1
540106 1 1 1
540127 1 1 1
540131 1 1 1
540135 1 1 1
540137 1 1 1
540146 1 1 1
540156 1 1 1
540158 1 1 1
540160 1 1 1
540162 1 1 1
540166 1 1 1
540170 1 1 1
540176 1 1 1
540190 1 1 1
540192 1 1 1
540194 1 1 1
540202 1 1 1
540204 1 1 1
540206 1 1 1
540210 1 1 1
540212 1 1 1
540216 1 1 1
540221 1 1 1
540230 1 1 1
540236 1 1 1
540238 1 1 1
540242 1 1 1
540250 1 1 1
540253 1 1 1
540261 1 1 1
540263 1 1 1
540271 1 1 1
540277 1 1 1
540280 1 1 1
540284 1 1 1
540286 1 1 1
540293 1 1 1
540295 1 1 1
540299 1 1 1
540306 1 1 1
540308 1 1 1
540310 1 1 1
540332 1 1 1
540336 1 1 1
540341 1 1 1
540347 1 1 1
540349 1 1 1
540353 1 1 1
540355 1 1 1
540361 1 1 1
540363 1 1 1
540365 1 1 1
540375 1 1 1
540377 1 1 1
540383 1 1 1
540387 1 1 1
540390 1 1 1
540394 1 1 1
540396 1 1 1
540398 1 1 1
540404 1 1 1
540408 2 2 1
540412 1 1 1
540417 1 1 1
540427 1 1 1
540434 1 1 1
540438 1 1 1
540440 1 1 1
540444 1 1 1
540448 1 1 1
540450 1 1 1
540452 1 1 1
540454 1 1 1
540461 1 1 1
540463 1 1 1
540465 1 1 1
540469 1 1 1
540475 1 1 1
540477 1 1 1
540479 1 1 1
540483 1 1 1
540487 1 1 1
540490 1 1 1
540500 1 1 1
540510 1 1 1
540516 1 1 1
540521 1 1 1
540531 1 1 1
540542 1 1 1
540544 2 2 1
540548 1 1 1
540550 1 1 1
540552 1 1 1
540556 1 1 1
540573 1 1 1
540598 1 1 1
540600 1 1 1
540602 1 1 1
540604 1 1 1
540612 1 1 1
540657 1 1 1
540659 1 1 1
540668 1 1 1
540671 1 1 1
540697 1 1 1
540733 1 1 1
540739 1 1 1
540775 1 1 1
540786 1 1 1
540792 1 1 1
540802 1 1 1
540814 1 1 1
540822 1 1 1
540844 1 1 1
540865 1 1 1
540874 1 1 1
540882 1 1 1
540888 1 1 1
540898 2 1 0.5
540915 1 1 1
540929 1 1 1
540931 1 1 1
540935 1 1 1
540937 1 1 1
540950 1 1 1
540965 1 1 1
540980 1 1 1
540989 1 1 1
540996 1 1 1
541002 1 1 1
541004 1 1 1
541006 1 1 1
541043 1 1 1
541064 1 1 1
541076 1 1 1
541086 1 1 1
541105 1 1 1
541107 1 1 1
541116 2 2 1
541118 1 1 1
541123 1 1 1
541135 1 1 1
541155 1 1 1
541169 1 1 1
541171 1 1 1
541192 1 1 1
541206 1 1 1
541213 1 1 1
541217 1 1 1
541222 1 1 1
541226 2 1 0.5
541236 1 1 1
541246 1 1 1
541249 1 1 1
541273 1 1 1
541278 1 1 1
541282 1 1 1
541284 1 1 1
541291 1 1 1
541302 1 1 1
541310 1 1 1
541314 1 1 1
541333 1 1 1
541341 1 1 1
541364 1 1 1
541383 1 1 1
541385 1 1 1
541390 1 1 1
541409 1 1 1
541411 1 1 1
541421 1 1 1
541423 1 1 1
541427 1 1 1
541429 1 1 1
541433 1 1 1
541456 1 1 1
541468 1 1 1
541479 1 1 1
541515 1 1 1
541521 1 1 1
541530 1 1 1
541541 1 1 1
541556 1 1 1
541562 1 1 1
541566 1 1 1
541574 1 1 1
541580 1 1 1
541585 1 1 1
541595 1 1 1
541601 1 1 1
541608 1 1 1
541618 1 1 1
541622 1 1 1
541624 1 1 1
541638 1 1 1
541644 1 1 1
541652 1 1 1
541654 1 1 1
541660 1 1 1
541663 1 1 1
541668 1 1 1
541681 1 1 1
541691 1 1 1
541697 1 1 1
541704 2 2 1
541713 1 1 1
541717 1 1 1
541764 1 1 1
541778 1 1 1
541783 1 1 1
541789 1 1 1
541803 1 1 1
541810 1 1 1
541814 1 1 1
541827 1 1 1
541841 1 1 1
541843 1 1 1
541866 1 1 1
541868 1 1 1
541877 1 1 1
541892 1 1 1
541897 2 1 0.5
541903 1 1 1
541948 1 1 1
541953 1 1 1
541958 1 1 1
541964 1 1 1
541966 1 1 1
541972 1 1 1
541978 1 1 1
541986 1 1 1
542007 1 1 1
542016 1 1 1
542027 1 1 1
542037 1 1 1
542049 1 1 1
542076 1 1 1
542095 1 1 1
542116 1 1 1
542122 1 1 1
542127 1 1 1
542130 1 1 1
542134 1 1 1
542168 1 1 1
542174 1 1 1
542187 1 1 1
542190 1 1 1
542194 1 1 1
542221 1 1 1
542229 1 1 1
542232 1 1 1
542240 1 1 1
542260 1 1 1
542262 1 1 1
542271 1 1 1
542278 1 1 1
542284 1 1 1
542294 1 1 1
542315 1 1 1
542324 1 1 1
542330 1 1 1
542332 1 1 1
542339 1 1 1
542350 1 1 1
542352 1 1 1
542359 1 1 1
542368 1 1 1
542370 1 1 1
542387 1 1 1
542395 1 1 1
542436 1 1 1
542483 1 1 1
542493 1 1 1
542508 1 1 1
542514 1 1 1
542555 1 1 1
542565 1 1 1
542578 1 1 1
542587 1 1 1
542590 1 1 1
542600 1 1 1
542602 1 1 1
542613 1 1 1
542635 1 1 1
542702 1 1 1
542718 1 1 1
542737 1 1 1
542748 1 1 1
542752 1 1 1
542755 1 1 1
542784 1 1 1
542812 1 1 1
542835 1 1 1
542843 1 1 1
542845 1 1 1
542854 1 1 1
542871 1 1 1
542897 1 1 1
542902 1 1 1
542917 1 1 1
542926 1 1 1
542934 1 1 1
542936 1 1 1
542946 1 1 1
542962 1 1 1
542974 1 1 1
542978 1 1 1
542983 1 1 1
542985 1 1 1
542989 1 1 1
543038 1 1 1
543052 1 1 1
543054 1 1 1
543056 1 1 1
543058 1 1 1
543060 1 1 1
543062 1 1 1
543072 1 1 1
543089 1 1 1
543098 1 1 1
543100 1 1 1
543104 1 1 1
543106 1 1 1
543114 1 1 1
543144 1 1 1
543150 1 1 1
543152 1 1 1
543160 1 1 1
543167 1 1 1
543178 1 1 1
543187 1 1 1
543189 1 1 1
543191 1 1 1
543200 1 1 1
543209 1 1 1
543213 1 1 1
543216 1 1 1
543218 1 1 1
543222 1 1 1
