3 633512 0 122 0
623308 623534 48 0 0
623308 625079 350 0 0
623308 625971 511 0 0
623308 626512 612 0 0
623308 626865 677 0 0
623308 627916 861 0 0
623308 628697 1004 0 0
623308 628802 1023 0 0
623308 630682 1380 0 0
623308 632511 1725 0 0
623308 633817 1992 0 0
623308 638539 2952 0 0
623308 641680 3417 0 0
623308 642957 3639 0 0
623308 643802 3785 0 0
623308 644576 3915 0 0
623308 647291 4407 0 0
623308 650459 4985 0 0
29 20669 0 55 0
106 3015 206 0 0
106 5610 253 0 0
106 7361 1332 0 0
106 13149 2137 0 0
106 20675 438 0 0
106 22002 162 0 0
106 23455 635 0 0
106 33017 984 0 0
106 37023 247 0 0
106 40099 2006 0 0
106 51138 1185 0 0
106 62110 498 0 0
106 67237 1571 0 0
106 88175 663 0 0
106 93287 496 0 0
106 104283 318 0 0
106 111713 55 0 0
106 113503 2061 0 0
106 127807 63 0 0
106 133099 1060 0 0
106 138191 2653 0 0
106 142795 568 0 0
106 142959 3025 0 0
106 150079 1251 0 0
106 151652 3413 0 0
106 173196 3178 0 0
106 178285 683 0 0
106 179452 281 0 0
106 184451 2480 0 0
106 187128 3183 0 0
106 191144 740 0 0
106 201434 193 0 0
106 204271 275 0 0
106 214735 287 0 0
106 221277 170 0 0
106 228321 1289 0 0
106 232225 38 0 0
106 255399 1992 0 0
106 264049 1195 0 0
106 284753 487 0 0
106 291795 2426 0 0
106 355020 727 0 0
106 386014 238 0 0
106 387930 137 0 0
106 388447 1843 0 0
106 457653 143 0 0
106 510500 345 0 0
106 515554 3671 0 0
106 544667 230 0 0
106 566033 2016 0 0
106 573662 751 0 0
106 582660 3368 0 0
106 593246 908 0 0
106 606638 2136 0 0
106 619730 139 0 0
106 623629 359 0 0
106 624881 381 0 0
106 629834 22 0 0
106 630057 71 0 0
106 630212 99 0 0
106 630336 128 0 0
106 630447 150 0 0
106 630487 163 0 0
106 630527 169 0 0
106 630787 217 0 0
106 631191 284 0 0
106 631324 307 0 0
106 631426 330 0 0
106 631579 360 0 0
106 631720 389 0 0
106 631973 435 0 0
106 632378 523 0 0
106 633191 739 0 0
106 633594 769 0 0
106 634078 870 0 0
106 634703 1006 0 0
106 635165 1099 0 0
106 635856 1236 0 0
106 637045 1486 0 0
106 637814 1634 0 0
106 637911 1970 0 0
106 638482 1762 0 0
106 640372 2028 0 0
106 640877 2107 0 0
106 641338 2180 0 0
106 643655 2577 0 0
106 647934 3323 0 0
106 652085 4099 0 0
116 18006 1676 0 0
116 23365 1652 0 0
116 43050 497 0 0
116 163689 1366 0 0
116 166359 1341 0 0
116 300741 111 0 0
116 345660 814 0 0
116 351406 1776 0 0
116 421350 26 0 0
116 633920 227 0 0
116 634155 278 0 0
116 634192 284 0 0
116 634607 381 0 0
116 635061 466 0 0
116 635738 606 0 0
116 635934 641 0 0
116 636145 690 0 0
116 636190 698 0 0
116 637197 908 0 0
116 639651 1315 0 0
116 640006 1370 0 0
116 640949 3247 0 0
116 641815 1661 0 0
116 648491 2814 0 0
116 650630 3224 0 0
145 625317 21 0 0
623450 636959 2620 0 0
194 615 34 0 0
194 61314 38 0 0
194 75275 101 0 0
194 75742 78 0 0
194 82759 879 0 0
194 137969 309 0 0
194 382974 116 0 0
194 497223 952 0 0
194 616482 421 0 0
266 2337 0 1384 0
303 611978 0 282 0
322 737 0 487 0
322 1843 0 48 0
322 3359 0 153 0
322 3968 0 789 0
322 6443 0 267 0
322 12824 0 34 0
322 18305 0 838 0
322 19734 0 1867 0
322 32737 0 657 0
322 68362 0 141 0
322 90799 0 234 0
322 95361 0 251 0
322 129357 0 706 0
322 129460 0 3765 0
322 253925 0 1374 0
322 265838 0 494 0
322 360597 0 771 0
322 394667 0 632 0
322 436835 0 2616 0
322 534233 0 65 0
322 614394 0 1200 0
322 614527 0 1160 0
322 614661 0 1118 0
322 614989 0 1021 0
322 615073 0 966 0
322 615682 0 857 0
322 615727 0 847 0
322 616154 0 738 0
322 616624 0 589 0
322 617160 0 408 0
322 617686 0 218 0
322 617765 0 183 0
322 618132 0 75 0
322 635540 0 2690 0
322 636355 0 2505 0
322 636691 0 2424 0
322 638389 0 2088 0
322 644810 0 1037 0
322 644845 0 1019 0
322 650284 0 217 0
322 650380 0 157 0
322 650519 0 111 0
322 650878 0 3111 0
322 651415 0 75 0
322 651718 0 88 0
322 652512 0 33 0
358 26089 0 244 0
623674 624030 76 0 0
178500 623308 0 219 0
420 647508 781 0 0
623756 624344 0 0 0
89525 624399 0 67 0
623814 626596 0 726 0
609 2337 0 171 0
615 2143 0 246 0
623954 625713 326 0 0
623954 639514 2945 0 0
89719 121712 30 0 0
89719 237118 1092 0 0
89719 646212 2934 0 0
178814 632945 0 676 0
744 43050 3076 0 0
744 634812 2967 0 0
624045 635237 2136 0 0
89936 425645 5002 0 0
926 643310 782 0 0
952 103548 0 175 0
1106 44253 3579 0 0
1106 55077 841 0 0
1106 144456 714 0 0
1106 261116 754 0 0
1106 291099 4173 0 0
1106 293741 544 0 0
1106 582010 3073 0 0
1106 589615 1313 0 0
1106 603011 2946 0 0
1106 609476 414 0 0
1106 618422 18 0 0
1106 618624 54 0 0
1106 619139 151 0 0
1106 620204 329 0 0
1106 620507 382 0 0
1106 622111 694 0 0
1106 622493 766 0 0
1106 622854 831 0 0
1106 622946 851 0 0
1106 624970 1245 0 0
1106 628504 1880 0 0
1106 631706 2480 0 0
1106 631820 2500 0 0
1106 632017 2536 0 0
624399 624645 43 0 0
624399 624707 58 0 0
624399 624763 70 0 0
624399 624791 75 0 0
624399 624810 81 0 0
624399 624816 82 0 0
624399 624898 97 0 0
624399 624938 103 0 0
624399 624972 108 0 0
624399 624999 111 0 0
624399 625030 117 0 0
624399 625331 171 0 0
624399 625585 222 0 0
624399 625834 259 0 0
624399 626054 302 0 0
624399 626237 339 0 0
624399 626306 355 0 0
624399 626597 402 0 0
624399 626846 449 0 0
624399 626863 452 0 0
624399 627096 502 0 0
624399 627370 545 0 0
624399 627495 565 0 0
624399 627539 572 0 0
624399 627689 597 0 0
624399 628225 692 0 0
624399 628558 753 0 0
624399 628776 903 0 0
624399 629362 898 0 0
624399 629623 941 0 0
624399 629650 946 0 0
624399 630259 1068 0 0
624399 630691 1159 0 0
624399 630745 1169 0 0
624399 630929 1198 0 0
624399 631368 1272 0 0
624399 632182 1437 0 0
624399 632361 1475 0 0
624399 632515 1502 0 0
624399 632583 1516 0 0
624399 632585 1516 0 0
624399 633212 1687 0 0
624399 633918 1790 0 0
624399 634284 1874 0 0
624399 634489 1917 0 0
624399 634579 1937 0 0
624399 634621 1947 0 0
624399 634697 1961 0 0
624399 634711 1964 0 0
624399 634934 2007 0 0
624399 635079 2032 0 0
624399 635165 2072 0 0
624399 635446 2113 0 0
624399 635891 2197 0 0
624399 635996 2219 0 0
624399 636216 2268 0 0
624399 636721 2379 0 0
624399 636995 2434 0 0
624399 637883 2602 0 0
624399 638519 2725 0 0
624399 639631 2873 0 0
624399 640395 2987 0 0
624399 641843 3230 0 0
624399 642334 3309 0 0
624399 642456 3327 0 0
624399 642658 3364 0 0
624399 644981 3769 0 0
624399 646404 4023 0 0
624399 647357 4193 0 0
624399 647389 4199 0 0
624399 650705 4800 0 0
624476 626162 303 0 0
1284 1491 274 0 0
1461 9438 0 1240 0
1461 635457 0 154 0
1465 3991 0 1895 0
1465 9438 0 1109 0
179609 622622 0 2935 0
624820 631156 1150 0 0
268670 299219 0 1759 0
1561 134294 0 50 0
268708 608156 0 1839 0
179727 622622 0 1799 0
1659 647618 0 227 0
446901 623308 0 652 0
1701 622622 0 1544 0
1701 631191 386 0 0
1701 631384 343 0 0
1701 645966 3008 0 0
90747 622622 0 2573 0
357888 624399 0 254 0
1774 225271 0 103 0
1843 10838 32 0 0
1843 645970 209 0 0
1855 2337 0 290 0
179947 626596 0 2893 0
1872 615511 0 226 0
1973 615511 0 311 0
625317 628668 605 0 0
2035 438892 5604 0 0
2048 2337 0 1241 0
2077 386907 0 33 0
2091 29542 0 70 0
2091 158376 0 172 0
2091 615511 0 129 0
2143 8333 188 0 0
2143 17680 175 0 0
2143 29837 110 0 0
2143 30111 94 0 0
2143 46854 2531 0 0
2143 51698 165 0 0
2143 53403 108 0 0
2143 97715 161 0 0
2143 100011 158 0 0
2143 121319 162 0 0
2143 178484 158 0 0
2143 207446 157 0 0
2143 222729 168 0 0
2143 223821 141 0 0
2143 227890 5121 0 0
2143 238584 108 0 0
2143 238643 165 0 0
2143 247322 3358 0 0
2143 250562 107 0 0
2143 253673 173 0 0
2143 263138 89 0 0
2143 269616 169 0 0
2143 277546 106 0 0
2143 291312 150 0 0
2143 292235 108 0 0
2143 297359 119 0 0
2143 303670 122 0 0
2143 321757 80 0 0
2143 321885 93 0 0
2143 321963 179 0 0
2143 321975 93 0 0
2143 322239 99 0 0
2143 322378 103 0 0
2143 322513 151 0 0
2143 322560 148 0 0
2143 323043 111 0 0
2143 323071 119 0 0
2143 323350 110 0 0
2143 323554 129 0 0
2143 323606 113 0 0
2143 323732 153 0 0
2143 324755 184 0 0
2143 325189 83 0 0
2143 325981 166 0 0
2143 326267 275 0 0
2143 326449 158 0 0
2143 330794 108 0 0
2143 331969 185 0 0
2143 333122 93 0 0
2143 341068 106 0 0
2143 342082 103 0 0
2143 344625 146 0 0
2143 344689 136 0 0
2143 355080 118 0 0
2143 361714 2270 0 0
2143 362218 90 0 0
2143 369635 161 0 0
2143 370935 163 0 0
2143 384273 124 0 0
2143 397850 142 0 0
2143 406657 108 0 0
2143 418493 164 0 0
2143 430805 127 0 0
2143 494626 159 0 0
2143 500181 150 0 0
2143 533941 153 0 0
2143 614889 24 0 0
2143 615153 84 0 0
2143 615181 88 0 0
2143 615183 89 0 0
2143 615224 94 0 0
2143 615230 94 0 0
2143 615245 97 0 0
2143 615253 97 0 0
2143 615258 98 0 0
2143 615260 99 0 0
2143 615296 104 0 0
2143 615298 104 0 0
2143 615300 104 0 0
2143 615302 105 0 0
2143 615316 106 0 0
2143 615322 107 0 0
2143 615344 109 0 0
2143 615350 110 0 0
2143 615360 110 0 0
2143 615362 110 0 0
2143 615384 114 0 0
2143 615386 114 0 0
2143 615408 117 0 0
2143 615415 118 0 0
2143 615417 118 0 0
2143 615465 123 0 0
2143 615469 124 0 0
2143 615498 127 0 0
2143 615515 132 0 0
2143 615532 136 0 0
2143 615543 138 0 0
2143 615579 144 0 0
2143 615587 146 0 0
2143 615607 149 0 0
2143 615613 150 0 0
2143 615626 151 0 0
2143 615632 152 0 0
2143 615634 152 0 0
2143 615638 153 0 0
2143 615660 156 0 0
2143 615678 158 0 0
2143 615693 159 0 0
2143 615713 161 0 0
2143 615717 162 0 0
2143 615719 162 0 0
2143 615763 165 0 0
2143 615766 166 0 0
2143 615768 166 0 0
2143 615774 167 0 0
2143 615780 167 0 0
2143 615784 168 0 0
2143 615796 169 0 0
2143 615803 169 0 0
2143 615811 171 0 0
2143 615820 173 0 0
2143 615824 173 0 0
2143 615830 173 0 0
2143 615835 174 0 0
2143 615841 174 0 0
2143 615847 175 0 0
2143 615857 177 0 0
2143 615861 177 0 0
2143 615865 178 0 0
2143 615876 180 0 0
2143 615889 182 0 0
2143 615906 185 0 0
2143 615908 185 0 0
2143 615920 186 0 0
2143 615928 188 0 0
2143 615937 189 0 0
2143 615966 194 0 0
2143 615972 195 0 0
2143 616023 206 0 0
2143 616066 214 0 0
2143 616098 217 0 0
2143 616187 238 0 0
2143 616241 246 0 0
2143 616396 273 0 0
2143 616482 291 0 0
2143 632644 3344 0 0
2143 634409 3718 0 0
2155 3463 0 266 0
2177 286576 0 1426 0
2184 615511 0 324 0
2205 626596 0 1205 0
2245 20492 207 0 0
2289 615511 0 356 0
625613 625795 27 0 0
625613 626205 104 0 0
2337 4962 701 0 0
2337 5808 2329 0 0
2337 7083 853 0 0
2337 11892 378 0 0
2337 13059 1451 0 0
2337 13858 1002 0 0
2337 17007 2155 0 0
2337 20474 780 0 0
2337 21626 1957 0 0
2337 24454 1345 0 0
2337 31156 1803 0 0
2337 32845 306 0 0
2337 33173 415 0 0
2337 50569 797 0 0
2337 57766 799 0 0
2337 58072 2080 0 0
2337 60533 30 0 0
2337 60547 276 0 0
2337 60659 740 0 0
2337 60690 174 0 0
2337 60746 17 0 0
2337 60793 314 0 0
2337 60864 115 0 0
2337 60887 118 0 0
2337 60943 297 0 0
2337 60992 830 0 0
2337 61093 1287 0 0
2337 61097 308 0 0
2337 61202 462 0 0
2337 61212 439 0 0
2337 61452 348 0 0
2337 61512 642 0 0
2337 61549 1054 0 0
2337 61688 1150 0 0
2337 61754 1994 0 0
2337 61871 310 0 0
2337 62125 40 0 0
2337 62153 1913 0 0
2337 62279 482 0 0
2337 62376 1884 0 0
2337 62393 1284 0 0
2337 62537 118 0 0
2337 62730 99 0 0
2337 62774 643 0 0
2337 62803 280 0 0
2337 62849 900 0 0
2337 62949 252 0 0
2337 63041 987 0 0
2337 63186 255 0 0
2337 63216 142 0 0
2337 63296 650 0 0
2337 63541 404 0 0
2337 63598 1856 0 0
2337 63611 2221 0 0
2337 63713 1460 0 0
2337 63805 40 0 0
2337 63863 1119 0 0
2337 63993 642 0 0
2337 64097 49 0 0
2337 64107 199 0 0
2337 64321 244 0 0
2337 64439 1021 0 0
2337 64692 202 0 0
2337 65098 2319 0 0
2337 65189 233 0 0
2337 65225 355 0 0
2337 65266 93 0 0
2337 65292 1177 0 0
2337 65368 525 0 0
2337 65646 455 0 0
2337 65805 1273 0 0
2337 65861 17 0 0
2337 65950 978 0 0
2337 66008 33 0 0
2337 66092 74 0 0
2337 66094 915 0 0
2337 66228 4 0 0
2337 66245 1259 0 0
2337 66256 111 0 0
2337 66591 1310 0 0
2337 66594 1960 0 0
2337 66629 874 0 0
2337 66689 446 0 0
2337 66836 1349 0 0
2337 66948 1981 0 0
2337 66999 2226 0 0
2337 67198 1148 0 0
2337 67225 50 0 0
2337 67281 328 0 0
2337 67416 147 0 0
2337 67508 972 0 0
2337 67539 2006 0 0
2337 67632 785 0 0
2337 67765 119 0 0
2337 67807 254 0 0
2337 68064 653 0 0
2337 68073 1914 0 0
2337 68278 2114 0 0
2337 68372 358 0 0
2337 68383 2096 0 0
2337 68601 1459 0 0
2337 68731 622 0 0
2337 68866 1255 0 0
2337 68920 568 0 0
2337 68922 122 0 0
2337 69296 1815 0 0
2337 69305 597 0 0
2337 69334 158 0 0
2337 69407 1587 0 0
2337 69648 607 0 0
2337 69702 1096 0 0
2337 69730 126 0 0
2337 69877 881 0 0
2337 69879 282 0 0
2337 69889 1831 0 0
2337 69949 1484 0 0
2337 69960 50 0 0
2337 70160 21 0 0
2337 70164 107 0 0
2337 70190 229 0 0
2337 70581 395 0 0
2337 70738 1890 0 0
2337 70790 1005 0 0
2337 70913 992 0 0
2337 71175 1883 0 0
2337 71179 741 0 0
2337 71193 141 0 0
2337 71437 573 0 0
2337 71451 244 0 0
2337 71484 6 0 0
2337 71524 133 0 0
2337 71653 1308 0 0
2337 71718 604 0 0
2337 71841 1435 0 0
2337 72016 340 0 0
2337 72216 291 0 0
2337 72264 377 0 0
2337 72267 427 0 0
2337 72316 1529 0 0
2337 72446 29 0 0
2337 72681 701 0 0
2337 72797 41 0 0
2337 72842 91 0 0
2337 72854 389 0 0
2337 72901 2289 0 0
2337 72943 1562 0 0
2337 72951 64 0 0
2337 73112 1513 0 0
2337 73128 23 0 0
2337 73138 55 0 0
2337 73257 2154 0 0
2337 73341 1274 0 0
2337 73387 500 0 0
2337 73394 593 0 0
2337 73449 612 0 0
2337 73482 1264 0 0
2337 73530 389 0 0
2337 73658 595 0 0
2337 73722 2193 0 0
2337 73751 125 0 0
2337 73818 276 0 0
2337 73909 1755 0 0
2337 73957 295 0 0
2337 74022 1396 0 0
2337 74050 559 0 0
2337 74165 1313 0 0
2337 74254 645 0 0
2337 74457 1075 0 0
2337 74476 2104 0 0
2337 74666 832 0 0
2337 74706 13 0 0
2337 74748 1249 0 0
2337 74932 70 0 0
2337 75015 1454 0 0
2337 75076 1252 0 0
2337 75173 917 0 0
2337 75179 329 0 0
2337 75476 1669 0 0
2337 75639 1579 0 0
2337 75641 1135 0 0
2337 75649 519 0 0
2337 75699 550 0 0
2337 75846 170 0 0
2337 75919 341 0 0
2337 76193 331 0 0
2337 76820 833 0 0
2337 77079 969 0 0
2337 77188 761 0 0
2337 77333 1139 0 0
2337 77414 978 0 0
2337 77416 487 0 0
2337 77513 1039 0 0
2337 77576 163 0 0
2337 77638 1614 0 0
2337 77881 1440 0 0
2337 77977 745 0 0
2337 78066 867 0 0
2337 78198 176 0 0
2337 78232 76 0 0
2337 78691 817 0 0
2337 78850 287 0 0
2337 79166 536 0 0
2337 79829 896 0 0
2337 80037 2099 0 0
2337 80155 417 0 0
2337 80721 2298 0 0
2337 81008 365 0 0
2337 81118 2159 0 0
2337 81121 2180 0 0
2337 81423 423 0 0
2337 81478 253 0 0
2337 81551 632 0 0
2337 82092 1756 0 0
2337 82101 1520 0 0
2337 82134 743 0 0
2337 82301 397 0 0
2337 82611 640 0 0
2337 82696 2235 0 0
2337 82712 322 0 0
2337 82796 714 0 0
2337 82820 219 0 0
2337 83288 50 0 0
2337 83462 1548 0 0
2337 84035 1710 0 0
2337 84230 14 0 0
2337 84391 899 0 0
2337 84527 1082 0 0
2337 84630 801 0 0
2337 84805 442 0 0
2337 85205 2119 0 0
2337 85390 310 0 0
2337 85709 913 0 0
2337 85809 630 0 0
2337 86096 881 0 0
2337 86165 26 0 0
2337 86493 2373 0 0
2337 86593 1054 0 0
2337 86796 447 0 0
2337 87554 140 0 0
2337 87558 111 0 0
2337 87811 2336 0 0
2337 88630 1194 0 0
2337 88754 270 0 0
2337 89133 416 0 0
2337 89299 2068 0 0
2337 89390 1657 0 0
2337 89691 14 0 0
2337 90087 12 0 0
2337 90113 1121 0 0
2337 90128 10 0 0
2337 90355 417 0 0
2337 90561 756 0 0
2337 90822 755 0 0
2337 90954 1864 0 0
2337 91143 909 0 0
2337 91674 1075 0 0
2337 91845 54 0 0
2337 91943 105 0 0
2337 91951 594 0 0
2337 93315 317 0 0
2337 93468 1678 0 0
2337 93621 239 0 0
2337 93680 1026 0 0
2337 93787 607 0 0
2337 93791 79 0 0
2337 93860 2389 0 0
2337 93905 1178 0 0
2337 93993 139 0 0
2337 94944 424 0 0
2337 95088 285 0 0
2337 95265 118 0 0
2337 95862 1498 0 0
2337 95947 803 0 0
2337 96025 1684 0 0
2337 96165 61 0 0
2337 97441 278 0 0
2337 97496 133 0 0
2337 98186 784 0 0
2337 99070 1919 0 0
2337 99151 402 0 0
2337 99432 71 0 0
2337 99494 519 0 0
2337 99649 192 0 0
2337 99672 1033 0 0
2337 99861 1976 0 0
2337 99961 187 0 0
2337 100083 14 0 0
2337 100631 18 0 0
2337 100633 1902 0 0
2337 100665 976 0 0
2337 100690 2395 0 0
2337 100927 1882 0 0
2337 102394 931 0 0
2337 102937 325 0 0
2337 103089 2107 0 0
2337 103533 26 0 0
2337 103749 570 0 0
2337 104072 1336 0 0
2337 104105 841 0 0
2337 104115 369 0 0
2337 104315 1775 0 0
2337 104426 867 0 0
2337 104853 660 0 0
2337 105284 833 0 0
2337 105517 369 0 0
2337 105811 750 0 0
2337 105963 2093 0 0
2337 106620 649 0 0
2337 106686 1259 0 0
2337 106757 755 0 0
2337 107631 1184 0 0
2337 107828 1815 0 0
2337 108170 226 0 0
2337 108192 1676 0 0
2337 108383 858 0 0
2337 108470 933 0 0
2337 108704 668 0 0
2337 109182 820 0 0
2337 109740 368 0 0
2337 110040 426 0 0
2337 110375 438 0 0
2337 114691 1579 0 0
2337 114761 765 0 0
2337 115145 2399 0 0
2337 115503 698 0 0
2337 115850 775 0 0
2337 115873 145 0 0
2337 116460 97 0 0
2337 116930 1121 0 0
2337 117281 756 0 0
2337 117420 969 0 0
2337 118620 1883 0 0
2337 119200 926 0 0
2337 119412 194 0 0
2337 119568 1651 0 0
2337 120330 775 0 0
2337 120599 1721 0 0
2337 120929 1308 0 0
2337 121236 2009 0 0
2337 121710 56 0 0
2337 121758 2333 0 0
2337 121941 53 0 0
2337 121958 1733 0 0
2337 121984 235 0 0
2337 122253 535 0 0
2337 122689 163 0 0
2337 124847 686 0 0
2337 125330 1785 0 0
2337 125335 47 0 0
2337 125818 15 0 0
2337 126403 543 0 0
2337 126891 1774 0 0
2337 127280 43 0 0
2337 127436 1488 0 0
2337 129560 393 0 0
2337 129711 669 0 0
2337 130152 1003 0 0
2337 130342 111 0 0
2337 130574 1937 0 0
2337 130622 385 0 0
2337 131079 437 0 0
2337 131108 1840 0 0
2337 131148 1599 0 0
2337 132210 2210 0 0
2337 132379 1324 0 0
2337 132659 1990 0 0
2337 133083 1053 0 0
2337 133141 86 0 0
2337 133893 1049 0 0
2337 133918 11 0 0
2337 134036 714 0 0
2337 134157 213 0 0
2337 134660 1352 0 0
2337 134956 340 0 0
2337 135021 1420 0 0
2337 135091 120 0 0
2337 136063 1416 0 0
2337 138290 137 0 0
2337 138329 1946 0 0
2337 139759 411 0 0
2337 141068 792 0 0
2337 142688 1377 0 0
2337 142998 9 0 0
2337 143923 304 0 0
2337 144274 596 0 0
2337 144373 64 0 0
2337 145972 266 0 0
2337 146078 1940 0 0
2337 146965 770 0 0
2337 147171 1088 0 0
2337 148435 1614 0 0
2337 150149 855 0 0
2337 153170 376 0 0
2337 155964 41 0 0
2337 156262 1417 0 0
2337 157477 1118 0 0
2337 159478 1440 0 0
2337 160664 1840 0 0
2337 161785 1762 0 0
2337 161863 377 0 0
2337 162457 1760 0 0
2337 164431 1443 0 0
2337 165687 1809 0 0
2337 169289 174 0 0
2337 169583 379 0 0
2337 171129 2041 0 0
2337 172081 1027 0 0
2337 172134 801 0 0
2337 172495 904 0 0
2337 172819 396 0 0
2337 173197 1060 0 0
2337 173298 2036 0 0
2337 173764 1513 0 0
2337 176666 1790 0 0
2337 177771 843 0 0
2337 179302 1848 0 0
2337 179970 100 0 0
2337 180020 674 0 0
2337 180226 2385 0 0
2337 181094 2186 0 0
2337 182042 2125 0 0
2337 182206 386 0 0
2337 183298 1529 0 0
2337 183809 701 0 0
2337 184136 1140 0 0
2337 185470 349 0 0
2337 186163 233 0 0
2337 186608 2169 0 0
2337 187015 1641 0 0
2337 187326 338 0 0
2337 188207 1552 0 0
2337 189828 870 0 0
2337 190036 669 0 0
2337 190259 935 0 0
2337 190469 1508 0 0
2337 191461 1041 0 0
2337 194290 2193 0 0
2337 201530 892 0 0
2337 202513 1344 0 0
2337 203533 1676 0 0
2337 204710 1678 0 0
2337 205074 2347 0 0
2337 205715 1899 0 0
2337 205971 1395 0 0
2337 208319 12 0 0
2337 209266 195 0 0
2337 210429 252 0 0
2337 210627 668 0 0
2337 212126 1060 0 0
2337 213023 2196 0 0
2337 214349 1296 0 0
2337 216681 1636 0 0
2337 217892 1226 0 0
2337 218142 164 0 0
2337 220099 1985 0 0
2337 230243 231 0 0
2337 230272 2132 0 0
2337 233758 792 0 0
2337 234005 1796 0 0
2337 234776 638 0 0
2337 235561 125 0 0
2337 235676 271 0 0
2337 237453 404 0 0
2337 237477 1034 0 0
2337 241141 2417 0 0
2337 244588 1560 0 0
2337 245347 1508 0 0
2337 247309 667 0 0
2337 247983 18 0 0
2337 250312 1463 0 0
2337 251984 850 0 0
2337 254791 1421 0 0
2337 256163 15 0 0
2337 257021 522 0 0
2337 258029 1614 0 0
2337 259111 247 0 0
2337 260748 269 0 0
2337 261503 884 0 0
2337 262071 284 0 0
2337 262780 669 0 0
2337 263596 1437 0 0
2337 264305 1591 0 0
2337 268662 261 0 0
2337 269608 1560 0 0
2337 273383 658 0 0
2337 274309 1194 0 0
2337 277192 632 0 0
2337 283634 738 0 0
2337 284404 2253 0 0
2337 285202 2204 0 0
2337 287287 72 0 0
2337 289782 2285 0 0
2337 292773 679 0 0
2337 294739 139 0 0
2337 295913 219 0 0
2337 297847 26 0 0
2337 299472 2214 0 0
2337 301821 110 0 0
2337 301872 102 0 0
2337 302459 2412 0 0
2337 304096 1422 0 0
2337 304263 20 0 0
2337 304961 662 0 0
2337 308905 1371 0 0
2337 309264 1393 0 0
2337 312346 395 0 0
2337 313902 2193 0 0
2337 313908 1421 0 0
2337 314284 300 0 0
2337 315935 2420 0 0
2337 316339 2377 0 0
2337 317015 80 0 0
2337 317202 195 0 0
2337 321641 74 0 0
2337 322157 891 0 0
2337 329588 1073 0 0
2337 329956 104 0 0
2337 330031 344 0 0
2337 331894 144 0 0
2337 335451 1400 0 0
2337 335821 281 0 0
2337 336242 631 0 0
2337 336333 13 0 0
2337 336335 1211 0 0
2337 337048 616 0 0
2337 337198 43 0 0
2337 337983 1186 0 0
2337 339300 1140 0 0
2337 340207 483 0 0
2337 340329 838 0 0
2337 340797 223 0 0
2337 341918 1960 0 0
2337 342194 1461 0 0
2337 343067 655 0 0
2337 344098 1854 0 0
2337 344217 890 0 0
2337 345269 183 0 0
2337 346233 837 0 0
2337 346963 1442 0 0
2337 348973 1140 0 0
2337 349605 31 0 0
2337 350023 264 0 0
2337 351236 2118 0 0
2337 352664 1430 0 0
2337 354293 368 0 0
2337 355498 1574 0 0
2337 355944 282 0 0
2337 356541 2018 0 0
2337 357320 239 0 0
2337 357866 419 0 0
2337 358484 562 0 0
2337 358826 1095 0 0
2337 360812 1567 0 0
2337 361407 1078 0 0
2337 361966 1057 0 0
2337 361994 1825 0 0
2337 362762 886 0 0
2337 363007 1128 0 0
2337 364001 1101 0 0
2337 365697 2197 0 0
2337 367634 1481 0 0
2337 367873 44 0 0
2337 370230 599 0 0
2337 371501 2278 0 0
2337 371663 891 0 0
2337 371913 2259 0 0
2337 374235 532 0 0
2337 376763 2011 0 0
2337 379742 313 0 0
2337 384024 785 0 0
2337 384094 658 0 0
2337 385822 2044 0 0
2337 389573 1214 0 0
2337 389627 556 0 0
2337 392102 56 0 0
2337 392140 1423 0 0
2337 392695 256 0 0
2337 393373 475 0 0
2337 398589 1064 0 0
2337 400625 2010 0 0
2337 401395 505 0 0
2337 403047 955 0 0
2337 403948 109 0 0
2337 412977 1453 0 0
2337 413859 415 0 0
2337 414431 1574 0 0
2337 415429 160 0 0
2337 415956 311 0 0
2337 418977 716 0 0
2337 424176 1054 0 0
2337 425947 552 0 0
2337 426479 135 0 0
2337 427622 1711 0 0
2337 427966 1092 0 0
2337 428937 2040 0 0
2337 436877 185 0 0
2337 438408 1902 0 0
2337 440446 950 0 0
2337 443780 529 0 0
2337 446414 382 0 0
2337 447505 1934 0 0
2337 447948 596 0 0
2337 456478 2300 0 0
2337 458463 1441 0 0
2337 461375 2182 0 0
2337 461870 1805 0 0
2337 469153 237 0 0
2337 479797 808 0 0
2337 485329 543 0 0
2337 489874 1464 0 0
2337 507503 1890 0 0
2337 507509 1995 0 0
2337 508920 211 0 0
2337 509335 139 0 0
2337 515154 19 0 0
2337 551840 569 0 0
2337 571294 1257 0 0
2337 572031 339 0 0
2337 580301 777 0 0
2337 583842 1595 0 0
2337 590544 352 0 0
2337 591576 655 0 0
2337 596402 685 0 0
2337 596783 168 0 0
2337 599032 2375 0 0
2337 600392 1816 0 0
2337 607175 24 0 0
2337 609541 1204 0 0
2337 610653 718 0 0
2337 611232 179 0 0
2337 612048 456 0 0
2337 616076 662 0 0
2337 616284 1186 0 0
2337 617183 170 0 0
2337 618469 1306 0 0
2337 627074 17 0 0
2337 629683 2338 0 0
2337 632803 1603 0 0
2337 634098 56 0 0
2337 635148 8 0 0
2337 636618 139 0 0
2337 638521 515 0 0
2337 638597 13 0 0
2337 638632 17 0 0
2337 638643 18 0 0
2337 638706 27 0 0
2337 638717 29 0 0
2337 638740 32 0 0
2337 638750 33 0 0
2337 638832 38 0 0
2337 638888 44 0 0
2337 638913 49 0 0
2337 639047 67 0 0
2337 639064 71 0 0
2337 639085 74 0 0
2337 639093 677 0 0
2337 639126 79 0 0
2337 639144 82 0 0
2337 639147 82 0 0
2337 639167 87 0 0
2337 639183 90 0 0
2337 639284 107 0 0
2337 639495 135 0 0
2337 639566 143 0 0
2337 639595 146 0 0
2337 639605 147 0 0
2337 639611 159 0 0
2337 639624 148 0 0
2337 639644 154 0 0
2337 639653 156 0 0
2337 639710 164 0 0
2337 639747 169 0 0
2337 639749 169 0 0
2337 639848 181 0 0
2337 639863 184 0 0
2337 639867 185 0 0
2337 640216 239 0 0
2337 640224 240 0 0
2337 640342 257 0 0
2337 640357 258 0 0
2337 640435 270 0 0
2337 640458 275 0 0
2337 640496 280 0 0
2337 640530 284 0 0
2337 640604 293 0 0
2337 640622 297 0 0
2337 640734 313 0 0
2337 640789 321 0 0
2337 640901 342 0 0
2337 640968 361 0 0
2337 641007 361 0 0
2337 641013 361 0 0
2337 641023 363 0 0
2337 641326 411 0 0
2337 641481 439 0 0
2337 641513 445 0 0
2337 641598 457 0 0
2337 641606 459 0 0
2337 641642 465 0 0
2337 641887 517 0 0
2337 641893 514 0 0
2337 641901 515 0 0
2337 642017 531 0 0
2337 642183 564 0 0
2337 642185 562 0 0
2337 642250 569 0 0
2337 642276 574 0 0
2337 642299 593 0 0
2337 642305 1002 0 0
2337 642308 579 0 0
2337 642448 603 0 0
2337 642452 1723 0 0
2337 642481 612 0 0
2337 642566 626 0 0
2337 642683 642 0 0
2337 642732 653 0 0
2337 642897 680 0 0
2337 643065 710 0 0
2337 643091 724 0 0
2337 643185 731 0 0
2337 643393 768 0 0
2337 643578 797 0 0
2337 643678 839 0 0
2337 643682 816 0 0
2337 643692 817 0 0
2337 643779 834 0 0
2337 643909 857 0 0
2337 643923 859 0 0
2337 644006 875 0 0
2337 644054 885 0 0
2337 644088 888 0 0
2337 644357 930 0 0
2337 644364 954 0 0
2337 644373 932 0 0
2337 644428 941 0 0
2337 644513 958 0 0
2337 644553 964 0 0
2337 644622 978 0 0
2337 644653 1047 0 0
2337 644690 992 0 0
2337 644792 1011 0 0
2337 644801 1013 0 0
2337 644868 1026 0 0
2337 644962 1044 0 0
2337 645084 1064 0 0
2337 645236 1086 0 0
2337 645241 1087 0 0
2337 645643 1160 0 0
2337 645650 1161 0 0
2337 645775 1181 0 0
2337 645825 1190 0 0
2337 645932 1208 0 0
2337 646228 1268 0 0
2337 646271 1274 0 0
2337 646288 1280 0 0
2337 646361 1291 0 0
2337 646397 1299 0 0
2337 646533 1322 0 0
2337 646685 1352 0 0
2337 646723 1360 0 0
2337 646731 1362 0 0
2337 646764 1370 0 0
2337 646798 1373 0 0
2337 646821 1378 0 0
2337 646826 1379 0 0
2337 646966 1405 0 0
2337 647192 1445 0 0
2337 647402 1478 0 0
2337 647691 1539 0 0
2337 647719 1545 0 0
2337 647740 1548 0 0
2337 647964 1562 0 0
2337 648059 1581 0 0
2337 648171 1601 0 0
2337 648186 1603 0 0
2337 648620 1677 0 0
2337 648643 1681 0 0
2337 648780 1711 0 0
2337 648918 1739 0 0
2337 649167 1779 0 0
2337 649181 1785 0 0
2337 649218 1796 0 0
2337 649322 1816 0 0
2337 649402 1834 0 0
2337 649568 1868 0 0
2337 649593 1874 0 0
2337 649600 1876 0 0
2337 649628 1881 0 0
2337 649792 1944 0 0
2337 650446 2236 0 0
2337 650577 2066 0 0
2337 650724 2081 0 0
2337 650820 2092 0 0
2337 651083 2145 0 0
2337 651210 2169 0 0
2337 651246 2175 0 0
2337 651301 2184 0 0
2337 651451 2216 0 0
2337 651607 2251 0 0
2337 651633 2254 0 0
2337 651786 2286 0 0
2337 651792 2286 0 0
2337 651950 2309 0 0
2337 652400 2390 0 0
2337 652461 2401 0 0
2486 8333 96 0 0
2486 82601 13 0 0
2486 92378 37 0 0
2486 92426 52 0 0
2486 92460 62 0 0
2486 92505 73 0 0
2486 92608 87 0 0
2486 92663 115 0 0
2486 92797 146 0 0
2486 92836 155 0 0
2486 94697 55 0 0
2486 651848 51 0 0
2577 69292 0 280 0
2577 146174 0 141 0
2577 182372 0 106 0
2577 303984 0 311 0
2577 314144 0 347 0
2577 399069 0 20 0
2577 625273 0 105 0
2625 399069 0 53 0
2625 623052 0 43 0
2635 2941 1629 0 0
2635 628113 883 0 0
2815 622622 0 108 0
2878 27542 12 0 0
2878 340995 51 0 0
181066 327664 0 66 0
181066 608156 0 77 0
181066 632095 0 144 0
3015 276364 0 205 0
3015 482330 0 57 0
3015 649163 631 0 0
3108 21055 0 1774 0
626458 629929 618 0 0
3218 622622 0 2018 0
626548 640614 0 14 0
626596 626707 21 0 0
626596 626773 32 0 0
626596 626812 39 0 0
626596 627139 109 0 0
626596 627199 116 0 0
626596 628646 368 0 0
626596 629130 449 0 0
626596 629456 513 0 0
626596 629884 587 0 0
626596 629931 596 0 0
626596 630012 614 0 0
626596 630046 622 0 0
626596 630111 637 0 0
626596 630592 736 0 0
626596 630723 764 0 0
626596 631281 856 0 0
626596 632103 1016 0 0
626596 632213 1046 0 0
626596 632304 1062 0 0
626596 632494 1096 0 0
626596 632602 1118 0 0
626596 632853 1170 0 0
626596 632892 1177 0 0
626596 633016 1200 0 0
626596 633538 1312 0 0
626596 634006 1408 0 0
626596 634048 1417 0 0
626596 634594 1540 0 0
626596 635376 1696 0 0
626596 635886 1795 0 0
626596 636255 1877 0 0
626596 636353 1896 0 0
626596 636546 1936 0 0
626596 636680 1972 0 0
626596 637844 2194 0 0
626596 637846 2194 0 0
626596 638123 2250 0 0
626596 638275 2273 0 0
626596 638373 2293 0 0
626596 638394 2300 0 0
626596 639151 2405 0 0
626596 639425 2448 0 0
626596 639487 2457 0 0
626596 640000 2529 0 0
626596 640256 2568 0 0
626596 640838 2654 0 0
626596 642027 2855 0 0
626596 642349 2911 0 0
626596 642529 2943 0 0
626596 642539 2944 0 0
626596 643167 3051 0 0
626596 643221 3062 0 0
626596 643288 3073 0 0
626596 643560 3115 0 0
626596 643627 3127 0 0
626596 643700 3142 0 0
626596 644438 3265 0 0
626596 645477 3447 0 0
626596 646601 3655 0 0
626596 646614 3658 0 0
626596 646954 3725 0 0
626596 652306 4695 0 0
626596 652494 4729 0 0
626596 652610 4754 0 0
626622 626625 1 0 0
626622 630981 800 0 0
3377 646962 392 0 0
181518 276364 0 788 0
270635 635368 21 0 0
626807 633498 1263 0 0
626807 633731 1312 0 0
626807 634642 1511 0 0
626807 637188 2030 0 0
626807 639753 2452 0 0
626807 646794 3657 0 0
626923 627030 21 0 0
3683 11081 0 21 0
3683 457496 0 102 0
3683 625479 0 19 0
3683 645114 0 29 0
3683 646820 0 16 0
627256 630235 536 0 0
3991 4067 3424 0 0
3991 4737 5574 0 0
3991 6509 4677 0 0
3991 8518 994 0 0
3991 10313 3221 0 0
3991 12313 2382 0 0
3991 14462 3328 0 0
3991 17007 6052 0 0
3991 26128 2079 0 0
3991 31814 222 0 0
3991 42443 529 0 0
3991 53765 366 0 0
3991 53768 366 0 0
3991 55470 2276 0 0
3991 56458 162 0 0
3991 56864 367 0 0
3991 78947 5531 0 0
3991 105452 2611 0 0
3991 130774 3577 0 0
3991 131551 48 0 0
3991 141764 5617 0 0
3991 142183 2093 0 0
3991 162230 944 0 0
3991 169929 5552 0 0
3991 224612 51 0 0
3991 247803 365 0 0
3991 359312 1916 0 0
3991 462868 116 0 0
3991 462917 98 0 0
3991 462929 124 0 0
3991 462954 44 0 0
3991 462960 54 0 0
3991 462980 43 0 0
3991 462998 240 0 0
3991 463018 70 0 0
3991 464415 255 0 0
3991 464420 45 0 0
3991 464433 248 0 0
3991 464457 107 0 0
3991 464461 53 0 0
3991 464465 50 0 0
3991 464479 55 0 0
3991 464494 58 0 0
3991 464501 116 0 0
3991 464503 78 0 0
3991 464539 123 0 0
3991 464550 248 0 0
3991 464578 134 0 0
3991 464580 51 0 0
3991 464589 100 0 0
3991 464596 39 0 0
3991 464617 45 0 0
3991 464669 106 0 0
3991 464672 59 0 0
3991 464722 74 0 0
3991 464735 68 0 0
3991 464771 62 0 0
3991 464775 154 0 0
3991 464790 57 0 0
3991 464807 59 0 0
3991 464833 120 0 0
3991 464840 127 0 0
3991 464885 30 0 0
3991 464969 47 0 0
3991 466525 55 0 0
3991 466551 52 0 0
3991 466725 102 0 0
3991 466743 151 0 0
3991 467513 52 0 0
3991 467533 52 0 0
3991 467551 68 0 0
3991 467577 46 0 0
3991 467612 256 0 0
3991 467618 58 0 0
3991 467655 157 0 0
3991 467683 253 0 0
3991 469304 156 0 0
3991 469346 123 0 0
3991 469392 175 0 0
3991 469411 256 0 0
3991 469419 225 0 0
3991 469461 250 0 0
3991 469508 119 0 0
3991 469521 127 0 0
3991 469543 46 0 0
3991 469586 133 0 0
3991 618048 29 0 0
3991 618052 29 0 0
3991 618071 31 0 0
3991 618073 32 0 0
3991 618077 32 0 0
3991 618086 34 0 0
3991 618090 35 0 0
3991 618098 36 0 0
3991 618101 36 0 0
3991 618105 38 0 0
3991 618117 40 0 0
3991 618151 46 0 0
3991 618159 47 0 0
3991 618162 47 0 0
3991 618167 47 0 0
3991 618182 49 0 0
3991 618184 50 0 0
3991 618195 51 0 0
3991 618197 51 0 0
3991 618199 52 0 0
3991 618203 52 0 0
3991 618213 52 0 0
3991 618233 55 0 0
3991 618254 57 0 0
3991 618258 58 0 0
3991 618262 58 0 0
3991 618274 59 0 0
3991 618278 59 0 0
3991 618297 63 0 0
3991 618300 64 0 0
3991 618306 64 0 0
3991 618309 64 0 0
3991 618312 65 0 0
3991 618323 66 0 0
3991 618341 70 0 0
3991 618498 97 0 0
3991 618525 102 0 0
3991 618536 105 0 0
3991 618542 106 0 0
3991 618545 106 0 0
3991 618549 107 0 0
3991 618556 107 0 0
3991 618560 108 0 0
3991 618574 111 0 0
3991 618576 111 0 0
3991 618578 112 0 0
3991 618583 113 0 0
3991 618591 116 0 0
3991 618599 116 0 0
3991 618612 117 0 0
3991 618628 121 0 0
3991 618636 122 0 0
3991 618660 125 0 0
3991 618699 130 0 0
3991 618714 131 0 0
3991 618720 132 0 0
3991 618744 136 0 0
3991 618769 142 0 0
3991 618832 155 0 0
3991 618858 160 0 0
3991 618868 161 0 0
3991 619203 229 0 0
3991 619326 245 0 0
3991 619340 247 0 0
3991 619370 250 0 0
3991 619447 263 0 0
3991 620467 441 0 0
3991 620730 487 0 0
3991 620772 496 0 0
3991 621790 687 0 0
3991 622424 821 0 0
3991 624825 1357 0 0
3991 625916 1477 0 0
3991 628713 1986 0 0
3991 629970 2208 0 0
3991 633094 3201 0 0
3991 641005 4333 0 0
3991 641818 4428 0 0
4067 622622 0 1695 0
627392 650203 4349 0 0
627402 638105 2037 0 0
627525 639738 2323 0 0
627525 640289 2406 0 0
627800 647730 0 578 0
627808 633523 1091 0 0
627808 646588 3436 0 0
627891 645976 827 0 0
4627 29542 0 946 0
627940 628818 161 0 0
627940 634124 1195 0 0
627940 644839 3105 0 0
627940 648069 3666 0 0
627940 649625 3962 0 0
4853 32391 4829 0 0
4853 238322 16 0 0
4937 29542 0 303 0
628286 630458 410 0 0
183093 626596 0 3828 0
5126 105651 1544 0 0
450372 626779 218 0 0
628725 635429 1324 0 0
5610 11694 0 374 0
5610 20669 0 334 0
5611 8112 3287 0 0
5611 31308 2189 0 0
5611 639814 2780 0 0
94738 242937 7 0 0
5774 624399 0 2130 0
94898 457506 164 0 0
94898 643720 653 0 0
5932 232209 0 117 0
451171 622622 0 1996 0
184091 631867 0 208 0
629421 639462 1947 0 0
273410 624399 0 2751 0
6305 647698 0 10 0
6307 647698 0 10 0
6315 647698 0 10 0
6319 647698 0 10 0
95361 184761 525 0 0
95361 649235 33 0 0
6329 647698 0 10 0
6343 647698 0 10 0
6359 647698 0 10 0
6399 8272 0 23 0
184510 647698 0 10 0
6611 29542 0 16 0
6611 158376 0 133 0
6667 340995 34 0 0
184848 624399 0 1203 0
6807 638319 436 0 0
6837 29542 0 693 0
6837 615511 0 367 0
630198 649082 3265 0 0
95995 501321 1189 0 0
630314 632163 356 0 0
630314 636479 1247 0 0
7083 622622 0 689 0
7135 29542 0 164 0
7206 615511 0 1236 0
630493 634059 701 0 0
630493 634301 759 0 0
363420 613742 0 4681 0
630612 650871 3684 0 0
96375 626596 0 3837 0
7361 276364 0 2430 0
7361 622622 0 1798 0
7361 624399 0 2271 0
7361 626596 0 1874 0
185582 190396 15 56 0
363969 621113 706 0 0
631386 631647 54 0 0
8112 26089 0 4266 0
8112 26183 0 342 0
8126 8345 97 0 0
8126 8347 97 0 0
8126 8349 97 0 0
8126 8351 97 0 0
8126 8353 97 0 0
8126 8355 97 0 0
8126 8361 97 0 0
8188 253600 0 41 0
364387 624399 0 42 0
631519 631996 93 0 0
8272 30792 105 0 0
631610 646919 3281 0 0
453612 646279 1153 0 0
8589 624399 0 129 0
631886 632023 25 0 0
631886 632043 29 0 0
631886 632284 83 0 0
631886 632624 148 0 0
631886 633572 346 0 0
631886 634063 447 0 0
631886 635055 654 0 0
631886 640540 1633 0 0
631886 644517 2307 0 0
631886 644566 2314 0 0
631886 646230 2616 0 0
631886 647372 2821 0 0
631886 647498 2849 0 0
631886 651078 3491 0 0
275748 276364 13 205 0
275748 624618 13 0 0
275748 624626 13 0 0
275748 624628 13 0 0
275748 637356 104 0 0
275748 637489 2720 0 0
275748 639206 419 0 0
275748 640552 612 0 0
275748 642303 904 0 0
275748 642389 920 0 0
632014 632019 0 0 0
632095 632286 42 0 0
632095 638913 1554 0 0
632095 650623 3612 0 0
632192 636252 849 0 0
632263 637658 1105 0 0
632263 641774 1759 0 0
8996 9071 253 0 0
276364 360014 1388 0 0
276364 620700 698 0 0
276364 623885 69 0 0
276364 624618 205 0 0
276364 624624 205 0 0
276364 624626 205 0 0
276364 624628 205 0 0
276364 625046 284 0 0
276364 626678 581 0 0
276364 626850 615 0 0
276364 626908 629 0 0
276364 628079 833 0 0
276364 629538 1090 0 0
276364 634500 2084 0 0
276364 637489 2912 0 0
276364 647200 4333 0 0
632562 633789 251 0 0
9438 26128 1192 0 0
9438 383624 1272 0 0
9438 633094 232 0 0
632730 652132 3514 0 0
187584 633791 2748 0 0
187584 640472 3984 0 0
632877 648869 2880 0 0
98837 621540 688 0 0
9846 622622 0 552 0
633209 633602 89 0 0
9950 611978 0 3072 0
277238 622622 0 1632 0
99194 174441 0 47 0
188426 622622 0 226 0
10370 620203 0 334 0
633837 634625 178 0 0
633837 635088 264 0 0
633837 636971 660 0 0
633837 638298 911 0 0
99833 629563 0 1939 0
188970 622622 0 4620 0
634385 639767 996 0 0
634530 646919 2637 0 0
634642 648211 0 33 0
11414 627979 1448 0 0
634706 635681 197 0 0
11464 20669 0 321 0
456867 627525 0 60 0
11694 319418 1957 0 0
11694 590602 139 0 0
11694 645131 674 0 0
11791 632298 432 0 0
100848 627940 0 3464 0
11999 386907 0 56 0
635393 650374 2641 0 0
635538 636163 129 0 0
101412 608156 0 646 0
101412 632095 0 132 0
457618 627525 0 897 0
101564 622622 0 2692 0
635949 651408 2723 0 0
636088 636534 80 0 0
13024 622622 0 164 0
636405 636826 97 0 0
102332 340995 79 0 0
636668 637227 109 0 0
636668 651336 2544 0 0
13412 622622 0 2311 0
13465 630493 0 493 0
191755 236582 1009 0 0
13723 647618 0 242 0
13872 118912 338 0 0
13872 484060 1038 0 0
13872 567314 154 0 0
13872 629345 67 0 0
13872 631595 492 0 0
637172 638461 250 0 0
102982 622115 639 0 0
637244 642617 873 0 0
14031 20669 0 66 0
281177 626596 0 2238 0
370305 622622 0 4002 0
14230 187584 0 2070 0
103311 641470 1179 0 0
14296 29542 0 1 0
14296 158376 0 1 0
192391 630314 0 2418 0
192391 646931 652 0 0
192399 634938 310 0 0
14380 615511 0 58 0
103426 626596 0 4643 0
637787 641261 537 0 0
103548 107891 244 0 0
14569 615511 0 71 0
637986 638269 51 0 0
637986 638344 65 0 0
637986 638980 156 0 0
637986 639411 247 0 0
637986 639483 235 0 0
637986 639956 301 0 0
637986 640993 457 0 0
637986 641025 463 0 0
637986 641139 479 0 0
637986 641276 503 0 0
637986 641386 521 0 0
637986 642387 694 0 0
637986 642728 751 0 0
637986 642933 788 0 0
637986 644423 1041 0 0
637986 644954 1142 0 0
637986 645041 1155 0 0
637986 645099 1165 0 0
637986 646976 1506 0 0
637986 647910 1653 0 0
637986 648458 1749 0 0
637986 648664 1786 0 0
637986 649439 1942 0 0
637986 649837 2018 0 0
637986 649862 2021 0 0
637986 649896 2028 0 0
637986 650090 2063 0 0
637986 650259 2095 0 0
637986 650755 2185 0 0
637986 651585 2344 0 0
637986 651810 2390 0 0
637986 651938 2408 0 0
192843 580500 0 500 0
638066 639996 290 0 0
638066 640082 302 0 0
638066 640103 307 0 0
638066 651985 2398 0 0
549058 645272 0 1035 0
14897 622622 0 186 0
638389 645216 1107 0 0
638402 643858 865 0 0
638444 639893 200 0 0
104268 622401 0 3921 0
104283 624399 0 382 0
193330 647698 0 391 0
104385 154616 2205 0 0
104385 606101 53 0 0
104385 618469 1034 0 0
104385 624169 3338 0 0
282468 620432 0 167 0
15369 647618 0 213 0
193467 631867 0 2341 0
15497 647618 0 224 0
15847 611978 0 1672 0
639301 639411 14 0 0
639301 639489 25 0 0
639301 640132 115 0 0
639301 641092 263 0 0
639301 641101 265 0 0
639301 644344 818 0 0
639301 644399 434 0 0
639301 649099 1656 0 0
639301 649173 1670 0 0
639301 651893 2191 0 0
639594 643670 667 0 0
639594 644719 852 0 0
639594 648349 1486 0 0
283473 608171 566 0 0
283473 625022 103 0 0
283473 626667 403 0 0
105505 627392 0 4349 0
639900 642191 367 0 0
639976 641613 258 0 0
16768 20669 0 163 0
16824 386907 0 1352 0
640173 649417 1606 0 0
106091 622622 0 529 0
640614 651683 1969 0 0
373686 624399 0 3008 0
284677 624399 0 4334 0
106696 630207 23 0 0
17669 18399 904 0 0
17669 19735 458 0 0
17669 79069 1236 0 0
17669 142724 932 0 0
17669 163541 532 0 0
17669 164633 205 0 0
195910 637986 0 1186 0
106894 626596 0 3051 0
641154 644521 578 0 0
641296 646620 932 0 0
18046 626596 0 1380 0
641584 643816 386 0 0
18305 253679 471 0 0
18305 389854 3324 0 0
18305 420697 3908 0 0
18305 601934 106 0 0
18305 618012 472 0 0
18305 626146 1972 0 0
18305 632663 3182 0 0
18305 641922 4892 0 0
641723 646165 776 0 0
641764 645020 562 0 0
463943 634277 3795 0 0
197205 608156 0 1748 0
642553 643158 101 0 0
642553 643476 157 0 0
642553 644393 311 0 0
642553 646573 704 0 0
286517 622622 0 2025 0
286576 651053 3197 0 0
642816 645645 22 0 0
19550 97398 920 0 0
197634 626596 0 186 0
642952 651867 1616 0 0
19691 21055 0 1571 0
19691 26183 0 2434 0
643017 648880 1031 0 0
643098 650619 1349 0 0
375977 650881 360 0 0
108859 276364 0 452 0
643220 643383 28 0 0
643314 646582 0 343 0
643571 645908 254 0 0
20499 615511 0 284 0
643890 644080 34 0 0
20669 37023 149 0 0
20669 93393 62 0 0
20669 128535 97 0 0
20669 137144 121 0 0
20669 165918 326 0 0
20669 253169 406 0 0
20669 338430 48 0 0
20669 351238 416 0 0
20669 355020 261 0 0
20669 382681 7 0 0
20669 466129 160 0 0
20669 484414 247 0 0
20669 484497 356 0 0
20669 579331 102 0 0
20669 604844 360 0 0
20669 607507 240 0 0
20669 650526 42 0 0
20669 650545 45 0 0
20669 650549 46 0 0
20669 650730 76 0 0
20669 650761 80 0 0
20669 650903 102 0 0
20669 651011 123 0 0
20669 651044 132 0 0
20669 651510 218 0 0
20669 651562 233 0 0
20669 651627 248 0 0
20669 651975 307 0 0
20669 652146 334 0 0
20669 652156 336 0 0
20669 652259 355 0 0
20669 652433 389 0 0
20669 652557 414 0 0
20669 652598 424 0 0
20712 103548 0 209 0
555073 561742 0 1001 0
109879 200253 0 867 0
110029 614412 70 0 0
199080 644131 0 1424 0
21055 27542 13 0 0
644605 644642 11 0 0
644762 644822 13 0 0
110518 624399 0 2486 0
644790 646159 242 0 0
21551 623179 0 4950 0
110719 631000 87 0 0
645026 645901 150 0 0
645534 647268 317 0 0
22288 62717 1397 0 0
22288 478753 915 0 0
22288 645502 524 0 0
22288 645806 579 0 0
645780 646734 179 0 0
645805 647147 252 0 0
22539 627316 0 627 0
111658 261125 0 1364 0
645945 646402 89 0 0
646119 646279 33 0 0
646119 651362 953 0 0
646119 652019 1078 0 0
22881 635370 182 0 0
22907 99380 0 1558 0
112118 626596 0 2983 0
646600 648670 354 0 0
379880 645805 0 282 0
113197 227545 0 1969 0
647448 649224 307 0 0
202361 207734 2274 0 0
202361 208507 3039 0 0
647668 648589 140 0 0
647698 647744 10 0 0
647698 647748 10 0 0
647698 647756 10 0 0
647698 647764 10 0 0
647698 647766 10 0 0
647698 647768 10 0 0
647698 647770 10 0 0
647698 647772 10 0 0
647698 647776 10 0 0
647698 647780 10 0 0
647698 647786 10 0 0
647698 647792 10 0 0
647698 647794 10 0 0
647698 647796 10 0 0
647698 647798 10 0 0
647698 647800 10 0 0
647698 647804 10 0 0
647698 647806 10 0 0
647698 647808 10 0 0
647698 647810 10 0 0
647698 647812 10 0 0
647698 647816 10 0 0
647698 647818 10 0 0
647698 647822 10 0 0
647698 647830 10 0 0
647698 647834 10 0 0
647698 647836 10 0 0
647698 647838 10 0 0
647698 647840 10 0 0
647698 647842 10 0 0
647698 647844 10 0 0
647698 647846 10 0 0
647698 647848 10 0 0
647698 647850 10 0 0
647698 647852 10 0 0
647698 647854 10 0 0
647698 647856 10 0 0
647698 647858 10 0 0
647698 647860 10 0 0
647698 647862 10 0 0
647698 647864 10 0 0
647698 647870 10 0 0
647698 647872 10 0 0
647698 647874 10 0 0
647698 647876 10 0 0
647698 647880 10 0 0
647698 647882 10 0 0
647698 647888 10 0 0
647698 650777 549 0 0
647698 650972 582 0 0
647698 651074 603 0 0
647730 647970 18 0 0
647730 648007 26 0 0
647730 648373 88 0 0
647730 648435 98 0 0
647730 649077 215 0 0
647730 649185 239 0 0
647730 649879 378 0 0
647730 652041 778 0 0
24539 163441 287 0 0
647902 647903 0 26 0
113664 646346 0 441 0
113690 626596 0 4185 0
24880 30792 300 0 0
24880 628320 11 0 0
648211 650302 398 0 0
648211 650354 407 0 0
648211 651865 688 0 0
559415 622276 0 2927 0
114626 622622 0 1558 0
292717 626596 0 3995 0
648948 650062 382 0 0
470877 626596 0 61 0
114746 622622 0 1596 0
25825 647618 0 212 0
115022 163706 584 0 0
560232 626596 0 1890 0
26089 594697 2839 0 0
26183 31308 760 0 0
26183 609687 162 0 0
26183 629061 2044 0 0
560440 626596 0 3354 0
26316 622622 0 272 0
649887 650480 115 0 0
115651 622622 0 3166 0
649913 650316 77 0 0
649927 652148 405 0 0
650127 651095 0 106 0
116358 622622 0 200 0
650686 650888 31 0 0
650686 652497 334 0 0
650707 651327 111 0 0
116616 191034 2136 0 0
116616 626048 1145 0 0
116616 626701 1264 0 0
116616 630309 1920 0 0
116616 650018 5517 0 0
472859 636174 1328 0 0
651057 651252 36 0 0
295051 648791 0 310 0
28254 635299 0 956 0
651665 651969 52 0 0
651665 652423 134 0 0
117438 190909 0 1956 0
295582 624399 0 231 0
117718 141529 0 360 0
117718 624399 0 1352 0
206948 275748 0 892 0
206948 276364 0 1084 0
117911 631208 542 0 0
28895 646104 219 0 0
29023 650947 0 2806 0
385447 622401 0 316 0
29326 39580 106 0 0
29326 56605 193 0 0
29326 157870 147 0 0
29326 204448 30 0 0
29326 384364 101 0 0
29326 624165 134 0 0
29326 627517 689 0 0
29326 630833 1303 0 0
29326 643442 3621 0 0
29326 644640 3828 0 0
207474 622622 0 4008 0
296548 622622 0 4216 0
296653 608156 0 737 0
29542 36507 50 0 0
29542 340995 53 0 0
29542 480704 47 0 0
29542 634359 3112 0 0
297018 641133 169 0 0
119029 622622 0 2162 0
119114 616152 193 0 0
30511 646119 0 443 0
30584 626596 0 2228 0
386907 474167 320 0 0
386907 546566 2777 0 0
386907 591047 35 0 0
386907 635740 174 0 0
386907 635803 184 0 0
386907 635925 207 0 0
386907 637400 513 0 0
386907 639153 810 0 0
386907 639917 920 0 0
386907 640565 1016 0 0
386907 641413 1153 0 0
386907 641980 1253 0 0
386907 645970 1945 0 0
386907 646470 2039 0 0
386907 648958 2472 0 0
386907 651844 3022 0 0
209061 622622 0 333 0
120069 622622 0 2376 0
209779 622578 32 0 0
209779 624178 5 0 0
121014 624399 0 151 0
299219 384340 916 0 0
121346 282468 93 0 0
210598 626596 0 3105 0
388855 627525 0 608 0
388855 639594 0 1049 0
121936 626596 0 86 0
211142 622622 0 131 0
300315 631248 554 0 0
123475 282468 95 0 0
123475 621458 346 0 0
123475 642310 4221 0 0
123747 622622 0 255 0
36040 647618 0 196 0
125378 180900 0 64 0
125378 268339 0 72 0
125378 617489 0 44 0
125378 621298 0 665 0
125378 627316 0 198 0
125378 633669 0 19 0
125378 636487 0 84 0
125378 646346 0 706 0
36350 634600 24 0 0
36350 638066 0 139 0
303506 624820 0 11 0
303577 622622 0 1411 0
36609 621593 0 1769 0
36675 639410 0 142 0
214950 624399 0 1052 0
125977 627224 1403 0 0
37100 386907 0 2501 0
393743 621593 0 1 0
37655 116873 1649 0 0
37705 622622 0 273 0
37725 225999 0 147 0
38155 652441 1503 0 0
216677 622622 0 4650 0
394934 626596 0 668 0
484238 641764 0 398 0
39156 67905 0 2827 0
484746 611978 0 3108 0
129227 618424 526 0 0
485460 633934 23 0 0
40273 180929 0 2759 0
129460 135548 57 0 0
129460 631498 231 0 0
574981 647698 0 10 0
307953 637986 0 1996 0
218975 507731 174 0 0
40937 632385 0 2521 0
41006 119520 188 0 0
41006 635001 9 0 0
41006 635034 16 0 0
41006 635072 21 0 0
41006 636901 405 0 0
41006 642127 1263 0 0
41006 644705 1708 0 0
130176 335804 0 2762 0
308654 647698 0 10 0
130909 646119 0 1035 0
131386 636088 0 83 0
487583 636153 0 1896 0
42703 624399 0 3279 0
42982 139465 0 45 0
42982 260418 0 147 0
42982 629675 0 22 0
221277 335804 0 53 0
132659 608156 0 2009 0
488833 621741 0 730 0
488833 624399 0 316 0
578050 640928 471 0 0
401283 622622 0 330 0
46250 135637 0 189 0
46250 218975 0 1255 0
46250 620620 0 147 0
580500 588713 1866 0 0
46405 626720 1455 0 0
224577 647698 0 862 0
135637 620889 101 0 0
135787 136153 27 0 0
135787 137903 101 0 0
581115 634385 0 103 0
225174 626596 0 4210 0
403326 622622 0 588 0
581495 622622 0 62 0
225558 622622 0 2201 0
225999 646119 0 24 0
47930 499276 0 378 0
48103 626596 0 2884 0
137372 622622 0 254 0
226413 649486 1031 0 0
48390 615560 311 0 0
226557 626596 0 955 0
493872 635509 493 0 0
137959 622622 0 24 0
316322 626596 0 3986 0
227388 622622 0 209 0
227504 463943 0 23 0
227545 388855 3195 0 0
227545 389048 4802 0 0
227545 408473 1709 0 0
227545 456867 1700 0 0
227545 458176 3931 0 0
227545 486214 2168 0 0
227545 487727 1573 0 0
227545 579307 749 0 0
227545 623153 781 0 0
227545 627525 0 25 0
227545 627808 0 60 0
227545 628674 1805 0 0
227545 629838 2010 0 0
227545 630523 3147 0 0
227545 639594 0 638 0
227545 645430 4873 0 0
405925 624399 0 1583 0
228158 398101 0 17 0
584901 634624 0 50 0
229046 622622 0 1930 0
140062 636325 0 702 0
51434 624399 0 73 0
51822 174441 0 116 0
51911 622538 53 0 0
51946 647618 0 233 0
141529 142634 1295 0 0
141529 184848 1346 0 0
141529 405925 1659 0 0
141529 624964 210 0 0
141529 625012 216 0 0
141529 627577 911 0 0
141529 630653 1251 0 0
141529 633212 1744 0 0
230929 386907 0 413 0
141919 493872 0 0 0
231470 626596 0 2909 0
233267 635567 7 0 0
322409 622622 0 93 0
55316 626596 0 4373 0
589756 650488 3046 0 0
411936 622622 0 2713 0
55828 615511 0 146 0
590145 635692 0 226 0
234003 637139 2765 0 0
56185 99813 302 0 0
56185 626730 335 0 0
146174 161773 36 0 0
146249 631886 0 2512 0
592084 622622 0 1741 0
592084 624399 0 1382 0
58603 622622 0 488 0
147716 627940 0 190 0
326327 614909 62 0 0
326327 619742 968 0 0
593759 593797 6 0 0
593759 593801 6 0 0
593759 646208 78 0 0
593759 646217 79 0 0
593759 646678 165 0 0
593759 648283 433 0 0
593759 649178 597 0 0
59627 68570 0 38 0
594691 624399 0 4026 0
327664 367047 24 0 0
60774 615511 0 95 0
60818 624399 0 4729 0
595195 624399 0 2779 0
150117 346541 0 750 0
506418 622622 0 137 0
239667 646069 500 0 0
151053 646119 0 723 0
62137 187584 0 725 0
151319 626596 0 1247 0
151409 632819 894 0 0
330122 621148 18 0 0
330122 638428 3367 0 0
63120 626596 0 656 0
152645 626596 0 71 0
419810 624399 0 228 0
153036 626596 0 2130 0
153495 622622 0 1391 0
420697 626596 0 1796 0
64817 649042 0 193 0
242937 563250 215 0 0
65334 95361 0 130 0
65364 225271 0 32 0
65391 242937 0 125 0
243598 430571 107 0 0
65597 225271 0 153 0
600217 608156 0 147 0
66412 613749 0 4729 0
66701 637830 0 64 0
66703 637830 0 64 0
66705 637830 0 64 0
66707 637830 0 64 0
66709 637830 0 64 0
66711 637830 0 64 0
66713 637830 0 64 0
66715 637830 0 64 0
66717 637830 0 64 0
66719 637830 0 64 0
66721 637830 0 64 0
66723 637830 0 64 0
66725 637830 0 64 0
66727 637830 0 64 0
66755 646194 200 0 0
245157 622622 0 1306 0
334257 633837 0 253 0
67237 616041 0 4156 0
334451 340995 1412 0 0
156605 622622 0 1820 0
67615 298975 39 0 0
245768 626596 0 624 0
67905 228071 5511 0 0
67905 625399 1859 0 0
67905 631577 3182 0 0
68020 187584 0 2350 0
602312 614134 0 33 0
335260 624399 0 1173 0
246312 252316 0 164 0
68420 631647 314 0 0
513670 626596 0 2961 0
68570 70874 1721 0 0
68570 164045 637 0 0
68570 184761 3664 0 0
68570 228158 1750 0 0
602952 614489 0 1302 0
602952 636970 0 2312 0
602952 648553 0 363 0
157810 647698 0 10 0
157814 647698 0 10 0
157820 647698 0 10 0
157822 647698 0 10 0
157832 647698 0 10 0
157834 647698 0 10 0
157836 647698 0 10 0
157838 647698 0 10 0
157840 647698 0 10 0
157852 647698 0 10 0
424979 481148 1346 0 0
424979 626432 347 0 0
68857 276364 0 393 0
157926 631646 0 547 0
69143 360597 0 94 0
603398 647618 0 176 0
69156 647698 0 10 0
158376 480704 134 0 0
603774 647698 0 10 0
603821 647698 0 10 0
336847 564201 0 156 0
70221 622622 0 4020 0
70632 93901 643 0 0
159868 276364 0 495 0
159993 626596 0 121 0
249038 629292 922 0 0
249038 633112 1659 0 0
71258 624399 0 2344 0
427613 624399 0 515 0
160656 633209 0 267 0
160664 275748 0 2522 0
71645 616988 117 0 0
249748 457324 0 269 0
249748 533040 0 58 0
249748 631401 0 39 0
249748 639268 0 10 0
606009 645534 0 275 0
250399 275748 0 405 0
72331 174441 0 1147 0
72588 625992 781 0 0
339899 612083 31 0 0
340000 622622 0 142 0
162024 608156 0 646 0
162077 624399 0 17 0
73153 627316 0 95 0
73387 104385 0 521 0
162538 622622 0 3977 0
340995 611978 0 50 0
340995 619515 0 77 0
340995 619572 0 74 0
340995 623450 0 4366 0
340995 636675 0 1814 0
340995 636858 0 1774 0
340995 637588 0 1480 0
340995 637605 0 57 0
340995 638469 0 42 0
340995 638495 0 39 0
608156 611357 1301 0 0
608156 642274 603 0 0
608156 644920 1065 0 0
608156 645848 1222 0 0
608156 646490 1354 0 0
608156 648107 1621 0 0
608589 628725 0 64 0
74482 378034 2013 0 0
252667 622622 0 4150 0
341880 624399 0 139 0
164232 636911 0 77 0
164234 636911 0 77 0
164236 636911 0 77 0
164239 636911 0 77 0
164241 636911 0 77 0
164245 636911 0 77 0
164249 636911 0 77 0
164251 636911 0 77 0
75275 633512 0 462 0
253432 633747 0 457 0
609687 622005 143 0 0
609687 622564 252 0 0
609687 647728 4879 0 0
342685 624399 0 289 0
75639 608156 0 1622 0
165075 647698 0 10 0
610431 636676 1223 0 0
611199 626596 0 3202 0
77214 623048 1279 0 0
77280 386907 0 394 0
611978 619855 28 0 0
611978 620635 165 0 0
611978 621758 372 0 0
611978 624932 996 0 0
611978 627116 1399 0 0
611978 631085 2115 0 0
611978 636859 3347 0 0
611978 640689 3924 0 0
611978 640863 3954 0 0
611978 641713 4092 0 0
611978 641787 4110 0 0
611978 651055 5755 0 0
166961 633967 0 820 0
434491 647698 0 10 0
434509 626596 0 500 0
78509 632095 0 1259 0
78527 622622 0 415 0
256661 399069 0 787 0
256737 258282 302 0 0
256737 260806 576 0 0
256737 635265 68 0 0
256737 636123 244 0 0
256737 636634 360 0 0
256737 636964 424 0 0
256737 637208 471 0 0
256737 637428 511 0 0
256737 637473 518 0 0
256737 637601 545 0 0
256737 637617 547 0 0
256737 637797 584 0 0
256737 637857 593 0 0
256737 637868 594 0 0
256737 638998 777 0 0
256737 639149 801 0 0
78742 626596 0 79 0
167852 622622 0 2765 0
257700 463943 0 1033 0
614411 638868 174 0 0
614411 640997 490 0 0
80231 624399 0 1597 0
614485 614498 0 1 0
614776 616363 269 0 0
436835 636377 102 0 0
614929 625475 1983 0 0
614929 652474 6912 0 0
614989 615175 40 0 0
615243 627808 0 1081 0
615423 622578 1344 0 0
615511 618905 653 0 0
615511 623756 1561 0 0
259414 643220 0 22 0
170428 626596 0 73 0
615863 616060 162 0 0
616246 619829 702 0 0
616246 621129 929 0 0
616576 648824 5951 0 0
616576 648999 5980 0 0
616576 649975 6173 0 0
616576 650847 6325 0 0
616576 651726 6503 0 0
616576 652328 6606 0 0
82416 622622 0 1809 0
260562 622622 0 1687 0
616988 618460 297 0 0
616988 621439 830 0 0
617019 618467 290 0 0
617019 620358 617 0 0
171895 622622 0 3995 0
617239 624202 1313 0 0
439307 621298 0 935 0
617454 628632 2070 0 0
617454 633838 3076 0 0
617454 641822 4530 0 0
617454 643462 4806 0 0
172367 626596 0 1674 0
617686 623487 1072 0 0
618138 624269 1137 0 0
618138 640937 825 0 0
618401 622622 0 1611 0
618426 618756 54 0 0
618795 619166 77 0 0
84620 622622 0 1711 0
619127 623974 908 0 0
619138 619582 70 0 0
619138 632730 0 1482 0
85225 647072 0 691 0
174266 190396 0 1379 0
174385 626596 0 2041 0
619739 650399 5632 0 0
85504 99637 327 0 0
85577 103723 0 50 0
85601 275748 0 13 0
85601 276364 0 205 0
263780 626596 0 256 0
85792 223741 1282 0 0
85792 649818 3723 0 0
620203 620889 67 0 0
620203 636252 3018 0 0
264188 622622 0 122 0
620432 644799 4505 0 0
531450 622622 0 970 0
620620 620889 45 0 0
620662 622622 0 66 0
175533 622622 0 4535 0
620971 627682 1269 0 0
621158 647698 0 172 0
265051 615073 3777 0 0
621225 634126 2461 0 0
621225 634128 2461 0 0
621225 634130 2461 0 0
621225 634133 2462 0 0
621298 624979 714 0 0
621298 627603 1190 0 0
621593 621594 1 0 0
621593 621596 1 0 0
621593 621598 1 0 0
621780 647287 4699 0 0
176599 626596 0 2957 0
621806 625757 760 0 0
621857 640192 3457 0 0
87632 624399 0 1569 0
87691 203167 246 0 0
87691 431511 779 0 0
87691 643108 44 0 0
87691 643132 48 0 0
87691 643177 58 0 0
87691 643370 92 0 0
87691 643529 118 0 0
87691 643839 170 0 0
87691 643974 197 0 0
87691 644106 219 0 0
87691 644352 257 0 0
87691 644448 276 0 0
87691 644952 370 0 0
87691 645346 432 0 0
87691 645505 459 0 0
87691 645818 517 0 0
87691 646008 552 0 0
87691 646085 565 0 0
87691 646294 604 0 0
87691 646841 711 0 0
87691 647031 746 0 0
87691 647275 784 0 0
87691 647342 796 0 0
87691 647438 816 0 0
87691 647898 880 0 0
87691 648139 924 0 0
87691 648336 958 0 0
87691 648523 989 0 0
87691 649169 1107 0 0
87691 650055 1286 0 0
87691 650509 1373 0 0
87691 650522 1375 0 0
87691 651112 1480 0 0
87691 651267 1505 0 0
87691 652388 1717 0 0
87744 622622 0 96 0
443928 642553 146 0 0
443928 645335 373 0 0
622011 622590 112 0 0
622011 623959 384 0 0
622011 626233 805 0 0
87773 394667 0 8 0
87773 467943 0 198 0
622098 645310 4296 0 0
622160 639036 3222 0 0
266065 622622 0 1220 0
88024 104385 0 3004 0
88024 632095 0 224 0
622270 623586 165 0 0
622270 624174 289 523 0
622270 627428 0 329 0
622276 623863 312 0 0
622276 626326 772 0 0
622276 628532 1160 0 0
622276 628806 1212 0 0
622276 634230 2272 0 0
622276 636097 2652 0 0
622365 624399 0 239 0
622401 622673 46 0 0
533381 615511 0 545 0
622622 622910 56 0 0
622622 623812 236 0 0
622622 623865 250 0 0
622622 624565 380 0 0
622622 624751 21 0 0
622622 624801 32 0 0
622622 624987 63 0 0
622622 625014 68 0 0
622622 625044 74 0 0
622622 625053 75 0 0
622622 625055 76 0 0
622622 625093 82 0 0
622622 625119 88 0 0
622622 625153 93 0 0
622622 625183 98 0 0
622622 625242 106 0 0
622622 625258 108 0 0
622622 625373 133 0 0
622622 625379 134 0 0
622622 626235 292 0 0
622622 626278 360 0 0
622622 627092 20 0 0
622622 627133 28 0 0
622622 627183 35 0 0
622622 627228 40 0 0
622622 627318 56 0 0
622622 627374 65 0 0
622622 627557 96 0 0
622622 627559 96 0 0
622622 627596 103 0 0
622622 627613 105 0 0
622622 627731 123 0 0
622622 627756 128 0 0
622622 627764 129 0 0
622622 627823 138 0 0
622622 627837 141 0 0
622622 627865 148 0 0
622622 628000 172 0 0
622622 628266 215 0 0
622622 628334 227 0 0
622622 628419 244 0 0
622622 628435 247 0 0
622622 628609 281 0 0
622622 628905 333 0 0
622622 629022 355 0 0
622622 629185 381 0 0
622622 629274 398 0 0
622622 629282 401 0 0
622622 629411 426 0 0
622622 629433 429 0 0
622622 629960 523 0 0
622622 630414 619 0 0
622622 630948 719 0 0
622622 631208 781 0 0
622622 631408 800 0 0
622622 631577 1069 0 0
622622 632195 961 0 0
622622 632541 1024 0 0
622622 632549 1026 0 0
622622 633387 1198 0 0
622622 633425 2035 0 0
622622 633502 1222 0 0
622622 633714 1268 0 0
622622 633835 1290 0 0
622622 633930 1312 0 0
622622 634002 1328 0 0
622622 634028 1334 0 0
622622 634199 1368 0 0
622622 634217 1377 0 0
622622 634602 1463 0 0
622622 634631 1467 0 0
622622 635100 1557 0 0
622622 635168 1598 0 0
622622 635213 1585 0 0
622622 635336 1608 0 0
622622 635485 1638 0 0
622622 635558 1663 0 0
622622 635766 1693 0 0
622622 636230 1790 0 0
622622 636308 1807 0 0
622622 636621 3651 0 0
622622 637362 2022 0 0
622622 637777 2103 0 0
622622 638442 2241 0 0
622622 638529 2246 0 0
622622 638671 2264 0 0
622622 638765 2277 0 0
622622 640073 2458 0 0
622622 640363 2501 0 0
622622 641860 2752 0 0
622622 641918 2760 0 0
622622 642412 2841 0 0
622622 643325 2998 0 0
622622 644478 3193 0 0
622622 644638 3224 0 0
622622 644899 3273 0 0
622622 644940 3281 0 0
622622 645409 3357 0 0
622622 645457 3365 0 0
622622 646886 3632 0 0
622622 647180 3686 0 0
622622 647920 3796 0 0
622622 648822 3964 0 0
622622 648991 3992 0 0
622622 649091 4007 0 0
622622 649131 4016 0 0
622622 649518 4100 0 0
622622 650278 4241 0 0
622622 650678 4315 0 0
266609 622622 0 307 0
622973 627090 781 0 0
622973 630597 1419 0 0
623092 634194 2110 0 0
445076 622622 0 2189 0
356117 626596 0 481 0
