1 1 100 3.66107
2 2 100 551.413
3 3 100 554.976
4 4 100 626.217
5 5 100 639.482
6 6 100 649.945
7 7 100 1408.18
8 8 100 1412.84
9 9 100 1453.33
10 10 100 1481.87
11 11 100 1483.26
12 12 100 1498.52
13 13 100 1508.52
14 14 100 1558.59
15 15 100 1561.67
16 16 100 1562.67
17 17 100 1573.09
18 18 100 1575.46
19 19 100 1614.15
20 20 100 1621.93
21 21 100 1717.37
22 22 100 1721.64
23 23 100 1731.97
24 24 100 1735.45
25 25 100 1740.74
26 26 100 1742.33
27 27 100 1743.78
28 28 100 1745.47
29 29 100 1748.19
30 30 100 1750.91
31 31 100 1756.32
32 32 100 1776.94
33 33 100 2220.67
34 34 100 2223.51
35 35 100 2225.25
36 36 100 2226.25
37 37 100 2261.27
38 38 100 2273.18
39 39 100 2274.7
40 40 100 2278.87
41 41 100 2281.06
42 42 100 2283.4
43 43 100 2286.8
44 44 100 2289.91
45 45 100 2292.32
46 46 100 2293.32
47 47 100 2300.12
48 48 100 2302.06
49 49 100 2304.9
50 50 100 2309.46
