1 1 100 185.307
2 2 100 192.548
3 3 100 194.357
4 4 100 220.005
5 5 100 223.948
6 6 100 227.523
7 7 100 230.454
8 8 100 242.48
9 9 100 245.319
10 10 100 254.964
11 11 100 260.655
12 12 100 266.805
13 13 100 272.22
14 14 100 277.267
15 15 100 282.313
16 16 100 286.716
17 17 100 288.711
18 18 100 293.022
19 19 100 294.998
20 20 100 298.941
21 21 100 302.332
22 22 100 305.723
23 23 100 308.839
24 24 100 312.414
25 25 100 315.346
26 26 100 318.185
27 27 100 321.024
28 28 100 323.864
29 29 100 326.703
30 30 100 328.439
31 31 100 329.561
32 32 100 331.225
33 33 100 332.63
34 34 100 335.102
35 35 100 337.574
36 36 100 339.677
37 37 100 341.781
38 38 100 343.885
39 39 100 345.712
40 40 100 347.816
41 41 100 349.92
42 42 100 352.023
43 43 100 353.851
44 44 100 355.955
45 45 100 357.691
46 46 100 359.426
47 47 100 361.162
48 48 100 362.611
49 49 100 364.071
50 50 100 365.807
