1 1 100 34.3078
2 2 100 62.3528
3 3 100 100.141
4 4 100 124.795
5 5 100 128.48
6 6 100 131.936
7 7 100 133.843
8 8 100 135.417
9 9 100 148.293
10 10 100 160.115
11 11 100 171.783
12 12 100 173.531
13 13 100 175.634
14 14 100 177.041
15 15 100 184.724
16 16 100 194.001
17 17 100 201.991
18 18 100 209.704
19 19 100 216.692
20 20 100 219.091
21 21 100 225.61
22 22 100 231.208
23 23 100 236.806
24 24 100 242.589
25 25 100 247.451
26 26 100 252.222
27 27 100 257.269
28 28 100 261.396
29 29 100 266.075
30 30 100 268.095
31 31 100 271.854
32 32 100 274.326
33 33 100 277.901
34 34 100 281.476
35 35 100 284.775
36 36 100 288.075
37 37 100 291.466
38 38 100 293.95
39 39 100 296.139
40 40 100 299.715
41 41 100 303.29
42 42 100 306.865
43 43 100 310.073
44 44 100 313.28
45 45 100 316.487
46 46 100 319.695
47 47 100 322.902
48 48 100 325.741
49 49 100 328.581
50 50 100 331.42
