1 1 100 2287.06
2 2 100 2400.58
3 3 100 2444.35
4 4 100 2483.61
5 5 100 2499.69
6 6 100 2512.78
7 7 100 2525.19
8 8 100 2534.56
9 9 100 2544.04
10 10 100 2550.56
11 11 100 2556.53
12 12 100 2562.4
13 13 100 2567.86
14 14 100 2573.69
15 15 100 2578.55
16 16 100 2582.65
17 17 100 2587.24
18 18 100 2591.12
19 19 100 2595.8
20 20 100 2599.74
21 21 100 2603.8
22 22 100 2608.11
23 23 100 2612.05
24 24 100 2616
25 25 100 2619.94
26 26 100 2623.7
27 27 100 2628.13
28 28 100 2631.52
29 29 100 2634.09
30 30 100 2637.3
31 31 100 2639.62
32 32 100 2641.76
33 33 100 2643.84
34 34 100 2647.41
35 35 100 2651.23
36 36 100 2654.43
37 37 100 2657.64
38 38 100 2660.6
39 39 100 2663.81
40 40 100 2667.02
41 41 100 2669.86
42 42 100 2672.52
43 43 100 2675.35
44 44 100 2678.19
45 45 100 2681.03
46 46 100 2683.51
47 47 100 2686.08
48 48 100 2687.86
49 49 100 2688.77
50 50 100 2691.24
