1 1 100 2674.59
2 2 100 3157.92
3 3 100 3658.25
4 4 100 3829.26
5 5 100 3928.84
6 6 100 4050.54
7 7 100 4104.51
8 8 100 4144.81
9 9 100 4166.22
10 10 100 4175.15
11 11 100 4220.13
12 12 100 4235.01
13 13 100 4242.21
14 14 100 4247.85
15 15 100 4265.68
16 16 100 4280.5
17 17 100 4286.58
18 18 100 4343.86
19 19 100 4390.68
20 20 100 4391.76
21 21 100 4396.63
22 22 100 4404.15
23 23 100 4407.9
24 24 100 5258.95
25 25 100 5259.86
26 26 100 5264.94
27 27 100 5317.11
28 28 100 5319.95
29 29 100 5324.63
30 30 100 5327.95
31 31 100 5332.34
32 32 100 5333.91
33 33 100 5336.97
34 34 100 5340.16
35 35 100 5362.21
36 36 100 5363.25
37 37 100 5365.28
38 38 100 5366.94
39 39 100 5369.78
40 40 100 5371.57
41 41 100 5374.59
42 42 100 5376.41
43 43 100 5397.45
44 44 100 5400.04
45 45 100 5403.34
46 46 100 5405.85
47 47 100 5410.93
48 48 100 5420.71
49 49 100 5424.66
50 50 100 5427.29
