1 1 100 1
2 2 100 2
3 3 100 3.36788
4 4 100 5.10364
5 5 100 6.8394
6 6 100 7.8394
7 7 100 8.93137
8 8 100 9.94608
9 9 100 83.6408
10 10 100 84.6408
11 11 100 85.6408
12 12 100 91.6072
13 13 100 5704.15
14 14 100 5705.52
15 15 100 5706.89
16 16 100 5708.63
17 17 100 5709.63
18 18 100 5710.63
19 19 100 5711.7
20 20 100 5712.87
21 21 100 5751.81
22 22 100 5753.55
23 23 100 5754.92
24 24 100 5755.92
25 25 100 5769.04
26 26 100 5770.41
27 27 100 5771.77
28 28 100 5772.81
29 29 100 5774.18
30 30 100 5775.56
31 31 100 5776.92
32 32 100 5782.75
33 33 100 5783.76
34 34 100 5784.76
35 35 100 5786.13
36 36 100 5787.13
37 37 100 5788.5
38 38 100 5791.24
39 39 100 5792.43
40 40 100 5793.79
41 41 100 5795.58
42 42 100 5796.63
43 43 100 5797.99
44 44 100 5799.37
45 45 100 5802.55
46 46 100 5804
47 47 100 5805.37
48 48 100 5806.37
49 49 100 5807.73
50 50 100 5809.47
