8 26156 6 0 0
8 30992 70 0 0
8 273569 154 0 0
8 459106 778 0 0
8 510168 1465 0 0
8 551854 943 0 0
8 552063 1018 0 0
8 556331 2792 0 0
34 549058 0 17 0
34 557161 0 31 0
168 558672 31 0 0
168 559032 97 0 0
168 559321 253 0 0
168 559422 305 0 0
168 559429 308 0 0
168 559436 311 0 0
168 559668 444 0 0
168 559965 599 0 0
168 560019 633 0 0
379 47180 0 797 0
89438 312849 1295 0 0
89438 548129 40 0 0
981 17930 272 0 0
2229 31731 0 1477 0
2518 20595 16 0 0
2577 19785 0 564 0
2577 209912 0 797 0
2577 557146 0 272 0
536862 545045 58 0 0
2695 557364 777 0 0
448110 556226 591 0 0
3574 410648 0 337 0
3683 553457 0 57 0
3712 51873 0 128 0
538861 547006 20 0 0
5534 544972 229 0 0
184094 347464 0 2825 0
6846 511789 0 2684 0
8485 347464 0 4349 0
8660 8661 0 104 0
8661 277260 78 0 0
543232 559807 7074 0 0
98647 559391 0 293 0
543883 547175 1355 0 0
9681 22799 0 2317 0
544186 545112 388 0 0
544210 544399 217 0 0
544210 544731 207 0 0
544211 544791 398 0 0
544243 547537 1380 0 0
544430 554851 4109 0 0
544477 545964 32 0 0
544537 546879 1052 0 0
544589 545586 0 79 0
544696 545131 185 0 0
545024 549964 1914 0 0
545038 546226 478 0 0
545086 545110 13 0 0
545086 545350 110 0 0
545245 549275 1329 0 0
545571 546016 175 0 0
189538 545725 768 0 0
189538 549433 1264 0 0
189538 551711 2147 0 0
189538 554662 3302 0 0
189538 556526 4159 0 0
189538 556847 4318 0 0
11505 53196 0 2286 0
546064 550183 1585 0 0
546158 546389 86 0 0
546393 546861 200 0 0
546393 552553 2362 0 0
546393 553971 2941 0 0
546505 546538 16 0 0
546505 546542 18 0 0
546505 546630 54 0 0
546505 547142 268 0 0
546505 547170 278 0 0
546505 547217 301 0 0
546505 547790 561 0 0
12270 558997 0 207 0
546568 546569 0 108 0
546630 546663 0 181 0
12565 552283 0 2906 0
546932 547259 146 0 0
12986 56104 0 2137 0
547444 549312 674 0 0
547444 552736 1973 0 0
13388 546393 0 1236 0
547695 547803 42 0 0
547899 552908 0 193 0
13769 22799 0 4694 0
13916 22799 0 586 0
14227 410648 0 3518 0
14227 517422 0 2126 0
548514 549651 363 0 0
548925 549730 257 0 0
548926 548996 33 0 0
459920 546393 0 1940 0
549268 549823 186 0 0
549337 549624 103 0 0
371336 559574 1558 0 0
550360 551911 617 0 0
550638 550917 94 0 0
550638 551100 161 0 0
550638 551315 259 0 0
550638 553194 997 0 0
550638 553898 1281 0 0
550638 553969 1313 0 0
550638 554579 1552 0 0
550638 556351 2351 0 0
550638 557156 2775 0 0
550638 559251 3888 0 0
550638 559309 3919 0 0
551025 551035 1 0 0
551083 557633 0 768 0
16989 17075 721 0 0
16989 552499 90 0 0
16989 558586 2943 0 0
551375 551388 5 0 0
551494 551581 35 0 0
551494 552174 264 0 0
551494 552189 271 0 0
551494 552201 275 0 0
551494 552402 337 0 0
551494 552600 411 0 0
551494 552608 414 0 0
551494 553634 830 0 0
551494 558966 3402 0 0
551517 560025 3948 0 0
551528 551531 1 0 0
551850 556828 2107 0 0
551950 557799 2638 0 0
17807 555386 0 1583 0
552224 552225 0 162 0
552276 557672 2460 0 0
552283 553109 331 0 0
552283 553507 490 0 0
18168 363420 3622 0 0
18168 559857 6495 0 0
374414 410648 0 153 0
552877 553519 276 0 0
552877 554101 517 0 0
552877 557288 2002 0 0
552877 558922 2873 0 0
552877 559268 3037 0 0
552936 553849 384 0 0
552936 555828 1229 0 0
552936 557803 2280 0 0
552936 559961 1594 0 0
553069 553324 99 0 0
553149 553401 102 0 0
553149 557834 2224 0 0
553438 553549 42 0 0
553438 553835 156 0 0
554446 554455 3 0 0
376456 551603 0 39 0
554691 559284 2302 0 0
554824 555644 355 0 0
555150 555296 41 0 0
555310 555744 194 0 0
555572 556464 0 13 0
555682 556001 160 0 0
556063 556356 137 0 0
22024 410648 0 389 0
22094 43763 0 494 0
22094 49053 0 1529 0
556365 558842 123 0 0
22167 556347 0 261 0
556751 558003 716 0 0
556980 557266 181 0 0
22799 23033 301 0 0
22799 25050 1380 0 0
22799 40359 2062 0 0
22799 51370 1166 0 0
22799 51463 2772 0 0
22799 52168 1551 0 0
22799 53775 861 0 0
22799 56379 2922 0 0
22799 57801 2859 0 0
22799 163009 763 0 0
22799 227744 3074 0 0
22799 233829 1695 0 0
22799 249507 1709 0 0
22799 260209 76 0 0
22799 274918 2969 0 0
22799 296071 4835 0 0
22799 319660 232 0 0
22799 338727 405 0 0
22799 375153 2198 0 0
22799 392865 1194 0 0
22799 445635 126 0 0
22799 478482 5088 0 0
22799 509625 1906 0 0
22799 513815 2956 0 0
22799 528707 1365 0 0
22799 528973 87 0 0
22799 530656 63 0 0
22799 535673 3783 0 0
22799 535753 416 0 0
22799 536478 667 0 0
22799 536781 185 0 0
22799 537127 138 0 0
22799 537828 306 0 0
22799 538325 2209 0 0
22799 538508 1587 0 0
22799 539460 2299 0 0
22799 542974 3003 0 0
22799 543150 5112 0 0
22799 543715 543 0 0
22799 544238 525 0 0
22799 544720 561 0 0
22799 545615 613 0 0
22799 547578 77 0 0
22799 547767 296 0 0
22799 547848 507 0 0
22799 548248 16 0 0
22799 548269 24 0 0
22799 548272 24 0 0
22799 548275 26 0 0
22799 548279 27 0 0
22799 548285 28 0 0
22799 548296 31 0 0
22799 548300 33 0 0
22799 548302 33 0 0
22799 548317 40 0 0
22799 548324 42 0 0
22799 548329 42 0 0
22799 548364 53 0 0
22799 548368 55 0 0
22799 548376 105 0 0
22799 548381 61 0 0
22799 548386 62 0 0
22799 548426 72 0 0
22799 548449 79 0 0
22799 548454 80 0 0
22799 548456 80 0 0
22799 548470 84 0 0
22799 548473 85 0 0
22799 548475 85 0 0
22799 548486 88 0 0
22799 548490 90 0 0
22799 548498 92 0 0
22799 548503 93 0 0
22799 548519 97 0 0
22799 548523 98 0 0
22799 548538 102 0 0
22799 548544 103 0 0
22799 548546 103 0 0
22799 548553 145 0 0
22799 548557 107 0 0
22799 548563 109 0 0
22799 548577 112 0 0
22799 548590 116 0 0
22799 548638 132 0 0
22799 548645 134 0 0
22799 548649 135 0 0
22799 548651 136 0 0
22799 548657 138 0 0
22799 548682 145 0 0
22799 548699 150 0 0
22799 548703 152 0 0
22799 548734 159 0 0
22799 548761 169 0 0
22799 548763 170 0 0
22799 548784 177 0 0
22799 548802 181 0 0
22799 548840 188 0 0
22799 548842 188 0 0
22799 548880 203 0 0
22799 548895 209 0 0
22799 548900 210 0 0
22799 548916 219 0 0
22799 548927 227 0 0
22799 548945 238 0 0
22799 548953 241 0 0
22799 548965 246 0 0
22799 548967 247 0 0
22799 549007 263 0 0
22799 549078 280 0 0
22799 549093 282 0 0
22799 549097 283 0 0
22799 549099 283 0 0
22799 549103 284 0 0
22799 549113 287 0 0
22799 549147 291 0 0
22799 549170 294 0 0
22799 549177 298 0 0
22799 549189 299 0 0
22799 549196 303 0 0
22799 549207 309 0 0
22799 549209 309 0 0
22799 549211 310 0 0
22799 549222 312 0 0
22799 549224 313 0 0
22799 549231 315 0 0
22799 549235 316 0 0
22799 549246 320 0 0
22799 549263 327 0 0
22799 549290 333 0 0
22799 549299 336 0 0
22799 549306 341 0 0
22799 549314 342 0 0
22799 549321 344 0 0
22799 549331 350 0 0
22799 549333 351 0 0
22799 549342 352 0 0
22799 549344 352 0 0
22799 549347 353 0 0
22799 549367 359 0 0
22799 549371 359 0 0
22799 549377 360 0 0
22799 549397 367 0 0
22799 549405 371 0 0
22799 549416 380 0 0
22799 549429 383 0 0
22799 549437 384 0 0
22799 549444 386 0 0
22799 549459 393 0 0
22799 549479 399 0 0
22799 549481 399 0 0
22799 549500 406 0 0
22799 549503 409 0 0
22799 549520 417 0 0
22799 549522 417 0 0
22799 549543 422 0 0
22799 549549 425 0 0
22799 549564 431 0 0
22799 549576 435 0 0
22799 549579 437 0 0
22799 549581 437 0 0
22799 549638 457 0 0
22799 549640 458 0 0
22799 549649 460 0 0
22799 549655 460 0 0
22799 549672 467 0 0
22799 549674 468 0 0
22799 549678 470 0 0
22799 549698 474 0 0
22799 549732 483 0 0
22799 549747 488 0 0
22799 549766 492 0 0
22799 549874 535 0 0
22799 549883 538 0 0
22799 549885 540 0 0
22799 549889 540 0 0
22799 549891 540 0 0
22799 549895 541 0 0
22799 549924 552 0 0
22799 549931 554 0 0
22799 549937 555 0 0
22799 549949 560 0 0
22799 549953 561 0 0
22799 549957 562 0 0
22799 549990 576 0 0
22799 549994 577 0 0
22799 550011 582 0 0
22799 550057 601 0 0
22799 550059 601 0 0
22799 550067 613 0 0
22799 550094 616 0 0
22799 550117 622 0 0
22799 550132 654 0 0
22799 550134 629 0 0
22799 550164 639 0 0
22799 550197 662 0 0
22799 550223 669 0 0
22799 550275 687 0 0
22799 550279 687 0 0
22799 550285 692 0 0
22799 550324 708 0 0
22799 550337 715 0 0
22799 550347 721 0 0
22799 550377 732 0 0
22799 550410 747 0 0
22799 550440 761 0 0
22799 550457 765 0 0
22799 550461 765 0 0
22799 550468 767 0 0
22799 550470 769 0 0
22799 550486 774 0 0
22799 550520 784 0 0
22799 550529 788 0 0
22799 550549 796 0 0
22799 550580 807 0 0
22799 550584 807 0 0
22799 550589 809 0 0
22799 550591 809 0 0
22799 550593 810 0 0
22799 550600 813 0 0
22799 550611 821 0 0
22799 550647 838 0 0
22799 550665 847 0 0
22799 550671 852 0 0
22799 550681 853 0 0
22799 550695 858 0 0
22799 550738 869 0 0
22799 550740 869 0 0
22799 550744 870 0 0
22799 550766 878 0 0
22799 550768 879 0 0
22799 550803 889 0 0
22799 550825 892 0 0
22799 550853 898 0 0
22799 550860 903 0 0
22799 550867 907 0 0
22799 550872 909 0 0
22799 550874 910 0 0
22799 550934 933 0 0
22799 550952 939 0 0
22799 550983 950 0 0
22799 550996 957 0 0
22799 551014 970 0 0
22799 551016 970 0 0
22799 551033 976 0 0
22799 551041 978 0 0
22799 551083 991 0 0
22799 551151 1015 0 0
22799 551161 1019 0 0
22799 551170 1022 0 0
22799 551199 1037 0 0
22799 551205 1041 0 0
22799 551214 1044 0 0
22799 551242 1054 0 0
22799 551269 1070 0 0
22799 551273 1071 0 0
22799 551297 1083 0 0
22799 551318 1093 0 0
22799 551346 1108 0 0
22799 551354 1109 0 0
22799 551356 1110 0 0
22799 551371 1115 0 0
22799 551377 1118 0 0
22799 551381 1120 0 0
22799 551395 1127 0 0
22799 551399 1161 0 0
22799 551407 1130 0 0
22799 551455 1153 0 0
22799 551507 1182 0 0
22799 551572 1206 0 0
22799 551630 1227 0 0
22799 551657 1234 0 0
22799 551673 1243 0 0
22799 551675 1247 0 0
22799 551728 1281 0 0
22799 551734 1274 0 0
22799 551752 1281 0 0
22799 551759 1283 0 0
22799 551790 1296 0 0
22799 551812 1306 0 0
22799 551829 1313 0 0
22799 551842 1318 0 0
22799 551844 1318 0 0
22799 551917 1341 0 0
22799 551939 1349 0 0
22799 551959 1356 0 0
22799 551961 1357 0 0
22799 552073 1399 0 0
22799 552117 1410 0 0
22799 552128 1417 0 0
22799 552130 1418 0 0
22799 552132 1419 0 0
22799 552137 1421 0 0
22799 552151 1426 0 0
22799 552197 1449 0 0
22799 552277 1467 0 0
22799 552281 1468 0 0
22799 552301 1476 0 0
22799 552316 1481 0 0
22799 552324 1484 0 0
22799 552353 1492 0 0
22799 552364 1496 0 0
22799 552370 1497 0 0
22799 552394 1510 0 0
22799 552426 1520 0 0
22799 552432 1522 0 0
22799 552447 1530 0 0
22799 552457 1534 0 0
22799 552471 1539 0 0
22799 552523 1554 0 0
22799 552535 1558 0 0
22799 552568 1573 0 0
22799 552570 1573 0 0
22799 552572 1573 0 0
22799 552589 1579 0 0
22799 552610 1588 0 0
22799 552617 1594 0 0
22799 552664 1610 0 0
22799 552679 1615 0 0
22799 552683 1615 0 0
22799 552692 1625 0 0
22799 552699 1628 0 0
22799 552705 1631 0 0
22799 552707 1631 0 0
22799 552747 1642 0 0
22799 552753 1643 0 0
22799 552755 1644 0 0
22799 552774 1650 0 0
22799 552812 1666 0 0
22799 552896 1698 0 0
22799 552906 1702 0 0
22799 552923 1709 0 0
22799 552928 1710 0 0
22799 552941 1718 0 0
22799 552970 1743 0 0
22799 553019 1767 0 0
22799 553021 1767 0 0
22799 553028 1768 0 0
22799 553154 1816 0 0
22799 553189 1828 0 0
22799 553196 1831 0 0
22799 553203 1834 0 0
22799 553207 1836 0 0
22799 553214 1839 0 0
22799 553239 1850 0 0
22799 553241 2037 0 0
22799 553263 1858 0 0
22799 553296 1868 0 0
22799 553310 1877 0 0
22799 553328 1887 0 0
22799 553424 1928 0 0
22799 553441 1935 0 0
22799 553451 1938 0 0
22799 553464 1942 0 0
22799 553541 1976 0 0
22799 553566 1983 0 0
22799 553581 1991 0 0
22799 553655 2013 0 0
22799 553674 2019 0 0
22799 553676 2021 0 0
22799 553721 2044 0 0
22799 553744 2052 0 0
22799 553763 2060 0 0
22799 553789 2072 0 0
22799 553809 2080 0 0
22799 553839 2092 0 0
22799 553866 2102 0 0
22799 553881 2106 0 0
22799 553911 2123 0 0
22799 554006 2164 0 0
22799 554008 2164 0 0
22799 554012 2165 0 0
22799 554015 2165 0 0
22799 554017 2166 0 0
22799 554070 2185 0 0
22799 554087 2188 0 0
22799 554111 2209 0 0
22799 554115 2205 0 0
22799 554143 2220 0 0
22799 554198 2245 0 0
22799 554200 2246 0 0
22799 554230 2256 0 0
22799 554278 2277 0 0
22799 554288 2282 0 0
22799 554409 2317 0 0
22799 554421 2321 0 0
22799 554519 2360 0 0
22799 554529 2362 0 0
22799 554581 2386 0 0
22799 554594 2394 0 0
22799 554646 2414 0 0
22799 554651 2416 0 0
22799 554789 2475 0 0
22799 554793 2476 0 0
22799 554829 2499 0 0
22799 554927 2544 0 0
22799 554940 2549 0 0
22799 555007 2585 0 0
22799 555012 2587 0 0
22799 555027 2595 0 0
22799 555109 2621 0 0
22799 555134 2636 0 0
22799 555171 2657 0 0
22799 555197 2811 0 0
22799 555285 2686 0 0
22799 555287 2686 0 0
22799 555313 2723 0 0
22799 555406 2743 0 0
22799 555428 2752 0 0
22799 555455 2771 0 0
22799 555493 2784 0 0
22799 555497 2784 0 0
22799 555503 2785 0 0
22799 555568 2823 0 0
22799 555574 2825 0 0
22799 555612 2840 0 0
22799 555631 2848 0 0
22799 555662 2857 0 0
22799 555667 2858 0 0
22799 555688 2865 0 0
22799 555759 2907 0 0
22799 555790 2924 0 0
22799 555840 2951 0 0
22799 555849 2954 0 0
22799 555910 2991 0 0
22799 555943 3001 0 0
22799 555950 3003 0 0
22799 555966 3093 0 0
22799 555991 3018 0 0
22799 556031 3039 0 0
22799 556078 3062 0 0
22799 556080 3063 0 0
22799 556113 3078 0 0
22799 556187 3110 0 0
22799 556208 3118 0 0
22799 556243 3135 0 0
22799 556354 3188 0 0
22799 556401 3207 0 0
22799 556424 3217 0 0
22799 556429 3223 0 0
22799 556441 3238 0 0
22799 556468 3255 0 0
22799 556565 3300 0 0
22799 556587 3316 0 0
22799 556622 3337 0 0
22799 556640 3344 0 0
22799 556664 3351 0 0
22799 556763 3393 0 0
22799 556768 3398 0 0
22799 556860 3442 0 0
22799 556878 3449 0 0
22799 556988 3495 0 0
22799 557058 3539 0 0
22799 557104 3573 0 0
22799 557137 3596 0 0
22799 557141 3597 0 0
22799 557170 3620 0 0
22799 557346 3724 0 0
22799 557483 3802 0 0
22799 557500 3814 0 0
22799 557513 3828 0 0
22799 557516 3829 0 0
22799 557567 3863 0 0
22799 557639 3908 0 0
22799 557728 3957 0 0
22799 557748 3966 0 0
22799 557818 3998 0 0
22799 557820 4001 0 0
22799 557830 4006 0 0
22799 557853 4020 0 0
22799 557921 4056 0 0
22799 557928 4059 0 0
22799 558057 4134 0 0
22799 558096 4150 0 0
22799 558119 4161 0 0
22799 558154 4185 0 0
22799 558301 4248 0 0
22799 558372 4286 0 0
22799 558421 4315 0 0
22799 558433 4320 0 0
22799 558514 4364 0 0
22799 558545 4376 0 0
22799 558558 4380 0 0
22799 558569 4391 0 0
22799 558571 4391 0 0
22799 558670 4440 0 0
22799 558743 4470 0 0
22799 558869 4535 0 0
22799 558873 4535 0 0
22799 558932 4565 0 0
22799 558977 4579 0 0
22799 558982 4581 0 0
22799 559011 4597 0 0
22799 559044 4608 0 0
22799 559204 4702 0 0
22799 559214 4709 0 0
22799 559290 4735 0 0
22799 559307 4750 0 0
22799 559432 4965 0 0
22799 559451 4824 0 0
22799 559662 4946 0 0
22799 559759 4994 0 0
22799 559846 5034 0 0
22799 559935 5086 0 0
22799 559968 5105 0 0
22799 559977 5113 0 0
22799 559996 5128 0 0
557077 557658 373 0 0
557077 557970 534 0 0
557360 559227 985 0 0
557372 558945 827 0 0
557415 558108 393 0 0
557415 558113 398 0 0
557415 558115 398 0 0
557633 557690 30 0 0
557633 557808 90 0 0
557633 558224 313 0 0
557633 558297 338 0 0
557633 558343 362 0 0
557633 558437 416 0 0
557633 559042 703 0 0
557633 559061 716 0 0
557633 559493 935 0 0
557633 559889 1153 0 0
557633 559940 1184 0 0
23409 556063 0 61 0
557837 557911 44 0 0
23604 56087 0 48 0
24137 34387 3070 0 0
24400 517422 0 1498 0
558666 559970 673 0 0
24514 24515 0 1489 0
24515 546164 38 0 0
24515 546666 240 0 0
24543 35253 2027 0 0
24543 50786 33 0 0
24543 113678 61 0 0
24543 194481 4888 0 0
24543 543283 24 0 0
24543 544848 641 0 0
24543 556460 1712 0 0
558997 559311 166 0 0
558997 559483 250 0 0
559179 559646 254 0 0
470214 558162 1450 0 0
559391 559425 21 0 0
559391 559438 28 0 0
559391 559515 70 0 0
559391 559570 108 0 0
559391 559582 111 0 0
559391 559595 123 0 0
559391 559609 129 0 0
559391 559691 172 0 0
559391 559720 191 0 0
559391 559761 209 0 0
25883 35896 0 2327 0
293747 347464 0 4557 0
474097 547510 64 0 0
474097 551973 21 0 0
474097 552076 57 0 0
29022 552511 113 0 0
29023 55467 0 701 0
29023 515148 4816 0 0
29663 450255 0 176 0
29781 231595 689 0 0
30250 410648 0 730 0
297738 551632 483 0 0
297738 552287 726 0 0
298196 547886 0 3786 0
31712 407601 0 177 0
388837 543703 25 0 0
210937 552877 0 250 0
33081 131700 0 1946 0
33098 410648 0 1260 0
300359 551990 991 0 0
33334 481038 4437 0 0
33334 546202 13 0 0
33716 550172 0 1531 0
212600 551494 0 935 0
34751 347464 0 2552 0
481269 487137 1976 0 0
36882 559479 3047 0 0
38397 45997 1560 0 0
38397 72398 1357 0 0
38397 212817 3500 0 0
38397 222688 2057 0 0
38397 545718 125 0 0
38397 554592 3618 0 0
38397 559789 6195 0 0
216750 544024 0 340 0
217212 559179 0 292 0
306888 410648 0 1060 0
396387 556440 0 1142 0
40359 410648 0 1142 0
40542 544649 0 28 0
41297 547569 60 0 0
41297 555317 158 0 0
41390 545556 0 617 0
487704 552936 0 1671 0
42546 43370 0 1111 0
131700 200229 3448 0 0
131700 310579 1934 0 0
398928 405715 3679 0 0
398928 500086 2746 0 0
398928 544818 94 0 0
398928 547676 1299 0 0
398928 547993 1430 0 0
398928 550096 2144 0 0
398928 551598 2741 0 0
42960 557176 3051 0 0
132193 184412 0 180 0
43370 62821 252 0 0
43370 269691 277 0 0
43370 553390 2446 0 0
43370 555514 3330 0 0
44937 550937 0 35 0
45072 544537 0 2053 0
45198 559391 0 87 0
46043 559607 0 172 0
47180 56473 2498 0 0
47180 57235 624 0 0
47180 61515 3616 0 0
47180 72398 184 0 0
47180 86475 911 0 0
47180 94586 1976 0 0
47180 179906 350 0 0
47180 207133 626 0 0
47180 293560 1258 0 0
47180 349369 1788 0 0
47180 363420 1761 0 0
47180 491926 5071 0 0
47180 548428 109 0 0
47180 548951 286 0 0
47180 549757 554 0 0
47180 551194 1061 0 0
47180 551217 1073 0 0
47180 552714 1662 0 0
47180 552986 1779 0 0
47180 553239 1883 0 0
47180 553857 2127 0 0
47180 554256 2295 0 0
47180 554566 2452 0 0
47180 555352 2744 0 0
47180 556094 3095 0 0
47180 556624 3365 0 0
47180 557115 3604 0 0
47180 557885 4063 0 0
47180 558104 4183 0 0
47180 559386 4809 0 0
47180 559601 4940 0 0
47180 559809 5043 0 0
47180 559905 5095 0 0
136771 551117 68 0 0
48682 51343 1203 0 0
494355 529089 0 1068 0
49952 399019 119 0 0
50689 398928 0 62 0
228902 511789 0 1623 0
51268 76666 176 0 0
407601 547961 150 0 0
407601 552163 1695 0 0
52043 347464 0 2622 0
141916 141919 1 0 0
53196 127658 6068 0 0
53196 175421 288 0 0
53196 208941 15 0 0
53196 209424 2677 0 0
53196 209758 99 0 0
53196 219133 1603 0 0
53196 221319 776 0 0
53196 546204 16 0 0
53196 546570 171 0 0
53196 546813 268 0 0
53196 547461 560 0 0
53196 547539 601 0 0
53196 547657 647 0 0
53196 554826 3381 0 0
53196 555376 199 0 0
53196 555702 341 0 0
409414 546277 39 0 0
409414 546288 44 0 0
409414 546306 50 0 0
409414 546319 57 0 0
409414 558282 5122 0 0
53775 410648 0 209 0
409944 554219 0 41 0
409961 554219 0 39 0
409977 554219 0 35 0
410206 554219 0 56 0
410214 554219 0 52 0
410259 554219 0 61 0
410307 554219 0 67 0
410648 420699 2672 0 0
410648 451158 694 0 0
410648 476842 2558 0 0
410648 486903 1856 0 0
410648 508057 149 0 0
410648 539271 940 0 0
410648 547191 209 0 0
410648 547767 105 0 0
410648 548486 11 0 0
410648 549481 749 0 0
410648 552583 18 0 0
410648 552623 37 0 0
410648 552731 81 0 0
410648 552774 219 0 0
410648 552833 113 0 0
410648 552880 133 0 0
410648 552934 153 0 0
410648 552945 168 0 0
410648 552950 172 0 0
410648 553017 205 0 0
410648 553119 245 0 0
410648 553306 317 0 0
410648 553310 1060 0 0
410648 553394 356 0 0
410648 553464 1257 0 0
410648 553503 396 0 0
410648 553509 400 0 0
410648 553666 459 0 0
410648 553779 507 0 0
410648 553888 551 0 0
410648 553932 574 0 0
410648 554072 626 0 0
410648 554084 628 0 0
410648 554107 649 0 0
410648 554134 656 0 0
410648 554162 668 0 0
410648 554401 756 0 0
410648 554483 788 0 0
410648 554740 896 0 0
410648 554863 959 0 0
410648 554901 973 0 0
410648 555313 1140 0 0
410648 555534 1240 0 0
410648 555700 1312 0 0
410648 555708 1313 0 0
410648 555715 1317 0 0
410648 555943 1813 0 0
410648 555966 1450 0 0
410648 555993 1460 0 0
410648 556323 1611 0 0
410648 556691 1801 0 0
410648 556919 1913 0 0
410648 556978 1930 0 0
410648 557282 2126 0 0
410648 557292 2134 0 0
410648 557538 2284 0 0
410648 557760 2414 0 0
410648 558076 2584 0 0
410648 558615 2854 0 0
410648 559003 3035 0 0
54513 552283 0 1492 0
55395 552305 66 0 0
55494 557633 0 48 0
233649 553255 882 0 0
55649 550336 0 52 0
55828 541398 0 64 0
56104 57205 1198 0 0
56104 57239 2417 0 0
56104 221082 20 0 0
56104 228650 90 0 0
56104 233829 96 0 0
56104 432638 1202 0 0
56104 473850 906 0 0
56104 510181 1226 0 0
56104 545254 549 0 0
56104 549369 15 0 0
56104 549413 34 0 0
56104 549586 94 0 0
56104 549670 122 0 0
56104 549877 193 0 0
56104 550004 236 0 0
56104 550517 439 0 0
56104 550756 528 0 0
56104 551177 681 0 0
56104 551492 881 0 0
56104 551565 860 0 0
56104 551709 922 0 0
56104 552806 1319 0 0
56104 553863 2247 0 0
56329 242907 0 425 0
56431 279115 0 113 0
56858 552912 7 0 0
57122 545086 0 37 0
57539 550915 541 0 0
57801 410648 0 1292 0
236856 410648 0 2886 0
58780 553817 1 0 0
58954 556900 1112 0 0
62758 557633 0 46 0
64303 559179 0 119 0
333478 410648 0 2962 0
66701 556833 0 55 0
66703 556833 0 55 0
66705 556833 0 55 0
66707 556833 0 55 0
66709 556833 0 55 0
66711 556833 0 55 0
66713 556833 0 55 0
66715 556833 0 55 0
66717 556833 0 55 0
66719 556833 0 55 0
66721 556833 0 55 0
66723 556833 0 55 0
66725 556833 0 55 0
66727 556833 0 55 0
333981 544537 0 290 0
68418 347464 0 4187 0
513649 550562 0 83 0
515131 545795 104 0 0
515448 554226 77 0 0
70474 347464 0 2859 0
71371 74332 130 0 0
517422 536372 1097 0 0
517422 551184 25 0 0
517422 551437 140 0 0
517422 551634 225 0 0
517422 558482 3334 0 0
517525 548388 91 0 0
429427 481269 0 35 0
340995 546071 0 52 0
340995 546090 0 46 0
340995 546144 0 33 0
340995 553326 0 4423 0
340995 554888 0 68 0
340995 555181 0 66 0
340995 555201 0 69 0
340995 555258 0 73 0
340995 555303 0 60 0
163009 410648 0 127 0
255081 559199 0 9 0
77146 557891 4469 0 0
169095 559179 0 87 0
347464 555740 2658 0 0
347464 556403 2973 0 0
347464 557096 3340 0 0
349369 553030 121 0 0
85703 410648 0 1980 0
532673 559297 6665 0 0
265914 370127 58 0 0
265914 557122 427 0 0
265914 557571 707 0 0
265914 557573 707 0 0
265914 557840 853 0 0
265931 347464 0 2501 0
