1 1 100 1.51074
2 2 100 2.87862
3 3 100 11.5329
4 4 100 12.9008
5 5 100 19.5808
6 6 100 20.6498
7 7 100 26.3185
8 8 100 27.6864
9 9 100 28.6864
10 10 100 29.7554
11 11 100 5913.51
12 12 100 5914.69
13 13 100 5916.47
14 14 100 5918.2
15 15 100 5966.53
16 16 100 5986.69
17 17 100 5990.05
18 18 100 5991.16
19 19 100 5992.6
20 20 100 5994.33
21 21 100 5995.33
22 22 100 5996.34
23 23 100 5997.71
24 24 100 6013.27
25 25 100 6014.32
26 26 100 6016.23
27 27 100 6030.58
28 28 100 6031.99
29 29 100 6033.27
30 30 100 6034.64
31 31 100 6185.55
32 32 100 6187.65
33 33 100 6189.02
34 34 100 6190.02
35 35 100 6191.02
36 36 100 6192.39
37 37 100 6212.19
38 38 100 6213.21
39 39 100 6214.58
40 40 100 6215.58
41 41 100 6218.05
42 42 100 6219.42
43 43 100 6223.44
44 44 100 6226.46
45 45 100 6228.7
46 46 100 6230.06
47 47 100 6232.37
48 48 100 6247.05
49 49 100 6248.42
50 50 100 6365.56
