1 1 100 34.7628
2 2 100 68.106
3 3 100 90.4707
4 4 100 111.274
5 5 100 127.304
6 6 100 139.807
7 7 100 151.338
8 8 100 162.283
9 9 100 201.788
10 10 100 210.313
11 11 100 218.763
12 12 100 228.046
13 13 100 235.019
14 14 100 241.997
15 15 100 249.026
16 16 100 255.176
17 17 100 260.775
18 18 100 265.127
19 19 100 273.095
20 20 100 276.947
21 21 100 280.448
22 22 100 283.545
23 23 100 286.661
24 24 100 360.762
25 25 100 362.765
26 26 100 368.547
27 27 100 371.387
28 28 100 377.231
29 29 100 379.886
30 30 100 382.45
31 31 100 384.921
32 32 100 386.933
33 33 100 388.853
34 34 100 390.956
35 35 100 392.806
36 36 100 394.45
37 37 100 395.818
38 38 100 397.278
39 39 100 398.74
40 40 100 400.292
41 41 100 414.986
42 42 100 416.722
43 43 100 418.273
44 44 100 420.009
45 45 100 421.745
46 46 100 423.481
47 47 100 425.217
48 48 100 426.952
49 49 100 428.688
50 50 100 430.516
