493955 1 0
848773 1 101
848841 1 125
850788 1 911
855570 1 2950
858707 1 4558
848516 2 0
8605 3 1
848896 4 2
52695 4 4607
848524 5 2
848529 6 4
299966 7 5
848547 8 6
848548 9 6
848549 10 8
848550 11 8
848551 12 9
848554 13 10
848567 14 13
502167 15 14
848577 16 15
849199 16 262
399069 17 15
26016 18 16
848580 19 16
848581 20 16
848588 21 20
107103 22 24
848596 23 24
861432 23 6040
848597 24 25
848600 25 26
848601 26 27
851088 26 1059
51627 27 28
13665 28 28
848608 29 29
848619 30 31
848476 31 33
6954 32 33
134080 33 35
848635 34 39
258 35 45
24542 36 46
848666 37 50
95639 38 53
446366 39 55
848693 40 58
848698 41 64
482517 42 64
848704 43 68
281116 44 76
42195 45 76
848737 46 80
13741 47 83
405420 48 86
848750 49 89
7521 50 90
848752 51 91
29022 52 93
848758 53 93
848775 54 102
4853 55 103
218325 55 111
11288 55 119
51305 55 167
20623 55 363
850017 55 570
211973 55 714
850344 55 717
792994 55 986
51525 55 1017
852466 55 1605
231181 55 1846
855498 55 2907
88965 55 3010
63861 55 3312
235328 55 3588
709801 55 4707
513982 55 5384
5938 55 6101
447489 55 6577
848785 56 105
788317 56 1326
848802 57 113
304893 58 113
604802 59 118
41429 60 120
836333 61 124
848847 62 127
35023 63 127
848873 64 137
848904 65 143
848907 66 145
34841 67 146
37725 67 2136
5628 68 147
848916 69 147
848970 69 170
59466 70 148
848918 71 149
757991 72 151
848922 73 152
13860 74 157
802087 75 161
848955 76 167
843462 77 168
7149 78 169
9952 79 172
848974 80 173
492240 81 173
848989 82 177
95639 83 178
675121 84 178
849000 85 180
849001 86 181
849014 87 188
849031 88 196
849044 89 201
375744 90 204
849058 91 204
849355 91 324
32258 92 209
27935 92 238
27983 92 254
30099 92 1265
849070 93 212
849071 94 212
131404 95 214
849087 96 218
850812 96 918
848364 97 219
28956 98 220
849096 99 221
849097 100 222
19022 101 222
850581 101 829
235244 101 1003
34083 102 224
717797 103 229
45116 104 231
478275 105 233
615682 106 235
283852 107 235
740252 108 236
849130 109 236
849137 110 239
166961 111 243
849155 112 245
849156 113 245
41303 114 248
36277 115 249
849165 116 251
849171 117 251
849168 118 253
28620 119 257
408680 120 259
849188 121 259
28858 122 260
274309 123 261
849213 124 267
849216 125 268
42437 126 273
849244 127 280
22398 128 282
739415 129 284
849259 130 286
846187 131 288
40493 132 288
39288 133 296
849289 134 298
59678 135 304
35732 136 304
849401 136 344
850178 136 642
850195 136 647
51348 136 3930
849308 137 306
849309 138 307
447154 139 308
279489 140 310
849328 141 314
416461 142 314
849328 143 314
849331 144 314
315656 145 320
849363 146 326
849244 147 327
266165 148 330
36158 149 333
57645 150 334
273203 151 340
849717 151 464
56066 151 588
849188 152 341
849398 153 342
849405 154 344
849168 155 352
849415 156 355
361605 157 355
849421 158 356
849422 159 356
849452 160 361
849437 161 362
198480 162 362
500581 163 365
849463 164 374
26112 165 374
849467 166 375
436396 167 377
753175 168 389
93770 169 395
539665 170 397
167439 171 397
849515 172 398
23331 173 401
849525 174 402
62427 174 609
855468 174 2887
23551 174 4192
838720 175 404
838720 176 404
7497 177 406
546992 178 409
14296 179 409
210779 179 409
6611 179 466
480704 179 509
7135 179 580
4937 179 1412
862136 179 6441
26112 180 411
58455 180 532
533381 180 897
849568 181 412
639876 182 417
403659 182 509
314570 183 427
849611 184 428
186419 185 429
849621 186 431
37878 187 433
849631 188 433
849168 189 434
217651 190 435
57645 191 436
62743 191 522
6917 191 528
746813 192 437
393784 193 437
849647 194 439
849650 195 440
849832 195 510
44229 195 514
850065 195 592
850168 195 636
850989 195 1001
25281 195 1223
851632 195 1275
853481 195 2064
854319 195 2402
29023 195 4023
858622 195 4508
859258 195 4880
859525 195 5030
60462 196 441
848896 197 446
24205 198 447
96 198 1178
52442 199 448
276399 200 449
849672 201 450
849675 202 451
235549 203 452
276 204 457
17995 205 460
29992 206 468
848015 207 468
10831 208 470
26112 209 473
849783 209 492
724836 210 475
849906 211 476
849905 211 526
40614 212 479
53517 213 480
5084 214 482
849761 215 483
836343 216 484
849763 217 486
849764 218 487
849168 219 489
9361 220 490
140870 221 497
85613 222 497
849525 222 532
199478 223 497
850122 223 619
863256 223 7153
28766 224 503
849815 225 504
844535 226 508
849463 227 509
849834 228 510
496095 229 511
849844 230 512
849847 231 512
849870 232 516
731331 233 519
849886 234 520
48997 235 522
3538 236 523
849096 237 523
62324 238 525
849901 239 525
26112 240 525
849909 241 526
34000 242 527
849913 243 535
754845 244 536
849937 245 537
356493 246 539
849938 247 539
849942 248 540
849943 249 541
849944 250 541
849945 251 541
42546 251 706
850699 251 878
482283 251 1791
856749 251 3511
849946 252 543
10411 253 544
849096 254 546
849957 255 547
331151 256 547
498105 257 549
675336 258 550
604802 259 551
850291 259 696
850408 259 748
849974 260 552
849168 261 555
31088 262 556
849989 263 559
487340 264 559
471978 265 566
388774 266 569
10690 267 569
44742 268 569
850019 269 571
850030 270 579
31532 271 580
850038 272 581
850041 273 583
850050 274 586
850055 275 589
849946 276 589
478554 277 590
42982 277 643
850064 278 591
850071 279 594
850072 280 595
665291 281 596
850038 282 596
30175 283 598
850038 284 603
850091 285 603
58634 286 604
850038 287 610
754845 288 611
850111 289 614
474663 290 614
850113 291 615
22653 292 619
110719 293 619
850038 294 620
850131 295 621
849168 296 622
850143 297 626
850150 298 628
850151 299 629
850038 300 631
323471 301 633
850176 302 640
413354 302 688
850038 303 640
32450 304 644
850185 305 645
850188 306 646
850191 307 647
850038 308 647
850205 309 648
850218 310 653
850038 311 655
849168 312 661
850233 313 663
850236 314 664
850064 315 664
850038 316 669
7023 317 672
850248 318 675
850249 319 676
857811 319 4023
58634 320 679
850263 321 680
532995 322 680
850271 323 683
846413 324 683
56068 325 684
850286 326 691
13344 327 698
850038 328 698
783433 329 698
224142 330 699
850303 331 700
850304 332 700
50354 333 701
297322 334 703
840795 335 704
637071 335 763
495833 335 867
71371 335 3787
263958 335 4364
10052 335 5846
850315 336 704
463 337 707
168 338 710
850552 338 814
850556 338 816
850563 338 820
850621 338 844
850671 338 864
850829 338 930
851045 338 1037
851131 338 1073
851283 338 1149
852298 338 1533
852327 338 1541
852587 338 1653
852630 338 1669
803082 338 1692
853067 338 1877
409933 338 1900
853131 338 1900
853301 338 1980
853370 338 2013
853636 338 2122
853961 338 2247
164268 338 2330
854310 338 2398
854331 338 2410
854473 338 2463
854490 338 2473
854671 338 2579
726504 338 2673
854960 338 2709
855013 338 2726
855039 338 2737
855311 338 2828
855324 338 2830
855522 338 2927
855831 338 3078
803456 338 3173
856260 338 3291
856575 338 3423
856688 338 3481
856774 338 3520
856861 338 3563
857240 338 3754
857488 338 3867
857665 338 3944
857840 338 4038
857941 338 4101
858116 338 4194
859092 338 4797
859149 338 4823
859254 338 4877
859380 338 4950
859432 338 4981
859753 338 5137
859791 338 5161
859893 338 5215
860469 338 5527
860573 338 5566
860648 338 5615
860717 338 5645
860831 338 5701
647999 338 5786
860812 338 5795
861323 338 5966
861374 338 6000
441279 338 6122
237941 338 6228
861862 338 6279
862721 338 6824
862741 338 6831
862827 338 6879
863107 338 7048
850333 339 710
2518 340 711
429248 340 1370
58170 341 711
850336 342 712
850337 343 713
850340 344 715
849168 345 717
385440 346 717
3359 347 720
222647 348 722
850359 349 722
850038 350 724
377314 351 725
129581 352 730
850526 352 802
850561 352 819
40315 352 824
27526 352 870
850742 352 897
31996 352 1638
296253 352 2928
246444 353 732
850374 354 732
850377 355 733
25202 356 736
1908 357 736
850384 358 736
850393 359 742
850038 360 744
843654 361 747
483608 362 750
1908 363 753
515726 364 758
144097 365 759
850424 366 759
717797 367 764
29321 368 770
850445 369 772
850452 370 773
850467 371 780
850468 372 781
32325 373 782
29023 374 783
86492 375 784
850488 376 785
850499 377 793
1867 377 814
508451 377 1056
850500 378 793
850509 379 796
9846 380 803
850537 381 808
224142 382 810
850543 383 812
734418 384 813
111224 385 814
849168 386 818
765789 387 822
850570 388 822
6648 388 1197
851467 388 1214
851777 388 1330
26898 389 830
850038 390 833
850598 391 834
850597 392 834
856264 392 3294
511996 393 837
850604 394 839
778193 394 1122
854535 394 2502
850038 395 839
14078 396 839
106465 397 840
32989 398 840
1716 399 841
850436 400 842
5422 401 842
8862 402 844
23556 403 844
104758 404 846
718643 405 848
850038 406 848
16361 407 850
850038 408 858
837478 409 859
850660 410 859
850666 411 860
6407 412 860
8156 412 4273
17981 412 5102
64282 412 6949
850668 413 861
842321 414 866
856990 414 3619
850604 415 868
689414 415 4366
850038 416 874
1589 417 877
2625 417 906
2577 417 909
224142 418 878
61601 419 878
49691 420 879
850038 421 880
826485 422 880
850710 423 880
30136 424 882
529496 425 883
850717 426 885
852166 426 1484
850722 427 887
850739 428 896
850746 429 898
850747 430 899
510512 431 901
3057 432 901
36751 433 901
850763 434 902
718643 435 902
850767 436 903
850776 437 904
855326 437 2830
850777 438 905
850780 439 906
850787 440 908
850790 441 912
834341 442 913
509252 443 914
53206 444 915
850814 445 919
185073 446 920
25153 447 923
850823 448 924
44851 449 930
850833 450 932
22970 451 932
7890 452 938
850848 453 940
850855 454 941
850856 455 941
2675 456 943
850860 457 943
139423 458 944
27571 459 945
850871 460 947
850876 461 951
721106 462 954
667502 463 960
244613 464 972
19352 465 972
850923 466 973
850944 467 983
553152 468 984
850960 469 985
52768 470 997
282976 471 997
60881 472 1002
502888 473 1013
159644 473 3615
502816 473 3859
851017 474 1018
856873 474 3568
5422 475 1020
851033 476 1024
851034 477 1026
25516 478 1026
496743 479 1027
147329 480 1033
23593 481 1037
851047 482 1038
101805 483 1040
736050 484 1045
642656 484 1061
493426 484 2014
25262 484 2854
861701 484 6190
851059 485 1045
851061 486 1045
851064 487 1048
851087 488 1057
851094 489 1061
851099 490 1063
510512 491 1063
853342 491 1999
147329 492 1064
365174 493 1065
851115 494 1067
829464 495 1068
851133 496 1073
851017 497 1077
851137 498 1078
34841 499 1079
37725 499 2144
362876 500 1080
26525 501 1081
818540 502 1082
851150 503 1085
851157 504 1090
851168 505 1092
496743 506 1099
747295 507 1105
851353 507 1178
192563 508 1106
851196 509 1111
340995 509 1187
850038 510 1113
295784 511 1116
340995 511 1193
852262 511 1518
736050 512 1122
198617 513 1124
851233 514 1124
340995 514 1202
26396 515 1125
544729 516 1126
851239 517 1126
340995 517 1209
10411 518 1144
851282 519 1148
851285 520 1150
24264 521 1154
340995 521 1214
7023 522 1158
754845 523 1161
618213 524 1163
458804 525 1168
539324 526 1171
851340 527 1174
851357 528 1178
274350 529 1181
138736 530 1186
712008 531 1190
5378 532 1191
851400 533 1194
851410 534 1197
851407 535 1197
851411 536 1198
851416 537 1198
29366 538 1199
103189 539 1200
656800 540 1201
136128 541 1203
147329 541 1265
736050 542 1203
306058 543 1205
851437 544 1205
851440 545 1207
15598 546 1210
851454 547 1211
92771 548 1214
800632 549 1217
213890 550 1220
61601 551 1223
851505 552 1229
851508 553 1230
851513 554 1233
222647 555 1235
851521 556 1235
851534 557 1240
851537 558 1240
296738 559 1246
826 560 1246
705386 560 1251
398849 560 2955
858396 560 4381
389606 561 1247
18105 562 1256
16960 562 1284
355048 563 1258
4140 564 1262
428421 565 1262
531364 566 1263
9637 567 1263
447209 568 1271
448046 569 1271
851631 570 1274
25571 571 1276
302127 572 1277
397120 573 1279
15892 574 1279
851646 575 1282
851647 576 1283
851658 577 1284
423792 577 6408
48816 578 1285
507319 579 1287
565577 580 1287
851666 581 1287
23268 582 1290
851674 583 1290
851693 584 1296
851700 585 1298
539665 586 1300
506967 587 1301
2783 588 1304
660207 589 1304
851717 590 1305
851722 591 1305
858422 591 4395
30791 592 1313
363138 593 1315
851755 594 1318
841671 595 1321
396489 596 1323
510512 597 1324
851779 598 1330
10064 599 1330
26600 600 1331
250700 601 1332
498792 602 1333
24542 603 1337
10847 604 1339
408621 605 1340
734140 606 1341
754845 607 1344
851546 608 1352
851832 609 1352
33086 610 1353
197385 611 1355
851853 612 1358
851856 613 1358
851859 614 1359
773281 615 1365
851873 616 1366
851878 617 1369
790598 618 1373
851700 619 1373
851891 620 1374
48090 621 1376
30175 622 1379
47338 623 1383
851929 624 1386
294738 625 1390
754845 626 1398
851954 627 1398
855300 627 2824
851963 628 1400
852063 628 1443
765192 629 1403
854615 629 2545
851965 630 1403
851966 631 1404
25571 632 1405
851972 633 1407
854531 633 2501
855842 633 3086
14330 634 1408
851984 635 1413
746295 636 1415
850038 637 1421
545236 638 1423
852006 639 1424
852025 640 1432
852033 641 1434
850038 642 1434
754845 643 1437
51244 644 1438
852048 645 1438
852055 646 1441
499175 647 1442
852058 648 1442
852156 648 1481
311638 649 1443
150542 650 1443
639876 651 1445
852077 652 1448
60464 653 1450
852097 654 1460
683273 655 1461
25273 656 1462
639876 657 1465
421938 657 1588
80358 658 1466
128748 659 1468
852131 660 1474
408621 661 1476
40828 662 1477
15461 663 1478
616484 664 1480
852158 665 1481
852165 666 1483
688277 667 1484
852170 668 1484
754845 669 1487
852097 670 1489
684863 671 1492
846193 672 1494
852208 673 1495
28701 674 1496
834862 675 1496
54691 676 1499
35217 677 1499
852225 678 1500
852885 678 1803
857434 678 4037
273139 679 1507
463743 680 1512
852258 681 1517
852261 682 1517
852259 683 1517
852260 684 1517
48957 685 1521
147329 686 1521
222441 686 1695
36434 686 2293
20280 686 3521
857843 686 4042
852280 687 1526
852289 688 1527
754845 689 1530
206849 690 1530
545236 691 1532
852295 692 1532
62836 693 1533
252012 694 1537
852316 695 1538
862507 695 6683
53385 696 1539
783281 697 1540
852329 698 1542
849087 699 1543
852335 700 1545
634333 701 1549
294986 702 1549
852353 703 1550
852352 704 1551
852376 705 1561
32450 706 1562
754845 707 1565
192673 708 1571
852396 709 1572
852097 710 1574
711152 711 1575
852413 712 1576
3522 713 1579
34238 714 1579
1509 715 1583
839443 716 1585
139423 717 1586
67211 718 1588
741922 719 1594
754845 720 1601
391037 721 1603
56452 721 6080
139423 722 1605
852470 723 1606
852627 723 1669
852473 724 1607
52695 724 4576
852480 725 1609
852481 726 1610
318849 727 1613
852493 728 1613
181518 729 1613
852499 730 1614
139423 731 1615
544276 732 1620
71371 733 1621
639876 734 1624
449475 734 1659
726504 735 1631
53206 736 1631
97020 737 1632
852549 738 1637
110784 739 1638
419142 740 1640
852566 741 1647
151273 742 1650
754845 743 1650
545236 744 1657
343802 745 1658
390590 746 1660
852608 747 1661
811002 748 1666
455480 749 1666
852629 750 1669
714704 751 1670
19417 752 1673
633451 753 1680
852655 754 1681
800643 755 1690
222441 756 1690
147329 756 1722
852678 757 1700
9846 758 1702
639876 759 1706
421938 759 1769
449475 759 1818
29593 760 1710
852700 761 1713
754845 762 1718
29084 763 1720
365174 764 1722
852726 765 1725
128748 766 1727
29000 767 1732
852747 768 1738
23431 769 1745
74626 770 1746
852784 771 1751
846193 772 1751
836590 773 1752
852793 774 1754
313037 775 1755
24707 776 1756
852804 777 1760
128523 778 1761
754845 779 1761
50521 780 1762
852808 781 1763
9124 782 1763
60464 783 1773
809113 784 1774
852826 785 1779
852829 786 1779
852655 787 1785
852845 788 1786
852846 789 1786
82926 789 1811
2625 789 1811
42982 789 1836
23625 790 1787
545236 791 1790
846193 792 1791
852862 793 1792
852793 794 1792
756521 794 3283
36402 795 1795
46798 796 1795
23625 797 1797
842711 798 1798
852878 799 1799
75386 800 1800
852882 801 1802
852889 802 1805
32294 802 1902
35404 802 2979
95593 802 3590
365174 803 1808
26898 804 1813
47939 805 1816
536549 806 1817
452298 807 1817
223887 808 1818
818601 809 1818
368460 810 1820
852932 811 1820
852932 812 1820
228276 813 1822
764671 814 1822
852940 815 1823
852943 816 1824
302266 817 1826
853160 817 1913
532332 817 2071
854178 817 2343
852951 818 1827
852952 819 1827
300625 820 1828
114555 821 1828
754845 822 1831
846193 823 1831
852965 824 1831
852968 825 1832
706923 826 1833
855380 826 2853
30337 827 1835
852977 828 1838
852978 829 1839
503594 830 1840
387997 831 1846
781052 832 1849
853012 833 1850
26312 834 1851
534494 835 1852
853017 836 1853
852943 837 1854
68374 838 1855
853028 839 1856
273135 839 3024
9726 840 1856
853034 841 1858
852952 842 1861
853042 843 1865
139842 844 1865
801105 844 5670
121078 845 1867
853061 846 1872
26396 847 1875
853071 848 1879
19367 849 1881
237612 850 1881
853080 851 1884
853081 852 1884
453805 853 1889
853099 854 1890
452621 855 1892
451772 856 1892
853106 857 1893
125349 858 1893
80513 859 1893
62506 860 1894
475507 861 1895
13946 862 1897
33248 863 1897
164628 864 1910
799411 865 1911
853157 866 1912
856397 866 3350
857048 866 3649
31140 867 1918
303476 868 1921
307509 868 3762
141699 868 5572
853206 869 1930
147329 869 1991
853209 870 1931
853214 871 1934
853221 872 1939
405537 873 1939
853223 874 1942
853224 875 1942
754845 876 1942
853236 877 1947
854888 877 2677
52762 878 1950
754845 879 1958
853255 880 1958
853258 881 1959
853261 882 1960
781052 883 1965
853271 884 1968
809901 885 1969
853281 886 1970
12097 887 1974
544483 888 1975
500277 889 1980
853303 890 1981
362901 890 5789
61896 891 1983
714457 892 1984
853318 893 1985
853325 894 1990
754845 895 1997
853341 896 1998
443099 896 3008
562105 897 2001
45685 898 2003
853356 899 2005
853365 900 2011
853374 901 2016
754845 902 2017
834267 903 2021
853384 904 2021
853386 905 2023
853389 906 2024
558666 906 2280
853392 907 2026
853393 908 2026
23063 909 2029
320043 910 2033
180641 911 2037
754845 912 2039
26312 913 2041
512520 914 2042
27631 914 2177
5279 915 2043
45959 916 2043
853447 917 2048
576446 918 2049
853448 919 2049
853459 920 2051
853464 921 2055
853467 922 2057
486938 923 2058
793930 924 2059
853475 925 2060
853474 926 2060
23911 927 2060
340995 927 2601
781052 928 2065
853490 929 2065
57785 930 2077
842777 931 2077
853518 932 2078
340995 932 2598
764671 933 2078
853521 934 2080
853530 935 2084
853936 935 2235
853979 935 2255
562289 935 2394
857318 935 3791
858190 935 4251
859959 935 5246
860576 935 5567
486938 936 2093
853556 937 2094
853563 938 2096
31578 939 2097
819067 940 2097
853594 941 2104
29875 942 2104
853606 943 2108
754845 944 2115
853634 945 2121
549352 946 2122
7189 947 2125
854515 947 2495
853643 948 2127
538202 949 2128
263272 950 2129
16361 951 2133
853663 952 2135
35238 953 2136
11704 954 2137
31578 955 2140
42212 956 2149
418990 957 2150
13543 958 2153
853700 959 2153
853703 960 2154
3057 961 2160
853721 962 2162
14296 963 2164
168413 963 2164
2011 963 2167
55828 963 2218
480704 963 2227
6611 963 2295
42124 964 2165
853736 965 2170
853737 966 2171
161688 967 2173
147329 967 2215
90332 967 2676
853745 968 2174
853925 968 2232
11217 969 2178
5279 970 2178
853760 971 2180
503443 972 2181
853764 973 2182
853769 974 2183
853772 975 2187
813122 976 2189
781052 977 2190
853779 978 2191
13089 979 2192
51532 980 2193
853784 981 2194
853815 982 2200
5279 983 2207
853849 984 2207
391760 985 2210
853853 986 2211
573537 986 2459
828746 987 2212
853859 988 2213
764671 989 2215
853875 990 2216
853886 991 2219
853893 992 2221
260025 993 2224
853907 994 2226
226159 995 2226
256721 996 2226
853920 997 2231
472111 998 2233
700047 998 2316
1774 998 2520
65597 998 2542
311692 999 2239
38036 1000 2241
754845 1001 2242
853959 1002 2242
530906 1003 2243
715799 1004 2247
853966 1005 2250
853987 1006 2258
764671 1007 2259
852097 1008 2261
854000 1009 2266
223791 1010 2270
854012 1011 2270
854013 1012 2271
13946 1013 2273
854015 1014 2273
854018 1015 2275
854021 1016 2275
854022 1017 2275
854027 1018 2278
32944 1019 2279
23431 1020 2280
854034 1021 2281
854094 1021 2309
31578 1021 2789
81345 1022 2284
854054 1023 2288
754845 1024 2290
840573 1025 2293
854073 1026 2294
848619 1027 2295
854081 1028 2297
848619 1029 2299
801285 1030 2300
602952 1030 3375
853920 1031 2301
854085 1032 2302
854090 1033 2306
854091 1034 2307
657039 1035 2309
14332 1036 2310
854102 1037 2311
544276 1038 2313
142980 1039 2314
237612 1040 2314
459966 1041 2315
33086 1042 2316
795141 1043 2322
512520 1044 2323
754845 1045 2325
559916 1046 2327
854156 1047 2333
34962 1048 2337
24389 1049 2344
829565 1050 2344
854214 1051 2357
854225 1052 2363
854226 1053 2364
854245 1054 2370
754845 1055 2370
853784 1056 2371
854254 1057 2376
147329 1058 2379
245628 1059 2382
28622 1059 2457
147329 1059 2540
2841 1060 2382
854271 1061 2383
73580 1061 2843
854266 1062 2383
853772 1063 2387
203444 1064 2389
854286 1065 2389
854293 1066 2391
201762 1067 2392
854297 1068 2393
778015 1068 2429
854623 1068 2548
857442 1068 3840
858478 1068 4428
544276 1069 2395
121486 1070 2397
189448 1070 2579
854312 1071 2398
854245 1072 2404
148763 1073 2405
854325 1074 2405
854326 1075 2406
793524 1076 2406
853594 1077 2406
854329 1078 2407
854330 1079 2408
691079 1080 2413
48562 1081 2414
854355 1082 2418
684863 1083 2418
7521 1084 2421
854366 1085 2424
44927 1086 2427
29528 1087 2429
854377 1088 2430
42212 1089 2432
604802 1090 2434
754845 1091 2436
531850 1092 2436
854408 1093 2438
854421 1094 2445
222647 1095 2446
854423 1096 2446
93426 1097 2453
543619 1098 2459
25516 1099 2462
140121 1100 2463
854479 1101 2465
854489 1102 2473
19785 1103 2473
300431 1104 2478
30932 1105 2487
167359 1106 2490
854514 1107 2493
37953 1108 2498
854467 1109 2498
850038 1110 2501
44927 1111 2501
50644 1112 2505
854544 1113 2508
602952 1113 3381
857250 1113 3760
862719 1113 6823
850038 1114 2508
850038 1115 2515
801532 1116 2521
854578 1117 2522
147329 1117 2544
1756 1118 2523
32729 1119 2524
854585 1120 2526
850038 1121 2527
850038 1122 2535
393932 1123 2537
224920 1124 2540
850038 1125 2542
854625 1126 2549
397071 1127 2549
17685 1128 2550
854628 1129 2551
805797 1130 2558
854634 1131 2558
850038 1132 2561
854642 1133 2561
55543 1134 2561
164628 1135 2564
593420 1136 2564
569800 1137 2570
19971 1138 2575
14078 1139 2575
737369 1140 2583
854690 1141 2584
854691 1142 2586
854698 1143 2589
854699 1144 2593
534009 1145 2596
543721 1146 2597
854718 1147 2598
434075 1148 2599
854724 1149 2600
854737 1150 2605
854748 1151 2607
29000 1152 2610
509625 1153 2610
243212 1154 2612
854770 1155 2616
854779 1156 2621
854786 1157 2626
816684 1158 2628
854790 1159 2632
854797 1160 2634
5574 1161 2635
373363 1162 2636
200545 1162 3309
854802 1163 2638
586003 1164 2640
256721 1165 2640
11693 1165 2959
854816 1166 2642
503476 1167 2643
818540 1168 2643
854820 1169 2643
269421 1169 3900
336750 1170 2645
142633 1171 2647
18548 1172 2653
399136 1173 2658
548348 1174 2659
854864 1175 2666
854871 1176 2668
34059 1177 2670
2625 1177 2706
2577 1177 2710
854879 1178 2672
22342 1179 2673
16546 1180 2674
854892 1181 2677
125756 1181 2732
854893 1182 2678
854898 1183 2681
14961 1184 2683
854904 1185 2684
586003 1186 2692
10245 1187 2694
57744 1188 2694
673296 1189 2697
855180 1189 2787
37746 1190 2701
3054 1191 2701
854945 1192 2703
854946 1193 2703
854953 1194 2705
830211 1195 2707
854959 1196 2707
14413 1197 2714
136567 1198 2715
779098 1198 3451
854989 1199 2716
635822 1200 2717
854997 1201 2720
220606 1202 2721
204744 1203 2725
855010 1204 2726
602952 1204 3382
855049 1205 2743
855066 1206 2751
16223 1207 2752
89719 1208 2753
135680 1208 3276
858533 1208 4453
377429 1208 5010
14114 1209 2755
855082 1210 2757
855085 1211 2758
742884 1212 2759
601089 1213 2769
44338 1214 2771
26898 1215 2776
855154 1216 2778
61507 1217 2786
493168 1218 2788
855203 1219 2794
450968 1220 2795
6253 1221 2799
702161 1222 2799
855215 1223 2799
294913 1224 2803
245628 1224 3037
802552 1225 2804
391695 1226 2810
303894 1227 2811
807646 1228 2811
528898 1229 2812
855278 1229 2821
186311 1230 2816
855175 1231 2817
838366 1231 2989
563248 1232 2818
181518 1233 2821
114815 1234 2821
713779 1234 5900
252874 1234 6086
170331 1234 6140
4614 1234 6166
37528 1235 2823
29438 1236 2827
855304 1237 2827
855305 1238 2827
855416 1238 2871
855321 1239 2829
24027 1240 2833
855345 1241 2839
855348 1242 2839
855352 1243 2841
855351 1244 2841
855353 1245 2841
561289 1246 2850
855374 1247 2851
855388 1248 2857
855395 1249 2861
855418 1250 2872
855443 1251 2879
778346 1252 2882
402226 1253 2883
855474 1254 2891
616592 1255 2894
852889 1255 2932
854623 1256 2894
387567 1257 2896
72943 1258 2915
855507 1259 2915
855512 1260 2920
850038 1261 2924
30639 1262 2928
855539 1263 2934
504341 1264 2941
855553 1265 2941
197168 1266 2941
531564 1266 2964
35125 1267 2942
855558 1268 2944
36191 1269 2949
855580 1270 2953
855351 1271 2955
668698 1272 2957
855813 1272 3065
855595 1273 2960
855608 1274 2966
376623 1275 2969
621077 1276 2970
855619 1277 2971
606436 1278 2973
116896 1279 2975
413612 1280 2980
48788 1281 2987
263132 1282 2990
855669 1283 2995
855672 1284 2997
174989 1285 2999
354101 1285 3708
855675 1286 2999
717115 1287 3000
855680 1288 3002
727647 1289 3006
14791 1290 3008
855700 1291 3010
855707 1292 3017
855718 1293 3019
855719 1294 3020
858717 1294 4562
855720 1295 3020
855729 1296 3024
855738 1297 3027
71371 1298 3027
8235 1299 3029
855743 1300 3029
855744 1301 3032
202727 1302 3038
855822 1303 3042
9380 1304 3044
14413 1305 3046
855780 1306 3048
855793 1307 3052
44360 1308 3056
855801 1309 3058
469363 1310 3065
673296 1310 3073
855815 1311 3065
855826 1312 3076
855841 1313 3082
855844 1314 3086
45153 1315 3086
855822 1316 3087
855852 1317 3091
850038 1318 3091
14413 1319 3092
855857 1320 3092
566249 1321 3095
29000 1322 3096
850038 1323 3100
28403 1324 3100
854991 1325 3101
855874 1326 3101
855878 1327 3102
55908 1328 3102
855822 1329 3104
48658 1330 3109
377790 1331 3111
855822 1332 3120
491686 1333 3122
855915 1334 3122
855930 1335 3125
855933 1336 3127
856756 1336 3513
759850 1336 3582
342073 1337 3128
855939 1338 3131
855944 1339 3132
158421 1340 3133
31340 1341 3136
855949 1342 3138
855950 1343 3138
481709 1344 3140
700222 1344 3183
855998 1344 3190
856896 1344 3579
855956 1345 3140
855963 1346 3143
855974 1347 3148
855979 1348 3149
50878 1349 3154
74181 1350 3166
116896 1351 3168
615443 1352 3170
856000 1353 3171
855067 1354 3174
856012 1355 3175
856015 1356 3177
854991 1357 3179
855930 1358 3180
856023 1359 3180
44338 1360 3180
846193 1361 3180
604802 1362 3186
856046 1363 3187
856069 1364 3199
36965 1365 3201
470230 1366 3202
855203 1367 3205
856101 1368 3215
856116 1369 3218
32063 1370 3219
856124 1371 3223
856127 1372 3223
856132 1373 3226
515660 1374 3230
856148 1375 3230
856116 1376 3234
846193 1377 3234
856153 1378 3235
856154 1379 3235
728559 1380 3239
856160 1381 3239
856161 1382 3239
43229 1383 3246
856173 1384 3247
856063 1385 3250
216253 1386 3250
856188 1387 3259
856189 1388 3260
856190 1389 3260
854879 1390 3262
856198 1391 3262
33248 1392 3267
625127 1393 3268
856219 1394 3270
45617 1395 3276
856245 1396 3283
667886 1397 3284
26705 1398 3288
856301 1398 3304
856423 1398 3361
26788 1398 3388
113250 1399 3290
835811 1400 3290
51394 1401 3294
481295 1402 3297
54301 1403 3299
856271 1404 3300
856274 1405 3301
856277 1406 3303
856286 1407 3304
856289 1408 3306
856300 1409 3307
856305 1410 3309
856308 1411 3311
856305 1412 3312
856322 1413 3313
812645 1414 3316
856325 1415 3316
812645 1416 3320
221381 1417 3322
856359 1418 3325
856366 1419 3331
850337 1420 3332
64502 1421 3333
856371 1422 3335
856382 1423 3343
856403 1424 3351
856408 1425 3355
34584 1426 3369
856456 1427 3375
60464 1428 3375
856462 1429 3377
856465 1430 3377
856465 1431 3377
833517 1432 3378
854634 1433 3381
29000 1434 3383
856488 1435 3385
856491 1436 3385
856515 1436 3400
510512 1437 3389
30337 1438 3390
30221 1439 3391
856509 1440 3396
850337 1441 3399
846193 1442 3400
11973 1443 3400
46964 1444 3401
60464 1445 3402
856531 1446 3403
856532 1447 3404
856589 1447 3433
429536 1448 3405
562286 1449 3405
23276 1450 3406
856560 1451 3416
856579 1452 3425
42213 1453 3429
259748 1454 3431
856588 1455 3432
856597 1456 3438
856606 1457 3442
76133 1457 3552
51822 1457 3597
32438 1457 3602
85447 1457 3726
422081 1457 3800
305557 1457 4151
358105 1457 6278
861934 1457 6315
856611 1458 3445
52762 1459 3454
856645 1460 3458
59471 1461 3460
374416 1462 3461
856660 1463 3467
856663 1464 3468
853938 1465 3472
68579 1466 3472
856663 1467 3473
856673 1468 3474
856676 1469 3475
763795 1470 3476
856690 1471 3481
856691 1472 3484
108775 1473 3486
18561 1474 3486
856700 1475 3488
856705 1476 3491
856710 1477 3495
857036 1477 3642
858503 1477 4441
862637 1477 6773
856711 1478 3496
49605 1479 3497
350827 1480 3497
182993 1481 3501
12365 1482 3503
853938 1483 3503
311692 1484 3503
856730 1485 3504
52762 1486 3506
14413 1487 3509
790300 1488 3511
226823 1489 3517
481996 1490 3518
856790 1491 3523
856791 1492 3524
26312 1493 3525
856799 1494 3528
20072 1495 3532
28831 1496 3532
807646 1497 3533
45166 1498 3533
856812 1499 3533
41297 1500 3535
856907 1500 3581
517033 1500 4106
25516 1501 3536
856819 1502 3539
856820 1503 3540
856821 1504 3541
856824 1505 3543
282935 1506 3543
28831 1507 3551
52762 1508 3557
212655 1509 3558
9517 1510 3558
856852 1511 3560
61066 1512 3561
710026 1513 3563
18146 1514 3564
45964 1515 3566
856877 1516 3569
754416 1517 3570
856881 1518 3571
604802 1519 3574
16546 1520 3575
856890 1521 3576
856893 1522 3579
856900 1523 3580
856917 1524 3586
440665 1525 3586
507283 1526 3586
290615 1527 3588
828746 1528 3588
856932 1529 3590
856941 1530 3594
24264 1531 3594
508411 1532 3594
39208 1533 3594
856945 1534 3595
122607 1535 3595
39204 1536 3596
534027 1537 3596
39205 1538 3597
856958 1539 3600
717115 1540 3600
850488 1541 3600
856961 1542 3601
3273 1543 3604
359281 1543 3972
843598 1544 3605
1051 1545 3605
858407 1545 4387
858861 1545 4651
859018 1545 4754
776329 1545 4896
84459 1545 5258
861302 1545 5955
861395 1545 6011
862231 1545 6497
862687 1545 6804
856967 1546 3605
856970 1547 3606
346588 1548 3607
39251 1549 3607
856975 1550 3609
146090 1551 3612
621519 1552 3612
51172 1553 3615
856989 1554 3618
856992 1555 3620
108336 1556 3623
34868 1557 3626
857017 1558 3633
32977 1559 3634
718109 1560 3637
62386 1561 3642
515867 1562 3642
322 1562 5324
857040 1563 3642
857041 1564 3642
322 1564 5305
20486 1565 3650
42890 1566 3652
20486 1567 3655
857055 1568 3657
16546 1569 3658
38160 1570 3659
856975 1571 3662
576446 1572 3662
857066 1573 3665
266098 1574 3669
857076 1575 3670
322 1575 5293
857079 1576 3671
22499 1577 3674
846193 1578 3675
116112 1579 3677
857066 1580 3681
322 1580 5288
50284 1581 3683
857104 1582 3683
857111 1583 3687
857114 1584 3688
857115 1585 3690
852059 1586 3693
322 1586 5282
857137 1587 3701
857146 1588 3706
857147 1589 3708
857170 1590 3713
857173 1591 3717
857174 1592 3717
857177 1593 3720
857180 1594 3723
857187 1595 3727
751189 1595 5959
44338 1596 3729
846193 1597 3736
22282 1598 3737
857203 1599 3739
855910 1600 3739
4255 1601 3744
537769 1601 3823
57680 1601 4083
57911 1601 7155
188146 1602 3747
497546 1603 3750
857256 1604 3764
105454 1605 3767
36961 1606 3768
857269 1607 3768
16223 1608 3771
28169 1609 3771
12187 1610 3771
36961 1611 3773
857286 1612 3774
28069 1613 3776
857314 1614 3787
857588 1614 3913
857925 1614 4085
857317 1615 3791
859638 1615 5074
861318 1615 5963
857336 1616 3797
837352 1617 3799
292541 1618 3799
857365 1619 3809
857792 1619 4017
857366 1620 3810
846193 1621 3812
857376 1622 3814
562961 1623 3819
857390 1624 3820
28722 1625 3821
857412 1626 3827
42456 1627 3828
402709 1628 3829
857421 1629 3832
727340 1630 3836
14259 1631 3839
116277 1632 3843
4474 1633 3844
56240 1633 3881
857454 1634 3846
857457 1635 3848
857464 1636 3852
857467 1637 3853
857470 1638 3854
195036 1639 3864
770505 1640 3868
857495 1641 3872
23593 1642 3873
35672 1643 3874
54258 1644 3876
857511 1645 3879
197168 1646 3880
29547 1647 3881
857526 1648 3887
42456 1649 3888
576102 1650 3893
857545 1651 3896
313737 1652 3905
61803 1652 3928
39403 1652 4492
861407 1652 6017
857569 1653 3906
93770 1654 3908
857575 1655 3910
857580 1656 3912
857581 1657 3912
60464 1658 3913
435419 1659 3913
857592 1660 3914
149344 1661 3918
313737 1662 3923
322 1662 5228
857616 1663 3924
857592 1664 3928
857634 1665 3929
32707 1666 3933
20006 1667 3938
857653 1668 3938
26525 1669 3941
42456 1670 3941
149344 1671 3941
857661 1672 3941
45153 1673 3943
96170 1674 3950
25089 1675 3951
769656 1676 3955
739415 1677 3956
857695 1678 3959
857700 1679 3962
857707 1680 3964
858358 1680 4362
14273 1680 5276
105209 1680 7169
359281 1681 3967
857711 1682 3968
244613 1683 3968
857716 1684 3969
857715 1685 3969
857717 1686 3971
482315 1687 3972
857721 1688 3973
863051 1688 7013
6995 1689 3977
857725 1690 3977
19767 1691 3986
126431 1692 3987
857747 1693 3991
322 1693 5208
480968 1694 3991
857750 1695 3992
38269 1696 3992
554656 1697 3992
857755 1698 3993
30639 1699 3995
153681 1700 3999
857766 1701 4000
857495 1702 4002
857784 1703 4013
856790 1704 4016
857802 1705 4021
42456 1706 4021
857808 1707 4022
857815 1708 4023
322 1708 5197
548065 1709 4027
17685 1710 4030
20685 1711 4030
857823 1712 4030
6667 1713 4032
6668 1714 4033
857828 1715 4035
509953 1716 4035
857830 1717 4035
857833 1718 4036
857904 1718 4080
858022 1718 4148
858139 1718 4211
858148 1718 4222
858525 1718 4452
858693 1718 4545
858965 1718 4716
859025 1718 4765
857842 1719 4041
858795 1719 4608
859557 1719 5045
480968 1720 4048
857854 1721 4050
857863 1722 4056
71541 1723 4059
405087 1724 4063
857876 1725 4064
64644 1726 4067
857894 1727 4075
25528 1728 4077
763419 1729 4080
857909 1730 4081
857910 1731 4081
857911 1732 4082
846193 1733 4083
690378 1734 4093
42456 1735 4099
117250 1736 4102
58908 1737 4102
857957 1738 4109
147329 1738 4145
857964 1739 4111
61134 1740 4112
857972 1741 4115
857973 1742 4116
857974 1743 4116
857975 1744 4118
515414 1745 4122
315114 1746 4123
14273 1746 5276
857984 1747 4125
40615 1748 4133
857992 1749 4135
84996 1750 4137
858000 1751 4138
858551 1751 4462
857454 1752 4139
420972 1753 4141
858017 1754 4144
231683 1755 4149
2518 1756 4149
11447 1757 4152
196395 1758 4152
858040 1759 4153
67339 1760 4154
858050 1761 4158
29000 1762 4159
549122 1763 4163
846193 1764 4167
26525 1765 4169
20422 1766 4170
858074 1767 4171
45402 1768 4175
38510 1769 4175
858089 1770 4179
858220 1770 4268
858096 1771 4186
858115 1772 4194
857315 1773 4196
858123 1774 4198
858128 1775 4201
818540 1776 4204
858134 1777 4207
858137 1778 4207
33219 1779 4211
26898 1780 4217
858144 1781 4219
191103 1782 4220
57785 1783 4225
2160 1784 4227
846193 1785 4228
565266 1786 4230
858164 1787 4232
858165 1788 4233
858166 1789 4234
858167 1790 4234
858174 1791 4242
40587 1792 4243
41717 1793 4248
858181 1794 4248
858182 1795 4249
25184 1796 4250
71326 1797 4252
858205 1798 4256
80779 1799 4263
846193 1800 4266
38510 1801 4267
480791 1802 4268
15378 1803 4270
40079 1804 4272
858230 1805 4273
24456 1806 4275
858238 1807 4278
1202 1808 4282
44205 1809 4289
322 1809 5166
88473 1810 4291
18170 1811 4291
40999 1812 4294
858254 1813 4295
858259 1814 4297
6917 1815 4297
665385 1816 4301
858268 1817 4302
858279 1818 4312
858280 1819 4312
618431 1820 4317
858298 1821 4319
858299 1822 4320
858166 1823 4321
858301 1824 4322
37991 1825 4324
322 1825 5154
846193 1826 4324
858304 1827 4327
197365 1828 4328
52031 1829 4330
858034 1830 4330
322 1830 5142
858323 1831 4335
858332 1832 4340
30175 1833 4345
858344 1834 4349
39702 1835 4349
39702 1836 4350
153681 1837 4350
17870 1838 4352
367532 1839 4353
17755 1840 4353
858357 1841 4361
858620 1841 4508
858374 1842 4368
861864 1842 6279
208878 1843 4372
858384 1844 4376
846193 1845 4378
153681 1846 4378
858391 1847 4379
38674 1848 4382
781771 1849 4382
858406 1850 4386
858413 1851 4390
367532 1852 4395
5582 1853 4399
506691 1854 4399
30169 1855 4401
425384 1856 4401
858435 1857 4401
200380 1858 4405
30219 1859 4406
858439 1860 4406
858443 1861 4406
858452 1862 4410
858455 1863 4411
858598 1863 4496
858458 1864 4412
118182 1865 4412
858413 1866 4412
858463 1867 4413
34584 1868 4417
858471 1869 4420
23431 1870 4424
222 1870 4597
858473 1871 4426
846193 1872 4431
858491 1873 4433
858492 1874 4434
24264 1875 4436
40999 1876 4440
256329 1877 4441
756412 1878 4442
858435 1879 4443
850668 1880 4445
850668 1881 4445
850668 1882 4445
26765 1883 4449
858520 1884 4450
24900 1885 4458
705223 1886 4460
858547 1887 4461
858548 1888 4462
52401 1889 4464
55713 1890 4464
162966 1891 4466
848666 1892 4475
4835 1893 4479
649658 1894 4484
855558 1895 4491
27301 1896 4497
437340 1897 4501
74482 1898 4504
154508 1899 4505
56418 1899 4522
860061 1899 5295
36832 1900 4506
858617 1901 4506
859822 1902 4507
116289 1902 5179
858626 1903 4509
858627 1904 4512
322 1904 5123
858648 1905 4522
422 1906 4524
839409 1907 4526
858659 1908 4528
118728 1909 4530
479764 1910 4532
846193 1911 4533
857634 1912 4539
30219 1913 4541
858699 1914 4549
30219 1915 4552
858713 1916 4560
16026 1917 4561
58361 1918 4565
858730 1919 4566
858695 1920 4566
858742 1921 4574
858695 1922 4585
600427 1923 4585
208263 1924 4591
133457 1925 4601
858789 1926 4603
8866 1927 4604
422083 1927 4706
510571 1928 4608
858800 1929 4609
857808 1930 4619
858804 1931 4619
858819 1932 4622
18561 1933 4623
846193 1934 4624
858828 1935 4628
14483 1936 4633
858830 1937 4634
3683 1937 4657
858831 1938 4635
149344 1939 4638
858837 1940 4640
246226 1941 4640
322 1941 5104
491619 1942 4640
858840 1943 4642
858847 1944 4644
858848 1945 4645
580073 1946 4646
858853 1947 4646
859260 1947 4882
860273 1947 5415
858857 1948 4649
858860 1949 4651
858863 1950 4651
136389 1951 4652
192673 1952 4654
322 1952 5097
576102 1953 4655
407329 1954 4663
36965 1955 4666
419570 1956 4667
30546 1957 4667
434908 1958 4672
322 1958 5092
858894 1959 4675
311692 1960 4677
8512 1961 4678
846193 1962 4678
858902 1963 4678
604802 1964 4691
858917 1965 4691
510557 1965 5135
858914 1966 4692
858918 1967 4692
858923 1968 4694
222825 1969 4694
125378 1969 4778
202280 1970 4695
47410 1971 4695
858927 1972 4696
47410 1973 4698
384765 1974 4698
24109 1975 4704
858947 1976 4704
857256 1977 4712
859016 1977 4753
217819 1978 4718
858972 1979 4719
858975 1980 4721
809901 1981 4722
31340 1982 4725
340995 1982 4787
846193 1983 4725
858983 1984 4728
444262 1985 4729
858989 1986 4731
340995 1986 4795
292139 1987 4735
340995 1987 4801
858995 1988 4739
393304 1989 4741
47573 1990 4753
859020 1991 4756
859984 1991 5264
859021 1992 4758
60464 1993 4761
859023 1994 4762
95746 1995 4764
340995 1995 4805
202255 1996 4767
340995 1996 4812
859034 1997 4768
859037 1998 4771
564422 1999 4771
846193 2000 4771
859052 2001 4777
859063 2002 4782
859064 2003 4784
859069 2004 4786
545008 2005 4787
29000 2006 4790
543468 2007 4790
859087 2008 4795
859622 2009 4795
322 2009 5068
57648 2010 4799
861671 2010 6174
159218 2011 4801
859112 2012 4802
322 2012 5058
8866 2013 4803
221277 2013 4830
859183 2013 4839
130176 2013 5289
861214 2013 5909
861647 2013 6157
859110 2014 4803
846193 2015 4805
55713 2016 4805
859137 2017 4813
46420 2018 4816
493517 2019 4817
385377 2020 4818
859159 2021 4824
859160 2022 4826
50034 2023 4827
859168 2024 4829
710896 2025 4830
859180 2026 4837
859207 2027 4850
429680 2027 5303
859023 2028 4850
187215 2029 4851
17383 2030 4860
40550 2031 4864
322 2031 5040
181770 2032 4865
735214 2033 4866
35338 2034 4869
859229 2035 4874
859262 2036 4883
859265 2037 4883
43393 2038 4892
859277 2039 4896
857634 2040 4897
859281 2041 4897
859286 2042 4901
859277 2043 4904
859296 2044 4905
322 2044 5031
56491 2045 4905
12068 2046 4907
859023 2047 4907
52762 2048 4909
322 2048 5027
859313 2049 4912
679528 2050 4917
859333 2051 4925
679528 2052 4926
859347 2053 4932
5399 2054 4938
859367 2055 4941
859370 2056 4942
859371 2057 4943
859374 2058 4945
859375 2059 4948
859394 2060 4955
28584 2061 4961
859402 2062 4962
501616 2062 4969
859449 2062 4995
859454 2062 5002
859933 2062 5229
860269 2062 5413
861541 2062 6086
862984 2062 6975
859405 2063 4963
859406 2064 4964
859409 2065 4968
859412 2066 4970
859427 2067 4977
714457 2068 4982
859435 2069 4986
52729 2070 4990
859441 2071 4991
5140 2072 4995
859453 2073 4997
859454 2074 4997
859459 2075 5001
9846 2076 5002
20125 2077 5003
859464 2078 5003
859479 2079 5010
859482 2080 5011
859487 2081 5013
859490 2082 5016
859493 2083 5019
549853 2084 5023
549853 2085 5024
8585 2086 5024
134217 2087 5027
859522 2088 5030
35933 2089 5032
25528 2090 5033
106484 2091 5040
319140 2092 5043
107698 2093 5044
143546 2093 6746
859554 2094 5045
859559 2095 5045
859570 2096 5048
43671 2097 5049
42213 2098 5052
14413 2099 5054
387577 2100 5054
507103 2101 5055
10847 2102 5055
7065 2103 5057
217211 2104 5057
543824 2105 5057
48820 2106 5058
43379 2107 5059
50990 2108 5059
42178 2109 5059
859606 2110 5060
858989 2111 5063
320758 2112 5063
836347 2113 5064
48854 2114 5064
381104 2115 5065
14413 2116 5065
77083 2117 5068
859624 2118 5068
859627 2119 5071
42404 2120 5071
859631 2121 5072
859634 2122 5073
859635 2123 5074
859642 2124 5078
59351 2125 5079
778444 2126 5081
859645 2127 5081
55971 2128 5081
319140 2129 5081
859828 2129 5182
859016 2130 5081
857634 2131 5082
7751 2132 5085
44884 2133 5086
859662 2134 5087
60464 2135 5089
859666 2136 5092
557282 2137 5092
54316 2138 5097
29000 2139 5097
518483 2140 5098
859681 2141 5098
48195 2142 5099
859689 2143 5102
543721 2144 5102
859695 2145 5104
859702 2146 5105
39384 2147 5105
61491 2148 5107
1631 2149 5107
11097 2150 5109
861341 2150 5979
118728 2151 5109
859712 2152 5110
859713 2153 5110
859720 2154 5113
558374 2155 5113
859722 2156 5113
47861 2157 5116
44391 2158 5117
859729 2159 5117
859730 2160 5118
840847 2161 5122
42208 2162 5123
536635 2163 5127
406760 2164 5127
859743 2165 5129
859744 2166 5131
859745 2167 5131
582967 2168 5134
748347 2169 5137
22045 2170 5137
859761 2171 5140
859764 2172 5143
859064 2173 5144
859766 2174 5146
859771 2175 5147
164633 2175 5663
244613 2176 5149
859775 2177 5150
859776 2178 5150
42510 2179 5151
498294 2180 5153
377926 2181 5156
142795 2182 5159
36373 2183 5161
708061 2184 5162
59615 2185 5164
856790 2186 5168
42200 2187 5169
859804 2188 5171
58697 2189 5172
859806 2190 5173
48223 2191 5175
859814 2192 5176
859818 2193 5177
498294 2194 5178
859825 2195 5181
859830 2196 5183
857964 2197 5186
393 2198 5187
859846 2199 5188
859848 2200 5188
64583 2201 5188
43583 2202 5189
223791 2203 5189
707180 2204 5191
859858 2204 5192
859857 2205 5191
859860 2206 5191
643097 2207 5196
43719 2208 5200
407329 2209 5201
51779 2210 5202
42566 2211 5204
484307 2212 5210
18446 2213 5211
48643 2214 5214
56367 2215 5217
795141 2216 5218
43393 2217 5219
859906 2218 5220
50130 2219 5221
859914 2220 5225
544002 2221 5226
12814 2222 5228
45491 2223 5229
535035 2224 5229
859943 2225 5234
859948 2226 5236
859949 2227 5237
2817 2228 5237
28464 2229 5239
860751 2229 5667
856790 2230 5242
860013 2230 5279
859961 2231 5246
859962 2232 5247
860501 2232 5549
50868 2233 5248
859968 2234 5253
859969 2235 5255
860638 2235 5604
859970 2236 5255
859914 2237 5259
859982 2238 5260
11061 2239 5263
57928 2240 5265
55138 2241 5273
20685 2242 5278
281004 2243 5280
2494 2244 5282
714457 2245 5283
860048 2246 5291
860049 2247 5292
507812 2248 5292
118182 2249 5297
860068 2250 5299
860073 2251 5301
863056 2251 7014
858626 2252 5301
42317 2253 5303
229760 2254 5304
46744 2255 5305
42940 2256 5306
47704 2257 5307
860096 2258 5308
860099 2259 5309
30271 2260 5313
545541 2261 5316
860120 2262 5322
862291 2262 6547
816144 2263 5324
21028 2264 5327
226564 2265 5338
860148 2266 5343
860149 2267 5344
19292 2268 5346
442906 2269 5346
860159 2270 5346
116210 2271 5347
78433 2272 5352
548418 2273 5353
42260 2274 5354
860171 2275 5356
446717 2276 5357
118417 2277 5357
860174 2278 5358
315710 2279 5360
860189 2280 5364
12865 2281 5364
860190 2282 5365
854779 2283 5366
860198 2284 5374
860203 2285 5375
792110 2286 5375
860211 2287 5377
514903 2288 5379
860160 2289 5380
822817 2289 5460
860216 2290 5382
34 2290 5401
860227 2291 5385
860228 2292 5386
52024 2293 5388
283500 2294 5388
860277 2294 5415
40999 2295 5390
35125 2296 5391
51866 2297 5392
44217 2298 5394
860239 2299 5396
352366 2300 5396
45166 2301 5397
860242 2302 5400
513407 2303 5405
860256 2304 5405
860257 2305 5405
49032 2306 5409
860283 2307 5415
861724 2307 6200
57924 2308 5416
860287 2309 5417
860288 2310 5417
198935 2311 5421
134358 2312 5421
860295 2313 5424
467115 2314 5427
784922 2315 5442
43393 2316 5444
860319 2317 5444
7890 2318 5447
604802 2319 5447
11955 2320 5447
859453 2321 5448
860336 2322 5450
860929 2322 5764
509037 2323 5457
860358 2324 5461
811977 2325 5467
42396 2326 5473
860381 2327 5474
3736 2328 5477
727477 2329 5477
859406 2330 5481
50483 2331 5483
860401 2332 5483
860405 2333 5483
404011 2334 5486
592268 2335 5488
14081 2336 5489
404011 2337 5491
860414 2338 5491
46865 2339 5492
22410 2340 5495
859487 2341 5495
4627 2341 5779
19955 2342 5501
8651 2343 5503
11707 2344 5504
6846 2345 5504
50192 2346 5506
860435 2347 5507
860440 2348 5513
860447 2349 5516
860448 2350 5517
691873 2351 5517
17318 2352 5520
860459 2353 5523
860460 2354 5524
832807 2355 5525
860464 2356 5525
303442 2357 5528
59016 2358 5529
860483 2359 5534
860490 2360 5535
3637 2361 5542
301087 2361 5853
860496 2362 5545
24534 2363 5548
506691 2364 5549
859771 2365 5554
50461 2366 5561
37670 2367 5566
858491 2368 5568
31595 2369 5571
727916 2370 5572
860593 2371 5573
860594 2372 5574
860595 2373 5576
860606 2374 5580
482144 2375 5581
860610 2376 5582
604802 2377 5595
491775 2378 5595
860381 2379 5600
860628 2380 5601
43287 2381 5602
860642 2382 5612
49228 2383 5613
860652 2384 5615
513227 2385 5616
780534 2386 5618
860675 2387 5621
700898 2388 5622
10064 2389 5626
860686 2390 5630
41161 2391 5630
572261 2392 5632
860689 2393 5633
860692 2394 5635
16396 2395 5639
29891 2396 5642
860606 2397 5642
860708 2398 5643
860709 2399 5643
46075 2400 5644
28632 2401 5652
860730 2402 5657
3913 2403 5659
860740 2404 5660
766226 2405 5661
860744 2405 5662
400092 2406 5664
860759 2407 5670
860760 2408 5671
228214 2409 5673
414120 2410 5674
860773 2411 5675
860786 2412 5679
780534 2413 5680
14273 2414 5684
860405 2415 5684
860798 2416 5686
806247 2417 5692
212362 2418 5693
414448 2419 5695
30337 2420 5698
860829 2421 5700
35333 2422 5700
36747 2423 5701
180 2424 5702
704369 2425 5703
662651 2426 5706
860849 2427 5708
860850 2428 5709
860853 2429 5710
66593 2430 5714
48736 2431 5718
252962 2432 5725
327017 2433 5726
391420 2434 5733
10283 2435 5736
859771 2436 5740
109261 2437 5740
5832 2438 5740
281133 2438 5922
256628 2438 5967
860891 2439 5741
860894 2440 5742
860897 2441 5744
297738 2442 5746
860901 2443 5746
289056 2444 5748
35690 2445 5749
860044 2446 5751
860913 2447 5752
26737 2448 5761
860935 2449 5764
131736 2450 5767
638308 2451 5769
860942 2452 5769
45560 2453 5774
8234 2454 5784
34181 2455 5784
723235 2456 5784
308684 2457 5789
288605 2458 5790
860994 2459 5792
856790 2460 5792
60258 2461 5793
860994 2462 5794
861005 2463 5796
861016 2464 5804
15458 2465 5805
861030 2466 5813
82745 2467 5818
36686 2468 5818
679188 2469 5821
861338 2469 5975
198198 2470 5821
60464 2471 5823
410648 2472 5826
355707 2473 5829
861058 2474 5833
3683 2474 5857
861203 2474 5905
39093 2475 5834
777066 2476 5837
861069 2477 5839
861072 2478 5841
29000 2479 5842
861080 2480 5846
860994 2481 5848
7821 2482 5851
6667 2483 5852
6668 2484 5853
38077 2485 5861
861114 2486 5862
861117 2487 5864
359086 2488 5864
44797 2489 5865
48020 2490 5868
861129 2491 5868
508382 2492 5869
20735 2493 5872
144442 2494 5873
777066 2495 5874
777066 2496 5874
410648 2497 5883
815565 2497 5898
557282 2497 5912
445704 2497 5938
858695 2497 5950
812772 2497 5959
57883 2497 5971
537239 2497 6046
290466 2497 6090
861927 2497 6312
824193 2497 7038
261032 2498 5884
17993 2499 5885
861174 2500 5894
861175 2501 5894
36275 2502 5895
506268 2503 5897
604802 2504 5900
861191 2505 5900
861030 2506 5902
861196 2507 5903
57949 2508 5903
679532 2509 5903
816221 2510 5904
31979 2511 5905
55971 2512 5906
435833 2513 5907
861234 2513 5927
861290 2513 5952
778607 2513 5974
861390 2513 6010
40405 2513 6042
40388 2513 6073
2902 2513 6093
861593 2513 6117
861691 2513 6183
531138 2513 6189
861728 2513 6201
861829 2513 6262
454328 2513 6310
862024 2513 6376
862116 2513 6431
862306 2513 6558
862338 2513 6571
862352 2513 6577
216484 2513 6635
862509 2513 6683
862564 2513 6737
640565 2513 6762
862780 2513 6848
690126 2513 6884
760981 2513 6930
863029 2513 7000
863068 2513 7022
863086 2513 7031
859771 2514 5912
861223 2515 5920
543543 2516 5923
117250 2517 5924
861236 2518 5928
861237 2519 5929
861311 2519 5959
861653 2519 6163
862267 2519 6539
862811 2519 6869
3359 2520 5930
543903 2521 5931
861252 2522 5935
861253 2523 5935
754392 2524 5936
40999 2525 5937
861258 2526 5938
861259 2527 5938
23431 2528 5941
43692 2529 5941
861266 2530 5941
861269 2531 5943
818540 2532 5943
780534 2533 5943
10411 2534 5945
507283 2535 5946
861306 2536 5958
861313 2537 5960
51702 2538 5961
861317 2539 5962
861320 2540 5965
861335 2541 5973
48055 2542 5977
59466 2543 5981
342802 2544 5988
571670 2545 5988
76445 2546 5988
35550 2547 5988
861360 2548 5990
861361 2549 5990
108420 2550 5998
858137 2551 5998
861382 2552 6002
861383 2553 6003
861386 2554 6005
389606 2555 6009
861392 2556 6011
48144 2557 6013
861402 2558 6015
861409 2559 6018
861414 2560 6024
861415 2561 6025
861420 2562 6028
861421 2563 6028
861422 2564 6028
32686 2565 6029
861428 2566 6034
15478 2567 6039
313737 2568 6039
863210 2568 7113
469919 2569 6043
662651 2570 6045
200834 2571 6047
313737 2572 6049
461688 2572 6657
83817 2573 6049
17383 2574 6050
34898 2575 6050
515609 2576 6052
536907 2577 6054
135148 2578 6057
862418 2578 6618
862898 2578 6924
861475 2579 6058
121078 2580 6060
861482 2581 6060
298568 2582 6062
861491 2583 6064
42213 2584 6064
708261 2585 6068
25947 2586 6070
49333 2587 6071
861512 2588 6073
44605 2589 6075
271620 2590 6077
861527 2591 6080
861528 2592 6081
1808 2593 6084
860759 2594 6085
13952 2595 6088
480968 2596 6092
861557 2597 6095
861560 2598 6095
48687 2599 6096
861562 2600 6096
861577 2601 6106
861580 2602 6110
861589 2603 6115
231683 2604 6115
42416 2605 6118
861597 2606 6120
824076 2607 6121
1756 2608 6124
48195 2609 6126
861613 2610 6128
10283 2611 6131
861615 2612 6131
757326 2613 6145
103000 2614 6146
861642 2615 6152
861645 2616 6155
53818 2617 6156
839409 2618 6160
861650 2619 6162
861657 2620 6165
861664 2621 6167
710793 2622 6171
861670 2623 6172
861755 2623 6216
70494 2624 6176
28584 2625 6178
447115 2626 6178
46964 2627 6179
861687 2628 6181
192673 2629 6182
708354 2630 6183
861694 2631 6186
180 2632 6190
861749 2632 6214
14616 2632 6248
137519 2632 6262
862236 2632 6502
42443 2632 6546
12478 2632 6591
53768 2632 6602
53765 2632 6603
122052 2632 6632
55470 2632 6684
56458 2632 6794
862695 2632 6807
62379 2632 6827
62365 2632 7091
861704 2633 6190
861707 2634 6192
861709 2635 6193
861708 2636 6193
861718 2637 6196
861721 2638 6198
861730 2639 6201
811524 2639 6221
810569 2639 6502
862847 2639 6896
861733 2640 6204
861736 2641 6206
538666 2642 6224
862965 2642 6964
860759 2643 6229
550241 2644 6233
24461 2645 6236
27251 2646 6237
861784 2647 6241
531724 2648 6242
460596 2649 6242
861795 2650 6245
110681 2651 6250
349060 2652 6262
11137 2653 6268
861853 2654 6272
861854 2655 6273
861861 2656 6279
45491 2657 6283
861867 2658 6284
756520 2659 6285
383075 2660 6291
772017 2661 6292
861889 2662 6292
36965 2663 6294
861907 2664 6300
37746 2665 6300
861909 2666 6301
2335 2667 6301
29875 2668 6303
825526 2669 6304
861917 2670 6307
861919 2671 6308
861918 2672 6309
861920 2673 6309
45328 2674 6314
45967 2675 6316
861939 2676 6318
44217 2677 6319
480192 2678 6320
42403 2679 6321
861946 2680 6322
861945 2681 6322
861953 2682 6324
861966 2683 6327
861779 2684 6331
471001 2685 6333
861985 2686 6337
861986 2687 6339
861989 2688 6341
374924 2689 6343
861995 2690 6344
431005 2691 6357
60464 2692 6360
862010 2693 6365
862015 2694 6370
349498 2695 6372
535313 2696 6374
654080 2697 6376
6723 2698 6377
341988 2699 6381
862037 2700 6384
24060 2701 6384
44698 2702 6385
862346 2703 6386
862345 2703 6576
10858 2704 6387
43763 2705 6390
22094 2705 6956
862045 2706 6390
845259 2707 6393
563492 2708 6395
555721 2709 6395
46050 2710 6397
42362 2711 6397
862054 2712 6397
714019 2713 6399
489656 2714 6404
40788 2715 6407
862074 2716 6408
291447 2717 6408
180 2718 6412
48369 2718 6619
862085 2719 6416
862086 2720 6418
551514 2721 6420
862097 2722 6421
470230 2723 6421
862102 2724 6423
50172 2725 6424
862104 2726 6426
862113 2727 6430
862120 2728 6433
54183 2729 6434
8866 2730 6434
221277 2730 6454
465805 2731 6435
298485 2732 6436
198001 2733 6437
36265 2734 6454
862000 2735 6458
48648 2736 6464
44345 2737 6467
25882 2738 6473
50903 2739 6478
720414 2740 6480
862207 2741 6482
752377 2742 6482
710001 2743 6487
862216 2744 6489
862217 2745 6489
862218 2746 6490
862223 2747 6494
862224 2748 6494
719829 2749 6495
862230 2750 6497
858443 2751 6499
862240 2752 6504
862241 2753 6508
862242 2754 6510
862207 2755 6512
862248 2756 6517
861903 2757 6522
862252 2758 6529
862253 2759 6529
862258 2760 6532
862261 2761 6533
862262 2762 6534
862269 2763 6539
862272 2764 6541
862287 2765 6546
830819 2766 6547
862295 2767 6548
192673 2768 6550
57744 2769 6555
49053 2770 6555
22094 2770 7023
45617 2771 6556
29338 2772 6559
654847 2773 6564
862318 2774 6565
768970 2775 6565
862324 2776 6567
862327 2777 6567
376011 2778 6569
862337 2779 6570
748639 2780 6576
1387 2781 6576
862360 2782 6582
200834 2783 6582
77146 2784 6585
14413 2785 6585
12824 2786 6585
376011 2787 6588
667453 2788 6589
174261 2789 6589
862384 2790 6596
751419 2791 6598
727217 2792 6599
54640 2793 6601
48886 2794 6605
604802 2795 6610
67211 2796 6613
14082 2797 6614
862416 2798 6616
48133 2799 6616
862420 2800 6617
862423 2801 6618
862424 2802 6618
862429 2803 6622
862432 2804 6623
34000 2805 6625
28122 2806 6626
465805 2807 6626
862436 2808 6627
862437 2809 6632
862384 2810 6632
53385 2811 6634
76626 2812 6635
4400 2813 6635
862456 2814 6639
201911 2815 6640
862458 2816 6642
862461 2817 6646
222001 2818 6648
691873 2819 6649
862466 2820 6651
133487 2821 6653
543813 2822 6655
862475 2823 6658
50959 2824 6659
402009 2825 6661
862480 2826 6661
862483 2827 6663
862484 2828 6663
862485 2829 6665
862486 2830 6668
39649 2831 6669
862487 2832 6670
862491 2833 6672
862494 2834 6675
862500 2835 6677
848092 2836 6677
862501 2837 6678
3359 2838 6678
111365 2839 6681
453211 2840 6681
12198 2841 6695
844349 2842 6696
48222 2843 6699
45538 2844 6706
775394 2845 6710
862540 2846 6713
861386 2847 6727
862550 2848 6727
862553 2849 6729
862556 2850 6729
167318 2851 6735
52411 2852 6736
532081 2853 6737
862566 2854 6738
227229 2855 6741
341270 2856 6746
29023 2857 6748
862594 2858 6749
862605 2859 6753
43876 2860 6753
672273 2861 6759
29000 2862 6765
862625 2863 6765
31214 2864 6769
46603 2865 6771
662651 2866 6773
862645 2867 6779
212320 2868 6791
227229 2869 6792
709424 2870 6798
61803 2870 6900
816221 2871 6800
77146 2872 6800
862677 2873 6802
862680 2874 6803
862678 2875 6803
862684 2876 6804
5761 2877 6805
862693 2878 6805
862703 2879 6810
17383 2880 6813
862711 2881 6819
862714 2882 6822
862725 2883 6825
749760 2884 6825
87752 2885 6828
21939 2886 6830
45072 2887 6832
862746 2888 6833
862749 2888 6834
862747 2888 6834
43197 2889 6835
862752 2890 6835
29023 2891 6836
7180 2892 6837
862761 2893 6838
758269 2894 6839
862766 2895 6839
862768 2896 6840
862773 2897 6844
33117 2898 6845
18677 2899 6847
26737 2900 6850
656223 2901 6853
28015 2902 6856
45407 2903 6856
862800 2904 6863
435833 2905 6873
862834 2905 6887
862840 2905 6889
745593 2905 6900
555572 2905 6904
862896 2905 6921
760981 2905 6942
862024 2905 6964
863049 2905 7013
40388 2905 7033
862818 2906 6875
862819 2907 6875
626885 2908 6877
723652 2909 6882
862842 2910 6889
862849 2911 6896
60464 2912 6903
862873 2913 6907
862890 2914 6916
862895 2915 6921
860891 2916 6925
862261 2917 6933
222454 2918 6936
516215 2919 6936
862916 2920 6939
49012 2921 6941
23220 2922 6941
38036 2923 6942
690852 2924 6950
862947 2925 6952
414265 2926 6959
859730 2927 6962
544102 2928 6964
24540 2929 6968
863044 2929 7010
40999 2930 6971
862979 2931 6972
862990 2932 6977
862993 2933 6978
32368 2934 6979
862997 2935 6980
862998 2936 6980
58278 2937 6982
863004 2938 6983
51581 2939 6984
163797 2940 6988
360771 2941 6989
55486 2942 6994
5558 2943 6997
863028 2944 6997
36965 2945 7003
50172 2946 7004
52402 2947 7004
863038 2948 7007
46679 2949 7008
60464 2950 7011
303133 2951 7014
544702 2952 7019
863067 2953 7021
863074 2954 7026
863077 2955 7028
863082 2956 7030
863085 2957 7030
863088 2958 7032
863101 2959 7041
862218 2960 7043
48070 2961 7044
82894 2962 7046
863111 2963 7050
342762 2964 7052
662651 2965 7054
227229 2966 7057
508173 2967 7061
863126 2968 7069
863199 2968 7106
78991 2969 7070
34925 2970 7070
863130 2971 7070
37615 2972 7074
211834 2973 7076
75830 2974 7078
538008 2975 7079
62815 2976 7080
863159 2977 7083
4474 2978 7085
28324 2978 7116
93426 2979 7091
13222 2980 7092
863177 2981 7093
729528 2982 7105
82894 2983 7110
25614 2984 7111
863209 2985 7112
863216 2986 7115
863123 2987 7117
32106 2988 7119
607885 2989 7128
573333 2990 7132
51123 2991 7132
716034 2992 7139
604802 2993 7141
863247 2994 7143
294738 2995 7143
863270 2996 7159
24264 2997 7160
146938 2998 7161
863275 2999 7162
51624 3000 7163
863277 3001 7164
208532 3002 7166
431406 3003 7167
53248 3004 7167
497522 3005 7168
303133 3006 7169
156695 3007 7170
22748 3008 7173
44390 3009 7184
863316 3010 7194
19078 3011 7195
44390 3012 7195
