89295 91211 73 0 0
952 441974 0 4793 0
1561 41297 0 143 0
268897 568118 251 0 0
268897 568163 278 0 0
2577 19785 0 464 0
2577 557146 0 382 0
2625 565888 0 40 0
181539 441974 0 3947 0
92669 564201 0 809 0
92806 94524 0 500 0
93129 569186 0 191 0
93129 569333 0 128 0
4474 26737 422 0 0
4474 34967 31 0 0
4474 56240 14 0 0
4474 159440 2983 0 0
4474 340995 47 0 0
4474 544497 1733 0 0
4474 562401 342 0 0
4474 562639 471 0 0
4474 562867 615 0 0
4474 568682 3986 0 0
7281 532682 0 116 0
543588 571248 1774 0 0
10543 562759 657 119 0
188695 563794 0 243 0
192520 569333 0 18 0
14897 562739 0 1161 0
14897 569333 0 825 0
15027 571389 0 447 0
104991 562739 0 1198 0
104991 569333 0 861 0
372597 561362 130 0 0
18399 565888 0 86 0
553886 561815 0 481 0
553886 562612 0 25 0
20094 63947 119 0 0
20094 561821 315 0 0
287283 563354 0 1573 0
20220 562123 48 0 0
20220 562241 129 0 0
20220 562502 292 0 0
20220 563061 631 0 0
20220 563745 1008 0 0
20220 563943 1136 0 0
20220 564490 1457 0 0
20220 567832 3347 0 0
20220 568130 3550 0 0
555073 561742 468 0 0
560249 560464 115 0 0
560290 560384 51 0 0
560290 560908 343 0 0
560290 561129 471 0 0
560290 563489 1863 0 0
560424 560591 98 0 0
560424 568871 4908 0 0
560424 569835 5397 0 0
560424 570108 5527 0 0
560424 571581 6257 0 0
560455 564181 322 0 0
560640 564826 2435 0 0
560765 560766 0 458 0
560766 562629 1529 0 0
26633 569333 0 868 0
204911 568904 828 0 0
204911 570509 1622 0 0
561276 563795 1452 0 0
561276 564151 1671 0 0
561276 572319 6245 0 0
561340 561798 279 0 0
562016 562152 69 0 0
562016 563254 501 0 0
562016 563407 592 0 0
562016 565692 1956 0 0
562447 562814 199 0 0
562717 566970 2470 0 0
562739 562937 184 0 0
562739 564627 1898 0 0
562739 565263 2199 486 0
562739 569012 157 0 0
562739 570062 690 0 0
562765 563761 0 252 0
562855 566871 2299 0 0
562918 562954 26 0 0
562918 563121 120 0 0
562918 563145 136 0 0
562918 563174 156 0 0
562918 563238 193 0 0
562918 563347 251 0 0
562918 563410 293 0 0
562918 564814 1090 0 0
562918 565065 1252 0 0
562918 565259 1394 0 0
562918 565358 1459 0 0
562918 565822 1740 0 0
562918 566476 2066 0 0
562918 566931 2294 0 0
562918 567566 2645 0 0
562918 567711 2722 0 0
562918 568806 3409 0 0
562918 569426 3713 0 0
562918 569611 3811 0 0
563047 563626 323 0 0
563056 563057 0 346 0
563057 571551 3937 0 0
563354 563405 33 0 0
563354 565554 1323 0 0
563401 563681 0 265 0
118290 565263 0 634 0
118290 565888 0 963 0
563575 565552 1212 0 0
563575 567595 2301 0 0
563591 565084 889 0 0
29475 566792 3964 0 0
563794 563827 20 0 0
563794 564056 170 0 0
563794 564320 323 0 0
563794 564684 535 0 0
563895 566671 1608 0 0
563895 568982 2957 0 0
29657 561030 300 0 0
563934 567643 2110 0 0
564083 564296 116 0 0
564201 572079 1772 0 0
564339 565906 952 0 0
564339 566364 1193 0 0
564339 566392 1205 0 0
564339 566774 1384 0 0
564339 569322 0 167 0
564400 571782 4051 0 0
564407 564756 188 0 0
564580 569278 2677 0 0
564627 569012 0 1336 0
564779 565103 214 0 0
564785 566599 1050 0 0
564785 568863 2368 0 0
564840 566341 0 462 0
564896 564897 0 114 0
564969 565096 85 0 0
565093 565102 127 0 0
565263 565758 307 0 0
565263 568925 35 0 0
565263 569012 149 62 0
565313 565331 13 0 0
565452 565976 0 38 0
565452 566001 318 0 0
565452 566126 386 0 0
565452 566249 440 0 0
565452 566452 533 0 0
565452 567434 1047 0 0
565452 569462 2216 0 0
565452 569571 2274 0 0
565452 569941 2473 0 0
565538 565547 5 0 0
565970 566285 164 2374 0
477292 569174 0 1342 0
566412 566972 288 0 0
566651 566678 13 0 0
566933 570620 2043 0 0
567245 567803 318 0 0
33081 260216 0 274 0
567538 568013 301 0 0
567755 569311 0 95 0
122607 569333 0 1513 0
567916 569411 849 0 0
33716 563404 0 248 0
568532 569311 0 1726 0
568555 571503 1536 0 0
568649 570073 745 0 0
568879 569597 351 0 0
569174 569869 367 0 0
569174 570012 433 0 0
569186 569333 0 18 0
35024 563401 0 249 0
569294 569333 0 342 0
569311 570071 485 0 0
569311 570182 528 0 0
569311 570189 529 0 0
569311 570231 1565 0 0
569311 571604 1342 0 0
569311 571834 1367 0 0
569311 571836 1367 0 0
569311 571846 1371 0 0
569311 572313 1579 0 0
569311 572501 1661 0 0
569311 572620 1715 0 0
569333 569568 116 0 0
569333 569595 130 0 0
569333 569983 331 0 0
569333 570588 642 0 0
569333 570936 821 0 0
569333 571152 917 0 0
569333 571840 1260 0 0
569348 570311 473 0 0
569348 570856 775 0 0
569636 570692 554 0 0
125529 569333 0 790 0
125714 565970 0 2509 0
571389 571485 38 0 0
571389 571549 63 0 0
571635 572589 443 0 0
216451 562950 773 0 0
572732 572820 58 0 0
39563 565888 0 40 0
40211 561565 361 0 0
129451 569333 0 533 0
40780 66558 0 923 0
41146 568860 0 97 0
41297 58242 125 0 0
41390 138290 0 163 0
220801 224455 923 0 0
42982 87072 0 16 0
42982 567075 0 66 0
132193 184412 0 500 0
133272 569333 0 1097 0
46016 572812 2197 0 0
313495 569348 0 404 0
47928 260216 0 2028 0
138290 564513 758 0 0
138741 569898 0 39 0
139494 260216 0 299 0
50569 253769 0 3716 0
50569 565930 0 3273 0
51801 569174 0 60 0
142500 571003 0 235 0
53598 571305 12 0 0
143546 560448 0 2785 0
55828 565263 0 25 0
234409 565970 1255 0 0
56725 565333 82 0 0
57539 562918 0 464 0
146836 149839 120 0 0
146836 149849 122 0 0
146836 150030 116 0 0
146836 150043 121 0 0
146836 150051 121 0 0
146836 150058 120 0 0
146836 150102 121 0 0
236856 562016 0 817 0
148449 565970 1051 0 0
59817 561899 367 0 0
151706 569174 0 882 0
63194 340995 107 0 0
63985 562977 49 0 0
65706 564201 0 1279 0
66558 230854 368 0 0
66558 561023 88 0 0
66558 561899 601 0 0
66558 562246 796 0 0
66558 562511 964 0 0
68160 113885 489 0 0
68261 563401 0 1268 0
158362 571270 0 61 0
71371 564350 30 0 0
71371 568943 2679 0 0
340995 425252 0 45 0
340995 543588 0 103 0
340995 561744 0 56 0
340995 561791 0 48 0
340995 561794 0 50 0
340995 566873 0 86 0
340995 566902 0 2116 0
340995 567812 0 107 0
163282 560566 0 78 0
253721 437691 0 1390 0
253721 560424 0 6632 0
82894 82926 55 0 0
441974 562767 17 0 0
441974 562946 147 0 0
441974 562993 172 0 0
441974 564537 1074 0 0
441974 564790 1206 0 0
441974 565494 1674 0 0
441974 569325 3797 0 0
443016 569333 0 844 0
532682 564924 0 184 0
88040 572450 88 0 0
