1 1 100 437.997
2 2 100 714.017
3 3 100 1176.8
4 4 100 1423.99
5 5 100 1588.5
6 6 100 1739.42
7 7 100 1843.88
8 8 100 1938.83
9 9 100 2019.89
10 10 100 2573.32
11 11 100 2633.22
12 12 100 2694.04
13 13 100 3083.99
14 14 100 3115.6
15 15 100 3163.96
16 16 100 3209.1
17 17 100 3248.59
18 18 100 3268.41
19 19 100 3288.57
20 20 100 3297.34
21 21 100 3314.34
22 22 100 3329.76
23 23 100 3370.51
24 24 100 3386.09
25 25 100 3400.38
26 26 100 3411.81
27 27 100 3422.83
28 28 100 3437.51
29 29 100 3449.61
30 30 100 3470.5
31 31 100 3479.16
32 32 100 3489.5
33 33 100 3500.89
34 34 100 3521.06
35 35 100 9404.48
36 36 100 9521.74
37 37 100 9530.89
38 38 100 9539.11
39 39 100 9551.17
40 40 100 9560.76
41 41 100 9568.8
42 42 100 9624.91
43 43 100 9633.07
44 44 100 9654.97
45 45 100 9663.61
46 46 100 9684.74
47 47 100 9699.65
48 48 100 9706.68
49 49 100 9714.36
50 50 100 9720.83
