1 1 100 342.176
2 2 100 503.155
3 3 100 542.781
4 4 100 564.624
5 5 100 581.84
6 6 100 592.772
7 7 100 599.29
8 8 100 605.44
9 9 100 611.59
10 10 100 616.575
11 11 100 620.64
12 12 100 624.583
13 13 100 628.526
14 14 100 632.469
15 15 100 636.044
16 16 100 639.251
17 17 100 642.458
18 18 100 645.665
19 19 100 648.872
20 20 100 652.055
21 21 100 654.894
22 22 100 657.733
23 23 100 660.573
24 24 100 663.412
25 25 100 666.251
26 26 100 668.723
27 27 100 671.194
28 28 100 673.665
29 29 100 676.137
30 30 100 678.608
31 31 100 681.079
32 32 100 683.551
33 33 100 686.022
34 34 100 688.218
35 35 100 690.413
36 36 100 692.538
37 37 100 694.642
38 38 100 696.746
39 39 100 698.849
40 40 100 700.953
41 41 100 703.056
42 42 100 705.16
43 43 100 707.263
44 44 100 709.367
45 45 100 711.47
46 46 100 713.574
47 47 100 715.677
48 48 100 717.781
49 49 100 719.885
50 50 100 721.988
