1 1 100 7.73679
2 2 100 12.3707
3 3 100 17.4173
4 4 100 20.0144
5 5 100 21.6815
6 6 100 22.9099
7 7 100 26.0794
8 8 100 38.6676
9 9 100 45.8808
10 10 100 46.9728
11 11 100 50.8238
12 12 100 67.949
13 13 100 70.8078
14 14 100 74.0151
15 15 100 76.0341
16 16 100 78.5976
17 17 100 81.1611
18 18 100 82.2016
19 19 100 84.6327
20 20 100 85.8173
21 21 100 88.2888
22 22 100 90.2085
23 23 100 91.8523
24 24 100 93.1235
25 25 100 94.7366
26 26 100 96.6563
27 27 100 98.76
28 28 100 99.829
29 29 100 100.898
30 30 100 101.99
31 31 100 103.067
32 32 100 105.147
33 33 100 106.184
34 34 100 107.92
35 35 100 109.656
36 36 100 111.46
37 37 100 114.362
38 38 100 115.821
39 39 100 117.194
40 40 100 118.93
41 41 100 120.665
42 42 100 122.401
43 43 100 124.137
44 44 100 126.252
45 45 100 127.293
46 46 100 128.201
47 47 100 129.265
48 48 100 130.632
49 49 100 132
50 50 100 133.368
