86 75420 2 0 2 240 0 2 0 0
86 639876 0 1 1 0 66 0 1 0
96 24205 0 1 1 0 731 0 1 0
168 164268 1 0 1 1620 0 1 0 0
168 409933 1 0 1 1190 0 1 0 0
168 726504 1 0 1 1963 0 1 0 0
168 803082 1 0 1 982 0 1 0 0
168 803456 1 0 1 2463 0 1 0 0
168 850552 1 0 1 104 0 1 0 0
168 850556 1 0 1 106 0 1 0 0
168 850563 1 0 1 110 0 1 0 0
168 850621 1 0 1 134 0 1 0 0
168 850671 1 0 1 154 0 1 0 0
168 850829 1 0 1 220 0 1 0 0
168 851045 1 0 1 327 0 1 0 0
168 851131 1 0 1 363 0 1 0 0
168 851283 1 0 1 439 0 1 0 0
168 852298 1 0 1 823 0 1 0 0
168 852327 1 0 1 831 0 1 0 0
168 852587 1 0 1 943 0 1 0 0
168 852630 1 0 1 959 0 1 0 0
168 853067 1 0 1 1167 0 1 0 0
168 853131 1 0 1 1190 0 1 0 0
168 853301 1 0 1 1270 0 1 0 0
168 853370 1 0 1 1303 0 1 0 0
168 853636 1 0 1 1412 0 1 0 0
168 853961 1 0 1 1537 0 1 0 0
168 854310 1 0 1 1688 0 1 0 0
168 854331 1 0 1 1700 0 1 0 0
168 854473 1 0 1 1753 0 1 0 0
168 854490 1 0 1 1763 0 1 0 0
168 854671 1 0 1 1869 0 1 0 0
168 854960 1 0 1 1999 0 1 0 0
168 855013 1 0 1 2016 0 1 0 0
168 855039 1 0 1 2027 0 1 0 0
168 855311 1 0 1 2118 0 1 0 0
168 855324 1 0 1 2120 0 1 0 0
168 855522 1 0 1 2217 0 1 0 0
168 855831 1 0 1 2368 0 1 0 0
168 856260 1 0 1 2581 0 1 0 0
168 856575 1 0 1 2713 0 1 0 0
168 856688 1 0 1 2771 0 1 0 0
168 856774 1 0 1 2810 0 1 0 0
168 856861 1 0 1 2853 0 1 0 0
180 12478 1 0 1 1368 0 1 0 0
180 36771 1 0 1 1691 0 1 0 0
180 849770 1 0 1 811 0 1 0 0
207 893 1 0 1 4446 0 1 0 0
207 1861 1 0 1 626 0 1 0 0
207 2415 1 0 1 296 0 1 0 0
207 3055 1 0 1 275 0 1 0 0
207 4409 1 0 1 364 0 1 0 0
207 7361 1 0 1 1990 0 1 0 0
207 7657 1 0 1 534 0 1 0 0
207 9093 1 0 1 1002 0 1 0 0
207 10375 1 0 1 2538 0 1 0 0
207 12078 1 0 1 450 0 1 0 0
207 13574 1 0 1 330 0 1 0 0
207 14897 1 0 1 394 0 1 0 0
207 38788 1 0 1 3928 0 1 0 0
207 52279 1 0 1 2599 0 1 0 0
207 145742 1 0 1 58 0 1 0 0
207 151815 1 0 1 2221 0 1 0 0
207 177472 1 0 1 194 0 1 0 0
207 189522 1 0 1 565 0 1 0 0
207 213028 1 0 1 253 0 1 0 0
207 256250 1 0 1 3206 0 1 0 0
207 427938 1 0 1 1720 0 1 0 0
207 440450 1 0 1 1802 0 1 0 0
207 449475 1 0 1 14 0 1 0 0
207 487224 1 0 1 2771 0 1 0 0
207 567926 1 0 1 321 0 1 0 0
207 568768 1 0 1 3788 0 1 0 0
207 571057 1 0 1 1938 0 1 0 0
207 592114 1 0 1 1019 0 1 0 0
207 622637 1 0 1 2837 0 1 0 0
207 624825 1 0 1 207 0 1 0 0
207 810805 1 0 1 3187 0 1 0 0
207 839997 1 0 1 23 0 1 0 0
207 840975 1 0 1 1099 0 1 0 0
207 847141 1 0 1 815 0 1 0 0
207 852899 1 0 1 3091 0 1 0 0
322 4361 0 1 1 0 217 0 1 0
322 4400 0 1 1 0 938 0 1 0
322 6995 0 1 1 0 1235 0 1 0
322 8285 0 1 1 0 129 0 1 0
322 24794 0 2 2 0 899 0 2 0
322 96303 0 1 1 0 263 0 1 0
322 256800 0 1 1 0 159 0 1 0
322 423434 0 1 1 0 89 0 1 0
322 445704 0 1 1 0 196 0 1 0
322 481568 0 1 1 0 81 0 1 0
322 512162 0 1 1 0 134 0 1 0
322 604802 0 2 2 0 405 0 2 0
322 683899 0 1 1 0 857 0 1 0
322 715047 0 1 1 0 789 0 1 0
322 737871 0 1 1 0 156 0 1 0
322 779236 0 1 1 0 1188 0 1 0
322 796660 0 1 1 0 140 0 1 0
322 807043 0 1 1 0 572 0 1 0
322 816078 0 1 1 0 249 0 1 0
322 817792 0 1 1 0 367 0 1 0
322 817957 0 2 2 0 172 0 2 0
322 824193 0 2 2 0 137 0 2 0
322 828699 0 1 1 0 60 0 1 0
322 829104 0 1 1 0 227 0 1 0
322 839509 0 1 1 0 663 0 1 0
322 840630 0 1 1 0 195 0 1 0
322 841434 0 1 1 0 769 0 1 0
322 841721 0 1 1 0 683 0 1 0
322 842154 0 1 1 0 501 0 1 0
322 842262 0 1 1 0 456 0 1 0
322 842282 0 1 1 0 442 0 1 0
322 842321 0 1 1 0 429 0 1 0
322 842332 0 1 1 0 392 0 1 0
322 842451 0 1 1 0 333 0 1 0
322 842454 0 1 1 0 308 0 1 0
322 842466 0 1 1 0 206 0 1 0
322 842814 0 1 1 0 114 0 1 0
322 843041 0 1 1 0 41 0 1 0
322 843202 0 1 1 0 171 0 1 0
322 844023 0 1 1 0 634 0 1 0
322 844099 0 1 1 0 798 0 1 0
322 844135 0 1 1 0 21 0 1 0
322 844198 0 1 1 0 162 0 1 0
322 844360 0 1 1 0 66 0 1 0
322 844824 0 1 1 0 34 0 1 0
322 845082 0 1 1 0 43 0 1 0
322 845296 0 1 1 0 105 0 1 0
89719 135680 1 0 1 523 0 1 0 0
535035 538225 1 0 1 13 0 1 0 0
535035 848985 1 0 1 926 0 1 0 0
535035 849975 1 0 1 1304 0 1 0 0
535035 851006 1 0 1 1762 0 1 0 0
535035 856706 1 0 1 4244 0 1 0 0
826 398849 1 0 1 1709 0 1 0 0
826 705386 1 0 1 5 0 1 0 0
893 639876 0 1 1 0 6633 0 1 0
1021 639876 0 1 1 0 206 0 1 0
1086 639876 0 1 1 0 860 0 1 0
446316 639876 0 1 1 0 105 0 1 0
90332 161688 0 1 1 0 503 0 1 0
713779 846463 0 1 1 0 696 0 1 0
1589 2577 1 0 1 32 0 1 0 0
1589 2625 1 0 1 29 0 1 0 0
1662 46865 1 0 1 797 0 1 0 0
1662 270074 1 0 1 332 0 1 0 0
1662 297284 1 0 1 3213 0 1 0 0
1662 458216 1 0 1 18 0 1 0 0
1662 847724 1 0 1 11 0 1 0 0
1662 847731 1 0 1 12 0 1 0 0
1662 847962 1 0 1 79 0 1 0 0
1662 852644 1 0 1 1952 0 1 0 0
1662 853677 1 0 1 2421 0 1 0 0
1774 472111 0 1 1 0 287 0 1 0
1861 839997 1 0 1 187 0 1 0 0
1867 850499 0 1 1 0 21 0 1 0
2011 48783 0 1 1 0 6 0 1 0
2011 168413 0 3 3 0 77 0 3 0
2091 48783 0 1 1 0 25 0 1 0
2091 168413 0 1 1 0 117 0 1 0
2415 639876 0 1 1 0 1233 0 1 0
2518 429248 1 0 1 659 0 1 0 0
2577 34059 0 1 1 0 40 0 1 0
2577 839526 0 1 1 0 190 0 1 0
2625 34059 0 1 1 0 36 0 1 0
2625 852846 0 1 1 0 25 0 1 0
448015 510983 0 1 1 0 18 0 1 0
2811 208563 1 0 1 194 0 1 0 0
2811 842771 1 0 1 812 0 1 0 0
2811 843219 1 0 1 938 0 1 0 0
2811 843295 1 0 1 959 0 1 0 0
3055 639876 0 1 1 0 9 0 1 0
448282 846776 0 1 1 0 344 0 1 0
92213 840176 0 1 1 0 57 0 1 0
3284 639876 0 1 1 0 232 0 1 0
3965 415526 0 1 1 0 1293 0 1 0
4140 669000 0 1 1 0 897 0 1 0
4255 37193 1 0 1 61 0 1 0 0
4255 237985 1 0 1 14 0 1 0 0
4255 537533 1 0 1 142 0 1 0 0
4255 537769 1 0 1 19 0 1 0 0
93310 841230 1 0 1 319 0 1 0 0
449475 639876 0 3 3 0 244 0 3 0
4303 847436 0 1 1 0 1529 0 1 0
4409 639876 0 1 1 0 3176 0 1 0
4853 11288 1 0 1 16 0 1 0 0
4853 20623 1 0 1 260 0 1 0 0
4853 51305 1 0 1 64 0 1 0 0
4853 51525 1 0 1 914 0 1 0 0
4853 63861 1 0 1 3209 0 1 0 0
4853 88965 1 0 1 2907 0 1 0 0
4853 211973 1 0 1 611 0 1 0 0
4853 218325 1 0 1 8 0 1 0 0
4853 231181 1 0 1 1743 0 1 0 0
4853 235328 1 0 1 3485 0 1 0 0
4853 792994 1 0 1 883 0 1 0 0
4853 850017 1 0 1 467 0 1 0 0
4853 850344 1 0 1 614 0 1 0 0
4853 852466 1 0 1 1502 0 1 0 0
4853 855498 1 0 1 2804 0 1 0 0
4937 210779 0 1 1 0 1003 0 1 0
273135 853028 0 1 1 0 1168 0 1 0
273203 849717 1 0 1 124 0 1 0 0
6247 16244 2 0 2 104 0 2 0 0
6247 27631 1 0 1 214 0 1 0 0
6247 42416 1 0 1 670 0 1 0 0
6247 312103 1 0 1 3545 0 1 0 0
6247 531185 2 0 2 1562 0 2 0 0
95593 852889 0 1 1 0 1785 0 1 0
6611 48783 0 1 1 0 93 0 1 0
6611 168413 0 3 3 0 580 0 3 0
6611 210779 0 1 1 0 57 0 1 0
6611 841229 0 1 1 0 81 0 1 0
6648 850570 0 1 1 0 375 0 1 0
6917 57645 0 1 1 0 92 0 1 0
7135 210779 0 1 1 0 171 0 1 0
7189 854515 1 0 1 370 0 1 0 0
7361 10009 0 1 1 0 1744 0 1 0
7361 414234 0 1 1 0 3349 0 1 0
7361 639876 0 1 1 0 572 0 1 0
7361 836806 0 1 1 0 692 0 1 0
274939 856751 1 0 1 5166 0 1 0 0
8504 414234 0 1 1 0 50 0 1 0
9846 639876 0 1 1 0 1140 0 1 0
277116 306521 0 1 1 0 398 0 0.5 0
277116 314553 1 0 1 449 0 1 0 0
277116 448582 1 0 1 450 0 1 0 0
277116 847742 1 0 1 562 0 1 0 0
10008 10009 0 1 1 0 995 0 1 0
10009 30589 1 0 1 15 0 1 0 0
10009 56677 1 0 1 201 0 1 0 0
10009 87370 1 0 1 14 0 1 0 0
10009 752496 1 0 1 2190 0 1 0 0
10009 845027 1 0 1 669 0 1 0 0
10009 845679 1 0 1 13 0 1 0 0
10009 845764 1 0 1 32 0 1 0 0
10009 845871 1 0 1 65 0 1 0 0
10009 846660 1 0 1 365 0 1 0 0
10009 847339 1 0 1 626 0 1 0 0
10009 847484 1 0 1 676 0 1 0 0
10009 847625 1 0 1 730 0 1 0 0
10009 847763 1 0 1 769 0 1 0 0
10009 847988 1 0 1 836 0 1 0 0
10009 848274 1 0 1 941 0 1 0 0
10009 849040 1 0 1 1226 0 1 0 0
10009 849351 1 0 1 1350 0 1 0 0
10009 849598 1 0 1 1449 0 1 0 0
10009 849612 1 0 1 1455 0 1 0 0
10009 849911 1 0 1 1554 0 1 0 0
10009 851892 1 0 1 2401 0 1 0 0
10009 852522 1 0 1 2656 0 1 0 0
10009 852822 1 0 1 2797 0 1 0 0
10009 854840 1 0 1 3683 0 1 0 0
10009 855089 1 0 1 3786 0 1 0 0
10009 855537 1 0 1 3961 0 1 0 0
10009 856241 1 0 1 4310 0 1 0 0
10009 856720 1 0 1 4526 0 1 0 0
277857 426502 1 0 1 1589 0 1 0 0
277857 844531 1 0 1 256 0 1 0 0
189126 306521 0 1 1 0 22 0 1 0
11693 256721 0 1 1 0 319 0 1 0
635299 639876 0 1 1 0 282 0 1 0
12078 249425 0 1 1 0 291 0 1 0
12078 336977 0 1 1 0 2503 0 1 0
13400 23184 1 0 1 2453 0 1 0 0
637071 840795 0 1 1 0 59 0 1 0
14144 35912 0 1 1 0 1 0 1 0
14144 841229 0 0 1 0 0 0 0 0
14296 168413 0 0 1 0 0 0 0 0
14296 210779 0 0 1 0 0 0 0 0
14296 841229 0 0 1 0 0 0 0 0
14419 168413 0 1 1 0 83 0 1 0
14510 168413 0 1 1 0 86 0 1 0
14679 844390 0 1 1 0 3509 0 1 0
15480 340995 1 0 1 58 0 1 0 0
639876 794842 1 0 1 4209 0 1 0 0
639876 811524 1 0 1 330 0 1 0 0
639876 837629 1 0 1 94 0 1 0 0
639876 837736 1 0 1 120 0 1 0 0
639876 837762 4 0 4 425 0 4 0 0
639876 837913 1 0 1 427 0 1 0 0
639876 838073 1 0 1 202 0 1 0 0
639876 838294 1 0 1 269 0 1 0 0
639876 838327 1 0 1 277 0 1 0 0
639876 838442 1 0 1 314 0 1 0 0
639876 838535 1 0 1 338 0 1 0 0
639876 838750 1 0 1 404 0 1 0 0
639876 838977 1 0 1 468 0 1 0 0
639876 839683 1 0 1 671 0 1 0 0
639876 840975 1 0 1 1037 0 1 0 0
639876 841480 1 0 1 1141 0 1 0 0
639876 841646 1 0 1 1180 0 1 0 0
639876 841732 1 0 1 1210 0 1 0 0
639876 841833 1 0 1 1235 0 1 0 0
639876 841886 1 0 1 1253 0 1 0 0
639876 841994 1 0 1 1284 0 1 0 0
639876 842105 1 0 1 1310 0 1 0 0
639876 842553 1 0 1 1433 0 1 0 0
639876 842760 1 0 1 1498 0 1 0 0
639876 846677 1 0 1 2795 0 1 0 0
639876 846766 1 0 1 2826 0 1 0 0
283943 837654 0 1 1 0 1285 0 1 0
16960 18105 0 1 1 0 28 0 1 0
284745 639876 0 1 1 0 4469 0 1 0
18108 837958 1 0 1 1 0 1 0 0
18398 414234 0 1 1 0 1057 0 1 0
642299 841127 1 0 1 220 0 1 0 0
19022 235244 1 0 1 781 0 1 0 0
19022 850581 1 0 1 607 0 1 0 0
197168 531564 1 0 1 23 0 1 0 0
553535 836806 0 1 1 0 176 0 1 0
642656 736050 0 1 1 0 16 0 1 0
108615 747813 1 0 1 4385 0 1 0 0
108615 830264 1 0 1 28 0 1 0 0
108615 844956 1 0 1 2338 0 1 0 0
108615 845726 1 0 1 2595 0 1 0 0
108615 846008 1 0 1 2689 0 1 0 0
376332 846623 0 1 1 0 2720 0 1 0
821641 839387 1 0 1 124 0 1 0 0
821641 840456 1 0 1 450 0 1 0 0
821641 850926 1 0 1 3969 0 1 0 0
20280 147329 0 1 1 0 2000 0 1 0
376456 669000 0 1 1 0 2914 0 1 0
199478 850122 1 0 1 122 0 1 0 0
22004 130954 0 1 1 0 552 0 1 0
200172 856500 1 0 1 5397 0 1 0 0
22094 49053 0 1 1 0 392 0 1 0
823577 836806 0 1 1 0 1768 0 1 0
200545 373363 0 1 1 0 673 0 1 0
200969 340995 1 0 1 84 0 1 0 0
23249 62215 0 1 1 0 1110 0 1 0
23249 785566 0 1 1 0 1520 0 1 0
23604 49475 1 0 1 430 0 1 0 0
23911 340995 1 0 1 541 0 1 0 0
469363 673296 1 0 1 8 0 1 0 0
24264 340995 1 0 1 60 0 1 0 0
558666 853389 0 1 1 0 256 0 1 0
380672 414234 0 1 1 0 159 0 1 0
469814 639876 0 1 1 0 127 0 1 0
736994 845939 1 0 1 1962 0 1 0 0
113887 839558 0 1 1 0 736 0 1 0
381104 854308 1 0 1 5671 0 1 0 0
381310 414234 0 1 1 0 27 0 1 0
25262 736050 0 1 1 0 1809 0 1 0
25281 849650 0 1 1 0 783 0 1 0
292453 639876 0 1 1 0 824 0 1 0
26112 58455 1 0 1 121 0 1 0 0
26112 533381 1 0 1 486 0 1 0 0
26112 849783 1 0 1 19 0 1 0 0
26239 843960 0 1 1 0 103 0 1 0
26705 26788 1 0 1 100 0 1 0 0
26705 856301 1 0 1 16 0 1 0 0
26705 856423 1 0 1 73 0 1 0 0
472111 700047 1 0 1 83 0 1 0 0
27526 129581 0 1 1 0 140 0 1 0
27631 512520 0 1 1 0 135 0 1 0
27935 32258 0 1 1 0 29 0 1 0
27983 32258 0 1 1 0 45 0 1 0
562289 853530 0 1 1 0 310 0 1 0
562289 855655 1 0 1 4308 0 1 0 0
28622 245628 0 1 1 0 75 0 1 0
295784 340995 1 0 1 77 0 1 0 0
295784 852262 1 0 1 402 0 1 0 0
30031 549862 1 0 1 818 0 1 0 0
30099 32258 0 1 1 0 1056 0 1 0
31578 854034 0 1 1 0 508 0 1 0
31618 848399 1 0 1 3153 0 1 0 0
31618 856604 1 0 1 6643 0 1 0 0
31814 164466 0 1 1 0 430 0 1 0
31996 129581 0 1 1 0 908 0 1 0
833434 841434 0 1 1 0 66 0 1 0
32294 852889 0 1 1 0 97 0 1 0
121486 189448 1 0 1 182 0 1 0 0
210779 480704 1 0 1 100 0 1 0 0
300102 539962 0 1 1 0 6189 0 1 0
122428 836806 0 1 1 0 36 0 1 0
33498 266514 1 0 1 28 0 1 0 0
33498 846265 1 0 1 1857 0 1 0 0
33498 856065 1 0 1 5867 0 1 0 0
33513 44596 1 0 1 16 0 1 0 0
33513 845742 1 0 1 971 0 1 0 0
568768 639876 0 1 1 0 6021 0 1 0
123778 633092 0 1 1 0 262 0 1 0
34837 35912 0 1 1 0 1 0 1 0
34841 37725 2 0 2 3055 0 2 0 0
747295 851353 1 0 1 73 0 1 0 0
302266 532332 1 0 1 245 0 1 0 0
302266 853160 1 0 1 87 0 1 0 0
302266 854178 1 0 1 517 0 1 0 0
747594 848412 0 1 1 0 1606 0 1 0
35404 852889 0 1 1 0 1174 0 1 0
836806 836827 1 0 1 7 0 1 0 0
836806 836848 1 0 1 14 0 1 0 0
836806 836880 1 0 1 21 0 1 0 0
836806 836899 1 0 1 25 0 1 0 0
836806 836911 1 0 1 27 0 1 0 0
836806 836930 1 0 1 31 0 1 0 0
836806 836932 1 0 1 32 0 1 0 0
836806 836945 1 0 1 35 0 1 0 0
836806 836964 1 0 1 39 0 1 0 0
836806 836993 1 0 1 40 0 1 0 0
836806 837008 1 0 1 46 0 1 0 0
836806 837191 1 0 1 102 0 1 0 0
836806 837226 1 0 1 111 0 1 0 0
836806 837362 1 0 1 147 0 1 0 0
836806 837442 1 0 1 168 0 1 0 0
836806 837448 1 0 1 169 0 1 0 0
836806 837496 1 0 1 181 0 1 0 0
836806 837533 1 0 1 193 0 1 0 0
836806 837627 1 0 1 223 0 1 0 0
836806 837960 1 0 1 307 0 1 0 0
836806 838081 1 0 1 336 0 1 0 0
836806 838416 1 0 1 434 0 1 0 0
836806 838453 1 0 1 449 0 1 0 0
836806 838682 1 0 1 517 0 1 0 0
836806 838718 1 0 1 526 0 1 0 0
836806 838754 1 0 1 533 0 1 0 0
836806 838761 1 0 1 536 0 1 0 0
836806 838783 1 0 1 540 0 1 0 0
836806 838928 1 0 1 582 0 1 0 0
836806 839167 1 0 1 645 0 1 0 0
836806 839299 1 0 1 687 0 1 0 0
836806 839367 1 0 1 703 0 1 0 0
836806 839884 1 0 1 871 0 1 0 0
836806 839897 1 0 1 874 0 1 0 0
836806 839989 1 0 1 903 0 1 0 0
836806 840102 1 0 1 933 0 1 0 0
836806 840412 1 0 1 1024 0 1 0 0
836806 840417 1 0 1 1025 0 1 0 0
836806 840967 1 0 1 1164 0 1 0 0
836806 841048 1 0 1 1182 0 1 0 0
836806 841179 1 0 1 1212 0 1 0 0
836806 841606 1 0 1 1296 0 1 0 0
836806 841697 1 0 1 1326 0 1 0 0
836806 842168 1 0 1 1455 0 1 0 0
836806 842582 1 0 1 1574 0 1 0 0
836806 843044 1 0 1 1702 0 1 0 0
836806 843118 1 0 1 1729 0 1 0 0
836806 843221 1 0 1 1760 0 1 0 0
836806 844463 1 0 1 2163 0 1 0 0
836806 844601 1 0 1 2207 0 1 0 0
836806 844804 1 0 1 2269 0 1 0 0
836806 844836 1 0 1 2284 0 1 0 0
836806 845116 1 0 1 2375 0 1 0 0
836806 845245 1 0 1 2423 0 1 0 0
836806 845941 1 0 1 2643 0 1 0 0
836806 845953 1 0 1 2651 0 1 0 0
836806 846150 1 0 1 2726 0 1 0 0
836806 846292 1 0 1 2778 0 1 0 0
836806 847387 1 0 1 3192 0 1 0 0
836806 847722 1 0 1 3313 0 1 0 0
836806 849995 1 0 1 4142 0 1 0 0
836806 850448 1 0 1 4352 0 1 0 0
836806 850723 1 0 1 4466 0 1 0 0
836806 851391 1 0 1 4770 0 1 0 0
836806 851479 1 0 1 4797 0 1 0 0
836806 852163 1 0 1 5062 0 1 0 0
836806 852423 1 0 1 5163 0 1 0 0
836806 854744 1 0 1 6186 0 1 0 0
836806 854956 1 0 1 6285 0 1 0 0
836806 856099 1 0 1 6793 0 1 0 0
836806 856542 1 0 1 6992 0 1 0 0
836847 837021 1 0 1 43 0 1 0 0
480704 841229 0 1 1 0 91 0 1 0
35732 849401 1 0 1 40 0 1 0 0
35732 850178 1 0 1 338 0 1 0 0
35732 850195 1 0 1 343 0 1 0 0
36434 147329 0 1 1 0 772 0 1 0
481709 700222 1 0 1 43 0 1 0 0
481709 855998 2 0 2 5953 0 2 0 0
481709 856896 1 0 1 439 0 1 0 0
125756 414234 0 1 1 0 1401 0 1 0
125756 854892 0 1 1 0 55 0 1 0
36947 414234 0 1 1 0 48 0 1 0
838366 839664 1 0 1 378 0 1 0 0
838366 852658 1 0 1 4845 0 1 0 0
838366 855175 1 1 2 5946 172 1 1 0
838366 856725 1 0 1 6664 0 1 0 0
838427 839191 1 0 1 219 0 1 0 0
482283 849945 0 1 1 0 1250 0 1 0
37193 228788 0 1 1 0 40 0 1 0
37193 838636 0 1 1 0 59 0 1 0
37193 840573 0 1 1 0 411 0 1 0
838597 838857 1 0 1 80 0 1 0 0
838597 839216 1 0 1 180 0 1 0 0
838597 848942 1 0 1 3256 0 1 0 0
838636 843366 1 0 1 1297 0 1 0 0
838643 839033 1 0 1 109 0 1 0 0
838712 839783 1 0 1 105 0 1 0 0
838715 839175 1 0 1 118 0 1 0 0
839121 844403 1 0 1 1505 0 1 0 0
839421 840215 1 0 1 243 0 1 0 0
216446 306521 0 1 1 0 50 0 1 0
305795 642299 0 1 1 0 3138 0 1 0
840165 846092 1 0 1 1754 0 1 0 0
573537 853853 0 1 1 0 248 0 1 0
306521 848428 1 0 1 425 0 1 0 0
306521 856122 1 0 1 3684 0 1 0 0
840828 841163 1 0 1 76 0 1 0 0
39563 838636 0 0 1 0 0 0 0 0
39563 842321 0 1 1 0 429 0 1 0
396117 844390 0 1 1 0 4264 0 1 0
40121 45542 1 0 1 1769 0 1 0 0
40121 123018 2 0 2 661 0 2 0 0
40121 837813 1 0 1 253 0 1 0 0
40232 841069 1 0 1 219 0 1 0 0
40315 129581 0 1 1 0 94 0 1 0
129581 296253 1 0 1 2198 0 1 0 0
129581 850526 1 0 1 72 0 1 0 0
129581 850561 1 0 1 89 0 1 0 0
129581 850742 1 0 1 167 0 1 0 0
130176 415526 0 1 1 0 5017 0 1 0
41297 856907 1 0 1 46 0 1 0 0
41319 639876 0 1 1 0 843 0 1 0
842775 850031 1 0 1 2507 0 1 0 0
842931 845627 1 0 1 880 0 1 0 0
842932 845367 1 0 1 795 0 1 0 0
842985 843028 1 0 1 10 0 1 0 0
130954 441184 1 0 1 21 0 1 0 0
130954 649020 1 0 1 2127 0 1 0 0
130954 846461 1 0 1 413 0 1 0 0
130954 851679 1 0 1 2447 0 1 0 0
130954 852464 1 0 1 2760 0 1 0 0
130954 854827 1 0 1 3806 0 1 0 0
843337 843460 1 0 1 39 0 1 0 0
843404 850579 1 0 1 2595 0 1 0 0
843637 846275 1 0 1 892 0 1 0 0
843886 844631 1 0 1 268 0 1 0 0
42546 849945 0 1 1 0 165 0 1 0
844307 844308 0 1 1 0 180 0 1 0
844308 847164 1 0 1 1194 0 1 0 0
42982 478554 0 1 1 0 53 0 1 0
42982 852846 0 1 1 0 50 0 1 0
844390 853069 1 0 1 3322 0 1 0 0
221277 415526 0 1 1 0 6890 0 1 0
844789 855632 1 0 1 4293 0 1 0 0
43446 414234 0 1 1 0 4647 0 1 0
43527 192438 1 0 1 87 0 1 0 0
221611 843911 1 0 1 1753 0 1 0 0
845082 846697 1 0 1 570 0 1 0 0
845115 845274 1 0 1 58 0 1 0 0
845115 846212 1 0 1 371 0 1 0 0
845115 847505 1 0 1 860 0 1 0 0
845115 853654 1 0 1 3335 0 1 0 0
756521 852793 0 1 1 0 1491 0 1 0
44223 639876 0 1 1 0 2998 0 1 0
44229 849650 0 1 1 0 74 0 1 0
845823 853215 1 0 1 2914 0 1 0 0
846100 849257 1 0 1 1160 0 1 0 0
846187 848499 1 0 1 835 0 1 0 0
134080 414234 0 1 1 0 1543 0 1 0
134294 846237 1 0 1 15 0 1 0 0
668698 855813 1 0 1 108 0 1 0 0
847005 852668 1 0 1 2230 0 1 0 0
847005 853266 1 0 1 2499 0 1 0 0
669000 838366 1 0 1 262 0 1 0 0
847318 853746 1 0 1 2586 0 1 0 0
847436 851911 1 0 1 1750 0 1 0 0
46541 414234 0 1 1 0 145 0 1 0
46726 415526 0 1 1 0 3241 0 1 0
47009 839825 0 1 1 0 696 0 1 0
848389 848395 1 0 1 2 0 1 0 0
136128 147329 1 0 1 62 0 1 0 0
848490 852028 1 0 1 1442 0 1 0 0
848577 849199 1 0 1 247 0 1 0 0
848601 851088 1 0 1 1032 0 1 0 0
403659 639876 0 2 2 0 4057 0 2 0
759850 855933 0 1 1 0 455 0 1 0
136567 779098 1 0 1 736 0 1 0 0
848916 848970 1 0 1 23 0 1 0 0
849058 849355 1 0 1 120 0 1 0 0
849087 850812 1 0 1 700 0 1 0 0
849525 855468 1 0 1 2485 0 1 0 0
493426 736050 0 1 1 0 969 0 1 0
849650 849832 1 0 1 70 0 1 0 0
849650 850065 1 0 1 152 0 1 0 0
849650 850168 1 0 1 196 0 1 0 0
849650 850989 1 0 1 561 0 1 0 0
849650 851632 1 0 1 835 0 1 0 0
849650 853481 1 0 1 1624 0 1 0 0
849650 854319 1 0 1 1962 0 1 0 0
137361 847726 0 1 1 0 49 0 1 0
849905 849906 0 1 1 0 50 0 1 0
849945 850699 1 0 1 337 0 1 0 0
849945 856749 1 0 1 2970 0 1 0 0
493955 848773 1 0 1 101 0 1 0 0
493955 848841 1 0 1 125 0 1 0 0
493955 850788 1 0 1 911 0 1 0 0
493955 855570 1 0 1 2950 0 1 0 0
48783 60945 1 0 1 82 0 1 0 0
48783 120728 1 0 1 359 0 1 0 0
48783 480704 1 0 1 33 0 1 0 0
48783 838537 1 0 1 42 0 1 0 0
226895 414234 0 1 1 0 2740 0 1 0
850570 851467 1 0 1 392 0 1 0 0
850570 851777 1 0 1 508 0 1 0 0
850597 856264 1 0 1 2460 0 1 0 0
850604 854535 1 0 1 1663 0 1 0 0
850717 852166 1 0 1 599 0 1 0 0
49402 639876 0 1 1 0 5048 0 1 0
850776 855326 1 0 1 1926 0 1 0 0
761832 842500 1 0 1 417 0 1 0 0
851017 856873 1 0 1 2550 0 1 0 0
673296 855180 1 0 1 90 0 1 0 0
851954 855300 1 0 1 1426 0 1 0 0
851963 852063 1 0 1 43 0 1 0 0
851972 854531 1 0 1 1094 0 1 0 0
851972 855842 1 0 1 1679 0 1 0 0
50613 277116 2 0 2 729 0 1.5 0 0
50613 306521 0 1 1 0 156 0 1 0
495833 840795 0 1 1 0 163 0 1 0
852058 852156 1 0 1 39 0 1 0 0
852225 852885 1 0 1 303 0 1 0 0
852470 852627 1 0 1 63 0 1 0 0
853157 856397 1 0 1 1438 0 1 0 0
51822 856606 0 1 1 0 155 0 1 0
853236 854888 1 0 1 730 0 1 0 0
52159 52184 1 0 1 1205 0 1 0 0
52159 785897 1 0 1 3347 0 1 0 0
853530 853936 1 0 1 151 0 1 0 0
853530 853979 1 0 1 171 0 1 0 0
853745 853925 1 0 1 58 0 1 0 0
854034 854094 1 0 1 28 0 1 0 0
765192 854615 1 0 1 1142 0 1 0 0
854297 854623 1 0 1 155 0 1 0 0
53743 639876 0 1 1 0 164 0 1 0
320906 845562 1 0 1 1979 0 1 0 0
855305 855416 1 0 1 44 0 1 0 0
855708 855709 0 1 1 0 3278 0 1 0
855933 856756 1 0 1 386 0 1 0 0
856491 856515 1 0 1 15 0 1 0 0
856532 856589 1 0 1 29 0 1 0 0
55828 168413 0 3 3 0 199 0 3 0
56066 273203 0 1 1 0 248 0 1 0
145742 639876 0 1 1 0 653 0 1 0
769169 853001 1 0 1 2719 0 1 0 0
235152 414234 0 1 1 0 415 0 1 0
413354 850176 0 1 1 0 48 0 1 0
235715 847225 0 1 1 0 515 0 1 0
57645 62743 1 0 1 86 0 1 0 0
414234 627167 1 0 1 483 0 1 0 0
414234 683973 1 0 1 148 0 1 0 0
414234 705111 1 0 1 245 0 1 0 0
414234 727315 1 0 1 5143 0 1 0 0
414234 794842 1 0 1 1850 0 1 0 0
414234 841115 1 0 1 260 0 1 0 0
414234 843761 1 0 1 986 0 1 0 0
414234 845416 1 0 1 1551 0 1 0 0
414234 849094 1 0 1 2865 0 1 0 0
414234 854467 1 0 1 5106 0 1 0 0
414234 856712 1 0 1 6140 0 1 0 0
503280 852732 1 0 1 3572 0 1 0 0
58206 840700 0 1 2 0 1 0 1 0
147329 161688 0 1 1 0 42 0 1 0
147329 222441 1 1 2 174 32 1 1 0
147329 245628 0 1 1 0 158 0 1 0
147329 853206 0 1 1 0 61 0 1 0
147329 854578 0 1 1 0 22 0 1 0
415526 416411 1 0 1 34 0 1 0 0
415526 837170 1 0 1 22 0 1 0 0
415526 851949 1 0 1 4901 0 1 0 0
415526 853694 1 0 1 5654 0 1 0 0
328394 840795 0 1 1 0 418 0 1 0
61407 838785 0 1 1 0 1910 0 1 0
62427 849525 0 1 1 0 207 0 1 0
508451 850499 0 1 1 0 263 0 1 0
64126 639876 0 1 1 0 1618 0 1 0
510512 853342 1 0 1 936 0 1 0 0
688712 732511 0 1 1 0 1623 0 1 0
65597 472111 0 1 1 0 309 0 1 0
778015 843316 0 1 1 0 4129 0 1 0
778015 854297 0 1 1 0 36 0 1 0
421938 639876 0 3 3 0 1007 0 3 0
778193 850604 0 1 1 0 283 0 1 0
779098 839880 0 1 1 0 1458 0 1 0
779098 842364 0 1 1 0 734 0 1 0
779236 839133 1 0 1 1 0 1 0 0
245628 294913 0 1 1 0 234 0 1 0
67971 639876 0 1 1 0 298 0 1 0
68266 414234 0 1 1 0 2784 0 1 0
602952 801285 0 1 1 0 1075 0 1 0
602952 854544 0 1 1 0 873 0 1 0
602952 855010 0 1 1 0 656 0 1 0
69292 846623 0 1 1 0 1940 0 1 0
247758 414234 0 1 1 0 175 0 1 0
336977 487424 1 0 1 126 0 1 0 0
70200 127643 0 1 1 0 221 0 1 0
515653 517066 1 0 1 2546 0 1 0 0
515731 717918 0 1 1 0 154 0 1 0
604802 850291 1 0 1 145 0 1 0 0
604802 850408 1 0 1 197 0 1 0 0
337792 639876 0 1 1 0 498 0 1 0
428182 439213 0 1 1 0 462 0 1 0
73562 130954 0 1 1 0 319 0 1 0
73580 854271 0 1 1 0 460 0 1 0
340995 389411 0 1 1 0 2688 0 1 0
340995 836375 0 1 1 0 2443 0 1 0
340995 840671 0 1 1 0 84 0 1 0
340995 840848 0 1 1 0 49 0 1 0
340995 840869 0 1 1 0 52 0 1 0
340995 845932 0 1 1 0 3550 0 1 0
340995 851196 0 1 1 0 76 0 1 0
340995 851233 0 1 1 0 78 0 1 0
340995 851239 0 1 1 0 83 0 1 0
340995 853518 0 1 1 0 520 0 1 0
252669 290509 1 0 1 6 0 1 0 0
74893 81345 1 0 1 4906 0 1 0 0
164466 838231 1 0 1 255 0 1 0 0
788317 848785 0 1 1 0 1221 0 1 0
76133 856606 0 1 1 0 110 0 1 0
343333 841701 2 0 2 233 0 2 0 0
610670 840671 0 1 1 0 1142 0 1 0
77062 340995 1 0 1 615 0 1 0 0
166961 843335 0 1 1 0 82 0 1 0
168413 480704 3 0 3 223 0 3 0 0
346623 844390 0 1 1 0 549 0 1 0
616592 852889 1 0 1 38 0 1 0 0
82926 838636 0 1 1 0 62 0 1 0
82926 852846 0 1 1 0 25 0 1 0
439213 843354 1 0 1 141 0 1 0 0
706923 855380 1 0 1 1020 0 1 0 0
528898 855278 1 0 1 9 0 1 0 0
529005 840108 0 1 1 0 979 0 1 0
85613 849525 1 0 1 35 0 1 0 0
443099 853341 0 1 1 0 1010 0 1 0
