86 4
96 1
168 1
180 1
194 1
207 3
258 1
276 1
303 1
322 51
347 2
463 3
785 1
797 1
826 1
893 2
1021 1
1052 1
1086 1
1335 1
1509 1
1589 1
1662 1
1716 1
1732 1
1756 3
1774 1
1808 1
1861 2
1867 1
1874 1
1908 2
2011 4
2035 1
2091 2
2204 1
2408 1
2415 2
2518 1
2553 1
2577 3
2587 2
2625 3
2672 1
2675 2
2710 2
2783 1
2811 1
2841 1
3054 1
3055 2
3057 2
3062 1
3284 1
3359 4
3522 1
3538 1
3560 1
3610 1
3637 1
3965 1
4140 2
4205 1
4255 1
4303 1
4361 1
4400 1
4409 2
4511 1
4853 1
4937 1
5067 1
5084 1
5279 3
5374 1
5378 1
5422 2
5574 1
5628 1
5844 1
6164 1
6247 2
6253 1
6407 1
6611 6
6648 1
6667 2
6668 2
6917 2
6954 4
6995 1
7023 2
7065 1
7135 1
7149 1
7189 1
7227 1
7361 5
7403 1
7497 1
7521 4
7657 3
7821 1
7847 1
7852 1
7890 1
8072 2
8180 1
8234 1
8235 1
8285 1
8504 1
8512 1
8605 1
8651 1
8862 1
9030 1
9093 1
9124 1
9361 1
9380 1
9517 1
9637 1
9726 1
9846 3
9854 2
9952 1
10008 1
10009 1
10064 1
10245 1
10375 1
10411 4
10435 1
10690 1
10696 1
10831 2
10847 1
11090 1
11217 2
11288 1
11408 1
11693 1
11704 1
11973 1
12078 3
12097 2
12106 1
12365 1
12478 1
12535 2
12639 1
12743 1
12763 1
12979 1
13089 1
13115 1
13151 1
13248 2
13344 1
13400 1
13500 1
13543 1
13574 1
13665 1
13697 1
13741 1
13821 1
13848 1
13860 1
13946 2
14078 3
14114 1
14144 2
14259 1
14296 3
14330 1
14332 1
14390 1
14413 4
14419 1
14510 1
14679 1
14694 2
14733 1
14791 2
14897 1
14961 1
15075 1
15087 1
15461 1
15480 2
15598 2
15892 1
16223 1
16244 3
16253 1
16361 2
16396 1
16460 1
16546 2
16593 1
16693 1
16960 1
17045 2
17337 1
17624 1
17660 1
17685 1
17793 1
17807 1
17917 1
17995 1
18026 1
18105 1
18108 2
18146 1
18398 1
18548 1
18561 1
18898 1
19022 1
19205 1
19352 1
19367 1
19371 1
19417 1
19767 1
19785 1
19971 1
20006 1
20072 1
20280 1
20623 1
20665 1
20697 1
20838 1
21310 1
21346 1
21443 1
21537 1
21644 1
21950 1
22004 1
22065 1
22094 1
22342 1
22398 1
22653 1
22917 1
22970 2
23063 1
23076 1
23181 2
23184 1
23229 1
23249 2
23268 2
23276 1
23331 1
23379 2
23431 2
23554 1
23556 1
23593 1
23604 1
23609 1
23625 3
23674 1
23911 1
24027 1
24128 1
24205 1
24243 1
24264 2
24389 1
24452 1
24473 1
24542 2
24707 1
24794 2
24814 1
25064 1
25153 1
25168 1
25202 1
25262 1
25273 1
25281 1
25360 1
25516 3
25527 1
25571 2
25685 1
25987 1
26016 1
26112 4
26239 1
26312 3
26340 1
26396 2
26525 1
26600 1
26702 1
26705 1
26788 1
26898 3
27344 1
27526 1
27543 1
27571 1
27631 2
27675 1
27935 1
27983 1
28272 2
28403 1
28584 1
28620 1
28622 1
28701 1
28733 1
28766 1
28831 2
28858 1
28900 1
28956 1
28997 1
29000 4
29022 1
29023 1
29065 1
29084 1
29194 1
29321 1
29366 1
29438 1
29528 1
29593 1
29875 1
29992 1
30031 1
30099 1
30136 1
30175 2
30189 1
30193 1
30221 1
30337 2
30589 1
30639 1
30791 1
30932 1
31063 1
31088 1
31140 1
31340 2
31532 1
31578 3
31618 1
31814 1
31996 1
32063 1
32112 1
32233 1
32258 1
32294 1
32325 1
32450 2
32481 1
32589 1
32658 1
32697 1
32729 1
32799 1
32905 1
32944 1
32989 1
33086 2
33149 1
33248 2
33498 1
33513 1
33742 1
33754 2
34000 2
34059 1
34083 1
34238 2
34456 1
34584 1
34837 1
34841 2
34883 1
34962 2
35023 1
35104 1
35125 1
35217 1
35238 1
35404 1
35732 1
35912 1
36050 1
36158 1
36191 1
36265 1
36277 1
36402 1
36428 1
36434 1
36595 1
36668 1
36751 1
36771 1
36947 1
36965 2
37193 4
37456 1
37528 1
37725 2
37746 1
37867 1
37870 1
37878 1
37953 1
37977 1
38036 1
38330 1
38788 1
39204 1
39205 1
39208 1
39239 1
39288 1
39563 2
39649 2
39823 2
40121 3
40232 1
40315 1
40493 1
40614 2
40828 1
40903 1
41154 1
41210 2
41269 1
41297 1
41303 1
41319 1
41429 1
41736 1
41935 1
42124 1
42195 1
42212 2
42213 1
42416 1
42437 1
42546 1
42864 1
42939 1
42982 2
43182 1
43229 1
43446 1
43527 1
43867 1
43990 1
44030 1
44223 1
44229 1
44338 2
44351 1
44360 1
44596 1
44605 1
44742 1
44851 1
44927 2
45077 1
45108 1
45116 1
45153 1
45166 1
45529 1
45542 1
45617 1
45685 1
45788 1
45959 1
45964 1
45986 1
46254 1
46541 1
46726 1
46798 1
46865 1
46964 1
47009 1
47240 2
47338 1
47708 1
47900 1
47939 1
48073 1
48090 1
48562 4
48658 1
48769 3
48783 2
48788 1
48793 1
48816 1
48863 1
48957 1
48964 1
48997 2
49053 1
49067 1
49389 2
49402 1
49475 2
49526 1
49605 1
49691 1
49820 1
50192 1
50354 1
50521 1
50613 2
50644 1
50878 1
50881 1
51244 1
51305 1
51336 1
51394 1
51525 1
51532 1
51627 1
51629 1
51698 1
51743 1
51822 1
51842 1
52159 1
52184 1
52188 1
52279 1
52442 1
52538 1
52762 7
52768 1
53206 2
53222 1
53281 1
53295 1
53385 1
53392 1
53517 1
53743 1
54301 1
54691 2
54703 1
55489 1
55543 1
55823 1
55828 3
55908 2
56066 1
56068 3
56677 1
56874 2
57443 2
57645 2
57716 1
57744 1
57785 1
58170 1
58206 2
58430 1
58455 1
58594 1
58634 2
59466 1
59471 1
59678 1
60347 1
60462 1
60464 4
60881 1
60945 1
61066 2
61407 1
61507 1
61601 2
61896 1
62215 1
62324 1
62427 1
62506 3
62743 1
62793 1
62836 1
63677 1
63861 1
64126 1
64502 1
64556 1
64932 1
65162 1
65597 1
66265 1
66454 1
67211 1
67971 1
68049 1
68266 1
68374 1
68579 1
69292 1
70200 1
70890 1
71371 2
72460 1
72943 1
73314 1
73562 1
73580 1
73859 1
74181 1
74626 1
74893 1
75386 1
75420 2
75522 1
76133 1
77062 1
79269 1
80135 1
80358 1
80513 1
81345 2
81509 1
82745 1
82926 2
83100 1
83594 3
83862 2
84292 1
85613 1
86402 1
86492 1
87370 1
87645 2
87876 1
88942 1
88965 1
89139 3
89623 1
89719 1
90099 1
90332 1
91812 1
91888 1
92213 1
92771 3
93310 1
93426 1
93770 1
93810 1
95593 1
95639 2
96303 1
97020 1
98030 1
101138 1
101178 1
101805 1
102362 3
102367 1
103189 1
103214 3
103604 1
104758 1
104949 1
106465 1
107103 1
107983 1
108154 1
108615 1
108775 1
108859 1
109047 3
110719 1
110784 1
111224 1
111739 1
113250 1
113887 1
114555 2
114815 1
116277 1
116896 2
120018 1
120728 1
121078 2
121486 1
121940 1
122428 1
122607 1
123018 5
123202 1
123778 1
125349 1
125756 3
127643 1
128523 1
128583 1
128748 2
128804 1
129581 1
130176 1
130954 1
131404 1
134080 2
134294 1
134706 1
135167 1
135451 1
135520 1
135680 1
136128 1
136567 1
137361 1
138736 1
138843 1
139077 1
139423 5
139842 1
140121 1
140870 1
142633 1
142980 1
144097 1
145083 2
145240 1
145742 2
147211 1
147329 10
148763 1
150542 1
150751 1
151273 1
151815 1
153319 1
157384 1
158273 1
158341 1
158351 1
158354 2
158421 2
158553 1
161688 1
164268 1
164466 1
164628 2
166961 2
167359 1
167439 1
168328 1
168413 3
168465 2
169996 2
171153 1
172163 1
173958 1
174989 1
175085 1
177472 1
180641 1
181019 1
181518 2
182993 1
184847 3
185073 1
185115 2
186311 1
186419 1
189126 1
189238 2
189448 1
189522 1
192438 1
192563 1
192673 1
193430 1
193993 1
197168 1
197385 1
198480 1
198617 1
199391 1
199478 2
200172 1
200545 1
200773 1
200969 1
201762 1
202727 1
203444 1
204702 1
204744 1
205479 3
206849 1
207302 1
208005 1
208472 1
208563 1
209292 1
209917 1
210133 1
210779 1
211416 1
211921 1
211973 1
212655 2
213028 1
213890 1
213969 1
214932 1
216253 1
216446 1
217459 1
217651 1
218325 1
218913 1
219536 2
219649 1
220547 1
220606 1
221277 1
221381 1
221611 1
222441 2
222647 3
223721 1
223791 1
223882 1
223887 1
224142 3
224699 1
224920 1
225688 1
226159 1
226823 1
226895 1
227208 1
227229 1
228276 1
228788 1
229038 2
230906 1
231181 1
232288 1
232473 2
232779 1
233628 2
235152 1
235244 1
235328 1
235549 1
235715 1
236255 1
237612 2
237884 1
237985 1
242468 1
243212 1
244613 2
245628 2
245884 1
246444 1
247377 1
247758 1
248061 1
249425 1
250700 1
250783 1
250867 1
252012 1
252669 1
256250 1
256325 1
256669 1
256721 2
256800 1
259748 1
260025 1
260396 1
260445 1
260627 1
262624 1
263132 1
263272 1
264045 1
265480 1
266067 1
266165 1
266256 1
266514 1
266805 1
267471 1
270074 1
270450 1
273135 1
273139 1
273203 1
273642 1
274309 1
274350 1
274939 1
276399 1
277116 3
277857 1
278175 1
278839 1
279489 1
279657 1
281116 1
282935 2
282976 1
282977 1
283852 1
283943 1
284745 1
286782 1
290264 1
290402 1
290509 1
290615 1
291872 1
292453 1
293784 1
294738 1
294913 1
294986 2
295784 2
296253 1
296738 1
297284 1
297322 1
298568 1
299966 1
300102 1
300431 1
300625 1
302127 1
302266 1
303476 1
303894 1
304893 1
305795 1
305796 1
306058 1
306521 1
307729 1
308184 1
310207 1
310321 1
311638 1
311692 2
312103 1
312651 1
312661 1
313037 1
313561 1
314553 1
314570 1
315656 1
315662 1
316408 1
318210 1
318849 1
319011 1
320043 1
320906 1
321346 1
321540 1
323471 1
327017 1
327654 1
328394 1
328424 2
329201 1
329495 1
331151 1
331480 1
333242 1
334575 2
336750 1
336977 1
337792 1
340995 16
342073 1
342202 1
342637 1
343333 2
343802 2
344572 1
346623 1
349666 1
350827 2
351643 1
352192 1
353626 1
354522 1
355048 1
356493 1
359308 2
360549 1
361347 1
361605 1
362876 1
362958 1
363138 1
365174 3
367261 1
367616 1
367622 1
368067 2
368460 1
373363 1
374011 1
374416 1
375204 1
375744 1
376037 1
376332 1
376456 1
376623 1
377314 1
377332 2
377790 1
379352 1
380672 1
381104 1
381310 2
381638 1
382297 2
382804 1
383628 1
383767 1
385377 1
385440 1
385612 1
387567 1
387577 1
387688 1
387997 1
388015 1
388018 1
388774 2
389411 1
389606 1
389997 1
390590 1
391037 1
391695 1
391760 1
392072 1
393784 1
393932 1
396117 1
396489 1
396832 1
397071 1
397120 1
398849 1
399069 1
399136 1
401771 1
402226 1
403659 2
405077 1
405399 1
405420 1
405537 1
406629 1
408621 2
408680 1
409454 1
409758 1
409933 1
410065 1
411126 1
412920 1
413354 1
413612 1
414234 1
415411 1
415526 1
416411 1
416461 1
418495 2
418990 1
419142 1
421872 1
421938 4
423238 1
423434 1
423577 3
424406 1
425381 1
426502 1
427938 1
428182 1
428421 1
428458 1
429248 1
429536 2
431056 1
431088 1
431136 1
432862 1
434075 2
435634 1
436396 1
436804 1
437998 1
438567 1
439213 1
440450 1
440665 1
441184 1
441524 1
443099 1
443523 1
444563 1
445295 2
445704 2
446316 1
446366 1
446421 1
447154 1
447209 1
448015 1
448046 1
448282 1
448582 1
449475 4
450968 1
451772 1
452298 1
452519 1
452621 1
453805 1
455480 1
455671 1
458216 1
458294 1
458804 1
458997 1
459816 1
459930 1
459966 1
462968 1
463743 2
464459 1
466381 1
467266 1
467356 1
469363 1
469549 1
469623 1
469657 1
469814 1
470230 1
471978 3
472111 1
473397 1
474663 1
475507 1
476261 1
476999 1
478275 1
478554 1
480571 1
480704 6
481295 1
481441 1
481568 1
481709 2
481839 1
481996 1
482283 1
482454 1
482517 1
483024 1
483608 1
483747 2
485776 1
486680 2
486938 2
487224 1
487340 1
487424 1
489743 1
490970 1
491686 1
492140 1
492240 1
492457 1
493168 1
493426 1
493955 1
495710 1
495833 2
496095 1
496743 2
498105 1
498792 1
499175 1
499886 1
500277 1
500318 2
500581 1
502167 1
502888 1
503280 1
503443 1
503476 1
503594 1
503934 2
504341 1
505317 1
506928 2
506967 1
507283 1
507319 1
507646 1
508411 1
508451 1
508920 1
509252 1
509625 1
510512 4
510983 1
511996 1
512162 1
512520 2
512729 1
513548 1
514042 2
515653 1
515660 1
515726 1
515731 1
515870 1
516298 1
517066 1
517327 1
517525 1
518483 1
528898 1
528958 1
529005 1
529496 1
530906 1
531185 2
531364 1
531473 1
531564 1
531850 1
532332 1
532995 1
533336 1
533381 1
534009 1
534027 1
534494 1
535035 1
535341 1
536549 1
537493 2
537533 1
537769 1
538125 1
538202 1
538225 1
539324 1
539665 2
539962 1
540160 1
543619 1
543721 2
544237 1
544276 3
544483 1
544724 1
544729 1
545236 4
545541 1
546992 1
547464 1
548348 1
549159 1
549243 1
549262 1
549347 1
549352 1
549724 1
549862 1
553017 1
553152 1
553535 1
555021 1
555721 1
556140 1
556235 1
557162 1
557760 1
558666 1
559661 1
559916 1
561289 1
562105 1
562286 1
562289 2
563248 1
565266 2
565577 1
566249 1
567926 1
568531 1
568692 1
568768 2
569518 2
569800 1
571057 1
573537 1
576446 1
579940 1
580396 1
582063 1
582760 1
583625 1
586003 2
588200 1
588284 1
592114 1
593420 1
595525 1
600246 1
601089 1
602803 1
602952 3
604802 10
606436 1
608000 1
608429 1
609052 1
610670 1
612798 1
615443 1
615682 1
616484 1
616592 1
616670 2
618213 1
621077 1
622637 1
624825 1
625127 1
625713 1
627167 1
633092 1
633451 1
634333 1
635299 1
635342 1
635822 1
637071 1
639102 1
639876 10
642299 1
642656 1
643046 1
647033 2
648791 1
649020 1
649258 1
649736 1
650535 1
654285 1
654827 1
656800 1
657039 1
660207 1
660441 1
665291 1
665386 1
667502 1
667886 1
668698 1
669000 1
669004 1
670292 1
671566 1
673296 2
673423 1
673448 1
673840 1
674020 1
675121 1
675336 1
679309 1
683273 1
683280 1
683339 1
683899 1
683973 1
684863 2
686878 1
687690 1
688277 2
688712 1
691079 1
691549 1
691686 1
696232 1
697068 1
700047 1
700222 1
701558 1
702161 2
702748 1
702949 2
705111 1
705386 1
706923 1
707592 1
709074 1
710026 1
711152 1
712008 1
713779 1
714457 2
714704 1
715047 1
715799 1
717115 1
717797 3
717918 1
718109 1
718643 2
719039 1
721106 2
721489 1
723584 1
724836 2
726504 2
727315 1
727647 1
728406 1
728559 1
730300 1
731331 1
732511 3
733483 1
734140 1
734418 1
736050 3
736975 3
736994 1
737369 1
737871 1
738851 1
739415 1
740252 1
740737 1
741054 1
741501 1
741922 2
742075 1
742884 1
744794 1
745179 1
745188 1
746295 1
746478 1
746813 1
747046 1
747295 1
747492 1
747594 1
747813 1
749842 1
750886 1
751825 3
752487 1
752496 1
753175 1
754416 1
754624 1
754758 1
754845 25
756099 1
756521 1
756973 1
757147 1
757507 1
757645 1
757991 1
759197 1
759850 1
760933 1
761832 1
762024 1
762914 2
763795 1
764404 1
764671 4
765192 1
765429 1
765662 1
765789 1
766226 1
769169 1
772134 1
773281 1
773373 1
773535 1
773672 1
777657 1
778015 2
778193 1
778346 1
778444 1
778606 1
779098 3
779236 2
781052 4
783281 1
783433 1
785566 1
785897 1
787191 1
788317 1
788459 2
790300 1
790598 1
792994 1
793524 1
793930 1
794155 1
794842 2
795141 1
796660 1
799411 1
799633 1
800632 1
800643 1
801285 1
801532 1
802087 1
802552 1
802729 1
803082 1
803456 1
803610 1
805797 1
806191 1
806553 1
806897 1
807043 1
807646 2
807663 1
808171 1
808520 2
809113 1
809305 1
809901 1
810252 1
810805 1
811002 1
811524 1
812645 2
813103 1
813122 1
814789 1
815553 1
816078 1
816684 1
817005 1
817150 1
817792 1
817957 2
818540 5
818601 1
819067 1
819089 1
820890 1
821641 1
822132 1
823577 1
823598 1
824193 2
824950 1
825340 1
825395 1
825603 1
826066 1
826485 1
827038 1
827135 1
827336 1
827763 1
828699 1
828746 2
829104 1
829264 1
829276 1
829463 1
829464 1
829565 2
829913 1
830211 1
830264 1
830475 1
833434 1
833493 1
833517 2
833598 1
834267 1
834341 1
834439 1
834862 1
835389 2
835811 1
835840 1
836333 1
836343 1
836375 1
836566 1
836590 1
836702 1
836744 2
836745 1
836782 1
836784 1
836806 1
836818 1
836827 1
836839 1
836842 1
836843 1
836846 1
836847 1
836848 1
836855 1
836860 1
836880 1
836892 1
836899 1
836911 1
836930 1
836932 1
836936 1
836937 1
836938 4
836945 1
836947 1
836952 1
836959 1
836963 1
836964 1
836966 1
836976 1
836993 1
837008 1
837012 1
837016 1
837021 1
837031 1
837088 1
837105 2
837153 1
837158 1
837170 1
837178 1
837191 1
837226 1
837256 1
837263 1
837307 1
837352 1
837362 1
837381 1
837382 1
837400 1
837409 1
837420 1
837421 1
837422 1
837423 1
837439 1
837442 1
837448 1
837478 2
837496 1
837498 1
837521 1
837530 1
837533 1
837584 1
837590 1
837596 1
837606 1
837608 1
837617 1
837627 1
837629 1
837632 1
837654 1
837663 1
837693 1
837706 1
837707 1
837713 1
837726 1
837729 1
837736 1
837762 4
837768 1
837775 1
837778 1
837787 1
837801 1
837802 1
837813 1
837828 1
837840 1
837853 1
837865 1
837874 1
837879 1
837884 1
837895 1
837913 1
837933 1
837957 1
837958 1
837960 1
837971 1
837990 1
838005 1
838011 1
838027 1
838038 1
838041 1
838073 1
838081 1
838089 1
838123 1
838146 1
838153 1
838159 1
838164 1
838193 1
838211 2
838216 1
838219 2
838221 1
838229 1
838230 1
838231 1
838240 1
838265 1
838281 1
838291 1
838294 1
838301 2
838315 1
838327 1
838350 1
838355 1
838365 1
838366 3
838384 1
838412 1
838416 1
838427 1
838439 2
838442 1
838446 1
838453 1
838502 1
838516 1
838532 1
838535 1
838537 1
838541 1
838565 1
838592 1
838597 1
838598 1
838606 1
838614 1
838627 1
838629 1
838630 1
838633 1
838636 1
838643 1
838646 2
838653 1
838661 1
838662 1
838681 1
838682 1
838712 2
838715 1
838718 1
838720 4
838723 1
838749 1
838750 1
838754 1
838761 1
838770 1
838783 1
838785 1
838786 1
838791 1
838797 1
838800 1
838857 1
838873 1
838876 1
838888 1
838919 1
838928 1
838939 1
838955 1
838960 1
838977 1
838979 1
838983 2
839033 1
839039 1
839059 1
839065 1
839066 1
839072 1
839081 2
839121 1
839126 1
839133 1
839135 1
839155 1
839167 1
839171 1
839175 1
839191 1
839200 1
839205 1
839215 1
839216 1
839226 1
839231 1
839236 1
839242 1
839254 1
839257 2
839299 1
839309 1
839334 1
839347 1
839367 1
839387 1
839409 1
839416 1
839421 1
839427 1
839443 2
839453 1
839463 1
839479 1
839497 1
839498 1
839509 1
839526 1
839533 1
839543 1
839546 1
839557 1
839558 2
839571 1
839572 1
839580 1
839592 1
839619 1
839636 1
839645 2
839664 1
839673 1
839683 1
839689 1
839700 2
839705 1
839710 1
839722 1
839729 1
839763 1
839773 1
839780 1
839783 1
839802 1
839825 1
839829 1
839840 1
839845 1
839857 1
839868 1
839873 1
839880 1
839884 1
839890 1
839897 1
839920 1
839930 1
839931 1
839937 1
839940 1
839951 1
839961 1
839980 1
839984 1
839989 1
839997 2
840007 1
840051 1
840068 1
840081 1
840084 1
840085 1
840102 1
840108 1
840140 1
840143 1
840154 1
840159 1
840165 1
840176 1
840178 1
840189 1
840193 1
840200 1
840204 1
840215 1
840268 1
840269 1
840277 2
840322 1
840373 6
840384 1
840390 1
840399 2
840400 1
840407 1
840412 1
840417 1
840439 1
840451 1
840452 1
840456 1
840514 1
840532 1
840573 3
840580 1
840583 1
840630 1
840633 1
840641 1
840657 2
840670 2
840671 1
840691 1
840700 2
840714 1
840730 2
840737 1
840762 1
840771 1
840795 2
840797 1
840824 1
840828 1
840847 2
840848 1
840850 1
840869 1
840887 1
840888 1
840919 1
840920 1
840921 1
840922 1
840927 1
840933 1
840964 1
840967 1
840974 1
840975 2
841007 1
841012 1
841021 1
841048 1
841064 1
841069 1
841080 1
841081 1
841086 1
841089 1
841106 1
841114 1
841115 1
841127 1
841131 1
841163 1
841179 1
841201 1
841229 1
841230 1
841254 1
841255 1
841266 1
841380 1
841381 1
841384 2
841389 1
841393 2
841396 1
841408 1
841415 1
841418 1
841434 1
841455 1
841473 1
841480 1
841497 1
841518 1
841535 1
841540 1
841543 1
841548 1
841559 1
841570 1
841594 1
841606 1
841646 1
841648 1
841657 1
841659 1
841671 1
841677 1
841697 1
841701 2
841703 1
841718 1
841721 1
841732 1
841741 1
841742 1
841746 1
841777 1
841794 1
841795 1
841814 1
841833 1
841850 1
841857 2
841863 1
841868 1
841873 1
841886 1
841909 1
841934 1
841960 1
841982 1
841994 1
842002 1
842009 1
842014 1
842025 1
842028 1
842031 1
842034 1
842039 1
842061 1
842066 1
842090 1
842099 1
842105 1
842130 1
842135 1
842154 1
842155 1
842168 1
842188 1
842231 2
842242 2
842261 1
842262 1
842263 1
842282 1
842285 1
842321 3
842332 1
842344 1
842353 1
842363 1
842364 1
842375 1
842380 1
842386 1
842407 1
842451 1
842454 1
842455 1
842456 1
842460 1
842466 2
842474 1
842475 2
842480 1
842488 1
842499 1
842500 1
842521 1
842553 1
842559 1
842564 1
842582 1
842592 1
842595 1
842612 1
842632 1
842633 1
842644 1
842649 1
842658 1
842664 1
842681 1
842682 1
842711 3
842712 1
842739 1
842745 1
842747 1
842760 1
842771 1
842775 1
842777 2
842797 1
842814 1
842817 1
842824 1
842825 1
842831 1
842836 1
842871 1
842873 1
842887 1
842889 1
842916 3
842917 1
842918 2
842931 1
842932 1
842935 1
842969 1
842977 1
842985 1
843000 1
843028 1
843031 1
843041 1
843044 1
843076 1
843117 1
843118 1
843185 1
843190 1
843193 1
843194 1
843199 1
843202 1
843204 1
843219 1
843221 1
843255 1
843290 1
843295 1
843304 1
843314 1
843315 1
843316 1
843332 1
843335 1
843337 1
843345 1
843354 1
843366 1
843368 1
843377 1
843404 1
843407 1
843412 1
843422 1
843427 1
843439 1
843449 1
843458 1
843460 1
843462 4
843491 1
843511 1
843525 2
843541 1
843550 1
843557 1
843562 1
843581 1
843584 1
843587 1
843598 1
843604 1
843607 1
843610 1
843619 2
843634 1
843637 1
843640 1
843654 2
843663 1
843685 2
843709 1
843742 1
843751 1
843761 1
843763 1
843778 1
843784 1
843805 1
843819 1
843820 1
843823 1
843832 1
843835 1
843854 1
843864 1
843885 1
843886 1
843895 1
843908 3
843911 1
843918 1
843950 1
843960 1
844020 1
844023 1
844039 1
844063 1
844070 1
844080 1
844099 1
844106 1
844118 1
844135 1
844140 1
844150 1
844157 1
844160 1
844171 1
844198 1
844242 1
844244 2
844278 1
844279 1
844297 1
844300 1
844307 1
844308 1
844315 1
844324 1
844336 1
844349 1
844354 1
844357 1
844360 1
844370 1
844379 1
844390 1
844395 1
844403 1
844409 1
844439 1
844450 1
844463 1
844465 1
844483 1
844531 1
844535 2
844550 1
844551 1
844552 1
844561 1
844566 1
844578 1
844601 1
844603 1
844605 1
844610 1
844631 1
844637 1
844638 1
844639 1
844649 1
844660 1
844669 1
844721 1
844722 1
844728 1
844762 1
844782 1
844789 1
844804 1
844810 1
844815 3
844823 1
844824 1
844833 1
844836 1
844843 1
844856 1
844869 1
844883 1
844956 1
844963 1
844972 1
845006 1
845007 1
845027 1
845037 1
845054 1
845056 1
845082 1
845094 1
845095 1
845110 1
845115 1
845116 1
845118 1
845121 1
845122 1
845125 1
845126 1
845129 1
845132 1
845137 1
845140 1
845141 1
845153 1
845154 1
845165 1
845206 1
845217 1
845227 1
845232 2
845245 1
845259 1
845274 1
845296 1
845316 1
845325 1
845332 1
845343 1
845344 1
845359 1
845367 1
845390 1
845391 1
845392 1
845416 1
845433 1
845446 1
845508 1
845521 1
845562 1
845575 1
845576 1
845583 1
845584 1
845585 1
845590 1
845607 1
845608 1
845618 1
845627 1
845641 1
845679 1
845700 1
845726 1
845738 1
845742 1
845761 1
845764 1
845807 1
845823 1
845837 1
845853 1
845860 1
845871 1
845918 1
845932 1
845939 1
845941 1
845943 1
845953 1
845967 1
845975 1
846007 1
846008 1
846016 1
846023 1
846092 1
846095 1
846100 1
846109 1
846112 1
846150 1
846162 1
846174 1
846187 2
846188 1
846193 7
846210 1
846211 1
846212 1
846226 1
846237 1
846254 1
846265 1
846269 1
846272 1
846275 1
846287 1
846288 1
846291 1
846292 1
846294 1
846301 1
846309 1
846334 4
846343 1
846367 1
846379 1
846381 1
846386 1
846390 1
846398 1
846413 2
846418 1
846450 1
846461 1
846463 1
846471 2
846492 1
846503 1
846550 1
846555 1
846557 1
846562 1
846617 1
846618 1
846621 2
846622 1
846623 1
846627 1
846636 1
846653 1
846660 1
846666 1
846671 1
846677 1
846681 1
846688 1
846694 1
846697 1
846725 1
846747 1
846750 1
846751 1
846763 1
846766 1
846770 1
846771 1
846776 1
846782 1
846791 1
846850 1
846882 1
846902 1
846934 1
846959 2
846968 1
846991 1
847005 1
847018 1
847022 1
847073 1
847081 1
847082 1
847083 1
847103 1
847106 1
847107 1
847113 1
847122 1
847131 1
847141 1
847143 1
847154 1
847164 1
847175 1
847183 1
847196 1
847197 1
847214 1
847225 1
847228 1
847233 1
847248 1
847256 1
847262 1
847265 1
847271 1
847272 1
847277 1
847291 1
847311 1
847312 1
847318 1
847321 1
847326 1
847334 1
847339 1
847363 1
847380 1
847383 1
847387 1
847407 1
847426 1
847431 1
847434 1
847435 1
847436 1
847448 1
847461 1
847472 2
847480 1
847484 1
847490 1
847498 1
847505 1
847519 1
847548 1
847556 1
847559 1
847563 1
847611 2
847612 1
847613 1
847625 1
847629 1
847632 1
847634 1
847636 1
847689 2
847690 1
847707 1
847722 1
847724 1
847726 2
847731 1
847742 1
847763 1
847765 1
847779 1
847795 1
847808 1
847812 1
847821 1
847828 1
847829 1
847837 1
847838 1
847879 1
847924 1
847927 2
847938 1
847962 1
847988 1
847999 1
848006 2
848015 2
848026 1
848031 1
848032 1
848039 1
848065 2
848069 1
848074 1
848092 1
848116 1
848119 1
848156 2
848157 1
848162 1
848163 2
848188 1
848195 1
848240 1
848274 1
848282 1
848297 1
848339 1
848352 1
848364 2
848379 1
848386 1
848389 1
848392 1
848395 1
848399 1
848412 1
848427 1
848428 1
848446 1
848476 2
848489 1
848490 1
848491 1
848498 1
848499 1
848505 1
848506 1
848516 1
848524 1
848529 1
848547 1
848548 1
848549 1
848550 1
848551 1
848554 1
848567 1
848577 1
848580 1
848581 1
848588 1
848596 1
848597 1
848600 1
848601 1
848608 1
848619 3
848635 1
848666 1
848693 1
848698 1
848704 1
848737 1
848750 1
848752 1
848758 1
848773 1
848775 1
848785 1
848802 1
848841 1
848847 1
848873 1
848896 2
848904 1
848907 1
848916 1
848918 1
848922 1
848942 1
848955 1
848970 1
848974 1
848985 1
848989 1
849000 1
849001 1
849014 1
849031 1
849040 1
849044 1
849058 1
849070 1
849071 1
849087 2
849094 1
849096 3
849097 1
849130 1
849137 1
849155 1
849156 1
849165 1
849168 9
849171 1
849188 2
849199 1
849213 1
849216 1
849244 2
849257 1
849259 1
849289 1
849308 1
849309 1
849328 2
849331 1
849351 1
849355 1
849363 1
849398 1
849401 1
849405 1
849415 1
849421 1
849422 1
849437 1
849452 1
849463 2
849467 1
849515 1
849525 2
849568 1
849598 1
849611 1
849612 1
849621 1
849631 1
849647 1
849650 1
849672 1
849675 1
849717 1
849761 1
849763 1
849764 1
849770 1
849783 1
849815 1
849832 1
849834 1
849844 1
849847 1
849870 1
849886 1
849901 1
849905 1
849906 1
849909 1
849911 1
849913 1
849937 1
849938 1
849942 1
849943 1
849944 1
849945 1
849946 2
849957 1
849974 1
849975 1
849989 1
849995 1
850017 1
850019 1
850030 1
850031 1
850038 32
850041 1
850050 1
850055 1
850064 2
850065 1
850071 1
850072 1
850091 1
850111 1
850113 1
850122 1
850131 1
850143 1
850150 1
850151 1
850168 1
850176 1
850178 1
850185 1
850188 1
850191 1
850195 1
850205 1
850218 1
850233 1
850236 1
850248 1
850249 1
850263 1
850271 1
850286 1
850291 1
850303 1
850304 1
850315 1
850333 1
850336 1
850337 3
850340 1
850344 1
850359 1
850374 1
850377 1
850384 1
850393 1
850408 1
850424 1
850436 1
850445 1
850448 1
850452 1
850467 1
850468 1
850488 1
850499 1
850500 1
850509 1
850526 1
850537 1
850543 1
850552 1
850556 1
850561 1
850563 1
850570 1
850579 1
850581 1
850597 1
850598 1
850604 2
850621 1
850660 1
850666 1
850668 1
850671 1
850699 1
850710 1
850717 1
850722 1
850723 1
850739 1
850742 1
850746 1
850747 1
850763 1
850767 1
850776 1
850777 1
850780 1
850787 1
850788 1
850790 1
850812 1
850814 1
850823 1
850829 1
850833 1
850848 1
850855 1
850856 1
850860 1
850871 1
850876 1
850923 1
850926 1
850944 1
850960 1
850989 1
851006 1
851017 2
851033 1
851034 1
851045 1
851047 1
851059 1
851061 1
851064 1
851087 1
851088 1
851094 1
851099 1
851115 1
851131 1
851133 1
851137 1
851150 1
851157 1
851168 1
851196 1
851233 1
851239 1
851282 1
851283 1
851285 1
851340 1
851353 1
851357 1
851391 1
851400 1
851407 1
851410 1
851411 1
851416 1
851437 1
851440 1
851454 1
851467 1
851479 1
851505 1
851508 1
851513 1
851521 1
851534 1
851537 1
851546 1
851631 1
851632 1
851646 1
851647 1
851658 1
851666 1
851674 1
851679 1
851693 1
851700 2
851717 1
851722 1
851755 1
851777 1
851779 1
851832 1
851853 1
851856 1
851859 1
851873 1
851878 1
851891 1
851892 1
851911 1
851929 1
851949 1
851954 1
851963 1
851965 1
851966 1
851972 1
851984 1
852006 1
852025 1
852028 1
852033 1
852048 1
852055 1
852058 1
852063 1
852077 1
852097 4
852131 1
852156 1
852158 1
852163 1
852165 1
852166 1
852170 1
852208 1
852225 1
852258 1
852259 1
852260 1
852261 1
852262 1
852280 1
852289 1
852295 1
852298 1
852316 1
852327 1
852329 1
852335 1
852352 1
852353 1
852376 1
852396 1
852413 1
852423 1
852464 1
852466 1
852470 1
852473 1
852480 1
852481 1
852493 1
852499 1
852522 1
852549 1
852566 1
852587 1
852608 1
852627 1
852629 1
852630 1
852644 1
852655 2
852658 1
852668 1
852678 1
852700 1
852726 1
852732 1
852747 1
852784 1
852793 2
852804 1
852808 1
852822 1
852826 1
852829 1
852845 1
852846 1
852862 1
852878 1
852882 1
852885 1
852889 2
852899 1
852932 2
852940 1
852943 2
852951 1
852952 2
852965 1
852968 1
852977 1
852978 1
853001 1
853012 1
853017 1
853028 1
853034 1
853042 1
853061 1
853067 1
853069 1
853071 1
853080 1
853081 1
853099 1
853106 1
853131 1
853157 1
853160 1
853206 1
853209 1
853214 1
853215 1
853221 1
853223 1
853224 1
853236 1
853255 1
853258 1
853261 1
853266 1
853271 1
853281 1
853301 1
853303 1
853318 1
853325 1
853341 1
853342 1
853356 1
853365 1
853370 1
853374 1
853384 1
853386 1
853389 1
853392 1
853393 1
853447 1
853448 1
853459 1
853464 1
853467 1
853474 1
853475 1
853481 1
853490 1
853518 1
853521 1
853530 1
853556 1
853563 1
853594 2
853606 1
853634 1
853636 1
853643 1
853654 1
853663 1
853677 1
853694 1
853700 1
853703 1
853721 1
853736 1
853737 1
853745 1
853746 1
853760 1
853764 1
853769 1
853772 2
853779 1
853784 2
853815 1
853849 1
853853 1
853859 1
853875 1
853886 1
853893 1
853907 1
853920 2
853925 1
853936 1
853938 2
853959 1
853961 1
853966 1
853979 1
853987 1
854000 1
854012 1
854013 1
854015 1
854018 1
854021 1
854022 1
854027 1
854034 1
854054 1
854073 1
854081 1
854085 1
854090 1
854091 1
854094 1
854102 1
854156 1
854178 1
854214 1
854225 1
854226 1
854245 2
854254 1
854266 1
854271 1
854286 1
854293 1
854297 1
854308 1
854310 1
854312 1
854319 1
854325 1
854326 1
854329 1
854330 1
854331 1
854355 1
854366 1
854377 1
854408 1
854421 1
854423 1
854467 2
854473 1
854479 1
854489 1
854490 1
854514 1
854515 1
854531 1
854535 1
854544 1
854578 1
854585 1
854615 1
854623 2
854625 1
854628 1
854634 2
854642 1
854671 1
854690 1
854691 1
854698 1
854699 1
854718 1
854724 1
854737 1
854744 1
854748 1
854770 1
854779 1
854786 1
854790 1
854797 1
854802 1
854816 1
854820 1
854827 1
854840 1
854864 1
854871 1
854879 2
854888 1
854892 1
854893 1
854898 1
854904 1
854945 1
854946 1
854953 1
854956 1
854959 1
854960 1
854989 1
854991 2
854997 1
855010 1
855013 1
855039 1
855049 1
855066 1
855067 1
855082 1
855085 1
855089 1
855154 1
855175 2
855180 1
855203 2
855215 1
855278 1
855300 1
855304 1
855305 1
855311 1
855321 1
855324 1
855326 1
855345 1
855348 1
855351 2
855352 1
855353 1
855374 1
855380 1
855388 1
855395 1
855416 1
855418 1
855443 1
855468 1
855474 1
855498 1
855507 1
855512 1
855522 1
855537 1
855539 1
855553 1
855558 1
855570 1
855580 1
855595 1
855608 1
855619 1
855632 1
855655 1
855669 1
855672 1
855675 1
855680 1
855700 1
855707 1
855708 1
855709 1
855718 1
855719 1
855720 1
855729 1
855738 1
855743 1
855744 1
855780 1
855793 1
855801 1
855813 1
855815 1
855822 4
855826 1
855831 1
855841 1
855842 1
855844 1
855852 1
855857 1
855874 1
855878 1
855915 1
855930 2
855933 1
855939 1
855944 1
855949 1
855950 1
855956 1
855963 1
855974 1
855979 1
855998 2
856000 1
856012 1
856015 1
856023 1
856046 1
856063 1
856065 1
856069 1
856099 1
856101 1
856116 2
856122 1
856124 1
856127 1
856132 1
856148 1
856153 1
856154 1
856160 1
856161 1
856173 1
856188 1
856189 1
856190 1
856198 1
856219 1
856241 1
856245 1
856260 1
856264 1
856271 1
856274 1
856277 1
856286 1
856289 1
856300 1
856301 1
856305 2
856308 1
856322 1
856325 1
856359 1
856366 1
856371 1
856382 1
856397 1
856403 1
856408 1
856423 1
856456 1
856462 1
856465 2
856488 1
856491 1
856500 1
856509 1
856515 1
856531 1
856532 1
856542 1
856560 1
856575 1
856579 1
856588 1
856589 1
856597 1
856604 1
856606 1
856611 1
856645 1
856660 1
856663 2
856673 1
856676 1
856688 1
856690 1
856691 1
856700 1
856705 1
856706 1
856710 1
856711 1
856712 1
856720 1
856725 1
856730 1
856749 1
856751 1
856756 1
856774 1
856790 1
856791 1
856799 1
856812 1
856819 1
856820 1
856821 1
856824 1
856852 1
856861 1
856873 1
856877 1
856881 1
856890 1
856893 1
856896 1
856900 1
856907 1
856917 1
856932 1
856941 1
856945 1
861373 1
863355 1
