224408 16078 0
532709 16078 0
25502 16078 0
259262 16078 0
544604 16078 0
533486 530898 0
22284 530898 0
312849 530898 0
47165 530947 0
533965 530998 0
61270 88040 0
531257 507057 0
531260 507057 0
454975 507057 0
531491 507057 0
531548 507057 0
531614 507057 0
302529 507057 0
532040 507057 0
532452 507057 0
533155 507057 0
533570 507057 0
536414 507057 0
546958 507057 0
531913 29547 0
507057 312320 0
58257 291305 0
507057 325771 0
275911 325771 0
532628 325771 0
533390 325771 0
38846 325771 0
534299 325771 0
535347 325771 0
537305 325771 0
981 531337 0
532063 531400 0
532757 531400 0
534105 531400 0
51567 531400 0
544622 531400 0
507057 531432 0
531564 531435 0
487753 531435 0
532906 531442 0
533397 531442 0
535033 531442 0
535134 531442 0
535445 531442 0
535981 531442 0
537143 531442 0
538553 531442 0
541423 531442 0
541681 531442 0
542635 531442 0
507057 335405 0
32703 531516 0
34 531516 0
532934 508198 0
42969 508198 0
532332 531741 0
532596 531741 0
6990 531741 0
532807 531741 0
533325 531741 0
268202 531741 0
534797 531741 0
535247 531741 0
535563 531741 0
282855 531741 0
541556 531741 0
546461 531741 0
550061 531741 0
532896 531884 0
14296 529825 0
6611 529825 0
480704 529825 0
20499 529825 0
2091 529825 0
533381 529825 0
532273 531915 0
532275 531915 0
532292 531915 0
532298 531915 0
532340 531915 0
532356 531915 0
532361 531915 0
14134 532165 0
533548 532170 0
535885 532170 0
534687 103311 0
540096 103311 0
531873 532838 0
532373 515353 0
532477 515353 0
532568 515353 0
532658 515353 0
1644 515353 0
233835 515353 0
532932 515353 0
532947 515353 0
533021 515353 0
158026 515353 0
371074 515353 0
533235 515353 0
371467 515353 0
533392 515353 0
126026 515353 0
533499 515353 0
214912 515353 0
398581 515353 0
533718 515353 0
534056 515353 0
334566 515353 0
178365 515353 0
534863 515353 0
535328 515353 0
535533 515353 0
7478 515353 0
30262 515353 0
536476 515353 0
535159 515353 0
538375 515353 0
495693 515353 0
130687 515353 0
17526 515353 0
508419 515353 0
541171 515353 0
541217 515353 0
102948 515353 0
25405 515353 0
60106 515353 0
74406 515353 0
26765 515353 0
542508 515353 0
542514 515353 0
542613 515353 0
542845 515353 0
316723 515353 0
542989 515353 0
202339 515353 0
26651 515353 0
245285 515353 0
53441 515353 0
543394 515353 0
543699 515353 0
165169 515353 0
206221 515353 0
544795 515353 0
394759 515353 0
545305 515353 0
538990 532348 0
2579 531435 0
130406 531435 0
28239 531435 0
534835 531435 0
538709 531435 0
463285 531435 0
305906 531435 0
541789 531435 0
544939 531435 0
333981 531435 0
546879 531435 0
550512 531435 0
550606 531435 0
532585 56104 0
384557 56104 0
453193 56104 0
72214 56104 0
273309 56104 0
532759 56104 0
532777 56104 0
61270 56104 0
60400 56104 0
312012 56104 0
535330 56104 0
248658 56104 0
57239 56104 0
309568 56104 0
532632 532584 0
507057 532605 0
535136 532638 0
288 532638 0
507057 531257 0
532963 532676 0
532985 532676 0
535906 532676 0
541841 532735 0
541978 532735 0
538253 532765 0
532959 532867 0
16960 532867 0
410214 409414 0
533086 409414 0
410206 409414 0
410307 409414 0
533100 409414 0
410259 409414 0
533228 409414 0
533232 409414 0
533272 409414 0
533276 409414 0
533299 409414 0
533316 409414 0
533331 409414 0
500899 511395 0
533287 533119 0
533318 504038 0
515065 533064 0
498061 201137 0
38076 533387 0
534160 533264 0
37098 206584 0
533844 533767 0
534778 533767 0
535201 533767 0
535637 533767 0
261292 533893 0
507057 533897 0
535390 29865 0
33164 29865 0
211463 56515 0
340995 249524 0
340995 534098 0
340995 534113 0
340995 534138 0
340995 111366 0
534459 534210 0
534519 534210 0
535008 534210 0
535868 534210 0
6611 534336 0
480704 534336 0
2091 534336 0
55828 534336 0
7135 534336 0
534605 534364 0
534673 534364 0
536868 20099 0
89385 534406 0
471100 223706 0
33098 223706 0
2577 19785 0
541966 534529 0
504666 534677 0
136095 517003 0
546927 534805 0
504666 534823 0
535921 534828 0
535555 534886 0
402927 5000 0
15939 5000 0
25825 5000 0
536790 534994 0
535460 535035 0
536708 535035 0
538225 535035 0
540775 535035 0
541717 535035 0
545414 535035 0
549913 535035 0
37100 255611 0
43197 255611 0
546445 38307 0
112787 535096 0
541704 535096 0
333981 535096 0
546879 535096 0
382770 535280 0
544512 535280 0
548210 535280 0
535807 535310 0
545398 535310 0
535604 21534 0
535608 21534 0
535877 21534 0
21864 21534 0
536054 21534 0
539045 21534 0
540408 21534 0
487914 21534 0
543645 535596 0
536935 535612 0
541663 535612 0
551231 535612 0
535670 21534 0
535680 21534 0
535673 21534 0
535684 21534 0
535686 21534 0
32935 21534 0
152762 21534 0
535704 21534 0
426179 21534 0
535712 21534 0
535714 21534 0
507804 21534 0
535719 21534 0
535721 21534 0
535723 21534 0
535729 21534 0
466382 21534 0
535737 21534 0
535735 21534 0
21909 21534 0
535749 21534 0
535758 21534 0
535751 21534 0
535753 21534 0
535762 21534 0
535756 21534 0
535764 21534 0
535767 21534 0
535771 21534 0
535775 21534 0
535778 21534 0
535785 21534 0
535782 21534 0
56209 21534 0
535789 21534 0
535795 21534 0
535797 21534 0
535801 21534 0
513022 21534 0
535807 21534 0
535809 21534 0
535816 21534 0
535814 21534 0
535822 21534 0
474790 21534 0
535829 21534 0
535835 21534 0
535837 21534 0
41707 21534 0
535843 21534 0
506546 21534 0
535847 21534 0
535855 21534 0
535857 21534 0
535864 21534 0
535866 21534 0
535877 21534 0
535875 21534 0
535879 21534 0
535881 21534 0
503303 21534 0
535895 21534 0
400290 21534 0
25013 21534 0
535604 21534 0
535917 21534 0
535923 21534 0
535930 21534 0
535932 21534 0
535946 21534 0
50423 21534 0
530656 21534 0
535962 21534 0
535960 21534 0
535971 21534 0
535975 21534 0
535977 21534 0
535966 21534 0
399817 21534 0
535987 21534 0
535992 21534 0
535996 21534 0
535994 21534 0
535998 21534 0
42895 21534 0
536007 21534 0
536005 21534 0
536001 21534 0
536003 21534 0
536013 21534 0
536026 21534 0
536024 21534 0
536031 21534 0
536033 21534 0
536037 21534 0
536041 21534 0
532786 21534 0
536054 21534 0
536065 21534 0
536062 21534 0
536078 21534 0
536089 21534 0
536097 21534 0
536105 21534 0
536107 21534 0
536113 21534 0
536119 21534 0
536115 21534 0
536121 21534 0
536123 21534 0
51327 21534 0
536128 21534 0
536136 21534 0
536142 21534 0
536154 21534 0
536157 21534 0
536164 21534 0
536172 21534 0
536178 21534 0
536180 21534 0
536184 21534 0
536197 21534 0
536195 21534 0
22096 21534 0
536212 21534 0
536214 21534 0
351375 21534 0
536216 21534 0
536223 21534 0
536228 21534 0
536226 21534 0
536239 21534 0
536247 21534 0
536249 21534 0
536257 21534 0
536251 21534 0
536261 21534 0
536271 21534 0
536280 21534 0
1112 21534 0
536288 21534 0
536296 21534 0
536304 21534 0
536308 21534 0
536310 21534 0
536314 21534 0
536319 21534 0
536326 21534 0
536332 21534 0
536350 21534 0
536358 21534 0
536360 21534 0
536352 21534 0
536368 21534 0
536378 21534 0
529281 21534 0
536387 21534 0
536391 21534 0
536395 21534 0
536403 21534 0
536416 21534 0
536418 21534 0
536432 21534 0
536430 21534 0
536436 21534 0
536434 21534 0
536438 21534 0
536441 21534 0
536443 21534 0
536461 21534 0
536478 21534 0
536469 21534 0
536474 21534 0
36960 21534 0
536480 21534 0
536485 21534 0
536487 21534 0
536489 21534 0
471987 21534 0
536513 21534 0
536524 21534 0
536517 21534 0
536511 21534 0
536515 21534 0
536519 21534 0
536509 21534 0
536532 21534 0
536526 21534 0
536528 21534 0
536530 21534 0
536549 21534 0
536538 21534 0
536547 21534 0
21664 21534 0
53469 21534 0
536554 21534 0
536558 21534 0
536566 21534 0
536562 21534 0
73325 21534 0
364591 21534 0
536577 21534 0
536591 21534 0
536589 21534 0
536594 21534 0
190245 21534 0
536601 21534 0
536605 21534 0
536609 21534 0
532934 21534 0
409987 21534 0
536623 21534 0
536621 21534 0
536631 21534 0
536645 21534 0
536640 21534 0
536643 21534 0
536638 21534 0
536651 21534 0
403708 21534 0
536655 21534 0
536663 21534 0
536667 21534 0
536671 21534 0
536678 21534 0
536690 21534 0
29012 21534 0
536698 21534 0
536694 21534 0
536704 21534 0
536702 21534 0
21864 21534 0
536716 21534 0
536720 21534 0
536722 21534 0
536730 21534 0
536734 21534 0
536732 21534 0
536750 21534 0
21829 21534 0
536754 21534 0
536764 21534 0
536766 21534 0
35100 21534 0
536768 21534 0
536771 21534 0
536775 21534 0
536777 21534 0
536779 21534 0
206458 21534 0
536800 21534 0
536803 21534 0
536805 21534 0
536812 21534 0
536814 21534 0
536823 21534 0
536825 21534 0
56893 21534 0
536827 21534 0
536831 21534 0
536838 21534 0
536836 21534 0
536846 21534 0
536858 21534 0
468761 21534 0
536856 21534 0
536850 21534 0
536866 21534 0
536870 21534 0
536874 21534 0
24137 21534 0
536878 21534 0
536883 21534 0
536892 21534 0
20606 21534 0
536900 21534 0
536913 21534 0
536915 21534 0
536910 21534 0
536923 21534 0
536921 21534 0
536927 21534 0
536925 21534 0
536929 21534 0
536931 21534 0
536937 21534 0
536941 21534 0
536945 21534 0
536953 21534 0
536949 21534 0
217407 21534 0
536965 21534 0
536968 21534 0
536970 21534 0
536976 21534 0
536989 21534 0
536987 21534 0
536997 21534 0
337866 21534 0
536993 21534 0
537007 21534 0
537005 21534 0
536999 21534 0
537016 21534 0
537021 21534 0
493335 21534 0
537039 21534 0
537041 21534 0
537045 21534 0
30175 21534 0
43197 21534 0
537060 21534 0
537070 21534 0
536393 21534 0
537072 21534 0
537079 21534 0
396967 21534 0
218617 21534 0
299681 21534 0
537089 21534 0
537099 21534 0
537101 21534 0
537105 21534 0
537117 21534 0
537113 21534 0
537127 21534 0
537119 21534 0
537125 21534 0
537133 21534 0
68366 21534 0
537149 21534 0
537147 21534 0
537159 21534 0
537167 21534 0
537169 21534 0
537171 21534 0
537183 21534 0
537188 21534 0
537186 21534 0
536980 21534 0
537200 21534 0
537202 21534 0
52768 21534 0
64854 21534 0
537227 21534 0
537219 21534 0
537234 21534 0
537241 21534 0
537245 21534 0
537254 21534 0
537267 21534 0
537263 21534 0
537273 21534 0
537271 21534 0
537269 21534 0
537278 21534 0
508394 21534 0
537284 21534 0
537297 21534 0
537293 21534 0
537291 21534 0
32242 21534 0
537295 21534 0
537315 21534 0
481568 21534 0
537331 21534 0
537334 21534 0
537336 21534 0
537345 21534 0
537347 21534 0
537343 21534 0
537351 21534 0
537355 21534 0
537353 21534 0
537361 21534 0
537365 21534 0
537367 21534 0
537369 21534 0
537371 21534 0
537378 21534 0
537375 21534 0
537383 21534 0
537385 21534 0
537388 21534 0
537394 21534 0
537390 21534 0
537405 21534 0
537398 21534 0
537403 21534 0
536868 21534 0
537412 21534 0
25147 21534 0
537422 21534 0
537426 21534 0
537432 21534 0
537434 21534 0
537430 21534 0
537436 21534 0
537438 21534 0
537447 21534 0
537456 21534 0
537461 21534 0
537463 21534 0
537477 21534 0
537471 21534 0
537501 21534 0
537506 21534 0
537508 21534 0
537512 21534 0
537523 21534 0
537521 21534 0
537526 21534 0
537529 21534 0
537541 21534 0
338532 21534 0
537545 21534 0
537553 21534 0
414121 21534 0
537557 21534 0
537555 21534 0
54669 21534 0
537569 21534 0
22502 21534 0
537577 21534 0
537582 21534 0
537588 21534 0
537586 21534 0
537590 21534 0
537596 21534 0
528792 21534 0
537606 21534 0
537614 21534 0
72351 21534 0
537620 21534 0
56915 21534 0
163009 21534 0
537629 21534 0
2518 21534 0
537644 21534 0
537646 21534 0
537656 21534 0
537654 21534 0
18637 21534 0
537660 21534 0
537667 21534 0
537669 21534 0
537673 21534 0
537677 21534 0
537684 21534 0
17561 21534 0
64257 21534 0
537695 21534 0
537708 21534 0
537729 21534 0
44041 21534 0
537738 21534 0
537736 21534 0
537743 21534 0
537748 21534 0
322593 21534 0
537759 21534 0
419203 21534 0
537767 21534 0
537773 21534 0
537776 21534 0
537782 21534 0
537780 21534 0
537784 21534 0
537804 21534 0
537806 21534 0
537814 21534 0
537822 21534 0
537828 21534 0
537838 21534 0
537835 21534 0
537858 21534 0
537867 21534 0
537869 21534 0
537865 21534 0
537871 21534 0
537875 21534 0
537882 21534 0
537890 21534 0
537899 21534 0
537897 21534 0
537901 21534 0
537909 21534 0
537903 21534 0
537917 21534 0
537913 21534 0
537911 21534 0
537921 21534 0
537934 21534 0
537944 21534 0
537952 21534 0
24203 21534 0
537956 21534 0
537958 21534 0
537972 21534 0
537999 21534 0
537995 21534 0
255968 21534 0
538003 21534 0
538008 21534 0
186765 21534 0
538016 21534 0
538020 21534 0
538025 21534 0
538038 21534 0
538042 21534 0
538040 21534 0
18562 21534 0
538055 21534 0
454295 21534 0
538059 21534 0
421352 21534 0
538080 21534 0
89250 21534 0
58529 21534 0
510255 21534 0
538094 21534 0
538105 21534 0
36687 21534 0
411485 21534 0
538130 21534 0
538128 21534 0
538140 21534 0
538134 21534 0
538136 21534 0
538144 21534 0
538146 21534 0
538150 21534 0
538154 21534 0
538156 21534 0
538161 21534 0
420699 21534 0
538172 21534 0
538179 21534 0
538185 21534 0
22436 21534 0
538190 21534 0
538194 21534 0
538196 21534 0
538205 21534 0
538227 21534 0
538217 21534 0
538222 21534 0
538239 21534 0
538249 21534 0
538241 21534 0
538255 21534 0
538258 21534 0
538262 21534 0
538266 21534 0
538276 21534 0
538280 21534 0
538285 21534 0
538283 21534 0
538289 21534 0
538291 21534 0
538287 21534 0
538305 21534 0
538301 21534 0
538312 21534 0
19338 21534 0
495184 21534 0
538310 21534 0
538318 21534 0
538325 21534 0
538342 21534 0
538344 21534 0
538357 21534 0
538361 21534 0
538359 21534 0
538368 21534 0
538366 21534 0
538372 21534 0
538321 21534 0
538382 21534 0
538387 21534 0
538402 21534 0
538409 21534 0
538407 21534 0
538432 21534 0
538430 21534 0
472185 21534 0
538461 21534 0
538454 21534 0
538469 21534 0
538471 21534 0
219766 21534 0
538484 21534 0
538486 21534 0
538499 21534 0
538508 21534 0
538520 21534 0
538524 21534 0
424763 21534 0
538518 21534 0
538551 21534 0
325299 21534 0
538555 21534 0
538561 21534 0
538564 21534 0
538572 21534 0
538576 21534 0
538580 21534 0
538584 21534 0
538586 21534 0
538593 21534 0
538597 21534 0
538627 21534 0
6396 21534 0
538633 21534 0
538638 21534 0
538640 21534 0
269522 21534 0
538644 21534 0
31371 21534 0
538651 21534 0
538656 21534 0
538654 21534 0
538669 21534 0
21198 21534 0
538676 21534 0
538682 21534 0
538690 21534 0
538693 21534 0
538697 21534 0
538705 21534 0
27953 21534 0
538717 21534 0
538720 21534 0
538722 21534 0
530976 21534 0
538734 21534 0
538753 21534 0
538761 21534 0
538759 21534 0
402553 21534 0
538787 21534 0
538790 21534 0
538800 21534 0
538807 21534 0
538811 21534 0
54573 21534 0
538830 21534 0
538832 21534 0
538836 21534 0
538840 21534 0
538842 21534 0
538848 21534 0
538857 21534 0
538855 21534 0
538859 21534 0
538862 21534 0
538866 21534 0
538869 21534 0
528707 21534 0
538877 21534 0
538879 21534 0
538898 21534 0
538902 21534 0
538900 21534 0
538906 21534 0
538910 21534 0
538931 21534 0
538941 21534 0
26948 21534 0
538955 21534 0
538957 21534 0
538959 21534 0
538961 21534 0
538964 21534 0
538981 21534 0
57801 21534 0
538999 21534 0
539007 21534 0
539003 21534 0
539001 21534 0
539005 21534 0
539011 21534 0
539017 21534 0
539021 21534 0
539029 21534 0
539036 21534 0
539045 21534 0
43383 21534 0
539050 21534 0
539061 21534 0
539071 21534 0
539103 21534 0
399875 21534 0
142478 21534 0
539111 21534 0
539123 21534 0
88928 21534 0
539132 21534 0
539138 21534 0
539142 21534 0
539155 21534 0
539158 21534 0
6469 21534 0
539166 21534 0
539170 21534 0
539172 21534 0
539174 21534 0
539177 21534 0
539179 21534 0
539186 21534 0
539190 21534 0
539192 21534 0
539206 21534 0
487777 21534 0
539222 21534 0
539227 21534 0
539225 21534 0
539238 21534 0
539231 21534 0
539241 21534 0
20512 21534 0
491050 21534 0
539265 21534 0
539269 21534 0
539271 21534 0
539277 21534 0
539285 21534 0
539281 21534 0
539292 21534 0
539298 21534 0
539302 21534 0
6990 21534 0
539311 21534 0
539324 21534 0
539329 21534 0
336282 21534 0
54643 21534 0
539353 21534 0
539363 21534 0
378322 21534 0
539377 21534 0
539381 21534 0
539383 21534 0
539406 21534 0
539412 21534 0
539418 21534 0
539432 21534 0
539440 21534 0
499840 21534 0
539446 21534 0
539460 21534 0
86676 21534 0
539462 21534 0
539464 21534 0
539483 21534 0
539492 21534 0
539503 21534 0
539505 21534 0
539521 21534 0
539524 21534 0
539526 21534 0
539536 21534 0
539534 21534 0
539540 21534 0
539555 21534 0
539562 21534 0
539559 21534 0
539567 21534 0
539564 21534 0
539571 21534 0
539573 21534 0
53398 21534 0
539581 21534 0
539586 21534 0
19918 21534 0
239922 21534 0
539604 21534 0
539607 21534 0
507413 21534 0
539615 21534 0
539622 21534 0
539632 21534 0
539628 21534 0
539639 21534 0
539644 21534 0
539652 21534 0
539657 21534 0
539661 21534 0
539676 21534 0
539678 21534 0
539692 21534 0
539690 21534 0
539694 21534 0
539704 21534 0
539715 21534 0
539711 21534 0
269480 21534 0
420159 21534 0
539739 21534 0
539741 21534 0
539745 21534 0
487266 21534 0
539776 21534 0
539781 21534 0
539794 21534 0
539796 21534 0
539800 21534 0
437738 21534 0
539828 21534 0
539832 21534 0
539838 21534 0
539842 21534 0
539846 21534 0
539849 21534 0
539853 21534 0
539861 21534 0
539867 21534 0
539872 21534 0
237214 21534 0
539879 21534 0
539884 21534 0
539912 21534 0
53640 21534 0
267056 21534 0
539919 21534 0
539928 21534 0
539930 21534 0
539940 21534 0
539947 21534 0
238093 21534 0
539950 21534 0
539958 21534 0
539971 21534 0
539969 21534 0
539983 21534 0
38816 21534 0
539989 21534 0
540006 21534 0
540011 21534 0
540013 21534 0
540016 21534 0
540019 21534 0
540024 21534 0
540028 21534 0
540030 21534 0
540036 21534 0
540041 21534 0
540043 21534 0
540049 21534 0
540052 21534 0
540054 21534 0
540056 21534 0
540067 21534 0
540065 21534 0
540069 21534 0
540071 21534 0
540092 21534 0
540094 21534 0
540100 21534 0
251095 21534 0
540106 21534 0
540104 21534 0
540127 21534 0
17925 21534 0
540137 21534 0
540158 21534 0
540160 21534 0
540170 21534 0
540176 21534 0
540190 21534 0
540192 21534 0
540202 21534 0
540204 21534 0
540206 21534 0
540210 21534 0
540216 21534 0
540221 21534 0
540236 21534 0
540242 21534 0
540238 21534 0
302048 21534 0
380365 21534 0
540250 21534 0
540253 21534 0
540261 21534 0
540263 21534 0
540271 21534 0
212575 21534 0
540284 21534 0
540293 21534 0
540295 21534 0
540299 21534 0
540306 21534 0
540308 21534 0
540310 21534 0
540336 21534 0
540332 21534 0
31026 21534 0
540341 21534 0
540349 21534 0
323428 21534 0
540347 21534 0
540365 21534 0
540363 21534 0
540361 21534 0
540387 21534 0
540383 21534 0
540377 21534 0
540390 21534 0
540394 21534 0
540396 21534 0
540398 21534 0
540408 21534 0
540404 21534 0
540412 21534 0
540417 21534 0
540427 21534 0
540434 21534 0
540438 21534 0
540444 21534 0
540440 21534 0
540450 21534 0
540448 21534 0
540452 21534 0
540454 21534 0
540461 21534 0
540463 21534 0
540469 21534 0
540477 21534 0
540475 21534 0
540479 21534 0
540483 21534 0
540487 21534 0
540500 21534 0
540516 21534 0
540521 21534 0
540531 21534 0
540542 21534 0
540544 21534 0
540550 21534 0
540548 21534 0
540552 21534 0
540556 21534 0
540573 21534 0
540598 21534 0
540600 21534 0
540602 21534 0
540604 21534 0
540612 21534 0
487914 21534 0
540657 21534 0
540659 21534 0
540668 21534 0
540671 21534 0
210642 21534 0
540733 21534 0
540814 21534 0
540822 21534 0
540844 21534 0
540874 21534 0
540882 21534 0
540888 21534 0
540915 21534 0
300153 21534 0
540929 21534 0
540935 21534 0
473881 21534 0
540937 21534 0
226449 21534 0
540965 21534 0
540989 21534 0
540996 21534 0
511038 21534 0
541004 21534 0
541006 21534 0
392865 21534 0
541043 21534 0
541105 21534 0
541116 21534 0
541118 21534 0
541123 21534 0
541169 21534 0
541192 21534 0
541206 21534 0
541226 21534 0
541236 21534 0
541246 21534 0
541249 21534 0
541284 21534 0
541291 21534 0
541302 21534 0
541314 21534 0
21649 21534 0
541341 21534 0
282855 21534 0
383337 21534 0
541409 21534 0
541427 21534 0
415685 21534 0
541429 21534 0
541433 21534 0
541456 21534 0
533329 21534 0
541468 21534 0
6805 21534 0
203678 21534 0
541515 21534 0
541521 21534 0
541541 21534 0
541580 21534 0
541595 21534 0
541601 21534 0
541608 21534 0
541624 21534 0
541622 21534 0
541654 21534 0
541668 21534 0
541691 21534 0
189584 21534 0
541783 21534 0
541803 21534 0
541827 21534 0
541843 21534 0
505158 21534 0
541868 21534 0
541892 21534 0
541897 21534 0
541903 21534 0
170093 21534 0
541948 21534 0
541953 21534 0
541958 21534 0
541972 21534 0
541986 21534 0
542027 21534 0
542037 21534 0
542049 21534 0
51822 21534 0
542116 21534 0
542122 21534 0
542134 21534 0
234244 21534 0
517525 21534 0
374414 21534 0
542174 21534 0
542187 21534 0
542221 21534 0
542229 21534 0
542240 21534 0
542278 21534 0
542284 21534 0
542294 21534 0
542315 21534 0
542324 21534 0
542332 21534 0
542330 21534 0
542339 21534 0
542352 21534 0
542359 21534 0
542370 21534 0
542395 21534 0
513119 21534 0
542436 21534 0
542555 21534 0
542578 21534 0
542587 21534 0
542590 21534 0
542600 21534 0
430882 21534 0
542702 21534 0
542718 21534 0
542737 21534 0
542748 21534 0
542755 21534 0
34904 21534 0
541644 21534 0
32040 21534 0
542784 21534 0
542812 21534 0
542843 21534 0
283418 21534 0
542917 21534 0
542936 21534 0
542946 21534 0
29257 21534 0
535292 21534 0
542974 21534 0
542983 21534 0
22024 21534 0
543052 21534 0
543098 21534 0
543100 21534 0
89523 21534 0
543144 21534 0
543150 21534 0
543152 21534 0
543167 21534 0
543178 21534 0
543189 21534 0
543222 21534 0
543325 21534 0
543328 21534 0
543337 21534 0
543403 21534 0
543411 21534 0
543426 21534 0
543429 21534 0
543438 21534 0
543442 21534 0
543457 21534 0
543455 21534 0
543493 21534 0
543500 21534 0
407004 21534 0
543509 21534 0
246580 21534 0
543566 21534 0
543583 21534 0
543581 21534 0
543592 21534 0
281193 21534 0
543647 21534 0
543684 21534 0
543682 21534 0
333388 21534 0
543715 21534 0
543743 21534 0
543747 21534 0
543793 21534 0
543795 21534 0
543819 21534 0
543821 21534 0
543832 21534 0
543846 21534 0
543849 21534 0
543935 21534 0
543961 21534 0
543966 21534 0
543969 21534 0
368092 21534 0
544025 21534 0
544029 21534 0
380279 21534 0
26681 21534 0
475962 21534 0
544058 21534 0
544066 21534 0
544172 21534 0
544174 21534 0
544219 21534 0
544229 21534 0
514442 21534 0
544338 21534 0
544336 21534 0
544353 21534 0
56473 21534 0
544412 21534 0
544435 21534 0
544453 21534 0
544478 21534 0
544483 21534 0
544547 21534 0
544653 21534 0
544669 21534 0
544707 21534 0
544711 21534 0
544720 21534 0
544748 21534 0
544784 21534 0
544809 21534 0
544822 21534 0
544840 21534 0
544951 21534 0
544954 21534 0
317376 21534 0
545014 21534 0
545050 21534 0
545062 21534 0
545064 21534 0
545081 21534 0
46699 21534 0
545143 21534 0
545160 21534 0
545176 21534 0
308972 21534 0
271570 21534 0
545348 21534 0
545361 21534 0
545390 21534 0
545427 21534 0
545455 21534 0
545465 21534 0
545503 21534 0
545513 21534 0
545558 21534 0
545572 21534 0
545574 21534 0
545612 21534 0
545621 21534 0
545673 21534 0
545706 21534 0
545713 21534 0
545728 21534 0
545749 21534 0
545774 21534 0
545844 21534 0
545889 21534 0
299050 21534 0
545927 21534 0
271908 21534 0
36550 21534 0
534331 21534 0
546093 21534 0
546102 21534 0
546135 21534 0
546213 21534 0
546234 21534 0
546253 21534 0
546274 21534 0
546286 21534 0
546323 21534 0
546328 21534 0
546344 21534 0
546366 21534 0
546378 21534 0
30614 21534 0
546526 21534 0
546531 21534 0
546566 21534 0
516133 21534 0
546691 21534 0
546729 21534 0
546749 21534 0
546803 21534 0
546865 21534 0
546877 21534 0
546893 21534 0
546917 21534 0
546929 21534 0
546972 21534 0
546970 21534 0
546978 21534 0
546988 21534 0
547029 21534 0
547040 21534 0
547046 21534 0
547064 21534 0
547069 21534 0
226793 21534 0
547097 21534 0
547106 21534 0
547109 21534 0
547159 21534 0
547194 21534 0
547249 21534 0
547261 21534 0
249759 21534 0
547276 21534 0
547302 21534 0
547368 21534 0
403891 21534 0
547420 21534 0
547439 21534 0
547525 21534 0
547578 21534 0
547585 21534 0
500238 21534 0
346438 21534 0
547738 21534 0
547748 21534 0
547767 21534 0
331812 21534 0
547824 21534 0
547828 21534 0
547848 21534 0
475485 21534 0
548078 21534 0
548101 21534 0
203393 21534 0
548250 21534 0
266944 21534 0
548352 21534 0
548383 21534 0
450152 21534 0
548494 21534 0
548501 21534 0
548542 21534 0
548553 21534 0
548631 21534 0
74540 21534 0
16053 21534 0
56409 21534 0
548774 21534 0
548759 21534 0
548780 21534 0
548791 21534 0
548847 21534 0
548863 21534 0
548947 21534 0
549037 21534 0
549120 21534 0
549172 21534 0
549177 21534 0
549202 21534 0
549205 21534 0
549213 21534 0
549304 21534 0
549340 21534 0
549411 21534 0
549507 21534 0
549534 21534 0
549558 21534 0
549574 21534 0
549605 21534 0
549645 21534 0
549668 21534 0
549728 21534 0
37100 21534 0
549806 21534 0
549819 21534 0
549834 21534 0
33266 21534 0
549860 21534 0
243177 21534 0
359373 21534 0
550067 21534 0
550115 21534 0
550132 21534 0
550162 21534 0
314982 21534 0
550291 21534 0
550302 21534 0
550329 21534 0
550334 21534 0
550420 21534 0
550474 21534 0
550537 21534 0
550547 21534 0
550726 21534 0
550772 21534 0
550889 21534 0
550929 21534 0
550939 21534 0
316454 21534 0
379 21534 0
40731 21534 0
551159 21534 0
480619 21534 0
551186 21534 0
551188 21534 0
551325 21534 0
551333 21534 0
551352 21534 0
551397 21534 0
551399 21534 0
551425 21534 0
551433 21534 0
551452 21534 0
551529 21534 0
551535 21534 0
335266 21534 0
416180 21534 0
551628 21534 0
551663 21534 0
551694 21534 0
551704 21534 0
551728 21534 0
551749 21534 0
551801 21534 0
551856 21534 0
551920 21534 0
552059 21534 0
552100 21534 0
552192 21534 0
552312 21534 0
552337 21534 0
552343 21534 0
552428 21534 0
533021 515353 0
12053 515353 0
536389 515353 0
536669 515353 0
48008 515353 0
536809 515353 0
536862 515353 0
24031 515353 0
30262 515353 0
31857 515353 0
176684 515353 0
537723 515353 0
537721 515353 0
495693 515353 0
534835 515353 0
476015 515353 0
130687 515353 0
171656 515353 0
371855 515353 0
539663 515353 0
508419 515353 0
539899 515353 0
68297 515353 0
481746 515353 0
25405 515353 0
191559 515353 0
202252 515353 0
47167 515353 0
543394 515353 0
260496 515353 0
119682 515353 0
323164 515353 0
414884 515353 0
206221 515353 0
25540 515353 0
544826 515353 0
544939 515353 0
545000 515353 0
333981 515353 0
10854 515353 0
52856 515353 0
285270 515353 0
546879 515353 0
4367 515353 0
3694 515353 0
541130 515353 0
547797 515353 0
548266 515353 0
532947 515353 0
242547 515353 0
548982 515353 0
549043 515353 0
550318 515353 0
551134 515353 0
48902 515353 0
552430 515353 0
300688 515353 0
48690 12053 0
538815 536397 0
532132 539699 0
529648 234146 0
538399 186118 0
536784 536576 0
542368 536576 0
306736 306521 0
38203 306521 0
479200 306521 0
262216 306521 0
537137 536756 0
538177 27893 0
547340 27893 0
192633 22183 0
225867 537359 0
537533 4255 0
537769 4255 0
90402 4255 0
538871 4255 0
549681 4255 0
549825 4255 0
539252 454887 0
316322 454887 0
542016 537720 0
147354 224599 0
147370 224599 0
539936 278152 0
540286 531228 0
538443 245085 0
71725 538653 0
29023 471557 0
543624 538681 0
30375 538711 0
538850 534138 0
538882 534138 0
539444 534138 0
179906 534138 0
539013 538746 0
539136 538861 0
538177 27893 0
540786 499442 0
541064 499442 0
224175 220801 0
222068 220801 0
221379 220801 0
539755 539289 0
539515 539313 0
29663 450255 0
540135 539357 0
40273 539402 0
402927 5000 0
5593 5000 0
206584 494473 0
220801 224455 0
1889 539730 0
537769 4255 0
58030 4255 0
90402 4255 0
542752 4255 0
549681 4255 0
450255 162289 0
33464 162289 0
543334 539814 0
540490 539949 0
58953 540010 0
134821 540023 0
546336 540023 0
540146 539613 0
541713 540122 0
34 540173 0
488963 57267 0
540544 21534 0
539225 21534 0
540792 21534 0
540898 21534 0
538638 21534 0
338532 21534 0
541135 21534 0
22096 21534 0
541116 21534 0
57801 21534 0
541278 21534 0
47720 21534 0
542007 21534 0
542168 21534 0
539940 21534 0
542350 21534 0
542602 21534 0
543288 21534 0
543435 21534 0
544020 21534 0
226449 21534 0
545392 21534 0
544809 21534 0
260832 21534 0
491399 21534 0
547489 21534 0
548654 21534 0
38626 21534 0
550339 21534 0
543209 540750 0
540980 540860 0
542493 58040 0
541086 128558 0
399294 229961 0
541390 541215 0
541764 541215 0
543191 541215 0
543200 541215 0
546270 541215 0
18315 8068 0
542127 8068 0
337386 8068 0
543651 8068 0
52830 8068 0
542387 542225 0
542271 542231 0
549862 30031 0
481429 46869 0
542897 21534 0
24137 21534 0
542985 21534 0
22096 21534 0
51822 21534 0
543986 21534 0
372692 21534 0
544842 21534 0
537385 21534 0
546435 21534 0
545556 41390 0
543218 542725 0
543038 542906 0
543054 542906 0
543541 542906 0
543617 542906 0
16995 542906 0
544389 542906 0
544399 542906 0
547263 542906 0
551792 542906 0
298148 543035 0
28841 543035 0
543225 543146 0
548307 543193 0
549045 543193 0
550313 543193 0
550972 543193 0
551096 543193 0
552327 543193 0
543283 24543 0
50786 24543 0
544848 24543 0
35253 24543 0
23604 56087 0
2577 209912 0
543703 388837 0
547175 543883 0
231595 29781 0
216750 544024 0
545112 544186 0
544399 544210 0
544731 544210 0
544791 544211 0
547537 544243 0
544399 544210 0
544972 5534 0
333981 544537 0
546879 544537 0
45072 544537 0
50689 398928 0
544818 398928 0
547676 398928 0
547993 398928 0
550096 398928 0
551598 398928 0
500086 398928 0
22094 49053 0
55828 541398 0
40542 544649 0
545131 544696 0
2229 31731 0
545045 536862 0
549964 545024 0
546226 545038 0
545110 545086 0
57122 545086 0
545350 545086 0
545718 38397 0
72398 38397 0
45997 38397 0
222688 38397 0
429427 481269 0
487137 481269 0
545795 515131 0
228902 511789 0
546016 545571 0
544589 545586 0
545964 544477 0
399019 49952 0
550183 546064 0
340995 546071 0
546164 24515 0
546666 24515 0
24514 24515 0
340995 546090 0
545725 189538 0
340995 546144 0
208941 53196 0
546204 53196 0
546570 53196 0
546813 53196 0
175421 53196 0
547461 53196 0
547539 53196 0
547657 53196 0
221319 53196 0
546389 546158 0
546277 409414 0
546288 409414 0
546306 409414 0
546319 409414 0
549433 189538 0
551711 189538 0
546202 33334 0
546630 546663 0
549275 545245 0
546568 546569 0
546861 546393 0
13388 546393 0
459920 546393 0
41390 545556 0
231595 29781 0
546538 546505 0
546542 546505 0
546630 546505 0
547142 546505 0
547170 546505 0
547217 546505 0
547790 546505 0
3712 51873 0
547259 546932 0
547006 538861 0
62821 43370 0
269691 43370 0
42546 43370 0
549312 547444 0
547961 407601 0
31712 407601 0
552163 407601 0
547803 547695 0
548129 89438 0
312849 89438 0
548428 47180 0
72398 47180 0
548951 47180 0
179906 47180 0
549757 47180 0
57235 47180 0
207133 47180 0
379 47180 0
86475 47180 0
551194 47180 0
551217 47180 0
293560 47180 0
548388 517525 0
548248 22799 0
548269 22799 0
548272 22799 0
548275 22799 0
548279 22799 0
548285 22799 0
548296 22799 0
548300 22799 0
548302 22799 0
548317 22799 0
548324 22799 0
548329 22799 0
548364 22799 0
548368 22799 0
548381 22799 0
548386 22799 0
530656 22799 0
548426 22799 0
260209 22799 0
547578 22799 0
548449 22799 0
548454 22799 0
548456 22799 0
548470 22799 0
548473 22799 0
548475 22799 0
528973 22799 0
548486 22799 0
548490 22799 0
548498 22799 0
548503 22799 0
548519 22799 0
548523 22799 0
548538 22799 0
548546 22799 0
548544 22799 0
548376 22799 0
548557 22799 0
548563 22799 0
548577 22799 0
548590 22799 0
445635 22799 0
548638 22799 0
548645 22799 0
548649 22799 0
548651 22799 0
537127 22799 0
548657 22799 0
548682 22799 0
548553 22799 0
548699 22799 0
548703 22799 0
548734 22799 0
548761 22799 0
548763 22799 0
548784 22799 0
548802 22799 0
536781 22799 0
548840 22799 0
548842 22799 0
548880 22799 0
548895 22799 0
548900 22799 0
548916 22799 0
548927 22799 0
319660 22799 0
548945 22799 0
548953 22799 0
548965 22799 0
548967 22799 0
549007 22799 0
549078 22799 0
549093 22799 0
549097 22799 0
549099 22799 0
549103 22799 0
549113 22799 0
549147 22799 0
549170 22799 0
547767 22799 0
549177 22799 0
549189 22799 0
23033 22799 0
549196 22799 0
537828 22799 0
549209 22799 0
549207 22799 0
549211 22799 0
549222 22799 0
549224 22799 0
549231 22799 0
549235 22799 0
549246 22799 0
549263 22799 0
549290 22799 0
549299 22799 0
549306 22799 0
549314 22799 0
549321 22799 0
549331 22799 0
549333 22799 0
549344 22799 0
549342 22799 0
549347 22799 0
549371 22799 0
549367 22799 0
549377 22799 0
549397 22799 0
549405 22799 0
549416 22799 0
549429 22799 0
549437 22799 0
549444 22799 0
549459 22799 0
549479 22799 0
549481 22799 0
338727 22799 0
549500 22799 0
549503 22799 0
535753 22799 0
549520 22799 0
549522 22799 0
549543 22799 0
549549 22799 0
549564 22799 0
549576 22799 0
549579 22799 0
549581 22799 0
549638 22799 0
549640 22799 0
549655 22799 0
549649 22799 0
549672 22799 0
549674 22799 0
549678 22799 0
549698 22799 0
549732 22799 0
549747 22799 0
549766 22799 0
547848 22799 0
544238 22799 0
549874 22799 0
549883 22799 0
549885 22799 0
549891 22799 0
549889 22799 0
549895 22799 0
543715 22799 0
549924 22799 0
549931 22799 0
549937 22799 0
549949 22799 0
544720 22799 0
549953 22799 0
549957 22799 0
549990 22799 0
549994 22799 0
550011 22799 0
13916 22799 0
550059 22799 0
550057 22799 0
550067 22799 0
545615 22799 0
550094 22799 0
550117 22799 0
550134 22799 0
550164 22799 0
550132 22799 0
550197 22799 0
536478 22799 0
550223 22799 0
550279 22799 0
550275 22799 0
550285 22799 0
550324 22799 0
550337 22799 0
550347 22799 0
550377 22799 0
550410 22799 0
550440 22799 0
163009 22799 0
550461 22799 0
550457 22799 0
550468 22799 0
550470 22799 0
550486 22799 0
550520 22799 0
550529 22799 0
550549 22799 0
550580 22799 0
550584 22799 0
550591 22799 0
550589 22799 0
550593 22799 0
550600 22799 0
550611 22799 0
550647 22799 0
550665 22799 0
550671 22799 0
550681 22799 0
550695 22799 0
53775 22799 0
550738 22799 0
550740 22799 0
550744 22799 0
550766 22799 0
550768 22799 0
550803 22799 0
550825 22799 0
550853 22799 0
550860 22799 0
550867 22799 0
550872 22799 0
550874 22799 0
550934 22799 0
550952 22799 0
550983 22799 0
550996 22799 0
551014 22799 0
551016 22799 0
551033 22799 0
551041 22799 0
551083 22799 0
551151 22799 0
551161 22799 0
551170 22799 0
551199 22799 0
551205 22799 0
551214 22799 0
551242 22799 0
551269 22799 0
551273 22799 0
551297 22799 0
551318 22799 0
551346 22799 0
551354 22799 0
551356 22799 0
551371 22799 0
551377 22799 0
551381 22799 0
551395 22799 0
551407 22799 0
551455 22799 0
551399 22799 0
51370 22799 0
551507 22799 0
392865 22799 0
551572 22799 0
551630 22799 0
551657 22799 0
551673 22799 0
551675 22799 0
551734 22799 0
551752 22799 0
551728 22799 0
551759 22799 0
551790 22799 0
551812 22799 0
551829 22799 0
551842 22799 0
551844 22799 0
551917 22799 0
551939 22799 0
551959 22799 0
551961 22799 0
528707 22799 0
25050 22799 0
552073 22799 0
552117 22799 0
552128 22799 0
552130 22799 0
552132 22799 0
552137 22799 0
552151 22799 0
552197 22799 0
552277 22799 0
552281 22799 0
552301 22799 0
552316 22799 0
552324 22799 0
552353 22799 0
552364 22799 0
552370 22799 0
552394 22799 0
552426 22799 0
552432 22799 0
552447 22799 0
552457 22799 0
549651 548514 0
74332 71371 0
549730 548925 0
548996 548926 0
549275 545245 0
549823 549268 0
549369 56104 0
221082 56104 0
549413 56104 0
228650 56104 0
549586 56104 0
233829 56104 0
549670 56104 0
549877 56104 0
550004 56104 0
550517 56104 0
550756 56104 0
545254 56104 0
551177 56104 0
551565 56104 0
551492 56104 0
473850 56104 0
551709 56104 0
549624 549337 0
459106 8 0
551854 8 0
552063 8 0
551990 300359 0
550915 57539 0
29023 55467 0
17930 981 0
34 549058 0
55649 550336 0
513649 550562 0
551911 550360 0
551632 297738 0
552287 297738 0
550917 550638 0
551100 550638 0
551315 550638 0
44937 550937 0
551117 136771 0
551035 551025 0
56431 279115 0
551184 517422 0
551437 517422 0
551634 517422 0
551388 551375 0
551581 551494 0
552174 551494 0
552189 551494 0
552201 551494 0
552402 551494 0
376456 551603 0
551531 551528 0
552224 552225 0
551973 474097 0
552076 474097 0
547510 474097 0
231595 29781 0
552305 55395 0
231595 29781 0
