1 1 100 7.09125
2 2 100 13.6916
3 3 100 401.127
4 4 100 558.597
5 5 100 696.901
6 6 100 797.183
7 7 100 830.711
8 8 100 3872.45
9 9 100 3889.83
10 10 100 3906.77
11 11 100 3915.41
12 12 100 3922.74
13 13 100 3929.54
14 14 100 3932.27
15 15 100 3987.39
16 16 100 4025.76
17 17 100 4052.61
18 18 100 4055.11
19 19 100 4058.01
20 20 100 4074.83
21 21 100 4077.67
22 22 100 4079.94
23 23 100 4088.49
24 24 100 4096.29
25 25 100 4098.52
26 26 100 4100.44
27 27 100 4106.56
28 28 100 4113.17
29 29 100 4118.77
30 30 100 4124.73
31 31 100 4130.87
32 32 100 4136.29
33 33 100 4140.4
34 34 100 4145.08
35 35 100 4149.48
36 36 100 4154.15
37 37 100 4155.83
38 38 100 4157.94
39 39 100 4161.69
40 40 100 4165.64
41 41 100 4169.21
42 42 100 4171.74
43 43 100 4175.13
44 44 100 4178.7
45 45 100 4181.91
46 46 100 4184.06
47 47 100 4187.27
48 48 100 4190.47
49 49 100 4193.49
50 50 100 4196.7
