1 1 100 2190.24
2 2 100 2237.45
3 3 100 2265.68
4 4 100 2364.57
5 5 100 2383.05
6 6 100 2394.99
7 7 100 2411.69
8 8 100 2419.09
9 9 100 2428.09
10 10 100 2448.58
11 11 100 2461.99
12 12 100 2467.12
13 13 100 2508.74
14 14 100 2513.54
15 15 100 2518.4
16 16 100 2523.96
17 17 100 2528.64
18 18 100 2545.35
19 19 100 2548.93
20 20 100 2551.57
21 21 100 2555.64
22 22 100 2559.06
23 23 100 2562.8
24 24 100 2566.74
25 25 100 2575.35
26 26 100 2578.19
27 27 100 2580.78
28 28 100 2584.38
29 29 100 2586.76
30 30 100 2588.96
31 31 100 2607.13
32 32 100 2609.31
33 33 100 2610.68
34 34 100 2612.97
35 35 100 2614.81
36 36 100 2617.6
37 37 100 2619.7
38 38 100 2621.16
39 39 100 2623.26
40 40 100 2624.76
41 41 100 2626.68
42 42 100 2628.79
43 43 100 2630.89
44 44 100 2632.99
45 45 100 2635.1
46 46 100 2812.77
47 47 100 2814.21
48 48 100 2816.13
49 49 100 2817.71
50 50 100 2819.1
