1 1 100 133.048
2 2 100 187.659
3 3 100 236.335
4 4 100 278.575
5 5 100 318.238
6 6 100 355.322
7 7 100 387.903
8 8 100 419.253
9 9 100 449.166
10 10 100 478.174
11 11 100 506.306
12 12 100 527.131
13 13 100 547.609
14 14 100 566.124
15 15 100 579.778
16 16 100 591.151
17 17 100 602.451
18 18 100 613.751
19 19 100 625.327
20 20 100 635.397
21 21 100 644.49
22 22 100 651.744
23 23 100 658.384
24 24 100 664.902
25 25 100 671.339
26 26 100 677.427
27 27 100 683.393
28 28 100 688.992
29 29 100 694.13
30 30 100 699.177
31 31 100 704.148
32 32 100 709.07
33 33 100 714.374
34 34 100 719.176
35 35 100 723.854
36 36 100 728.533
37 37 100 732.823
38 38 100 736.857
39 39 100 740.8
40 40 100 744.743
41 41 100 748.684
42 42 100 752.443
43 43 100 756.202
44 44 100 760.326
45 45 100 763.781
46 46 100 767.081
47 47 100 770.38
48 48 100 773.676
49 49 100 776.884
50 50 100 780.091
