1 1 100 20.8013
2 2 100 26.2676
3 3 100 30.6127
4 4 100 114.8
5 5 100 117.05
6 6 100 118.45
7 7 100 119.45
8 8 100 125.181
9 9 100 131.205
10 10 100 189.985
11 11 100 206.082
12 12 100 210.984
13 13 100 214.772
14 14 100 218.746
15 15 100 241.759
16 16 100 243.139
17 17 100 244.175
18 18 100 247.106
19 19 100 268.983
20 20 100 270.949
21 21 100 273.953
22 22 100 314.676
23 23 100 331.887
24 24 100 346.131
25 25 100 357.262
26 26 100 358.672
27 27 100 359.823
28 28 100 361.797
29 29 100 363.031
30 30 100 371.413
31 31 100 374.401
32 32 100 376.137
33 33 100 384.249
34 34 100 392.607
35 35 100 400.028
36 36 100 407.098
37 37 100 413.739
38 38 100 415.497
39 39 100 422.384
40 40 100 423.754
41 41 100 426.097
42 42 100 431.828
43 43 100 563.759
44 44 100 569.541
45 45 100 574.956
46 46 100 580.37
47 47 100 584.38
48 48 100 588.813
49 49 100 593.676
50 50 100 597.765
