1 1 100 1.36788
2 2 100 2.45985
3 3 100 3.82773
4 4 100 5.93137
5 5 100 7.29925
6 6 100 8.70759
7 7 100 10.4434
8 8 100 65.0554
9 9 100 66.2393
10 10 100 67.3313
11 11 100 68.3838
12 12 100 69.7517
13 13 100 70.9357
14 14 100 71.9702
15 15 100 75.1775
16 16 100 76.5454
17 17 100 77.7293
18 18 100 81.4884
19 19 100 82.4884
20 20 100 85.7877
21 21 100 87.1556
22 22 100 88.5235
23 23 100 89.8913
24 24 100 91.2592
25 25 100 92.6271
26 26 100 93.995
27 27 100 95.087
28 28 100 97.7424
29 29 100 99.1103
30 30 100 110.411
31 31 100 112.147
32 32 100 113.239
33 33 100 114.423
34 34 100 115.607
35 35 100 117.71
36 36 100 119.446
37 37 100 120.814
38 38 100 122.182
39 39 100 123.274
40 40 100 125.469
41 41 100 126.653
42 42 100 128.021
43 43 100 138.092
44 44 100 139.214
45 45 100 141.318
46 46 100 142.931
47 47 100 144.299
48 48 100 146.77
49 49 100 186.431
50 50 100 187.799
