1 1 100 535.171
2 2 100 691.286
3 3 100 725.699
4 4 100 743.125
5 5 100 750.01
6 6 100 754.859
7 7 100 759.998
8 8 100 764.284
9 9 100 781.08
10 10 100 786.126
11 11 100 798.057
12 12 100 820.786
13 13 100 824.852
14 14 100 828.427
15 15 100 832.002
16 16 100 836.314
17 17 100 839.705
18 18 100 842.545
19 19 100 845.384
20 20 100 848.039
21 21 100 859.083
22 22 100 1062.46
23 23 100 1065.66
24 24 100 1068.09
25 25 100 1071.32
26 26 100 1072.92
27 27 100 1400.7
28 28 100 1407.18
29 29 100 1410.3
30 30 100 1440.45
31 31 100 1441.43
32 32 100 1443.9
33 33 100 1446.37
34 34 100 1448.04
35 35 100 1455.5
36 36 100 1457.61
37 37 100 1459.43
38 38 100 1461.54
39 39 100 1463.21
40 40 100 1465.32
41 41 100 1472.58
42 42 100 1474.09
43 43 100 1476.52
44 44 100 1644.8
45 45 100 1646.01
46 46 100 1647.99
47 47 100 1648.81
48 48 100 1650.91
49 49 100 1652.39
50 50 100 1653.86
