1 1 100 58.8183
2 2 100 82.1254
3 3 100 104.371
4 4 100 125.997
5 5 100 143.245
6 6 100 158.973
7 7 100 173.216
8 8 100 184.389
9 9 100 193.329
10 10 100 201.686
11 11 100 210.044
12 12 100 217.528
13 13 100 224.597
14 14 100 231.483
15 15 100 238.369
16 16 100 244.393
17 17 100 250.4
18 18 100 256.271
19 19 100 262.053
20 20 100 267.785
21 21 100 273.199
22 22 100 278.614
23 23 100 283.962
24 24 100 289.009
25 25 100 293.688
26 26 100 298.08
27 27 100 302.319
28 28 100 306.538
29 29 100 310.716
30 30 100 314.781
31 31 100 318.765
32 32 100 322.708
33 33 100 326.651
34 34 100 330.415
35 35 100 334.175
36 36 100 337.842
37 37 100 341.486
38 38 100 345.061
39 39 100 349.071
40 40 100 352.279
41 41 100 355.486
42 42 100 358.693
43 43 100 361.901
44 44 100 365.088
45 45 100 368.02
46 46 100 370.859
47 47 100 373.387
48 48 100 375.872
49 49 100 378.343
50 50 100 380.815
