1 1 100 1.24813
2 2 100 2.26857
3 3 100 3.28901
4 4 100 4.29449
5 5 100 5.71544
6 6 100 7.52419
7 7 100 8.54462
8 8 100 9.54709
9 9 100 10.6265
10 10 100 12.3027
11 11 100 13.3027
12 12 100 14.3027
13 13 100 574.546
14 14 100 575.547
15 15 100 576.915
16 16 100 577.915
17 17 100 579.283
18 18 100 580.722
19 19 100 581.768
20 20 100 583.422
21 21 100 584.79
22 22 100 586.157
23 23 100 587.157
24 24 100 588.202
25 25 100 589.293
26 26 100 590.477
27 27 100 591.477
28 28 100 592.848
29 29 100 610.718
30 30 100 622.716
31 31 100 624.084
32 32 100 625.084
33 33 100 626.087
34 34 100 627.087
35 35 100 628.16
36 36 100 629.528
37 37 100 630.573
38 38 100 631.573
39 39 100 632.574
40 40 100 633.941
41 41 100 635.033
42 42 100 636.034
43 43 100 639.977
44 44 100 691.157
45 45 100 692.238
46 46 100 693.79
47 47 100 694.79
48 48 100 695.882
49 49 100 697.25
50 50 100 698.343
