1 1 100 2.28758
2 2 100 88.2983
3 3 100 89.6662
4 4 100 91.034
5 5 100 92.4019
6 6 100 93.7698
7 7 100 97.7782
8 8 100 99.514
9 9 100 101.092
10 10 100 102.092
11 11 100 106.191
12 12 100 107.191
13 13 100 108.231
14 14 100 109.246
15 15 100 110.951
16 16 100 112.319
17 17 100 113.411
18 18 100 114.414
19 19 100 115.416
20 20 100 116.489
21 21 100 117.563
22 22 100 118.563
23 23 100 119.578
24 24 100 120.946
25 25 100 122.13
26 26 100 123.13
27 27 100 124.866
28 28 100 125.958
29 29 100 127.124
30 30 100 128.139
31 31 100 129.22
32 32 100 130.22
33 33 100 131.367
34 34 100 134.098
35 35 100 135.282
36 36 100 136.65
37 37 100 138.018
38 38 100 139.386
39 39 100 142.593
40 40 100 155.699
41 41 100 157.435
42 42 100 158.803
43 43 100 159.803
44 44 100 160.843
45 45 100 162.211
46 46 100 163.219
47 47 100 164.251
48 48 100 165.619
49 49 100 166.988
50 50 100 168.356
