1776 19 0
2823 19 0
3589 19 0
3762 19 0
5721 19 0
131 132 0
1478 1479 0
249 250 0
567 250 0
142 143 0
9974 9718 0
828 829 0
1693 829 0
1821 2188 0
4850 2188 0
205 553 0
1866 1867 0
203850 885 0
355 885 0
1076 1077 0
78558 78557 0
203 204 0
210 204 0
214 204 0
238 204 0
274 204 0
294 204 0
302 204 0
313 204 0
343 204 0
387 204 0
396 204 0
406 204 0
431 204 0
499 204 0
607 204 0
621 204 0
662 204 0
682 204 0
684 204 0
744 204 0
789 204 0
680 204 0
823 204 0
935 204 0
1007 204 0
1056 204 0
1112 204 0
1114 204 0
1236 204 0
1275 204 0
1345 204 0
1434 204 0
1438 204 0
1496 204 0
1519 204 0
1542 204 0
1596 204 0
1613 204 0
1615 204 0
1716 204 0
1744 204 0
1779 204 0
1972 204 0
1977 204 0
2028 204 0
2036 204 0
2269 204 0
2289 204 0
2206 204 0
2382 204 0
2438 204 0
2476 204 0
2497 204 0
2680 204 0
2713 204 0
2744 204 0
2754 204 0
2809 204 0
2826 204 0
2828 204 0
2854 204 0
2881 204 0
2921 204 0
2961 204 0
3038 204 0
3117 204 0
3153 204 0
3158 204 0
3162 204 0
3175 204 0
3179 204 0
3104 204 0
3277 204 0
3385 204 0
3565 204 0
3584 204 0
3632 204 0
3671 204 0
3692 204 0
3724 204 0
3751 204 0
3772 204 0
3832 204 0
3872 204 0
3930 204 0
3945 204 0
4164 204 0
4222 204 0
4263 204 0
4324 204 0
4339 204 0
4349 204 0
4413 204 0
4424 204 0
4511 204 0
4666 204 0
4687 204 0
4731 204 0
4757 204 0
4852 204 0
4865 204 0
4903 204 0
4933 204 0
4935 204 0
5020 204 0
5054 204 0
5066 204 0
5086 204 0
5183 204 0
5221 204 0
5278 204 0
5404 204 0
5458 204 0
5581 204 0
5608 204 0
5676 204 0
5696 204 0
5715 204 0
5749 204 0
4137 4138 0
864 865 0
1072 1533 0
1733 998 0
28003 4819 0
4822 4819 0
4820 4819 0
4818 4819 0
2573 2574 0
2778 2574 0
49 50 0
221 50 0
278 50 0
703 50 0
857 50 0
1315 50 0
1702 50 0
1878 50 0
2442 50 0
2509 50 0
2964 50 0
3194 50 0
3377 50 0
3496 50 0
3520 50 0
4179 50 0
4434 50 0
5058 50 0
5117 50 0
5153 50 0
5474 50 0
3451 3452 0
1538 115 0
3393 115 0
59 57 0
64 57 0
56 57 0
73 57 0
82 57 0
121 57 0
365 57 0
373 57 0
525 57 0
564 57 0
647 57 0
717 57 0
836 57 0
851 57 0
890 57 0
974 57 0
1009 57 0
1058 57 0
1116 57 0
1157 57 0
1177 57 0
1208 57 0
1226 57 0
1249 57 0
1347 57 0
1379 57 0
1392 57 0
1399 57 0
1403 57 0
1475 57 0
1480 57 0
1544 57 0
1873 57 0
1923 57 0
1935 57 0
1969 57 0
1998 57 0
2014 57 0
2091 57 0
2108 57 0
2227 57 0
2317 57 0
2372 57 0
2527 57 0
2669 57 0
2673 57 0
2697 57 0
2804 57 0
2820 57 0
2869 57 0
2884 57 0
2900 57 0
3035 57 0
3126 57 0
3169 57 0
3397 57 0
3435 57 0
3537 57 0
3634 57 0
3665 57 0
3728 57 0
4150 57 0
4209 57 0
4217 57 0
4289 57 0
4330 57 0
4384 57 0
4446 57 0
4494 57 0
4506 57 0
3463 57 0
4814 57 0
4854 57 0
4889 57 0
5035 57 0
5080 57 0
3985 57 0
5132 57 0
5334 57 0
5338 57 0
5387 57 0
5455 57 0
5498 57 0
5563 57 0
19539 5767 0
1802 1801 0
1800 1801 0
4613 4614 0
1704 1705 0
2783 1705 0
71 72 0
411 72 0
664 72 0
1119 72 0
1634 72 0
2910 72 0
3387 72 0
4106 72 0
4326 4327 0
4503 4327 0
2539 2540 0
4633 2540 0
3935 3936 0
3407 3677 0
583 584 0
5545 584 0
281 282 0
308 282 0
542 282 0
792 282 0
1107 282 0
1160 282 0
1662 282 0
1995 282 0
2133 282 0
3375 282 0
3959 282 0
4071 282 0
4085 282 0
4509 282 0
4673 282 0
5348 282 0
5420 282 0
619 620 0
1165 620 0
1203 620 0
1264 620 0
1382 620 0
112 620 0
1811 620 0
1830 620 0
1902 620 0
1952 620 0
2001 620 0
2271 620 0
1821 620 0
415 620 0
2856 620 0
2875 620 0
3242 620 0
3274 620 0
3308 620 0
4557 620 0
4228 620 0
4650 620 0
4728 620 0
3701 620 0
5264 620 0
5579 620 0
4908 4909 0
5362 4909 0
1287 1288 0
5618 5619 0
10 11 0
21 11 0
33 11 0
112 11 0
272 11 0
369 11 0
391 11 0
415 11 0
466 11 0
475 11 0
642 11 0
839 11 0
893 11 0
969 11 0
983 11 0
1185 11 0
1228 11 0
1358 11 0
1463 11 0
1512 11 0
2004 11 0
2021 11 0
1904 11 0
2234 11 0
2471 11 0
2840 11 0
2917 11 0
2968 11 0
3077 11 0
3222 11 0
3227 11 0
3503 11 0
3534 11 0
3567 11 0
3609 11 0
3642 11 0
4021 11 0
4065 11 0
4094 11 0
4162 11 0
4185 11 0
4194 11 0
4203 11 0
4205 11 0
4395 11 0
4444 11 0
4792 11 0
4995 11 0
5144 11 0
5170 11 0
5316 11 0
5039 11 0
5425 11 0
5613 11 0
5661 11 0
5685 11 0
5689 998 0
1123 998 0
2117 998 0
9799 998 0
4477 998 0
5687 998 0
1152 125 0
1448 125 0
3607 125 0
4039 4040 0
4920 4921 0
291 292 0
3884 3885 0
103 104 0
1040 104 0
1262 104 0
3555 104 0
1324 1325 0
4483 1325 0
550 551 0
1534 551 0
5510 551 0
2977 2978 0
1819 1820 0
3885 165417 0
3208 3209 0
89342 89341 0
1319 1318 0
1317 1318 0
4292 4293 0
42289 42288 0
3782 3704 0
3351 3352 0
3366 3367 0
443 444 0
2058 2059 0
1171 1172 0
1665 1172 0
5649 1172 0
2530 2531 0
417 418 0
7144 7143 0
737 738 0
2485 2486 0
644 645 0
30 29 0
28 29 0
1121 1122 0
2781 3630 0
4577 4578 0
3218 252 0
1870 1871 0
1680 1681 0
2325 1681 0
1646 1681 0
2552 1681 0
2746 1681 0
2792 1681 0
4387 1681 0
5044 1681 0
46 47 0
262 47 0
818 47 0
2297 47 0
101 102 0
1366 102 0
2148 102 0
2750 2751 0
4609 4610 0
13 14 0
105 14 0
140 14 0
173 14 0
325 14 0
470 14 0
589 14 0
650 14 0
705 14 0
727 14 0
807 14 0
843 14 0
876 14 0
925 14 0
1026 14 0
1148 14 0
1065 14 0
1109 14 0
1175 14 0
1322 14 0
1450 14 0
1470 14 0
1521 14 0
1600 14 0
1832 14 0
1864 14 0
1960 14 0
2076 14 0
2125 14 0
2416 14 0
2586 14 0
2834 14 0
2888 14 0
4081 14 0
3446 14 0
3913 14 0
4092 14 0
4405 14 0
4555 14 0
4648 14 0
4724 14 0
4878 14 0
5423 14 0
5541 14 0
5719 14 0
2495 2496 0
4899 4900 0
555 556 0
4246 556 0
4 5 0
821 822 0
2115 822 0
818 856 0
114 115 0
379 495 0
85 495 0
3925 3926 0
379 441 0
379 380 0
4596 4597 0
42 43 0
4 439 0
1257 439 0
2366 45 0
717 100 0
4 192 0
509 192 0
1412 219 0
4 227 0
1137 248 0
426 357 0
766 524 0
1271 524 0
2305 547 0
714 224 0
723 224 0
725 224 0
771 224 0
830 224 0
841 224 0
1782 224 0
5239 224 0
5678 224 0
5589 716 0
4 845 0
4551 845 0
2564 38 0
980 887 0
1063 959 0
1406 959 0
2564 959 0
1273 1091 0
2044 1091 0
4 1184 0
4 1187 0
4 462 0
1686 1467 0
2082 1467 0
1549 19 0
1564 19 0
1578 19 0
1594 19 0
1604 19 0
1602 19 0
1611 19 0
1626 19 0
723 19 0
1659 19 0
1673 19 0
1752 19 0
1754 19 0
1840 19 0
1856 19 0
1933 19 0
1991 19 0
2097 19 0
2401 19 0
2622 19 0
2802 19 0
3083 19 0
3115 19 0
3303 19 0
3313 19 0
5039 19 0
5146 19 0
5188 19 0
5290 19 0
1681 1524 0
152 1528 0
1562 1561 0
2185 1646 0
2190 1877 0
2762 1951 0
2144 2000 0
2378 2000 0
3518 2000 0
3867 2000 0
2250 2251 0
2164 2165 0
4 2277 0
2052 559 0
2061 559 0
2153 559 0
2966 559 0
9799 559 0
2576 2102 0
2202 2184 0
2313 2184 0
2358 2184 0
2451 2184 0
2567 2184 0
2688 2184 0
2445 444 0
2534 444 0
3613 2214 0
2307 469 0
2311 469 0
2345 469 0
2347 469 0
2349 469 0
2361 469 0
2354 469 0
2391 469 0
2395 469 0
2393 469 0
2418 469 0
2431 469 0
2436 469 0
2455 469 0
2459 469 0
2493 469 0
2518 469 0
2562 469 0
2560 469 0
2582 469 0
2584 469 0
2613 469 0
2655 469 0
2653 469 0
2700 469 0
2770 469 0
2861 469 0
3015 469 0
3020 469 0
3062 469 0
3132 469 0
3320 469 0
3658 469 0
3688 469 0
4191 469 0
4295 469 0
4303 469 0
4411 469 0
4470 469 0
5232 469 0
5280 469 0
1137 2384 0
4 2386 0
2615 2475 0
2931 2601 0
2989 2601 0
2981 2743 0
3611 2806 0
4 2825 0
3674 2846 0
3032 2880 0
3088 2880 0
3360 3068 0
3123 3095 0
3110 3107 0
3130 3107 0
3145 3107 0
3201 3107 0
3286 3107 0
3479 3107 0
3582 3107 0
3600 3107 0
3603 3107 0
3780 3107 0
3845 3107 0
4036 3107 0
4098 3107 0
4232 3107 0
4341 3107 0
4419 3107 0
4422 3107 0
4487 3107 0
4527 3107 0
4543 3107 0
4776 3107 0
4785 3107 0
4800 3107 0
4884 3107 0
4926 3107 0
5228 3107 0
5533 3107 0
5577 3107 0
5598 3107 0
3716 3717 0
4381 3717 0
4515 3717 0
3522 3523 0
5633 3523 0
3297 3196 0
3328 3270 0
3334 3270 0
3364 3270 0
3449 3270 0
3459 3270 0
3483 3270 0
3587 3270 0
3813 3270 0
3856 3270 0
3879 3270 0
3937 3270 0
3974 3270 0
4615 3270 0
4708 3270 0
4827 3270 0
3332 3295 0
3782 3704 0
4029 3704 0
4273 3704 0
3407 3709 0
3407 3972 0
4046 4047 0
3905 3241 0
5711 3241 0
4215 3764 0
3950 3838 0
3921 3855 0
3988 3855 0
4160 3855 0
4256 3855 0
4491 3855 0
4643 3855 0
5022 3855 0
4997 3855 0
4017 3939 0
4026 3939 0
3855 3947 0
3921 3947 0
4256 3947 0
4997 3947 0
5022 3947 0
5103 3947 0
114 3953 0
4169 3990 0
4256 4171 0
3921 4171 0
4643 4171 0
4997 4171 0
5022 4171 0
5103 4171 0
4283 4284 0
4691 4284 0
5005 3939 0
5008 3939 0
5723 5724 0
4266 4182 0
4171 4182 0
3855 4182 0
3988 4182 0
4643 4182 0
5022 4182 0
4534 4235 0
5401 171 0
4863 4829 0
3855 4839 0
4182 4839 0
4266 4839 0
4997 4839 0
5022 4839 0
4171 4839 0
5103 4839 0
4945 4946 0
5235 4946 0
5549 5550 0
5122 3939 0
5313 5019 0
5111 5063 0
5142 5063 0
5151 5063 0
5164 5063 0
5185 5063 0
5219 5063 0
3701 5063 0
5515 5063 0
5651 5063 0
3855 5103 0
4182 5103 0
4266 5103 0
4171 5103 0
3855 5119 0
4182 5119 0
4266 5119 0
4171 5119 0
5479 5119 0
