1 1 100 186.911
2 2 100 250.848
3 3 100 298.938
4 4 100 348.692
5 5 100 387.401
6 6 100 425.374
7 7 100 435.561
8 8 100 438.149
9 9 100 440.433
10 10 100 442.353
11 11 100 443.521
12 12 100 467.445
13 13 100 487.023
14 14 100 488.45
15 15 100 504.23
16 16 100 505.289
17 17 100 506.348
18 18 100 520.69
19 19 100 521.598
20 20 100 522.679
21 21 100 532.588
22 22 100 542.428
23 23 100 543.336
24 24 100 552.429
25 25 100 561.154
26 26 100 567.844
27 27 100 568.853
28 28 100 577.32
29 29 100 584.389
30 30 100 590.907
31 31 100 597.425
32 32 100 603.207
33 33 100 608.989
34 34 100 614.403
35 35 100 620.169
36 36 100 625.702
37 37 100 630.749
38 38 100 634.865
39 39 100 639.543
40 40 100 643.67
41 41 100 647.98
42 42 100 651.923
43 43 100 655.59
44 44 100 659.533
45 45 100 662.955
46 46 100 666.346
47 47 100 669.921
48 48 100 673.128
49 49 100 676.335
50 50 100 679.358
