1 1 100 1.73576
2 2 100 4.20728
3 3 100 5.39122
4 4 100 6.88172
5 5 100 188.818
6 6 100 190.186
7 7 100 191.571
8 8 100 193.123
9 9 100 194.491
10 10 100 196.227
11 11 100 197.594
12 12 100 198.962
13 13 100 200.852
14 14 100 202.22
15 15 100 203.404
16 16 100 204.771
17 17 100 209.737
18 18 100 211.105
19 19 100 212.228
20 20 100 213.859
21 21 100 215.227
22 22 100 304.723
23 23 100 306.826
24 24 100 308.194
25 25 100 326.301
26 26 100 327.669
27 27 100 329.037
28 28 100 343.26
29 29 100 344.628
30 30 100 345.637
31 31 100 347.005
32 32 100 349.109
33 33 100 352.5
34 34 100 353.868
35 35 100 355.696
36 36 100 357.063
37 37 100 358.278
38 38 100 362.405
39 39 100 364.509
40 40 100 369.556
41 41 100 370.924
42 42 100 372.291
43 43 100 373.659
44 44 100 380.852
45 45 100 382.22
46 46 100 386.715
47 47 100 395.226
48 48 100 396.594
49 49 100 398.698
50 50 100 400.066
