1 1 100 10.7176
2 2 100 12.2409
3 3 100 70.3796
4 4 100 72.8165
5 5 100 79.0588
6 6 100 218.748
7 7 100 219.829
8 8 100 222.607
9 9 100 226.029
10 10 100 229.297
11 11 100 234.471
12 12 100 235.471
13 13 100 238.672
14 14 100 248.331
15 15 100 259.999
16 16 100 261.974
17 17 100 270.945
18 18 100 271.945
19 19 100 273.178
20 20 100 274.588
21 21 100 281.199
22 22 100 288.944
23 23 100 317.266
24 24 100 324.52
25 25 100 408.434
26 26 100 414.533
27 27 100 415.815
28 28 100 421.744
29 29 100 424.216
30 30 100 428.815
31 31 100 569.154
32 32 100 574.318
33 33 100 579.641
34 34 100 584.043
35 35 100 588.971
36 36 100 592.494
37 37 100 596.804
38 38 100 607.089
39 39 100 609.183
40 40 100 611.286
41 41 100 614.015
42 42 100 615.836
43 43 100 631.837
44 44 100 632.877
45 45 100 636.82
46 46 100 643.593
47 47 100 646.432
48 48 100 648.893
49 49 100 651.762
50 50 100 654.602
