1 1 100 13.0998
2 2 100 24.0325
3 3 100 34.4591
4 4 100 41.713
5 5 100 48.967
6 6 100 54.1056
7 7 100 58.9683
8 8 100 63.6471
9 9 100 67.958
10 10 100 71.5332
11 11 100 75.1084
12 12 100 78.4077
13 13 100 81.4717
14 14 100 84.3111
15 15 100 87.0182
16 16 100 89.4898
17 17 100 91.9613
18 18 100 94.4328
19 19 100 96.9044
20 20 100 99.3759
21 21 100 101.48
22 22 100 103.583
23 23 100 105.624
24 24 100 107.544
25 25 100 109.313
26 26 100 111.049
27 27 100 112.784
28 28 100 114.52
29 29 100 116.256
30 30 100 117.992
31 31 100 119.727
32 32 100 121.463
33 33 100 123.113
34 34 100 124.665
35 35 100 126.124
36 36 100 127.584
37 37 100 128.993
38 38 100 130.394
39 39 100 131.795
40 40 100 133.186
41 41 100 134.554
42 42 100 135.922
43 43 100 137.29
44 44 100 138.657
45 45 100 140.025
46 46 100 141.393
47 47 100 142.761
48 48 100 144.129
49 49 100 145.497
50 50 100 146.865
