1 1 100 3.94304
2 2 100 7.89635
3 3 100 9.08029
4 4 100 10.0845
5 5 100 11.2031
6 6 100 12.571
7 7 100 13.9389
8 8 100 15.6747
9 9 100 16.9506
10 10 100 18.3185
11 11 100 19.6863
12 12 100 21.0542
13 13 100 23.2694
14 14 100 24.3614
15 15 100 25.7293
16 16 100 26.8102
17 17 100 28.1781
18 18 100 32.4496
19 19 100 33.4699
20 20 100 748.047
21 21 100 749.782
22 22 100 751.15
23 23 100 753.258
24 24 100 755.178
25 25 100 756.545
26 26 100 757.913
27 27 100 759.281
28 28 100 768.044
29 29 100 770.975
30 30 100 772.343
31 31 100 773.711
32 32 100 775.078
33 33 100 776.446
34 34 100 778.182
35 35 100 779.186
36 36 100 782.209
37 37 100 783.29
38 38 100 784.658
39 39 100 785.842
40 40 100 786.846
41 41 100 788.582
42 42 100 789.602
43 43 100 791.338
44 44 100 792.43
45 45 100 793.644
46 46 100 795.4
47 47 100 796.767
48 48 100 797.788
49 49 100 799.156
50 50 100 800.523
