1 1 100 3.94304
2 2 100 10.0933
3 3 100 11.4612
4 4 100 17.9794
5 5 100 19.8378
6 6 100 20.8838
7 7 100 22.2517
8 8 100 23.2597
9 9 100 24.6276
10 10 100 25.9954
11 11 100 27.7312
12 12 100 29.0991
13 13 100 34.8202
14 14 100 36.1881
15 15 100 37.9238
16 16 100 39.2917
17 17 100 40.6596
18 18 100 41.7121
19 19 100 43.4479
20 20 100 44.4559
21 21 100 45.7398
22 22 100 47.1077
23 23 100 48.4755
24 24 100 53.4846
25 25 100 54.8525
26 26 100 57.8758
27 27 100 60.3473
28 28 100 62.267
29 29 100 63.6349
30 30 100 65.0028
31 31 100 66.3707
32 32 100 67.5546
33 33 100 68.5627
34 34 100 69.9305
35 35 100 71.2984
36 36 100 72.3904
37 37 100 73.7583
38 38 100 75.1262
39 39 100 76.1997
40 40 100 77.5676
41 41 100 117.545
42 42 100 118.545
43 43 100 132.42
44 44 100 133.466
45 45 100 134.957
46 46 100 136.325
47 47 100 137.406
48 48 100 140.521
49 49 100 150.258
50 50 100 151.626
