1 1 100 1.05715
2 2 100 2.18227
3 3 100 3.55015
4 4 100 4.60654
5 5 100 5.6617
6 6 100 6.67842
7 7 100 7.83852
8 8 100 8.93037
9 9 100 10.2982
10 10 100 11.3387
11 11 100 12.6266
12 12 100 13.9945
13 13 100 16.1104
14 14 100 17.4783
15 15 100 18.8462
16 16 100 20.5819
17 17 100 21.6116
18 18 100 22.6852
19 19 100 23.7019
20 20 100 26.4838
21 21 100 27.8516
22 22 100 29.0356
23 23 100 30.0356
24 24 100 32.0555
25 25 100 33.0956
26 26 100 34.4634
27 27 100 39.258
28 28 100 40.2775
29 29 100 41.318
30 30 100 42.318
31 31 100 43.6859
32 32 100 44.6859
33 33 100 45.8698
34 34 100 47.7877
35 35 100 48.7877
36 36 100 50.6725
37 37 100 53.5119
38 38 100 54.6039
39 39 100 55.6565
40 40 100 57.0243
41 41 100 82.2749
42 42 100 83.6428
43 43 100 87.6879
44 44 100 171.49
45 45 100 172.52
46 46 100 173.643
47 47 100 175.011
48 48 100 176.051
49 49 100 177.419
50 50 100 178.419
