3 12 11 0.916667
7 1 1 1
10 1 1 1
17 1 1 1
24 1 1 1
27 1 1 1
34 1 1 1
37 1 1 1
39 1 1 1
45 1 1 1
47 1 1 1
51 1 1 1
57 1 1 1
59 1 1 1
68 1 1 1
70 3 1 0.333333
83 1 1 1
85 1 1 1
87 1 1 1
94 2 2 1
96 2 2 1
103 1 1 1
109 1 1 1
117 1 1 1
119 1 1 1
128 1 1 1
146 1 1 1
174 1 1 1
176 2 1 0.5
181 1 1 1
185 1 1 1
191 1 1 1
204 1 1 1
213 1 1 1
222 1 1 1
229 1 1 1
231 1 1 1
235 1 1 1
238 1 1 1
246 1 1 1
249 1 1 1
256 1 1 1
262 1 1 1
266 1 1 1
277 1 1 1
292 1 1 1
301 1 1 1
311 1 1 1
314 1 1 1
318 1 1 1
322 3 3 1
329 1 1 1
333 1 1 1
338 1 1 1
348 1 1 1
352 1 1 1
354 2 2 1
356 1 1 1
364 1 1 1
368 1 1 1
379 1 1 1
398 1 1 1
402 2 1 0.5
407 1 1 1
427 1 1 1
434 1 1 1
447 1 1 1
461 1 1 1
467 1 1 1
472 1 1 1
481 1 1 1
483 1 1 1
498 1 1 1
504 1 1 1
521 1 1 1
531 1 1 1
533 1 1 1
545 1 1 1
547 1 1 1
550 1 1 1
552 1 1 1
562 1 1 1
564 1 1 1
577 1 1 1
579 1 1 1
581 1 1 1
597 1 1 1
599 1 1 1
607 1 1 1
610 2 2 1
615 2 2 1
617 1 1 1
619 1 1 1
627 1 1 1
633 1 1 1
654 1 1 1
659 1 1 1
675 1 1 1
678 1 1 1
693 1 1 1
703 2 2 1
705 1 1 1
707 1 1 1
712 1 1 1
714 1 1 1
720 1 1 1
722 1 1 1
724 1 1 1
726 1 1 1
732 1 1 1
738 1 1 1
744 2 1 0.5
754 1 1 1
767 1 1 1
769 1 1 1
794 1 1 1
803 1 1 1
836 1 1 1
840 1 1 1
845 1 1 1
848 1 1 1
866 1 1 1
868 1 1 1
882 1 1 1
893 1 1 1
907 1 1 1
909 1 1 1
913 1 1 1
915 1 1 1
919 1 1 1
922 1 1 1
952 1 1 1
954 1 1 1
957 1 1 1
959 1 1 1
961 1 1 1
964 1 1 1
966 1 1 1
968 1 1 1
981 3 2 0.666667
991 1 1 1
995 1 1 1
1000 1 1 1
1002 1 1 1
1006 1 1 1
1011 1 1 1
1015 1 1 1
1017 1 1 1
1022 1 1 1
1039 1 1 1
1043 1 1 1
1057 1 1 1
1059 1 1 1
1066 1 1 1
1075 1 1 1
1081 1 1 1
1086 1 1 1
1088 1 1 1
1094 1 1 1
1096 1 1 1
1098 1 1 1
1107 1 1 1
1132 1 1 1
1134 1 1 1
1137 1 1 1
1139 1 1 1
1157 1 1 1
1159 1 1 1
1167 1 1 1
1174 1 1 1
1183 1 1 1
1185 1 1 1
1194 1 1 1
1200 1 1 1
1203 1 1 1
1206 1 1 1
1211 1 1 1
1227 1 1 1
1231 1 1 1
1239 1 1 1
1241 1 1 1
1253 1 1 1
1258 1 1 1
1263 1 1 1
1265 1 1 1
1267 1 1 1
1278 1 1 1
1291 1 1 1
1297 1 1 1
1299 3 1 0.333333
1312 1 1 1
1316 1 1 1
1320 1 1 1
1322 1 1 1
1326 1 1 1
1336 1 1 1
1350 1 1 1
1364 1 1 1
1366 1 1 1
1370 1 1 1
1372 1 1 1
1374 1 1 1
1381 1 1 1
1383 1 1 1
1385 1 1 1
1396 1 1 1
1403 1 1 1
1411 2 1 0.5
1420 1 1 1
1423 1 1 1
1425 1 1 1
1432 1 1 1
1438 1 1 1
1439 2 1 0.5
1442 1 1 1
1448 1 1 1
1455 1 1 1
1457 1 1 1
1468 1 1 1
1482 1 1 1
1489 1 1 1
1495 1 1 1
1497 1 1 1
1507 1 1 1
1510 1 1 1
1512 1 1 1
1525 1 1 1
1533 3 1 0.333333
1541 1 1 1
1543 2 2 1
1552 1 1 1
1554 1 1 1
1561 1 1 1
1573 1 1 1
1581 1 1 1
1583 1 1 1
1587 1 1 1
1590 1 1 1
1595 1 1 1
1615 1 1 1
1617 1 1 1
1634 1 1 1
1642 1 1 1
1644 1 1 1
1659 1 1 1
1665 1 1 1
1673 1 1 1
1675 1 1 1
1680 1 1 1
1693 1 1 1
1697 1 1 1
1699 1 1 1
1702 1 1 1
1704 1 1 1
1713 1 1 1
1719 1 1 1
1726 1 1 1
1733 1 1 1
1741 1 1 1
1747 1 1 1
1752 1 1 1
1754 1 1 1
1768 1 1 1
1774 1 1 1
1779 1 1 1
1784 1 1 1
1793 1 1 1
1799 1 1 1
1801 1 1 1
1809 1 1 1
1816 1 1 1
1826 1 1 1
1830 1 1 1
1834 1 1 1
1842 1 1 1
1858 1 1 1
1863 1 1 1
1872 1 1 1
1875 1 1 1
1895 1 1 1
1899 1 1 1
1915 1 1 1
1932 1 1 1
1934 1 1 1
1949 1 1 1
1957 1 1 1
1965 1 1 1
1967 1 1 1
1971 1 1 1
1973 1 1 1
1975 1 1 1
1982 1 1 1
1999 1 1 1
2001 1 1 1
2003 1 1 1
2007 1 1 1
2011 1 1 1
2013 1 1 1
2018 1 1 1
2022 1 1 1
2027 1 1 1
2031 1 1 1
2039 1 1 1
2041 1 1 1
2043 1 1 1
2048 1 1 1
2062 1 1 1
2064 1 1 1
2073 1 1 1
2077 1 1 1
2079 1 1 1
2083 1 1 1
2086 1 1 1
2091 1 1 1
2093 1 1 1
2097 1 1 1
2107 1 1 1
2112 1 1 1
2118 1 1 1
2126 1 1 1
2128 1 1 1
2130 1 1 1
2140 1 1 1
2146 1 1 1
2155 1 1 1
2157 1 1 1
2161 1 1 1
2164 1 1 1
2172 1 1 1
2177 1 1 1
2179 1 1 1
2181 2 2 1
2184 1 1 1
2187 1 1 1
2189 1 1 1
2195 1 1 1
2197 1 1 1
2199 1 1 1
2220 1 1 1
2222 1 1 1
2229 1 1 1
2258 1 1 1
2260 1 1 1
2273 1 1 1
2276 1 1 1
2282 1 1 1
2289 1 1 1
2293 1 1 1
2295 1 1 1
2305 1 1 1
2330 1 1 1
2332 1 1 1
2334 1 1 1
2338 1 1 1
2345 1 1 1
2353 1 1 1
2359 1 1 1
2361 1 1 1
2363 1 1 1
2372 1 1 1
2379 1 1 1
2381 1 1 1
2386 1 1 1
2390 1 1 1
2396 1 1 1
2398 1 1 1
2401 1 1 1
2403 1 1 1
2409 1 1 1
2415 1 1 1
2428 1 1 1
2430 1 1 1
2434 1 1 1
2440 1 1 1
2445 1 1 1
2450 1 1 1
2453 1 1 1
2456 1 1 1
2466 1 1 1
2473 1 1 1
2479 1 1 1
2483 1 1 1
2492 1 1 1
2514 1 1 1
2516 1 1 1
2518 1 1 1
2520 1 1 1
2529 1 1 1
2533 1 1 1
2541 1 1 1
2561 1 1 1
2566 1 1 1
2577 1 1 1
2579 1 1 1
2581 1 1 1
2601 1 1 1
2615 1 1 1
2620 1 1 1
2625 1 1 1
2637 2 1 0.5
2643 1 1 1
2648 1 1 1
2650 1 1 1
2656 1 1 1
2659 1 1 1
2662 1 1 1
2664 1 1 1
2676 1 1 1
2684 1 1 1
2689 1 1 1
2693 1 1 1
2699 1 1 1
2704 1 1 1
2708 1 1 1
2722 1 1 1
2729 1 1 1
2735 1 1 1
2743 1 1 1
2747 2 1 0.5
2751 1 1 1
2765 1 1 1
2793 1 1 1
2796 1 1 1
2803 1 1 1
2813 1 1 1
2819 1 1 1
2823 1 1 1
2827 1 1 1
2834 1 1 1
2842 1 1 1
2846 1 1 1
2848 1 1 1
2862 1 1 1
2871 1 1 1
2875 1 1 1
2877 1 1 1
2885 1 1 1
2887 1 1 1
2894 1 1 1
2896 1 1 1
2902 1 1 1
2906 1 1 1
2914 4 3 0.75
2936 1 1 1
2945 1 1 1
2948 1 1 1
2950 1 1 1
2957 1 1 1
2961 2 1 0.5
2974 1 1 1
2978 1 1 1
2990 1 1 1
2996 1 1 1
3010 1 1 1
3012 1 1 1
3014 1 1 1
3025 1 1 1
3027 1 1 1
3042 1 1 1
3050 1 1 1
3052 1 1 1
3066 1 1 1
3068 1 1 1
3071 1 1 1
3073 1 1 1
3080 1 1 1
3083 1 1 1
3087 1 1 1
3089 1 1 1
3091 1 1 1
3093 1 1 1
3110 1 1 1
3112 1 1 1
3120 1 1 1
3134 1 1 1
3141 1 1 1
3146 1 1 1
3149 1 1 1
3160 1 1 1
3164 1 1 1
3172 2 2 1
3185 1 1 1
3191 1 1 1
3193 1 1 1
3212 1 1 1
3222 1 1 1
3232 1 1 1
3238 1 1 1
3240 2 2 1
3268 1 1 1
3282 1 1 1
3294 1 1 1
3303 5 4 0.8
3304 1 1 1
3315 1 1 1
3319 1 1 1
3325 1 1 1
3330 1 1 1
3348 1 1 1
3355 1 1 1
3362 3 3 1
3366 1 1 1
3370 1 1 1
3373 1 1 1
3375 1 1 1
3383 1 1 1
3388 1 1 1
3395 1 1 1
3403 1 1 1
3412 2 1 0.5
3415 2 2 1
3440 1 1 1
3444 1 1 1
3449 1 1 1
3452 1 1 1
3459 1 1 1
3462 1 1 1
3468 1 1 1
3486 1 1 1
3492 1 1 1
3501 1 1 1
3505 1 1 1
3512 1 1 1
3514 1 1 1
3518 1 1 1
3525 1 1 1
3552 1 1 1
3564 1 1 1
3572 1 1 1
3574 1 1 1
3576 1 1 1
3581 1 1 1
3583 5 4 0.8
3591 1 1 1
3594 4 3 0.75
3597 1 1 1
3603 1 1 1
3606 1 1 1
3613 1 1 1
3615 1 1 1
3619 1 1 1
3624 1 1 1
3626 1 1 1
3630 1 1 1
3635 1 1 1
3638 1 1 1
3652 1 1 1
3661 3 3 1
3668 1 1 1
3671 4 4 1
3677 1 1 1
3683 1 1 1
3687 1 1 1
3689 1 1 1
3692 1 1 1
3700 1 1 1
3718 1 1 1
3720 1 1 1
3723 1 1 1
3730 1 1 1
3732 1 1 1
3740 1 1 1
3768 1 1 1
3770 1 1 1
3772 1 1 1
3780 1 1 1
3788 1 1 1
3794 1 1 1
3796 1 1 1
3801 1 1 1
3804 1 1 1
3806 1 1 1
3816 1 1 1
3824 1 1 1
3826 1 1 1
3847 1 1 1
3854 1 1 1
3860 1 1 1
3862 1 1 1
3866 1 1 1
3869 1 1 1
3877 1 1 1
3879 1 1 1
3881 1 1 1
3883 1 1 1
3887 1 1 1
3898 1 1 1
3903 1 1 1
3911 1 1 1
3917 1 1 1
3921 1 1 1
3923 1 1 1
3937 1 1 1
3953 1 1 1
3964 1 1 1
3968 1 1 1
3970 1 1 1
3984 1 1 1
3994 3 3 1
3999 1 1 1
4001 1 1 1
4016 1 1 1
4023 1 1 1
4036 1 1 1
4039 1 1 1
4054 1 1 1
4070 1 1 1
4074 1 1 1
4076 1 1 1
4100 1 1 1
4115 1 1 1
4123 1 1 1
4130 1 1 1
4136 1 1 1
4146 1 1 1
4149 1 1 1
4153 1 1 1
4174 1 1 1
4176 1 1 1
4178 1 1 1
4185 1 1 1
4187 1 1 1
4198 1 1 1
4203 1 1 1
4208 1 1 1
4216 1 1 1
4220 1 1 1
4225 1 1 1
4236 1 1 1
4242 1 1 1
4248 1 1 1
4250 1 1 1
4259 1 1 1
4299 1 1 1
4301 4 4 1
4305 1 1 1
4308 1 1 1
4319 1 1 1
4321 5 5 1
4328 1 1 1
4331 2 2 1
4336 1 1 1
4343 1 1 1
4347 1 1 1
4354 1 1 1
4365 1 1 1
4370 1 1 1
4380 4 3 0.75
4388 1 1 1
4393 1 1 1
4396 1 1 1
4405 1 1 1
4413 1 1 1
4415 1 1 1
4417 1 1 1
4422 1 1 1
4424 1 1 1
4435 1 1 1
4441 1 1 1
4453 1 1 1
4455 1 1 1
4457 1 1 1
4483 1 1 1
4485 1 1 1
4491 1 1 1
4495 1 1 1
4498 1 1 1
4502 1 1 1
4526 1 1 1
4537 1 1 1
4539 1 1 1
4547 1 1 1
4565 1 1 1
4568 1 1 1
4584 1 1 1
4587 1 1 1
4595 1 1 1
4606 1 1 1
4625 1 1 1
4636 1 1 1
4639 1 1 1
4651 1 1 1
4654 1 1 1
4656 1 1 1
4684 1 1 1
4686 1 1 1
4700 1 1 1
4705 1 1 1
4722 1 1 1
4733 1 1 1
4737 1 1 1
4749 1 1 1
4755 1 1 1
4759 1 1 1
4763 1 1 1
4773 1 1 1
4785 1 1 1
4787 1 1 1
4789 1 1 1
4795 1 1 1
4804 1 1 1
4813 1 1 1
4818 1 1 1
4823 1 1 1
4836 1 1 1
4846 1 1 1
4848 1 1 1
4857 1 1 1
4868 1 1 1
4870 1 1 1
4877 1 1 1
4879 1 1 1
4886 1 1 1
4897 1 1 1
4901 1 1 1
4905 1 1 1
4907 1 1 1
4909 1 1 1
4933 1 1 1
