1 1 100 29.4397
2 2 100 42.5656
3 3 100 353.334
4 4 100 357.875
5 5 100 378.471
6 6 100 389.053
7 7 100 471.561
8 8 100 504.882
9 9 100 507.409
10 10 100 510.393
11 11 100 514.795
12 12 100 516.279
13 13 100 517.922
14 14 100 519.739
15 15 100 528.402
16 16 100 530.137
17 17 100 1181.96
18 18 100 1183.45
19 19 100 1195.15
20 20 100 1196.64
21 21 100 1197.63
22 22 100 1200.06
23 23 100 1203.63
24 24 100 1221.44
25 25 100 1224.64
26 26 100 1234.33
27 27 100 1235.94
28 28 100 1237.06
29 29 100 1238.85
30 30 100 1240.21
31 31 100 1241.58
32 32 100 1242.58
33 33 100 1243.97
34 34 100 1247.13
35 35 100 1248.13
36 36 100 1250.09
37 37 100 1252.57
38 38 100 1253.66
39 39 100 1254.66
40 40 100 1255.83
41 41 100 1257.01
42 42 100 1259.11
43 43 100 1261.03
44 44 100 1262.81
45 45 100 1265.31
46 46 100 1267.1
47 47 100 1268.93
48 48 100 1270.76
49 49 100 1272.13
50 50 100 1284.48
