3 17
4 1
8 2
9 1
10 1
11 1
14 1
16 1
19 1
24 1
25 1
26 1
31 6
34 1
35 1
36 1
37 1
38 1
41 1
44 2
54 1
61 1
62 1
63 1
70 3
73 7
78 1
82 4
83 1
84 2
85 1
86 1
87 1
92 1
93 1
96 10
97 1
98 1
107 1
113 1
117 1
121 1
122 1
128 1
129 1
130 1
131 1
132 1
133 1
134 1
141 1
145 1
146 1
164 1
171 2
176 1
189 1
190 1
194 2
198 1
201 1
211 1
212 1
217 1
222 2
224 1
226 1
233 1
234 1
237 3
244 1
245 1
246 1
247 1
248 1
253 1
258 1
261 1
268 1
275 1
276 1
277 1
279 1
280 1
281 2
282 1
291 1
296 1
297 1
298 1
299 1
303 2
304 1
313 1
321 1
322 57
323 1
328 1
337 1
340 1
347 5
356 1
357 1
359 1
363 1
364 1
370 1
376 1
378 1
379 1
380 2
381 1
384 1
391 1
392 3
393 1
401 1
402 2
406 1
409 1
410 1
413 1
414 1
418 1
421 1
422 2
424 1
431 1
434 1
436 1
439 1
446 1
463 1
464 1
465 1
466 1
467 1
468 2
471 2
472 1
473 1
476 2
477 1
480 1
489 1
504 1
510 1
535 1
547 1
548 2
549 1
552 2
558 1
566 1
567 1
568 1
569 1
570 1
585 1
599 1
607 1
609 1
610 1
614 1
615 3
617 1
619 1
627 1
628 1
635 1
636 1
637 1
638 1
639 1
648 1
651 1
654 1
656 1
659 1
661 1
662 1
677 1
682 2
683 1
686 1
690 1
693 1
695 1
700 1
703 2
705 1
706 1
709 1
714 1
724 1
726 1
728 1
729 1
734 1
735 1
737 1
740 1
744 2
748 1
754 1
756 1
757 1
764 1
777 1
778 1
785 1
790 1
791 1
794 2
796 1
797 2
798 1
807 1
810 1
819 1
820 1
823 1
826 1
831 1
844 1
845 1
847 1
861 1
870 1
875 1
879 1
882 1
889 1
892 1
893 1
902 2
904 1
913 1
915 1
924 1
933 2
936 1
937 1
938 1
951 1
954 1
963 1
966 1
967 1
974 1
981 8
984 1
989 2
990 2
991 1
993 1
994 1
999 1
1004 1
1005 1
1010 1
1011 1
1012 1
1015 1
1021 1
1024 1
1035 1
1036 1
1049 1
1052 1
1063 1
1068 1
1081 1
1085 1
1086 1
1094 1
1096 1
1100 1
1113 1
1134 1
1135 1
1137 1
1139 1
1140 2
1143 1
1144 1
1149 1
1154 2
1169 1
1174 1
1180 1
1182 1
1187 1
1202 1
1205 1
1206 2
1208 1
1211 1
1213 1
1216 1
1219 1
1222 1
1241 1
1245 1
1246 1
1255 1
1258 1
1260 1
1299 3
1301 1
1302 1
1305 1
1306 1
1309 3
1312 1
1314 1
1326 1
1330 1
1335 3
1336 1
1338 1
1347 1
1350 2
1354 1
1355 1
1358 1
1359 1
1364 1
1370 1
1372 1
1374 1
1378 1
1381 1
1387 5
1388 2
1396 1
1398 1
1411 2
1420 1
1422 1
1425 1
1429 1
1432 1
1436 1
1437 2
1438 1
1439 3
1442 1
1452 1
1461 1
1462 4
1467 1
1473 1
1488 1
1495 1
1497 1
1506 1
1509 1
1512 1
1524 1
1533 2
1535 1
1541 1
1542 1
1545 1
1554 1
1560 1
1561 1
1565 1
1573 1
1575 1
1576 1
1577 1
1578 1
1581 1
1585 1
1586 1
1587 1
1588 1
1589 2
1592 1
1593 1
1594 1
1603 2
1608 1
1611 1
1612 2
1623 1
1628 1
1629 1
1631 2
1638 1
1639 1
1642 1
1652 2
1657 1
1658 1
1662 1
1665 1
1679 1
1682 1
1687 1
1692 1
1693 1
1695 1
1696 1
1701 1
1707 1
1712 1
1715 1
1716 1
1721 1
1722 1
1723 1
1732 1
1741 2
1747 2
1751 1
1752 1
1753 1
1754 1
1756 3
1757 1
1759 2
1764 1
1767 1
1768 1
1774 1
1778 1
1783 1
1784 1
1786 1
1789 1
1790 1
1795 1
1798 1
1799 1
1807 1
1808 2
1809 1
1815 1
1818 1
1819 1
1822 1
1826 1
1830 1
1834 1
1842 1
1843 1
1846 1
1857 2
1858 1
1862 1
1863 1
1865 1
1867 1
1871 1
1872 2
1874 4
1879 2
1882 1
1889 1
1894 1
1897 1
1898 1
1901 2
1908 3
1912 1
1915 1
1916 1
1919 1
1924 1
1931 1
1939 1
1940 1
1941 1
1946 2
1951 1
1954 2
1957 1
1963 1
1964 1
1965 1
1967 1
1971 1
1973 2
1979 3
1982 1
1996 1
1999 1
2001 1
2003 1
2005 1
2007 1
2011 3
2013 1
2017 1
2018 1
2026 1
2027 1
2033 1
2034 1
2035 3
2038 1
2039 1
2041 1
2043 1
2047 2
2048 1
2052 1
2055 1
2062 1
2064 1
2068 1
2073 1
2077 1
2085 1
2086 1
2091 2
2093 1
2095 1
2096 1
2097 1
2103 1
2104 5
2110 1
2111 1
2114 1
2117 2
2118 2
2119 1
2122 1
2123 1
2126 2
2128 1
2129 1
2146 1
2148 1
2151 1
2154 1
2157 1
2158 1
2159 1
2160 1
2161 1
2163 1
2172 1
2174 1
2177 1
2179 1
2181 2
2183 1
2184 1
2186 1
2189 1
2190 1
2195 1
2197 2
2199 1
2203 1
2204 2
2207 1
2210 1
2211 3
2212 6
2220 1
2222 1
2226 1
2229 2
2231 1
2232 1
2237 1
2242 1
2245 1
2248 1
2257 1
2258 1
2260 1
2267 1
2270 1
2275 1
2284 2
2285 3
2288 1
2289 2
2295 1
2307 1
2308 1
2311 1
2312 1
2318 1
2326 1
2329 1
2332 1
2334 1
2335 2
2340 1
2345 1
2347 1
2350 1
2353 2
2361 1
2369 1
2372 1
2378 1
2379 1
2383 2
2384 1
2385 1
2390 1
2391 1
2400 1
2407 1
2408 2
2409 1
2421 2
2432 1
2433 1
2434 1
2442 1
2447 1
2448 1
2449 1
2452 2
2455 1
2456 1
2463 1
2470 1
2471 1
2472 1
2475 1
2476 1
2487 1
2492 2
2496 1
2505 1
2518 3
2524 1
2529 1
2530 1
2533 1
2535 2
2540 1
2541 2
2553 1
2554 1
2561 1
2565 1
2566 1
2572 1
2577 3
2585 1
2586 1
2589 1
2601 1
2603 1
2607 1
2608 1
2619 1
2620 1
2624 1
2625 1
2631 2
2632 2
2633 2
2636 1
2637 1
2640 1
2643 1
2647 1
2648 1
2656 1
2658 1
2661 1
2662 1
2664 1
2670 1
2671 1
2672 1
2675 1
2676 1
2680 1
2683 1
2688 1
2695 1
2703 1
2710 2
2714 1
2715 1
2724 2
2725 1
2728 1
2729 1
2735 1
2736 1
2741 1
2743 1
2747 1
2753 1
2764 3
2769 1
2772 1
2779 1
2780 1
2785 1
2790 2
2791 1
2795 1
2800 1
2803 1
2807 1
2808 1
2811 1
2812 1
2813 1
2817 3
2818 1
2819 1
2827 1
2831 1
2834 1
2836 1
2837 1
2838 1
2841 1
2842 1
2846 1
2848 1
2862 1
2863 1
2864 1
2867 1
2868 1
2871 1
2875 1
2877 1
2878 1
2879 1
2883 1
2884 1
2891 1
2901 1
2914 3
2922 1
2925 1
2926 1
2935 1
2940 1
2945 1
2947 1
2948 1
2956 1
2957 1
2959 1
2960 1
2961 1
2962 1
2963 1
2966 1
2974 1
2978 2
2984 1
2989 1
2992 1
2993 1
2998 1
3001 1
3002 1
3007 1
3010 1
3014 1
3015 1
3022 1
3029 1
3030 1
3033 1
3042 1
3054 1
3057 1
3066 1
3070 1
3071 1
3077 1
3080 1
3082 1
3083 1
3091 1
3093 1
3105 1
3108 2
3109 1
3114 1
3119 1
3134 1
3138 1
3148 1
3149 1
3160 1
3172 1
3174 2
3178 1
3185 1
3186 1
3197 1
3204 1
3209 1
3220 1
3224 1
3227 3
3238 1
3240 2
3258 1
3259 1
3260 1
3263 1
3264 3
3265 1
3268 1
3270 1
3273 1
3274 1
3277 1
3286 1
3287 1
3288 1
3293 1
3294 1
3298 1
3301 1
3302 1
3303 6
3304 1
3309 4
3314 1
3315 1
3317 1
3318 1
3325 1
3330 1
3331 1
3338 1
3341 1
3342 1
3347 1
3348 1
3350 1
3351 1
3353 1
3355 2
3359 6
3362 4
3366 2
3367 1
3372 2
3375 1
3377 20
3382 1
3385 1
3388 1
3390 1
3397 1
3398 1
3402 1
3403 1
3405 1
3412 1
3415 2
3417 1
3420 1
3421 1
3427 1
3432 1
3440 1
3446 1
3449 1
3452 1
3456 1
3459 1
3461 1
3468 1
3469 1
3472 1
3477 14
3484 1
3485 2
3488 1
3497 2
3500 1
3501 1
3511 3
3512 1
3518 1
3522 2
3531 1
3534 1
3537 1
3538 1
3539 1
3546 1
3551 1
3570 1
3571 1
3572 1
3580 1
3581 1
3583 6
3593 1
3594 4
3595 1
3596 1
3603 1
3605 2
3608 1
3610 1
3611 14
3621 1
3624 1
3632 1
3637 1
3638 1
3641 1
3652 1
3656 1
3660 1
3661 3
3667 1
3670 1
3671 5
3677 1
3679 1
3680 1
3683 2
3684 1
3689 1
3690 2
3692 1
3700 1
3717 1
3722 1
3727 1
3732 1
3736 1
3739 1
3746 1
3749 1
3752 1
3753 1
3754 1
3755 1
3765 1
3768 1
3772 1
3788 1
3794 1
3798 1
3801 1
3804 1
3808 1
3811 1
3818 1
3823 1
3832 1
3844 1
3847 1
3849 1
3860 1
3862 1
3866 1
3868 1
3887 1
3893 1
3894 1
3895 12
3896 2
3898 1
3902 2
3903 1
3911 1
3913 1
3916 1
3917 1
3921 1
3925 1
3926 1
3929 2
3930 1
3937 1
3938 1
3939 1
3944 1
3946 1
3953 1
3954 1
3955 1
3964 1
3965 1
3970 1
3975 1
3980 1
3983 2
3992 1
3993 1
3994 6
3998 1
3999 1
4005 1
4006 1
4010 1
4013 1
4018 1
4021 2
4022 4
4027 19
4034 2
4035 1
4038 1
4039 1
4043 1
4044 1
4045 1
4046 1
4047 1
4054 1
4060 1
4064 1
4065 2
4066 1
4067 2
4070 1
4082 1
4089 2
4097 1
4108 1
4115 1
4122 2
4123 1
4129 1
4136 1
4148 1
4153 1
4155 1
4160 1
4161 1
4162 1
4163 1
4164 1
4180 1
4185 1
4189 1
4198 1
4200 1
4203 1
4205 1
4216 1
4217 1
4222 1
4224 2
4227 1
4234 1
4235 2
4242 1
4244 1
4247 1
4254 1
4255 1
4258 1
4259 1
4260 1
4266 1
4269 1
4274 1
4278 1
4288 2
4295 1
4296 1
4301 7
4305 1
4307 1
4308 1
4315 1
4318 2
4321 5
4325 1
4330 1
4331 1
4335 1
4336 1
4338 1
4351 1
4360 1
4367 1
4376 1
4377 1
4380 4
4381 1
4382 19
4388 1
4395 1
4396 1
4400 1
4413 1
4417 1
4421 1
4422 1
4428 1
4435 1
4449 1
4452 1
4455 1
4457 1
4483 1
4491 1
4495 1
4497 1
4498 1
4501 1
4502 1
4504 1
4508 1
4511 1
4512 2
4517 1
4519 1
4520 1
4534 1
4539 1
4542 1
4547 2
4549 1
4550 1
4563 1
4565 1
4567 2
4570 1
4571 1
4572 3
4583 1
4586 1
4589 1
4590 1
4603 1
4609 1
4610 1
4613 1
4620 1
4627 1
4628 1
4631 1
4632 1
4633 1
4634 1
4635 1
4636 1
4638 1
4643 1
4648 1
4653 1
4654 1
4658 1
4667 1
4673 1
4675 4
4678 1
4679 1
4688 1
4697 1
4702 4
4705 1
4709 1
4710 3
4717 1
4718 1
4719 3
4730 1
4733 1
4737 1
4740 1
4746 1
4748 1
4749 1
4755 1
4763 1
4764 1
4775 2
4782 1
4785 1
4795 1
4797 1
4798 1
4799 2
4800 1
4801 3
4804 1
4812 1
4817 1
4820 1
4825 1
4826 1
4835 1
4836 1
4838 1
4841 1
4843 1
4844 1
4845 1
4846 1
4848 1
4859 1
4860 1
4863 1
4866 1
4867 1
4870 1
4881 1
4882 1
4885 1
4890 1
4892 1
4897 1
4899 2
4900 1
4905 1
4907 1
4909 1
4910 1
4911 1
4912 1
4916 1
4917 1
4932 1
4939 1
4940 2
4941 1
4942 1
4943 2
4946 1
4950 1
4953 1
4966 1
4971 1
4978 1
4979 1
4980 1
4983 1
4984 1
4985 1
4992 1
4993 1
4996 1
4997 1
4998 1
4999 1
5002 2
5003 1
5010 1
5020 1
5021 1
5026 1
5029 1
5033 1
5036 1
5046 1
5053 1
5061 1
5063 1
5067 1
5068 1
5071 1
5075 1
5076 1
5078 1
5079 1
5084 5
5087 2
5088 1
5089 1
5091 1
5092 1
5096 1
5097 1
5102 1
5104 1
5106 1
5108 1
5111 1
5112 1
5115 1
5119 1
5120 1
5123 1
5126 1
5129 1
5130 1
5134 1
5145 1
5148 1
5150 1
5157 1
5160 1
5162 1
5165 1
5176 1
5177 1
5178 1
5180 1
5181 1
5184 1
5185 1
5186 1
5190 1
5193 1
5196 1
5200 1
5201 1
5204 5
5205 1
5218 1
5221 1
5222 1
5225 1
5235 1
5240 1
5244 1
5249 1
5255 1
5256 1
5259 1
5260 1
5264 1
5267 1
5268 1
5275 1
5276 1
5279 3
5282 1
5283 1
5284 1
5285 1
5289 1
5293 1
5304 1
5312 1
5315 1
5316 7
5321 2
5324 1
5327 1
5329 1
5330 1
5335 2
5337 1
5338 1
5341 1
5354 1
5355 1
5368 1
5373 1
5382 1
5383 1
5384 1
5386 1
5387 2
5392 1
5398 1
5399 2
5406 1
5413 1
5414 1
5415 2
5416 1
5417 1
5422 1
5423 1
5424 1
5425 1
5426 1
5431 1
5432 1
5433 4
5440 1
5445 1
5452 1
5454 1
5457 1
5460 1
5462 1
5463 1
5470 1
5471 1
5473 1
5486 1
5487 2
5488 1
5503 1
5505 1
5508 1
5517 1
5519 2
5521 1
5524 1
5525 1
5532 1
5537 1
5542 1
5546 1
5551 1
5558 1
5561 1
5564 1
5570 1
5573 1
5574 1
5575 1
5577 1
5578 2
5582 1
5587 1
5589 1
5590 1
5600 1
5602 1
5605 1
5606 2
5607 1
5609 1
5610 4
5611 1
5625 1
5626 1
5628 1
5629 1
5631 1
5634 1
5639 1
5643 2
5653 1
5654 1
5656 1
5658 1
5667 1
5670 1
5673 1
5676 1
5677 1
5678 1
5680 1
5681 1
5684 1
5685 1
5691 1
5696 1
5697 1
5698 1
5699 1
5706 1
5712 1
5716 1
5723 1
5726 1
5733 1
5735 1
5737 1
5747 1
5754 1
5757 1
5758 2
5759 1
5761 1
5768 2
5770 1
5774 1
5780 1
5783 1
5786 1
5787 1
5788 2
5789 1
5792 2
5793 1
5794 1
5799 1
5802 1
5804 1
5807 1
5818 1
5819 1
5821 1
5826 1
5828 1
5829 1
5837 1
5840 1
5844 1
5845 1
5853 1
5860 1
5864 1
5869 1
5871 1
5872 1
5879 1
5882 1
5893 1
5894 1
5899 1
5902 1
5907 2
5918 1
5919 1
5922 1
5927 1
5938 4
5940 1
5942 1
5944 2
5945 1
5955 1
5964 3
5965 2
5973 2
5976 1
5980 1
5981 1
5992 1
5993 1
5994 1
5997 1
6003 1
6004 1
6005 1
6006 1
6007 1
6021 1
6022 1
6024 1
6039 1
6047 1
6050 1
6053 6
6055 1
6056 1
6057 1
6064 1
6065 1
6068 1
6069 1
6071 1
6075 1
6077 1
6080 1
6087 1
6088 1
6114 1
6117 1
6119 1
6120 1
6123 1
6127 1
6129 3
6130 1
6132 2
6135 1
6144 1
6145 4
6147 1
6149 4
6150 1
6160 1
6164 1
6165 1
6166 1
6169 1
6170 1
6174 2
6175 1
6176 1
6183 1
6185 1
6186 1
6197 1
6201 1
6205 1
6206 1
6213 1
6214 1
6215 1
6222 1
6223 1
6224 1
6233 1
6238 1
6246 1
6247 1
6250 1
6253 2
6260 1
6262 1
6263 1
6266 1
6267 1
6270 1
6271 1
6272 1
6278 1
6279 1
6377 1
6386 1
6388 1
6389 1
6396 1
6399 3
6400 1
6402 1
6408 1
6416 1
6417 2
6422 1
6428 1
6431 1
6437 1
6443 1
6444 1
6447 1
6453 1
6454 1
6457 2
6458 1
6465 1
6472 1
6477 1
6479 1
6485 1
6488 1
6489 1
6495 1
6500 1
6503 1
6513 1
6516 1
6517 3
6529 2
6535 1
6548 1
6555 1
6561 2
6566 1
6569 1
6575 1
6584 2
6585 1
6586 1
6587 1
6598 1
6611 3
6613 1
6614 1
6619 1
6620 1
6621 1
6634 1
6637 1
6638 1
6640 1
6641 1
6644 1
6645 1
6646 1
6647 1
6648 1
6663 1
6664 1
6667 2
6668 2
6669 1
6672 1
6678 1
6682 1
6704 1
6709 1
6718 1
6723 1
6724 1
6727 1
6730 1
6733 1
6734 1
6737 1
6739 1
6748 1
6749 1
6774 1
6782 1
6785 1
6786 1
6790 1
6793 1
6798 1
6803 1
6807 2
6810 1
6811 1
6825 1
6826 1
6831 1
6837 2
6841 1
6846 1
6848 1
6851 1
6855 1
6858 1
6866 1
6868 1
6869 3
6870 1
6873 1
6875 1
6877 1
6881 1
6882 1
6885 1
6890 1
6891 1
6892 1
6900 1
6906 1
6909 1
6921 1
6924 1
6930 1
6932 1
6934 1
6935 1
6940 1
6945 1
6950 1
6952 1
6953 1
6954 2
6957 1
6962 1
6974 1
6983 1
6992 1
6995 1
6996 1
6998 1
7001 1
7002 1
7004 1
7008 1
7017 1
7020 1
7021 1
7022 1
7023 1
7024 3
7028 1
7039 1
7041 1
7044 1
7047 1
7052 1
7056 1
7057 2
7062 1
7065 1
7068 1
7069 3
7075 1
7079 1
7081 1
7082 1
7085 1
7086 1
7091 1
7095 1
7098 1
7117 3
7120 1
7121 1
7129 1
7135 3
7141 1
7143 1
7145 1
7149 1
7160 1
7165 1
7172 1
7173 1
7176 1
7180 2
7185 1
7186 1
7189 1
7192 1
7194 1
7195 1
7200 1
7202 1
7206 1
7208 1
7213 2
7219 1
7226 2
7227 1
7228 1
7236 1
7243 1
7247 1
7249 1
7251 1
7267 1
7268 2
7269 1
7272 1
7275 2
7278 1
7279 1
7285 1
7292 1
7297 1
7307 1
7311 1
7312 1
7315 1
7324 1
7325 1
7326 1
7328 1
7335 1
7340 2
7353 1
7354 1
7355 1
7356 1
7357 1
7361 5
7367 1
7370 1
7373 1
7380 1
7385 1
7393 3
7402 2
7403 1
7410 1
7414 2
7420 1
7427 1
7432 1
7433 1
7441 1
7442 1
7450 1
7455 1
7459 2
7460 1
7461 1
7480 1
7485 2
7491 1
7492 1
7497 1
7498 1
7499 1
7506 1
7511 1
7514 1
7516 1
7517 1
7521 1
7526 1
7531 1
7532 1
7546 1
7549 1
7551 1
7552 1
7560 1
7561 1
7570 4
7571 1
7574 1
7576 1
7584 1
7585 1
7590 1
7592 1
7594 1
7596 1
7615 1
7619 1
7620 1
7627 1
7628 1
7630 1
7638 1
7642 1
7643 1
7647 1
7650 1
7662 1
7664 1
7666 1
7671 1
7675 1
7678 1
7682 1
7685 1
7686 1
7687 1
7706 1
7707 1
7709 1
7712 1
7716 1
7721 1
7726 1
7727 1
7729 1
7730 1
7742 1
7744 1
7745 3
7746 1
7748 1
7751 1
7752 1
7753 1
7757 1
7782 1
7783 1
7793 1
7794 2
7798 1
7800 1
7801 1
7805 1
7808 1
7813 1
7816 1
7818 1
7821 1
7824 2
7826 1
7827 1
7831 1
7836 1
7839 1
7842 1
7846 1
7849 1
7851 1
7856 1
7857 1
7861 1
7862 1
7865 1
7867 1
7868 1
7872 1
7874 1
7878 1
7879 1
7886 2
7890 3
7891 2
7902 1
7906 2
7908 1
7912 1
7915 1
7918 1
7923 1
7926 1
7932 1
7936 1
7938 1
7939 1
7940 1
7951 1
7956 1
7958 1
7959 1
7969 1
7975 1
7978 1
7979 1
7980 2
7981 1
7998 1
8004 1
8008 1
8010 1
8012 1
8014 1
8018 1
8024 1
8026 1
8028 2
8031 2
8035 1
8036 1
8037 1
8041 1
8042 1
8044 1
8046 2
8051 1
8055 1
8056 1
8068 1
8069 2
8070 1
8072 1
8073 1
8074 1
8075 1
8079 1
8081 1
8084 1
8085 1
8096 1
8097 1
8098 1
8104 2
8105 2
8106 3
8109 2
8110 1
8111 1
8112 4
8126 1
8127 1
8132 1
8136 1
8139 1
8140 1
8142 1
8143 1
8152 1
8153 1
8163 1
8165 1
8166 2
8167 1
8171 1
8172 1
8173 1
8174 1
8180 1
8183 1
8186 1
8192 1
8193 1
8195 1
8196 1
8199 1
8206 1
8207 1
8210 1
8218 1
8220 1
8224 1
8229 1
8234 1
8235 1
8240 1
8245 1
8246 1
8256 1
8257 1
8267 6
8272 5
8275 1
8280 1
8282 2
8283 1
8285 8
8292 1
8305 1
8307 1
8308 1
8311 1
8317 1
8325 2
8326 1
8328 1
8329 1
8335 1
8342 1
8345 1
8347 1
8349 1
8351 1
8353 1
8355 1
8359 1
8361 1
8363 2
8364 1
8365 1
8366 1
8367 1
8371 1
8384 1
8388 1
8397 1
8405 1
8406 1
8414 2
8416 1
8417 2
8418 1
8421 1
8422 1
8440 1
8441 1
8443 1
8444 1
8459 1
8470 1
8475 1
8482 1
8493 1
8496 2
8498 2
8512 1
8515 1
8517 1
8530 1
8531 1
8534 1
8536 1
8545 1
8560 1
8561 1
8569 1
8571 1
8572 1
8575 1
8577 1
8582 1
8585 1
8588 1
8591 1
8602 1
8605 2
8609 1
8610 1
8612 1
8620 1
8633 1
8635 2
8641 1
8650 1
8651 1
8655 1
8662 1
8671 1
8673 1
8676 1
8683 2
8684 1
8693 1
8702 1
8705 1
8707 1
8709 1
8713 1
8715 1
8719 1
8721 1
8731 1
8733 1
8734 1
8735 1
8742 1
8761 1
8773 1
8776 1
8787 1
8793 2
8822 1
8823 2
8826 1
8831 2
8832 1
8840 1
8844 1
8851 1
8853 1
8862 1
8867 1
8878 1
8889 1
8890 1
8899 1
8913 1
8916 1
8917 1
8920 1
8925 2
8931 1
8939 1
8952 1
8955 2
8958 1
8959 1
8961 1
8962 1
8977 1
8983 1
8985 1
8989 1
8995 1
8996 1
9001 1
9002 1
9003 1
9011 1
9013 1
9014 1
9020 1
9023 1
9029 1
9030 1
9031 1
9033 1
9035 1
9039 1
9046 1
9048 1
9049 1
9050 1
9054 1
9059 1
9062 1
9071 1
9077 1
9087 1
9091 1
9093 2
9099 1
9102 2
9105 1
9112 2
9115 1
9126 1
9127 1
9134 1
9151 1
9160 1
9161 1
9164 1
9166 1
9167 1
9170 1
9178 1
9179 1
9184 1
9185 1
9190 1
9191 1
9192 1
9196 1
9197 1
9198 1
9202 1
9209 1
9213 1
9220 1
9222 1
9243 1
9255 1
9259 1
9260 1
9272 1
9276 1
9277 1
9283 1
9295 1
9304 1
9310 1
9322 1
9327 1
9328 1
9329 1
9333 1
9334 1
9335 1
9344 1
9345 1
9349 2
9360 2
9361 1
9364 1
9365 1
9367 1
9369 1
9374 1
9377 1
9378 1
9379 1
9380 1
9387 1
9388 1
9395 1
9396 1
9400 1
9401 1
9406 1
9415 2
9424 1
9425 1
9426 1
9439 1
9444 2
9447 1
9459 1
9460 1
9473 1
9477 1
9480 1
9481 1
9482 1
9483 1
9485 1
9486 1
9488 1
9494 1
9501 1
9510 1
9517 1
9522 1
9533 1
9537 1
9538 1
9549 1
9551 1
9552 1
9553 1
9558 3
9564 1
9565 1
9568 1
9590 1
9594 1
9602 1
9603 2
9604 1
9607 1
9610 1
9611 1
9614 1
9615 1
9618 1
9624 1
9633 1
9636 1
9637 1
9643 1
9645 1
9646 1
9647 1
9648 1
9650 1
9676 1
9685 1
9687 1
9695 1
9696 1
9697 1
9701 1
9702 1
9704 1
9710 1
9717 1
9726 2
9731 1
9737 1
9741 1
9753 1
9756 1
9757 1
9760 1
9765 1
9769 1
9771 1
9773 1
9776 1
9777 1
9780 1
9785 1
9786 1
9799 1
9805 1
9806 1
9810 1
9811 1
9812 1
9819 1
9824 1
9826 1
9833 1
9834 2
9835 1
9840 1
9846 1
9850 1
9854 1
9859 1
9868 1
9873 1
9881 1
9889 1
9890 1
9891 1
9893 1
9894 1
9896 1
9921 1
9926 1
9929 1
9932 1
9933 1
9938 2
9941 1
9942 1
9946 1
9952 1
9953 1
9956 1
9957 1
9966 1
9967 1
9977 1
9985 1
9988 1
9989 1
9990 1
9992 1
9999 1
10006 2
10007 2
10010 1
10012 1
10016 1
10017 1
10021 1
10029 1
10030 1
10031 1
10032 1
10040 1
10044 1
10045 1
10050 1
10051 1
10052 1
10054 1
10056 1
10064 1
10067 1
10071 1
10072 1
10077 2
10080 1
10085 1
10094 1
10095 1
10097 1
10105 1
10118 1
10134 1
10137 1
10139 1
10157 1
10163 1
10165 1
10168 1
10170 8
10180 1
10199 1
10216 1
10218 1
10219 1
10221 1
10224 1
10225 1
10228 1
10229 1
10236 1
10237 1
10241 1
10244 1
10252 1
10253 1
10254 1
10259 1
10260 1
10276 1
10277 1
10282 1
10283 2
10284 1
10285 1
10286 1
10287 1
10291 15
10304 1
10312 2
10319 1
10325 2
10326 1
10328 1
10330 1
10345 1
10356 1
10365 1
10368 1
10372 1
10377 1
10381 1
10382 1
10389 2
10390 1
10392 1
10394 1
10404 1
10411 2
10412 1
10415 1
10416 1
10422 1
10425 1
10429 1
10432 1
10435 1
10442 1
10447 1
10460 1
10461 1
10471 1
10473 1
10476 1
10479 1
10481 1
10493 1
10494 1
10495 1
10497 1
10500 2
10501 1
10510 1
10511 1
10514 2
10519 1
10533 1
10540 1
10542 1
10543 1
10546 1
10550 1
10554 1
10555 1
10560 1
10563 1
10565 1
10569 1
10574 1
10583 1
10586 1
10587 1
10588 1
10592 1
10594 2
10596 1
10602 1
10606 1
10607 1
10608 1
10615 1
10618 1
10619 1
10621 1
10624 2
10635 1
10636 1
10641 1
10652 1
10653 1
10661 1
10669 1
10675 1
10679 1
10683 1
10684 1
10685 1
10688 1
10690 1
10693 1
10694 1
10696 1
10702 1
10704 1
10706 1
10707 1
10724 1
10726 1
10730 1
10737 1
10742 1
10745 7
10749 1
10754 1
10756 1
10760 2
10775 1
10778 1
10784 1
10785 1
10795 1
10797 1
10804 1
10805 1
10806 1
10808 1
10810 1
10815 1
10816 1
10817 1
10830 1
10831 3
10833 1
10836 1
10838 2
10841 1
10844 1
10847 1
10848 1
10849 1
10858 1
10867 2
10869 1
10873 1
10876 1
10890 1
10899 1
10903 1
10904 1
10905 1
10913 1
10917 1
10922 1
10926 1
10927 1
10930 1
10931 1
10932 1
10934 1
10935 1
10937 1
10941 1
10944 1
10945 1
10950 1
10953 1
10957 1
10960 1
10975 2
10976 1
10977 1
10979 1
10981 1
10984 1
10985 1
10995 1
10998 1
11008 1
11019 1
11020 1
11040 1
11045 1
11046 1
11049 1
11051 1
11056 2
11057 1
11059 1
11062 1
11065 1
11070 1
11076 1
11080 1
11081 1
11086 2
11090 1
11091 1
11096 1
11097 1
11106 1
11113 1
11119 1
11128 1
11132 1
11142 1
11149 1
11152 1
11163 1
11167 1
11175 1
11183 1
11196 1
11197 1
11198 1
11202 2
11203 1
11205 1
11206 1
11207 1
11214 2
11217 1
11222 1
11224 1
11226 1
11232 1
11241 1
11242 1
11245 1
11247 1
11253 1
11254 1
11255 1
11258 2
11263 1
11265 2
11271 1
11275 1
11283 1
11288 1
11289 1
11291 1
11295 1
11299 1
11300 1
11301 1
11303 1
11305 1
11310 1
11311 1
11313 1
11327 1
11336 1
11337 1
11338 1
11346 1
11347 1
11357 1
11358 1
11359 1
11365 1
11376 1
11377 1
11387 1
11397 1
11399 1
11405 1
11408 1
11409 1
11410 1
11413 1
11418 1
11422 1
11429 1
11430 1
11432 1
11434 1
11435 1
11436 1
11439 1
11440 1
11447 2
11448 1
11452 1
11453 1
11459 1
11461 1
11462 1
11463 1
11464 3
11465 2
11467 3
11468 1
11469 1
11470 2
11471 1
11472 1
11473 1
11478 1
11482 1
11488 1
11489 1
11495 1
11497 2
11501 1
11509 1
11510 1
11511 1
11514 1
11521 1
11525 2
11531 1
11544 1
11566 1
11579 1
11581 1
11583 1
11590 1
11599 1
11600 1
11610 1
11614 1
11616 1
11617 1
11623 1
11630 1
11631 1
11637 1
11641 1
11642 1
11656 1
11657 1
11661 1
11662 1
11692 1
11694 1
11695 1
11696 1
11698 1
11704 1
11707 1
11709 1
11715 1
11720 1
11723 2
11725 1
11728 1
11745 1
11750 1
11756 1
11759 1
11761 1
11768 1
11769 1
11770 1
11771 1
11776 2
11777 1
11779 1
11796 1
11805 1
11808 1
11809 1
11810 1
11813 1
11818 1
11828 1
11829 3
11830 1
11831 1
11835 1
11836 1
11839 1
11841 1
11844 1
11845 1
11847 1
11848 1
11849 1
11850 1
11853 1
11858 1
11861 1
11864 1
11868 1
11870 1
11880 1
11889 1
11906 1
11910 1
11911 1
11915 1
11916 1
11922 1
11925 1
11945 1
11946 1
11949 1
11954 1
11955 1
11960 2
11961 1
11967 1
11970 1
11973 3
11978 1
11979 2
11980 1
11989 1
11997 1
11998 1
11999 1
12007 1
12011 1
12012 1
12013 2
12015 1
12018 1
12022 1
12024 1
12029 1
12030 1
12034 1
12042 1
12045 1
12053 1
12057 1
12061 1
12065 1
12066 1
12068 1
12073 1
12074 1
12076 1
12082 1
12084 1
12090 1
12096 1
12097 1
12104 1
12106 1
12107 1
12109 1
12115 1
12118 1
12119 1
12124 1
12126 1
12131 1
12134 1
12139 1
12149 1
12154 1
12157 1
12158 1
12160 1
12161 1
12162 2
12163 1
12164 1
12166 1
12181 1
12184 2
12185 1
12187 1
12188 1
12191 1
12193 1
12196 1
12197 1
12198 1
12199 1
12211 2
12213 1
12214 1
12218 1
12224 1
12227 1
12229 1
12232 1
12233 1
12236 1
12237 1
12239 1
12259 1
12270 1
12272 1
12275 1
12279 2
12294 1
12297 1
12312 1
12319 2
12320 1
12325 1
12326 1
12328 1
12332 1
12333 1
12334 1
12335 1
12356 1
12357 1
12359 2
12360 1
12365 1
12367 1
12372 1
12374 1
12375 1
12385 1
12386 1
12388 1
12391 1
12400 1
12406 1
12416 1
12418 1
12419 1
12423 1
12426 1
12427 1
12428 1
12429 1
12430 1
12438 1
12439 1
12453 1
12454 1
12458 1
12459 1
12462 1
12463 1
12466 1
12467 1
12468 1
12471 1
12474 1
12478 1
12480 1
12482 1
12489 1
12492 1
12497 1
12498 1
12501 1
12505 1
12509 1
12511 1
12520 1
12524 2
12525 2
12528 1
12535 1
12538 1
12544 1
12556 1
12561 3
12562 1
12565 1
12573 1
12582 2
12593 1
12595 1
12596 1
12598 2
12599 1
12613 2
12614 1
12628 1
12629 1
12632 1
12637 1
12639 1
12640 1
12642 1
12645 1
12656 1
12662 1
12673 1
12676 1
12677 1
12682 1
12683 1
12684 1
12699 1
12719 1
12725 1
12726 1
12735 1
12737 1
12740 1
12743 1
12744 1
12750 1
12751 1
12762 1
12763 1
12764 1
12767 1
12768 1
12778 1
12783 1
12786 1
12791 1
12802 1
12805 1
12806 1
12808 1
12814 1
12815 1
12819 1
12820 1
12829 2
12835 1
12838 1
12851 1
12856 1
12857 1
12858 1
12861 1
12865 1
12872 1
12877 1
12887 1
12890 1
12892 1
12894 1
12905 1
12916 1
12919 1
12928 1
12929 1
12934 1
12940 1
12947 1
12948 1
12954 1
12956 1
12957 1
12959 1
12960 1
12961 1
12963 1
12966 1
12968 1
12976 1
12979 1
12988 1
12993 2
12994 1
12996 1
12999 1
13004 1
13007 1
13008 1
13016 1
13028 1
13029 1
13030 1
13031 1
13038 1
13040 1
13045 1
13046 1
13048 1
13053 1
13055 2
13057 1
13061 1
13062 1
13063 1
13066 1
13078 1
13079 1
13083 1
13087 4
13089 1
13090 1
13092 1
13094 1
13097 1
13104 1
13112 1
13115 1
13118 1
13124 1
13125 1
13126 1
13130 1
13138 1
13139 1
13144 1
13145 1
13146 1
13147 1
13151 1
13152 1
13153 1
13155 1
13156 1
13158 1
13162 1
13174 2
13175 1
13176 1
13177 1
13182 1
13183 1
13190 1
13194 1
13197 1
13199 1
13200 1
13205 1
13206 1
13208 1
13209 1
13212 1
13214 1
13221 1
13222 1
13227 1
13229 1
13234 1
13235 1
13237 1
13244 1
13246 1
13247 1
13248 1
13251 1
13262 1
13266 1
13275 1
13278 1
13283 3
13298 1
13301 1
13312 1
13320 1
13322 1
13325 1
13331 1
13336 1
13337 1
13341 1
13344 1
13345 1
13346 1
13347 1
13348 1
13355 1
13358 1
13363 1
13370 1
13377 16
13380 1
13384 1
13389 1
13391 1
13392 1
13393 1
13398 1
13400 1
13415 1
13425 1
13429 1
13432 1
13441 1
13442 1
13447 1
13449 1
13452 1
13457 1
13459 1
13460 1
13461 1
13462 1
13463 1
13465 1
13470 1
13473 1
13474 1
13477 1
13480 1
13481 1
13491 1
13496 1
13499 1
13500 1
13506 1
13507 1
13525 1
13528 1
13543 2
13545 1
13546 1
13548 1
13553 1
13555 1
13556 1
13557 1
13558 1
13560 1
13564 1
13566 1
13576 1
13580 1
13581 2
13584 1
13587 1
13589 1
13590 1
13595 1
13596 1
13597 1
13613 1
13619 1
13624 1
13625 2
13626 1
13628 1
13639 1
13640 1
13648 1
13651 1
13652 1
13654 1
13668 1
13672 1
13678 1
13683 1
13685 1
13686 1
13688 1
13697 1
13701 1
13702 2
13709 1
13719 1
13721 1
13722 1
13733 1
13735 1
13737 1
13740 1
13741 1
13746 1
13747 7
13751 1
13752 1
13754 1
13760 1
13765 1
13769 1
13771 1
13772 1
13775 1
13781 1
13782 1
13789 1
13800 1
13802 1
13803 1
13808 1
13809 1
13810 1
13812 1
13816 1
13817 1
13821 1
13822 1
13828 1
13834 1
13836 1
13838 1
13856 1
13860 1
13861 2
13862 1
13863 1
13870 1
13872 1
13873 1
13881 1
13882 3
13883 1
13886 1
13887 1
13890 1
13895 1
13902 1
13903 1
13904 1
13907 1
13909 1
13918 1
13922 1
13927 1
13928 1
13929 1
13930 1
13937 1
13946 1
13947 1
13950 1
13952 1
13953 2
13956 1
13959 1
13960 1
13969 1
13972 1
13974 1
13980 1
13984 1
13985 1
13992 2
13995 1
14008 1
14009 2
14012 1
14013 1
14014 1
14017 1
14019 1
14020 1
14029 1
14030 1
14034 1
14035 1
14046 1
14050 1
14051 2
14054 1
14059 1
14063 1
14064 1
14071 1
14072 1
14074 1
14078 1
14081 1
14087 1
14091 1
14097 2
14098 1
14103 1
14106 1
14114 1
14121 1
14123 1
14126 1
14128 1
14134 1
14136 2
14139 1
14140 1
14144 1
14151 1
14157 1
14160 1
14161 1
14167 1
14168 1
14174 1
14177 1
14181 1
14184 1
14185 1
14187 1
14195 1
14205 1
14208 1
14209 2
14218 1
14219 1
14231 1
14232 1
14233 1
14234 1
14235 1
14238 1
14239 1
14240 1
14241 1
14247 1
14248 1
14250 1
14255 1
14256 1
14259 1
14260 1
14261 1
14263 1
14264 1
14265 1
14285 1
14287 1
14288 1
14291 1
14292 1
14294 1
14296 1
14302 1
14305 1
14307 1
14309 1
14310 1
14315 1
14316 1
14318 1
14319 1
14320 1
14328 1
14330 1
14331 1
14334 2
14340 1
14343 1
14350 1
14363 1
14364 1
14367 1
14370 1
14371 1
14380 1
14390 1
14394 1
14397 1
14401 1
14405 1
14408 1
14410 1
14412 1
14413 1
14414 1
14417 1
14419 1
14421 1
14423 1
14429 1
14430 1
14432 1
14439 1
14445 1
14447 1
14448 1
14449 1
14451 1
14452 1
14456 1
14457 1
14460 1
14462 1
14464 1
14465 1
14467 1
14483 1
14484 1
14491 1
14506 1
14508 1
14510 1
14512 1
14514 1
14516 1
14518 1
14520 1
14521 1
14523 1
14525 1
14528 1
14530 1
14533 1
14535 1
14536 1
14537 1
14539 1
14541 1
14545 1
14546 1
14548 1
14554 1
14562 2
14568 1
14569 1
14571 1
14586 1
14587 2
14593 1
14596 1
14601 1
14604 1
14605 1
14606 1
14607 1
14616 1
14618 1
14619 1
14620 1
14624 1
14625 1
14627 1
14630 1
14631 1
14632 1
14635 1
14639 1
14643 1
14646 1
14647 1
14651 1
14654 2
14659 1
14661 1
14668 1
14673 1
14675 1
14676 1
14677 1
14681 1
14684 1
14686 1
14689 1
14690 1
14691 1
14692 1
14693 1
14694 1
14697 1
14699 1
14700 1
14702 1
14716 1
14720 1
14723 1
14724 1
14726 1
14727 1
14728 1
14733 1
14736 1
14738 1
14747 1
14748 1
14752 1
14754 1
14757 1
14759 1
14768 1
14769 1
14776 1
14777 1
14778 1
14783 1
14788 1
14791 1
14794 1
14795 1
14797 1
14799 1
14806 1
14809 1
14810 1
14815 1
14816 1
14821 1
14824 2
14825 1
14834 1
14839 1
14842 1
14844 1
14847 1
14851 1
14852 1
14865 1
14869 1
14870 1
14874 1
14880 1
14884 1
14886 1
14889 1
14893 1
14894 1
14897 1
14899 1
14900 1
14901 1
14902 1
14908 1
14909 1
14913 1
14914 2
14920 1
14925 1
14930 1
14931 1
14932 1
14937 1
14942 1
14947 1
14948 1
14950 1
14953 1
14956 1
14958 1
14960 1
14961 1
14966 1
14970 1
14986 1
14987 1
14988 1
14989 1
14990 2
14991 2
14992 2
14993 1
14997 1
15000 1
15003 1
15004 1
15007 1
15008 1
15013 1
15014 1
15016 1
15020 1
15023 1
15035 2
15050 1
15051 1
15055 1
15056 1
15058 2
15059 1
15063 1
15065 1
15069 1
15070 1
15074 1
15075 2
15076 1
15077 1
15082 1
15084 2
15086 1
15087 1
15088 1
15091 1
15094 1
15096 1
15100 1
15102 1
15103 1
15106 1
15107 1
15108 1
15113 1
15116 1
15117 4
15119 1
15120 1
15125 1
15126 1
15142 1
15143 1
15146 1
15151 1
15165 1
15171 1
15172 1
15179 1
15182 1
15189 1
15193 1
15194 3
15195 1
15199 1
15207 1
15208 1
15209 1
15217 1
15218 1
15220 1
15227 1
15228 1
15230 1
15233 1
15236 1
15237 1
15238 1
15239 1
15240 1
15249 1
15250 3
15251 1
15254 2
15255 1
15256 1
15259 1
15262 2
15270 1
15271 1
15277 1
15279 1
15283 1
15284 1
15289 1
15290 1
15296 1
15297 1
15301 1
15303 1
15306 1
15309 1
15312 1
15313 1
15314 2
15321 1
15328 1
15329 1
15330 1
15338 1
15342 1
15345 1
15348 1
15356 1
15357 1
15362 1
15363 1
15371 1
15372 1
15377 1
15378 1
15381 1
15384 1
15387 1
15388 1
15389 1
15391 1
15393 2
15396 1
15397 1
15399 1
15400 1
15405 1
15408 1
15413 1
15414 1
15418 1
15423 1
15424 1
15430 1
15440 1
15441 1
15446 1
15449 1
15450 1
15455 1
15456 1
15458 1
15459 1
15460 1
15461 1
15475 1
15477 1
15478 1
15480 1
15481 1
15484 1
15485 1
15487 1
15493 1
15494 1
15505 1
15517 1
15523 1
15528 1
15529 1
15531 1
15537 1
15539 2
15550 1
15552 1
15553 1
15561 1
15563 1
15564 1
15566 1
15573 1
15576 1
15577 1
15586 1
15587 1
15588 1
15590 1
15592 1
15595 1
15596 1
15598 1
15599 1
15609 1
15612 1
15618 1
15619 1
15620 2
15621 1
15624 1
15632 1
15637 1
15639 1
15652 1
15661 1
15662 1
15667 1
15668 1
15673 1
15680 1
15681 1
15684 1
15685 1
15688 1
15693 1
15696 1
15702 1
15706 1
15708 1
15710 1
15718 1
15720 1
15726 1
15727 1
15728 2
15730 1
15733 1
15735 1
15736 1
15739 1
15742 1
15743 1
15748 1
15749 1
15750 1
15751 1
15752 2
15753 1
15762 1
15766 1
15769 1
15772 1
15782 1
15794 1
15795 1
15796 1
15799 1
15803 1
15804 3
15809 1
15810 1
15811 1
15814 1
15819 1
15820 1
15822 1
15824 1
15827 1
15831 1
15838 1
15841 1
15842 1
15846 2
15849 1
15850 1
15852 1
15853 1
15854 2
15857 1
15859 1
15860 1
15861 1
15869 1
15871 1
15876 1
15877 1
15881 1
15889 1
15892 1
15895 1
15896 1
15898 1
15899 1
15905 1
15908 1
15926 1
15931 1
15932 1
15936 1
15937 1
15947 1
15948 1
15959 1
15960 1
15961 1
15962 1
15963 1
15968 1
15976 1
15979 1
15981 1
15983 1
15984 1
15991 1
15998 1
16007 1
16013 1
16016 1
16019 1
16023 1
16026 1
16027 1
16029 1
16037 1
16041 1
16050 1
16053 1
16055 1
16062 2
16069 1
16072 1
16077 1
16078 1
16089 3
16090 1
16094 3
16099 1
16102 1
16109 1
16111 1
16116 1
16123 1
16124 1
16128 1
16133 2
16140 1
16145 1
16146 1
16148 1
16151 1
16153 1
16154 1
16160 1
16163 1
16169 1
16172 1
16178 1
16183 1
16184 1
16189 1
16199 1
16202 1
16203 1
16204 1
16207 1
16218 1
16219 1
16222 2
16223 1
16225 1
16229 1
16233 1
16241 1
16244 1
16245 1
16247 1
16253 1
16260 2
16288 1
16292 1
16294 1
16297 1
16306 1
16309 1
16314 1
16315 1
16317 1
16318 1
16322 1
16323 1
16324 1
16328 1
16333 1
16336 1
16337 1
16345 1
16348 1
16349 1
16354 1
16355 1
16358 1
16361 1
16362 1
16365 1
16367 1
16368 1
16369 1
16370 1
16372 1
16377 1
16384 1
16386 1
16390 1
16396 1
16400 2
16406 1
16412 1
16414 1
16417 1
16419 1
16421 1
16422 1
16424 1
16425 1
16435 1
16437 1
16446 2
16452 1
16453 1
16456 1
16457 1
16458 7
16460 1
16463 1
16464 1
16465 1
16474 1
16476 1
16481 1
16491 1
16492 1
16493 1
16501 1
16511 1
16512 1
16513 1
16514 1
16522 1
16524 1
16528 1
16530 1
16537 1
16543 2
16546 3
16551 1
16552 1
16559 1
16562 1
16564 1
16565 1
16579 1
16581 2
16585 1
16590 1
16591 1
16593 1
16594 1
16595 1
16598 1
16601 1
16608 1
16609 1
16613 2
16615 1
16618 1
16619 1
16620 1
16626 1
16629 1
16635 1
16636 1
16637 1
16642 1
16645 1
16657 1
16668 1
16680 1
16681 1
16682 1
16684 1
16693 1
16694 1
16695 1
16703 1
16704 1
16717 1
16719 1
16723 1
16724 1
16729 1
16730 1
16733 1
16734 1
16736 1
16741 1
16743 1
16744 1
16746 1
16747 1
16757 1
16760 1
16761 1
16764 1
16767 1
16768 1
16772 1
16774 1
16776 1
16777 1
16782 1
16786 1
16789 1
16794 1
16795 1
16796 1
16799 1
16807 1
16808 1
16809 1
16811 1
16815 1
16817 1
16824 1
16826 1
16827 1
16830 1
16831 1
16895 1
16906 1
16911 1
16921 1
16927 1
16930 1
16939 1
16940 1
16943 1
16952 1
16953 1
16955 1
16956 1
16960 1
16964 1
16967 2
16968 1
16970 1
16971 1
16974 1
16977 1
16978 1
16983 1
16984 1
16989 1
16990 1
17004 1
17009 1
17011 1
17013 1
17014 1
17017 1
17022 1
17023 2
17024 1
17029 1
17032 1
17033 1
17035 1
17036 1
17038 1
17049 1
17053 1
17055 1
17057 1
17061 1
17064 1
17068 1
17070 1
17075 1
17080 1
17081 1
17082 1
17084 1
17088 1
17089 1
17093 1
17094 1
17096 1
17097 1
17099 1
17100 2
17109 1
17111 1
17113 1
17114 1
17120 1
17123 1
17129 1
17146 1
17151 2
17158 1
17159 1
17160 1
17162 1
17164 1
17168 1
17178 1
17182 1
17186 1
17192 1
17196 1
17198 2
17199 1
17208 1
17210 1
17216 1
17226 1
17227 1
17228 1
17229 1
17237 1
17241 1
17250 1
17254 1
17258 1
17267 1
17275 1
17276 1
17277 1
17278 1
17284 1
17285 1
17292 1
17295 1
17296 1
17299 1
17301 1
17302 1
17305 1
17306 1
17307 1
17309 1
17310 1
17312 1
17318 1
17320 1
17321 1
17322 1
17324 1
17330 1
17335 1
17337 1
17345 1
17347 1
17350 1
17351 1
17352 1
17355 1
17356 1
17360 1
17361 1
17367 1
17370 1
17376 1
17383 1
17384 1
17385 1
17392 1
17397 1
17405 1
17408 1
17409 1
17429 1
17432 1
17435 1
17436 1
17439 1
17450 1
17451 1
17455 1
17458 1
17461 1
17468 1
17476 1
17482 1
17484 1
17486 1
17490 1
17491 1
17492 1
17494 1
17505 1
17506 1
17510 1
17518 1
17526 1
17528 2
17531 1
17532 1
17533 1
17536 2
17537 1
17539 1
17545 1
17548 1
17551 1
17552 1
17557 1
17560 1
17561 1
17567 1
17576 1
17579 1
17584 1
17595 1
17598 1
17608 1
17613 1
17619 1
17624 1
17627 1
17632 1
17636 1
17643 1
17649 1
17650 1
17652 1
17655 1
17656 1
17658 1
17660 1
17661 1
17666 1
17667 1
17669 1
17675 1
17677 1
17679 1
17680 1
17682 1
17684 1
17685 1
17687 1
17692 1
17693 1
17702 1
17703 1
17704 1
17705 1
17707 1
17708 1
17709 1
17713 1
17715 1
17722 1
17737 1
17746 1
17749 1
17750 1
17755 1
17756 1
17761 1
17763 1
17765 1
17768 1
17771 1
17776 1
17780 1
17782 1
17789 1
17793 1
17794 1
17795 1
17796 1
17799 1
17802 1
17803 1
17807 1
17813 1
17818 1
17821 1
17824 1
17826 1
17830 1
17833 1
17834 1
17838 1
17843 1
17862 1
17869 1
17870 1
17875 1
17879 1
17889 1
17894 1
17897 1
17900 1
17901 1
17910 1
17914 1
17915 1
17916 1
17917 1
17918 1
17921 1
17929 1
17930 1
17932 1
17933 1
17939 1
17942 1
17944 1
17945 1
17949 1
17959 1
17961 1
17966 1
17970 1
17973 1
17975 1
17976 1
17983 1
17984 1
17985 1
17986 1
17987 1
17991 1
17993 1
18520 1
18954 1
19256 1
19278 1
19629 1
20132 1
20194 1
20285 1
20392 1
20747 1
21033 1
21055 1
21143 1
21854 1
21938 1
21973 1
22422 1
22881 1
23214 1
25220 1
25296 1
25400 1
25815 1
25830 1
26355 1
26669 1
28250 1
29649 1
31384 1
32737 1
33469 1
34840 1
36100 1
36543 1
36568 1
37242 1
39308 1
45436 1
47394 1
59539 1
62704 1
62948 1
69358 1
70574 1
71210 1
78242 1
80638 1
81988 1
84697 1
85283 1
89989 1
105854 1
106167 1
128729 1
129543 1
130172 1
135873 1
152393 1
167622 1
196449 1
207149 1
220510 1
230756 1
262371 1
284501 1
294664 1
315288 1
358671 1
366987 1
368433 1
381789 1
727275 1
758726 1
797845 1
