13 1 1 1
16 3 3 1
34 2 2 1
37 1 1 1
63 1 1 1
112 3 1 0.333333
170 1 1 1
231 2 2 1
271 2 2 1
504 1 1 1
557 1 1 1
576 2 1 0.5
588 1 1 1
613 1 1 1
687 1 1 1
713 1 1 1
737 1 1 1
857 1 1 1
859 1 1 1
937 1 1 1
1011 1 1 1
1088 1 1 1
1109 1 1 1
1185 1 1 1
1202 1 1 1
1362 2 2 1
1372 2 2 1
1465 1 1 1
1486 1 1 1
1529 1 1 1
1587 1 1 1
1659 1 1 1
1774 1 1 1
1834 2 1 0.5
1971 1 1 1
2011 2 2 1
2048 1 1 1
2091 4 4 1
2318 2 1 0.5
2357 1 1 1
2379 1 1 1
2453 3 3 1
2476 2 2 1
2514 1 1 1
2557 1 1 1
2577 4 4 1
2815 1 1 1
2819 1 1 1
2823 2 2 1
2850 2 1 0.5
2883 1 1 1
2941 5 5 1
2987 1 1 1
3015 1 1 1
3095 1 1 1
3191 2 2 1
3252 1 1 1
3323 2 2 1
3343 1 1 1
3357 1 1 1
3421 1 1 1
3507 1 1 1
3683 5 4 0.8
3755 2 1 0.5
3966 1 1 1
4067 1 1 1
4299 1 1 1
4360 1 1 1
4367 1 1 1
4453 1 1 1
4614 2 2 1
4659 1 1 1
4710 1 1 1
4903 1 1 1
4937 2 2 1
4992 1 1 1
5121 1 1 1
5139 1 1 1
5148 1 1 1
5236 1 1 1
5285 1 1 1
5339 1 1 1
5540 2 2 1
5610 11 7 0.636364
5755 1 1 1
5814 1 1 1
5844 2 1 0.5
5874 1 1 1
6183 2 2 1
6197 1 1 1
6274 1 1 1
6289 1 1 1
6293 1 1 1
6305 1 1 1
6307 1 1 1
6311 1 1 1
6317 1 1 1
6333 1 1 1
6335 2 2 1
6347 1 1 1
6361 1 1 1
6611 2 2 1
6705 1 1 1
6707 1 1 1
6799 1 1 1
6993 1 1 1
6995 1 1 1
7083 1 1 1
7249 3 3 1
7361 7 7 1
7786 1 1 1
7831 1 1 1
7923 2 1 0.5
7940 1 1 1
7947 1 1 1
8012 1 1 1
8112 1 1 1
8432 2 1 0.5
8478 1 1 1
8575 2 2 1
8589 1 1 1
8614 1 1 1
9042 1 1 1
9103 1 1 1
9200 1 1 1
9250 1 1 1
9304 1 1 1
9594 2 2 1
9645 2 2 1
9749 1 1 1
9757 1 1 1
9808 1 1 1
9846 9 2 0.222222
9919 1 1 1
10166 1 1 1
10202 1 1 1
10261 1 1 1
10317 2 1 0.5
10319 1 1 1
10326 1 1 1
10540 1 1 1
10567 1 1 1
10926 1 1 1
10969 1 1 1
10984 1 1 1
11074 1 1 1
11092 1 1 1
11258 1 1 1
11457 1 1 1
11464 5 1 0.2
11470 9 3 0.333333
11474 1 1 1
11476 1 1 1
11630 1 1 1
11633 1 1 1
11693 1 1 1
11761 2 1 0.5
11885 2 2 1
11892 4 4 1
11956 1 1 1
12018 2 1 0.5
12163 1 1 1
12169 1 1 1
12323 2 2 1
12326 2 2 1
12370 1 1 1
12456 1 1 1
12458 1 1 1
12509 1 1 1
12667 1 1 1
12803 1 1 1
12879 1 1 1
12919 1 1 1
12945 1 1 1
12977 1 1 1
13024 1 1 1
13057 2 2 1
13059 1 1 1
13149 1 1 1
13543 3 2 0.666667
13564 1 1 1
13723 1 1 1
13735 1 1 1
13858 2 2 1
13872 3 1 0.333333
13903 1 1 1
13982 2 2 1
14005 1 1 1
14108 1 1 1
14214 1 1 1
14296 2 1 0.5
14419 1 1 1
14440 1 1 1
14462 1 1 1
14510 1 1 1
14819 1 1 1
14825 1 1 1
14897 2 2 1
14911 1 1 1
15310 2 2 1
15369 2 2 1
15424 1 1 1
15426 1 1 1
15637 2 1 0.5
15850 1 1 1
15906 1 1 1
15939 1 1 1
16400 1 1 1
16435 1 1 1
16581 3 2 0.666667
16596 2 1 0.5
16606 1 1 1
16913 1 1 1
16985 1 1 1
17071 1 1 1
17373 1 1 1
17395 1 1 1
17478 1 1 1
17680 2 2 1
17829 1 1 1
18067 2 2 1
18110 1 1 1
18399 1 1 1
18424 2 2 1
18603 2 1 0.5
18864 1 1 1
18996 1 1 1
19017 1 1 1
19262 1 1 1
19268 1 1 1
19273 2 2 1
19489 1 1 1
19735 2 2 1
19808 1 1 1
19901 1 1 1
20177 1 1 1
20240 2 2 1
20361 8 7 0.875
20474 1 1 1
20543 1 1 1
20595 1 1 1
20759 2 2 1
20932 3 3 1
20988 1 1 1
21196 1 1 1
21316 1 1 1
21626 1 1 1
21764 1 1 1
21787 1 1 1
21813 1 1 1
21834 1 1 1
21959 1 1 1
21982 1 1 1
22004 3 1 0.333333
22284 1 1 1
22294 2 2 1
22366 1 1 1
22396 3 2 0.666667
22425 1 1 1
22476 2 2 1
22529 1 1 1
22539 1 1 1
22545 1 1 1
22572 1 1 1
22687 1 1 1
22692 4 4 1
22699 1 1 1
22759 1 1 1
22837 1 1 1
22902 1 1 1
23078 1 1 1
23237 1 1 1
23262 1 1 1
23294 1 1 1
23324 1 1 1
23334 1 1 1
23371 1 1 1
23476 2 1 0.5
23504 1 1 1
23594 2 2 1
23797 1 1 1
23825 1 1 1
23900 2 1 0.5
24334 2 1 0.5
24422 1 1 1
24543 2 1 0.5
24662 2 2 1
24833 4 1 0.25
24839 1 1 1
24892 1 1 1
24936 1 1 1
24992 1 1 1
25229 1 1 1
25331 2 2 1
25511 2 1 0.5
25663 1 1 1
25771 1 1 1
25825 2 2 1
25827 1 1 1
25923 1 1 1
25975 1 1 1
26057 2 1 0.5
26117 2 1 0.5
26128 2 2 1
26249 3 3 1
26293 1 1 1
26351 1 1 1
26375 1 1 1
26401 1 1 1
26411 2 2 1
26452 1 1 1
26550 2 2 1
27067 1 1 1
27091 1 1 1
27352 2 1 0.5
27375 4 4 1
27379 2 2 1
27510 1 1 1
27512 1 1 1
27552 3 1 0.333333
28029 3 3 1
28094 1 1 1
28144 1 1 1
28175 1 1 1
28190 2 2 1
28685 1 1 1
28932 1 1 1
28952 2 2 1
28968 1 1 1
29009 1 1 1
29023 1 1 1
29068 4 4 1
29391 1 1 1
29468 1 1 1
29479 1 1 1
29761 1 1 1
29937 4 4 1
29951 1 1 1
29975 2 1 0.5
29995 2 2 1
30080 2 1 0.5
30269 2 2 1
30274 2 2 1
30282 1 1 1
30455 1 1 1
30593 1 1 1
30775 1 1 1
30792 1 1 1
31030 1 1 1
31116 1 1 1
31358 1 1 1
31381 1 1 1
31407 1 1 1
31494 1 1 1
31550 2 1 0.5
31587 1 1 1
31722 1 1 1
31814 1 1 1
32016 1 1 1
32076 1 1 1
32089 1 1 1
32109 1 1 1
32161 2 2 1
32416 1 1 1
32438 2 2 1
32800 1 1 1
32845 1 1 1
32888 1 1 1
32904 1 1 1
33017 2 2 1
33031 1 1 1
33100 1 1 1
33416 2 2 1
33716 2 2 1
34184 1 1 1
34387 1 1 1
34722 2 2 1
35131 1 1 1
35205 1 1 1
35509 1 1 1
35531 1 1 1
35759 1 1 1
35962 1 1 1
35973 1 1 1
36040 2 2 1
36112 1 1 1
36128 1 1 1
36147 1 1 1
36277 1 1 1
36291 1 1 1
36418 1 1 1
36492 1 1 1
36597 1 1 1
36692 2 2 1
36856 1 1 1
36979 1 1 1
37025 1 1 1
37100 1 1 1
37139 2 2 1
37141 1 1 1
37187 2 2 1
37280 1 1 1
37410 1 1 1
37546 4 4 1
37641 1 1 1
37677 2 1 0.5
37705 1 1 1
37795 1 1 1
37907 1 1 1
37953 1 1 1
38005 2 2 1
38047 3 3 1
38873 1 1 1
39069 2 2 1
39298 1 1 1
39563 2 1 0.5
40010 2 2 1
40273 3 3 1
40472 1 1 1
40537 1 1 1
40588 1 1 1
40769 2 2 1
40895 2 1 0.5
41131 2 2 1
41333 1 1 1
42027 1 1 1
42127 1 1 1
42407 1 1 1
42428 1 1 1
42452 1 1 1
42632 1 1 1
42718 2 2 1
42794 1 1 1
42982 2 2 1
43058 2 2 1
43212 3 3 1
43363 1 1 1
43432 1 1 1
43902 1 1 1
44155 1 1 1
44177 1 1 1
44588 4 1 0.25
44743 1 1 1
44753 1 1 1
45034 2 2 1
45146 2 2 1
45295 2 2 1
45414 1 1 1
45596 1 1 1
45701 1 1 1
45827 1 1 1
45908 1 1 1
46135 1 1 1
46164 1 1 1
46250 1 1 1
46449 1 1 1
46665 1 1 1
46993 2 1 0.5
47186 1 1 1
47305 1 1 1
47887 1 1 1
48008 3 3 1
48011 1 1 1
48028 1 1 1
48170 3 2 0.666667
48433 1 1 1
49091 1 1 1
49471 1 1 1
49918 2 1 0.5
50804 2 2 1
51082 3 3 1
51110 1 1 1
51170 1 1 1
51280 1 1 1
51753 1 1 1
51801 1 1 1
51822 2 2 1
51895 1 1 1
52400 3 2 0.666667
52447 3 2 0.666667
53018 2 2 1
53040 1 1 1
53177 4 4 1
53401 1 1 1
53600 3 3 1
53623 1 1 1
54045 3 3 1
54096 1 1 1
54161 1 1 1
54339 2 1 0.5
54555 2 1 0.5
54902 1 1 1
55036 2 1 0.5
55316 1 1 1
55683 1 1 1
55730 3 2 0.666667
55828 3 3 1
55875 1 1 1
55934 1 1 1
56234 1 1 1
56329 1 1 1
56402 2 2 1
56448 1 1 1
56694 1 1 1
56708 1 1 1
56776 1 1 1
56864 1 1 1
56922 1 1 1
57056 1 1 1
57399 1 1 1
57495 1 1 1
57549 2 1 0.5
57718 1 1 1
57982 1 1 1
58026 1 1 1
58090 1 1 1
58175 2 1 0.5
58299 1 1 1
58420 1 1 1
58480 1 1 1
58616 1 1 1
58628 1 1 1
58699 1 1 1
58809 1 1 1
59122 1 1 1
59160 2 2 1
59246 1 1 1
59293 1 1 1
59297 2 1 0.5
59301 1 1 1
59447 1 1 1
59634 4 2 0.5
59673 3 3 1
59811 1 1 1
60294 1 1 1
60400 2 2 1
60575 2 2 1
60648 1 1 1
60659 1 1 1
60690 1 1 1
60702 2 1 0.5
60746 2 2 1
60818 2 2 1
60869 1 1 1
60887 1 1 1
60943 2 2 1
61064 1 1 1
61093 1 1 1
61124 1 1 1
61202 1 1 1
61212 1 1 1
61223 1 1 1
61242 1 1 1
61251 1 1 1
61452 2 2 1
61512 3 3 1
61533 1 1 1
61539 1 1 1
61564 2 2 1
61607 1 1 1
61631 1 1 1
61874 1 1 1
61899 1 1 1
61907 1 1 1
62081 1 1 1
62085 1 1 1
62342 1 1 1
62365 4 4 1
62386 1 1 1
62392 1 1 1
62393 1 1 1
62401 1 1 1
62433 1 1 1
62454 1 1 1
62456 1 1 1
62630 1 1 1
62659 1 1 1
62663 1 1 1
62669 1 1 1
62726 1 1 1
62794 1 1 1
62880 1 1 1
62945 1 1 1
63000 2 2 1
63022 1 1 1
63065 1 1 1
63079 2 2 1
63120 1 1 1
63205 1 1 1
63210 1 1 1
63212 2 1 0.5
63233 2 2 1
63238 1 1 1
63240 1 1 1
63289 1 1 1
63296 1 1 1
63409 1 1 1
63513 1 1 1
63522 1 1 1
63541 1 1 1
63555 2 2 1
63588 1 1 1
63596 1 1 1
63607 1 1 1
63611 1 1 1
63629 1 1 1
63639 1 1 1
63661 3 3 1
63665 1 1 1
63677 3 3 1
63686 1 1 1
63695 1 1 1
63716 1 1 1
63724 1 1 1
63747 1 1 1
63787 1 1 1
63818 1 1 1
63863 2 2 1
63865 1 1 1
63898 1 1 1
63908 2 2 1
63993 1 1 1
64076 1 1 1
64094 1 1 1
64113 1 1 1
64115 1 1 1
64180 1 1 1
64221 1 1 1
64227 1 1 1
64232 1 1 1
64236 1 1 1
64319 1 1 1
64341 1 1 1
64355 2 2 1
64362 1 1 1
64384 1 1 1
64400 2 1 0.5
64421 1 1 1
64478 3 3 1
64520 1 1 1
64522 1 1 1
64556 2 2 1
64598 1 1 1
64696 1 1 1
64710 1 1 1
64714 1 1 1
64735 1 1 1
64746 1 1 1
64790 1 1 1
65167 1 1 1
65182 1 1 1
65189 1 1 1
65250 1 1 1
65264 2 1 0.5
65364 1 1 1
65456 1 1 1
65471 1 1 1
65595 1 1 1
65612 1 1 1
65722 1 1 1
65835 1 1 1
65874 2 2 1
65950 3 2 0.666667
65966 2 1 0.5
65974 1 1 1
65994 1 1 1
66008 1 1 1
66065 2 1 0.5
66067 1 1 1
66107 1 1 1
66131 1 1 1
66156 1 1 1
66320 1 1 1
66412 2 2 1
66452 1 1 1
66495 1 1 1
66513 2 1 0.5
66539 1 1 1
66564 1 1 1
66580 1 1 1
66622 1 1 1
66635 1 1 1
66653 1 1 1
66843 1 1 1
66851 1 1 1
66908 1 1 1
66948 1 1 1
66988 1 1 1
67008 1 1 1
67044 1 1 1
67079 1 1 1
67094 1 1 1
67143 1 1 1
67151 1 1 1
67221 3 3 1
67225 1 1 1
67237 7 7 1
67259 1 1 1
67316 1 1 1
67353 1 1 1
67547 2 2 1
67580 1 1 1
67600 1 1 1
67652 1 1 1
67674 1 1 1
67698 1 1 1
67706 1 1 1
67713 1 1 1
67734 2 2 1
67765 1 1 1
67795 1 1 1
67800 1 1 1
67845 1 1 1
67863 1 1 1
67936 1 1 1
68034 1 1 1
68092 1 1 1
68139 1 1 1
68153 1 1 1
68160 1 1 1
68164 1 1 1
68228 1 1 1
68234 1 1 1
68239 1 1 1
68381 1 1 1
68385 2 1 0.5
68456 1 1 1
68470 1 1 1
68526 1 1 1
68550 1 1 1
68563 1 1 1
68597 1 1 1
68601 1 1 1
68635 1 1 1
68823 1 1 1
68846 1 1 1
68863 1 1 1
68866 1 1 1
68920 1 1 1
68961 1 1 1
68969 2 1 0.5
68991 1 1 1
69047 1 1 1
69072 1 1 1
69117 1 1 1
69197 1 1 1
69227 1 1 1
69322 1 1 1
69345 1 1 1
69361 1 1 1
69536 1 1 1
69648 1 1 1
69654 1 1 1
69671 1 1 1
69706 2 1 0.5
69762 1 1 1
69771 1 1 1
69795 1 1 1
69824 1 1 1
69838 1 1 1
69850 1 1 1
69852 1 1 1
69879 2 2 1
69903 1 1 1
69933 1 1 1
70032 1 1 1
70106 1 1 1
70160 1 1 1
70170 1 1 1
70177 1 1 1
70181 1 1 1
70190 1 1 1
70192 4 3 0.75
70200 1 1 1
70240 2 1 0.5
70253 1 1 1
70272 2 1 0.5
70314 1 1 1
70329 1 1 1
70415 1 1 1
70469 1 1 1
70487 1 1 1
70538 1 1 1
70555 1 1 1
70584 1 1 1
70592 1 1 1
70640 1 1 1
70687 1 1 1
70693 2 1 0.5
70874 1 1 1
70893 1 1 1
70959 1 1 1
71014 1 1 1
71075 1 1 1
71081 1 1 1
71118 1 1 1
71120 1 1 1
71179 1 1 1
71239 1 1 1
71258 1 1 1
71305 2 2 1
71345 1 1 1
71426 1 1 1
71430 1 1 1
71463 1 1 1
71520 2 2 1
71531 2 2 1
71560 1 1 1
71568 1 1 1
71579 1 1 1
71604 1 1 1
71634 1 1 1
71642 1 1 1
71682 2 2 1
71692 1 1 1
71704 1 1 1
71714 1 1 1
71718 1 1 1
71755 2 2 1
71806 3 3 1
71861 1 1 1
71865 1 1 1
71875 1 1 1
71983 2 2 1
72014 1 1 1
72018 1 1 1
72058 1 1 1
72086 2 2 1
72181 1 1 1
72216 1 1 1
72252 2 2 1
72267 1 1 1
72269 1 1 1
72303 1 1 1
72335 1 1 1
72368 1 1 1
72370 1 1 1
72376 1 1 1
72384 1 1 1
72405 1 1 1
72407 1 1 1
72446 1 1 1
72451 1 1 1
72495 2 1 0.5
72559 4 4 1
72625 1 1 1
72670 1 1 1
72687 1 1 1
72705 1 1 1
72726 1 1 1
72775 1 1 1
72789 1 1 1
72854 1 1 1
72959 2 1 0.5
73015 1 1 1
73075 1 1 1
73128 1 1 1
73164 1 1 1
73257 1 1 1
73323 1 1 1
73387 1 1 1
73431 2 2 1
73471 1 1 1
73539 1 1 1
73622 1 1 1
73625 2 2 1
73679 1 1 1
73681 1 1 1
73729 1 1 1
73884 1 1 1
73927 1 1 1
73973 1 1 1
73990 1 1 1
73994 6 2 0.333333
74050 1 1 1
74060 1 1 1
74102 1 1 1
74124 1 1 1
74179 1 1 1
74233 1 1 1
74356 1 1 1
74472 1 1 1
74476 1 1 1
74480 1 1 1
74497 2 2 1
74522 1 1 1
74586 1 1 1
74666 1 1 1
74704 2 2 1
74706 1 1 1
74725 1 1 1
74751 1 1 1
74768 1 1 1
74840 1 1 1
74848 1 1 1
74893 3 3 1
74917 1 1 1
74952 1 1 1
75049 1 1 1
75159 1 1 1
75167 1 1 1
75171 1 1 1
75173 1 1 1
75179 2 2 1
75182 1 1 1
75191 1 1 1
75258 1 1 1
75327 1 1 1
75329 1 1 1
75351 1 1 1
75374 1 1 1
75379 2 2 1
75535 1 1 1
75564 1 1 1
75582 1 1 1
75592 2 2 1
75594 2 2 1
75715 1 1 1
75735 1 1 1
75763 1 1 1
75846 1 1 1
75905 1 1 1
75950 1 1 1
75994 1 1 1
76041 1 1 1
76043 1 1 1
76058 1 1 1
76133 1 1 1
76145 1 1 1
76178 1 1 1
76205 1 1 1
76220 1 1 1
76278 1 1 1
76381 1 1 1
76416 3 3 1
76466 1 1 1
76515 1 1 1
76622 1 1 1
76624 1 1 1
76632 2 2 1
76659 1 1 1
76726 1 1 1
76783 1 1 1
76800 1 1 1
76944 1 1 1
76950 1 1 1
77014 1 1 1
77064 1 1 1
77105 2 2 1
77107 1 1 1
77121 1 1 1
77144 2 2 1
77255 1 1 1
77308 1 1 1
77384 1 1 1
77412 1 1 1
77414 1 1 1
77586 1 1 1
77664 1 1 1
77706 1 1 1
77727 1 1 1
77737 1 1 1
77777 1 1 1
77819 3 3 1
77845 1 1 1
77864 2 2 1
77881 1 1 1
77927 1 1 1
77968 1 1 1
77970 1 1 1
77995 1 1 1
78055 1 1 1
78109 1 1 1
78172 1 1 1
78220 1 1 1
78245 1 1 1
78268 1 1 1
78356 1 1 1
78391 3 3 1
78477 1 1 1
78531 1 1 1
78539 1 1 1
78587 1 1 1
78639 2 2 1
78643 1 1 1
78691 1 1 1
78723 1 1 1
78742 2 2 1
78854 1 1 1
78864 1 1 1
78907 1 1 1
79025 1 1 1
79031 1 1 1
79059 1 1 1
79069 2 2 1
79104 2 1 0.5
79432 1 1 1
79454 1 1 1
79506 1 1 1
79509 1 1 1
79532 1 1 1
79562 1 1 1
79679 1 1 1
79690 1 1 1
79696 1 1 1
79731 1 1 1
79737 1 1 1
79827 1 1 1
79829 1 1 1
79887 1 1 1
79903 1 1 1
79963 1 1 1
79987 1 1 1
80088 2 2 1
80102 1 1 1
80147 1 1 1
80153 1 1 1
80215 1 1 1
80221 1 1 1
80268 1 1 1
80377 1 1 1
80381 1 1 1
80530 1 1 1
80601 1 1 1
80667 1 1 1
80671 2 2 1
80840 2 1 0.5
80942 1 1 1
81025 1 1 1
81050 1 1 1
81096 1 1 1
81110 1 1 1
81162 2 2 1
81194 1 1 1
81212 1 1 1
81323 2 2 1
81337 1 1 1
81345 1 1 1
81390 1 1 1
81474 1 1 1
81521 1 1 1
81542 1 1 1
81588 1 1 1
81590 1 1 1
81611 1 1 1
81619 1 1 1
81658 1 1 1
81698 1 1 1
81704 1 1 1
81716 1 1 1
81726 1 1 1
81728 1 1 1
81844 1 1 1
81901 2 2 1
81922 1 1 1
81967 2 2 1
82047 1 1 1
82288 1 1 1
82311 1 1 1
82351 1 1 1
82387 1 1 1
82431 1 1 1
82435 1 1 1
82525 1 1 1
82531 1 1 1
82574 1 1 1
82796 1 1 1
82837 2 1 0.5
82914 1 1 1
82919 1 1 1
83047 1 1 1
83083 1 1 1
83135 1 1 1
83239 1 1 1
83399 1 1 1
83428 1 1 1
83462 1 1 1
83534 1 1 1
83599 1 1 1
83659 1 1 1
83663 1 1 1
83740 1 1 1
83775 1 1 1
83798 1 1 1
83838 1 1 1
83940 1 1 1
83952 1 1 1
83986 1 1 1
84026 1 1 1
84061 1 1 1
84063 1 1 1
84088 1 1 1
84321 1 1 1
84475 1 1 1
84484 1 1 1
84592 1 1 1
84684 1 1 1
84760 1 1 1
84793 1 1 1
84805 1 1 1
84843 1 1 1
84870 1 1 1
84873 1 1 1
84891 1 1 1
84994 1 1 1
85068 1 1 1
85082 1 1 1
85225 1 1 1
85301 1 1 1
85327 1 1 1
85447 1 1 1
85462 1 1 1
85504 3 1 0.333333
85530 1 1 1
85543 1 1 1
85567 1 1 1
85583 1 1 1
85637 1 1 1
85672 1 1 1
85676 1 1 1
85680 1 1 1
85688 1 1 1
85716 1 1 1
85800 1 1 1
85901 5 3 0.6
85966 1 1 1
85988 1 1 1
86080 1 1 1
86179 1 1 1
86252 2 2 1
86372 1 1 1
86376 1 1 1
86386 1 1 1
86448 1 1 1
86575 2 2 1
86737 1 1 1
86777 1 1 1
86793 2 2 1
86849 2 2 1
86867 1 1 1
86976 1 1 1
87036 1 1 1
87065 1 1 1
87124 1 1 1
87148 2 1 0.5
87190 1 1 1
87233 1 1 1
87237 1 1 1
87264 1 1 1
87273 1 1 1
87279 1 1 1
87328 1 1 1
87340 2 1 0.5
87376 1 1 1
87406 2 1 0.5
87458 1 1 1
87479 1 1 1
87492 1 1 1
87524 1 1 1
87541 1 1 1
87554 1 1 1
87558 1 1 1
87621 1 1 1
87713 1 1 1
87722 1 1 1
87928 1 1 1
87931 1 1 1
88137 1 1 1
88191 1 1 1
88273 2 2 1
88311 1 1 1
88359 1 1 1
88371 1 1 1
88400 1 1 1
88435 1 1 1
88449 1 1 1
88503 1 1 1
88526 1 1 1
88615 1 1 1
88653 1 1 1
88682 1 1 1
88699 1 1 1
88729 1 1 1
88739 1 1 1
88790 1 1 1
88805 1 1 1
88842 1 1 1
88939 1 1 1
88992 1 1 1
89066 1 1 1
89347 1 1 1
89362 1 1 1
89529 1 1 1
89609 1 1 1
89684 1 1 1
89691 1 1 1
89877 1 1 1
89942 1 1 1
89967 1 1 1
90042 1 1 1
90097 1 1 1
90105 1 1 1
90115 1 1 1
90120 1 1 1
90133 1 1 1
90199 1 1 1
90211 1 1 1
90217 1 1 1
90268 1 1 1
90342 2 2 1
90368 1 1 1
90396 1 1 1
90548 1 1 1
90721 1 1 1
90906 1 1 1
90954 1 1 1
90958 1 1 1
90992 4 4 1
91012 2 1 0.5
91020 1 1 1
91040 2 2 1
91046 1 1 1
91100 2 1 0.5
91299 1 1 1
91302 1 1 1
91357 1 1 1
91394 1 1 1
91406 1 1 1
91433 2 2 1
91574 1 1 1
91715 1 1 1
91868 2 2 1
91916 1 1 1
91927 1 1 1
91974 1 1 1
92028 1 1 1
92248 1 1 1
92256 1 1 1
92265 1 1 1
92293 1 1 1
92297 2 1 0.5
92306 1 1 1
92365 1 1 1
92463 1 1 1
92532 1 1 1
92570 1 1 1
92629 3 1 0.333333
92634 1 1 1
92679 1 1 1
92775 1 1 1
92804 1 1 1
92872 1 1 1
92916 1 1 1
93107 1 1 1
93121 1 1 1
93201 1 1 1
93228 1 1 1
93287 1 1 1
93315 1 1 1
93317 1 1 1
93328 1 1 1
93344 1 1 1
93374 1 1 1
93424 1 1 1
93512 1 1 1
93637 1 1 1
93686 1 1 1
93833 1 1 1
93846 1 1 1
93901 1 1 1
93905 1 1 1
93962 2 2 1
94005 1 1 1
94152 1 1 1
94155 1 1 1
94181 1 1 1
94373 1 1 1
94428 1 1 1
94490 2 2 1
94566 1 1 1
94697 1 1 1
94732 1 1 1
94738 1 1 1
94755 1 1 1
94806 1 1 1
94985 2 2 1
95132 2 2 1
95265 1 1 1
95275 1 1 1
95478 1 1 1
95486 1 1 1
95557 2 1 0.5
95594 1 1 1
95602 1 1 1
95744 1 1 1
95862 1 1 1
95902 1 1 1
95914 1 1 1
96007 1 1 1
96101 1 1 1
96103 1 1 1
96159 1 1 1
96163 1 1 1
96222 2 2 1
96226 1 1 1
96240 1 1 1
96394 1 1 1
96713 1 1 1
96761 1 1 1
96787 1 1 1
96796 2 2 1
96800 1 1 1
96909 2 1 0.5
96991 1 1 1
97001 1 1 1
97005 2 2 1
97402 1 1 1
97408 3 3 1
97496 2 2 1
97513 2 1 0.5
97641 1 1 1
97788 1 1 1
97800 2 2 1
97824 1 1 1
97873 1 1 1
97999 2 1 0.5
98004 1 1 1
98037 1 1 1
98055 1 1 1
98181 1 1 1
98217 1 1 1
98252 1 1 1
98283 1 1 1
98316 1 1 1
98325 1 1 1
98338 2 2 1
98429 1 1 1
98451 3 1 0.333333
98472 1 1 1
98483 1 1 1
98502 1 1 1
98829 1 1 1
98859 1 1 1
98890 1 1 1
99099 1 1 1
99162 1 1 1
99268 2 2 1
99672 1 1 1
99730 1 1 1
99768 1 1 1
99877 1 1 1
99893 1 1 1
100083 1 1 1
100190 1 1 1
100194 1 1 1
100348 1 1 1
100493 1 1 1
100535 1 1 1
100582 1 1 1
100631 1 1 1
100661 2 2 1
100685 1 1 1
100927 1 1 1
100932 1 1 1
100957 1 1 1
101054 1 1 1
101121 1 1 1
101219 1 1 1
101412 1 1 1
101422 1 1 1
101453 1 1 1
101558 2 2 1
101564 1 1 1
101763 1 1 1
101819 1 1 1
101863 1 1 1
101933 1 1 1
102113 1 1 1
102120 1 1 1
102159 1 1 1
102208 1 1 1
102259 1 1 1
102269 1 1 1
102394 1 1 1
102485 1 1 1
102606 1 1 1
102616 2 2 1
102660 1 1 1
102681 3 3 1
102804 1 1 1
102923 1 1 1
103108 1 1 1
103176 1 1 1
103261 1 1 1
103281 1 1 1
103380 1 1 1
103459 1 1 1
103470 1 1 1
103533 1 1 1
103541 1 1 1
103608 2 2 1
103749 1 1 1
103799 1 1 1
103811 1 1 1
103872 1 1 1
103908 1 1 1
104008 1 1 1
104121 2 2 1
104172 1 1 1
104189 1 1 1
104200 1 1 1
104281 1 1 1
104283 4 4 1
104359 1 1 1
104405 3 3 1
104426 1 1 1
104500 2 2 1
104608 1 1 1
104624 1 1 1
104626 1 1 1
104692 1 1 1
104836 1 1 1
105061 2 2 1
105189 1 1 1
105206 1 1 1
105284 1 1 1
105294 1 1 1
105351 2 2 1
105452 2 2 1
105517 1 1 1
105524 1 1 1
105613 1 1 1
105802 2 1 0.5
105836 1 1 1
105909 1 1 1
106003 1 1 1
106067 1 1 1
106220 1 1 1
106223 1 1 1
106235 2 2 1
106311 1 1 1
106340 1 1 1
106480 1 1 1
106484 1 1 1
106502 1 1 1
106529 1 1 1
106568 3 3 1
106686 1 1 1
106926 1 1 1
107046 1 1 1
107127 1 1 1
107164 1 1 1
107288 2 2 1
107345 1 1 1
107398 2 1 0.5
107402 1 1 1
107457 1 1 1
107479 1 1 1
107598 1 1 1
107600 3 3 1
107668 4 2 0.5
107741 2 1 0.5
107792 1 1 1
107828 1 1 1
107838 1 1 1
107874 1 1 1
107955 1 1 1
107993 1 1 1
108144 1 1 1
108198 1 1 1
108310 1 1 1
108375 1 1 1
108408 1 1 1
108442 2 2 1
108619 1 1 1
108704 1 1 1
108803 1 1 1
108836 1 1 1
108881 1 1 1
108941 1 1 1
108958 1 1 1
108994 1 1 1
109004 1 1 1
109021 2 2 1
109120 2 1 0.5
109182 1 1 1
109208 1 1 1
109227 1 1 1
109254 1 1 1
109288 2 2 1
109316 2 2 1
109391 1 1 1
109395 2 2 1
109549 1 1 1
109670 2 2 1
109725 2 2 1
109729 1 1 1
109778 1 1 1
109842 2 2 1
109899 1 1 1
110114 1 1 1
110136 1 1 1
110192 2 2 1
110196 1 1 1
110217 1 1 1
110238 1 1 1
110251 1 1 1
110291 1 1 1
110384 1 1 1
110412 1 1 1
110555 1 1 1
110601 2 2 1
110628 2 1 0.5
110750 1 1 1
110837 1 1 1
110853 1 1 1
111102 1 1 1
111135 2 1 0.5
111149 2 2 1
111176 1 1 1
111211 1 1 1
111249 1 1 1
111256 2 2 1
111333 1 1 1
111340 1 1 1
111387 1 1 1
111527 1 1 1
111535 1 1 1
111618 1 1 1
111691 1 1 1
111761 1 1 1
111789 1 1 1
111907 1 1 1
111941 1 1 1
112016 1 1 1
112026 1 1 1
112035 1 1 1
112254 1 1 1
112259 1 1 1
112261 1 1 1
112348 1 1 1
112409 1 1 1
112465 1 1 1
112474 1 1 1
112481 1 1 1
112561 1 1 1
112587 1 1 1
112596 1 1 1
112605 1 1 1
112618 1 1 1
112643 1 1 1
112760 1 1 1
112916 1 1 1
112925 1 1 1
112946 1 1 1
112956 85 84 0.988235
113006 1 1 1
113051 1 1 1
113089 1 1 1
113127 1 1 1
113139 1 1 1
113281 1 1 1
113287 1 1 1
113324 1 1 1
113503 1 1 1
113656 1 1 1
113712 2 2 1
113763 1 1 1
113844 1 1 1
114048 1 1 1
114140 1 1 1
114144 1 1 1
114158 1 1 1
114240 1 1 1
114322 1 1 1
114395 1 1 1
114496 1 1 1
114527 1 1 1
114531 3 3 1
114564 1 1 1
114691 1 1 1
114742 1 1 1
114764 1 1 1
114904 3 2 0.666667
114988 1 1 1
115044 1 1 1
115064 1 1 1
115123 1 1 1
115181 4 4 1
115308 1 1 1
115313 1 1 1
115378 1 1 1
115434 1 1 1
115499 1 1 1
115509 2 2 1
115540 1 1 1
115549 1 1 1
115572 1 1 1
115607 1 1 1
115632 1 1 1
115649 1 1 1
115665 1 1 1
115807 1 1 1
115873 1 1 1
115937 2 2 1
116033 1 1 1
116060 1 1 1
116077 1 1 1
116152 1 1 1
116180 2 2 1
116275 4 2 0.5
116336 1 1 1
116372 3 3 1
116472 1 1 1
116481 1 1 1
116489 1 1 1
116525 2 2 1
116679 3 2 0.666667
116714 1 1 1
116876 3 1 0.333333
116910 1 1 1
116998 2 2 1
117080 1 1 1
117097 1 1 1
117136 1 1 1
117202 1 1 1
117268 1 1 1
117286 1 1 1
117343 1 1 1
117389 1 1 1
117432 1 1 1
117474 1 1 1
117680 1 1 1
117696 1 1 1
117718 1 1 1
117752 1 1 1
117834 1 1 1
117874 2 1 0.5
117932 1 1 1
117949 1 1 1
117988 3 3 1
118003 1 1 1
118005 1 1 1
118062 1 1 1
118122 1 1 1
118137 3 3 1
118290 1 1 1
118373 1 1 1
118426 1 1 1
118466 1 1 1
118473 1 1 1
118480 1 1 1
118647 1 1 1
118707 1 1 1
118992 1 1 1
119110 1 1 1
119192 1 1 1
119381 1 1 1
119404 1 1 1
119418 1 1 1
119568 1 1 1
119711 1 1 1
119863 2 2 1
119876 1 1 1
119967 1 1 1
119973 1 1 1
120195 1 1 1
120215 1 1 1
120339 1 1 1
120465 1 1 1
120467 1 1 1
120578 2 1 0.5
120613 1 1 1
120698 1 1 1
120748 1 1 1
120795 2 2 1
120900 1 1 1
120911 1 1 1
121052 1 1 1
121202 1 1 1
121252 1 1 1
121265 1 1 1
121275 1 1 1
121365 1 1 1
121427 1 1 1
121435 1 1 1
121451 1 1 1
121455 1 1 1
121583 1 1 1
121710 1 1 1
121712 1 1 1
121720 1 1 1
121765 2 2 1
121808 1 1 1
121936 1 1 1
121994 1 1 1
122089 1 1 1
122163 1 1 1
122331 1 1 1
122366 1 1 1
122479 1 1 1
122557 1 1 1
122651 1 1 1
122689 1 1 1
122768 2 2 1
122854 1 1 1
122921 1 1 1
122930 1 1 1
122936 1 1 1
122967 1 1 1
123035 1 1 1
123097 1 1 1
123101 1 1 1
123103 2 2 1
123169 4 1 0.25
123177 1 1 1
123403 2 2 1
123466 1 1 1
123479 1 1 1
123544 1 1 1
123578 1 1 1
123749 1 1 1
123909 2 2 1
123946 2 2 1
124084 1 1 1
124296 1 1 1
124362 1 1 1
124372 1 1 1
124392 1 1 1
124497 1 1 1
124622 1 1 1
124689 1 1 1
124711 1 1 1
124718 2 2 1
124849 1 1 1
124988 1 1 1
125053 1 1 1
125088 2 2 1
125093 2 2 1
125122 1 1 1
125138 1 1 1
125142 1 1 1
125194 1 1 1
125330 1 1 1
125378 17 16 0.941176
125392 2 2 1
125400 2 1 0.5
125535 3 3 1
125563 1 1 1
125616 1 1 1
125652 1 1 1
125656 1 1 1
125769 1 1 1
125797 1 1 1
125848 1 1 1
125952 1 1 1
125977 1 1 1
126000 1 1 1
126010 1 1 1
126130 1 1 1
126163 1 1 1
126263 1 1 1
126277 1 1 1
126503 1 1 1
126524 1 1 1
126749 1 1 1
126753 1 1 1
126871 1 1 1
126891 1 1 1
127111 1 1 1
127126 1 1 1
127248 3 2 0.666667
127643 1 1 1
127658 1 1 1
127711 1 1 1
127899 1 1 1
128021 3 3 1
128032 1 1 1
128081 1 1 1
128150 1 1 1
128509 1 1 1
128528 2 2 1
128927 1 1 1
129036 1 1 1
129422 1 1 1
129490 1 1 1
129516 4 2 0.5
129560 1 1 1
129752 1 1 1
129779 1 1 1
129817 1 1 1
129850 1 1 1
129874 1 1 1
129882 1 1 1
129910 2 2 1
129926 1 1 1
129931 1 1 1
130112 1 1 1
130142 1 1 1
130156 1 1 1
130176 4 4 1
130334 2 2 1
130336 1 1 1
130342 1 1 1
130346 1 1 1
130400 1 1 1
130445 1 1 1
130617 1 1 1
130687 1 1 1
130845 1 1 1
130887 2 2 1
131000 3 2 0.666667
131010 2 2 1
131026 1 1 1
131094 1 1 1
131146 3 3 1
131305 1 1 1
131341 2 2 1
131420 1 1 1
131425 1 1 1
131451 1 1 1
131637 2 2 1
131805 1 1 1
132014 1 1 1
132027 6 1 0.166667
132098 1 1 1
132172 3 3 1
132202 1 1 1
132365 1 1 1
132379 1 1 1
132539 1 1 1
132576 1 1 1
132582 1 1 1
132659 1 1 1
132713 1 1 1
132800 1 1 1
132815 1 1 1
132997 1 1 1
133023 1 1 1
133031 1 1 1
133083 1 1 1
133134 1 1 1
133156 2 2 1
133177 2 1 0.5
133219 1 1 1
133250 1 1 1
133254 1 1 1
133279 2 2 1
133309 1 1 1
133343 1 1 1
133345 1 1 1
133434 1 1 1
133643 2 2 1
133838 1 1 1
133893 1 1 1
133943 1 1 1
133955 1 1 1
134036 1 1 1
134049 1 1 1
134137 1 1 1
134156 1 1 1
134221 1 1 1
134360 2 2 1
134435 1 1 1
134468 1 1 1
134585 1 1 1
134601 1 1 1
134657 2 1 0.5
134819 1 1 1
134968 1 1 1
135007 1 1 1
135021 1 1 1
135152 1 1 1
135175 1 1 1
135467 1 1 1
135488 1 1 1
135787 3 1 0.333333
135967 1 1 1
136139 1 1 1
136416 1 1 1
136627 1 1 1
136745 1 1 1
136768 2 1 0.5
136906 1 1 1
137132 1 1 1
137169 1 1 1
137204 1 1 1
137359 1 1 1
137799 2 2 1
137967 1 1 1
138092 1 1 1
138100 1 1 1
138103 1 1 1
138114 1 1 1
138242 3 3 1
138312 2 1 0.5
138329 2 2 1
138347 1 1 1
138419 2 2 1
138486 1 1 1
138514 1 1 1
138622 2 2 1
138654 1 1 1
138736 1 1 1
138780 1 1 1
138798 1 1 1
139077 2 1 0.5
139091 1 1 1
139124 1 1 1
139163 1 1 1
139198 1 1 1
139224 1 1 1
139285 2 2 1
139487 1 1 1
139529 1 1 1
139665 1 1 1
139767 2 1 0.5
139915 1 1 1
140074 1 1 1
140096 1 1 1
140144 1 1 1
140466 1 1 1
140490 1 1 1
140571 1 1 1
140810 1 1 1
140831 1 1 1
141047 1 1 1
141068 1 1 1
141544 1 1 1
141748 1 1 1
141750 1 1 1
142090 2 2 1
142285 1 1 1
142376 3 3 1
142389 1 1 1
142394 1 1 1
142414 1 1 1
142551 2 2 1
142746 1 1 1
142765 1 1 1
142795 1 1 1
142937 1 1 1
142998 1 1 1
143098 1 1 1
143140 1 1 1
143178 1 1 1
143388 1 1 1
143481 4 1 0.25
143599 1 1 1
143600 2 2 1
143607 1 1 1
143678 1 1 1
143687 1 1 1
143857 1 1 1
143919 2 2 1
143923 1 1 1
143933 2 1 0.5
143957 1 1 1
143995 1 1 1
144199 1 1 1
144270 1 1 1
144367 1 1 1
144380 1 1 1
144419 1 1 1
144456 1 1 1
144684 1 1 1
144733 3 3 1
144841 1 1 1
144905 1 1 1
144998 1 1 1
145038 2 2 1
145040 2 2 1
145044 2 2 1
145046 2 2 1
145048 2 2 1
145083 1 1 1
145087 1 1 1
145195 1 1 1
145235 5 3 0.6
145375 1 1 1
145421 1 1 1
145462 1 1 1
145594 1 1 1
145720 1 1 1
145826 1 1 1
145837 1 1 1
145874 1 1 1
145902 1 1 1
145972 1 1 1
145977 1 1 1
145995 1 1 1
146082 2 1 0.5
146286 1 1 1
146379 1 1 1
146430 1 1 1
146499 1 1 1
146508 1 1 1
146533 1 1 1
146586 1 1 1
146609 1 1 1
146625 2 1 0.5
146759 1 1 1
146866 1 1 1
146929 1 1 1
146965 2 2 1
146980 1 1 1
147058 1 1 1
147095 2 2 1
147125 1 1 1
147183 1 1 1
147233 1 1 1
147237 1 1 1
147250 1 1 1
147254 1 1 1
147256 1 1 1
147258 1 1 1
147263 1 1 1
147269 1 1 1
147271 1 1 1
147273 1 1 1
147278 1 1 1
147282 1 1 1
147284 1 1 1
147288 1 1 1
147290 1 1 1
147292 1 1 1
147305 1 1 1
147307 1 1 1
147311 1 1 1
147313 1 1 1
147315 1 1 1
147319 1 1 1
147321 1 1 1
147323 1 1 1
147327 1 1 1
147330 1 1 1
147333 1 1 1
147335 1 1 1
147337 1 1 1
147339 1 1 1
147343 1 1 1
147351 1 1 1
147354 1 1 1
147360 1 1 1
147362 1 1 1
147364 1 1 1
147370 1 1 1
147374 1 1 1
147381 1 1 1
147393 1 1 1
147401 2 2 1
147472 2 2 1
147526 1 1 1
147556 2 1 0.5
147561 1 1 1
147613 1 1 1
147633 1 1 1
147635 1 1 1
147646 1 1 1
147648 1 1 1
147670 1 1 1
147680 1 1 1
147683 2 2 1
147685 1 1 1
147693 1 1 1
147707 1 1 1
147711 1 1 1
147729 1 1 1
147737 2 1 0.5
147745 1 1 1
147747 1 1 1
147755 1 1 1
147757 2 2 1
147759 1 1 1
147762 2 2 1
147764 1 1 1
147769 1 1 1
147779 1 1 1
147788 1 1 1
147803 1 1 1
147813 1 1 1
147817 2 1 0.5
147824 1 1 1
147832 1 1 1
147846 1 1 1
147848 1 1 1
147852 1 1 1
147871 1 1 1
147877 1 1 1
147906 1 1 1
147920 1 1 1
147949 1 1 1
147973 1 1 1
147975 1 1 1
147988 1 1 1
148004 1 1 1
148011 1 1 1
148015 1 1 1
148043 2 2 1
148048 1 1 1
148064 1 1 1
148066 1 1 1
148068 1 1 1
148078 1 1 1
148093 2 1 0.5
148096 1 1 1
148118 2 1 0.5
148126 1 1 1
148145 1 1 1
148151 1 1 1
148163 1 1 1
148165 1 1 1
148186 1 1 1
148228 2 2 1
148255 1 1 1
148257 1 1 1
148269 1 1 1
148283 1 1 1
148291 2 2 1
148301 1 1 1
148314 1 1 1
148322 1 1 1
148326 1 1 1
148364 1 1 1
148402 1 1 1
148412 2 1 0.5
148449 1 1 1
148453 1 1 1
148463 1 1 1
148465 1 1 1
148467 1 1 1
148479 1 1 1
148489 1 1 1
148514 1 1 1
148527 1 1 1
148559 1 1 1
148573 1 1 1
148594 1 1 1
148604 2 2 1
148610 1 1 1
148621 1 1 1
148648 1 1 1
148667 1 1 1
148674 2 1 0.5
148686 1 1 1
148738 1 1 1
148744 1 1 1
148772 1 1 1
148774 1 1 1
148785 3 2 0.666667
148788 1 1 1
148842 1 1 1
148855 1 1 1
148859 1 1 1
148864 2 2 1
148879 1 1 1
148897 1 1 1
148901 1 1 1
148903 1 1 1
148905 1 1 1
148956 1 1 1
148962 1 1 1
148976 1 1 1
149007 1 1 1
149014 2 2 1
149018 1 1 1
149022 1 1 1
149029 3 3 1
149031 1 1 1
149039 1 1 1
149065 1 1 1
149068 1 1 1
149098 1 1 1
149135 1 1 1
149173 1 1 1
149188 1 1 1
149204 1 1 1
149224 1 1 1
149261 1 1 1
149265 1 1 1
149284 1 1 1
149306 1 1 1
149337 2 1 0.5
149360 2 2 1
149362 1 1 1
149397 1 1 1
149401 1 1 1
149428 1 1 1
149452 1 1 1
149455 1 1 1
149471 3 1 0.333333
149479 1 1 1
149484 1 1 1
149522 1 1 1
149548 1 1 1
149561 1 1 1
149587 1 1 1
149593 1 1 1
149624 1 1 1
149635 1 1 1
149660 1 1 1
149666 1 1 1
149688 1 1 1
149699 1 1 1
149734 1 1 1
149746 1 1 1
149752 1 1 1
149770 1 1 1
149777 1 1 1
149795 1 1 1
149812 1 1 1
149839 1 1 1
149849 1 1 1
149859 1 1 1
149862 1 1 1
149875 1 1 1
149879 3 3 1
149894 1 1 1
149909 1 1 1
149940 1 1 1
149951 1 1 1
149963 1 1 1
149993 1 1 1
150013 1 1 1
150028 1 1 1
150030 1 1 1
150041 1 1 1
150043 1 1 1
150049 1 1 1
150051 1 1 1
150053 1 1 1
150058 2 1 0.5
150060 1 1 1
150065 1 1 1
150092 2 1 0.5
150098 1 1 1
150102 1 1 1
150123 1 1 1
150159 1 1 1
150165 1 1 1
150199 1 1 1
150207 1 1 1
150214 1 1 1
150233 1 1 1
150238 2 1 0.5
150247 1 1 1
150273 1 1 1
150277 1 1 1
150279 1 1 1
150290 1 1 1
150295 1 1 1
150300 1 1 1
150315 1 1 1
150329 1 1 1
150346 1 1 1
150379 1 1 1
150387 1 1 1
150424 1 1 1
150441 1 1 1
150445 1 1 1
150455 1 1 1
150459 1 1 1
150465 1 1 1
150469 1 1 1
150486 1 1 1
150495 1 1 1
150504 1 1 1
150510 1 1 1
150523 1 1 1
150536 1 1 1
150560 2 1 0.5
150582 1 1 1
150586 1 1 1
150590 1 1 1
150606 1 1 1
150637 1 1 1
150670 1 1 1
150691 1 1 1
150695 1 1 1
150704 1 1 1
150747 1 1 1
150762 1 1 1
150764 1 1 1
150774 1 1 1
150791 1 1 1
150808 1 1 1
150814 1 1 1
150816 1 1 1
150825 1 1 1
150833 2 1 0.5
150871 1 1 1
150873 1 1 1
150889 2 2 1
150904 1 1 1
150930 1 1 1
150932 1 1 1
150944 1 1 1
150957 1 1 1
150961 1 1 1
150980 1 1 1
151001 1 1 1
151003 1 1 1
151009 1 1 1
151038 1 1 1
151057 1 1 1
151061 1 1 1
151067 1 1 1
151106 3 1 0.333333
151107 1 1 1
151109 4 1 0.25
151113 1 1 1
151133 1 1 1
151135 1 1 1
151139 1 1 1
151153 1 1 1
151155 1 1 1
151172 1 1 1
151185 1 1 1
151204 1 1 1
151248 1 1 1
151253 1 1 1
151255 1 1 1
151259 1 1 1
151264 1 1 1
151274 1 1 1
151283 1 1 1
151287 1 1 1
151292 1 1 1
151305 1 1 1
151317 1 1 1
151319 1 1 1
151327 1 1 1
151342 1 1 1
151358 1 1 1
151368 1 1 1
151374 1 1 1
151380 1 1 1
151385 1 1 1
151407 1 1 1
151411 1 1 1
151431 1 1 1
151437 1 1 1
151461 1 1 1
151511 1 1 1
151532 1 1 1
151549 2 1 0.5
151551 1 1 1
151621 1 1 1
151635 1 1 1
151652 3 3 1
151693 2 1 0.5
151695 1 1 1
151744 1 1 1
151765 1 1 1
151779 1 1 1
151783 1 1 1
151789 6 6 1
151800 1 1 1
151819 1 1 1
151821 1 1 1
151857 1 1 1
151861 1 1 1
151878 1 1 1
151899 1 1 1
151916 1 1 1
151929 1 1 1
151938 1 1 1
151954 3 3 1
151969 1 1 1
151981 2 1 0.5
152046 2 2 1
152048 2 2 1
152050 2 2 1
152052 2 2 1
152084 1 1 1
152089 2 2 1
152103 1 1 1
152128 1 1 1
152137 2 2 1
152148 1 1 1
152150 1 1 1
152187 1 1 1
152194 1 1 1
152218 2 1 0.5
152245 1 1 1
152270 1 1 1
152272 1 1 1
152275 1 1 1
152277 1 1 1
152285 1 1 1
152295 1 1 1
152308 1 1 1
152329 2 1 0.5
152333 1 1 1
152357 1 1 1
152387 1 1 1
152397 1 1 1
152422 1 1 1
152434 1 1 1
152444 1 1 1
152449 1 1 1
152468 1 1 1
152474 1 1 1
152531 1 1 1
152557 1 1 1
152576 1 1 1
152606 1 1 1
152620 1 1 1
152622 1 1 1
152630 1 1 1
152636 1 1 1
152650 1 1 1
152656 1 1 1
152662 1 1 1
152684 1 1 1
152709 1 1 1
152712 1 1 1
152722 1 1 1
152755 2 1 0.5
152778 1 1 1
152788 1 1 1
152791 1 1 1
152821 1 1 1
152841 1 1 1
152853 1 1 1
152876 2 2 1
152893 1 1 1
152933 1 1 1
152935 4 1 0.25
152946 1 1 1
152959 1 1 1
152961 1 1 1
152973 1 1 1
152980 1 1 1
152991 1 1 1
153036 1 1 1
153070 1 1 1
153074 1 1 1
153140 1 1 1
153143 1 1 1
153151 1 1 1
153155 1 1 1
153158 1 1 1
153162 1 1 1
153166 1 1 1
153168 1 1 1
153174 1 1 1
153176 2 1 0.5
153183 2 1 0.5
153187 1 1 1
153212 1 1 1
153231 2 2 1
153276 1 1 1
153286 1 1 1
153312 1 1 1
153335 1 1 1
153338 1 1 1
153342 1 1 1
153354 1 1 1
153356 1 1 1
153360 1 1 1
153362 1 1 1
153364 1 1 1
153366 1 1 1
153368 1 1 1
153370 1 1 1
153375 1 1 1
153423 2 2 1
153439 1 1 1
153478 1 1 1
153482 1 1 1
153497 1 1 1
153519 1 1 1
153543 1 1 1
153575 2 2 1
153586 1 1 1
153607 1 1 1
153624 2 2 1
153626 1 1 1
153633 1 1 1
153664 1 1 1
153698 1 1 1
153720 1 1 1
153728 2 1 0.5
153740 1 1 1
153744 1 1 1
153777 1 1 1
153798 1 1 1
153800 1 1 1
153822 1 1 1
153828 4 1 0.25
153844 1 1 1
153856 1 1 1
153882 3 3 1
153908 1 1 1
153910 1 1 1
153915 1 1 1
153930 1 1 1
153957 1 1 1
153960 1 1 1
153982 1 1 1
153987 1 1 1
154018 1 1 1
154073 2 1 0.5
154085 3 2 0.666667
154087 1 1 1
154091 1 1 1
154122 1 1 1
154129 2 2 1
154167 1 1 1
154191 1 1 1
154210 1 1 1
154238 1 1 1
154263 1 1 1
154294 2 1 0.5
154304 1 1 1
154308 1 1 1
154330 1 1 1
154384 1 1 1
154410 1 1 1
154449 2 1 0.5
154453 1 1 1
154477 1 1 1
154489 1 1 1
154491 2 1 0.5
154494 1 1 1
154496 1 1 1
154527 1 1 1
154555 1 1 1
154578 1 1 1
154580 2 1 0.5
154600 1 1 1
154609 1 1 1
154611 1 1 1
154624 1 1 1
154626 1 1 1
154648 1 1 1
154654 2 2 1
154656 1 1 1
154688 1 1 1
154701 1 1 1
154714 1 1 1
154746 1 1 1
154748 1 1 1
154762 1 1 1
154776 1 1 1
154807 1 1 1
154838 1 1 1
154840 1 1 1
154855 1 1 1
154865 1 1 1
154870 1 1 1
154891 1 1 1
154896 1 1 1
154898 1 1 1
154917 2 1 0.5
154921 1 1 1
154924 1 1 1
154996 1 1 1
155011 1 1 1
155028 1 1 1
155042 1 1 1
155048 1 1 1
155094 1 1 1
155132 1 1 1
155171 1 1 1
155184 1 1 1
155194 1 1 1
155199 2 1 0.5
155203 1 1 1
155211 1 1 1
155230 1 1 1
155244 1 1 1
155246 2 2 1
155262 1 1 1
155264 1 1 1
155268 1 1 1
155272 1 1 1
155283 1 1 1
155311 1 1 1
155328 1 1 1
155339 1 1 1
155341 1 1 1
155344 2 1 0.5
155347 2 1 0.5
155359 1 1 1
155373 1 1 1
155375 1 1 1
155411 1 1 1
155434 1 1 1
155446 1 1 1
155477 1 1 1
155479 1 1 1
155485 1 1 1
155502 2 1 0.5
155509 3 2 0.666667
155551 1 1 1
155573 1 1 1
155580 1 1 1
155623 1 1 1
155635 1 1 1
155717 1 1 1
155726 1 1 1
155731 1 1 1
155756 1 1 1
155768 1 1 1
155772 1 1 1
155774 1 1 1
155835 1 1 1
155847 1 1 1
155865 1 1 1
155867 1 1 1
155949 1 1 1
155964 1 1 1
155979 1 1 1
155990 1 1 1
155996 1 1 1
155998 1 1 1
156013 1 1 1
156030 1 1 1
156039 1 1 1
156066 1 1 1
156087 1 1 1
156109 1 1 1
156122 1 1 1
156193 1 1 1
156198 1 1 1
156212 1 1 1
156234 1 1 1
156242 1 1 1
156246 1 1 1
156262 1 1 1
156287 1 1 1
156378 1 1 1
156441 1 1 1
156470 1 1 1
156483 1 1 1
156495 2 2 1
156497 1 1 1
156501 1 1 1
156505 1 1 1
156522 1 1 1
156526 1 1 1
156539 1 1 1
156552 1 1 1
156554 1 1 1
156560 1 1 1
156565 1 1 1
156624 1 1 1
156634 1 1 1
156643 1 1 1
156658 3 3 1
156673 2 1 0.5
156682 1 1 1
156695 1 1 1
156697 1 1 1
156704 1 1 1
156722 1 1 1
156724 1 1 1
156735 1 1 1
156753 1 1 1
156775 1 1 1
156792 1 1 1
156794 1 1 1
156833 1 1 1
156869 1 1 1
156883 1 1 1
156890 1 1 1
156909 1 1 1
156922 1 1 1
156926 1 1 1
156929 2 2 1
156931 1 1 1
156948 1 1 1
156986 2 1 0.5
156992 1 1 1
157005 1 1 1
157049 1 1 1
157072 1 1 1
157082 1 1 1
157092 1 1 1
157096 1 1 1
157104 1 1 1
157121 1 1 1
157129 1 1 1
157148 1 1 1
157171 1 1 1
157183 1 1 1
157194 1 1 1
157205 1 1 1
157214 1 1 1
157236 1 1 1
157238 1 1 1
157245 1 1 1
157249 1 1 1
157257 1 1 1
157261 1 1 1
157302 1 1 1
157304 1 1 1
157316 2 1 0.5
157321 1 1 1
157323 1 1 1
157341 1 1 1
157371 1 1 1
157373 1 1 1
157377 1 1 1
157396 1 1 1
157415 1 1 1
157417 1 1 1
157419 1 1 1
157452 1 1 1
157456 1 1 1
157479 1 1 1
157492 1 1 1
157506 2 2 1
157508 1 1 1
157536 1 1 1
157566 1 1 1
157591 1 1 1
157597 1 1 1
157615 3 3 1
157623 1 1 1
157626 1 1 1
157630 1 1 1
157648 1 1 1
157666 1 1 1
157688 3 2 0.666667
157692 7 5 0.714286
157709 1 1 1
157739 2 2 1
157743 1 1 1
157763 1 1 1
157765 1 1 1
157806 1 1 1
157842 2 2 1
157870 1 1 1
157894 1 1 1
157901 1 1 1
157952 1 1 1
157962 2 1 0.5
157964 1 1 1
157977 1 1 1
157986 1 1 1
157988 1 1 1
157992 1 1 1
157998 1 1 1
158002 3 2 0.666667
158028 1 1 1
158030 1 1 1
158045 1 1 1
158054 1 1 1
158063 1 1 1
158081 1 1 1
158088 2 2 1
158090 1 1 1
158095 1 1 1
158100 1 1 1
158125 1 1 1
158133 1 1 1
158143 2 2 1
158148 1 1 1
158183 1 1 1
158192 1 1 1
158194 1 1 1
158200 1 1 1
158214 1 1 1
158223 1 1 1
158243 1 1 1
158245 1 1 1
158263 1 1 1
158267 1 1 1
158294 1 1 1
158305 1 1 1
158307 1 1 1
158317 1 1 1
158327 1 1 1
158360 1 1 1
158362 6 4 0.666667
158374 1 1 1
158384 1 1 1
158411 1 1 1
158413 1 1 1
158447 1 1 1
158457 1 1 1
158500 1 1 1
158508 1 1 1
158532 1 1 1
158549 1 1 1
158566 1 1 1
158571 1 1 1
158600 1 1 1
158611 1 1 1
158613 1 1 1
158673 1 1 1
158677 1 1 1
158697 2 2 1
158726 1 1 1
158728 1 1 1
158732 1 1 1
158744 1 1 1
158758 1 1 1
158762 1 1 1
158764 1 1 1
158791 1 1 1
158796 1 1 1
158798 1 1 1
158800 1 1 1
158820 1 1 1
158823 1 1 1
158862 1 1 1
158892 1 1 1
158908 1 1 1
158924 1 1 1
158945 1 1 1
158949 1 1 1
158956 1 1 1
158981 1 1 1
159012 2 1 0.5
159020 1 1 1
159025 1 1 1
159054 1 1 1
159056 1 1 1
159058 1 1 1
159076 2 1 0.5
159086 1 1 1
159092 1 1 1
159179 2 2 1
159190 1 1 1
159207 1 1 1
159216 1 1 1
159221 1 1 1
159248 1 1 1
159253 1 1 1
159260 1 1 1
159262 1 1 1
159276 1 1 1
159286 1 1 1
159288 1 1 1
159294 1 1 1
159306 1 1 1
159312 1 1 1
159318 1 1 1
159328 1 1 1
159338 1 1 1
159340 2 2 1
159362 1 1 1
159366 2 1 0.5
159371 1 1 1
159375 2 2 1
159377 2 2 1
159386 1 1 1
159403 1 1 1
159419 1 1 1
159436 1 1 1
159444 1 1 1
159457 2 1 0.5
159465 1 1 1
159478 1 1 1
159482 1 1 1
159492 1 1 1
159518 1 1 1
159540 1 1 1
159562 4 3 0.75
159573 1 1 1
159594 1 1 1
159597 1 1 1
159601 1 1 1
159625 1 1 1
159641 1 1 1
159645 1 1 1
159649 1 1 1
159668 1 1 1
159674 1 1 1
159676 1 1 1
159680 1 1 1
159687 1 1 1
159716 1 1 1
159722 1 1 1
159775 1 1 1
159799 1 1 1
159802 1 1 1
159835 1 1 1
159845 1 1 1
159849 1 1 1
159853 1 1 1
159877 1 1 1
159879 1 1 1
159888 1 1 1
159898 1 1 1
159901 1 1 1
159928 1 1 1
159930 2 1 0.5
159973 1 1 1
159975 1 1 1
160041 1 1 1
160070 3 2 0.666667
160080 1 1 1
160088 1 1 1
160141 1 1 1
160152 2 1 0.5
160169 1 1 1
160182 1 1 1
160211 1 1 1
160245 1 1 1
160276 1 1 1
160280 1 1 1
160292 1 1 1
160294 1 1 1
160300 1 1 1
160308 1 1 1
160312 1 1 1
160314 1 1 1
160316 1 1 1
160328 1 1 1
160350 1 1 1
160358 2 2 1
160391 1 1 1
160398 3 1 0.333333
160449 1 1 1
160455 1 1 1
160457 1 1 1
160461 2 2 1
160467 1 1 1
160483 1 1 1
160487 2 1 0.5
160489 1 1 1
160497 1 1 1
160515 1 1 1
160554 1 1 1
160563 1 1 1
160573 1 1 1
160591 1 1 1
160621 1 1 1
160625 1 1 1
160664 3 1 0.333333
160668 1 1 1
160670 1 1 1
160675 2 1 0.5
160683 1 1 1
160699 1 1 1
160731 1 1 1
160733 1 1 1
160748 1 1 1
160755 1 1 1
160759 1 1 1
160778 3 2 0.666667
160782 1 1 1
160811 1 1 1
160817 1 1 1
160886 1 1 1
160908 1 1 1
160955 1 1 1
160961 1 1 1
160977 1 1 1
160993 1 1 1
160995 1 1 1
161038 1 1 1
161054 1 1 1
161056 1 1 1
161059 1 1 1
161064 1 1 1
161066 1 1 1
161075 1 1 1
161091 1 1 1
161108 1 1 1
161113 1 1 1
161119 1 1 1
161131 2 2 1
161136 1 1 1
161159 1 1 1
161161 1 1 1
161167 1 1 1
161172 1 1 1
161199 3 3 1
161207 1 1 1
161211 2 2 1
161217 1 1 1
161231 1 1 1
161233 2 2 1
161235 1 1 1
161238 1 1 1
161242 1 1 1
161260 2 1 0.5
161305 1 1 1
161319 1 1 1
161321 1 1 1
161342 1 1 1
161366 1 1 1
161391 2 2 1
161415 1 1 1
161426 1 1 1
161431 1 1 1
161452 2 2 1
161467 1 1 1
161501 1 1 1
161526 1 1 1
161549 3 2 0.666667
161580 1 1 1
161598 1 1 1
161614 1 1 1
161621 1 1 1
161636 1 1 1
161682 1 1 1
161686 2 2 1
161709 1 1 1
161728 1 1 1
161738 1 1 1
161744 1 1 1
161763 1 1 1
161767 2 2 1
161773 1 1 1
161783 1 1 1
161785 1 1 1
161827 1 1 1
161863 1 1 1
161869 1 1 1
161871 1 1 1
161873 1 1 1
161880 1 1 1
161886 2 2 1
161904 1 1 1
161912 1 1 1
161916 2 2 1
161931 1 1 1
161933 1 1 1
161940 1 1 1
161947 1 1 1
161960 1 1 1
161981 1 1 1
162003 1 1 1
162024 1 1 1
162027 1 1 1
162029 1 1 1
162050 1 1 1
162064 1 1 1
162077 1 1 1
162085 1 1 1
162098 1 1 1
162113 1 1 1
162122 1 1 1
162208 1 1 1
162227 1 1 1
162240 1 1 1
162246 1 1 1
162252 2 2 1
162260 1 1 1
162262 1 1 1
162271 1 1 1
162292 1 1 1
162302 1 1 1
162311 1 1 1
162317 1 1 1
162326 1 1 1
162363 1 1 1
162366 1 1 1
162400 1 1 1
162412 2 2 1
162414 1 1 1
162426 1 1 1
162431 1 1 1
162457 1 1 1
162463 1 1 1
162484 1 1 1
162505 1 1 1
162525 1 1 1
162535 1 1 1
162543 1 1 1
162547 1 1 1
162566 1 1 1
162576 1 1 1
162578 1 1 1
162585 1 1 1
162590 1 1 1
162606 1 1 1
162608 1 1 1
162614 1 1 1
162627 1 1 1
162634 1 1 1
162638 1 1 1
162644 1 1 1
162653 1 1 1
162669 1 1 1
162681 1 1 1
162721 1 1 1
162724 1 1 1
162741 1 1 1
162751 1 1 1
162755 1 1 1
162763 1 1 1
162791 1 1 1
162799 1 1 1
162801 1 1 1
162803 1 1 1
162806 1 1 1
162809 1 1 1
162814 1 1 1
162828 1 1 1
162869 1 1 1
162905 1 1 1
162913 2 2 1
162923 1 1 1
162939 1 1 1
162941 1 1 1
162974 1 1 1
162982 1 1 1
163021 1 1 1
163024 1 1 1
163030 1 1 1
163035 1 1 1
163041 1 1 1
163047 1 1 1
163051 1 1 1
163056 2 2 1
163058 1 1 1
163072 1 1 1
163099 1 1 1
163103 1 1 1
163105 1 1 1
163107 1 1 1
163111 1 1 1
163117 1 1 1
163151 1 1 1
163161 1 1 1
163163 1 1 1
163173 2 2 1
163184 1 1 1
163249 1 1 1
163280 1 1 1
163282 1 1 1
163294 1 1 1
163318 1 1 1
163335 1 1 1
163350 1 1 1
163367 1 1 1
163376 1 1 1
163380 1 1 1
163421 1 1 1
163429 1 1 1
163431 1 1 1
163461 1 1 1
163463 1 1 1
163465 1 1 1
163473 1 1 1
163501 1 1 1
163520 1 1 1
163522 1 1 1
163524 1 1 1
163541 3 3 1
163543 1 1 1
163545 1 1 1
163552 1 1 1
163564 1 1 1
163578 2 2 1
163584 1 1 1
163593 1 1 1
163602 1 1 1
163614 1 1 1
163631 1 1 1
163633 1 1 1
163650 1 1 1
163660 2 1 0.5
163666 1 1 1
163683 1 1 1
163709 3 3 1
163712 1 1 1
163716 1 1 1
163722 1 1 1
163738 1 1 1
163740 1 1 1
163756 1 1 1
163784 1 1 1
163788 1 1 1
163795 1 1 1
163814 1 1 1
163842 1 1 1
163900 1 1 1
163903 1 1 1
163909 1 1 1
163919 1 1 1
163925 1 1 1
163952 1 1 1
163968 1 1 1
163976 1 1 1
163991 1 1 1
163993 2 1 0.5
163994 1 1 1
164003 1 1 1
164016 1 1 1
164018 1 1 1
164020 1 1 1
164037 1 1 1
164045 2 1 0.5
164046 1 1 1
164052 1 1 1
164059 1 1 1
164061 1 1 1
164067 1 1 1
164081 1 1 1
164083 2 1 0.5
164090 1 1 1
164124 1 1 1
164127 1 1 1
164147 1 1 1
164154 1 1 1
164167 1 1 1
164178 1 1 1
164188 1 1 1
164197 1 1 1
164232 1 1 1
164234 1 1 1
164236 1 1 1
164239 1 1 1
164241 1 1 1
164245 1 1 1
164249 1 1 1
164251 1 1 1
164272 1 1 1
164286 1 1 1
164290 1 1 1
164323 1 1 1
164327 1 1 1
164339 1 1 1
164341 1 1 1
164353 1 1 1
164355 1 1 1
164365 1 1 1
164382 1 1 1
164387 1 1 1
164393 1 1 1
164397 1 1 1
164408 1 1 1
164415 1 1 1
164424 1 1 1
164431 1 1 1
164460 2 2 1
164466 1 1 1
164470 1 1 1
164487 1 1 1
164505 1 1 1
164515 1 1 1
164530 1 1 1
164536 1 1 1
164546 1 1 1
164553 1 1 1
164559 1 1 1
164577 1 1 1
164583 1 1 1
164597 1 1 1
164601 1 1 1
164633 2 2 1
164649 1 1 1
164671 1 1 1
164693 1 1 1
164744 1 1 1
164752 1 1 1
164754 1 1 1
164759 1 1 1
164763 1 1 1
164783 1 1 1
164785 1 1 1
164797 1 1 1
164815 1 1 1
164828 1 1 1
164853 1 1 1
164855 1 1 1
164869 1 1 1
164886 1 1 1
164897 1 1 1
164912 1 1 1
164953 2 1 0.5
164965 1 1 1
164979 2 2 1
165007 1 1 1
165031 1 1 1
165049 1 1 1
165062 1 1 1
165064 2 2 1
165067 2 2 1
165071 1 1 1
165073 2 2 1
165075 1 1 1
165077 2 2 1
165079 2 2 1
165081 2 2 1
165083 2 2 1
165085 2 2 1
165087 2 2 1
165089 2 2 1
165091 2 2 1
165093 1 1 1
165097 1 1 1
165099 1 1 1
165105 1 1 1
165107 1 1 1
165109 2 2 1
165111 1 1 1
165113 2 2 1
165115 1 1 1
165119 1 1 1
165121 1 1 1
165125 1 1 1
165127 1 1 1
165129 1 1 1
165133 2 2 1
165135 1 1 1
165144 1 1 1
165146 1 1 1
165148 1 1 1
165150 1 1 1
165152 1 1 1
165154 1 1 1
165156 1 1 1
165162 1 1 1
165164 1 1 1
165166 1 1 1
165198 1 1 1
165251 1 1 1
165285 1 1 1
165291 1 1 1
165300 1 1 1
165313 1 1 1
165319 1 1 1
165325 1 1 1
165332 1 1 1
165337 1 1 1
165340 1 1 1
165342 1 1 1
165347 1 1 1
165350 1 1 1
165371 1 1 1
165376 1 1 1
165391 1 1 1
165412 1 1 1
165416 1 1 1
165420 1 1 1
165422 1 1 1
165428 1 1 1
165447 1 1 1
165451 1 1 1
165461 1 1 1
165469 1 1 1
165497 1 1 1
165500 1 1 1
165519 1 1 1
165530 1 1 1
165533 1 1 1
165535 1 1 1
165545 3 2 0.666667
165547 1 1 1
165565 2 2 1
165585 1 1 1
165593 1 1 1
165599 1 1 1
165611 2 2 1
165624 1 1 1
165633 1 1 1
165643 1 1 1
165651 2 1 0.5
165652 1 1 1
165677 1 1 1
165708 1 1 1
165714 2 1 0.5
165715 1 1 1
165726 1 1 1
165730 1 1 1
165747 1 1 1
165768 1 1 1
165774 1 1 1
165784 1 1 1
165787 1 1 1
165794 1 1 1
165802 1 1 1
165813 1 1 1
165845 1 1 1
165849 2 2 1
165853 1 1 1
165863 1 1 1
165865 1 1 1
165875 1 1 1
165878 1 1 1
165893 1 1 1
165907 1 1 1
165910 1 1 1
165916 1 1 1
165918 1 1 1
165929 1 1 1
165936 1 1 1
165941 1 1 1
165947 1 1 1
165957 1 1 1
165959 1 1 1
165961 1 1 1
165967 1 1 1
165975 1 1 1
165988 1 1 1
166001 1 1 1
166015 1 1 1
166024 1 1 1
166038 1 1 1
166055 1 1 1
166059 1 1 1
166064 1 1 1
166068 1 1 1
166082 1 1 1
166084 1 1 1
166090 1 1 1
166102 1 1 1
166107 1 1 1
166139 1 1 1
166154 1 1 1
166166 1 1 1
166181 1 1 1
166183 1 1 1
166194 1 1 1
166221 1 1 1
166226 1 1 1
166234 1 1 1
166237 1 1 1
166241 1 1 1
166245 1 1 1
166247 1 1 1
166255 1 1 1
166275 1 1 1
166292 1 1 1
166310 1 1 1
166351 1 1 1
166366 1 1 1
166380 2 1 0.5
166383 1 1 1
166385 1 1 1
166388 1 1 1
166426 1 1 1
166429 1 1 1
166466 1 1 1
166476 1 1 1
166489 1 1 1
166491 1 1 1
166514 1 1 1
166532 1 1 1
166540 2 1 0.5
166557 1 1 1
166559 1 1 1
166568 1 1 1
166574 1 1 1
166579 1 1 1
166587 1 1 1
166604 2 2 1
166612 1 1 1
166614 2 1 0.5
166639 1 1 1
166643 1 1 1
166660 1 1 1
166683 1 1 1
166690 1 1 1
166703 1 1 1
166718 1 1 1
166720 1 1 1
166751 1 1 1
166753 1 1 1
166763 1 1 1
166773 1 1 1
166782 1 1 1
166788 1 1 1
166791 1 1 1
166801 1 1 1
166807 1 1 1
166813 1 1 1
166819 2 1 0.5
166828 1 1 1
166839 1 1 1
166848 1 1 1
166870 1 1 1
166878 1 1 1
166903 1 1 1
166907 1 1 1
166925 1 1 1
166968 1 1 1
166975 1 1 1
166977 1 1 1
166983 1 1 1
166987 1 1 1
166989 1 1 1
166999 1 1 1
167013 1 1 1
167025 1 1 1
167028 1 1 1
167030 3 1 0.333333
167032 1 1 1
167037 1 1 1
167042 1 1 1
167057 1 1 1
167066 1 1 1
167076 1 1 1
167090 1 1 1
167107 1 1 1
167109 1 1 1
167129 1 1 1
167133 1 1 1
167154 1 1 1
167166 1 1 1
167183 1 1 1
167196 1 1 1
167202 1 1 1
167220 1 1 1
167249 1 1 1
167255 1 1 1
167314 1 1 1
167330 1 1 1
167341 1 1 1
167377 1 1 1
167388 1 1 1
167394 1 1 1
167402 1 1 1
167406 1 1 1
167415 1 1 1
167426 1 1 1
167435 1 1 1
167445 1 1 1
167449 1 1 1
167451 1 1 1
167471 1 1 1
167477 1 1 1
167483 1 1 1
167485 1 1 1
167492 1 1 1
167504 1 1 1
167514 1 1 1
167531 1 1 1
167541 1 1 1
167570 1 1 1
167584 1 1 1
167586 1 1 1
167602 1 1 1
167608 1 1 1
167629 1 1 1
167634 1 1 1
167660 1 1 1
167675 1 1 1
167690 1 1 1
167702 1 1 1
167709 1 1 1
167716 1 1 1
167727 1 1 1
167732 4 2 0.5
167733 1 1 1
167740 1 1 1
167742 1 1 1
167756 1 1 1
167765 1 1 1
167797 1 1 1
167818 1 1 1
167848 2 1 0.5
167852 1 1 1
167857 1 1 1
167874 1 1 1
167885 1 1 1
167889 1 1 1
167897 1 1 1
167904 1 1 1
167914 1 1 1
167924 1 1 1
167947 1 1 1
167951 1 1 1
168029 1 1 1
168035 1 1 1
168043 1 1 1
168053 1 1 1
168057 1 1 1
168080 1 1 1
168084 1 1 1
168110 1 1 1
168121 1 1 1
168126 1 1 1
168141 1 1 1
168173 1 1 1
168182 1 1 1
168192 3 1 0.333333
168204 1 1 1
168206 1 1 1
168208 1 1 1
168210 1 1 1
168216 1 1 1
168251 1 1 1
168275 1 1 1
168279 1 1 1
168281 1 1 1
168285 1 1 1
168304 1 1 1
168314 1 1 1
168329 1 1 1
168331 1 1 1
168335 1 1 1
168337 1 1 1
168349 1 1 1
168355 2 1 0.5
168356 1 1 1
168358 1 1 1
168360 1 1 1
168364 1 1 1
168370 1 1 1
168378 1 1 1
168385 1 1 1
168404 1 1 1
168411 1 1 1
168436 1 1 1
168450 1 1 1
168460 1 1 1
168470 1 1 1
168474 1 1 1
168488 1 1 1
168490 1 1 1
168497 1 1 1
168511 1 1 1
168514 1 1 1
168518 1 1 1
168520 1 1 1
168559 1 1 1
168567 1 1 1
168598 1 1 1
168610 1 1 1
168626 1 1 1
168628 1 1 1
168633 1 1 1
168650 1 1 1
168669 1 1 1
168672 1 1 1
168692 2 2 1
168694 1 1 1
168725 1 1 1
168780 1 1 1
168799 1 1 1
168801 1 1 1
168805 1 1 1
168823 1 1 1
168840 1 1 1
168842 1 1 1
168851 1 1 1
168880 1 1 1
168884 1 1 1
168891 1 1 1
168925 1 1 1
168943 1 1 1
168946 2 2 1
168952 1 1 1
168954 1 1 1
168981 1 1 1
168991 1 1 1
168995 1 1 1
168998 1 1 1
169000 2 1 0.5
169001 2 2 1
169008 1 1 1
169012 1 1 1
169024 1 1 1
169039 1 1 1
169043 1 1 1
169062 1 1 1
169070 1 1 1
169083 1 1 1
169089 1 1 1
169095 1 1 1
169107 1 1 1
169119 1 1 1
169128 1 1 1
169132 1 1 1
169134 1 1 1
169136 1 1 1
169146 1 1 1
169154 1 1 1
169158 1 1 1
169166 1 1 1
169172 1 1 1
169174 1 1 1
169186 1 1 1
169200 1 1 1
169202 1 1 1
169210 1 1 1
169212 1 1 1
169214 1 1 1
169216 1 1 1
169244 1 1 1
169246 1 1 1
169276 1 1 1
169289 1 1 1
169291 1 1 1
169296 1 1 1
169308 1 1 1
169313 1 1 1
169348 1 1 1
169359 1 1 1
169364 2 1 0.5
169390 1 1 1
169399 1 1 1
169403 1 1 1
169407 1 1 1
169409 1 1 1
169429 1 1 1
169439 1 1 1
169448 1 1 1
169452 1 1 1
169454 1 1 1
169502 1 1 1
169504 1 1 1
169510 1 1 1
169518 1 1 1
169552 1 1 1
169563 2 2 1
169568 1 1 1
169571 1 1 1
169579 1 1 1
169581 1 1 1
169583 1 1 1
169594 1 1 1
169596 1 1 1
169599 1 1 1
169607 1 1 1
169612 1 1 1
169618 1 1 1
169620 1 1 1
169622 1 1 1
169630 1 1 1
169634 1 1 1
169640 1 1 1
169644 1 1 1
169652 1 1 1
169673 1 1 1
169675 1 1 1
169681 1 1 1
169728 1 1 1
169739 1 1 1
169760 1 1 1
169768 1 1 1
169778 3 1 0.333333
169790 1 1 1
169801 1 1 1
169831 1 1 1
169833 1 1 1
169845 1 1 1
169863 1 1 1
169871 1 1 1
169897 1 1 1
169903 1 1 1
169920 1 1 1
169929 2 2 1
169931 1 1 1
169939 1 1 1
169980 1 1 1
169983 2 2 1
170003 1 1 1
170013 2 2 1
170019 1 1 1
170027 1 1 1
170031 1 1 1
170036 1 1 1
170085 1 1 1
170093 1 1 1
170105 1 1 1
170107 1 1 1
170109 1 1 1
170127 2 2 1
170146 1 1 1
170158 1 1 1
170174 1 1 1
170178 1 1 1
170180 1 1 1
170193 1 1 1
170234 1 1 1
170237 1 1 1
170248 1 1 1
170255 1 1 1
170257 1 1 1
170273 1 1 1
170293 1 1 1
170295 1 1 1
170307 1 1 1
170309 1 1 1
170311 1 1 1
170315 1 1 1
170337 1 1 1
170341 1 1 1
170356 1 1 1
170388 1 1 1
170405 2 2 1
170413 2 1 0.5
170420 1 1 1
170422 1 1 1
170428 2 1 0.5
170443 1 1 1
170462 2 1 0.5
170472 1 1 1
170499 1 1 1
170511 1 1 1
170539 1 1 1
170544 1 1 1
170556 1 1 1
170565 1 1 1
170567 1 1 1
170577 2 2 1
170590 1 1 1
170593 2 2 1
170618 1 1 1
170634 1 1 1
170645 1 1 1
170649 1 1 1
170667 1 1 1
170669 1 1 1
170694 1 1 1
170716 2 1 0.5
170720 1 1 1
170737 1 1 1
170743 1 1 1
170751 1 1 1
170774 1 1 1
170778 1 1 1
170796 1 1 1
170807 1 1 1
170813 1 1 1
170836 1 1 1
170856 1 1 1
170858 1 1 1
170862 1 1 1
170868 1 1 1
170906 1 1 1
170913 2 2 1
170915 1 1 1
170931 1 1 1
170941 1 1 1
170952 1 1 1
170956 1 1 1
170964 1 1 1
170985 1 1 1
170987 1 1 1
170989 1 1 1
170991 1 1 1
170996 1 1 1
170998 1 1 1
171015 1 1 1
171022 1 1 1
171042 1 1 1
171044 1 1 1
171069 1 1 1
171071 1 1 1
171084 1 1 1
171092 1 1 1
171102 1 1 1
171104 1 1 1
171129 1 1 1
171140 1 1 1
171163 1 1 1
171171 1 1 1
171176 1 1 1
171212 1 1 1
171220 1 1 1
171231 1 1 1
171241 1 1 1
171245 1 1 1
171255 1 1 1
171257 1 1 1
171259 1 1 1
171267 1 1 1
171281 1 1 1
171285 1 1 1
171303 1 1 1
171311 1 1 1
171327 1 1 1
171335 2 2 1
171342 1 1 1
171354 2 1 0.5
171370 2 1 0.5
171377 1 1 1
171379 1 1 1
171381 1 1 1
171410 1 1 1
171420 1 1 1
171429 3 3 1
171440 1 1 1
171443 1 1 1
171448 1 1 1
171451 1 1 1
171468 2 1 0.5
171480 1 1 1
171483 2 1 0.5
171499 1 1 1
171510 1 1 1
171516 1 1 1
171531 1 1 1
171535 1 1 1
171539 1 1 1
171544 1 1 1
171558 1 1 1
171572 1 1 1
171592 2 1 0.5
171596 1 1 1
171628 1 1 1
171633 1 1 1
171640 1 1 1
171642 1 1 1
171654 1 1 1
171666 1 1 1
171674 1 1 1
171689 1 1 1
171695 1 1 1
171715 1 1 1
171725 1 1 1
171737 1 1 1
171742 1 1 1
171758 1 1 1
171764 1 1 1
171766 1 1 1
171779 1 1 1
171781 1 1 1
171785 1 1 1
171814 1 1 1
171835 2 2 1
171866 1 1 1
171902 1 1 1
171914 1 1 1
171965 1 1 1
172009 1 1 1
172014 1 1 1
172042 1 1 1
172051 1 1 1
172071 1 1 1
172077 1 1 1
172081 1 1 1
172092 1 1 1
172101 2 1 0.5
172106 1 1 1
172132 1 1 1
172134 1 1 1
172142 1 1 1
172164 1 1 1
172171 1 1 1
172173 1 1 1
172175 1 1 1
172191 1 1 1
172196 1 1 1
172211 1 1 1
172213 1 1 1
172217 1 1 1
172240 1 1 1
172256 1 1 1
172265 1 1 1
172267 1 1 1
172271 2 2 1
172277 1 1 1
172289 4 1 0.25
172306 1 1 1
172312 1 1 1
172328 2 1 0.5
172334 1 1 1
172336 1 1 1
172348 1 1 1
172359 1 1 1
172361 1 1 1
172365 1 1 1
172367 1 1 1
172401 1 1 1
172403 3 1 0.333333
172410 1 1 1
172423 1 1 1
172426 1 1 1
172428 1 1 1
172435 1 1 1
172441 1 1 1
172447 1 1 1
172451 1 1 1
172461 1 1 1
172471 1 1 1
172481 1 1 1
172491 1 1 1
172508 1 1 1
172512 1 1 1
172518 1 1 1
172528 1 1 1
172534 1 1 1
172540 1 1 1
172559 1 1 1
172561 1 1 1
172581 1 1 1
172583 1 1 1
172601 1 1 1
172609 1 1 1
172611 1 1 1
172618 1 1 1
172626 1 1 1
172630 1 1 1
172638 1 1 1
172644 1 1 1
172658 1 1 1
172661 1 1 1
172665 2 2 1
172668 1 1 1
172672 1 1 1
172684 1 1 1
172689 1 1 1
172704 1 1 1
172717 1 1 1
172744 1 1 1
172756 1 1 1
172769 1 1 1
172771 1 1 1
172780 1 1 1
172788 1 1 1
172790 2 1 0.5
172793 1 1 1
172802 1 1 1
172815 1 1 1
172824 1 1 1
172884 1 1 1
172887 1 1 1
172930 1 1 1
172934 1 1 1
172936 1 1 1
172945 1 1 1
172947 1 1 1
172961 1 1 1
173000 1 1 1
173008 1 1 1
173025 1 1 1
173032 1 1 1
173048 1 1 1
173065 1 1 1
173067 1 1 1
173079 1 1 1
173086 1 1 1
173103 1 1 1
173109 2 2 1
173143 1 1 1
173149 1 1 1
173186 1 1 1
173196 2 1 0.5
173197 1 1 1
173201 1 1 1
173207 1 1 1
173209 3 2 0.666667
173216 1 1 1
173220 1 1 1
173240 1 1 1
173272 1 1 1
173286 1 1 1
173300 2 2 1
173308 1 1 1
173313 1 1 1
173332 2 2 1
173340 1 1 1
173348 1 1 1
173369 1 1 1
173373 1 1 1
173388 1 1 1
173390 1 1 1
173394 2 1 0.5
173410 1 1 1
173437 1 1 1
173455 1 1 1
173461 1 1 1
173490 1 1 1
173508 1 1 1
173516 1 1 1
173519 2 1 0.5
173521 1 1 1
173542 1 1 1
173570 1 1 1
173582 1 1 1
173586 1 1 1
173593 1 1 1
173598 3 1 0.333333
173614 1 1 1
173619 1 1 1
173621 1 1 1
173629 1 1 1
173633 1 1 1
173635 2 2 1
173655 2 2 1
173684 2 2 1
173703 1 1 1
173715 3 2 0.666667
173717 1 1 1
173724 3 2 0.666667
173753 1 1 1
173762 1 1 1
173764 1 1 1
173766 1 1 1
173772 1 1 1
173774 1 1 1
173815 1 1 1
173833 1 1 1
173854 1 1 1
173873 1 1 1
173875 1 1 1
173882 1 1 1
173898 1 1 1
173907 1 1 1
173909 1 1 1
173914 1 1 1
173916 1 1 1
173918 1 1 1
173920 1 1 1
173924 1 1 1
173935 1 1 1
173946 1 1 1
173951 1 1 1
173969 1 1 1
173977 1 1 1
173984 1 1 1
173992 1 1 1
173996 2 1 0.5
174018 1 1 1
174035 1 1 1
174052 1 1 1
174059 1 1 1
174071 1 1 1
174086 2 1 0.5
174094 1 1 1
174115 1 1 1
174118 1 1 1
174129 1 1 1
174143 2 1 0.5
174150 1 1 1
174154 1 1 1
174164 1 1 1
174170 1 1 1
174200 1 1 1
174204 1 1 1
174210 1 1 1
174240 1 1 1
174286 1 1 1
174308 2 2 1
174351 1 1 1
174354 1 1 1
174359 1 1 1
174385 2 2 1
174398 1 1 1
174406 2 1 0.5
174407 1 1 1
174410 1 1 1
174415 1 1 1
174420 1 1 1
174430 1 1 1
174465 2 2 1
174484 1 1 1
174495 1 1 1
174521 1 1 1
174590 1 1 1
174592 2 2 1
174598 1 1 1
174600 1 1 1
174602 1 1 1
174606 1 1 1
174619 1 1 1
174642 1 1 1
174664 1 1 1
174670 1 1 1
174675 3 3 1
174703 1 1 1
174717 1 1 1
174742 1 1 1
174762 1 1 1
174767 1 1 1
174791 2 1 0.5
174812 1 1 1
174832 1 1 1
174836 1 1 1
174847 1 1 1
174878 1 1 1
174899 1 1 1
174907 1 1 1
174912 1 1 1
174952 1 1 1
174960 1 1 1
174962 1 1 1
174968 2 2 1
174979 3 2 0.666667
174994 2 1 0.5
174997 1 1 1
175002 1 1 1
175019 1 1 1
175021 1 1 1
175054 6 2 0.333333
175077 1 1 1
175081 1 1 1
175083 1 1 1
175087 1 1 1
175106 1 1 1
175114 1 1 1
175121 1 1 1
175123 1 1 1
175128 2 1 0.5
175132 1 1 1
175167 1 1 1
175212 1 1 1
175223 1 1 1
175234 1 1 1
175237 1 1 1
175274 1 1 1
175289 1 1 1
175298 1 1 1
175303 1 1 1
175307 1 1 1
175333 1 1 1
175361 1 1 1
175421 1 1 1
175432 1 1 1
175435 1 1 1
175467 1 1 1
175470 1 1 1
175472 1 1 1
175474 1 1 1
175476 1 1 1
175489 1 1 1
175496 1 1 1
175502 1 1 1
175505 3 1 0.333333
175511 1 1 1
175516 1 1 1
175548 1 1 1
175551 1 1 1
175563 1 1 1
175598 1 1 1
175600 1 1 1
175603 1 1 1
175632 1 1 1
175671 1 1 1
175702 1 1 1
175709 1 1 1
175728 1 1 1
175771 1 1 1
175773 1 1 1
175789 1 1 1
175795 1 1 1
175797 3 1 0.333333
175814 1 1 1
175849 1 1 1
175854 1 1 1
175860 1 1 1
175864 1 1 1
175868 1 1 1
175875 4 2 0.5
175883 1 1 1
175910 1 1 1
175914 1 1 1
175916 1 1 1
175932 1 1 1
175951 1 1 1
175954 1 1 1
175969 1 1 1
175980 1 1 1
175990 1 1 1
175995 1 1 1
176007 1 1 1
176039 1 1 1
176043 1 1 1
176051 1 1 1
176062 1 1 1
176069 1 1 1
176076 1 1 1
176078 1 1 1
176082 1 1 1
176102 1 1 1
176120 1 1 1
176132 1 1 1
176136 1 1 1
176142 1 1 1
176157 1 1 1
176174 1 1 1
176248 1 1 1
176263 1 1 1
176296 1 1 1
176300 1 1 1
176324 1 1 1
176331 1 1 1
176354 1 1 1
176367 1 1 1
176369 1 1 1
176404 1 1 1
176426 1 1 1
176430 1 1 1
176446 1 1 1
176465 1 1 1
176467 1 1 1
176478 1 1 1
176480 1 1 1
176485 1 1 1
176502 1 1 1
176519 1 1 1
176521 1 1 1
176531 1 1 1
176537 1 1 1
176551 3 3 1
176554 1 1 1
176566 1 1 1
176579 1 1 1
176582 1 1 1
176584 1 1 1
176597 1 1 1
176610 1 1 1
176650 1 1 1
176657 1 1 1
176664 1 1 1
176666 2 2 1
176676 1 1 1
176717 1 1 1
176723 1 1 1
176725 1 1 1
176731 1 1 1
176733 3 3 1
176750 1 1 1
176754 1 1 1
176756 1 1 1
176766 1 1 1
176799 1 1 1
176805 1 1 1
176827 1 1 1
176837 1 1 1
176847 1 1 1
176861 1 1 1
176890 1 1 1
176892 1 1 1
176905 1 1 1
176911 1 1 1
176917 1 1 1
176919 1 1 1
176974 1 1 1
176982 1 1 1
176986 1 1 1
176989 1 1 1
177013 1 1 1
177028 1 1 1
177036 1 1 1
177053 2 2 1
177056 1 1 1
177070 1 1 1
177110 1 1 1
177114 1 1 1
177124 2 2 1
177159 1 1 1
177161 2 2 1
177176 1 1 1
177183 1 1 1
177199 1 1 1
177204 1 1 1
177206 2 1 0.5
177217 1 1 1
177241 1 1 1
177245 1 1 1
177251 1 1 1
177258 2 2 1
177274 1 1 1
177285 1 1 1
177294 1 1 1
177312 1 1 1
177322 1 1 1
177328 1 1 1
177347 1 1 1
177351 2 2 1
177357 1 1 1
177371 1 1 1
177393 1 1 1
177404 2 1 0.5
177432 1 1 1
177442 1 1 1
177444 1 1 1
177452 1 1 1
177472 1 1 1
177476 1 1 1
177478 1 1 1
177496 1 1 1
177500 1 1 1
177502 1 1 1
177504 1 1 1
177511 1 1 1
177516 1 1 1
177518 1 1 1
177535 2 1 0.5
177552 1 1 1
177565 1 1 1
177572 1 1 1
177590 1 1 1
177593 1 1 1
177597 1 1 1
177604 1 1 1
177627 1 1 1
177635 1 1 1
177645 1 1 1
177661 1 1 1
177668 1 1 1
177672 1 1 1
177674 1 1 1
177688 1 1 1
177692 1 1 1
177704 2 1 0.5
177714 1 1 1
177716 1 1 1
177725 1 1 1
177754 1 1 1
177760 1 1 1
177771 1 1 1
177773 1 1 1
177784 1 1 1
177787 2 1 0.5
177816 1 1 1
177820 1 1 1
177822 1 1 1
177849 1 1 1
177860 1 1 1
177862 1 1 1
177886 1 1 1
177930 1 1 1
177938 1 1 1
177993 1 1 1
178013 1 1 1
178036 1 1 1
178042 1 1 1
178083 1 1 1
178085 1 1 1
178093 1 1 1
178111 1 1 1
178131 1 1 1
178144 1 1 1
178162 1 1 1
178190 1 1 1
178209 1 1 1
178213 1 1 1
178224 1 1 1
178257 1 1 1
178276 1 1 1
178285 1 1 1
178293 1 1 1
178301 1 1 1
178311 1 1 1
178313 1 1 1
178321 1 1 1
178327 1 1 1
178329 1 1 1
178331 1 1 1
178342 1 1 1
178346 1 1 1
178348 1 1 1
178367 1 1 1
178381 1 1 1
178383 1 1 1
178408 1 1 1
178442 1 1 1
178453 1 1 1
178466 1 1 1
178471 1 1 1
178478 1 1 1
178493 1 1 1
178506 1 1 1
178508 1 1 1
178538 1 1 1
178544 1 1 1
178546 1 1 1
178560 1 1 1
178584 1 1 1
178604 1 1 1
178608 1 1 1
178612 2 1 0.5
178616 1 1 1
178622 1 1 1
178625 1 1 1
178672 1 1 1
178678 1 1 1
178684 1 1 1
178697 1 1 1
178710 1 1 1
178712 1 1 1
178718 1 1 1
178738 1 1 1
178740 1 1 1
178742 1 1 1
178748 1 1 1
178758 1 1 1
178760 1 1 1
178762 1 1 1
178766 1 1 1
178770 1 1 1
178778 1 1 1
178789 1 1 1
178799 1 1 1
178801 1 1 1
178803 1 1 1
178809 1 1 1
178816 1 1 1
178823 1 1 1
178830 2 2 1
178836 1 1 1
178851 1 1 1
178866 1 1 1
178870 2 2 1
178902 1 1 1
178937 1 1 1
178946 1 1 1
178970 1 1 1
179011 1 1 1
179018 1 1 1
179027 1 1 1
179031 1 1 1
179033 1 1 1
179044 1 1 1
179053 1 1 1
179063 1 1 1
179080 1 1 1
179082 1 1 1
179095 2 2 1
179107 1 1 1
179126 1 1 1
179136 1 1 1
179146 1 1 1
179155 1 1 1
179157 1 1 1
179159 1 1 1
179167 1 1 1
179169 1 1 1
179177 1 1 1
179185 1 1 1
179189 1 1 1
179191 1 1 1
179202 1 1 1
179206 1 1 1
179208 1 1 1
179212 1 1 1
179227 1 1 1
179233 1 1 1
179237 1 1 1
179241 1 1 1
179250 1 1 1
179252 1 1 1
179262 1 1 1
179267 1 1 1
179312 1 1 1
179326 1 1 1
179331 2 2 1
179361 1 1 1
179375 1 1 1
179395 1 1 1
179403 1 1 1
179426 1 1 1
179447 1 1 1
179452 2 2 1
179454 1 1 1
179456 1 1 1
179458 1 1 1
179472 1 1 1
179498 1 1 1
179542 1 1 1
179549 1 1 1
179554 1 1 1
179566 1 1 1
179583 1 1 1
179595 1 1 1
179597 1 1 1
179603 1 1 1
179609 1 1 1
179615 1 1 1
179633 1 1 1
179637 1 1 1
179643 1 1 1
179645 1 1 1
179656 1 1 1
179676 1 1 1
179678 1 1 1
179727 1 1 1
179729 1 1 1
179738 1 1 1
179740 1 1 1
179744 1 1 1
179757 1 1 1
179774 1 1 1
179786 1 1 1
179796 1 1 1
179803 1 1 1
179829 1 1 1
179834 2 1 0.5
179836 1 1 1
179838 1 1 1
179840 1 1 1
179845 1 1 1
179861 1 1 1
179863 1 1 1
179865 1 1 1
179872 1 1 1
179882 2 1 0.5
179884 1 1 1
179886 1 1 1
179906 2 2 1
179912 1 1 1
179932 1 1 1
179936 1 1 1
179940 1 1 1
179947 1 1 1
179958 1 1 1
179981 1 1 1
179988 1 1 1
180005 1 1 1
180018 1 1 1
180020 1 1 1
180034 1 1 1
180036 1 1 1
180054 1 1 1
180065 1 1 1
180080 1 1 1
180084 1 1 1
180089 1 1 1
180096 2 2 1
180104 1 1 1
180116 1 1 1
180149 1 1 1
180171 1 1 1
180177 2 1 0.5
180193 1 1 1
180196 1 1 1
180198 1 1 1
180206 1 1 1
180216 1 1 1
180224 1 1 1
180232 1 1 1
180250 1 1 1
180252 1 1 1
180260 1 1 1
180293 1 1 1
180301 1 1 1
180321 1 1 1
180337 1 1 1
180339 1 1 1
180362 1 1 1
180368 1 1 1
180380 1 1 1
180394 1 1 1
180408 1 1 1
180410 1 1 1
180434 1 1 1
180439 1 1 1
180443 1 1 1
180453 1 1 1
180461 1 1 1
180477 1 1 1
180480 1 1 1
180482 1 1 1
180487 1 1 1
180502 1 1 1
180508 1 1 1
180516 1 1 1
180541 2 2 1
180562 1 1 1
180569 2 2 1
180575 1 1 1
180580 1 1 1
180606 1 1 1
180616 1 1 1
180618 1 1 1
180627 1 1 1
180631 1 1 1
180635 1 1 1
180650 1 1 1
180654 1 1 1
180656 1 1 1
180666 1 1 1
180682 1 1 1
180701 1 1 1
180717 1 1 1
180721 1 1 1
180733 1 1 1
180744 1 1 1
180754 1 1 1
180756 1 1 1
180764 1 1 1
180769 2 2 1
180779 1 1 1
180781 1 1 1
180788 1 1 1
180797 1 1 1
180799 1 1 1
180827 1 1 1
180838 1 1 1
180844 2 2 1
180846 1 1 1
180854 1 1 1
180861 1 1 1
180871 1 1 1
180873 1 1 1
180891 1 1 1
180893 1 1 1
180904 1 1 1
180912 1 1 1
180920 1 1 1
180927 1 1 1
180940 1 1 1
180950 1 1 1
180961 1 1 1
180972 1 1 1
180976 1 1 1
180997 1 1 1
181013 1 1 1
181016 1 1 1
181022 1 1 1
181031 1 1 1
181035 2 1 0.5
181066 1 1 1
181068 1 1 1
181070 1 1 1
181072 1 1 1
181074 1 1 1
181076 1 1 1
181084 1 1 1
181094 1 1 1
181106 1 1 1
181108 1 1 1
181110 1 1 1
181118 3 2 0.666667
181125 1 1 1
181130 1 1 1
181134 3 2 0.666667
181202 1 1 1
181231 1 1 1
181233 1 1 1
181247 1 1 1
181266 1 1 1
181272 1 1 1
181278 1 1 1
181283 1 1 1
181290 1 1 1
181294 1 1 1
181300 1 1 1
181307 2 1 0.5
181330 1 1 1
181334 1 1 1
181346 1 1 1
181350 1 1 1
181360 1 1 1
181371 1 1 1
181378 1 1 1
181401 1 1 1
181409 1 1 1
181422 1 1 1
181429 1 1 1
181446 1 1 1
181448 1 1 1
181470 1 1 1
181472 1 1 1
181481 1 1 1
181497 1 1 1
181510 1 1 1
181518 1 1 1
181526 1 1 1
181534 5 1 0.2
181537 1 1 1
181539 1 1 1
181541 1 1 1
181545 2 2 1
181551 1 1 1
181553 1 1 1
181558 1 1 1
181581 1 1 1
181604 1 1 1
181606 1 1 1
181612 1 1 1
181616 1 1 1
181618 1 1 1
181624 1 1 1
181630 1 1 1
181643 1 1 1
181648 1 1 1
181650 2 2 1
181663 1 1 1
181684 1 1 1
181686 1 1 1
181694 2 2 1
181701 2 2 1
181705 1 1 1
181713 1 1 1
181723 1 1 1
181732 1 1 1
181734 1 1 1
181745 1 1 1
181755 1 1 1
181780 1 1 1
181798 1 1 1
181810 1 1 1
181815 1 1 1
181839 1 1 1
181849 1 1 1
181868 1 1 1
181887 1 1 1
181889 2 2 1
181898 1 1 1
181902 1 1 1
181963 1 1 1
181976 1 1 1
181992 1 1 1
181994 1 1 1
182008 1 1 1
182015 1 1 1
182017 1 1 1
182019 1 1 1
182026 1 1 1
182044 1 1 1
182050 1 1 1
182052 1 1 1
182058 1 1 1
182067 1 1 1
182158 1 1 1
182174 1 1 1
182186 1 1 1
182195 1 1 1
182202 1 1 1
182204 1 1 1
182236 1 1 1
182243 1 1 1
182245 1 1 1
182256 1 1 1
182259 1 1 1
182266 1 1 1
182276 1 1 1
182321 2 1 0.5
182331 1 1 1
182350 1 1 1
182359 1 1 1
182370 1 1 1
182373 1 1 1
182388 2 1 0.5
182391 1 1 1
182428 1 1 1
182430 1 1 1
182449 1 1 1
182463 2 2 1
182498 1 1 1
182515 1 1 1
182524 1 1 1
182543 1 1 1
182549 3 1 0.333333
182550 1 1 1
182561 1 1 1
182584 1 1 1
182588 1 1 1
182598 1 1 1
182613 1 1 1
182620 1 1 1
182626 1 1 1
182641 1 1 1
182643 1 1 1
182645 1 1 1
182672 1 1 1
182683 1 1 1
182703 1 1 1
182717 1 1 1
182727 1 1 1
182751 1 1 1
182777 1 1 1
182781 1 1 1
182785 1 1 1
182789 1 1 1
182804 1 1 1
182812 1 1 1
182822 1 1 1
182847 1 1 1
182849 1 1 1
182858 1 1 1
182860 1 1 1
182868 1 1 1
182874 1 1 1
182879 3 1 0.333333
182901 1 1 1
182905 1 1 1
182913 1 1 1
182915 1 1 1
182929 2 1 0.5
182942 1 1 1
182956 1 1 1
182959 1 1 1
182969 1 1 1
182996 1 1 1
183008 3 2 0.666667
183012 1 1 1
183018 1 1 1
183034 1 1 1
183038 1 1 1
183046 1 1 1
183053 1 1 1
183061 1 1 1
183079 1 1 1
183081 1 1 1
183086 2 1 0.5
183091 1 1 1
183093 1 1 1
183097 1 1 1
183102 1 1 1
183104 1 1 1
183109 1 1 1
183134 2 1 0.5
183136 1 1 1
183138 3 1 0.333333
183140 1 1 1
183144 1 1 1
183153 1 1 1
183162 1 1 1
183168 1 1 1
183182 1 1 1
183195 1 1 1
183206 1 1 1
183212 1 1 1
183220 1 1 1
183222 1 1 1
183226 1 1 1
183249 1 1 1
183255 1 1 1
183258 1 1 1
183262 1 1 1
183286 1 1 1
183298 1 1 1
183332 1 1 1
183352 1 1 1
183354 1 1 1
183358 1 1 1
183371 2 1 0.5
183384 1 1 1
183389 1 1 1
183393 1 1 1
183404 1 1 1
183406 1 1 1
183408 1 1 1
183410 1 1 1
183425 2 2 1
183429 1 1 1
183443 1 1 1
183448 2 1 0.5
183464 2 2 1
183477 1 1 1
183482 1 1 1
183497 1 1 1
183505 1 1 1
183509 1 1 1
183511 1 1 1
183515 1 1 1
183522 1 1 1
183537 1 1 1
183550 1 1 1
183563 1 1 1
183565 1 1 1
183568 1 1 1
183591 1 1 1
183595 1 1 1
183602 1 1 1
183605 1 1 1
183623 1 1 1
183626 1 1 1
183628 1 1 1
183637 1 1 1
183641 1 1 1
183648 2 2 1
183658 2 1 0.5
183664 1 1 1
183681 1 1 1
183683 1 1 1
183699 1 1 1
183710 1 1 1
183714 1 1 1
183717 1 1 1
183720 1 1 1
183736 1 1 1
183752 1 1 1
183760 2 2 1
183769 1 1 1
183771 1 1 1
183773 1 1 1
183782 1 1 1
183802 1 1 1
183806 1 1 1
183809 1 1 1
183811 1 1 1
183819 1 1 1
183821 1 1 1
183825 1 1 1
183844 1 1 1
183871 1 1 1
183878 1 1 1
183882 1 1 1
183886 1 1 1
183902 1 1 1
183906 2 2 1
183918 1 1 1
183924 1 1 1
183930 1 1 1
183939 1 1 1
183941 1 1 1
183951 1 1 1
183957 1 1 1
183971 1 1 1
183977 1 1 1
183980 1 1 1
183984 1 1 1
183989 1 1 1
183993 1 1 1
184005 1 1 1
184011 1 1 1
184015 1 1 1
184033 1 1 1
184035 1 1 1
184046 1 1 1
184052 1 1 1
184063 1 1 1
184069 1 1 1
184074 1 1 1
184076 1 1 1
184096 2 2 1
184098 1 1 1
184118 1 1 1
184126 1 1 1
184132 1 1 1
184136 1 1 1
184152 1 1 1
184154 2 2 1
184162 1 1 1
184164 1 1 1
184172 1 1 1
184176 1 1 1
184180 1 1 1
184184 1 1 1
184191 1 1 1
184193 1 1 1
184216 1 1 1
184222 1 1 1
184224 2 2 1
184229 1 1 1
184248 1 1 1
184258 1 1 1
184260 1 1 1
184270 1 1 1
184272 1 1 1
184277 1 1 1
184292 1 1 1
184294 1 1 1
184299 2 1 0.5
184305 2 2 1
184319 1 1 1
184327 2 2 1
184331 1 1 1
184342 1 1 1
184352 1 1 1
184363 1 1 1
184372 1 1 1
184381 1 1 1
184389 1 1 1
184396 1 1 1
184399 1 1 1
184401 1 1 1
184403 2 2 1
184434 1 1 1
184437 1 1 1
184445 1 1 1
184447 2 2 1
184451 1 1 1
184461 1 1 1
184465 1 1 1
184469 1 1 1
184479 1 1 1
184490 1 1 1
184492 1 1 1
184494 1 1 1
184498 1 1 1
184500 1 1 1
184502 1 1 1
184506 1 1 1
184510 1 1 1
184512 1 1 1
184516 1 1 1
184518 1 1 1
184520 1 1 1
184524 1 1 1
184526 1 1 1
184530 1 1 1
184532 1 1 1
184534 1 1 1
184536 1 1 1
184548 1 1 1
184567 1 1 1
184569 1 1 1
184571 1 1 1
184573 1 1 1
184575 2 2 1
184580 2 2 1
184592 1 1 1
184605 1 1 1
184627 1 1 1
184631 2 2 1
184668 1 1 1
184670 1 1 1
184674 1 1 1
184699 1 1 1
184701 2 2 1
184703 2 2 1
184705 2 2 1
184728 1 1 1
184757 1 1 1
184761 1 1 1
184776 1 1 1
184778 1 1 1
184784 2 2 1
184786 2 2 1
184788 2 2 1
184790 2 2 1
184795 2 2 1
184803 3 3 1
184807 1 1 1
184837 1 1 1
184845 1 1 1
184848 1 1 1
184852 1 1 1
184861 1 1 1
184868 2 2 1
184874 2 2 1
184882 1 1 1
184889 1 1 1
184904 1 1 1
184907 1 1 1
184915 1 1 1
184927 1 1 1
184931 1 1 1
184935 1 1 1
184942 1 1 1
184946 1 1 1
184950 1 1 1
184983 1 1 1
185000 1 1 1
185004 1 1 1
185012 1 1 1
185017 1 1 1
185027 1 1 1
185031 1 1 1
185037 1 1 1
185039 1 1 1
185041 1 1 1
185069 1 1 1
185076 1 1 1
185090 1 1 1
185092 1 1 1
185096 1 1 1
185110 1 1 1
185127 2 2 1
185138 1 1 1
185162 1 1 1
185174 1 1 1
185180 2 2 1
185196 1 1 1
185200 1 1 1
185217 1 1 1
185225 2 1 0.5
185229 1 1 1
185233 1 1 1
185235 1 1 1
185262 1 1 1
185292 2 1 0.5
185300 1 1 1
185309 1 1 1
185311 1 1 1
185345 1 1 1
185357 1 1 1
185374 1 1 1
185376 1 1 1
185394 1 1 1
185398 1 1 1
185400 1 1 1
185402 1 1 1
185414 1 1 1
185423 1 1 1
185437 1 1 1
185455 1 1 1
185463 1 1 1
185474 1 1 1
185479 2 2 1
185485 1 1 1
185491 1 1 1
185505 2 2 1
185535 1 1 1
185537 1 1 1
185539 1 1 1
185555 1 1 1
185561 1 1 1
185565 1 1 1
185582 1 1 1
185588 2 2 1
185601 1 1 1
185614 1 1 1
185616 2 1 0.5
185626 2 2 1
185628 1 1 1
185630 1 1 1
185632 1 1 1
185642 1 1 1
185663 1 1 1
185686 1 1 1
185693 1 1 1
185749 1 1 1
185756 1 1 1
185770 1 1 1
185772 1 1 1
185775 1 1 1
185779 1 1 1
185781 1 1 1
185785 1 1 1
185787 1 1 1
185795 1 1 1
185802 1 1 1
185804 1 1 1
185813 1 1 1
185815 1 1 1
185822 1 1 1
185828 1 1 1
185856 1 1 1
185865 1 1 1
185867 2 2 1
185875 1 1 1
185885 1 1 1
185893 1 1 1
185906 1 1 1
185908 1 1 1
185918 1 1 1
185953 1 1 1
185955 1 1 1
185962 1 1 1
185976 1 1 1
185980 1 1 1
185990 1 1 1
185994 1 1 1
185996 1 1 1
186042 1 1 1
186046 1 1 1
186054 1 1 1
186058 1 1 1
186060 1 1 1
186071 1 1 1
186075 1 1 1
186089 1 1 1
186096 1 1 1
186101 1 1 1
186103 1 1 1
186114 1 1 1
186130 1 1 1
186134 1 1 1
186153 1 1 1
186163 1 1 1
186166 1 1 1
186169 1 1 1
186205 1 1 1
186224 1 1 1
186229 1 1 1
186244 2 1 0.5
186255 1 1 1
186257 1 1 1
186281 1 1 1
186283 2 2 1
186289 1 1 1
186294 1 1 1
186313 1 1 1
186334 1 1 1
186364 1 1 1
186371 1 1 1
186378 1 1 1
186388 1 1 1
186392 1 1 1
186394 1 1 1
186401 1 1 1
186422 2 2 1
186426 1 1 1
186432 1 1 1
186436 1 1 1
186459 1 1 1
186471 1 1 1
186474 1 1 1
186476 1 1 1
186495 1 1 1
186505 1 1 1
186520 1 1 1
186564 1 1 1
186600 1 1 1
186608 1 1 1
186646 1 1 1
186655 1 1 1
186668 1 1 1
186691 2 1 0.5
186717 1 1 1
186726 1 1 1
186729 1 1 1
186732 1 1 1
186748 1 1 1
186753 1 1 1
186755 2 2 1
186757 1 1 1
186759 1 1 1
186767 1 1 1
186775 1 1 1
186777 1 1 1
186791 1 1 1
186800 1 1 1
186802 1 1 1
186804 1 1 1
186830 1 1 1
186846 1 1 1
186856 1 1 1
186858 1 1 1
186860 2 1 0.5
186877 1 1 1
186885 1 1 1
186896 1 1 1
186905 1 1 1
186909 1 1 1
186912 1 1 1
186914 1 1 1
186921 1 1 1
186923 1 1 1
186926 1 1 1
186929 1 1 1
186944 1 1 1
186948 1 1 1
186953 1 1 1
186955 1 1 1
186962 1 1 1
186968 1 1 1
186981 1 1 1
186996 1 1 1
186999 1 1 1
187001 2 1 0.5
187008 1 1 1
187015 1 1 1
187052 1 1 1
187056 2 1 0.5
187057 1 1 1
187077 1 1 1
187092 1 1 1
187116 1 1 1
187128 1 1 1
187153 1 1 1
187167 1 1 1
187172 1 1 1
187184 1 1 1
187196 1 1 1
187212 1 1 1
187232 1 1 1
187245 1 1 1
187255 1 1 1
187257 1 1 1
187274 1 1 1
187284 1 1 1
187288 1 1 1
187297 1 1 1
187301 1 1 1
187306 1 1 1
187317 1 1 1
187326 1 1 1
187364 1 1 1
187372 2 1 0.5
187384 1 1 1
187392 1 1 1
187397 1 1 1
187413 1 1 1
187429 1 1 1
187455 1 1 1
187480 1 1 1
187503 1 1 1
187509 1 1 1
187519 1 1 1
187532 1 1 1
187538 2 2 1
187545 1 1 1
187570 1 1 1
187599 1 1 1
187613 1 1 1
187618 1 1 1
187627 1 1 1
187631 2 1 0.5
187635 1 1 1
187637 1 1 1
187649 1 1 1
187651 1 1 1
187655 2 2 1
187719 1 1 1
187722 1 1 1
187728 1 1 1
187734 1 1 1
187740 1 1 1
187751 1 1 1
187786 1 1 1
187812 1 1 1
187822 1 1 1
187824 1 1 1
187853 1 1 1
187870 1 1 1
187876 1 1 1
187878 1 1 1
187885 1 1 1
187898 2 2 1
187906 1 1 1
187910 1 1 1
187923 1 1 1
187930 1 1 1
187932 1 1 1
187953 1 1 1
187958 1 1 1
187992 1 1 1
187994 1 1 1
188008 1 1 1
188012 1 1 1
188016 1 1 1
188036 1 1 1
188040 1 1 1
188049 1 1 1
188075 1 1 1
188077 1 1 1
188087 1 1 1
188098 1 1 1
188100 1 1 1
188109 1 1 1
188111 1 1 1
188130 1 1 1
188134 1 1 1
188144 1 1 1
188155 1 1 1
188157 1 1 1
188169 1 1 1
188176 1 1 1
188201 1 1 1
188207 1 1 1
188220 1 1 1
188222 1 1 1
188233 1 1 1
188239 1 1 1
188274 1 1 1
188282 1 1 1
188288 1 1 1
188325 1 1 1
188327 1 1 1
188329 1 1 1
188333 1 1 1
188345 1 1 1
188352 1 1 1
188368 1 1 1
188387 1 1 1
188391 1 1 1
188399 1 1 1
188412 1 1 1
188418 1 1 1
188426 1 1 1
188428 1 1 1
188432 1 1 1
188434 1 1 1
188447 1 1 1
188453 1 1 1
188487 1 1 1
188491 1 1 1
188508 1 1 1
188559 1 1 1
188561 1 1 1
188563 1 1 1
188605 1 1 1
188611 1 1 1
188652 1 1 1
188654 1 1 1
188658 2 1 0.5
188662 1 1 1
188670 1 1 1
188687 1 1 1
188700 1 1 1
188716 1 1 1
188722 1 1 1
188745 1 1 1
188759 1 1 1
188787 1 1 1
188789 1 1 1
188808 1 1 1
188810 1 1 1
188813 3 3 1
188818 1 1 1
188830 2 2 1
188851 1 1 1
188866 3 3 1
188870 1 1 1
188875 1 1 1
188877 1 1 1
188890 1 1 1
188940 1 1 1
188943 1 1 1
188970 1 1 1
188989 1 1 1
188993 1 1 1
189001 1 1 1
189007 1 1 1
189018 1 1 1
189023 1 1 1
189027 1 1 1
189037 1 1 1
189039 1 1 1
189074 1 1 1
189092 1 1 1
189099 1 1 1
189104 1 1 1
189111 1 1 1
189122 1 1 1
189124 1 1 1
189128 1 1 1
189139 1 1 1
189141 2 2 1
189152 4 1 0.25
189156 2 1 0.5
189163 1 1 1
189179 2 2 1
189195 1 1 1
189197 1 1 1
189201 1 1 1
189234 1 1 1
189236 1 1 1
189239 1 1 1
189251 1 1 1
189263 1 1 1
189270 1 1 1
189295 1 1 1
189308 1 1 1
189311 1 1 1
189321 1 1 1
189335 2 2 1
189337 7 1 0.142857
189378 1 1 1
189399 1 1 1
189408 1 1 1
189414 1 1 1
189420 1 1 1
189435 1 1 1
189448 1 1 1
189452 1 1 1
189463 1 1 1
189475 1 1 1
189477 2 2 1
189497 1 1 1
189503 1 1 1
189509 1 1 1
189516 1 1 1
189536 1 1 1
189538 1 1 1
189549 1 1 1
189573 1 1 1
189575 1 1 1
189592 2 2 1
189602 1 1 1
189644 1 1 1
189649 1 1 1
189659 1 1 1
189666 2 2 1
189668 1 1 1
189681 1 1 1
189712 1 1 1
189737 1 1 1
189759 1 1 1
189763 1 1 1
189771 1 1 1
189773 1 1 1
189786 1 1 1
189805 1 1 1
189809 1 1 1
189813 2 2 1
189824 1 1 1
189832 1 1 1
189850 2 2 1
189856 1 1 1
189879 1 1 1
189888 1 1 1
189926 1 1 1
189952 1 1 1
189958 1 1 1
189966 1 1 1
189977 1 1 1
189996 1 1 1
190002 1 1 1
190020 1 1 1
190024 1 1 1
190031 1 1 1
190034 1 1 1
190038 1 1 1
190058 1 1 1
190105 1 1 1
190120 1 1 1
190135 1 1 1
190137 1 1 1
190153 1 1 1
190166 1 1 1
190168 1 1 1
190174 1 1 1
190178 3 2 0.666667
190184 1 1 1
190189 2 1 0.5
190203 1 1 1
190213 1 1 1
190229 1 1 1
190250 1 1 1
190256 1 1 1
190259 1 1 1
190275 1 1 1
190299 1 1 1
190310 2 1 0.5
190322 1 1 1
190324 1 1 1
190326 1 1 1
190334 1 1 1
190345 1 1 1
190364 1 1 1
190383 2 1 0.5
190393 1 1 1
190396 1 1 1
190398 3 3 1
190407 1 1 1
190412 1 1 1
190417 1 1 1
190424 1 1 1
190441 1 1 1
190448 1 1 1
190469 1 1 1
190476 1 1 1
190503 1 1 1
190516 1 1 1
190555 1 1 1
190564 1 1 1
190570 1 1 1
190604 1 1 1
190610 1 1 1
190622 3 2 0.666667
190640 1 1 1
190642 1 1 1
190645 1 1 1
190669 1 1 1
190676 1 1 1
190678 1 1 1
190680 1 1 1
190703 1 1 1
190708 1 1 1
190716 1 1 1
190718 1 1 1
190733 1 1 1
190745 1 1 1
190750 1 1 1
190777 2 1 0.5
190779 1 1 1
190788 1 1 1
190798 1 1 1
190800 1 1 1
190805 1 1 1
190823 1 1 1
190829 2 2 1
190837 1 1 1
190866 1 1 1
190868 1 1 1
190870 1 1 1
190885 1 1 1
190887 1 1 1
190889 1 1 1
190898 1 1 1
190913 1 1 1
190923 4 4 1
190925 1 1 1
190932 1 1 1
190959 1 1 1
190966 1 1 1
190976 2 1 0.5
190978 1 1 1
190984 1 1 1
191020 1 1 1
191024 2 1 0.5
191074 1 1 1
191078 1 1 1
191085 2 1 0.5
191090 1 1 1
191111 1 1 1
191117 1 1 1
191138 1 1 1
191144 1 1 1
191153 1 1 1
191157 1 1 1
191166 1 1 1
191172 1 1 1
191198 1 1 1
191206 1 1 1
191208 1 1 1
191215 1 1 1
191217 1 1 1
191220 1 1 1
191230 1 1 1
191239 1 1 1
191271 1 1 1
191275 1 1 1
191279 1 1 1
191281 1 1 1
191285 1 1 1
191297 1 1 1
191299 2 1 0.5
191301 1 1 1
191319 1 1 1
191322 1 1 1
191346 1 1 1
191364 1 1 1
191385 1 1 1
191392 1 1 1
191394 1 1 1
191419 1 1 1
191429 1 1 1
191487 1 1 1
191531 1 1 1
191553 1 1 1
191572 1 1 1
191638 1 1 1
191640 1 1 1
191642 1 1 1
191657 1 1 1
191666 1 1 1
191671 1 1 1
191676 1 1 1
191678 2 2 1
191682 1 1 1
191686 1 1 1
191695 1 1 1
191698 1 1 1
191729 1 1 1
191734 1 1 1
191736 2 2 1
191738 2 2 1
191753 1 1 1
191756 1 1 1
191766 1 1 1
191775 1 1 1
191791 1 1 1
191794 1 1 1
191796 1 1 1
191800 1 1 1
191809 1 1 1
191818 1 1 1
191822 1 1 1
191824 1 1 1
191827 1 1 1
191838 1 1 1
191845 1 1 1
191852 1 1 1
191862 1 1 1
191870 1 1 1
191872 1 1 1
191874 2 2 1
191882 1 1 1
191898 1 1 1
191905 1 1 1
191966 1 1 1
191968 1 1 1
191970 1 1 1
191980 1 1 1
191991 1 1 1
191998 1 1 1
192002 1 1 1
192025 1 1 1
192028 1 1 1
192034 1 1 1
192040 1 1 1
192044 1 1 1
192050 1 1 1
192052 1 1 1
192055 1 1 1
192059 1 1 1
192074 1 1 1
192087 1 1 1
192104 1 1 1
192109 1 1 1
192146 1 1 1
192148 1 1 1
192159 1 1 1
192192 1 1 1
192194 1 1 1
192201 1 1 1
192223 2 2 1
192227 1 1 1
192236 1 1 1
192242 1 1 1
192256 1 1 1
192270 1 1 1
192285 1 1 1
192316 1 1 1
192321 1 1 1
192328 1 1 1
192332 1 1 1
192339 1 1 1
192349 1 1 1
192354 1 1 1
192361 2 1 0.5
192363 2 2 1
192371 1 1 1
192383 1 1 1
192394 1 1 1
192398 1 1 1
192406 1 1 1
192410 1 1 1
192413 1 1 1
192415 1 1 1
192421 1 1 1
192424 1 1 1
192429 1 1 1
192436 1 1 1
192438 1 1 1
192454 1 1 1
192456 1 1 1
192458 1 1 1
192462 1 1 1
192465 1 1 1
192474 1 1 1
192477 1 1 1
192480 1 1 1
192482 1 1 1
192487 1 1 1
192490 1 1 1
192498 1 1 1
192501 1 1 1
192503 1 1 1
192514 1 1 1
192520 2 2 1
192548 1 1 1
192552 1 1 1
192561 1 1 1
192566 1 1 1
192574 2 2 1
192582 1 1 1
192596 1 1 1
192611 1 1 1
192649 1 1 1
192658 1 1 1
192663 1 1 1
192669 1 1 1
192685 1 1 1
192694 1 1 1
192699 1 1 1
192718 1 1 1
192722 1 1 1
192728 1 1 1
192730 1 1 1
192744 1 1 1
192746 3 1 0.333333
192753 1 1 1
192757 1 1 1
192759 1 1 1
192763 1 1 1
192771 1 1 1
192773 1 1 1
192783 1 1 1
192785 1 1 1
192790 1 1 1
192795 1 1 1
192804 3 1 0.333333
192810 1 1 1
192814 1 1 1
192820 1 1 1
192829 1 1 1
192835 1 1 1
192843 2 2 1
192853 1 1 1
192860 1 1 1
192866 1 1 1
192872 1 1 1
192895 1 1 1
192899 1 1 1
192903 1 1 1
192943 1 1 1
192945 1 1 1
192948 1 1 1
192955 1 1 1
192966 1 1 1
192968 1 1 1
192977 1 1 1
192983 1 1 1
192989 1 1 1
192996 1 1 1
193019 1 1 1
193032 1 1 1
193037 1 1 1
193054 1 1 1
193059 1 1 1
193081 1 1 1
193083 1 1 1
193085 1 1 1
193104 1 1 1
193132 1 1 1
193143 1 1 1
193145 1 1 1
193156 1 1 1
193158 1 1 1
193161 1 1 1
193170 1 1 1
193172 1 1 1
193174 1 1 1
193176 1 1 1
193180 1 1 1
193194 1 1 1
193201 2 2 1
193203 1 1 1
193210 1 1 1
193213 1 1 1
193215 1 1 1
193217 1 1 1
193219 1 1 1
193221 1 1 1
193232 1 1 1
193236 1 1 1
193252 1 1 1
193256 1 1 1
193259 1 1 1
193263 1 1 1
193265 1 1 1
193267 1 1 1
193270 1 1 1
193272 1 1 1
193278 1 1 1
193283 1 1 1
193285 1 1 1
193304 1 1 1
193306 1 1 1
193310 1 1 1
193313 1 1 1
193324 1 1 1
193335 1 1 1
193341 1 1 1
193350 1 1 1
193353 1 1 1
193357 1 1 1
193361 1 1 1
193371 1 1 1
193375 1 1 1
193380 1 1 1
193383 1 1 1
193410 1 1 1
193412 1 1 1
193414 1 1 1
193424 1 1 1
193440 1 1 1
193447 1 1 1
193451 1 1 1
193457 1 1 1
193471 1 1 1
193477 1 1 1
193488 1 1 1
193494 1 1 1
193498 1 1 1
193506 1 1 1
193524 1 1 1
193535 4 4 1
193545 1 1 1
193556 1 1 1
193566 1 1 1
193578 1 1 1
193586 1 1 1
193588 1 1 1
193590 1 1 1
193594 1 1 1
193601 1 1 1
193612 1 1 1
193622 1 1 1
193628 1 1 1
193645 1 1 1
193652 1 1 1
193660 1 1 1
193680 1 1 1
193690 1 1 1
193694 1 1 1
193696 1 1 1
193705 1 1 1
193709 1 1 1
193719 3 3 1
193726 1 1 1
193728 1 1 1
193732 1 1 1
193734 1 1 1
193736 1 1 1
193747 1 1 1
193750 1 1 1
193753 1 1 1
193757 1 1 1
193772 1 1 1
193774 1 1 1
193779 1 1 1
193797 1 1 1
193803 1 1 1
193815 1 1 1
193819 1 1 1
193823 1 1 1
193825 1 1 1
193826 2 1 0.5
193829 1 1 1
193832 1 1 1
193841 1 1 1
193846 1 1 1
193852 1 1 1
193858 1 1 1
193861 1 1 1
193869 1 1 1
193885 1 1 1
193889 1 1 1
193897 1 1 1
193901 1 1 1
193915 1 1 1
193948 1 1 1
193951 1 1 1
193953 1 1 1
193983 1 1 1
193985 1 1 1
194002 1 1 1
194004 1 1 1
194012 2 2 1
194014 1 1 1
194044 1 1 1
194051 1 1 1
194053 1 1 1
194059 1 1 1
194071 1 1 1
194089 1 1 1
194099 1 1 1
194101 1 1 1
194104 1 1 1
194108 1 1 1
194116 1 1 1
194132 1 1 1
194153 1 1 1
194155 1 1 1
194157 1 1 1
194160 1 1 1
194164 1 1 1
194169 1 1 1
194177 2 2 1
194184 1 1 1
194188 1 1 1
194211 1 1 1
194220 3 3 1
194230 1 1 1
194234 1 1 1
194236 2 2 1
194241 1 1 1
194252 1 1 1
194256 1 1 1
194274 1 1 1
194281 1 1 1
194309 1 1 1
194328 1 1 1
194348 1 1 1
194352 1 1 1
194369 1 1 1
194414 1 1 1
194422 2 2 1
194456 1 1 1
194471 1 1 1
194481 1 1 1
194488 1 1 1
194490 1 1 1
194507 1 1 1
194521 2 2 1
194530 1 1 1
194534 1 1 1
194542 2 1 0.5
194547 2 2 1
194556 1 1 1
194571 1 1 1
194580 1 1 1
194582 1 1 1
194592 1 1 1
194594 2 1 0.5
194602 1 1 1
194613 1 1 1
194628 1 1 1
194630 1 1 1
194632 1 1 1
194639 2 2 1
194641 1 1 1
194643 1 1 1
194656 2 1 0.5
194663 1 1 1
194695 1 1 1
194704 1 1 1
194718 2 2 1
194726 1 1 1
194731 1 1 1
194738 2 1 0.5
194739 1 1 1
194741 1 1 1
194774 1 1 1
194796 1 1 1
194838 1 1 1
194843 1 1 1
194846 1 1 1
194850 1 1 1
194860 1 1 1
194867 1 1 1
194873 1 1 1
194875 3 1 0.333333
194882 1 1 1
194888 2 2 1
194908 1 1 1
194910 1 1 1
194924 1 1 1
194943 3 3 1
194957 1 1 1
194959 1 1 1
194969 1 1 1
194971 1 1 1
194990 2 2 1
194999 1 1 1
195006 2 1 0.5
195018 2 2 1
195025 1 1 1
195044 1 1 1
195079 1 1 1
195099 1 1 1
195115 1 1 1
195117 1 1 1
195119 1 1 1
195121 1 1 1
195135 1 1 1
195139 1 1 1
195143 1 1 1
195147 1 1 1
195158 1 1 1
195166 1 1 1
195220 1 1 1
195249 1 1 1
195288 1 1 1
195292 1 1 1
195294 1 1 1
195300 1 1 1
195304 1 1 1
195312 1 1 1
195314 1 1 1
195316 2 1 0.5
195321 1 1 1
195331 2 2 1
195333 1 1 1
195354 1 1 1
195358 1 1 1
195364 2 2 1
195408 2 2 1
195410 1 1 1
195427 1 1 1
195494 1 1 1
195497 1 1 1
195507 1 1 1
195511 1 1 1
195517 1 1 1
195519 1 1 1
195525 1 1 1
195546 1 1 1
195548 1 1 1
195552 1 1 1
195556 1 1 1
195558 1 1 1
195562 1 1 1
195577 1 1 1
195579 1 1 1
195586 1 1 1
195593 1 1 1
195606 1 1 1
195610 1 1 1
195612 1 1 1
195618 1 1 1
195630 1 1 1
195647 2 2 1
195681 1 1 1
195683 1 1 1
195686 1 1 1
195695 1 1 1
195703 1 1 1
195705 1 1 1
195724 1 1 1
195730 1 1 1
195741 1 1 1
195762 1 1 1
195764 1 1 1
195768 1 1 1
195778 1 1 1
195782 1 1 1
195789 1 1 1
195791 1 1 1
195830 1 1 1
195844 1 1 1
195848 1 1 1
195850 1 1 1
195862 1 1 1
195865 2 1 0.5
195876 1 1 1
195880 1 1 1
195897 1 1 1
195902 1 1 1
195908 1 1 1
195912 1 1 1
195916 2 2 1
195918 1 1 1
195940 1 1 1
195942 1 1 1
195946 1 1 1
195951 1 1 1
195962 1 1 1
195969 1 1 1
195971 1 1 1
195976 1 1 1
196000 1 1 1
196014 1 1 1
196020 1 1 1
196026 1 1 1
196028 1 1 1
196050 1 1 1
196075 1 1 1
196078 1 1 1
196086 1 1 1
196093 1 1 1
196114 1 1 1
196116 1 1 1
196128 1 1 1
196130 1 1 1
196162 1 1 1
196164 1 1 1
196169 1 1 1
196181 1 1 1
196195 2 2 1
196205 1 1 1
196220 1 1 1
196234 1 1 1
196249 1 1 1
196251 1 1 1
196259 1 1 1
196274 1 1 1
196276 1 1 1
196279 1 1 1
196292 2 2 1
196294 1 1 1
196304 3 2 0.666667
196336 1 1 1
196348 1 1 1
196362 1 1 1
196375 1 1 1
196389 1 1 1
196402 1 1 1
196405 1 1 1
196415 1 1 1
196427 1 1 1
196431 1 1 1
196442 1 1 1
196470 1 1 1
196489 1 1 1
196496 1 1 1
196507 1 1 1
196512 1 1 1
196525 1 1 1
196527 1 1 1
196535 1 1 1
196541 1 1 1
196553 1 1 1
196557 1 1 1
196569 1 1 1
196572 1 1 1
196589 4 1 0.25
196593 1 1 1
196595 1 1 1
196612 1 1 1
196615 1 1 1
196631 1 1 1
196668 1 1 1
196673 1 1 1
196677 1 1 1
196681 1 1 1
196688 1 1 1
196694 1 1 1
196696 1 1 1
196703 1 1 1
196707 1 1 1
196716 1 1 1
196742 1 1 1
196746 1 1 1
196751 1 1 1
196753 1 1 1
196756 1 1 1
196774 1 1 1
196786 1 1 1
196789 1 1 1
196793 1 1 1
196818 1 1 1
196820 1 1 1
196855 1 1 1
196862 1 1 1
196864 1 1 1
196868 1 1 1
196877 1 1 1
196879 1 1 1
196881 1 1 1
196883 1 1 1
196888 1 1 1
196892 1 1 1
196900 1 1 1
196915 1 1 1
196920 1 1 1
196929 1 1 1
196942 2 1 0.5
196948 1 1 1
196957 3 3 1
196973 1 1 1
196975 1 1 1
196984 1 1 1
196994 1 1 1
197006 1 1 1
197008 1 1 1
197026 1 1 1
197037 1 1 1
197044 1 1 1
197064 1 1 1
197085 4 4 1
197091 1 1 1
197108 1 1 1
197130 1 1 1
197166 1 1 1
197171 1 1 1
197173 1 1 1
197182 1 1 1
197191 1 1 1
197198 1 1 1
197200 1 1 1
197202 2 1 0.5
197214 1 1 1
197216 1 1 1
197244 1 1 1
197253 1 1 1
197255 1 1 1
197261 1 1 1
197288 1 1 1
197294 1 1 1
197296 1 1 1
197339 1 1 1
197341 1 1 1
197350 1 1 1
197352 1 1 1
197363 1 1 1
197398 1 1 1
197407 1 1 1
197430 1 1 1
197432 1 1 1
197436 1 1 1
197458 2 2 1
197467 1 1 1
197469 1 1 1
197479 1 1 1
197483 1 1 1
197493 1 1 1
197509 1 1 1
197525 1 1 1
197528 1 1 1
197539 1 1 1
197551 1 1 1
197555 1 1 1
197569 1 1 1
197572 1 1 1
197615 1 1 1
197626 2 2 1
197634 1 1 1
197638 1 1 1
197641 1 1 1
197649 1 1 1
197656 1 1 1
197679 1 1 1
197693 1 1 1
197715 1 1 1
197719 1 1 1
197721 1 1 1
197745 1 1 1
197767 1 1 1
197771 1 1 1
197775 1 1 1
197777 1 1 1
197786 1 1 1
197791 1 1 1
197800 1 1 1
197804 1 1 1
197806 1 1 1
197816 1 1 1
197821 1 1 1
197839 1 1 1
197842 1 1 1
197850 2 2 1
197856 1 1 1
197865 1 1 1
197872 1 1 1
197874 1 1 1
197876 1 1 1
197902 1 1 1
197904 1 1 1
197911 1 1 1
197921 1 1 1
197941 1 1 1
197953 1 1 1
197955 1 1 1
197966 1 1 1
197970 1 1 1
197999 1 1 1
198017 1 1 1
198029 1 1 1
198035 1 1 1
198037 1 1 1
198043 1 1 1
198047 1 1 1
198065 1 1 1
198067 1 1 1
198074 1 1 1
198082 1 1 1
198092 1 1 1
198107 1 1 1
198111 1 1 1
198115 1 1 1
198128 1 1 1
198147 1 1 1
198157 1 1 1
198185 1 1 1
198196 1 1 1
198206 1 1 1
198214 1 1 1
198218 1 1 1
198220 1 1 1
198235 1 1 1
198246 1 1 1
198265 1 1 1
198283 1 1 1
198298 1 1 1
198323 1 1 1
198336 1 1 1
198340 1 1 1
198342 1 1 1
198385 1 1 1
198415 1 1 1
198431 1 1 1
198444 1 1 1
198452 2 2 1
198480 1 1 1
198483 1 1 1
198489 1 1 1
198503 1 1 1
198518 1 1 1
198562 1 1 1
198585 1 1 1
198611 1 1 1
198638 1 1 1
198652 1 1 1
198656 1 1 1
198660 1 1 1
198667 1 1 1
198676 1 1 1
198690 1 1 1
198704 1 1 1
198706 1 1 1
198708 1 1 1
198719 1 1 1
198781 1 1 1
198797 1 1 1
198801 1 1 1
198809 1 1 1
198820 1 1 1
198833 1 1 1
198835 1 1 1
198844 5 5 1
198856 1 1 1
198867 1 1 1
198874 1 1 1
198882 1 1 1
198886 1 1 1
198902 1 1 1
198917 1 1 1
198919 1 1 1
198921 1 1 1
198932 1 1 1
198943 1 1 1
198947 1 1 1
198956 1 1 1
198962 1 1 1
198966 1 1 1
198969 1 1 1
198989 1 1 1
198993 1 1 1
199017 1 1 1
199028 1 1 1
199042 1 1 1
199044 1 1 1
199056 1 1 1
199067 1 1 1
199073 1 1 1
199088 1 1 1
199093 1 1 1
199097 2 2 1
199108 1 1 1
199122 1 1 1
199124 1 1 1
199129 1 1 1
199133 1 1 1
199147 1 1 1
199157 1 1 1
199170 1 1 1
199172 1 1 1
199176 1 1 1
199185 1 1 1
199191 1 1 1
199193 1 1 1
199197 1 1 1
199208 1 1 1
199210 2 2 1
199213 1 1 1
199225 1 1 1
199244 1 1 1
199267 1 1 1
199269 1 1 1
199273 3 3 1
199275 1 1 1
199290 1 1 1
199322 1 1 1
199326 1 1 1
199332 1 1 1
199347 1 1 1
199359 1 1 1
199361 1 1 1
199365 2 2 1
199380 1 1 1
199401 2 2 1
199412 1 1 1
199419 1 1 1
199437 2 2 1
199462 1 1 1
199464 1 1 1
199466 1 1 1
199472 1 1 1
199479 1 1 1
199481 1 1 1
199483 1 1 1
199485 1 1 1
199506 1 1 1
199508 1 1 1
199511 1 1 1
199521 1 1 1
199548 1 1 1
199552 1 1 1
199559 1 1 1
199592 1 1 1
199604 1 1 1
199607 1 1 1
199610 1 1 1
199616 1 1 1
199620 1 1 1
199627 1 1 1
199669 1 1 1
199674 1 1 1
199684 1 1 1
199689 1 1 1
199695 1 1 1
199713 1 1 1
199715 1 1 1
199727 1 1 1
199742 1 1 1
199751 1 1 1
199758 1 1 1
199766 1 1 1
199768 1 1 1
199773 1 1 1
199792 1 1 1
199803 1 1 1
199819 1 1 1
199822 1 1 1
199824 1 1 1
199826 1 1 1
199859 1 1 1
199880 2 2 1
199891 1 1 1
199896 1 1 1
199898 1 1 1
199901 1 1 1
199910 2 2 1
199919 1 1 1
199926 1 1 1
199941 1 1 1
199943 1 1 1
199946 1 1 1
199948 1 1 1
199959 1 1 1
199968 1 1 1
199981 1 1 1
200005 1 1 1
200007 1 1 1
200012 1 1 1
200015 1 1 1
200020 1 1 1
200054 1 1 1
200069 1 1 1
200080 1 1 1
200085 1 1 1
200087 1 1 1
200112 1 1 1
200125 1 1 1
200151 1 1 1
200174 1 1 1
200179 1 1 1
200203 1 1 1
200222 1 1 1
200251 1 1 1
200270 1 1 1
200286 1 1 1
200302 1 1 1
200308 1 1 1
200310 1 1 1
200332 1 1 1
200336 1 1 1
200359 1 1 1
200366 1 1 1
200368 1 1 1
200371 1 1 1
200394 1 1 1
200397 1 1 1
200413 1 1 1
200424 1 1 1
200454 1 1 1
200466 1 1 1
200476 1 1 1
200509 1 1 1
200520 1 1 1
200543 1 1 1
200545 1 1 1
200551 1 1 1
200553 2 2 1
200555 1 1 1
200558 1 1 1
200573 1 1 1
200631 1 1 1
200650 2 1 0.5
200653 1 1 1
200672 1 1 1
200691 1 1 1
200696 1 1 1
200724 1 1 1
200763 1 1 1
200765 2 1 0.5
200767 1 1 1
200769 1 1 1
200784 1 1 1
200793 1 1 1
200795 1 1 1
200805 1 1 1
200811 1 1 1
200820 1 1 1
200822 1 1 1
200835 1 1 1
200842 2 2 1
200847 1 1 1
200869 1 1 1
200873 2 2 1
200884 1 1 1
200891 1 1 1
200894 1 1 1
200896 1 1 1
200904 1 1 1
200912 1 1 1
200915 1 1 1
200917 1 1 1
200921 1 1 1
200935 1 1 1
200937 1 1 1
200951 1 1 1
200965 1 1 1
200974 1 1 1
200976 1 1 1
200990 1 1 1
201018 1 1 1
201022 2 2 1
201031 1 1 1
201035 1 1 1
201067 1 1 1
201079 2 2 1
201082 1 1 1
201104 1 1 1
201106 1 1 1
201108 1 1 1
201119 1 1 1
201121 1 1 1
201129 1 1 1
201141 1 1 1
201174 1 1 1
201176 1 1 1
201191 1 1 1
201194 1 1 1
201198 1 1 1
201204 2 2 1
201206 1 1 1
201208 1 1 1
201210 1 1 1
201218 1 1 1
201222 1 1 1
201236 1 1 1
201240 1 1 1
201247 1 1 1
201251 1 1 1
201259 1 1 1
201261 1 1 1
201264 1 1 1
201275 1 1 1
201277 1 1 1
201279 1 1 1
201283 1 1 1
201285 1 1 1
201291 1 1 1
201295 1 1 1
201297 1 1 1
201299 1 1 1
201312 1 1 1
201315 1 1 1
201318 1 1 1
201326 1 1 1
201334 2 2 1
201347 1 1 1
201365 1 1 1
201377 1 1 1
201397 1 1 1
201400 1 1 1
201412 1 1 1
201419 1 1 1
201425 1 1 1
201434 1 1 1
201443 1 1 1
201445 1 1 1
201451 2 2 1
201453 1 1 1
201462 1 1 1
201479 1 1 1
201492 1 1 1
201495 1 1 1
201499 1 1 1
201507 1 1 1
201522 1 1 1
201530 1 1 1
201538 1 1 1
201544 1 1 1
201569 1 1 1
201575 1 1 1
201583 2 2 1
201589 1 1 1
201603 2 2 1
201613 1 1 1
201626 1 1 1
201632 1 1 1
201639 1 1 1
201645 1 1 1
201664 1 1 1
201675 1 1 1
201683 1 1 1
201685 1 1 1
201690 1 1 1
201693 1 1 1
201696 1 1 1
201704 1 1 1
201708 1 1 1
201715 1 1 1
201723 1 1 1
201745 1 1 1
201747 1 1 1
201751 1 1 1
201754 1 1 1
201770 2 2 1
201774 1 1 1
201782 1 1 1
201788 1 1 1
201796 1 1 1
201822 1 1 1
201831 1 1 1
201834 1 1 1
201851 1 1 1
201861 1 1 1
201863 1 1 1
201876 1 1 1
201882 1 1 1
201889 1 1 1
201891 1 1 1
201903 1 1 1
201911 1 1 1
201917 1 1 1
201928 1 1 1
201944 1 1 1
201960 1 1 1
201962 1 1 1
201964 1 1 1
201969 1 1 1
201975 1 1 1
202007 1 1 1
202026 1 1 1
202081 1 1 1
202085 1 1 1
202092 1 1 1
202095 1 1 1
