1 1 100 1.60658
2 2 100 2.60658
3 3 100 3.63668
4 4 100 27.997
5 5 100 29.089
6 6 100 30.6506
7 7 100 32.0184
8 8 100 33.395
9 9 100 34.395
10 10 100 35.7629
11 11 100 36.7629
12 12 100 38.5722
13 13 100 39.6335
14 14 100 40.6795
15 15 100 43.0743
16 16 100 44.0743
17 17 100 45.4422
18 18 100 49.2749
19 19 100 51.9303
20 20 100 52.9303
21 21 100 53.9533
22 22 100 55.3305
23 23 100 57.0663
24 24 100 58.4341
25 25 100 59.4341
26 26 100 60.437
27 27 100 61.437
28 28 100 62.437
29 29 100 63.437
30 30 100 65.2648
31 31 100 66.2648
32 32 100 67.6422
33 33 100 69.0101
34 34 100 503.822
35 35 100 504.822
36 36 100 505.84
37 37 100 562.092
38 38 100 563.828
39 39 100 564.988
40 40 100 565.987
41 41 100 567.907
42 42 100 569.459
43 43 100 571.654
44 44 100 573.758
45 45 100 575.143
46 46 100 576.162
47 47 100 577.17
48 48 100 578.538
49 49 100 579.906
50 50 100 581.274
