34 860216 0 1 1 0 19 0 1 0
34 864632 0 1 1 0 17 0 1 0
180 893 1 0 1 2302 0 1 0 0
180 7083 1 0 1 3980 0 1 0 0
180 8518 1 0 1 1051 0 1 0 0
180 12478 1 0 1 401 0 1 0 0
180 14616 1 0 1 58 0 1 0 0
180 42443 1 0 1 356 0 1 0 0
180 48369 1 0 1 207 0 1 0 0
180 52279 1 0 1 1078 0 1 0 0
180 53765 1 0 1 413 0 1 0 0
180 53768 1 0 1 412 0 1 0 0
180 55470 1 0 1 494 0 1 0 0
180 56458 1 0 1 604 0 1 0 0
180 56864 1 0 1 1023 0 1 0 0
180 62365 1 0 1 901 0 1 0 0
180 62379 1 0 1 637 0 1 0 0
180 122052 1 0 1 442 0 1 0 0
180 137519 1 0 1 72 0 1 0 0
180 375298 1 0 1 2541 0 1 0 0
180 811524 1 0 1 1918 0 1 0 0
180 860028 1 0 1 1903 0 1 0 0
180 861749 1 0 1 24 0 1 0 0
180 862236 1 0 1 312 0 1 0 0
180 862695 1 0 1 617 0 1 0 0
180 864418 1 0 1 2548 0 1 0 0
222 23431 0 1 1 0 173 0 1 0
322 37991 0 1 1 0 830 0 1 0
322 40550 0 1 1 0 176 0 1 0
322 44205 0 1 1 0 877 0 1 0
322 52762 0 1 1 0 118 0 1 0
322 192673 0 1 1 0 443 0 1 0
322 246226 0 1 1 0 464 0 1 0
322 313737 0 1 1 0 1305 0 1 0
322 434908 0 1 1 0 420 0 1 0
322 515867 0 1 1 0 1682 0 1 0
322 852059 0 1 1 0 1589 0 1 0
322 857041 0 1 1 0 1663 0 1 0
322 857066 0 1 1 0 1607 0 1 0
322 857076 0 1 1 0 1623 0 1 0
322 857747 0 1 1 0 1217 0 1 0
322 857815 0 1 1 0 1174 0 1 0
322 858034 0 1 1 0 812 0 1 0
322 858627 0 1 1 0 611 0 1 0
322 859112 0 1 1 0 256 0 1 0
322 859296 0 1 1 0 126 0 1 0
322 859622 0 1 1 0 273 0 1 0
1051 43444 1 0 1 5018 0 1 0 0
1051 84459 1 0 1 1653 0 1 0 0
1051 776329 1 0 1 1291 0 1 0 0
1051 858407 1 0 1 782 0 1 0 0
1051 858861 1 0 1 1046 0 1 0 0
1051 859018 1 0 1 1149 0 1 0 0
1051 861302 1 0 1 2350 0 1 0 0
1051 861395 1 0 1 2406 0 1 0 0
1051 862231 1 0 1 2892 0 1 0 0
1051 862687 1 0 1 3199 0 1 0 0
1051 866542 1 0 1 5771 0 1 0 0
1442 866664 0 1 1 0 172 0 1 0
1589 340995 1 0 1 106 0 1 0 0
1774 866664 0 1 1 0 294 0 1 0
1872 26112 0 2 2 0 546 0 2 0
1872 615511 0 1 1 0 202 0 1 0
1872 863771 0 1 1 0 165 0 1 0
1973 26112 0 2 2 0 460 0 2 0
1973 615511 0 1 1 0 288 0 1 0
1973 863771 0 1 1 0 298 0 1 0
2011 863771 0 1 1 0 52 0 1 0
2091 26112 0 3 3 0 620 0 3 0
2091 615511 0 1 1 0 50 0 1 0
2091 863771 0 1 1 0 34 0 1 0
2091 866664 0 1 1 0 30 0 1 0
2184 26112 0 3 3 0 763 0 3 0
2184 615511 0 1 1 0 321 0 1 0
2184 863771 0 1 1 0 85 0 1 0
2289 26112 0 3 3 0 710 0 3 0
2289 615511 0 1 1 0 335 0 1 0
2289 863771 0 1 1 0 143 0 1 0
180562 283500 0 1 1 0 3608 0 1 0
2902 435833 0 1 1 0 186 0 1 0
3055 11357 0 1 1 0 1025 0 1 0
3273 359281 1 0 1 368 0 1 0 0
3637 301087 1 0 1 311 0 1 0 0
3683 858830 0 1 1 0 23 0 1 0
3683 861058 0 1 1 0 24 0 1 0
3683 867462 0 1 1 0 39 0 1 0
3683 868220 0 1 1 0 29 0 1 0
4255 13907 1 0 1 6720 0 1 0 0
4255 57680 1 0 1 339 0 1 0 0
4255 57911 1 0 1 3411 0 1 0 0
4255 537769 1 0 1 79 0 1 0 0
4255 866117 1 0 1 5393 0 1 0 0
4255 868206 1 0 1 6871 0 1 0 0
538666 862965 1 0 1 740 0 1 0 0
4474 28324 1 0 1 31 0 1 0 0
4474 56240 1 0 1 37 0 1 0 0
4474 270002 1 0 1 300 0 1 0 0
4627 859487 0 1 1 0 284 0 1 0
5832 256628 1 0 1 227 0 1 0 0
5832 281133 1 0 1 182 0 1 0 0
6247 16244 1 0 1 1863 0 1 0 0
6247 270002 2 0 2 710 0 2 0 0
6247 864422 1 0 1 193 0 1 0 0
6611 863771 0 1 1 0 266 0 1 0
95746 340995 1 0 1 41 0 1 0 0
362904 435833 0 2 2 0 2079 0 2 0
8866 37353 1 0 1 5366 0 1 0 0
8866 130176 1 0 1 486 0 1 0 0
8866 221277 2 0 2 47 0 2 0 0
8866 422083 1 0 1 102 0 1 0 0
8866 859183 1 0 1 36 0 1 0 0
8866 861214 1 0 1 1106 0 1 0 0
8866 861647 1 0 1 1354 0 1 0 0
8866 867638 1 0 1 3719 0 1 0 0
9187 25571 1 0 1 415 0 1 0 0
9187 146529 1 0 1 1757 0 1 0 0
9187 652781 1 0 1 95 0 1 0 0
810569 861730 0 1 1 0 301 0 1 0
811524 861730 0 1 1 0 20 0 1 0
11097 861341 1 0 1 870 0 1 0 0
11357 14462 1 0 1 152 0 1 0 0
11357 27995 1 0 1 694 0 1 0 0
11357 30992 1 0 1 1420 0 1 0 0
11357 35729 1 0 1 177 0 1 0 0
11357 45936 1 0 1 538 0 1 0 0
11357 62365 1 0 1 901 0 1 0 0
11357 169929 1 0 1 620 0 1 0 0
11357 172271 1 0 1 908 0 1 0 0
11357 173490 1 0 1 1050 0 1 0 0
11357 259627 1 0 1 641 0 1 0 0
11357 278318 1 0 1 756 0 1 0 0
11357 415389 1 0 1 717 0 1 0 0
11357 427784 1 0 1 1309 0 1 0 0
11357 866411 1 0 1 27 0 1 0 0
11357 866496 1 0 1 84 0 1 0 0
11357 866787 1 0 1 274 0 1 0 0
11357 867060 1 0 1 484 0 1 0 0
11357 867447 1 0 1 755 0 1 0 0
11357 867837 1 0 1 1045 0 1 0 0
548065 864484 1 0 1 3958 0 1 0 0
14218 867014 1 0 1 719 0 1 0 0
14218 867130 1 0 1 788 0 1 0 0
14273 315114 0 1 1 0 1153 0 1 0
14273 857707 0 1 1 0 1312 0 1 0
14380 26112 0 1 1 0 20 0 1 0
14380 615511 0 1 1 0 18 0 1 0
14569 26112 0 1 1 0 125 0 1 0
14569 615511 0 1 1 0 113 0 1 0
105209 857707 0 1 1 0 3205 0 1 0
283500 602952 1 0 1 2424 0 1 0 0
283500 860277 1 0 1 27 0 1 0 0
283500 866239 1 0 1 3795 0 1 0 0
17807 215563 0 2 2 0 348 0 2 0
18055 867675 1 0 1 279 0 1 0 0
107698 143546 1 0 1 1702 0 1 0 0
19735 26112 0 2 2 0 473 0 2 0
198001 435833 0 2 2 0 2449 0 2 0
20499 615511 0 1 1 0 125 0 1 0
465750 864275 0 1 1 0 400 0 1 0
822817 860160 0 1 1 0 80 0 1 0
199658 435833 0 1 1 0 2256 0 1 0
22094 43763 0 1 1 0 566 0 1 0
22094 49053 0 2 2 0 501 0 2 0
23205 435833 0 2 2 0 2292 0 2 0
290466 410648 0 1 1 0 207 0 1 0
23913 116027 0 1 1 0 91 0 1 0
202255 340995 1 0 1 45 0 1 0 0
24540 863044 1 0 1 42 0 1 0 0
292139 340995 1 0 1 66 0 1 0 0
203643 219649 1 0 1 1159 0 1 0 0
26112 60774 1 0 1 151 0 1 0 0
26112 60945 1 0 1 35 0 1 0 0
26112 865197 1 0 1 1048 0 1 0 0
26112 866881 1 0 1 2124 0 1 0 0
116027 449143 1 0 1 156 0 1 0 0
116027 866508 1 0 1 55 0 1 0 0
116027 867169 1 0 1 530 0 1 0 0
116027 867477 1 0 1 729 0 1 0 0
116289 859822 0 1 1 0 672 0 1 0
829390 859522 0 1 1 0 4493 0 1 0
28464 860751 1 0 1 428 0 1 0 0
830211 864322 1 0 1 662 0 1 0 0
29023 865104 0 1 1 0 500 0 1 0
118290 866124 0 1 1 0 222 0 1 0
29468 31218 0 1 1 0 73 0 1 0
118881 435833 0 1 1 0 1549 0 1 0
30350 40135 1 0 1 1918 0 1 0 0
30350 813471 1 0 1 119 0 1 0 0
30350 866519 1 0 1 479 0 1 0 0
30350 867019 1 0 1 841 0 1 0 0
31026 435833 0 1 1 0 4042 0 1 0
31340 340995 1 0 1 62 0 1 0 0
388637 435833 0 1 1 0 554 0 1 0
479384 859771 0 1 1 0 4264 0 1 0
34925 75708 1 0 1 1415 0 1 0 0
34925 106264 1 0 1 152 0 1 0 0
34925 181272 1 0 1 901 0 1 0 0
34925 330844 1 0 1 586 0 1 0 0
34925 333231 1 0 1 280 0 1 0 0
34925 563874 1 0 1 2549 0 1 0 0
34925 634442 1 0 1 1614 0 1 0 0
34925 654576 1 0 1 1475 0 1 0 0
34925 738279 1 0 1 2629 0 1 0 0
34925 738524 1 0 1 501 0 1 0 0
34925 863335 1 0 1 145 0 1 0 0
34925 863580 1 0 1 323 0 1 0 0
34925 863830 1 0 1 506 0 1 0 0
34925 864082 1 0 1 646 0 1 0 0
34925 864717 1 0 1 1080 0 1 0 0
34925 866767 1 0 1 2454 0 1 0 0
35024 435833 0 1 1 0 2880 0 1 0
35384 864519 0 1 1 0 51 0 1 0
480704 863771 0 1 1 0 61 0 1 0
35550 863923 0 1 1 0 973 0 1 0
125378 222825 0 1 1 0 84 0 1 0
36492 435833 0 2 2 0 8439 0 2 0
37725 480336 0 1 1 0 2244 0 1 0
750575 750666 0 1 1 0 26 0 1 0
216484 435833 0 1 1 0 728 0 1 0
751189 857187 0 1 1 0 2232 0 1 0
39403 313737 0 1 1 0 587 0 1 0
40388 435833 0 2 2 0 326 0 2 0
40405 435833 0 1 1 0 135 0 1 0
752778 868088 1 0 1 2843 0 1 0 0
42103 867609 0 1 1 0 21 0 1 0
42939 864408 1 0 1 748 0 1 0 0
43229 340995 1 0 1 195 0 1 0 0
135148 862418 1 0 1 561 0 1 0 0
135148 862898 1 0 1 867 0 1 0 0
224273 860606 0 1 1 0 2548 0 1 0
224633 435833 0 1 1 0 2757 0 1 0
313737 461688 1 0 1 608 0 1 0 0
313737 861407 1 0 1 2112 0 1 0 0
313737 863210 1 0 1 1074 0 1 0 0
313737 864333 1 0 1 3992 0 1 0 0
313737 864395 1 0 1 1890 0 1 0 0
313737 864706 1 0 1 2096 0 1 0 0
47720 435833 0 1 1 0 423 0 1 0
404595 866901 0 1 1 0 180 0 1 0
319140 859828 1 0 1 101 0 1 0 0
765271 867279 1 0 1 792 0 1 0 0
53700 435833 0 2 2 0 2460 0 2 0
766226 860744 1 0 1 1 0 1 0 0
410648 445704 1 0 1 55 0 1 0 0
410648 537239 1 0 1 163 0 1 0 0
410648 557282 1 0 1 29 0 1 0 0
410648 559651 1 0 1 2478 0 1 0 0
410648 812772 1 0 1 76 0 1 0 0
410648 814059 1 0 1 1670 0 1 0 0
410648 815565 1 0 1 15 0 1 0 0
410648 824193 1 0 1 1155 0 1 0 0
410648 858695 1 0 1 67 0 1 0 0
410648 861927 1 0 1 429 0 1 0 0
856790 860013 1 0 1 37 0 1 0 0
55649 435833 0 1 1 0 1810 0 1 0
55828 615511 0 1 1 0 73 0 1 0
55828 863771 0 1 1 0 19 0 1 0
857256 859016 1 0 1 41 0 1 0 0
679188 861338 1 0 1 154 0 1 0 0
857314 857588 1 0 1 126 0 1 0 0
857314 857925 1 0 1 298 0 1 0 0
857317 859638 1 0 1 1283 0 1 0 0
857317 861318 1 0 1 2172 0 1 0 0
857365 857792 1 0 1 208 0 1 0 0
412174 435833 0 1 1 0 3585 0 1 0
857707 858358 1 0 1 398 0 1 0 0
857721 863051 1 0 1 3040 0 1 0 0
501616 859402 0 1 1 0 7 0 1 0
56418 154508 0 1 1 0 17 0 1 0
857833 857904 1 0 1 44 0 1 0 0
857833 858022 1 0 1 112 0 1 0 0
857833 858139 1 0 1 175 0 1 0 0
857833 858148 1 0 1 186 0 1 0 0
857833 858525 1 0 1 416 0 1 0 0
857833 858693 1 0 1 509 0 1 0 0
857833 858965 1 0 1 680 0 1 0 0
857833 859025 1 0 1 729 0 1 0 0
857842 858795 1 0 1 567 0 1 0 0
857842 859557 1 0 1 1004 0 1 0 0
858000 858551 1 0 1 324 0 1 0 0
858089 858220 1 0 1 89 0 1 0 0
858357 858620 1 0 1 147 0 1 0 0
858374 861864 1 0 1 1911 0 1 0 0
858455 858598 1 0 1 85 0 1 0 0
858853 859260 1 0 1 236 0 1 0 0
858853 860273 1 0 1 769 0 1 0 0
858853 867431 1 0 1 5355 0 1 0 0
57648 861671 1 0 1 1375 0 1 0 0
859020 859984 1 0 1 508 0 1 0 0
859207 866023 1 0 1 4229 0 1 0 0
859207 866225 1 0 1 4328 0 1 0 0
57883 410648 0 1 1 0 88 0 1 0
859402 859449 1 0 1 33 0 1 0 0
859402 859454 1 0 1 40 0 1 0 0
859402 859933 1 0 1 267 0 1 0 0
859402 860269 1 0 1 451 0 1 0 0
859402 861541 1 0 1 1124 0 1 0 0
859402 862984 1 0 1 2013 0 1 0 0
859402 864893 1 0 1 3293 0 1 0 0
147329 857957 0 1 1 0 36 0 1 0
859771 863399 1 0 1 1351 0 1 0 0
859771 863631 1 0 1 1521 0 1 0 0
859771 863661 1 0 1 1531 0 1 0 0
859771 864109 1 0 1 1831 0 1 0 0
859771 864112 2 0 2 3838 0 2 0 0
859771 865285 1 0 1 2644 0 1 0 0
859962 860501 1 0 1 302 0 1 0 0
859969 860638 1 0 1 349 0 1 0 0
860073 863056 1 0 1 1713 0 1 0 0
860120 862291 1 0 1 1225 0 1 0 0
860149 867513 1 0 1 4704 0 1 0 0
860283 861724 1 0 1 785 0 1 0 0
860287 865424 1 0 1 3249 0 1 0 0
860336 860929 1 0 1 314 0 1 0 0
860460 866582 1 0 1 3875 0 1 0 0
861058 861203 1 0 1 72 0 1 0 0
861237 861311 1 0 1 30 0 1 0 0
861237 861653 1 0 1 234 0 1 0 0
861237 862267 1 0 1 610 0 1 0 0
861237 862811 1 0 1 940 0 1 0 0
861386 864459 1 0 1 167 0 1 0 0
861670 861755 1 0 1 44 0 1 0 0
861730 862847 1 0 1 695 0 1 0 0
60774 615511 0 1 1 0 130 0 1 0
862345 862346 0 1 1 0 190 0 1 0
862746 862747 1 0 1 1 0 1 0 0
862746 862749 1 0 1 1 0 1 0 0
862873 866468 1 0 1 2415 0 1 0 0
863126 863199 1 0 1 37 0 1 0 0
61803 313737 0 1 1 0 23 0 1 0
61803 709424 0 1 1 0 102 0 1 0
863392 863406 1 0 1 14 0 1 0 0
507569 533043 1 0 1 1568 0 1 0 0
863826 867819 1 0 1 2718 0 1 0 0
863867 864275 0 1 1 0 330 0 1 0
863869 863896 1 0 1 16 0 1 0 0
864390 865519 1 0 1 798 0 1 0 0
864573 867518 1 0 1 2004 0 1 0 0
864725 867677 1 0 1 2037 0 1 0 0
864960 865046 1 0 1 60 0 1 0 0
864983 865354 1 0 1 294 0 1 0 0
865352 865695 1 0 1 264 0 1 0 0
64048 435833 0 1 1 0 1332 0 1 0
865539 866789 0 1 1 0 524 0 1 0
865539 868084 1 0 1 1746 0 1 0 0
865643 865885 1 0 1 151 0 1 0 0
865643 866316 1 0 1 394 0 1 0 0
865694 865949 1 0 1 165 0 1 0 0
865694 866994 1 0 1 849 0 1 0 0
865694 867748 1 0 1 1385 0 1 0 0
865694 868212 1 0 1 1762 0 1 0 0
865977 866314 1 0 1 186 0 1 0 0
865984 866357 1 0 1 207 0 1 0 0
866372 866427 1 0 1 41 0 1 0 0
866372 866443 1 0 1 49 0 1 0 0
866455 866758 1 0 1 201 0 1 0 0
866530 866850 1 0 1 140 0 1 0 0
866530 867023 1 0 1 283 0 1 0 0
866530 867405 1 0 1 539 0 1 0 0
866530 867473 1 0 1 585 0 1 0 0
866627 866915 1 0 1 218 0 1 0 0
866664 867702 1 0 1 768 0 1 0 0
510557 858917 0 1 1 0 444 0 1 0
65364 866664 0 1 1 0 20 0 1 0
154508 860061 1 0 1 790 0 1 0 0
866901 867224 1 0 1 257 0 1 0 0
243664 864098 1 0 1 196 0 1 0 0
243664 864599 1 0 1 529 0 1 0 0
243664 865618 1 0 1 1282 0 1 0 0
867580 868042 1 0 1 363 0 1 0 0
246123 433464 0 1 1 0 65 0 1 0
780931 862873 0 1 1 0 445 0 1 0
246712 705055 0 1 1 0 19 0 1 0
427067 859402 0 1 1 0 2551 0 1 0
429680 859207 0 1 1 0 453 0 1 0
429928 864688 1 0 1 377 0 1 0 0
340995 353783 0 1 1 0 115 0 1 0
340995 729052 0 1 1 0 70 0 1 0
340995 832670 0 1 1 0 192 0 1 0
340995 858989 0 1 1 0 64 0 1 0
163797 864237 1 0 1 847 0 1 0 0
164633 859771 0 1 1 0 516 0 1 0
700047 866664 0 1 1 0 142 0 1 0
255081 866871 1 0 1 22 0 1 0 0
255081 867086 1 0 1 185 0 1 0 0
78991 864137 1 0 1 693 0 1 0 0
435833 454328 1 0 1 403 0 1 0 0
435833 475485 1 0 1 567 0 1 0 0
435833 497143 1 0 1 3007 0 1 0 0
435833 509052 1 0 1 1887 0 1 0 0
435833 531138 2 0 2 991 0 2 0 0
435833 549862 1 0 1 1342 0 1 0 0
435833 555572 1 0 1 31 0 1 0 0
435833 605933 1 0 1 2129 0 1 0 0
435833 640565 1 0 1 855 0 1 0 0
435833 690126 1 0 1 977 0 1 0 0
435833 745593 1 0 1 27 0 1 0 0
435833 760981 2 0 2 1092 0 2 0 0
435833 778607 1 0 1 67 0 1 0 0
435833 861234 1 0 1 20 0 1 0 0
435833 861290 1 0 1 45 0 1 0 0
435833 861390 1 0 1 103 0 1 0 0
435833 861593 1 0 1 210 0 1 0 0
435833 861691 1 0 1 276 0 1 0 0
435833 861728 1 0 1 294 0 1 0 0
435833 861829 1 0 1 355 0 1 0 0
435833 862024 2 0 2 560 0 2 0 0
435833 862116 1 0 1 524 0 1 0 0
435833 862306 1 0 1 651 0 1 0 0
435833 862338 1 0 1 664 0 1 0 0
435833 862352 1 0 1 670 0 1 0 0
435833 862509 1 0 1 776 0 1 0 0
435833 862564 1 0 1 830 0 1 0 0
435833 862780 1 0 1 941 0 1 0 0
435833 862834 1 0 1 14 0 1 0 0
435833 862840 1 0 1 16 0 1 0 0
435833 862896 1 0 1 48 0 1 0 0
435833 863029 1 0 1 1093 0 1 0 0
435833 863049 1 0 1 140 0 1 0 0
435833 863068 1 0 1 1115 0 1 0 0
435833 863086 1 0 1 1124 0 1 0 0
435833 863530 1 0 1 486 0 1 0 0
435833 863656 1 0 1 1537 0 1 0 0
435833 863684 1 0 1 594 0 1 0 0
435833 864397 1 0 1 1067 0 1 0 0
435833 864779 1 0 1 1303 0 1 0 0
435833 864814 1 0 1 1320 0 1 0 0
435833 865148 1 0 1 1549 0 1 0 0
435833 865362 1 0 1 1746 0 1 0 0
435833 865407 1 0 1 2746 0 1 0 0
435833 865515 1 0 1 1860 0 1 0 0
435833 865745 1 0 1 2011 0 1 0 0
435833 865772 1 0 1 2996 0 1 0 0
435833 865788 1 0 1 2044 0 1 0 0
435833 865820 1 0 1 2060 0 1 0 0
435833 865887 1 0 1 2116 0 1 0 0
435833 866223 1 0 1 142 0 1 0 0
435833 866346 1 0 1 213 0 1 0 0
435833 866485 1 0 1 300 0 1 0 0
435833 866703 1 0 1 2591 0 1 0 0
435833 867298 1 0 1 885 0 1 0 0
435833 867310 1 0 1 3058 0 1 0 0
435833 867614 1 0 1 3265 0 1 0 0
435833 867928 1 0 1 4458 0 1 0 0
435833 868313 1 0 1 4808 0 1 0 0
792392 867068 1 0 1 52 0 1 0 0
615511 865895 1 0 1 59 0 1 0 0
705055 710846 1 0 1 45 0 1 0 0
705055 729537 1 0 1 928 0 1 0 0
705055 749791 1 0 1 1754 0 1 0 0
705055 829388 1 0 1 17 0 1 0 0
705055 846533 1 0 1 29 0 1 0 0
705055 864844 1 0 1 22 0 1 0 0
705055 865034 1 0 1 163 0 1 0 0
705055 865240 1 0 1 315 0 1 0 0
705055 865725 1 0 1 685 0 1 0 0
705055 866006 1 0 1 881 0 1 0 0
705055 866598 1 0 1 1220 0 1 0 0
705055 867420 1 0 1 1800 0 1 0 0
705055 868260 1 0 1 2473 0 1 0 0
82926 866124 0 1 1 0 69 0 1 0
172483 866294 0 0 1 0 0 0 0 0
707180 859858 1 0 1 1 0 1 0 0
355621 435833 0 1 1 0 3917 0 1 0
