34 2
96 2
180 3
222 1
322 20
393 1
422 1
690 1
778 2
893 1
1051 1
1202 1
1299 1
1387 1
1442 1
1589 1
1631 1
1756 3
1774 1
1808 1
1872 4
1874 1
1973 4
2011 1
2091 6
2160 1
2184 5
2289 5
2335 1
2448 1
2492 1
2494 1
2518 2
2675 1
2817 1
2879 1
2902 1
3055 1
3057 1
3273 1
3359 2
3485 1
3637 1
3683 4
3736 1
3913 1
4006 1
4255 1
4400 1
4474 4
4627 1
4835 1
4932 1
4996 1
5140 1
5399 1
5433 3
5558 1
5582 1
5628 1
5761 1
5832 1
6247 2
6517 2
6585 1
6611 1
6667 2
6668 2
6723 3
6846 1
6917 1
6954 1
6995 1
7065 1
7083 1
7149 1
7180 1
7751 2
7774 1
7821 1
7890 2
7969 1
8073 1
8234 1
8512 1
8518 1
8585 1
8651 1
8793 1
8866 3
9030 1
9187 1
9361 1
9846 1
9894 1
10064 2
10245 1
10283 2
10411 2
10479 2
10847 1
10858 1
11045 1
11061 1
11097 1
11137 1
11357 1
11447 1
11698 1
11707 1
11728 1
11781 1
11844 1
11955 1
12068 1
12187 1
12198 1
12216 1
12478 1
12561 1
12814 1
12824 1
12865 1
13222 1
13525 1
13595 1
13681 1
13735 1
13740 1
13907 1
13922 1
13952 1
14078 1
14081 1
14082 2
14218 1
14250 1
14259 1
14273 3
14380 2
14413 3
14462 1
14483 1
14569 2
14616 1
14675 1
15119 1
15378 1
15458 2
15461 1
15478 1
15926 1
16016 2
16026 2
16223 3
16244 1
16396 1
16546 1
16693 2
16974 1
17053 1
17318 1
17383 3
17494 1
17685 1
17755 2
17807 2
17870 2
17993 1
18055 1
18170 1
18224 1
18304 1
18436 1
18446 1
18561 1
18664 1
18677 1
18795 1
18809 3
19078 2
19205 1
19292 1
19735 2
19767 1
19785 1
19897 1
19935 1
19955 2
20006 1
20125 1
20422 1
20486 4
20489 1
20499 1
20554 1
20685 2
20735 1
20737 1
21028 1
21362 1
21424 1
21637 1
21939 1
21950 1
22045 1
22094 3
22136 1
22282 1
22398 3
22410 1
22446 2
22499 1
22748 3
23022 1
23056 1
23169 1
23205 2
23220 1
23431 2
23537 1
23593 2
23604 1
23910 1
23913 1
24027 1
24060 2
24109 1
24264 2
24452 1
24456 5
24461 2
24534 1
24540 2
24792 1
24900 1
24955 1
24965 1
25089 1
25184 1
25399 1
25516 1
25528 2
25571 1
25614 1
25882 1
25947 1
26112 3
26525 3
26737 3
26765 1
26898 1
26941 2
26943 1
27062 1
27251 1
27301 2
27503 1
27995 1
28015 1
28069 1
28122 1
28169 1
28196 3
28324 1
28464 1
28584 3
28632 1
28653 1
28722 1
29000 13
29023 9
29132 1
29338 1
29468 1
29547 1
29843 2
29875 1
29891 1
30169 1
30175 1
30219 3
30271 2
30337 2
30350 1
30487 1
30546 1
30564 1
30639 1
30866 1
30992 1
31026 1
31126 1
31214 1
31218 1
31340 1
31595 1
31979 1
32106 1
32368 1
32686 1
32707 1
32977 1
33117 1
33219 1
33248 1
33340 1
34000 2
34181 1
34584 1
34832 1
34868 1
34898 1
34925 1
34962 1
35024 1
35125 2
35222 1
35333 1
35338 1
35384 1
35550 2
35672 1
35690 1
35729 1
35874 1
35933 1
36265 1
36275 1
36373 1
36492 2
36505 1
36686 1
36747 1
36832 1
36882 1
36961 2
36965 5
37185 1
37320 1
37353 1
37615 1
37643 2
37670 1
37725 1
37746 1
37953 1
37991 2
38036 1
38077 1
38160 1
38269 1
38330 1
38490 1
38510 2
38674 1
38746 1
39093 1
39251 1
39287 1
39384 1
39394 1
39403 1
39649 2
39702 2
39905 1
40079 1
40089 1
40135 1
40388 2
40405 1
40550 1
40587 1
40614 1
40615 1
40730 1
40788 1
40853 1
40999 9
41161 1
41717 1
41737 1
41954 1
42103 1
42124 1
42178 1
42200 1
42208 1
42213 2
42260 1
42317 1
42362 1
42377 1
42396 1
42403 1
42404 1
42416 1
42443 1
42456 5
42510 2
42527 1
42566 1
42745 1
42799 2
42890 1
42939 1
42940 1
42976 1
43197 1
43229 1
43287 2
43379 1
43393 3
43399 1
43444 1
43468 2
43574 1
43583 1
43671 1
43692 1
43719 1
43747 1
43763 1
43867 1
43876 1
43908 1
44205 1
44217 2
44338 1
44345 1
44390 2
44391 1
44585 1
44605 2
44698 1
44797 1
44884 1
45072 1
45153 1
45166 1
45221 1
45328 1
45402 1
45407 1
45491 2
45529 1
45538 1
45560 1
45565 1
45617 1
45773 1
45799 1
45936 1
45967 1
46050 1
46075 1
46420 1
46449 1
46455 2
46507 1
46560 1
46603 1
46679 1
46744 1
46797 2
46865 1
46869 1
46964 1
47056 1
47159 1
47410 2
47573 1
47704 1
47713 1
47720 1
47861 1
47993 1
48020 1
48045 1
48055 1
48070 1
48133 1
48144 1
48168 1
48195 2
48222 1
48223 1
48299 1
48315 1
48369 1
48562 1
48571 1
48643 1
48648 2
48681 1
48687 1
48736 1
48820 1
48838 1
48854 1
48886 3
48961 1
49012 1
49032 1
49053 2
49179 1
49203 1
49228 1
49260 1
49333 1
49389 1
49526 1
49607 1
49710 2
49809 1
50034 1
50130 2
50172 2
50192 1
50239 1
50284 1
50354 1
50426 1
50427 1
50461 1
50483 1
50725 1
50868 1
50881 1
50903 1
50959 1
50990 1
51123 1
51172 1
51254 1
51394 1
51407 1
51560 1
51577 1
51581 1
51624 1
51702 1
51779 1
51866 1
51916 1
52024 1
52031 2
52279 1
52368 1
52401 1
52402 1
52411 1
52537 1
52620 1
52729 1
52762 1
52936 1
53248 1
53365 1
53385 1
53637 1
53700 2
53765 1
53768 1
53803 1
53818 1
54147 1
54183 1
54258 1
54269 1
54301 1
54316 1
54527 1
54640 1
54967 1
55138 1
55414 1
55470 1
55486 1
55489 2
55649 1
55713 2
55733 1
55755 1
55823 1
55828 2
55971 2
56017 1
56240 1
56367 1
56418 1
56458 1
56491 1
56689 1
56864 1
57229 1
57258 1
57340 1
57489 2
57648 1
57680 1
57732 1
57744 1
57785 1
57842 1
57883 1
57911 1
57924 1
57928 1
57949 1
58170 1
58243 1
58278 1
58318 1
58361 1
58425 1
58652 1
58697 1
58908 1
59016 1
59351 1
59466 1
59615 1
59678 1
60258 1
60294 1
60464 10
60495 2
60774 2
60945 1
61134 1
61491 1
61507 1
61803 2
61930 1
62365 2
62379 1
62386 2
62815 1
63150 1
64048 1
64372 1
64583 1
64644 3
64814 1
65364 1
65973 1
66593 2
66942 1
67211 1
67339 1
70494 1
71326 1
71371 1
71541 1
72547 1
73611 1
74482 1
75708 1
75830 1
76377 1
76445 1
76626 1
77083 1
77146 2
78433 1
78991 1
80779 1
81948 1
82745 1
82894 2
82926 1
83817 2
84390 1
84459 1
84996 1
85903 1
87040 1
87715 1
87752 1
88402 1
88473 1
88899 1
93426 1
93770 1
94621 1
94772 1
95746 1
96170 1
100476 1
101129 1
101805 1
103000 1
105209 1
105454 1
106264 1
106484 1
107698 3
108336 1
108420 1
109261 1
110681 1
111365 1
113055 2
116027 1
116112 1
116210 1
116277 1
116289 1
116375 1
116704 2
117250 3
117964 1
118182 3
118290 1
118417 2
118728 3
118881 1
121078 2
121940 2
122052 1
123202 1
123402 1
123637 1
124955 2
125378 1
126431 1
130176 1
131736 1
133457 2
133487 1
134217 1
134358 1
135148 1
136389 1
137519 1
138736 2
142642 1
142795 1
143546 1
144442 1
146090 1
146529 1
146938 1
147083 1
147329 1
149344 3
153681 3
154508 1
156695 1
158273 1
158354 1
158512 1
159218 1
162966 1
163797 1
164633 1
165645 1
167318 1
168956 1
169929 1
172271 1
172483 1
173416 2
173490 1
173992 1
174261 1
177087 1
178394 1
179813 1
180562 1
181019 1
181272 1
181770 1
182655 1
184952 2
187152 1
187215 1
187487 1
188146 1
190694 1
191103 1
192232 1
192673 4
195036 1
195911 1
196395 1
197168 1
197365 1
198001 3
198198 2
198935 1
199658 1
200380 1
200834 2
201911 1
202255 1
202280 1
203643 1
205482 1
208263 1
208532 1
208563 1
208878 1
209364 1
209884 1
209917 1
210088 1
211834 1
212320 1
212362 1
212984 2
215107 1
215563 4
216484 1
217211 1
217819 1
218109 1
219649 1
220788 1
221234 1
221277 2
222001 1
222147 1
222454 1
222647 1
222825 1
223791 1
224273 1
224599 1
224633 1
226564 1
227229 3
227404 1
227450 1
228214 1
229760 1
230578 1
230906 1
231683 2
242568 1
242930 1
243568 1
243664 1
244613 2
246123 1
246226 1
246491 1
246502 1
246712 1
248463 1
252783 1
252962 2
254941 1
255081 1
256329 1
256628 1
259627 1
261032 1
266098 1
270002 3
271620 1
276998 1
278318 1
281004 1
281133 1
283500 1
288605 1
289056 1
290264 1
290466 1
291447 2
292139 1
292541 1
294738 1
297738 1
298485 1
298568 1
301087 1
301600 1
303133 2
303442 1
304358 1
306530 1
308684 1
311692 1
313737 4
315114 1
315710 1
317802 1
319140 2
320758 1
321540 1
327017 1
329201 1
330186 1
330844 1
331811 1
333231 1
340995 10
341270 1
341988 1
342415 1
342762 2
342802 1
342917 1
344210 1
346049 1
346588 1
349060 1
349498 2
350827 1
352366 1
353546 1
353783 1
355621 1
355707 1
359086 1
359281 2
360771 1
362904 2
367532 2
374924 1
375298 1
375466 1
376011 2
377926 1
379224 1
381104 1
383075 1
384765 1
385047 1
385377 1
387361 1
387577 1
388637 1
389606 1
391420 1
393304 1
393854 1
394092 1
399069 1
400092 1
402009 1
402709 1
404011 2
404595 1
405035 1
405087 1
406760 1
407329 2
407376 3
410648 2
410855 1
412174 1
413013 1
413809 1
414120 1
414265 3
414448 1
415389 1
417458 1
419570 1
420972 1
421126 1
422083 1
425384 1
425554 1
427067 1
427784 1
429680 1
429928 1
431005 1
431164 1
431196 1
431406 1
433464 1
434880 3
434908 1
435419 1
435833 3
435983 1
437340 1
442906 1
443935 1
444262 1
444592 1
445704 2
446717 1
447115 1
449143 1
452697 1
453211 1
454260 1
454328 1
454366 1
455283 1
457743 1
458240 1
460596 1
461688 1
463066 2
465750 1
465805 2
467115 1
469919 1
470230 1
471001 1
473201 2
475485 1
476857 1
478753 1
479384 1
479764 1
480192 1
480336 1
480704 1
480791 1
480968 5
481205 1
482144 2
482315 1
484307 1
485014 1
486529 1
489656 1
491619 1
491775 1
491998 1
492255 1
493517 1
496225 1
497143 1
497522 1
497546 1
498294 2
500718 1
501616 1
502226 1
506268 1
506691 2
507103 1
507283 1
507569 1
507812 1
508173 1
508382 1
509037 1
509052 1
509788 1
509953 4
510557 1
510571 1
513227 1
513407 1
514002 1
514903 1
515005 1
515183 1
515414 1
515609 1
515756 1
515867 1
516215 1
516656 1
516667 4
517003 1
518483 1
529365 1
531138 2
531294 1
531717 1
531724 1
531893 1
532081 1
532646 1
532736 2
533043 1
534432 1
535035 1
535313 1
536635 1
536907 1
537239 1
537769 1
538008 2
538666 1
540392 1
541662 1
541683 1
543425 1
543468 1
543532 1
543543 1
543679 1
543721 1
543813 1
543824 1
543903 5
543993 1
544002 1
544102 1
544497 1
544537 1
544702 1
545008 1
545492 1
545523 1
545541 1
546370 1
547495 1
548065 1
548418 1
549122 1
549853 2
549862 1
550241 1
550476 1
551514 1
554656 1
555181 1
555572 1
555721 2
556191 1
557193 1
557282 2
557700 1
558374 1
559274 1
559651 1
560300 1
562961 1
563492 1
563788 1
563874 1
564074 1
564422 1
565266 1
568037 1
571670 1
572261 1
573333 1
575603 1
575854 1
576102 3
576446 1
579941 1
580011 1
580073 1
582700 1
582967 1
589435 1
590934 1
592268 1
597329 1
600427 1
602952 1
604802 7
605933 1
607885 1
615511 1
618431 1
621519 1
624398 1
626885 1
626917 1
634442 1
638308 1
640565 1
643097 1
649658 1
652781 1
654080 1
654576 1
654847 1
654995 1
655579 1
656223 1
659688 2
662651 6
663916 1
665291 1
665385 1
667012 1
667453 1
667690 1
672273 1
673145 2
679188 1
679528 2
679532 1
680116 1
680731 1
686733 1
690126 1
690378 1
690852 1
691873 2
695101 1
698945 1
700047 1
700898 1
702161 1
704369 1
705055 1
705223 1
707180 1
708061 2
708261 1
708354 1
709424 1
710001 1
710668 1
710793 1
710846 1
710896 1
714019 2
714153 1
714457 2
716034 1
717115 1
718109 2
719829 1
720414 1
723235 1
723652 1
727217 1
727225 1
727340 1
727477 1
727916 1
729052 1
729528 1
729537 1
732876 1
735214 1
737979 1
738279 1
738524 1
739415 1
745593 1
746304 1
748347 1
748639 1
749380 1
749760 1
749791 1
750575 1
750666 1
751189 1
751419 2
752377 1
752778 1
754392 1
755086 1
756412 1
756520 1
757326 1
758269 1
759854 1
760981 2
763419 1
765271 2
766226 1
768970 1
769656 1
770117 1
770505 1
772017 1
772245 2
775394 1
776329 1
777066 3
778424 1
778444 1
778607 1
780534 3
780931 1
781771 1
784922 1
790300 1
792110 1
792392 1
794699 1
795141 1
798480 1
806247 1
809901 2
810569 1
811524 2
811977 1
812772 1
813471 1
814059 1
815565 1
816144 1
816221 2
817150 1
818540 5
820819 2
822817 1
824076 1
824193 1
825526 1
826790 1
827038 1
828790 1
829388 1
829390 1
829402 1
830211 1
830819 1
832670 1
832807 1
834431 1
834533 1
834538 1
836347 1
837352 1
837775 1
839409 2
840847 1
842817 1
843598 1
844349 1
845259 1
845343 1
846193 16
846533 2
847448 1
847634 1
847821 1
848092 1
848666 1
849165 1
849989 1
850055 1
850488 1
850668 3
851239 1
852059 1
854779 1
855558 1
855910 1
856691 1
856790 4
856958 1
856961 1
856967 1
856970 1
856975 2
856989 1
856992 1
857017 1
857040 1
857041 1
857055 1
857066 2
857076 1
857079 1
857104 1
857111 1
857114 1
857115 1
857137 1
857146 1
857147 1
857170 1
857173 1
857174 1
857177 1
857180 1
857187 1
857203 2
857256 2
857269 1
857286 1
857314 1
857315 1
857317 1
857326 1
857336 1
857365 1
857366 1
857376 1
857390 1
857412 1
857421 1
857454 2
857457 1
857464 1
857467 1
857470 1
857495 2
857511 1
857526 1
857545 1
857569 1
857575 1
857580 1
857581 1
857588 1
857592 2
857616 1
857634 4
857653 1
857661 1
857695 1
857700 1
857707 1
857711 1
857715 1
857716 1
857717 1
857721 1
857725 1
857747 1
857750 1
857755 1
857766 1
857784 1
857792 1
857802 1
857808 2
857815 1
857823 1
857828 1
857830 1
857833 1
857842 1
857854 1
857863 1
857876 1
857894 1
857904 1
857909 1
857910 1
857911 1
857925 1
857957 1
857964 2
857972 1
857973 1
857974 1
857975 1
857984 1
857992 1
858000 1
858017 1
858022 1
858034 1
858040 1
858050 1
858074 1
858089 1
858096 1
858115 1
858123 1
858128 1
858134 1
858137 4
858139 1
858144 1
858148 1
858164 1
858165 1
858166 2
858167 1
858174 1
858181 1
858182 1
858205 1
858220 1
858230 1
858238 1
858254 1
858259 1
858268 1
858279 1
858280 1
858298 1
858299 1
858301 1
858304 1
858323 1
858332 1
858344 1
858357 1
858358 1
858374 1
858384 1
858391 1
858406 1
858407 1
858413 2
858435 2
858439 1
858443 2
858452 1
858455 1
858458 1
858463 1
858471 1
858473 1
858491 2
858492 1
858520 1
858525 1
858547 1
858548 1
858551 1
858598 1
858617 1
858620 1
858626 2
858627 1
858640 2
858648 1
858659 1
858693 1
858695 3
858699 1
858713 1
858730 1
858742 1
858789 1
858795 1
858800 1
858804 1
858819 1
858828 1
858830 1
858831 1
858837 1
858840 1
858847 1
858848 1
858853 1
858857 1
858860 1
858861 1
858863 1
858894 1
858902 1
858914 1
858917 1
858918 1
858923 1
858927 1
858947 1
858965 1
858972 1
858975 1
858983 1
858989 2
858995 1
859016 2
859018 1
859020 1
859021 1
859023 3
859025 1
859034 1
859037 1
859052 1
859063 1
859064 2
859069 1
859087 1
859110 1
859112 4
859137 1
859159 1
859160 1
859168 1
859180 1
859183 1
859207 1
859229 1
859260 1
859262 1
859265 1
859277 2
859281 1
859286 1
859296 1
859313 1
859333 1
859347 1
859367 1
859370 1
859371 1
859374 1
859375 1
859394 1
859402 1
859405 1
859406 2
859409 1
859412 1
859427 1
859435 1
859441 1
859449 1
859453 2
859454 2
859459 1
859464 1
859479 1
859482 1
859487 2
859490 1
859493 1
859522 1
859554 1
859557 1
859559 1
859570 1
859606 1
859622 1
859624 1
859627 1
859631 1
859634 1
859635 1
859638 1
859642 1
859645 1
859662 1
859666 1
859681 1
859689 1
859695 1
859702 1
859712 1
859713 1
859720 1
859722 1
859729 1
859730 2
859743 2
859744 1
859745 1
859761 1
859764 3
859766 1
859771 4
859775 1
859776 1
859804 1
859806 1
859814 1
859818 1
859822 1
859825 1
859828 1
859830 1
859846 1
859848 1
859857 1
859858 1
859860 1
859906 1
859914 2
859933 1
859943 1
859948 1
859949 1
859961 1
859962 1
859968 1
859969 1
859970 1
859982 1
859984 1
860013 1
860028 1
860044 1
860048 1
860049 1
860061 1
860068 1
860073 1
860096 1
860099 1
860120 2
860148 1
860149 1
860159 1
860160 1
860171 1
860174 1
860189 1
860190 1
860198 1
860203 1
860211 1
860216 1
860227 1
860228 1
860239 1
860242 1
860256 1
860257 1
860269 1
860273 1
860277 1
860283 1
860287 1
860288 1
860295 1
860319 1
860336 1
860358 1
860381 2
860401 1
860405 2
860414 1
860435 1
860440 1
860447 1
860448 1
860459 1
860460 1
860464 1
860483 1
860490 1
860496 1
860501 1
860593 1
860594 1
860595 1
860606 2
860610 1
860628 1
860638 1
860642 1
860652 1
860675 1
860686 1
860689 1
860692 1
860708 1
860709 1
860730 1
860740 1
860744 1
860751 1
860759 3
860760 1
860773 1
860786 1
860798 1
860829 1
860849 1
860850 1
860853 1
860891 2
860894 1
860897 1
860901 1
860913 1
860929 1
860935 1
860942 1
860994 3
861005 1
861016 1
861030 2
861058 1
861069 1
861072 1
861080 1
861114 1
861117 1
861129 1
861174 1
861175 1
861191 1
861196 1
861203 1
861214 1
861223 1
861234 1
861236 1
861237 1
861252 1
861253 1
861258 1
861259 1
861266 1
861269 1
861290 1
861302 1
861306 1
861311 1
861313 1
861317 1
861318 1
861320 1
861335 1
861338 1
861341 1
861360 1
861361 1
861382 1
861383 1
861386 3
861390 1
861392 1
861395 1
861402 1
861407 1
861409 1
861414 1
861415 1
861420 1
861421 1
861422 1
861428 1
861475 1
861482 1
861491 1
861512 1
861527 1
861528 1
861541 1
861557 2
861560 1
861562 1
861577 1
861580 1
861589 1
861593 1
861597 1
861613 1
861615 1
861642 1
861645 1
861647 1
861650 1
861653 1
861657 1
861664 1
861670 1
861671 1
861687 1
861691 1
861694 1
861704 1
861707 1
861708 1
861709 1
861718 1
861721 1
861724 1
861728 1
861730 1
861733 1
861736 1
861749 1
861755 1
861779 1
861784 1
861795 1
861829 1
861853 1
861854 1
861861 1
861864 1
861867 1
861889 1
861903 1
861907 1
861909 1
861917 1
861918 1
861919 1
861920 1
861927 1
861939 1
861945 1
861946 1
861953 1
861966 1
861985 1
861986 1
861989 1
861995 1
862000 1
862010 1
862015 1
862024 2
862037 1
862045 1
862054 2
862074 1
862085 1
862086 1
862097 1
862102 1
862104 1
862113 1
862116 1
862120 1
862207 2
862216 1
862217 1
862218 2
862223 1
862224 1
862230 1
862231 1
862236 1
862240 1
862241 1
862242 1
862248 1
862252 1
862253 1
862258 1
862261 3
862262 1
862267 1
862269 1
862272 1
862287 1
862291 1
862295 1
862306 1
862318 1
862324 1
862327 1
862337 1
862338 1
862345 1
862346 1
862352 1
862360 1
862384 2
862416 1
862418 1
862420 1
862423 1
862424 1
862429 1
862432 1
862436 1
862437 1
862456 1
862458 1
862461 1
862466 1
862475 1
862480 1
862483 1
862484 1
862485 1
862486 1
862487 1
862491 1
862494 1
862500 1
862501 1
862509 1
862540 1
862550 1
862553 1
862556 1
862564 1
862566 1
862594 1
862605 1
862625 1
862645 1
862677 1
862678 1
862680 1
862684 1
862687 1
862693 1
862695 1
862703 1
862711 1
862714 1
862725 1
862746 1
862747 1
862749 1
862752 1
862761 1
862766 1
862768 1
862773 3
862780 1
862800 1
862811 1
862818 1
862819 1
862834 1
862840 1
862842 1
862847 1
862849 1
862873 1
862890 1
862895 1
862896 1
862898 1
862916 1
862947 1
862965 1
862979 1
862984 1
862990 1
862993 1
862997 1
862998 1
863004 1
863028 1
863029 1
863038 1
863044 1
863049 1
863051 1
863056 1
863067 1
863068 1
863074 1
863077 1
863082 1
863085 1
863086 1
863088 1
863101 1
863111 1
863123 2
863126 1
863130 1
863159 1
863177 1
863199 1
863209 1
863210 1
863216 1
863247 1
863270 1
863275 1
863277 1
863316 1
863322 1
863334 1
863335 1
863351 1
863359 1
863367 1
863392 1
863399 1
863406 1
863451 1
863455 1
863461 1
863462 1
863467 1
863472 1
863474 1
863477 1
863482 1
863497 1
863498 1
863501 1
863503 1
863504 1
863505 1
863506 1
863526 1
863527 6
863530 1
863551 1
863561 1
863564 1
863572 2
863574 1
863575 1
863580 1
863591 1
863616 1
863623 1
863631 1
863655 2
863656 1
863658 1
863661 1
863684 1
863688 1
863698 1
863711 1
863733 1
863764 2
863771 1
863781 1
863802 1
863810 1
863826 1
863830 1
863849 1
863853 1
863867 1
863869 1
863871 1
863888 1
863896 1
863923 1
863925 1
863934 2
863977 1
863987 2
863996 1
863998 2
864008 1
864022 1
864029 1
864071 1
864082 1
864086 1
864087 1
864096 1
864098 1
864109 1
864111 1
864112 2
864125 1
864136 2
864137 1
864181 1
864182 1
864184 1
864187 1
864194 1
864197 1
864215 1
864220 1
864228 1
864237 1
864239 1
864258 1
864266 1
864275 1
864278 2
864289 1
864290 1
864299 1
864322 1
864332 2
864333 1
864335 1
864341 2
864347 1
864352 1
864359 1
864366 1
864378 1
864385 2
864387 1
864388 2
864389 1
864390 1
864391 1
864392 1
864395 1
864397 1
864402 1
864408 1
864418 1
864422 1
864426 1
864449 1
864454 2
864459 1
864473 1
864481 1
864484 1
864488 1
864499 1
864518 1
864519 1
864524 1
864532 1
864533 1
864534 1
864535 1
864543 1
864550 1
864551 1
864552 1
864555 1
864562 1
864573 1
864580 1
864592 1
864599 1
864605 1
864616 1
864632 1
864656 1
864657 1
864659 1
864666 1
864685 1
864688 1
864695 1
864696 1
864697 2
864706 2
864717 1
864719 1
864725 1
864744 1
864756 1
864779 1
864787 1
864797 1
864800 1
864814 1
864830 1
864835 1
864844 1
864849 1
864893 1
864915 1
864916 1
864923 1
864952 1
864959 1
864960 1
864961 1
864978 1
864983 1
864984 1
864985 1
864992 1
864997 1
865018 1
865019 1
865034 1
865040 1
865046 2
865050 1
865051 1
865052 1
865073 1
865103 1
865104 1
865115 1
865116 1
865117 1
865129 1
865148 1
865152 1
865153 1
865179 1
865190 1
865197 1
865199 1
865201 1
865209 1
865214 1
865219 1
865229 1
865239 1
865240 1
865253 1
865258 1
865267 1
865268 1
865272 1
865276 1
865279 1
865285 1
865287 1
865292 1
865293 1
865294 1
865295 1
865296 1
865305 2
865312 1
865313 1
865314 1
865331 1
865334 1
865335 1
865340 1
865351 1
865352 1
865353 1
865354 1
865362 1
865366 1
865373 1
865378 1
865385 2
865393 1
865396 1
865407 1
865423 1
865424 1
865438 1
865444 1
865445 1
865446 1
865462 1
865474 1
865489 1
865495 1
865498 1
865515 1
865519 1
865524 1
865527 1
865529 1
865539 2
865555 1
865556 1
865565 1
865566 1
865569 1
865584 1
865594 2
865598 1
865602 1
865603 1
865608 1
865613 1
865618 1
865643 1
865644 1
865673 1
865692 1
865693 1
865694 1
865695 1
865701 1
865724 1
865725 1
865735 1
865739 1
865745 1
865748 1
865752 1
865753 1
865772 1
865779 1
865780 1
865783 1
865788 1
865802 1
865806 1
865809 1
865820 3
865846 2
865849 1
865860 1
865885 1
865887 1
865895 1
865915 1
865925 1
865926 1
865927 1
865930 1
865948 1
865949 1
865953 1
865958 1
865960 1
865970 1
865972 1
865973 1
865977 1
865984 1
866006 1
866023 1
866028 1
866031 1
866038 1
866054 1
866074 1
866101 2
866111 1
866117 1
866124 1
866129 1
866130 1
866137 1
866139 1
866144 1
866149 1
866217 1
866223 1
866225 1
866229 1
866230 1
866239 1
866250 1
866264 1
866271 1
866274 1
866280 1
866287 1
866289 1
866294 1
866299 1
866305 1
866308 1
866314 1
866316 1
866320 1
866336 1
866343 1
866344 1
866346 1
866351 1
866353 1
866354 2
866357 1
866365 1
866372 1
866375 1
866379 1
866390 1
866408 1
866411 1
866416 1
866427 1
866430 1
866443 1
866445 1
866451 1
866452 1
866455 1
866464 1
866467 1
866468 1
866475 2
866482 1
866483 1
866485 1
866487 1
866494 1
866496 1
866498 1
866499 1
866500 1
866505 1
866508 1
866512 1
866519 1
866530 2
866535 1
866536 1
866542 1
866546 1
866550 1
866555 1
866563 1
866571 1
866576 1
866577 1
866581 1
866582 1
866589 1
866598 1
866607 1
866622 1
866627 1
866643 1
866663 1
866664 1
866676 1
866703 1
866707 1
866734 1
866737 2
866746 1
866755 1
866757 1
866758 2
866762 1
866764 1
866767 1
866772 1
866780 1
866787 1
866789 1
866798 1
866802 2
866805 1
866812 1
866821 1
866828 1
866829 1
866832 1
866850 1
866862 1
866871 1
866881 1
866883 1
866888 1
866889 1
866900 1
866901 1
866904 1
866910 1
866915 1
866923 1
866950 1
866972 1
866994 1
867001 1
867002 2
867008 1
867009 1
867014 1
867018 1
867019 1
867023 1
867038 1
867041 1
867060 1
867068 1
867074 1
867086 1
867096 1
867102 1
867114 1
867117 1
867130 1
867133 1
867136 2
867142 1
867145 1
867169 1
867186 1
867215 1
867224 1
867233 1
867241 1
867253 8
867256 1
867266 1
867273 1
867278 1
867279 2
867284 1
867286 1
867298 1
867300 1
867307 1
867310 1
867321 1
867326 1
867342 1
867374 1
867377 1
867380 1
867402 1
867405 1
867409 1
867412 1
867420 1
867422 1
867423 1
867424 1
867431 1
867442 1
867443 1
867444 1
867447 1
867457 1
867462 1
867468 1
867473 1
867477 1
867479 1
867482 1
867483 1
867501 1
867510 1
867511 1
867512 1
867513 1
867518 1
867523 1
867549 1
867558 1
867561 1
867562 1
867563 1
867569 1
867572 1
867580 1
867584 1
867586 1
867587 1
867592 1
867593 1
867602 1
867609 1
867610 1
867611 1
867614 1
867631 1
867636 1
867637 1
867638 1
867640 1
867656 1
867660 1
867666 2
867669 1
867670 2
867674 1
867675 1
867677 1
867696 1
867697 1
867702 1
867714 1
867725 1
867726 1
867732 1
867733 1
867734 1
867741 1
867748 1
867791 1
867793 1
867795 1
867798 1
867804 1
867805 1
867819 1
867825 2
867826 1
867829 1
867836 1
867837 1
867845 1
867852 1
867863 1
867888 1
867895 1
867925 1
867928 1
867930 1
867953 1
867963 1
867965 1
867966 1
867979 1
867984 1
867990 1
867991 1
867994 1
867995 1
868005 1
868008 1
868009 1
868015 1
868016 1
868017 1
868034 1
868037 1
868038 1
868041 1
868042 1
868062 1
868069 1
868077 1
868084 1
868088 1
868093 1
868094 1
868095 1
868096 1
868103 1
868106 1
868107 1
868118 1
868124 2
868134 1
868163 1
868190 1
868192 1
868196 1
868197 1
868202 1
868206 1
868212 1
868214 1
868219 1
868220 2
868230 1
868231 1
868232 1
868233 1
868234 1
868238 1
868250 1
868251 1
868260 1
868265 1
868275 1
868298 1
868308 1
868309 1
868313 1
868324 1
868335 1
868344 1
868347 1
868359 1
868360 1
868363 1
868364 1
868367 1
868371 1
868401 1
868404 1
868405 1
868406 1
868801 1
868803 1
868805 1
872203 1
