421350 116 0
300741 116 0
633920 116 0
634155 116 0
634192 116 0
634607 116 0
635061 116 0
43050 116 0
635738 116 0
635934 116 0
636145 116 0
636190 116 0
345660 116 0
637197 116 0
639651 116 0
166359 116 0
163689 116 0
640006 116 0
23365 116 0
641815 116 0
18006 116 0
351406 116 0
648491 116 0
650630 116 0
640949 116 0
322205 116 0
657610 116 0
659198 116 0
24603 116 0
661616 116 0
79954 116 0
667629 116 0
228158 398101 0
648869 632877 0
178814 632945 0
653557 557281 0
665605 633020 0
665197 44658 0
635509 493872 0
134330 633198 0
633602 633209 0
160656 633209 0
655438 633209 0
8496 9317 0
668474 9317 0
109879 200253 0
2177 286576 0
651053 286576 0
656827 286576 0
8496 286576 0
668474 286576 0
634938 192399 0
3 633512 0
75275 633512 0
322 650878 0
650488 589756 0
125378 633669 0
612333 353139 0
253432 633747 0
654214 633763 0
634625 633837 0
334257 633837 0
635088 633837 0
636971 633837 0
638298 633837 0
662933 633837 0
633934 485460 0
166961 633967 0
423793 16396 0
581115 634385 0
639767 634385 0
665621 10838 0
7442 376934 0
7041 376934 0
635370 22881 0
634600 36350 0
646919 634530 0
649047 634530 0
649047 634614 0
635681 634706 0
641470 103311 0
2077 386907 0
591047 386907 0
11999 386907 0
635740 386907 0
635803 386907 0
635925 386907 0
474167 386907 0
77280 386907 0
230929 386907 0
637400 386907 0
639153 386907 0
639917 386907 0
640565 386907 0
641413 386907 0
641980 386907 0
16824 386907 0
645970 386907 0
646470 386907 0
648958 386907 0
37100 386907 0
546566 386907 0
651844 386907 0
653507 386907 0
161331 386907 0
63079 386907 0
658339 386907 0
627188 386907 0
417308 386907 0
665112 386907 0
667057 386907 0
669070 386907 0
668657 386907 0
669337 386907 0
8496 386907 0
668474 386907 0
10838 1843 0
635265 256737 0
636123 256737 0
258282 256737 0
636634 256737 0
636964 256737 0
637208 256737 0
637428 256737 0
637473 256737 0
637601 256737 0
637617 256737 0
260806 256737 0
637797 256737 0
637857 256737 0
637868 256737 0
638998 256737 0
639149 256737 0
635001 41006 0
635034 41006 0
635072 41006 0
119520 41006 0
636901 41006 0
642127 41006 0
644705 41006 0
653917 41006 0
29023 650947 0
163706 115022 0
635368 270635 0
28254 635299 0
650374 635393 0
1461 635457 0
635567 233267 0
636163 635538 0
322 635540 0
75275 633512 0
2577 314144 0
590145 635692 0
99194 174441 0
51822 174441 0
72331 174441 0
24603 174441 0
657455 177457 0
2155 3463 0
636377 436835 0
322 436835 0
651408 635949 0
131386 636088 0
640937 618138 0
638319 6807 0
131386 636088 0
636534 636088 0
487583 636153 0
140062 636325 0
322 636355 0
660080 636379 0
636826 636405 0
125378 636487 0
637227 636668 0
651336 636668 0
9859 636668 0
340995 636675 0
322 636691 0
2577 182372 0
85601 275748 0
624626 275748 0
624618 275748 0
624628 275748 0
276364 275748 0
637356 275748 0
637489 275748 0
206948 275748 0
250399 275748 0
639206 275748 0
640552 275748 0
642303 275748 0
642389 275748 0
160664 275748 0
657796 275748 0
340995 636858 0
164232 636911 0
164245 636911 0
164251 636911 0
164234 636911 0
164236 636911 0
164241 636911 0
164249 636911 0
164239 636911 0
602952 636970 0
654235 336159 0
627224 125977 0
638461 637172 0
642617 637244 0
636621 140182 0
627940 465796 0
641261 637787 0
185582 190396 0
174266 190396 0
638868 614411 0
640997 614411 0
66703 637830 0
66705 637830 0
66727 637830 0
66717 637830 0
66723 637830 0
66701 637830 0
66713 637830 0
66711 637830 0
66725 637830 0
66719 637830 0
66707 637830 0
66721 637830 0
66709 637830 0
66715 637830 0
640928 578050 0
638269 637986 0
638344 637986 0
638980 637986 0
639483 637986 0
639411 637986 0
639956 637986 0
640993 637986 0
641025 637986 0
641139 637986 0
641276 637986 0
641386 637986 0
642387 637986 0
642728 637986 0
642933 637986 0
644423 637986 0
644954 637986 0
645041 637986 0
645099 637986 0
195910 637986 0
646976 637986 0
647910 637986 0
648458 637986 0
648664 637986 0
649439 637986 0
307953 637986 0
649837 637986 0
649862 637986 0
649896 637986 0
650090 637986 0
650259 637986 0
650755 637986 0
651585 637986 0
651810 637986 0
651938 637986 0
205948 637986 0
653071 637986 0
653159 637986 0
653489 637986 0
654652 637986 0
654887 637986 0
655324 637986 0
655795 637986 0
88748 637986 0
659468 637986 0
660516 637986 0
660899 637986 0
661021 637986 0
661730 637986 0
663040 637986 0
664789 637986 0
665569 637986 0
666554 637986 0
667500 637986 0
108522 637986 0
668294 637986 0
668444 637986 0
668750 637986 0
506280 637986 0
671276 637986 0
671370 637986 0
671375 637986 0
671527 637986 0
190396 185582 0
27542 21055 0
19691 21055 0
3108 21055 0
36350 638066 0
639996 638066 0
640082 638066 0
640103 638066 0
651985 638066 0
658072 638066 0
340995 637588 0
181066 608156 0
600217 608156 0
642274 608156 0
101412 608156 0
162024 608156 0
296653 608156 0
644920 608156 0
645848 608156 0
611357 608156 0
646490 608156 0
648107 608156 0
75639 608156 0
197205 608156 0
268708 608156 0
132659 608156 0
658498 608156 0
72252 608156 0
666393 608156 0
450226 608156 0
47887 608156 0
643310 926 0
653380 638383 0
657645 638383 0
27542 2878 0
340995 2878 0
340995 637605 0
645216 638389 0
322 638389 0
643858 638402 0
639893 638444 0
340995 638469 0
340995 638495 0
66228 2337 0
71484 2337 0
635148 2337 0
142998 2337 0
90128 2337 0
133918 2337 0
90087 2337 0
208319 2337 0
638597 2337 0
336333 2337 0
74706 2337 0
89691 2337 0
84230 2337 0
100083 2337 0
256163 2337 0
125818 2337 0
60746 2337 0
638632 2337 0
627074 2337 0
65861 2337 0
638643 2337 0
247983 2337 0
100631 2337 0
515154 2337 0
304263 2337 0
70160 2337 0
73128 2337 0
607175 2337 0
103533 2337 0
297847 2337 0
86165 2337 0
638706 2337 0
638717 2337 0
72446 2337 0
60533 2337 0
349605 2337 0
638740 2337 0
638750 2337 0
66008 2337 0
638832 2337 0
62125 2337 0
63805 2337 0
72797 2337 0
155964 2337 0
127280 2337 0
337198 2337 0
367873 2337 0
638888 2337 0
125335 2337 0
64097 2337 0
638913 2337 0
67225 2337 0
69960 2337 0
83288 2337 0
121941 2337 0
91845 2337 0
73138 2337 0
634098 2337 0
392102 2337 0
121710 2337 0
96165 2337 0
144373 2337 0
72951 2337 0
639047 2337 0
74932 2337 0
99432 2337 0
639064 2337 0
287287 2337 0
639085 2337 0
321641 2337 0
66092 2337 0
78232 2337 0
93791 2337 0
639126 2337 0
317015 2337 0
639147 2337 0
639144 2337 0
133141 2337 0
639167 2337 0
639183 2337 0
72842 2337 0
65266 2337 0
116460 2337 0
62730 2337 0
179970 2337 0
301872 2337 0
329956 2337 0
91943 2337 0
639284 2337 0
70164 2337 0
403948 2337 0
301821 2337 0
130342 2337 0
87558 2337 0
66256 2337 0
60864 2337 0
62537 2337 0
95265 2337 0
60887 2337 0
67765 2337 0
135091 2337 0
68922 2337 0
73751 2337 0
235561 2337 0
69730 2337 0
71524 2337 0
97496 2337 0
426479 2337 0
639495 2337 0
138290 2337 0
636618 2337 0
294739 2337 0
509335 2337 0
93993 2337 0
87554 2337 0
71193 2337 0
63216 2337 0
639566 2337 0
331894 2337 0
115873 2337 0
639595 2337 0
67416 2337 0
639605 2337 0
639624 2337 0
639644 2337 0
639653 2337 0
69334 2337 0
639611 2337 0
415429 2337 0
122689 2337 0
77576 2337 0
218142 2337 0
639710 2337 0
596783 2337 0
639747 2337 0
639749 2337 0
617183 2337 0
75846 2337 0
609 2337 0
60690 2337 0
169289 2337 0
78198 2337 0
611232 2337 0
639848 2337 0
345269 2337 0
639863 2337 0
639867 2337 0
436877 2337 0
99961 2337 0
99649 2337 0
119412 2337 0
209266 2337 0
317202 2337 0
64107 2337 0
64692 2337 0
508920 2337 0
134157 2337 0
82820 2337 0
295913 2337 0
340797 2337 0
108170 2337 0
70190 2337 0
230243 2337 0
186163 2337 0
65189 2337 0
121984 2337 0
469153 2337 0
93621 2337 0
640216 2337 0
357320 2337 0
640224 2337 0
64321 2337 0
71451 2337 0
259111 2337 0
62949 2337 0
210429 2337 0
81478 2337 0
67807 2337 0
63186 2337 0
392695 2337 0
640342 2337 0
640357 2337 0
268662 2337 0
350023 2337 0
145972 2337 0
260748 2337 0
88754 2337 0
640435 2337 0
235676 2337 0
640458 2337 0
60547 2337 0
73818 2337 0
97441 2337 0
62803 2337 0
640496 2337 0
335821 2337 0
355944 2337 0
69879 2337 0
640530 2337 0
262071 2337 0
95088 2337 0
78850 2337 0
1855 2337 0
72216 2337 0
640604 2337 0
73957 2337 0
60943 2337 0
640622 2337 0
314284 2337 0
143923 2337 0
32845 2337 0
61097 2337 0
85390 2337 0
61871 2337 0
415956 2337 0
640734 2337 0
379742 2337 0
60793 2337 0
93315 2337 0
640789 2337 0
82712 2337 0
102937 2337 0
67281 2337 0
75179 2337 0
76193 2337 0
187326 2337 0
572031 2337 0
134956 2337 0
72016 2337 0
75919 2337 0
640901 2337 0
330031 2337 0
61452 2337 0
185470 2337 0
590544 2337 0
65225 2337 0
68372 2337 0
640968 2337 0
641007 2337 0
641013 2337 0
641023 2337 0
81008 2337 0
109740 2337 0
354293 2337 0
104115 2337 0
105517 2337 0
153170 2337 0
161863 2337 0
72264 2337 0
11892 2337 0
169583 2337 0
446414 2337 0
130622 2337 0
182206 2337 0
73530 2337 0
72854 2337 0
129560 2337 0
312346 2337 0
70581 2337 0
172819 2337 0
82301 2337 0
99151 2337 0
237453 2337 0
63541 2337 0
641326 2337 0
139759 2337 0
33173 2337 0
413859 2337 0
89133 2337 0
80155 2337 0
90355 2337 0
357866 2337 0
81423 2337 0
94944 2337 0
110040 2337 0
72267 2337 0
131079 2337 0
110375 2337 0
61212 2337 0
641481 2337 0
84805 2337 0
641513 2337 0
66689 2337 0
86796 2337 0
65646 2337 0
612048 2337 0
641598 2337 0
641606 2337 0
61202 2337 0
641642 2337 0
393373 2337 0
62279 2337 0
340207 2337 0
77416 2337 0
73387 2337 0
401395 2337 0
641893 2337 0
641901 2337 0
638521 2337 0
641887 2337 0
75649 2337 0
99494 2337 0
257021 2337 0
65368 2337 0
443780 2337 0
642017 2337 0
374235 2337 0
122253 2337 0
79166 2337 0
126403 2337 0
485329 2337 0
75699 2337 0
425947 2337 0
389627 2337 0
74050 2337 0
642185 2337 0
358484 2337 0
642183 2337 0
68920 2337 0
551840 2337 0
642250 2337 0
103749 2337 0
71437 2337 0
642276 2337 0
642308 2337 0
642299 2337 0
73394 2337 0
91951 2337 0
73658 2337 0
447948 2337 0
144274 2337 0
69305 2337 0
370230 2337 0
642448 2337 0
71718 2337 0
93787 2337 0
69648 2337 0
642481 2337 0
73449 2337 0
337048 2337 0
68731 2337 0
642566 2337 0
85809 2337 0
336242 2337 0
277192 2337 0
81551 2337 0
234776 2337 0
82611 2337 0
642683 2337 0
63993 2337 0
61512 2337 0
62774 2337 0
74254 2337 0
106620 2337 0
63296 2337 0
642732 2337 0
68064 2337 0
343067 2337 0
591576 2337 0
384094 2337 0
273383 2337 0
104853 2337 0
304961 2337 0
616076 2337 0
247309 2337 0
210627 2337 0
108704 2337 0
262780 2337 0
129711 2337 0
190036 2337 0
180020 2337 0
639093 2337 0
292773 2337 0
642897 2337 0
596402 2337 0
124847 2337 0
115503 2337 0
183809 2337 0
72681 2337 0
4962 2337 0
643065 2337 0
134036 2337 0
82796 2337 0
418977 2337 0
610653 2337 0
643091 2337 0
643185 2337 0
283634 2337 0
60659 2337 0
71179 2337 0
82134 2337 0
77977 2337 0
105811 2337 0
106757 2337 0
90822 2337 0
117281 2337 0
90561 2337 0
77188 2337 0
114761 2337 0
643393 2337 0
146965 2337 0
115850 2337 0
120330 2337 0
580301 2337 0
20474 2337 0
98186 2337 0
67632 2337 0
384024 2337 0
141068 2337 0
233758 2337 0
643578 2337 0
50569 2337 0
57766 2337 0
172134 2337 0
84630 2337 0
95947 2337 0
479797 2337 0
643682 2337 0
643692 2337 0
78691 2337 0
109182 2337 0
60992 2337 0
74666 2337 0
105284 2337 0
76820 2337 0
643779 2337 0
346233 2337 0
340329 2337 0
643678 2337 0
104105 2337 0
177771 2337 0
251984 2337 0
7083 2337 0
150149 2337 0
643909 2337 0
108383 2337 0
643923 2337 0
78066 2337 0
104426 2337 0
189828 2337 0
66629 2337 0
644006 2337 0
86096 2337 0
69877 2337 0
261503 2337 0
644054 2337 0
362762 2337 0
644088 2337 0
344217 2337 0
322157 2337 0
371663 2337 0
201530 2337 0
79829 2337 0
84391 2337 0
62849 2337 0
172495 2337 0
91143 2337 0
85709 2337 0
66094 2337 0
75173 2337 0
119200 2337 0
644357 2337 0
102394 2337 0
644373 2337 0
108470 2337 0
190259 2337 0
644428 2337 0
440446 2337 0
644364 2337 0
403047 2337 0
644513 2337 0
644553 2337 0
77079 2337 0
117420 2337 0
67508 2337 0
100665 2337 0
644622 2337 0
77414 2337 0
65950 2337 0
63041 2337 0
644690 2337 0
70913 2337 0
642305 2337 0
13858 2337 0
130152 2337 0
70790 2337 0
644792 2337 0
644801 2337 0
64439 2337 0
93680 2337 0
644868 2337 0
172081 2337 0
99672 2337 0
237477 2337 0
77513 2337 0
191461 2337 0
644962 2337 0
644653 2337 0
133893 2337 0
133083 2337 0
424176 2337 0
61549 2337 0
86593 2337 0
361966 2337 0
173197 2337 0
212126 2337 0
398589 2337 0
645084 2337 0
329588 2337 0
74457 2337 0
91674 2337 0
361407 2337 0
84527 2337 0
645236 2337 0
645241 2337 0
147171 2337 0
427966 2337 0
358826 2337 0
69702 2337 0
364001 2337 0
157477 2337 0
63863 2337 0
90113 2337 0
116930 2337 0
363007 2337 0
75641 2337 0
77333 2337 0
184136 2337 0
339300 2337 0
348973 2337 0
67198 2337 0
61688 2337 0
645643 2337 0
645650 2337 0
65292 2337 0
93905 2337 0
645775 2337 0
107631 2337 0
616284 2337 0
337983 2337 0
645825 2337 0
274309 2337 0
88630 2337 0
609541 2337 0
645932 2337 0
336335 2337 0
389573 2337 0
217892 2337 0
2048 2337 0
74748 2337 0
75076 2337 0
68866 2337 0
571294 2337 0
106686 2337 0
66245 2337 0
73482 2337 0
646228 2337 0
65805 2337 0
646271 2337 0
73341 2337 0
646288 2337 0
62393 2337 0
61093 2337 0
646361 2337 0
214349 2337 0
646397 2337 0
618469 2337 0
120929 2337 0
71653 2337 0
66591 2337 0
74165 2337 0
646533 2337 0
132379 2337 0
104072 2337 0
202513 2337 0
24454 2337 0
66836 2337 0
646685 2337 0
134660 2337 0
646723 2337 0
646731 2337 0
646764 2337 0
308905 2337 0
646798 2337 0
142688 2337 0
646821 2337 0
646826 2337 0
266 2337 0
309264 2337 0
205971 2337 0
74022 2337 0
335451 2337 0
646966 2337 0
136063 2337 0
156262 2337 0
135021 2337 0
313908 2337 0
254791 2337 0
304096 2337 0
392140 2337 0
352664 2337 0
71841 2337 0
263596 2337 0
159478 2337 0
77881 2337 0
458463 2337 0
346963 2337 0
164431 2337 0
647192 2337 0
13059 2337 0
412977 2337 0
75015 2337 0
68601 2337 0
63713 2337 0
342194 2337 0
250312 2337 0
489874 2337 0
647402 2337 0
367634 2337 0
69949 2337 0
127436 2337 0
95862 2337 0
190469 2337 0
245347 2337 0
173764 2337 0
73112 2337 0
82101 2337 0
183298 2337 0
72316 2337 0
647691 2337 0
647719 2337 0
83462 2337 0
647740 2337 0
188207 2337 0
269608 2337 0
244588 2337 0
72943 2337 0
647964 2337 0
360812 2337 0
414431 2337 0
355498 2337 0
114691 2337 0
75639 2337 0
648059 2337 0
69407 2337 0
264305 2337 0
583842 2337 0
131148 2337 0
648171 2337 0
648186 2337 0
632803 2337 0
77638 2337 0
258029 2337 0
148435 2337 0
216681 2337 0
187015 2337 0
119568 2337 0
89390 2337 0
75476 2337 0
108192 2337 0
203533 2337 0
648620 2337 0
204710 2337 0
93468 2337 0
648643 2337 0
96025 2337 0
84035 2337 0
648780 2337 0
427622 2337 0
120599 2337 0
642452 2337 0
121958 2337 0
648918 2337 0
73909 2337 0
82092 2337 0
162457 2337 0
161785 2337 0
126891 2337 0
104315 2337 0
649167 2337 0
125330 2337 0
649181 2337 0
176666 2337 0
234005 2337 0
649218 2337 0
31156 2337 0
461870 2337 0
165687 2337 0
107828 2337 0
69296 2337 0
600392 2337 0
649322 2337 0
361994 2337 0
69889 2337 0
649402 2337 0
131108 2337 0
160664 2337 0
179302 2337 0
344098 2337 0
63598 2337 0
90954 2337 0
649568 2337 0
649593 2337 0
649600 2337 0
649628 2337 0
100927 2337 0
71175 2337 0
118620 2337 0
62376 2337 0
507503 2337 0
70738 2337 0
205715 2337 0
100633 2337 0
438408 2337 0
62153 2337 0
68073 2337 0
99070 2337 0
447505 2337 0
130574 2337 0
146078 2337 0
649792 2337 0
138329 2337 0
21626 2337 0
341918 2337 0
66594 2337 0
99861 2337 0
66948 2337 0
220099 2337 0
132659 2337 0
61754 2337 0
507509 2337 0
67539 2337 0
121236 2337 0
400625 2337 0
376763 2337 0
356541 2337 0
173298 2337 0
428937 2337 0
171129 2337 0
385822 2337 0
650577 2337 0
89299 2337 0
58072 2337 0
650724 2337 0
650820 2337 0
105963 2337 0
68383 2337 0
80037 2337 0
74476 2337 0
103089 2337 0
68278 2337 0
351236 2337 0
85205 2337 0
182042 2337 0
230272 2337 0
651083 2337 0
73257 2337 0
17007 2337 0
81118 2337 0
651210 2337 0
186608 2337 0
651246 2337 0
81121 2337 0
461375 2337 0
651301 2337 0
181094 2337 0
73722 2337 0
194290 2337 0
313902 2337 0
213023 2337 0
365697 2337 0
285202 2337 0
132210 2337 0
299472 2337 0
651451 2337 0
63611 2337 0
66999 2337 0
82696 2337 0
650446 2337 0
651607 2337 0
284404 2337 0
651633 2337 0
371913 2337 0
371501 2337 0
289782 2337 0
651792 2337 0
651786 2337 0
72901 2337 0
80721 2337 0
456478 2337 0
651950 2337 0
65098 2337 0
5808 2337 0
121758 2337 0
87811 2337 0
629683 2337 0
205074 2337 0
86493 2337 0
599032 2337 0
316339 2337 0
180226 2337 0
93860 2337 0
652400 2337 0
100690 2337 0
115145 2337 0
652461 2337 0
302459 2337 0
241141 2337 0
315935 2337 0
182913 2337 0
210418 2337 0
72715 2337 0
95519 2337 0
652945 2337 0
318009 2337 0
62577 2337 0
178845 2337 0
76693 2337 0
167076 2337 0
78919 2337 0
653163 2337 0
327833 2337 0
454141 2337 0
653233 2337 0
653356 2337 0
653405 2337 0
65840 2337 0
110800 2337 0
62464 2337 0
653513 2337 0
76362 2337 0
61907 2337 0
474315 2337 0
653577 2337 0
169831 2337 0
430760 2337 0
87210 2337 0
419405 2337 0
125476 2337 0
653812 2337 0
653810 2337 0
653894 2337 0
653904 2337 0
94757 2337 0
653911 2337 0
94185 2337 0
94773 2337 0
70773 2337 0
66653 2337 0
654220 2337 0
654022 2337 0
654363 2337 0
86329 2337 0
73677 2337 0
654443 2337 0
653033 2337 0
588679 2337 0
300173 2337 0
395642 2337 0
57399 2337 0
654521 2337 0
134738 2337 0
452931 2337 0
79177 2337 0
654670 2337 0
66318 2337 0
2952 2337 0
223532 2337 0
88149 2337 0
88889 2337 0
118986 2337 0
653692 2337 0
654791 2337 0
132098 2337 0
157715 2337 0
654883 2337 0
479498 2337 0
199447 2337 0
507074 2337 0
654975 2337 0
169612 2337 0
69072 2337 0
314722 2337 0
299059 2337 0
655169 2337 0
75690 2337 0
655201 2337 0
233005 2337 0
655243 2337 0
57128 2337 0
68611 2337 0
63590 2337 0
230725 2337 0
655363 2337 0
655420 2337 0
46941 2337 0
288323 2337 0
78888 2337 0
110475 2337 0
109778 2337 0
68818 2337 0
655617 2337 0
655675 2337 0
77064 2337 0
139881 2337 0
655767 2337 0
438389 2337 0
65876 2337 0
180721 2337 0
89640 2337 0
95813 2337 0
655941 2337 0
232642 2337 0
147720 2337 0
371382 2337 0
612915 2337 0
109085 2337 0
582027 2337 0
656164 2337 0
100667 2337 0
656183 2337 0
137169 2337 0
360244 2337 0
407044 2337 0
546394 2337 0
656334 2337 0
630689 2337 0
377663 2337 0
656240 2337 0
656403 2337 0
103281 2337 0
118245 2337 0
656490 2337 0
266819 2337 0
351436 2337 0
656344 2337 0
269612 2337 0
104818 2337 0
96159 2337 0
656674 2337 0
158343 2337 0
100726 2337 0
656714 2337 0
87206 2337 0
79059 2337 0
123181 2337 0
112708 2337 0
66627 2337 0
655636 2337 0
122930 2337 0
155311 2337 0
656932 2337 0
262246 2337 0
446231 2337 0
655561 2337 0
657021 2337 0
657025 2337 0
249604 2337 0
92791 2337 0
117893 2337 0
96764 2337 0
96228 2337 0
361527 2337 0
67567 2337 0
77914 2337 0
79224 2337 0
657190 2337 0
657214 2337 0
65964 2337 0
85327 2337 0
657226 2337 0
499404 2337 0
135552 2337 0
73174 2337 0
83773 2337 0
657284 2337 0
657370 2337 0
76145 2337 0
438946 2337 0
657461 2337 0
636204 2337 0
657555 2337 0
67018 2337 0
87524 2337 0
657616 2337 0
2233 2337 0
66839 2337 0
657783 2337 0
68114 2337 0
299717 2337 0
302763 2337 0
85266 2337 0
63281 2337 0
576958 2337 0
67563 2337 0
299538 2337 0
84063 2337 0
197238 2337 0
363436 2337 0
658016 2337 0
658076 2337 0
120887 2337 0
658133 2337 0
210940 2337 0
99153 2337 0
74124 2337 0
139442 2337 0
71897 2337 0
135384 2337 0
61267 2337 0
126753 2337 0
63475 2337 0
86737 2337 0
113540 2337 0
69476 2337 0
658493 2337 0
68872 2337 0
658558 2337 0
63794 2337 0
62616 2337 0
658648 2337 0
658662 2337 0
384221 2337 0
83732 2337 0
82132 2337 0
406902 2337 0
658719 2337 0
69760 2337 0
83956 2337 0
62630 2337 0
658840 2337 0
74102 2337 0
104274 2337 0
71606 2337 0
574538 2337 0
97474 2337 0
86804 2337 0
659118 2337 0
390208 2337 0
121866 2337 0
659177 2337 0
76950 2337 0
311865 2337 0
280379 2337 0
659340 2337 0
72252 2337 0
62328 2337 0
87024 2337 0
66964 2337 0
100505 2337 0
659434 2337 0
172306 2337 0
659445 2337 0
147672 2337 0
130784 2337 0
84321 2337 0
649349 2337 0
602638 2337 0
333831 2337 0
486482 2337 0
70372 2337 0
62962 2337 0
362768 2337 0
99106 2337 0
225961 2337 0
660039 2337 0
378402 2337 0
104337 2337 0
96670 2337 0
659968 2337 0
390548 2337 0
382774 2337 0
123103 2337 0
660139 2337 0
136103 2337 0
660197 2337 0
71591 2337 0
71083 2337 0
514334 2337 0
77830 2337 0
264773 2337 0
424915 2337 0
264009 2337 0
71923 2337 0
660599 2337 0
65305 2337 0
294001 2337 0
660654 2337 0
62816 2337 0
660730 2337 0
289757 2337 0
132359 2337 0
660801 2337 0
460682 2337 0
582621 2337 0
660867 2337 0
208717 2337 0
317591 2337 0
216917 2337 0
217808 2337 0
660937 2337 0
184076 2337 0
660985 2337 0
661005 2337 0
53531 2337 0
564508 2337 0
111889 2337 0
136139 2337 0
193738 2337 0
409062 2337 0
576941 2337 0
68786 2337 0
661080 2337 0
501910 2337 0
585350 2337 0
84592 2337 0
83264 2337 0
235449 2337 0
661398 2337 0
415830 2337 0
251284 2337 0
184732 2337 0
66995 2337 0
494956 2337 0
3191 2337 0
428168 2337 0
211219 2337 0
406511 2337 0
661695 2337 0
236147 2337 0
76598 2337 0
305557 2337 0
254454 2337 0
607210 2337 0
230707 2337 0
108131 2337 0
177135 2337 0
661999 2337 0
662033 2337 0
662070 2337 0
620746 2337 0
615978 2337 0
391816 2337 0
382811 2337 0
392284 2337 0
119838 2337 0
188792 2337 0
74990 2337 0
662283 2337 0
213962 2337 0
66378 2337 0
662680 2337 0
473218 2337 0
71224 2337 0
270379 2337 0
101340 2337 0
79932 2337 0
150620 2337 0
75628 2337 0
36147 2337 0
236379 2337 0
394628 2337 0
351126 2337 0
197957 2337 0
61260 2337 0
663279 2337 0
514696 2337 0
162791 2337 0
117691 2337 0
172211 2337 0
225431 2337 0
242211 2337 0
101763 2337 0
57918 2337 0
156552 2337 0
64261 2337 0
77819 2337 0
258626 2337 0
330218 2337 0
69814 2337 0
283713 2337 0
277806 2337 0
73192 2337 0
298150 2337 0
171668 2337 0
159324 2337 0
341517 2337 0
68550 2337 0
286088 2337 0
664103 2337 0
664158 2337 0
664186 2337 0
324416 2337 0
101121 2337 0
664253 2337 0
664287 2337 0
184998 2337 0
664321 2337 0
79827 2337 0
310109 2337 0
556679 2337 0
664444 2337 0
560213 2337 0
175747 2337 0
650136 2337 0
165332 2337 0
147627 2337 0
372048 2337 0
403974 2337 0
595625 2337 0
261454 2337 0
311103 2337 0
72335 2337 0
66022 2337 0
166437 2337 0
628919 2337 0
665015 2337 0
174340 2337 0
89637 2337 0
66657 2337 0
665146 2337 0
137568 2337 0
76265 2337 0
177106 2337 0
665309 2337 0
373698 2337 0
131996 2337 0
66260 2337 0
83534 2337 0
84018 2337 0
133955 2337 0
665557 2337 0
367602 2337 0
4360 2337 0
303749 2337 0
665687 2337 0
396728 2337 0
665561 2337 0
64975 2337 0
457125 2337 0
39494 2337 0
665870 2337 0
245496 2337 0
76420 2337 0
665889 2337 0
111846 2337 0
546769 2337 0
666067 2337 0
665977 2337 0
148735 2337 0
665802 2337 0
471692 2337 0
666316 2337 0
175027 2337 0
173286 2337 0
666455 2337 0
67040 2337 0
115743 2337 0
79562 2337 0
79293 2337 0
458443 2337 0
65191 2337 0
360391 2337 0
172265 2337 0
425099 2337 0
666769 2337 0
666861 2337 0
253903 2337 0
70901 2337 0
60289 2337 0
666477 2337 0
96183 2337 0
667115 2337 0
72228 2337 0
630781 2337 0
81139 2337 0
125168 2337 0
87155 2337 0
73508 2337 0
201150 2337 0
117669 2337 0
408335 2337 0
667454 2337 0
667477 2337 0
239650 2337 0
76781 2337 0
82453 2337 0
336329 2337 0
667668 2337 0
71714 2337 0
189337 2337 0
667798 2337 0
437039 2337 0
146231 2337 0
66553 2337 0
489654 2337 0
574011 2337 0
457705 2337 0
83531 2337 0
65768 2337 0
668019 2337 0
265963 2337 0
668073 2337 0
668120 2337 0
191829 2337 0
124362 2337 0
80051 2337 0
668192 2337 0
128019 2337 0
161456 2337 0
98336 2337 0
88110 2337 0
149716 2337 0
594852 2337 0
66080 2337 0
612401 2337 0
65626 2337 0
293714 2337 0
124126 2337 0
459122 2337 0
132365 2337 0
85181 2337 0
668699 2337 0
668343 2337 0
668711 2337 0
94784 2337 0
65795 2337 0
668826 2337 0
68774 2337 0
115933 2337 0
668928 2337 0
104510 2337 0
103622 2337 0
669021 2337 0
615439 2337 0
669156 2337 0
669200 2337 0
669230 2337 0
106435 2337 0
65103 2337 0
68199 2337 0
408942 2337 0
569255 2337 0
669644 2337 0
493517 2337 0
471335 2337 0
668307 2337 0
74379 2337 0
420885 2337 0
337381 2337 0
127523 2337 0
325992 2337 0
669877 2337 0
66024 2337 0
670072 2337 0
670079 2337 0
67361 2337 0
4354 2337 0
369404 2337 0
106862 2337 0
670219 2337 0
310312 2337 0
316219 2337 0
442373 2337 0
670413 2337 0
670539 2337 0
670301 2337 0
156198 2337 0
670750 2337 0
207253 2337 0
360341 2337 0
122536 2337 0
68884 2337 0
670862 2337 0
85131 2337 0
263151 2337 0
671051 2337 0
220779 2337 0
671091 2337 0
106840 2337 0
670867 2337 0
422203 2337 0
66578 2337 0
68483 2337 0
671126 2337 0
393434 2337 0
7209 2337 0
671345 2337 0
294963 2337 0
671575 2337 0
407579 2337 0
195408 2337 0
668093 2337 0
340995 6667 0
22907 99380 0
340995 334451 0
192843 580500 0
588713 580500 0
87773 467943 0
249748 639268 0
639411 639301 0
639489 639301 0
640132 639301 0
641092 639301 0
641101 639301 0
644344 639301 0
649099 639301 0
649173 639301 0
651893 639301 0
664260 639301 0
669422 639301 0
36675 639410 0
668016 639434 0
646279 453612 0
116058 453612 0
227545 639594 0
643670 639594 0
644719 639594 0
388855 639594 0
648349 639594 0
36403 639594 0
658593 639594 0
457506 94898 0
643720 94898 0
322 19734 0
642191 639900 0
641613 639976 0
641133 297018 0
952 103548 0
20712 103548 0
107891 103548 0
123965 103548 0
632298 11791 0
347464 57276 0
649417 640173 0
657810 640596 0
626548 640614 0
651683 640614 0
666496 640614 0
150117 346541 0
2577 303984 0
644521 641154 0
656874 641154 0
645976 627891 0
20492 2245 0
2577 69292 0
590602 11694 0
5610 11694 0
645131 11694 0
319418 11694 0
646620 641296 0
643816 641584 0
625317 145 0
646165 641723 0
484238 641764 0
645020 641764 0
644399 639301 0
654085 639301 0
671243 39710 0
655102 642154 0
261292 642154 0
645502 22288 0
645806 22288 0
478753 22288 0
62717 22288 0
643158 642553 0
643476 642553 0
644393 642553 0
646573 642553 0
655209 642553 0
664273 642553 0
136153 135787 0
137903 135787 0
202886 5218 0
643108 87691 0
643132 87691 0
643177 87691 0
643370 87691 0
643529 87691 0
643839 87691 0
643974 87691 0
644106 87691 0
203167 87691 0
644352 87691 0
644448 87691 0
644952 87691 0
645346 87691 0
645505 87691 0
645818 87691 0
646008 87691 0
646085 87691 0
646294 87691 0
646841 87691 0
647031 87691 0
431511 87691 0
647275 87691 0
647342 87691 0
647438 87691 0
647898 87691 0
648139 87691 0
648336 87691 0
648523 87691 0
649169 87691 0
650055 87691 0
650509 87691 0
650522 87691 0
651112 87691 0
651267 87691 0
652388 87691 0
652645 87691 0
652872 87691 0
652936 87691 0
653814 87691 0
653919 87691 0
653857 87691 0
653971 87691 0
654153 87691 0
654359 87691 0
654532 87691 0
654592 87691 0
655148 87691 0
655378 87691 0
655913 87691 0
7361 87691 0
656995 87691 0
657129 87691 0
517214 87691 0
658400 87691 0
659141 87691 0
659533 87691 0
659875 87691 0
660983 87691 0
661044 87691 0
661119 87691 0
661719 87691 0
270906 87691 0
663037 87691 0
663897 87691 0
664591 87691 0
665670 87691 0
666442 87691 0
666895 87691 0
667298 87691 0
275251 87691 0
668494 87691 0
668694 87691 0
668761 87691 0
669202 87691 0
669568 87691 0
670015 87691 0
651867 642952 0
3683 457496 0
161773 146174 0
164633 17669 0
19735 17669 0
163541 17669 0
18399 17669 0
142724 17669 0
79069 17669 0
648880 643017 0
653353 643017 0
657892 643017 0
650619 643098 0
659116 643098 0
647508 420 0
642553 443928 0
645335 443928 0
646069 239667 0
259414 643220 0
643383 643220 0
646931 192391 0
652958 192391 0
653991 192391 0
666331 192391 0
627940 642223 0
653006 643668 0
661734 643677 0
111658 261125 0
644080 643890 0
25290 644087 0
652441 38155 0
653739 38155 0
199080 644131 0
46690 644131 0
655657 644131 0
14296 158376 0
6611 158376 0
480704 158376 0
2091 158376 0
645908 643571 0
644642 644605 0
644822 644762 0
646159 644790 0
646962 3377 0
607077 172648 0
322 644810 0
646104 28895 0
322 644845 0
649047 644879 0
236582 191755 0
668115 645025 0
645901 645026 0
3683 645114 0
549058 645272 0
25290 645401 0
606009 645534 0
647268 645534 0
215618 645534 0
657847 645534 0
666036 645534 0
645645 642816 0
649163 3015 0
653041 645715 0
646734 645780 0
649486 226413 0
366114 226413 0
659844 226413 0
255936 226413 0
593797 593759 0
593801 593759 0
646208 593759 0
646217 593759 0
646678 593759 0
648283 593759 0
649178 593759 0
653010 593759 0
653213 593759 0
58483 593759 0
670447 593759 0
647147 645805 0
379880 645805 0
646402 645945 0
42982 139465 0
1561 134294 0
225999 646119 0
646279 646119 0
30511 646119 0
151053 646119 0
651362 646119 0
130909 646119 0
652019 646119 0
660401 646119 0
664415 646119 0
664668 646119 0
116058 646119 0
669236 646119 0
113664 646346 0
125378 646346 0
584901 634624 0
322 129357 0
643314 646582 0
648670 646600 0
3683 646820 0
161773 146174 0
2577 146174 0
85225 647072 0
641133 647210 0
61314 194 0
649224 647448 0
603398 647618 0
36040 647618 0
25825 647618 0
15369 647618 0
15497 647618 0
1659 647618 0
51946 647618 0
13723 647618 0
647902 647903 0
648589 647668 0
322 737 0
603774 647698 0
157840 647698 0
6307 647698 0
157832 647698 0
157838 647698 0
647876 647698 0
6315 647698 0
647766 647698 0
184510 647698 0
157814 647698 0
647786 647698 0
647850 647698 0
647776 647698 0
647872 647698 0
603821 647698 0
6305 647698 0
6319 647698 0
157820 647698 0
157852 647698 0
647768 647698 0
647800 647698 0
308654 647698 0
157810 647698 0
647888 647698 0
6343 647698 0
6329 647698 0
647856 647698 0
434491 647698 0
165075 647698 0
647764 647698 0
157822 647698 0
647798 647698 0
647756 647698 0
157836 647698 0
647862 647698 0
647772 647698 0
157834 647698 0
6359 647698 0
647844 647698 0
647870 647698 0
647882 647698 0
647822 647698 0
647834 647698 0
647864 647698 0
647808 647698 0
647780 647698 0
574981 647698 0
647748 647698 0
647812 647698 0
647810 647698 0
647770 647698 0
647794 647698 0
647854 647698 0
647744 647698 0
647836 647698 0
647806 647698 0
647796 647698 0
647818 647698 0
69156 647698 0
647880 647698 0
647858 647698 0
647860 647698 0
647852 647698 0
647838 647698 0
647846 647698 0
647842 647698 0
647840 647698 0
647874 647698 0
647804 647698 0
647830 647698 0
647792 647698 0
647848 647698 0
647816 647698 0
621158 647698 0
193330 647698 0
650777 647698 0
650972 647698 0
651074 647698 0
224577 647698 0
653347 647698 0
653898 647698 0
654167 647698 0
7361 647698 0
410426 647698 0
173609 647698 0
18476 647698 0
670774 647698 0
647970 647730 0
648007 647730 0
648373 647730 0
648435 647730 0
649077 647730 0
649185 647730 0
649879 647730 0
627800 647730 0
652041 647730 0
653010 647730 0
654574 647730 0
655913 647730 0
659717 647730 0
662245 647730 0
666002 647730 0
643974 647730 0
634642 648211 0
650302 648211 0
650354 648211 0
651865 648211 0
430571 243598 0
259414 648296 0
662687 381409 0
242937 94738 0
654526 648531 0
602952 648553 0
654694 648553 0
654989 648553 0
660589 648599 0
662061 648659 0
668309 648659 0
295051 648791 0
650062 648948 0
650881 375977 0
64817 649042 0
632420 649042 0
649235 95361 0
65334 95361 0
322 95361 0
184761 95361 0
59627 95361 0
652739 95361 0
314839 649118 0
661648 649136 0
2577 77394 0
322 3359 0
145375 13872 0
653967 22529 0
650480 649887 0
650316 649913 0
652148 649927 0
322 1843 0
645970 1843 0
220598 1843 0
17650 1843 0
658527 1843 0
24977 1843 0
668347 1843 0
652819 650146 0
99813 56185 0
661992 56185 0
663884 56185 0
668518 56185 0
653857 650191 0
655913 650191 0
322 650284 0
382681 20669 0
650526 20669 0
650545 20669 0
650549 20669 0
338430 20669 0
29 20669 0
93393 20669 0
14031 20669 0
650730 20669 0
650761 20669 0
128535 20669 0
650903 20669 0
579331 20669 0
137144 20669 0
651011 20669 0
651044 20669 0
37023 20669 0
466129 20669 0
16768 20669 0
651510 20669 0
651562 20669 0
607507 20669 0
484414 20669 0
651627 20669 0
355020 20669 0
651975 20669 0
11464 20669 0
165918 20669 0
652146 20669 0
5610 20669 0
652156 20669 0
652259 20669 0
484497 20669 0
604844 20669 0
652433 20669 0
253169 20669 0
652557 20669 0
351238 20669 0
652598 20669 0
374237 20669 0
222226 20669 0
652862 20669 0
652881 20669 0
652870 20669 0
652910 20669 0
652921 20669 0
652967 20669 0
653073 20669 0
653083 20669 0
653177 20669 0
588900 20669 0
653515 20669 0
653585 20669 0
653616 20669 0
653745 20669 0
653800 20669 0
653834 20669 0
653915 20669 0
653963 20669 0
124225 20669 0
654046 20669 0
115575 20669 0
113254 20669 0
331868 20669 0
476467 20669 0
228431 20669 0
654293 20669 0
654349 20669 0
654373 20669 0
654405 20669 0
98183 20669 0
654889 20669 0
654927 20669 0
655017 20669 0
655181 20669 0
655461 20669 0
655471 20669 0
34361 20669 0
655735 20669 0
655892 20669 0
655915 20669 0
469610 20669 0
656140 20669 0
31515 20669 0
656406 20669 0
13593 20669 0
656657 20669 0
656921 20669 0
656967 20669 0
657037 20669 0
657111 20669 0
657228 20669 0
323841 20669 0
657560 20669 0
158940 20669 0
657671 20669 0
657725 20669 0
657813 20669 0
657852 20669 0
431776 20669 0
658093 20669 0
25511 20669 0
214950 20669 0
658395 20669 0
658861 20669 0
659063 20669 0
659191 20669 0
659225 20669 0
659319 20669 0
173992 20669 0
30547 20669 0
659805 20669 0
659945 20669 0
273881 20669 0
354694 20669 0
199311 20669 0
127026 20669 0
661074 20669 0
661291 20669 0
661517 20669 0
661741 20669 0
662289 20669 0
662468 20669 0
107870 20669 0
662812 20669 0
662997 20669 0
663110 20669 0
25956 20669 0
168925 20669 0
359256 20669 0
663277 20669 0
663640 20669 0
107617 20669 0
663808 20669 0
208749 20669 0
664151 20669 0
664285 20669 0
181608 20669 0
664762 20669 0
111094 20669 0
665170 20669 0
665328 20669 0
665457 20669 0
255417 20669 0
665856 20669 0
306130 20669 0
277238 20669 0
666387 20669 0
456534 20669 0
667224 20669 0
667529 20669 0
667720 20669 0
667973 20669 0
668082 20669 0
668113 20669 0
668887 20669 0
669130 20669 0
669139 20669 0
577465 20669 0
669685 20669 0
669822 20669 0
669842 20669 0
192783 20669 0
670748 20669 0
670869 20669 0
400191 20669 0
199176 20669 0
4882 20669 0
652941 31237 0
287742 31237 0
655514 650356 0
661011 650356 0
322 650380 0
322 68362 0
646194 66755 0
664902 650448 0
384340 299219 0
2577 109153 0
322 650519 0
663669 650612 0
65364 650612 0
141919 493872 0
665253 650664 0
37725 225999 0
151053 225999 0
650888 650686 0
652497 650686 0
651327 650707 0
652970 650707 0
663125 650926 0
104217 650976 0
651252 651057 0
650127 651095 0
367047 327664 0
181066 327664 0
468058 651307 0
390419 651340 0
31722 651340 0
322 651415 0
125378 268339 0
322 534233 0
654991 651481 0
655075 651481 0
657902 651481 0
669234 651481 0
654755 651568 0
169200 651582 0
82601 2486 0
92378 2486 0
651848 2486 0
92426 2486 0
94697 2486 0
92460 2486 0
92505 2486 0
92608 2486 0
8333 2486 0
92663 2486 0
92797 2486 0
92836 2486 0
95233 2486 0
100799 2486 0
655253 2486 0
5774 2486 0
7361 2486 0
130735 2486 0
658137 2486 0
157633 2486 0
339803 2486 0
7192 2486 0
61424 2486 0
350545 2486 0
660049 2486 0
586933 2486 0
117218 2486 0
660212 2486 0
10078 2486 0
271783 2486 0
661785 2486 0
65068 2486 0
78788 2486 0
620935 2486 0
665652 2486 0
665993 2486 0
666220 2486 0
666305 2486 0
670034 2486 0
651969 651665 0
652423 651665 0
655152 651665 0
656191 651665 0
657862 651665 0
664283 651665 0
666993 651665 0
667994 651709 0
322 651718 0
8188 253600 0
654815 253600 0
661554 253600 0
669044 253600 0
2181 103007 0
50622 103007 0
71704 23942 0
313231 23942 0
81740 23942 0
653718 23942 0
653757 23942 0
116917 23942 0
654208 23942 0
654528 23942 0
186464 23942 0
530373 23942 0
205134 23942 0
655925 23942 0
655962 23942 0
656064 23942 0
600235 23942 0
117401 23942 0
656587 23942 0
7361 23942 0
609398 23942 0
151742 23942 0
656859 23942 0
656909 23942 0
219196 23942 0
657253 23942 0
8876 23942 0
347961 23942 0
657376 23942 0
14060 23942 0
168165 23942 0
89891 23942 0
657717 23942 0
657728 23942 0
657730 23942 0
574602 23942 0
653684 23942 0
4946 23942 0
433625 23942 0
658034 23942 0
326508 23942 0
154223 23942 0
658172 23942 0
658215 23942 0
658323 23942 0
658500 23942 0
658511 23942 0
658540 23942 0
546016 23942 0
658622 23942 0
658682 23942 0
568087 23942 0
134738 23942 0
658842 23942 0
658884 23942 0
658958 23942 0
658970 23942 0
275957 23942 0
17435 23942 0
659220 23942 0
190396 23942 0
377679 23942 0
659480 23942 0
659472 23942 0
60827 23942 0
221188 23942 0
254237 23942 0
67738 23942 0
659693 23942 0
659695 23942 0
659794 23942 0
196205 23942 0
659952 23942 0
659954 23942 0
660000 23942 0
655298 23942 0
660442 23942 0
88491 23942 0
660522 23942 0
7669 23942 0
595867 23942 0
328632 23942 0
188249 23942 0
159446 23942 0
660841 23942 0
139126 23942 0
646054 23942 0
661171 23942 0
612083 23942 0
661277 23942 0
661330 23942 0
595013 23942 0
661456 23942 0
155966 23942 0
77150 23942 0
216410 23942 0
661860 23942 0
220220 23942 0
661953 23942 0
662080 23942 0
662097 23942 0
662235 23942 0
597621 23942 0
662399 23942 0
662394 23942 0
662716 23942 0
662766 23942 0
427995 23942 0
197273 23942 0
655041 23942 0
663393 23942 0
107887 23942 0
663676 23942 0
151633 23942 0
171455 23942 0
663890 23942 0
664107 23942 0
664206 23942 0
620154 23942 0
664659 23942 0
599211 23942 0
664749 23942 0
208777 23942 0
347380 23942 0
281221 23942 0
665172 23942 0
665206 23942 0
665287 23942 0
665354 23942 0
665363 23942 0
311614 23942 0
341774 23942 0
197611 23942 0
666172 23942 0
666280 23942 0
666581 23942 0
630958 23942 0
666925 23942 0
666995 23942 0
356781 23942 0
667231 23942 0
622932 23942 0
667602 23942 0
114396 23942 0
667777 23942 0
3591 23942 0
667863 23942 0
667982 23942 0
169329 23942 0
100271 23942 0
668118 23942 0
668224 23942 0
284198 23942 0
668427 23942 0
668713 23942 0
86690 23942 0
668877 23942 0
625155 23942 0
669107 23942 0
669187 23942 0
669268 23942 0
95874 23942 0
623544 23942 0
669868 23942 0
669871 23942 0
669886 23942 0
669926 23942 0
669987 23942 0
670193 23942 0
670318 23942 0
670336 23942 0
670377 23942 0
670436 23942 0
670443 23942 0
670519 23942 0
670569 23942 0
670606 23942 0
670721 23942 0
8278 23942 0
602158 23942 0
350194 23942 0
671227 23942 0
671459 23942 0
298975 67615 0
319775 67615 0
246692 67615 0
655132 67615 0
1653 67615 0
152161 67615 0
661112 67615 0
661303 67615 0
191333 67615 0
670612 67615 0
653494 652310 0
666955 652310 0
322 652512 0
322 645965 0
655296 650926 0
630207 106696 0
666132 652486 0
42546 146219 0
650127 652552 0
11823 656210 0
664715 652592 0
322 646727 0
148004 147428 0
322 99740 0
322 652651 0
204620 652651 0
322 651524 0
159092 5184 0
22529 652763 0
657922 24057 0
654485 435955 0
202275 435955 0
664293 435955 0
664882 435955 0
660097 463246 0
662759 402822 0
653392 1701 0
114676 1701 0
653827 1701 0
654773 1701 0
655335 1701 0
655621 1701 0
655822 1701 0
657333 1701 0
7396 1701 0
658854 1701 0
75742 1701 0
660340 1701 0
72541 1701 0
660634 1701 0
661683 1701 0
86575 1701 0
664776 1701 0
322 653089 0
653686 653687 0
648948 653102 0
253565 68829 0
16435 68829 0
245008 68829 0
657550 232184 0
322 651977 0
322 392871 0
653696 653630 0
656316 653630 0
149561 146406 0
656428 122285 0
258313 172778 0
654155 172778 0
51946 172778 0
146546 172778 0
1719 172778 0
482751 172778 0
654797 172778 0
41707 172778 0
206663 172778 0
117113 172778 0
193335 172778 0
655540 172778 0
159336 172778 0
655731 172778 0
33420 172778 0
656138 172778 0
115434 172778 0
281386 172778 0
204312 172778 0
292422 172778 0
197719 172778 0
655960 172778 0
269305 172778 0
115549 172778 0
658763 172778 0
62365 172778 0
659196 172778 0
177478 172778 0
659982 172778 0
283070 172778 0
834 172778 0
660896 172778 0
183220 172778 0
6207 172778 0
108131 172778 0
620993 172778 0
663985 172778 0
664029 172778 0
664070 172778 0
36771 172778 0
23371 172778 0
665846 172778 0
640161 172778 0
668050 172778 0
264429 172778 0
220756 172778 0
332206 172778 0
439299 172778 0
664778 172778 0
622936 172778 0
162546 172778 0
13024 172778 0
125392 172778 0
670910 172778 0
171691 172778 0
663573 654080 0
40273 654149 0
87346 654143 0
561757 561758 0
669087 561758 0
654753 654190 0
655092 654190 0
655374 654190 0
655401 654190 0
655671 654190 0
655684 654190 0
655777 654190 0
656085 654190 0
656160 654190 0
255404 654190 0
1697 654190 0
657107 654190 0
657131 654190 0
657802 654190 0
657850 654190 0
657877 654190 0
657960 654190 0
658314 654190 0
658361 654190 0
658672 654190 0
658760 654190 0
658802 654190 0
658826 654190 0
659672 654190 0
659768 654190 0
660135 654190 0
620079 654190 0
661897 654190 0
662017 654190 0
662408 654190 0
662737 654190 0
662950 654190 0
662974 654190 0
21639 654190 0
665192 654190 0
668313 654190 0
229716 654190 0
669475 654190 0
669655 654190 0
670781 654190 0
671379 654190 0
654576 654290 0
627940 654290 0
654556 244707 0
427595 1471 0
62365 105072 0
480687 654516 0
22529 654551 0
196855 257380 0
48170 81434 0
362777 177578 0
659348 654732 0
655143 654799 0
655276 655277 0
531554 655277 0
340995 654965 0
660439 166147 0
655334 655038 0
655724 655091 0
655945 655102 0
659752 655102 0
468715 14035 0
668767 655239 0
23942 163497 0
656458 163497 0
65068 655253 0
251926 227545 0
387467 227545 0
655553 227545 0
606656 227545 0
550494 227545 0
657675 227545 0
663262 227545 0
655038 655334 0
655551 655367 0
656424 655433 0
253565 455222 0
662747 655513 0
96242 183591 0
656660 647903 0
605000 10319 0
22529 655640 0
655822 656719 0
659032 645765 0
660725 645765 0
308830 117786 0
419892 127643 0
656093 127643 0
656561 127643 0
43527 127643 0
218411 127643 0
658993 127643 0
199157 127643 0
498654 127643 0
491185 127643 0
649191 319673 0
122285 656021 0
656733 656032 0
23942 656237 0
656950 656237 0
216085 656237 0
661653 10130 0
668452 656405 0
670845 656414 0
657413 284588 0
23942 284588 0
23726 284588 0
659689 657036 0
496376 657036 0
661249 657090 0
2577 146174 0
161773 146174 0
65364 146174 0
665814 657189 0
657904 657317 0
659594 657459 0
669073 657597 0
125378 657654 0
125378 4946 0
145087 657849 0
118669 657849 0
118671 657849 0
118667 657849 0
247803 657849 0
53765 657849 0
53768 657849 0
56864 657849 0
33937 657849 0
660260 657849 0
660459 657849 0
56458 657849 0
42443 657849 0
14462 657849 0
7083 657849 0
1465 657849 0
26128 657849 0
668309 333126 0
46690 292533 0
5532 658033 0
68570 135787 0
137903 135787 0
136153 135787 0
630583 310648 0
658298 658265 0
166154 658265 0
660595 658265 0
662206 658265 0
340995 658349 0
116058 658349 0
224612 347345 0
667800 658977 0
340995 82613 0
340995 7669 0
93846 7669 0
126476 7669 0
125378 659046 0
340995 659083 0
662682 659088 0
666036 659088 0
340995 659108 0
28260 406587 0
34860 406587 0
665140 659165 0
181066 447247 0
300971 662273 0
665623 659543 0
663478 105454 0
117485 105454 0
659713 659619 0
659778 659619 0
659816 659619 0
659819 659619 0
659925 659619 0
659992 659619 0
660089 659619 0
660148 659619 0
624337 659619 0
660432 659619 0
660483 659619 0
123768 659619 0
660570 659619 0
660587 659619 0
660624 659619 0
660753 659619 0
660999 659619 0
661067 659619 0
661131 659619 0
298137 659619 0
661206 659619 0
661275 659619 0
661361 659619 0
661374 659619 0
661564 659619 0
661580 659619 0
661663 659619 0
661722 659619 0
661757 659619 0
10099 659619 0
661816 659619 0
661923 659619 0
661932 659619 0
662009 659619 0
662099 659619 0
662239 659619 0
662860 659619 0
663096 659619 0
663312 659619 0
663332 659619 0
663581 659619 0
663591 659619 0
663642 659619 0
663766 659619 0
663803 659619 0
35541 659619 0
664806 659619 0
664833 659619 0
665118 659619 0
665274 659619 0
232397 659619 0
148344 659619 0
666038 659619 0
666090 659619 0
666274 659619 0
666661 659619 0
666694 659619 0
667117 659619 0
667666 659619 0
667903 659619 0
669136 659619 0
652921 659619 0
670573 659619 0
671021 659619 0
671120 659619 0
659781 659674 0
204620 659688 0
35131 659898 0
106193 173060 0
660313 659981 0
659952 659981 0
661378 659981 0
180793 659981 0
181202 659981 0
664251 659981 0
665695 659981 0
62452 659981 0
656577 659981 0
666561 659981 0
667010 659981 0
658842 659981 0
159579 660059 0
151981 660112 0
660271 660112 0
660274 660112 0
663304 458512 0
631908 660152 0
665719 660152 0
660690 660190 0
660557 660262 0
31 660262 0
408073 4995 0
657746 644131 0
661831 660579 0
952 660579 0
668951 660663 0
385892 347345 0
224612 347345 0
666526 347345 0
667513 347345 0
56864 347345 0
42443 347345 0
666989 656326 0
241523 660934 0
2577 19785 0
602952 661010 0
85408 661088 0
666356 399069 0
109510 245650 0
3909 655102 0
26941 655102 0
662606 661415 0
87822 661415 0
670111 661415 0
224612 347345 0
385892 347345 0
116007 347345 0
56864 347345 0
661837 661597 0
662947 16930 0
659878 56185 0
663921 56185 0
663884 56185 0
59068 56185 0
666312 56185 0
60182 56185 0
666619 56185 0
668520 56185 0
669773 56185 0
100310 87815 0
93883 662313 0
306441 662366 0
2625 662401 0
18399 662401 0
667767 662401 0
340995 662478 0
662945 981 0
667343 662694 0
653716 662694 0
663053 662723 0
663165 662723 0
663100 662724 0
242343 378548 0
670654 66099 0
663515 371720 0
664358 371720 0
178083 371720 0
663136 663061 0
154616 2337 0
663236 2337 0
188122 2337 0
336333 2337 0
135543 2337 0
23942 2337 0
663866 2337 0
208319 2337 0
641215 2337 0
330218 2337 0
63117 2337 0
560213 2337 0
26941 2337 0
149688 2337 0
508920 2337 0
188654 2337 0
665864 2337 0
648932 2337 0
67040 2337 0
96394 2337 0
189337 2337 0
70901 2337 0
605332 2337 0
65685 2337 0
132365 2337 0
1529 2337 0
671220 2337 0
457705 2337 0
188830 663246 0
663308 198531 0
340995 334451 0
120066 36672 0
256453 36672 0
664657 36672 0
121072 462445 0
177694 462445 0
663968 462445 0
67470 462445 0
662235 462445 0
70283 462445 0
665104 462445 0
634234 462445 0
665282 462445 0
382804 462445 0
666395 462445 0
171668 462445 0
668892 462445 0
352627 462445 0
670117 462445 0
68872 462445 0
670686 462445 0
572440 462445 0
210944 462445 0
219597 462445 0
671411 462445 0
319284 330848 0
664048 663593 0
664167 663657 0
201259 663735 0
664546 663742 0
658033 271615 0
5532 271615 0
664023 663892 0
664554 663892 0
663989 663915 0
664412 663915 0
664683 663915 0
667600 663915 0
666036 663915 0
216823 216454 0
664262 252669 0
664361 252669 0
404714 664154 0
664421 594875 0
222 664452 0
665307 664513 0
669061 664547 0
261292 664661 0
664941 77 0
664964 77 0
665035 77 0
665067 77 0
634234 77 0
665102 77 0
1641 77 0
307680 77 0
665167 77 0
214321 77 0
665222 77 0
665264 77 0
665350 77 0
665381 77 0
665420 77 0
384793 77 0
665445 77 0
665471 77 0
665492 77 0
665505 77 0
572613 77 0
665617 77 0
665565 77 0
665648 77 0
665685 77 0
438653 77 0
67738 77 0
665765 77 0
665804 77 0
115210 77 0
173231 77 0
328632 77 0
665928 77 0
665945 77 0
370848 77 0
298477 77 0
278754 77 0
319177 77 0
666031 77 0
41011 77 0
666148 77 0
212128 77 0
665695 77 0
126026 77 0
665354 77 0
666276 77 0
666278 77 0
666367 77 0
473191 77 0
666488 77 0
666516 77 0
616312 77 0
94262 77 0
78994 77 0
77471 77 0
33031 77 0
151851 77 0
470128 77 0
476870 77 0
96416 77 0
187023 77 0
184294 77 0
667104 77 0
94841 77 0
667148 77 0
667380 77 0
177533 77 0
667425 77 0
667503 77 0
667625 77 0
289317 77 0
4328 77 0
166111 77 0
667809 77 0
649593 77 0
668107 77 0
668202 77 0
668224 77 0
319775 77 0
668333 77 0
634442 77 0
668416 77 0
175112 77 0
668600 77 0
23944 77 0
668651 77 0
668661 77 0
70442 77 0
254237 77 0
668828 77 0
668975 77 0
668977 77 0
442139 77 0
215442 77 0
172853 77 0
65768 77 0
669368 77 0
669378 77 0
669386 77 0
669513 77 0
669743 77 0
669767 77 0
137574 77 0
669913 77 0
361659 77 0
91532 77 0
191900 77 0
152027 77 0
670491 77 0
9829 77 0
670579 77 0
670658 77 0
616837 77 0
210944 77 0
671529 77 0
134640 77 0
668856 399651 0
282468 594541 0
95736 665009 0
116031 665009 0
635265 256737 0
636123 256737 0
258282 256737 0
260806 256737 0
637857 256737 0
665639 6940 0
666404 665302 0
122285 665321 0
153952 471221 0
659088 98392 0
665679 665541 0
419207 665541 0
666416 665541 0
666434 665541 0
224401 665541 0
666834 665541 0
666933 665541 0
667168 665541 0
596780 665541 0
668376 665541 0
88428 665541 0
669488 665541 0
669954 665541 0
551244 665541 0
670223 665541 0
74960 665541 0
670523 665541 0
427595 665541 0
581103 665541 0
671097 665541 0
210944 665541 0
217627 665541 0
667183 246024 0
669266 669267 0
125378 665806 0
668622 650976 0
194061 650976 0
655102 26941 0
659981 108324 0
666906 19734 0
667185 433984 0
667331 667240 0
333294 245426 0
670109 667489 0
101520 667652 0
668765 667652 0
242343 667780 0
670832 667644 0
9749 658845 0
668925 668391 0
668942 668391 0
624853 668391 0
669120 668391 0
489308 668391 0
71171 668391 0
225696 668450 0
668720 668481 0
669059 668481 0
669101 668481 0
648997 668481 0
429696 36350 0
670270 667805 0
210944 667805 0
376456 669000 0
669115 669035 0
669327 669035 0
670624 669035 0
669456 669089 0
670018 669160 0
669309 669216 0
669571 669216 0
23651 669311 0
88040 669311 0
41299 669372 0
671307 669648 0
23942 670083 0
19943 655614 0
654506 655614 0
39563 296323 0
16581 175355 0
670577 163671 0
269019 163671 0
605838 163671 0
670841 163671 0
670884 163671 0
670936 163671 0
670940 163671 0
32472 163671 0
670990 163671 0
212956 163671 0
671037 163671 0
671044 163671 0
17761 163671 0
249325 163671 0
223000 163671 0
261292 671224 0
