1 1 100 1.60658
2 2 100 2.97446
3 3 100 27.5188
4 4 100 28.7027
5 5 100 29.7763
6 6 100 31.1442
7 7 100 32.1748
8 8 100 33.5427
9 9 100 35.6463
10 10 100 36.8303
11 11 100 38.1981
12 12 100 41.4054
13 13 100 42.7733
14 14 100 47.0842
15 15 100 49.9235
16 16 100 51.2914
17 17 100 52.4753
18 18 100 54.2111
19 19 100 55.579
20 20 100 56.625
21 21 100 58.7286
22 22 100 59.9125
23 23 100 61.2804
24 24 100 69.4541
25 25 100 70.6381
26 26 100 146.869
27 27 100 148.605
28 28 100 150.596
29 29 100 152.699
30 30 100 154.435
31 31 100 156.907
32 32 100 159.01
33 33 100 160.378
34 34 100 161.47
35 35 100 162.501
36 36 100 163.868
37 37 100 165.236
38 38 100 166.604
39 39 100 168.217
40 40 100 169.585
41 41 100 170.953
42 42 100 172.32
43 43 100 173.688
44 44 100 175.056
45 45 100 177.528
46 46 100 191.275
47 47 100 192.643
48 48 100 194.01
49 49 100 195.378
50 50 100 196.459
