1 1 100 624.269
2 2 100 850.043
3 3 100 984.407
4 4 100 1027.67
5 5 100 1029.68
6 6 100 1065.05
7 7 100 1089.77
8 8 100 1106.59
9 9 100 1123.05
10 10 100 1136.05
11 11 100 1149.36
12 12 100 1150.45
13 13 100 1162.85
14 14 100 1174.16
15 15 100 1183.36
16 16 100 1193.19
17 17 100 1202.09
18 18 100 1210.82
19 19 100 1218.72
20 20 100 1225.97
21 21 100 1232.86
22 22 100 1239.75
23 23 100 1246.08
24 24 100 1252.23
25 25 100 1257.37
26 26 100 1262.79
27 27 100 1267.92
28 28 100 1273.06
29 29 100 1274.15
30 30 100 1278.16
31 31 100 1282.45
32 32 100 1290.98
33 33 100 1295.01
34 34 100 1299.18
35 35 100 1303.86
36 36 100 1307.89
37 37 100 1312.2
38 38 100 1316.51
39 39 100 1318.44
40 40 100 1321.56
41 41 100 1325.5
42 42 100 1329.44
43 43 100 1333.39
44 44 100 1336.69
45 45 100 1340.26
46 46 100 1343.32
47 47 100 1348.32
48 48 100 1351.9
49 49 100 1356.2
50 50 100 1357.37
