1 119279 0 314 0
8 361627 0 4488 0
16 222 339 0 0
16 1295 3424 0 0
16 1372 30 0 0
16 1971 120 0 0
16 2077 47 0 0
16 2229 3219 0 0
16 2941 1312 0 0
16 3038 44 0 0
16 8432 128 0 0
16 8517 55 0 0
16 8635 422 0 0
16 9328 691 0 0
16 12222 4541 0 0
16 16289 1251 0 0
16 20673 35 0 0
16 20988 3382 0 0
16 22579 836 0 0
16 24309 3241 0 0
16 25495 4291 0 0
16 26243 2616 0 0
16 26975 1348 0 0
16 27291 1021 0 0
16 29018 1386 0 0
16 32120 233 0 0
16 34000 111 0 0
16 34192 220 0 0
16 37100 5308 0 0
16 37139 1286 0 0
16 37940 135 0 0
16 40882 624 0 0
16 43444 461 0 0
16 43587 2295 0 0
16 45414 1756 0 0
16 53073 893 0 0
16 54716 175 0 0
16 55036 1095 0 0
16 56206 51 0 0
16 57252 3456 0 0
16 60400 1556 0 0
16 61314 834 0 0
16 62992 2062 0 0
16 65334 1715 0 0
16 68160 940 0 0
16 70874 39 0 0
16 72398 1089 0 0
16 74704 192 0 0
16 78742 69 0 0
16 78788 102 0 0
16 80589 4760 0 0
16 102976 92 0 0
16 110192 2599 0 0
16 110902 2202 0 0
16 113503 566 0 0
16 125093 43 0 0
16 127597 60 0 0
16 128187 559 0 0
16 132172 570 0 0
16 146037 198 0 0
16 152989 163 0 0
16 157387 4932 0 0
16 157506 998 0 0
16 161291 46 0 0
16 162525 47 0 0
16 162803 4193 0 0
16 163503 2586 0 0
16 167200 1520 0 0
16 179452 247 0 0
16 180744 229 0 0
16 181694 70 0 0
16 183093 751 0 0
16 188830 1751 0 0
16 190058 2209 0 0
16 190398 2071 0 0
16 194270 1864 0 0
16 198431 5379 0 0
16 200020 2177 0 0
16 209784 60 0 0
16 211428 3591 0 0
16 212119 27 0 0
16 213289 680 0 0
16 215697 24 0 0
16 220204 46 0 0
16 222515 21 0 0
16 226465 2483 0 0
16 232933 1582 0 0
16 237553 205 0 0
16 242434 3461 0 0
16 242569 388 0 0
16 247274 611 0 0
16 249220 52 0 0
16 250321 3982 0 0
16 251020 974 0 0
16 257044 2427 0 0
16 258013 1784 0 0
16 278537 498 0 0
16 298870 1438 0 0
16 298975 837 0 0
16 299136 337 0 0
16 307533 304 0 0
16 307654 28 0 0
16 308704 171 0 0
16 308830 673 0 0
16 309568 3799 0 0
16 312886 4106 0 0
16 319858 157 0 0
16 323560 40 0 0
16 330740 1630 0 0
16 333579 2326 0 0
16 335604 3721 0 0
16 335950 208 0 0
16 341144 3684 0 0
16 351337 291 0 0
16 378739 4862 0 0
16 380264 239 0 0
16 436095 3355 0 0
16 437619 998 0 0
16 439019 5149 0 0
16 458697 792 0 0
16 462117 13 0 0
16 463811 386 0 0
16 465694 1560 0 0
16 477563 1288 0 0
16 477983 843 0 0
16 481649 739 0 0
16 495835 2648 0 0
16 504602 4835 0 0
16 541059 2897 0 0
16 543048 650 0 0
16 560440 1074 0 0
16 595761 2587 0 0
16 598567 2996 0 0
16 627682 196 0 0
16 646342 1235 0 0
16 652823 308 0 0
16 661829 4364 0 0
16 682825 2362 0 0
16 683420 1710 0 0
16 688414 758 0 0
16 690403 4932 0 0
16 695711 4687 0 0
16 696691 19 0 0
16 696741 28 0 0
16 696776 32 0 0
16 696786 33 0 0
16 696880 48 0 0
16 697027 78 0 0
16 697056 86 0 0
16 697117 98 0 0
16 697132 101 0 0
16 697139 102 0 0
16 697162 106 0 0
16 697190 112 0 0
16 697288 130 0 0
16 697346 140 0 0
16 697360 142 0 0
16 697408 154 0 0
16 697411 154 0 0
16 697722 218 0 0
16 697899 251 0 0
16 698072 283 0 0
16 698188 303 0 0
16 698229 311 0 0
16 698342 332 0 0
16 698816 430 0 0
16 698897 445 0 0
16 699162 508 0 0
16 699240 524 0 0
16 699415 560 0 0
16 699480 573 0 0
16 699541 584 0 0
16 699751 634 0 0
16 699869 660 0 0
16 700084 708 0 0
16 700108 713 0 0
16 700477 790 0 0
16 700974 882 0 0
16 701350 963 0 0
16 701814 1055 0 0
16 702198 1136 0 0
16 702263 1150 0 0
16 703136 1350 0 0
16 703576 1457 0 0
16 704312 1602 0 0
16 705877 1946 0 0
16 706401 2065 0 0
16 706409 2067 0 0
16 707173 2251 0 0
16 707530 2338 0 0
16 707634 2363 0 0
16 708090 2481 0 0
16 708685 2620 0 0
16 708698 2623 0 0
16 709128 2730 0 0
16 709132 2730 0 0
16 709195 2746 0 0
16 710678 3108 0 0
16 715021 3855 0 0
16 718644 4478 0 0
16 718731 4490 0 0
16 720155 4753 0 0
16 721257 5157 0 0
16 722513 5190 0 0
16 722588 5207 0 0
16 723470 5373 0 0
34 708741 0 15 0
116 7361 775 0 0
116 18006 1060 0 0
116 48170 1865 0 0
116 81744 3471 0 0
116 85504 2392 0 0
116 268143 866 0 0
116 285035 536 0 0
116 300741 733 0 0
116 327753 1040 0 0
116 351406 2433 0 0
116 634192 1217 0 0
116 682765 2913 0 0
116 704966 14 0 0
116 705011 27 0 0
116 705062 38 0 0
116 705148 51 0 0
116 705219 63 0 0
116 705251 68 0 0
116 705439 110 0 0
116 705683 160 0 0
116 706052 250 0 0
116 706100 261 0 0
116 706639 377 0 0
116 706696 389 0 0
116 706799 414 0 0
116 706851 431 0 0
116 706888 440 0 0
116 707461 581 0 0
116 707835 676 0 0
116 708591 858 0 0
116 709289 1034 0 0
116 709690 1123 0 0
116 710843 1419 0 0
116 711506 1561 0 0
116 711770 1595 0 0
116 712813 1755 0 0
116 712965 1782 0 0
116 713261 1832 0 0
116 714245 1985 0 0
116 714880 2095 0 0
116 715341 2179 0 0
116 715751 2241 0 0
116 715755 2241 0 0
116 716070 2283 0 0
116 718521 2711 0 0
116 719175 2839 0 0
116 719287 2863 0 0
116 719891 2959 0 0
116 720540 3084 0 0
116 720715 3115 0 0
116 720805 3134 0 0
116 721733 3296 0 0
116 722638 3475 0 0
116 722816 3509 0 0
116 723154 3572 0 0
712467 713798 217 0 0
623429 634747 0 90 0
623429 694725 623 0 0
158 194 0 862 0
194 615 66 0 0
194 642 222 0 0
194 724 11 0 0
194 783 332 0 0
194 893 911 0 0
194 1059 499 0 0
194 1275 715 0 0
194 2122 25 0 0
194 2227 876 0 0
194 3052 118 0 0
194 3339 1680 0 0
194 4843 112 0 0
194 5547 2124 0 0
194 5938 2938 0 0
194 7217 178 0 0
194 7263 382 0 0
194 7320 121 0 0
194 7800 1839 0 0
194 7837 1873 0 0
194 7913 1176 0 0
194 8372 529 0 0
194 8376 299 0 0
194 8563 1732 0 0
194 8665 1107 0 0
194 8893 1179 0 0
194 8953 1729 0 0
194 9455 590 0 0
194 9605 253 0 0
194 12078 126 0 0
194 12119 1037 0 0
194 12458 23 0 0
194 12895 1247 0 0
194 13120 1837 0 0
194 13294 435 0 0
194 13468 750 0 0
194 14153 187 0 0
194 15786 1086 0 0
194 15879 68 0 0
194 16442 660 0 0
194 16528 1298 0 0
194 16653 1279 0 0
194 17379 1132 0 0
194 17632 714 0 0
194 17680 105 0 0
194 19026 76 0 0
194 19961 46 0 0
194 21078 84 0 0
194 21252 1735 0 0
194 24261 104 0 0
194 24473 371 0 0
194 24688 1257 0 0
194 24934 162 0 0
194 26156 678 0 0
194 26982 347 0 0
194 27087 120 0 0
194 27345 595 0 0
194 27481 87 0 0
194 27526 107 0 0
194 27995 91 0 0
194 28100 311 0 0
194 28310 128 0 0
194 28417 127 0 0
194 28465 753 0 0
194 28493 135 0 0
194 28704 702 0 0
194 29018 1227 0 0
194 29183 263 0 0
194 29803 1533 0 0
194 30992 1242 0 0
194 31233 2111 0 0
194 32144 1860 0 0
194 32579 466 0 0
194 33566 1586 0 0
194 33882 1943 0 0
194 34014 489 0 0
194 35226 1614 0 0
194 35729 1441 0 0
194 37079 625 0 0
194 37329 313 0 0
194 37673 18 0 0
194 40403 1994 0 0
194 40416 659 0 0
194 40590 463 0 0
194 42861 1081 0 0
194 43643 13 0 0
194 45084 388 0 0
194 45249 1729 0 0
194 46225 1468 0 0
194 47350 16 0 0
194 47688 48 0 0
194 48170 615 0 0
194 49249 575 0 0
194 49439 102 0 0
194 51407 265 0 0
194 52279 23 0 0
194 52836 1143 0 0
194 53809 170 0 0
194 55714 2084 0 0
194 55883 1525 0 0
194 63632 47 0 0
194 64565 1384 0 0
194 69339 36 0 0
194 69375 947 0 0
194 71583 1177 0 0
194 73128 655 0 0
194 74829 70 0 0
194 75426 306 0 0
194 79495 671 0 0
194 79536 656 0 0
194 79672 365 0 0
194 81795 454 0 0
194 82241 384 0 0
194 83007 1373 0 0
194 83335 52 0 0
194 84605 1551 0 0
194 84648 935 0 0
194 84716 2004 0 0
194 84822 701 0 0
194 85166 235 0 0
194 85187 688 0 0
194 86085 1423 0 0
194 87744 92 0 0
194 87852 1261 0 0
194 87873 53 0 0
194 90532 1548 0 0
194 90747 139 0 0
194 91713 1658 0 0
194 92610 496 0 0
194 95305 1611 0 0
194 95987 635 0 0
194 95993 505 0 0
194 97213 282 0 0
194 98978 346 0 0
194 101729 611 0 0
194 103495 39 0 0
194 104991 1290 0 0
194 107339 169 0 0
194 107730 179 0 0
194 109219 854 0 0
194 112967 1946 0 0
194 112974 101 0 0
194 113674 218 0 0
194 114588 183 0 0
194 116998 412 0 0
194 117009 16 0 0
194 119029 162 0 0
194 122773 100 0 0
194 123552 1980 0 0
194 127709 718 0 0
194 128396 19 0 0
194 128609 228 0 0
194 132756 318 0 0
194 132896 1696 0 0
194 136288 312 0 0
194 137301 260 0 0
194 137519 37 0 0
194 137969 435 0 0
194 142245 1111 0 0
194 142682 1326 0 0
194 143065 754 0 0
194 145258 41 0 0
194 145742 930 0 0
194 146450 747 0 0
194 151149 835 0 0
194 151864 457 0 0
194 154302 43 0 0
194 154983 673 0 0
194 156145 619 0 0
194 161085 647 0 0
194 165931 1241 0 0
194 166897 756 0 0
194 173149 536 0 0
194 176748 76 0 0
194 179635 37 0 0
194 179951 578 0 0
194 181773 15 0 0
194 186357 741 0 0
194 186373 347 0 0
194 187477 1267 0 0
194 192381 1175 0 0
194 192563 218 0 0
194 193965 14 0 0
194 194497 695 0 0
194 194596 88 0 0
194 196639 115 0 0
194 200837 2068 0 0
194 202471 93 0 0
194 203384 1544 0 0
194 203605 1821 0 0
194 203940 1866 0 0
194 205186 163 0 0
194 209349 26 0 0
194 209560 187 0 0
194 210264 768 0 0
194 211538 16 0 0
194 213620 1412 0 0
194 214201 806 0 0
194 214232 1850 0 0
194 215115 1846 0 0
194 215128 239 0 0
194 217954 362 0 0
194 218411 1780 0 0
194 221307 2024 0 0
194 221848 1189 0 0
194 223440 477 0 0
194 224453 939 0 0
194 224589 423 0 0
194 224870 1371 0 0
194 225717 88 0 0
194 225733 501 0 0
194 225826 633 0 0
194 225975 1408 0 0
194 227757 1303 0 0
194 230552 1487 0 0
194 230597 983 0 0
194 231929 1586 0 0
194 232082 1525 0 0
194 232272 513 0 0
194 236001 107 0 0
194 236056 840 0 0
194 237029 293 0 0
194 237315 1484 0 0
194 237896 2041 0 0
194 237937 66 0 0
194 237945 1683 0 0
194 238004 36 0 0
194 238044 857 0 0
194 238100 13 0 0
194 238150 566 0 0
194 238228 116 0 0
194 238258 1136 0 0
194 238322 28 0 0
194 238399 500 0 0
194 238476 442 0 0
194 238542 112 0 0
194 238580 1233 0 0
194 238649 1473 0 0
194 238787 1527 0 0
194 238792 125 0 0
194 238937 1329 0 0
194 239134 840 0 0
194 239214 139 0 0
194 239466 242 0 0
194 239513 958 0 0
194 239555 1389 0 0
194 239557 1490 0 0
194 239708 681 0 0
194 239937 697 0 0
194 240025 932 0 0
194 240177 161 0 0
194 240310 233 0 0
194 240701 585 0 0
194 240866 19 0 0
194 240940 83 0 0
194 241022 825 0 0
194 241047 637 0 0
194 241256 773 0 0
194 241308 320 0 0
194 241387 122 0 0
194 241566 156 0 0
194 241730 1362 0 0
194 242104 1121 0 0
194 242390 934 0 0
194 242449 384 0 0
194 242455 1205 0 0
194 242690 1474 0 0
194 242787 671 0 0
194 243146 356 0 0
194 243383 151 0 0
194 243572 224 0 0
194 243596 190 0 0
194 243734 297 0 0
194 243748 1864 0 0
194 243856 1005 0 0
194 243861 1138 0 0
194 244070 870 0 0
194 244156 249 0 0
194 244190 220 0 0
194 244302 635 0 0
194 244497 1556 0 0
194 244818 1134 0 0
194 244984 1196 0 0
194 245301 1294 0 0
194 245392 98 0 0
194 245410 127 0 0
194 246133 136 0 0
194 246223 351 0 0
194 246259 1206 0 0
194 246312 1223 0 0
194 246770 1741 0 0
194 246983 365 0 0
194 247222 1771 0 0
194 247264 1919 0 0
194 247292 605 0 0
194 247473 1114 0 0
194 247519 709 0 0
194 247659 1178 0 0
194 247685 677 0 0
194 247864 1327 0 0
194 247866 16 0 0
194 248662 370 0 0
194 249041 491 0 0
194 249075 349 0 0
194 249100 511 0 0
194 249136 39 0 0
194 249340 14 0 0
194 249535 270 0 0
194 249692 436 0 0
194 249826 2131 0 0
194 250263 884 0 0
194 250404 263 0 0
194 250761 952 0 0
194 250897 100 0 0
194 250936 175 0 0
194 251097 1050 0 0
194 251351 1311 0 0
194 251377 2075 0 0
194 251556 957 0 0
194 251622 21 0 0
194 251760 129 0 0
194 251897 77 0 0
194 251991 99 0 0
194 252271 537 0 0
194 253254 219 0 0
194 253497 100 0 0
194 253562 217 0 0
194 253740 848 0 0
194 254089 531 0 0
194 254143 1245 0 0
194 254982 989 0 0
194 254988 494 0 0
194 255264 146 0 0
194 255417 1713 0 0
194 255528 885 0 0
194 255785 707 0 0
194 255926 1536 0 0
194 256520 70 0 0
194 256913 841 0 0
194 257974 152 0 0
194 258340 539 0 0
194 258551 760 0 0
194 258584 699 0 0
194 258900 912 0 0
194 259873 583 0 0
194 260257 1119 0 0
194 260398 1466 0 0
194 260529 715 0 0
194 260959 313 0 0
194 261362 213 0 0
194 261952 1664 0 0
194 262850 71 0 0
194 263162 23 0 0
194 263588 71 0 0
194 264348 167 0 0
194 264829 151 0 0
194 265147 1321 0 0
194 265455 1382 0 0
194 265530 43 0 0
194 266071 1485 0 0
194 266254 1004 0 0
194 266264 1691 0 0
194 266744 887 0 0
194 266847 1879 0 0
194 266891 949 0 0
194 267543 1115 0 0
194 267840 54 0 0
194 268186 908 0 0
194 268724 1209 0 0
194 268741 287 0 0
194 269099 92 0 0
194 269549 73 0 0
194 269553 1393 0 0
194 269658 1002 0 0
194 269749 381 0 0
194 269949 1124 0 0
194 270420 1027 0 0
194 270569 1224 0 0
194 270711 1967 0 0
194 272471 71 0 0
194 272929 897 0 0
194 273317 181 0 0
194 273391 2121 0 0
194 273934 1353 0 0
194 274191 155 0 0
194 274193 1831 0 0
194 276034 830 0 0
194 276453 1679 0 0
194 277023 34 0 0
194 277043 135 0 0
194 279033 170 0 0
194 279739 286 0 0
194 280221 182 0 0
194 281124 113 0 0
194 282389 1460 0 0
194 282463 1334 0 0
194 282489 1310 0 0
194 282774 646 0 0
194 282935 194 0 0
194 283035 26 0 0
194 283441 838 0 0
194 283719 195 0 0
194 283882 322 0 0
194 283926 1503 0 0
194 284890 25 0 0
194 285035 27 0 0
194 285108 1106 0 0
194 285394 1734 0 0
194 285960 685 0 0
194 286517 1624 0 0
194 288834 1350 0 0
194 289155 212 0 0
194 289505 71 0 0
194 289514 2065 0 0
194 289712 93 0 0
194 290120 2104 0 0
194 290435 38 0 0
194 291649 206 0 0
194 291950 774 0 0
194 292259 866 0 0
194 292339 1848 0 0
194 293035 28 0 0
194 293867 637 0 0
194 294992 24 0 0
194 295214 1010 0 0
194 295884 1690 0 0
194 296211 966 0 0
194 296829 886 0 0
194 297194 1119 0 0
194 297870 112 0 0
194 298068 153 0 0
194 299045 652 0 0
194 299175 1481 0 0
194 300333 676 0 0
194 301292 1217 0 0
194 301645 124 0 0
194 301732 1153 0 0
194 302058 1175 0 0
194 303245 550 0 0
194 304167 60 0 0
194 306343 1124 0 0
194 307025 1315 0 0
194 307058 2004 0 0
194 307895 1922 0 0
194 310243 1742 0 0
194 312180 1718 0 0
194 312355 300 0 0
194 312664 592 0 0
194 313171 686 0 0
194 315424 131 0 0
194 315830 82 0 0
194 316190 612 0 0
194 318342 480 0 0
194 318499 1386 0 0
194 320128 1407 0 0
194 320386 743 0 0
194 321290 213 0 0
194 321723 499 0 0
194 321737 76 0 0
194 321739 187 0 0
194 321988 762 0 0
194 322069 88 0 0
194 322075 55 0 0
194 322165 834 0 0
194 322768 771 0 0
194 322806 564 0 0
194 323026 26 0 0
194 323155 49 0 0
194 323792 129 0 0
194 324481 1844 0 0
194 324568 1270 0 0
194 324693 2084 0 0
194 324892 89 0 0
194 325163 24 0 0
194 325189 41 0 0
194 325307 308 0 0
194 325614 719 0 0
194 326087 376 0 0
194 326154 173 0 0
194 326267 277 0 0
194 326430 813 0 0
194 326742 175 0 0
194 327253 1872 0 0
194 327658 65 0 0
194 327860 22 0 0
194 328378 127 0 0
194 328387 1120 0 0
194 329595 1725 0 0
194 329633 33 0 0
194 330027 383 0 0
194 330471 917 0 0
194 331094 1044 0 0
194 331279 627 0 0
194 331734 94 0 0
194 332440 511 0 0
194 332686 1823 0 0
194 332719 330 0 0
194 333140 30 0 0
194 333192 24 0 0
194 333448 265 0 0
194 334477 1039 0 0
194 334999 914 0 0
194 335092 399 0 0
194 335432 93 0 0
194 337218 193 0 0
194 338492 569 0 0
194 340076 1918 0 0
194 342063 922 0 0
194 342696 1752 0 0
194 343334 49 0 0
194 345002 580 0 0
194 346305 217 0 0
194 346892 1582 0 0
194 347712 746 0 0
194 348121 1329 0 0
194 351773 882 0 0
194 354113 1364 0 0
194 356741 266 0 0
194 356855 836 0 0
194 363058 249 0 0
194 363136 174 0 0
194 364824 322 0 0
194 366777 1597 0 0
194 367051 435 0 0
194 368280 2098 0 0
194 369038 162 0 0
194 369884 28 0 0
194 370597 46 0 0
194 372837 156 0 0
194 375770 1096 0 0
194 380773 986 0 0
194 380861 90 0 0
194 382542 15 0 0
194 383028 2046 0 0
194 384485 74 0 0
194 385111 907 0 0
194 386420 1431 0 0
194 386701 1766 0 0
194 387770 368 0 0
194 390506 1162 0 0
194 390983 142 0 0
194 399457 964 0 0
194 400071 116 0 0
194 400439 1160 0 0
194 404030 70 0 0
194 404175 1902 0 0
194 404217 1753 0 0
194 404251 103 0 0
194 405390 514 0 0
194 405704 1021 0 0
194 406021 460 0 0
194 407196 198 0 0
194 408172 1013 0 0
194 408455 1792 0 0
194 409238 288 0 0
194 409499 792 0 0
194 409933 28 0 0
194 410247 1502 0 0
194 411852 818 0 0
194 412129 274 0 0
194 412270 51 0 0
194 415713 311 0 0
194 415774 159 0 0
194 416570 792 0 0
194 416675 1093 0 0
194 419892 1389 0 0
194 419916 59 0 0
194 422289 1362 0 0
194 423148 280 0 0
194 428322 329 0 0
194 428480 134 0 0
194 431349 1425 0 0
194 433060 56 0 0
194 434128 362 0 0
194 435245 150 0 0
194 436059 914 0 0
194 439357 1521 0 0
194 440008 251 0 0
194 441078 1444 0 0
194 445659 656 0 0
194 447653 1964 0 0
194 448049 76 0 0
194 449607 458 0 0
194 450167 1924 0 0
194 450453 63 0 0
194 453665 422 0 0
194 455529 741 0 0
194 455969 1193 0 0
194 456291 260 0 0
194 459777 1551 0 0
194 460310 802 0 0
194 460523 1373 0 0
194 461226 59 0 0
194 461299 2107 0 0
194 461706 1478 0 0
194 461934 150 0 0
194 466183 298 0 0
194 470678 596 0 0
194 471712 59 0 0
194 471728 208 0 0
194 471987 1238 0 0
194 473651 21 0 0
194 474111 1700 0 0
194 474221 33 0 0
194 474281 444 0 0
194 475045 775 0 0
194 476868 604 0 0
194 477107 986 0 0
194 477496 228 0 0
194 480893 411 0 0
194 481182 68 0 0
194 482271 787 0 0
194 485309 1872 0 0
194 485610 1289 0 0
194 485947 54 0 0
194 486349 295 0 0
194 488087 65 0 0
194 488503 22 0 0
194 488547 50 0 0
194 488918 116 0 0
194 489158 878 0 0
194 489833 1867 0 0
194 489835 408 0 0
194 489992 1938 0 0
194 490873 299 0 0
194 491065 55 0 0
194 491550 618 0 0
194 492303 1554 0 0
194 492464 265 0 0
194 492788 1199 0 0
194 492925 901 0 0
194 493232 152 0 0
194 493651 396 0 0
194 494253 1315 0 0
194 494481 776 0 0
194 494595 398 0 0
194 494626 25 0 0
194 494660 898 0 0
194 496542 762 0 0
194 498654 2002 0 0
194 499155 16 0 0
194 500427 757 0 0
194 501100 21 0 0
194 502319 404 0 0
194 502728 1154 0 0
194 503175 724 0 0
194 503613 96 0 0
194 505018 1204 0 0
194 507184 28 0 0
194 509030 2010 0 0
194 510392 236 0 0
194 518398 1761 0 0
194 529976 725 0 0
194 531420 1936 0 0
194 532487 706 0 0
194 533587 400 0 0
194 540755 125 0 0
194 541345 23 0 0
194 541622 1039 0 0
194 548289 33 0 0
194 551479 1545 0 0
194 553820 928 0 0
194 554107 968 0 0
194 554898 177 0 0
194 559666 195 0 0
194 564153 593 0 0
194 564206 1722 0 0
194 574582 1180 0 0
194 577937 1228 0 0
194 579846 129 0 0
194 581024 546 0 0
194 581107 1459 0 0
194 581532 801 0 0
194 582239 374 0 0
194 583750 628 0 0
194 586344 1617 0 0
194 588110 1190 0 0
194 590948 337 0 0
194 591445 279 0 0
194 592114 149 0 0
194 592631 57 0 0
194 593129 1078 0 0
194 595667 1574 0 0
194 598393 727 0 0
194 615444 142 0 0
194 615607 1842 0 0
194 615803 1226 0 0
194 617425 1850 0 0
194 619208 192 0 0
194 619342 220 0 0
194 619765 1486 0 0
194 620026 36 0 0
194 620051 877 0 0
194 620103 334 0 0
194 621178 1367 0 0
194 621442 319 0 0
194 622432 166 0 0
194 623458 294 0 0
194 623992 521 0 0
194 624263 299 0 0
194 624337 270 0 0
194 624867 9 0 0
194 625269 256 0 0
194 625699 114 0 0
194 626969 622 0 0
194 627533 486 0 0
194 628268 128 0 0
194 628830 164 0 0
194 628928 809 0 0
194 629207 792 0 0
194 629210 420 0 0
194 630156 554 0 0
194 634748 489 0 0
194 634758 1125 0 0
194 639572 217 0 0
194 642198 510 0 0
194 642215 83 0 0
194 645575 1384 0 0
194 649249 828 0 0
194 653650 22 0 0
194 655646 666 0 0
194 657791 738 0 0
194 659133 1012 0 0
194 664540 1954 0 0
194 664567 117 0 0
194 665674 806 0 0
194 666265 217 0 0
194 666346 280 0 0
194 671584 294 0 0
194 674181 2096 0 0
194 675038 1050 0 0
194 675077 15 0 0
194 675286 377 0 0
194 675329 128 0 0
194 675479 1703 0 0
194 675545 20 0 0
194 675584 1798 0 0
194 675640 9 0 0
194 675656 396 0 0
194 675660 224 0 0
194 675755 1636 0 0
194 675943 1230 0 0
194 676010 297 0 0
194 676067 19 0 0
194 676169 158 0 0
194 676645 44 0 0
194 676679 401 0 0
194 677117 796 0 0
194 677570 32 0 0
194 677819 209 0 0
194 678027 514 0 0
194 678055 22 0 0
194 678183 928 0 0
194 678308 15 0 0
194 678692 445 0 0
194 678735 43 0 0
194 678776 1380 0 0
194 678996 336 0 0
194 679075 1055 0 0
194 679142 277 0 0
194 679167 159 0 0
194 679215 857 0 0
194 679254 833 0 0
194 679457 121 0 0
194 679476 498 0 0
194 679536 36 0 0
194 679604 527 0 0
194 679859 67 0 0
194 679995 859 0 0
194 680614 213 0 0
194 680651 12 0 0
194 681047 1143 0 0
194 681637 113 0 0
194 681801 51 0 0
194 682305 776 0 0
194 682918 67 0 0
194 683192 895 0 0
194 683469 28 0 0
194 683496 153 0 0
194 683779 79 0 0
194 684150 649 0 0
194 684267 1607 0 0
194 684394 1681 0 0
194 684920 982 0 0
194 685406 76 0 0
194 686427 563 0 0
194 686982 808 0 0
194 687106 729 0 0
194 687844 150 0 0
194 688126 557 0 0
194 688550 54 0 0
194 688578 14 0 0
194 690733 1820 0 0
194 690985 1053 0 0
194 691978 1282 0 0
194 693229 31 0 0
194 693472 105 0 0
194 693614 260 0 0
194 693871 692 0 0
194 696477 549 0 0
194 697160 1397 0 0
194 697395 985 0 0
194 700290 574 0 0
194 701695 1936 0 0
194 703619 220 0 0
194 704481 679 0 0
194 705799 731 0 0
194 705926 1517 0 0
194 708715 1714 0 0
194 709728 1037 0 0
194 711239 10 0 0
194 711251 13 0 0
194 711257 13 0 0
194 711263 14 0 0
194 711281 15 0 0
194 711304 18 0 0
194 711324 20 0 0
194 711350 22 0 0
194 711362 23 0 0
194 711375 24 0 0
194 711377 24 0 0
194 711385 24 0 0
194 711389 25 0 0
194 711406 27 0 0
194 711408 27 0 0
194 711432 29 0 0
194 711435 30 0 0
194 711446 31 0 0
194 711454 32 0 0
194 711473 34 0 0
194 711479 35 0 0
194 711517 36 0 0
194 711521 39 0 0
194 711523 39 0 0
194 711532 40 0 0
194 711534 40 0 0
194 711562 44 0 0
194 711566 44 0 0
194 711572 45 0 0
194 711574 45 0 0
194 711617 53 0 0
194 711645 56 0 0
194 711647 57 0 0
194 711656 58 0 0
194 711665 59 0 0
194 711673 60 0 0
194 711683 61 0 0
194 711687 62 0 0
194 711691 62 0 0
194 711737 68 0 0
194 711755 122 0 0
194 711759 70 0 0
194 711796 76 0 0
194 711802 76 0 0
194 711814 77 0 0
194 711836 83 0 0
194 711847 85 0 0
194 711875 90 0 0
194 711883 91 0 0
194 711893 92 0 0
194 711925 97 0 0
194 711946 100 0 0
194 711954 100 0 0
194 711980 105 0 0
194 711993 106 0 0
194 712041 114 0 0
194 712083 120 0 0
194 712095 122 0 0
194 712097 122 0 0
194 712101 123 0 0
194 712109 124 0 0
194 712140 128 0 0
194 712163 131 0 0
194 712171 132 0 0
194 712209 137 0 0
194 712239 143 0 0
194 712247 145 0 0
194 712254 146 0 0
194 712258 148 0 0
194 712270 150 0 0
194 712309 153 0 0
194 712315 154 0 0
194 712321 154 0 0
194 712331 155 0 0
194 712342 156 0 0
194 712349 157 0 0
194 712353 157 0 0
194 712357 158 0 0
194 712371 160 0 0
194 712375 160 0 0
194 712407 164 0 0
194 712417 166 0 0
194 712429 169 0 0
194 712441 171 0 0
194 712444 171 0 0
194 712492 180 0 0
194 712498 181 0 0
194 712507 182 0 0
194 712519 184 0 0
194 712521 184 0 0
194 712531 186 0 0
194 712546 189 0 0
194 712550 189 0 0
194 712553 190 0 0
194 712582 194 0 0
194 712598 196 0 0
194 712602 196 0 0
194 712626 200 0 0
194 712686 212 0 0
194 712698 215 0 0
194 712712 217 0 0
194 712727 219 0 0
194 712739 221 0 0
194 712762 224 0 0
194 712801 230 0 0
194 712807 230 0 0
194 712822 233 0 0
194 712830 234 0 0
194 712855 239 0 0
194 712857 239 0 0
194 712881 242 0 0
194 712892 246 0 0
194 712894 246 0 0
194 712905 248 0 0
194 712933 252 0 0
194 712978 259 0 0
194 712988 260 0 0
194 712990 260 0 0
194 713028 267 0 0
194 713050 270 0 0
194 713062 271 0 0
194 713080 275 0 0
194 713102 279 0 0
194 713114 282 0 0
194 713140 287 0 0
194 713152 290 0 0
194 713192 296 0 0
194 713209 298 0 0
194 713232 303 0 0
194 713237 304 0 0
194 713280 311 0 0
194 713292 313 0 0
194 713300 314 0 0
194 713302 315 0 0
194 713327 318 0 0
194 713357 326 0 0
194 713406 334 0 0
194 713409 335 0 0
194 713432 339 0 0
194 713461 345 0 0
194 713487 349 0 0
194 713503 350 0 0
194 713526 353 0 0
194 713528 353 0 0
194 713565 357 0 0
194 713581 360 0 0
194 713583 360 0 0
194 713585 361 0 0
194 713624 365 0 0
194 713645 368 0 0
194 713720 377 0 0
194 713724 378 0 0
194 713829 396 0 0
194 713875 404 0 0
194 713881 405 0 0
194 713888 407 0 0
194 713898 408 0 0
194 713949 413 0 0
194 714079 434 0 0
194 714180 450 0 0
194 714182 450 0 0
194 714282 468 0 0
194 714311 472 0 0
194 714328 475 0 0
194 714425 493 0 0
194 714486 503 0 0
194 714535 513 0 0
194 714549 514 0 0
194 714555 516 0 0
194 714557 516 0 0
194 714563 517 0 0
194 714589 520 0 0
194 714593 520 0 0
194 714603 521 0 0
194 714638 570 0 0
194 714662 544 0 0
194 714693 539 0 0
194 714707 541 0 0
194 714743 548 0 0
194 714773 553 0 0
194 714790 556 0 0
194 714846 566 0 0
194 714863 568 0 0
194 714869 570 0 0
194 714871 570 0 0
194 714884 572 0 0
194 714915 577 0 0
194 714927 579 0 0
194 714971 587 0 0
194 714975 587 0 0
194 715019 592 0 0
194 715054 597 0 0
194 715085 603 0 0
194 715095 605 0 0
194 715098 605 0 0
194 715108 609 0 0
194 715126 612 0 0
194 715134 616 0 0
194 715156 620 0 0
194 715158 620 0 0
194 715256 638 0 0
194 715259 639 0 0
194 715315 651 0 0
194 715319 651 0 0
194 715335 653 0 0
194 715352 657 0 0
194 715354 657 0 0
194 715362 658 0 0
194 715377 661 0 0
194 715395 666 0 0
194 715420 670 0 0
194 715530 687 0 0
194 715619 697 0 0
194 715633 700 0 0
194 715635 700 0 0
194 715637 700 0 0
194 715807 726 0 0
194 715828 728 0 0
194 715945 743 0 0
194 715977 746 0 0
194 716010 750 0 0
194 716062 757 0 0
194 716074 759 0 0
194 716094 762 0 0
194 716115 765 0 0
194 716148 772 0 0
194 716162 774 0 0
194 716196 782 0 0
194 716200 783 0 0
194 716202 784 0 0
194 716206 785 0 0
194 716224 788 0 0
194 716234 790 0 0
194 716272 796 0 0
194 716315 802 0 0
194 716336 807 0 0
194 716369 813 0 0
194 716405 821 0 0
194 716418 823 0 0
194 716426 824 0 0
194 716444 828 0 0
194 716458 830 0 0
194 716505 835 0 0
194 716539 839 0 0
194 716546 840 0 0
194 716665 862 0 0
194 716717 873 0 0
194 716771 883 0 0
194 716830 894 0 0
194 716863 901 0 0
194 716991 965 0 0
194 717007 921 0 0
194 717019 923 0 0
194 717023 923 0 0
194 717025 923 0 0
194 717107 934 0 0
194 717152 940 0 0
194 717163 943 0 0
194 717207 949 0 0
194 717226 953 0 0
194 717229 955 0 0
194 717248 958 0 0
194 717252 959 0 0
194 717301 967 0 0
194 717332 971 0 0
194 717343 974 0 0
194 717359 979 0 0
194 717412 988 0 0
194 717536 1009 0 0
194 717603 1023 0 0
194 717614 1024 0 0
194 717639 1032 0 0
194 717719 1048 0 0
194 717732 1052 0 0
194 717768 1056 0 0
194 717778 1059 0 0
194 717788 1060 0 0
194 717802 1063 0 0
194 717840 1070 0 0
194 717846 1089 0 0
194 717866 1076 0 0
194 717870 1077 0 0
194 717894 1082 0 0
194 717991 1099 0 0
194 718017 1105 0 0
194 718141 1124 0 0
194 718184 1129 0 0
194 718287 1144 0 0
194 718416 1166 0 0
194 718463 1177 0 0
194 718467 1177 0 0
194 718486 1180 0 0
194 718490 1180 0 0
194 718501 1183 0 0
194 718530 1189 0 0
194 718546 1192 0 0
194 718558 1194 0 0
194 718564 1195 0 0
194 718653 1217 0 0
194 718687 1222 0 0
194 718760 1232 0 0
194 718784 1237 0 0
194 718807 1241 0 0
194 718887 1258 0 0
194 718963 1277 0 0
194 718969 1279 0 0
194 719074 1327 0 0
194 719092 1299 0 0
194 719159 1314 0 0
194 719210 1324 0 0
194 719283 1338 0 0
194 719305 1342 0 0
194 719438 1368 0 0
194 719455 1369 0 0
194 719545 1382 0 0
194 719591 1390 0 0
194 719605 1393 0 0
194 719619 1396 0 0
194 719629 1397 0 0
194 719650 1404 0 0
194 719770 1413 0 0
194 719799 1421 0 0
194 719865 1432 0 0
194 719887 1434 0 0
194 719928 1446 0 0
194 719956 1451 0 0
194 719972 1455 0 0
194 720010 1461 0 0
194 720095 1480 0 0
194 720111 1482 0 0
194 720126 1484 0 0
194 720141 1487 0 0
194 720221 1501 0 0
194 720236 1504 0 0
194 720288 1512 0 0
194 720443 1542 0 0
194 720445 1542 0 0
194 720451 1543 0 0
194 720484 1551 0 0
194 720500 1553 0 0
194 720759 1598 0 0
194 720814 1612 0 0
194 720916 1633 0 0
194 720991 1649 0 0
194 720999 1650 0 0
194 721111 1673 0 0
194 721260 1683 0 0
194 721356 1700 0 0
194 721366 1702 0 0
194 721384 1704 0 0
194 721564 1735 0 0
194 721613 1743 0 0
194 721634 1747 0 0
194 721725 1770 0 0
194 721754 1775 0 0
194 721841 1791 0 0
194 721858 1793 0 0
194 721865 1794 0 0
194 721911 1803 0 0
194 722092 1834 0 0
194 722345 1887 0 0
194 722482 1920 0 0
194 722528 1930 0 0
194 722578 1943 0 0
194 722657 1955 0 0
194 722678 1960 0 0
194 722765 1977 0 0
194 722797 1981 0 0
194 722843 1990 0 0
194 722980 2016 0 0
194 723025 2023 0 0
194 723027 2024 0 0
194 723046 2026 0 0
194 723169 2051 0 0
194 723214 2061 0 0
194 723259 2069 0 0
194 723322 2082 0 0
194 723342 2087 0 0
194 723457 2105 0 0
194 723491 2114 0 0
222 51099 0 334 0
235 117194 0 1313 0
178331 697770 0 1057 0
89295 91211 0 287 0
322 12994 0 306 0
322 19338 0 837 0
322 48144 0 230 0
322 48251 0 662 0
322 53398 0 1343 0
322 67081 0 601 0
322 101065 0 154 0
322 125158 0 522 0
322 129338 0 350 0
322 144380 0 993 0
322 154016 0 953 0
322 206421 0 849 0
322 251014 0 253 0
322 272823 0 745 0
322 327846 0 1048 0
322 351641 0 625 0
322 443905 0 410 0
322 490358 0 792 0
322 700270 0 775 0
322 703368 0 80 0
322 705934 0 1135 0
322 706202 0 1021 0
322 706221 0 811 0
322 706337 0 973 0
322 706439 0 935 0
322 706474 0 905 0
322 707075 0 677 0
322 707544 0 475 0
322 708038 0 244 0
322 708614 0 57 0
322 708622 0 39 0
322 708623 0 31 0
379 405 0 4117 0
379 697770 0 3617 0
405 476 4084 0 0
405 13141 3150 0 0
405 18028 2204 0 0
405 25913 2828 0 0
405 56473 831 0 0
405 56928 3098 0 0
405 164613 35 0 0
405 196348 2957 0 0
405 227625 1040 0 0
405 244206 766 0 0
405 697015 333 0 0
405 697638 457 0 0
405 702024 1351 0 0
405 702336 1424 0 0
405 707129 2497 0 0
405 709645 3107 0 0
405 719681 4929 0 0
178513 717612 5507 0 0
434 51099 0 1509 0
528 6895 23 0 0
528 104325 79 0 0
528 392184 71 0 0
89622 697770 0 4768 0
712963 712964 0 2833 0
712 31618 0 156 0
737 315288 0 976 0
745 85504 1945 0 0
535000 699829 117 0 0
535113 714768 0 909 0
876 119279 0 499 0
884 17459 1853 0 0
884 30485 1812 0 0
884 75889 2547 0 0
884 93057 772 0 0
884 109017 506 0 0
884 126021 94 0 0
884 150360 2885 0 0
884 153517 2289 0 0
884 157325 2403 0 0
884 160849 2280 0 0
884 164448 76 0 0
884 169103 21 0 0
884 174231 3743 0 0
884 184841 1883 0 0
884 185545 3785 0 0
884 207022 2019 0 0
884 225783 1823 0 0
884 233556 1976 0 0
884 235240 1789 0 0
884 242610 2654 0 0
884 245520 2299 0 0
884 250700 2192 0 0
884 274437 2685 0 0
884 275786 1935 0 0
884 318749 2256 0 0
884 334646 1574 0 0
884 344479 3486 0 0
884 354086 1985 0 0
884 378474 1865 0 0
884 379416 2010 0 0
884 443241 2158 0 0
884 498472 59 0 0
884 556689 2817 0 0
884 661166 1839 0 0
884 662707 2681 0 0
884 703485 33 0 0
884 703584 56 0 0
884 703865 109 0 0
884 705048 370 0 0
884 705273 407 0 0
884 705349 421 0 0
884 706490 682 0 0
884 706544 695 0 0
884 707606 954 0 0
884 707932 1037 0 0
884 708021 1062 0 0
884 708984 1293 0 0
884 710165 1571 0 0
884 710819 1746 0 0
884 710826 1748 0 0
884 710870 1761 0 0
884 710882 1765 0 0
884 710915 1772 0 0
884 710936 1776 0 0
884 710982 1792 0 0
884 711000 1798 0 0
884 711019 1804 0 0
884 711061 1818 0 0
884 711153 1843 0 0
884 711206 1863 0 0
884 711208 1864 0 0
884 711295 1876 0 0
884 711344 1882 0 0
884 711706 1925 0 0
884 711722 1927 0 0
884 711751 1929 0 0
884 711967 1962 0 0
884 712000 1967 0 0
884 712088 1981 0 0
884 712183 1995 0 0
884 712213 1998 0 0
884 712278 2010 0 0
884 712313 2014 0 0
884 712367 2019 0 0
884 712388 2021 0 0
884 712455 2033 0 0
884 712459 2034 0 0
884 712557 2051 0 0
884 712646 2063 0 0
884 712657 2066 0 0
884 712665 2066 0 0
884 712682 2072 0 0
884 712760 2084 0 0
884 712775 2087 0 0
884 712935 2112 0 0
884 713100 2139 0 0
884 713148 2149 0 0
884 713265 2169 0 0
884 713321 2178 0 0
884 713323 2178 0 0
884 713334 2181 0 0
884 713414 2195 0 0
884 713731 2240 0 0
884 714445 2356 0 0
884 714493 2364 0 0
884 714726 2404 0 0
884 714798 2417 0 0
884 714859 2428 0 0
884 714933 2440 0 0
884 715266 2500 0 0
884 715542 2548 0 0
884 715576 2553 0 0
884 715783 2582 0 0
884 715815 2587 0 0
884 715830 2588 0 0
884 716128 2628 0 0
884 716387 2677 0 0
884 716469 2691 0 0
884 716501 2695 0 0
884 716642 2716 0 0
884 716745 2737 0 0
884 716769 2742 0 0
884 717058 2789 0 0
884 717260 2821 0 0
884 718238 2997 0 0
884 718251 2998 0 0
884 718336 3011 0 0
884 718657 3078 0 0
884 718838 3108 0 0
884 718919 3123 0 0
884 718934 3129 0 0
884 719248 3189 0 0
884 719336 3209 0 0
884 719378 3217 0 0
884 719410 3223 0 0
884 719423 3226 0 0
884 720377 3389 0 0
884 720606 3432 0 0
884 721033 3518 0 0
884 721043 3520 0 0
884 721263 3544 0 0
884 721586 3599 0 0
884 722315 3740 0 0
884 722826 3846 0 0
884 723346 3948 0 0
884 723498 3976 0 0
981 3913 15 0 0
981 702122 1119 0 0
1008 8715 0 555 0
179095 697770 0 1769 0
1113 9618 19 0 0
1202 710424 2501 0 0
446585 694643 0 603 0
1442 256662 0 254 0
713865 717818 662 0 0
535877 697770 0 499 0
1658 721425 4085 0 0
1664 35138 32 0 0
1781 119279 0 242 0
1940 623429 19 0 0
1949 697770 0 1515 0
1992 51099 0 19 0
2011 11452 0 52 0
2011 529825 0 1 0
2011 679614 0 103 0
2018 3946 0 1315 0
2077 386907 0 761 0
2077 697770 0 1889 0
2091 11452 0 118 0
2091 108270 0 55 0
2091 529825 0 17 0
2091 679614 0 175 0
2091 700805 0 4 0
714427 716190 288 0 0
714427 718007 609 0 0
91211 709292 1754 0 0
91211 720644 2322 0 0
2197 49820 0 117 0
714527 718679 710 0 0
714527 719204 812 0 0
714527 719652 894 0 0
714527 719785 907 0 0
714527 719922 933 0 0
714527 719999 949 0 0
714527 722107 1326 0 0
2210 570828 0 294 0
714768 723541 1571 0 0
714804 715517 8 0 0
714804 715965 67 0 0
91706 340995 35 0 0
2785 623429 26 0 0
2799 191638 83 0 0
359101 697770 0 215 0
715268 722865 977 0 0
2941 107842 0 1270 0
2941 697770 0 1130 0
92004 441450 18 0 0
181066 432577 0 169 0
3038 142980 0 159 0
3062 683536 119 0 0
448282 640675 0 21 0
3187 696266 0 3941 0
715575 715779 0 109 0
270502 693680 0 1234 0
715721 722804 1270 0 0
3683 708369 0 16 0
3692 697770 0 1341 0
3694 117194 0 2632 0
92773 693755 0 138 0
92806 94524 0 3209 0
716180 719637 622 0 0
716226 716282 9 0 0
716226 716859 112 0 0
716226 717197 159 0 0
716226 717756 267 0 0
716226 718805 453 0 0
716226 719166 526 0 0
716226 719860 643 0 0
3925 146779 0 591 0
93101 107842 0 48 0
4108 217901 229 0 0
4140 263405 66 0 0
716558 719434 526 0 0
4303 117194 0 1538 0
4303 708551 0 1425 0
4356 107842 0 2959 0
4474 44785 2985 0 0
4474 56240 36 0 0
4501 43793 231 0 0
4501 74000 541 0 0
4501 94697 381 0 0
4501 364092 2231 0 0
4501 692025 51 0 0
4501 692373 134 0 0
182584 628278 0 308 0
4534 694643 0 1219 0
183093 570828 0 38 0
183104 693680 0 5509 0
5026 24033 0 9 0
5134 703644 2671 0 0
5134 705150 2989 0 0
717592 717677 20 0 0
717592 717682 20 0 0
717744 717901 30 0 0
717744 718479 127 0 0
5506 107842 0 2830 0
5607 708593 339 0 0
183738 694643 0 3129 0
5938 51099 0 1299 0
5938 709103 0 2267 0
184033 570828 0 92 0
718418 722916 836 0 0
718418 723128 875 0 0
718572 718793 42 0 0
6285 122936 0 166 0
6297 122936 0 166 0
6307 122936 0 166 0
6311 122936 0 166 0
6315 122936 0 166 0
6317 122936 0 166 0
6319 122936 0 166 0
6325 122936 0 166 0
6347 122936 0 166 0
6353 122936 0 166 0
6355 122936 0 166 0
6369 122936 0 166 0
6611 11452 0 192 0
6611 108270 0 25 0
6611 529825 0 198 0
6611 679614 0 684 0
6667 717368 2644 0 0
363026 693680 0 1137 0
6875 697770 0 1794 0
7041 413045 0 215 0
7041 707858 1281 0 0
719458 719561 17 0 0
719458 719567 61 0 0
7206 11452 0 553 0
7206 679614 0 110 0
719561 720281 0 42 0
719561 720547 0 22 0
719561 720573 0 76 0
719561 720761 0 19 0
719561 721572 0 50 0
719561 721610 0 35 0
719561 721699 0 77 0
719561 722834 0 32 0
719561 723197 0 46 0
719567 720068 0 36 0
719567 720094 0 27 0
719567 720140 0 54 0
719567 720183 0 32 0
719567 720246 0 85 0
719567 720281 0 90 0
719567 720547 0 51 0
719567 720573 0 43 0
719567 720761 0 55 0
719567 721572 0 60 0
719567 721610 0 46 0
719567 721699 0 118 0
719567 723179 0 40 0
719567 723197 0 20 0
7361 117194 0 527 0
7361 146779 0 1034 0
7361 256662 0 2149 0
7361 689852 0 525 0
7361 697770 0 2278 0
7442 26089 0 58 0
7521 659688 391 0 0
7559 10326 1970 0 0
7559 11885 38 0 0
7559 40574 1194 0 0
7559 59493 944 0 0
7559 60682 96 0 0
7559 75537 1723 0 0
7559 82192 528 0 0
7559 126476 14 0 0
7559 135467 332 0 0
7559 394997 1009 0 0
7559 470534 883 0 0
7559 583714 2107 0 0
7559 698152 129 0 0
7559 699767 467 0 0
7559 699780 472 0 0
7559 705817 36 0 0
7559 710090 1058 0 0
7559 711477 1400 0 0
7559 711989 1471 0 0
7559 712282 1516 0 0
7559 712323 1519 0 0
7559 715093 29 0 0
7559 717813 562 0 0
7559 718568 2561 0 0
720281 722105 60 0 0
631349 697770 0 591 0
8111 54253 0 1106 0
8112 13462 0 689 0
8112 26089 0 1070 0
8112 31308 0 28 0
8126 693960 0 22 0
8169 693680 0 515 0
186311 718740 1213 0 0
720573 722105 86 0 0
631717 693680 0 1319 0
275556 672190 1174 0 0
275556 715168 82 0 0
275556 718541 651 0 0
275556 718925 724 0 0
275556 722629 1409 0 0
8496 8585 0 134 0
8496 9317 0 142 0
720909 721884 165 0 0
720909 723368 460 0 0
8585 690311 124 0 0
720966 722080 188 0 0
8715 11751 133 0 0
8715 26103 987 0 0
8715 31641 166 0 0
8715 32698 530 0 0
8715 42992 175 0 0
8715 43183 70 0 0
8715 45216 1371 0 0
8715 59203 833 0 0
8715 64303 256 0 0
8715 100920 807 0 0
8715 104538 1072 0 0
8715 107479 133 0 0
8715 117438 101 0 0
8715 118335 1253 0 0
8715 120465 352 0 0
8715 120655 820 0 0
8715 121014 718 0 0
8715 131010 1266 0 0
8715 133748 1363 0 0
8715 153209 158 0 0
8715 156357 838 0 0
8715 161871 258 0 0
8715 163754 85 0 0
8715 171546 858 0 0
8715 171866 1218 0 0
8715 172771 511 0 0
8715 188176 556 0 0
8715 200690 66 0 0
8715 200891 1193 0 0
8715 208287 42 0 0
8715 213416 22 0 0
8715 222726 28 0 0
8715 226854 1194 0 0
8715 237078 729 0 0
8715 237852 36 0 0
8715 258228 70 0 0
8715 263619 794 0 0
8715 280641 47 0 0
8715 284195 691 0 0
8715 290120 1422 0 0
8715 311756 324 0 0
8715 318260 709 0 0
8715 334235 166 0 0
8715 349157 1425 0 0
8715 355020 691 0 0
8715 378846 172 0 0
8715 398926 81 0 0
8715 405849 409 0 0
8715 422871 61 0 0
8715 438523 22 0 0
8715 445392 939 0 0
8715 464369 1360 0 0
8715 494394 940 0 0
8715 506733 72 0 0
8715 575419 215 0 0
8715 614873 432 0 0
8715 625696 68 0 0
8715 628558 1321 0 0
8715 636546 1103 0 0
8715 680188 512 0 0
8715 685064 61 0 0
8715 696904 220 0 0
8715 696927 56 0 0
8715 715658 25 0 0
8715 715686 29 0 0
8715 715708 32 0 0
8715 715715 34 0 0
8715 715733 37 0 0
8715 715735 37 0 0
8715 715739 37 0 0
8715 715749 39 0 0
8715 715792 46 0 0
8715 715817 49 0 0
8715 715824 50 0 0
8715 715836 51 0 0
8715 715844 53 0 0
8715 715854 53 0 0
8715 715871 55 0 0
8715 715875 55 0 0
8715 715882 57 0 0
8715 715888 57 0 0
8715 715920 62 0 0
8715 715933 64 0 0
8715 715953 66 0 0
8715 715993 69 0 0
8715 716092 84 0 0
8715 716098 84 0 0
8715 716122 89 0 0
8715 716204 106 0 0
8715 716215 109 0 0
8715 716227 110 0 0
8715 716378 137 0 0
8715 716439 149 0 0
8715 716481 155 0 0
8715 716483 155 0 0
8715 716497 157 0 0
8715 716531 160 0 0
8715 716552 162 0 0
8715 716596 170 0 0
8715 716608 172 0 0
8715 716761 204 0 0
8715 716808 213 0 0
8715 716878 224 0 0
8715 716961 236 0 0
8715 716972 239 0 0
8715 716983 240 0 0
8715 717015 244 0 0
8715 717060 251 0 0
8715 717097 255 0 0
8715 717183 267 0 0
8715 717383 305 0 0
8715 717419 311 0 0
8715 717421 311 0 0
8715 717436 313 0 0
8715 717461 317 0 0
8715 717478 321 0 0
8715 717480 317 0 0
8715 717500 325 0 0
8715 717513 327 0 0
8715 717519 329 0 0
8715 717525 330 0 0
8715 717570 337 0 0
8715 717644 355 0 0
8715 717706 367 0 0
8715 717740 375 0 0
8715 717742 375 0 0
8715 717748 376 0 0
8715 717763 378 0 0
8715 717942 412 0 0
8715 717967 416 0 0
8715 718039 430 0 0
8715 718043 431 0 0
8715 718126 442 0 0
8715 718332 472 0 0
8715 718399 484 0 0
8715 718401 485 0 0
8715 718503 505 0 0
8715 718505 503 0 0
8715 718897 581 0 0
8715 718981 604 0 0
8715 718988 604 0 0
8715 719044 615 0 0
8715 719114 625 0 0
8715 719231 648 0 0
8715 719361 675 0 0
8715 719370 678 0 0
8715 719386 682 0 0
8715 719393 683 0 0
8715 719513 699 0 0
8715 719573 709 0 0
8715 719621 718 0 0
8715 719687 733 0 0
8715 719881 756 0 0
8715 719898 761 0 0
8715 719963 775 0 0
8715 719974 777 0 0
8715 720057 793 0 0
8715 720082 797 0 0
8715 720120 805 0 0
8715 720128 806 0 0
8715 720161 813 0 0
8715 720339 845 0 0
8715 720425 860 0 0
8715 720477 871 0 0
8715 720502 875 0 0
8715 720507 877 0 0
8715 720743 918 0 0
8715 720752 920 0 0
8715 720769 924 0 0
8715 720846 918 0 0
8715 720938 959 0 0
8715 720960 965 0 0
8715 721085 990 0 0
8715 721108 995 0 0
8715 721120 996 0 0
8715 721226 1000 0 0
8715 721257 1005 0 0
8715 721321 1018 0 0
8715 721331 1019 0 0
8715 721573 1059 0 0
8715 721647 1071 0 0
8715 721666 1075 0 0
8715 721714 1090 0 0
8715 721808 1108 0 0
8715 721845 1113 0 0
8715 721855 1114 0 0
8715 721905 1124 0 0
8715 722006 1140 0 0
8715 722030 1144 0 0
8715 722132 1163 0 0
8715 722232 1185 0 0
8715 722362 1215 0 0
8715 722368 1231 0 0
8715 722451 1236 0 0
8715 722458 1236 0 0
8715 722644 1274 0 0
8715 722735 1291 0 0
8715 722744 1293 0 0
8715 722821 1307 0 0
8715 722835 1311 0 0
8715 722845 1313 0 0
8715 722887 1319 0 0
8715 723104 1361 0 0
8715 723265 1393 0 0
8715 723269 1394 0 0
8715 723312 1403 0 0
8715 723362 1413 0 0
8715 723468 1432 0 0
8715 723520 1441 0 0
8715 723535 1443 0 0
8715 723539 1444 0 0
8866 26381 0 535 0
8866 130535 0 5488 0
9071 238781 224 0 0
721468 721552 14 0 0
721527 721737 43 0 0
276362 697770 0 1568 0
721572 722247 129 0 0
721610 722105 112 0 0
721699 722105 74 0 0
276621 570828 0 166 0
276698 281252 661 0 0
276698 463751 111 0 0
276698 715360 25 0 0
276698 716721 240 0 0
276698 716832 261 0 0
276698 717035 291 0 0
276698 718368 524 0 0
276698 722397 1267 0 0
633110 694371 910 0 0
544102 623429 111 0 0
9929 23081 217 0 0
9929 590872 271 0 0
722330 723064 145 0 0
722380 722807 87 0 0
455471 694643 0 528 0
277445 690852 26 0 0
722825 723364 106 0 0
99556 697770 0 2445 0
277741 697770 0 293 0
456087 714527 0 1209 0
10984 74416 33 25 0
189156 660333 0 29 0
456639 660697 0 143 0
456639 705386 6 0 0
11452 14296 0 0 0
11452 20499 223 0 0
11452 55828 54 0 0
11452 480704 48 0 0
11462 693743 0 366 0
11464 165066 0 282 0
11473 693743 0 364 0
279183 693680 0 4701 0
12214 146779 0 1880 0
12520 117194 0 1825 0
12565 697770 0 1066 0
12565 701449 0 780 0
635852 697770 0 231 0
190870 714527 0 1126 0
12814 623429 4 0 0
190952 238611 73 0 0
12912 705755 0 173 0
12994 16581 257 0 0
12994 720723 1142 0 0
13057 256662 0 53 0
636668 690420 0 137 0
13462 222939 90 0 0
191755 480336 0 3797 0
13903 117194 0 760 0
370240 448282 0 3523 0
103201 711448 10 0 0
14296 108270 0 1 0
14510 679614 0 233 0
14654 699043 0 4529 0
459882 643046 0 2114 0
14699 84425 0 170 0
14699 547380 221 0 0
14699 693548 122 0 0
281958 699737 0 4540 0
103940 107842 0 431 0
14916 146779 0 1927 0
15016 24033 0 4221 0
104206 157886 0 1736 0
104351 708429 0 244 0
282468 710008 0 116 0
460596 690334 0 1701 0
15459 697920 0 531 0
15990 503700 2707 0 0
15990 705922 1360 0 0
16044 24033 0 6669 0
16116 117194 0 2734 0
194230 398990 365 0 0
461422 694643 0 1615 0
16435 68829 0 2093 0
16435 697770 0 817 0
16546 578584 184 0 0
194679 697770 0 989 0
106091 699043 0 4394 0
462259 694643 0 657 0
551670 701449 0 188 0
17702 18060 0 934 0
106771 131847 27 0 0
285035 709741 0 37 0
18028 91211 0 259 0
196153 721387 406 0 0
641565 694643 0 1036 0
18386 119279 0 81 0
18408 178513 0 3668 0
18424 87730 0 113 0
107617 693680 0 169 0
107842 109483 806 0 0
107842 110608 2487 0 0
107842 115181 4958 0 0
107842 123530 2656 0 0
107842 130176 1050 0 0
107842 171516 2985 0 0
107842 191546 4847 0 0
107842 204763 15 0 0
107842 205296 1484 0 0
107842 215695 4683 0 0
107842 221277 1961 0 0
107842 239682 1715 0 0
107842 240999 4280 0 0
107842 244514 2727 0 0
107842 245392 577 0 0
107842 247036 2468 0 0
107842 247579 1259 0 0
107842 248227 2354 0 0
107842 254456 685 0 0
107842 274757 547 0 0
107842 276632 462 0 0
107842 290120 5266 0 0
107842 297583 1799 0 0
107842 298116 2235 0 0
107842 337650 2062 0 0
107842 341724 2459 0 0
107842 378305 210 0 0
107842 378476 4455 0 0
107842 436095 3339 0 0
107842 437619 41 0 0
107842 454086 382 0 0
107842 469514 3362 0 0
107842 566068 1646 0 0
107842 574446 3204 0 0
107842 651627 2411 0 0
107842 663640 4672 0 0
107842 664285 708 0 0
107842 667841 1083 0 0
107842 693142 209 0 0
107842 697111 30 0 0
107842 697137 35 0 0
107842 697145 36 0 0
107842 697198 47 0 0
107842 697252 55 0 0
107842 697315 67 0 0
107842 697340 72 0 0
107842 697348 74 0 0
107842 697384 82 0 0
107842 697420 89 0 0
107842 697444 92 0 0
107842 697471 98 0 0
107842 697492 103 0 0
107842 697620 130 0 0
107842 697636 133 0 0
107842 697638 1078 0 0
107842 697674 141 0 0
107842 697681 142 0 0
107842 697788 161 0 0
107842 697803 164 0 0
107842 697824 168 0 0
107842 697921 192 0 0
107842 697923 192 0 0
107842 698109 223 0 0
107842 698167 233 0 0
107842 698215 241 0 0
107842 698225 243 0 0
107842 698249 247 0 0
107842 698251 248 0 0
107842 698279 256 0 0
107842 698287 257 0 0
107842 698334 264 0 0
107842 698447 286 0 0
107842 698521 300 0 0
107842 698526 301 0 0
107842 698570 309 0 0
107842 698621 320 0 0
107842 698752 351 0 0
107842 698883 376 0 0
107842 699025 409 0 0
107842 699160 439 0 0
107842 699234 457 0 0
107842 699321 475 0 0
107842 700005 624 0 0
107842 700099 645 0 0
107842 700153 658 0 0
107842 700166 661 0 0
107842 700340 697 0 0
107842 700361 700 0 0
107842 700387 707 0 0
107842 700487 724 0 0
107842 700504 726 0 0
107842 700602 744 0 0
107842 700660 757 0 0
107842 700706 763 0 0
107842 700866 793 0 0
107842 700937 808 0 0
107842 700943 810 0 0
107842 701001 821 0 0
107842 701093 836 0 0
107842 701171 855 0 0
107842 701199 859 0 0
107842 701265 874 0 0
107842 701439 912 0 0
107842 701527 928 0 0
107842 701923 1009 0 0
107842 702390 1111 0 0
107842 702423 1119 0 0
107842 702469 1128 0 0
107842 702566 1146 0 0
107842 702641 1165 0 0
107842 702645 1165 0 0
107842 702876 1229 0 0
107842 702984 1257 0 0
107842 703028 1264 0 0
107842 703033 1264 0 0
107842 703198 1299 0 0
107842 703709 1417 0 0
107842 703803 1435 0 0
107842 704046 1481 0 0
107842 704057 1487 0 0
107842 704126 1499 0 0
107842 704324 1539 0 0
107842 704361 1547 0 0
107842 704486 1573 0 0
107842 704968 1687 0 0
107842 705036 1704 0 0
107842 705069 1711 0 0
107842 705089 1715 0 0
107842 705512 1794 0 0
107842 706090 1930 0 0
107842 706136 1941 0 0
107842 706171 1950 0 0
107842 706538 2028 0 0
107842 706607 2042 0 0
107842 706714 2065 0 0
107842 706835 2096 0 0
107842 707247 2202 0 0
107842 707506 2264 0 0
107842 707520 2268 0 0
107842 707542 2274 0 0
107842 707563 2280 0 0
107842 708236 2442 0 0
107842 708262 2446 0 0
107842 708514 2510 0 0
107842 709416 2732 0 0
107842 709493 2748 0 0
107842 710433 2979 0 0
107842 710451 2982 0 0
107842 710650 3034 0 0
107842 710657 3035 0 0
107842 710717 3053 0 0
107842 710952 3119 0 0
107842 712501 3378 0 0
107842 713246 3502 0 0
107842 713766 3583 0 0
107842 714106 3633 0 0
107842 714146 3639 0 0
107842 715064 3794 0 0
107842 715211 3828 0 0
107842 715473 3872 0 0
107842 715621 3894 0 0
107842 716252 3988 0 0
107842 716376 4011 0 0
107842 716509 4031 0 0
107842 716606 4046 0 0
107842 717439 4187 0 0
107842 717561 4208 0 0
107842 717862 4271 0 0
107842 718236 4333 0 0
107842 718298 4341 0 0
107842 719225 4521 0 0
107842 719495 4571 0 0
107842 719528 4576 0 0
107842 720551 4763 0 0
107842 720826 4811 0 0
107842 720870 4819 0 0
107842 721281 4883 0 0
107842 721570 4932 0 0
107842 721606 4938 0 0
107842 721735 4968 0 0
107842 721960 5006 0 0
107842 722296 5072 0 0
107842 722652 5150 0 0
107842 722872 5191 0 0
107842 723180 5251 0 0
107842 723255 5264 0 0
107842 723335 5281 0 0
553109 701449 0 3750 0
286164 721562 37 0 0
19049 54253 0 57 0
286284 714047 39 0 0
108270 108511 195 0 0
108270 108536 196 0 0
108270 108552 195 0 0
108270 231317 2963 0 0
108270 480704 48 0 0
108270 691603 28 0 0
108270 692685 294 0 0
108270 695157 886 0 0
108270 705190 3012 0 0
464535 695350 0 4683 0
19331 693157 123 0 0
19331 700231 1662 0 0
286545 696496 0 369 0
108475 117194 0 989 0
286576 299872 96 0 0
286576 705983 13 0 0
19460 119279 0 175 0
464704 714527 0 795 0
19565 273833 0 939 0
19617 107842 0 2410 0
108694 694643 0 4080 0
19691 91706 0 1089 0
19735 529825 0 51 0
643046 717753 0 2856 0
108939 698434 0 1267 0
108955 122936 0 302 0
287071 697770 0 1323 0
198084 335804 423 0 0
198084 452163 1049 0 0
109213 718422 153 0 0
109232 696768 250 0 0
20192 20597 1408 0 0
109322 372819 0 42 0
20410 694643 0 4191 0
643740 694643 0 1889 0
20492 51099 0 173 0
20623 146779 0 63 0
110192 697770 0 2325 0
110305 719911 0 574 0
21346 444286 346 0 0
110679 709103 0 380 0
110685 282227 0 2957 0
378400 697770 0 309 0
22288 62381 72 0 0
22288 173839 1625 0 0
22288 219945 3489 0 0
22288 305280 1046 0 0
22288 478753 303 0 0
22288 640993 1258 0 0
22288 660612 502 0 0
22288 690557 259 0 0
22288 707431 4004 0 0
378461 378548 0 634 0
200431 210094 0 93 0
22368 88877 379 0 0
467657 694643 0 261 0
378788 710030 0 1237 0
646069 693296 0 405 0
22987 51099 0 103 0
112604 113267 0 788 0
112604 411392 0 815 0
23598 697770 0 409 0
23942 697918 0 127 0
24033 25866 418 0 0
24033 32344 3165 0 0
24033 35373 1003 0 0
24033 57434 987 0 0
24033 85670 1850 0 0
24033 110669 6595 0 0
24033 114527 432 0 0
24033 130687 721 0 0
24033 137967 16 0 0
24033 144952 2611 0 0
24033 155977 1111 0 0
24033 195327 6682 0 0
24033 368882 2302 0 0
24033 403340 2305 0 0
24033 604469 151 0 0
24033 626017 1872 0 0
24033 675825 168 0 0
24033 691268 1603 0 0
24033 691452 90 0 0
24033 693306 537 0 0
24033 694288 763 0 0
24033 694876 914 0 0
24033 700102 2015 0 0
24033 706884 3480 0 0
24033 710288 4307 0 0
24033 716621 5418 0 0
24033 716987 5485 0 0
24033 717625 5593 0 0
24033 723040 6592 0 0
558666 689144 0 4096 0
558666 698512 0 1932 0
24426 694643 0 3083 0
113534 697770 0 696 0
24543 153356 8 0 0
24543 153360 8 0 0
24543 153362 8 0 0
24543 153364 8 0 0
24543 153366 8 0 0
24543 153368 8 0 0
24543 719952 91 0 0
24543 720713 231 0 0
24543 720926 275 0 0
24543 722061 466 0 0
24543 722201 496 0 0
24698 122936 0 166 0
24934 340995 57 0 0
559380 697770 0 452 0
203505 694643 0 2503 0
292792 697770 0 49 0
203830 307334 0 125 0
25975 697770 0 3718 0
26089 594697 81 0 0
26089 722018 6137 0 0
115157 710730 1321 0 0
115157 717017 2384 0 0
204314 697770 0 370 0
26243 107842 0 2529 0
26381 130176 503 0 0
26381 224273 19 0 0
26381 550025 706 0 0
26381 719465 53 0 0
26773 701449 0 4019 0
383013 709103 0 1100 0
26939 51099 0 1378 0
26941 708551 0 351 0
115989 705141 0 679 0
383662 413045 0 995 0
27542 91706 0 115 0
472772 697770 0 4757 0
294714 719532 1293 0 0
116873 700628 0 2173 0
116873 719084 0 329 0
117194 117986 868 0 0
117194 151077 73 0 0
117194 162445 998 0 0
117194 180041 1470 0 0
117194 181690 121 0 0
117194 207826 2409 0 0
117194 212413 1480 0 0
117194 221776 67 0 0
117194 284657 2700 0 0
117194 313492 3194 0 0
117194 318269 1041 0 0
117194 324130 331 0 0
117194 351236 2605 0 0
117194 386279 1539 0 0
117194 411124 410 0 0
117194 426763 494 0 0
117194 442016 1858 0 0
117194 442182 459 0 0
117194 459304 167 0 0
117194 465576 1947 0 0
117194 534835 26 0 0
117194 544494 366 0 0
117194 578528 981 0 0
117194 635651 887 0 0
117194 655276 14 0 0
117194 658706 2023 0 0
117194 668661 493 0 0
117194 679546 2802 0 0
117194 682414 126 0 0
117194 687311 678 0 0
117194 687464 647 0 0
117194 696287 761 0 0
117194 702096 781 0 0
117194 706153 18 0 0
117194 706257 43 0 0
117194 706374 68 0 0
117194 707184 260 0 0
117194 707320 292 0 0
117194 707344 296 0 0
117194 707441 321 0 0
117194 707504 338 0 0
117194 707552 351 0 0
117194 707579 360 0 0
117194 707671 381 0 0
117194 707856 427 0 0
117194 708077 485 0 0
117194 708150 497 0 0
117194 708302 530 0 0
117194 708744 641 0 0
117194 708920 685 0 0
117194 709345 790 0 0
117194 709617 851 0 0
117194 710047 957 0 0
117194 712573 1463 0 0
117194 713078 1545 0 0
117194 713440 1610 0 0
117194 713902 1679 0 0
117194 714625 1795 0 0
117194 715914 2010 0 0
117194 717887 2349 0 0
117194 718186 2400 0 0
117194 718352 2425 0 0
117194 718700 2493 0 0
117194 719016 2557 0 0
117194 719072 2567 0 0
117194 719667 2678 0 0
117194 721001 2920 0 0
117194 721632 3017 0 0
117310 694643 0 1937 0
384823 694643 0 3410 0
28906 719858 140 0 0
296323 709741 0 200 0
29294 82678 9 0 0
207423 645468 0 5370 0
30169 703217 0 2728 0
119279 130324 284 0 0
119279 169097 88 0 0
119279 200846 170 0 0
119279 274528 42 0 0
119279 278978 29 0 0
119279 298989 585 0 0
119279 349656 157 0 0
119279 391311 101 0 0
119279 700361 1489 0 0
119279 709072 30 0 0
119279 709076 35 0 0
119279 709092 34 0 0
119279 709119 39 0 0
119279 709424 112 0 0
119279 709572 146 0 0
119279 709588 150 0 0
119279 709631 159 0 0
119279 709681 171 0 0
119279 709780 197 0 0
119279 710222 298 0 0
119279 710277 312 0 0
119279 710638 407 0 0
119279 711046 530 0 0
119279 711136 557 0 0
119279 715607 1271 0 0
119279 721464 2294 0 0
30305 146779 0 760 0
297439 694643 0 3919 0
30375 90534 0 120 0
30511 398072 0 692 0
564769 699829 0 617 0
386907 648958 27 0 0
386907 691778 233 0 0
31308 91706 0 507 0
31308 413045 0 475 0
31308 672564 547 0 0
654604 709103 0 964 0
31618 510279 516 0 0
31618 722974 2135 0 0
31722 117194 0 2491 0
31722 694643 0 5143 0
209838 699332 0 140 0
298975 697770 0 520 0
210094 696093 468 0 0
210094 696316 521 0 0
210094 697156 703 0 0
32106 117194 0 530 0
32288 320155 438 0 0
477563 694503 0 1841 0
656210 706620 9 0 0
656210 706771 42 0 0
33002 117194 0 2486 0
389624 705305 2883 0 0
567719 696057 651 0 0
656859 712165 26 0 0
33619 51099 0 642 0
33716 696154 0 2742 0
300874 623429 46 0 0
122936 157842 166 0 0
122936 184506 166 0 0
122936 184526 166 0 0
122936 251130 166 0 0
122936 421674 166 0 0
122936 421702 166 0 0
122936 421756 166 0 0
122936 434437 166 0 0
122936 434491 166 0 0
122936 603766 166 0 0
122936 603792 166 0 0
122936 603965 166 0 0
122936 647766 166 0 0
122936 721124 166 0 0
122936 721126 166 0 0
122936 721150 166 0 0
122936 721152 166 0 0
122936 721154 166 0 0
122936 721160 166 0 0
122936 721164 166 0 0
122936 721166 166 0 0
122936 721174 166 0 0
122936 721188 166 0 0
122936 721192 166 0 0
122936 721196 166 0 0
122936 721200 166 0 0
122936 721202 166 0 0
122936 721204 166 0 0
33908 107842 0 158 0
33937 657849 0 101 0
212026 709103 0 51 0
34000 146779 0 431 0
212119 317924 0 159 0
34191 633859 1021 0 0
34327 697770 0 4859 0
123544 697770 0 4030 0
212610 708254 0 1694 0
212610 713865 0 537 0
34689 699558 582 0 0
34967 139527 160 0 0
34967 698030 373 0 0
35145 702587 0 13 0
213537 570828 0 204 0
480704 529825 0 35 0
480704 679614 0 140 0
35576 697770 0 1102 0
35782 52873 0 22 0
124955 405420 2373 0 0
392493 694142 0 3461 0
125378 186253 0 300 0
125378 449833 0 473 0
214432 697770 0 221 0
570668 694643 0 1845 0
36507 356493 31 0 0
481736 694643 0 5543 0
570828 579671 305 0 0
570828 696904 58 0 0
570828 697023 82 0 0
570828 697031 83 0 0
570828 697247 124 0 0
570828 697268 129 0 0
570828 697368 150 0 0
570828 697378 153 0 0
570828 697430 161 0 0
570828 697543 184 0 0
570828 697629 202 0 0
570828 697881 253 0 0
570828 697944 267 0 0
570828 698046 283 0 0
570828 698619 391 0 0
570828 699043 0 7 0
570828 699071 184 0 0
570828 699076 184 0 0
570828 713920 77 0 0
570828 714073 100 0 0
570828 714358 148 0 0
570828 716855 565 0 0
36824 225842 140 0 0
36824 317958 1026 0 0
36824 438984 677 0 0
36824 707911 43 0 0
36947 252316 0 7 0
660333 723463 68 0 0
660333 723543 84 0 0
660333 723575 90 0 0
37187 695293 0 1430 0
660573 707665 1534 0 0
215464 697770 0 55 0
393606 694643 0 562 0
215563 395881 1556 0 0
38166 703217 0 3046 0
216454 278383 0 921 0
38431 51099 0 102 0
38717 107842 0 3166 0
38718 713305 393 0 0
128509 699737 0 3921 0
307232 317395 0 708 0
40273 689292 0 1584 0
129338 242919 511 0 0
129338 281317 233 0 0
129721 697929 288 0 0
129721 698720 870 0 0
129721 703282 1526 0 0
664126 699794 525 0 0
486054 697770 0 4259 0
40922 677714 0 38 0
130176 198084 0 192 0
130176 720754 0 250 0
41169 167210 0 0 0
41235 107842 0 3756 0
486522 690631 0 507 0
130535 695570 178 0 0
130535 702712 1663 0 0
130535 706531 2507 0 0
130535 707225 2677 0 0
130535 710099 3373 0 0
130687 708551 0 165 0
308830 378449 171 0 0
308830 700172 57 0 0
308830 701463 311 0 0
308830 703430 755 0 0
308830 709103 0 68 0
665112 697770 0 1372 0
398072 708929 192 0 0
41921 694643 0 2628 0
42097 275556 0 62 0
42230 697770 0 4347 0
42416 54253 0 2880 0
309863 705516 0 40 0
220867 693680 0 219 0
43314 693680 0 6042 0
221443 693680 0 57 0
578050 711750 0 225 0
222344 693680 0 2372 0
400838 694643 0 1314 0
223192 697770 0 3735 0
490358 707021 56 0 0
490358 707615 201 0 0
490358 709400 0 396 0
490358 720861 2726 0 0
45205 51099 0 144 0
45205 88455 0 2483 0
46017 51099 0 1006 0
224273 697770 0 4186 0
224364 697770 0 523 0
136026 700219 0 92 0
492526 619293 0 794 0
403740 692254 0 222 0
47593 694929 0 2410 0
136894 236310 0 1118 0
315093 610685 1416 0 0
47990 703673 77 0 0
226155 688546 0 293 0
226155 697582 0 19 0
226155 699075 0 190 0
315288 696752 501 0 0
315288 699433 1630 0 0
493426 714527 0 873 0
138191 697770 0 215 0
138479 714704 0 287 0
138594 708589 19 0 0
138594 715973 1432 0 0
49820 464600 106 0 0
495072 702853 0 76 0
317005 693680 0 572 0
317435 697294 277 0 0
673679 699829 0 98 0
228475 708551 0 2707 0
139487 714955 212 0 0
495714 694643 0 3236 0
495780 694643 0 702 0
495909 697770 0 2692 0
139826 146214 0 1498 0
317971 320338 266 0 0
317971 368471 3164 0 0
317971 716917 2371 0 0
51099 51230 333 0 0
51099 52762 231 0 0
51099 59627 132 0 0
51099 59960 569 0 0
51099 62072 918 0 0
51099 62231 62 0 0
51099 67017 796 0 0
51099 75668 1503 0 0
51099 86019 266 0 0
51099 86088 596 0 0
51099 104327 448 0 0
51099 104999 1075 0 0
51099 107428 602 0 0
51099 113887 1273 0 0
51099 115294 427 0 0
51099 116675 184 0 0
51099 118278 1230 0 0
51099 125093 47 0 0
51099 131583 1261 0 0
51099 136317 42 0 0
51099 138081 298 0 0
51099 140074 188 0 0
51099 149378 597 0 0
51099 154730 138 0 0
51099 160662 208 0 0
51099 161492 814 0 0
51099 167242 1241 0 0
51099 170634 256 0 0
51099 171866 1573 0 0
51099 173776 335 0 0
51099 176108 225 0 0
51099 188157 580 0 0
51099 194002 302 0 0
51099 200054 758 0 0
51099 201377 255 0 0
51099 206825 676 0 0
51099 206847 20 0 0
51099 209481 413 0 0
51099 218219 184 0 0
51099 227116 1741 0 0
51099 230420 1487 0 0
51099 233078 9 0 0
51099 234238 435 0 0
51099 235584 130 0 0
51099 237478 300 0 0
51099 241856 1172 0 0
51099 242152 1164 0 0
51099 243874 1721 0 0
51099 252178 468 0 0
51099 260196 827 0 0
51099 267802 15 0 0
51099 267862 169 0 0
51099 267870 552 0 0
51099 267874 759 0 0
51099 267910 25 0 0
51099 267933 757 0 0
51099 267981 18 0 0
51099 268977 757 0 0
51099 269109 109 0 0
51099 269263 1229 0 0
51099 269505 764 0 0
51099 269853 1251 0 0
51099 269904 1397 0 0
51099 270058 96 0 0
51099 270350 789 0 0
51099 270430 255 0 0
51099 270585 1161 0 0
51099 270937 966 0 0
51099 271440 42 0 0
51099 271456 1447 0 0
51099 271511 360 0 0
51099 272194 731 0 0
51099 272512 466 0 0
51099 275584 48 0 0
51099 275631 125 0 0
51099 276479 75 0 0
51099 277925 155 0 0
51099 278390 1413 0 0
51099 279299 415 0 0
51099 279920 16 0 0
51099 283705 18 0 0
51099 283807 107 0 0
51099 285175 666 0 0
51099 287667 834 0 0
51099 288576 666 0 0
51099 291410 188 0 0
51099 299751 203 0 0
51099 305461 27 0 0
51099 308744 362 0 0
51099 310530 411 0 0
51099 314103 811 0 0
51099 316485 13 0 0
51099 318103 50 0 0
51099 318950 53 0 0
51099 319645 332 0 0
51099 321853 187 0 0
51099 325720 87 0 0
51099 325838 1361 0 0
51099 328356 609 0 0
51099 333065 1552 0 0
51099 333849 264 0 0
51099 335248 1361 0 0
51099 339095 1459 0 0
51099 341144 58 0 0
51099 346739 44 0 0
51099 352685 1168 0 0
51099 356849 675 0 0
51099 361835 482 0 0
51099 374474 474 0 0
51099 382246 20 0 0
51099 382767 117 0 0
51099 386366 245 0 0
51099 394860 790 0 0
51099 406101 1372 0 0
51099 421539 400 0 0
51099 427389 432 0 0
51099 456402 22 0 0
51099 482342 400 0 0
51099 488859 505 0 0
51099 493302 1625 0 0
51099 497240 1308 0 0
51099 504275 147 0 0
51099 508645 1712 0 0
51099 514190 1578 0 0
51099 517027 1340 0 0
51099 538834 237 0 0
51099 553519 186 0 0
51099 563896 1015 0 0
51099 568966 106 0 0
51099 570407 312 0 0
51099 570797 1083 0 0
51099 574530 504 0 0
51099 581120 1703 0 0
51099 581280 373 0 0
51099 595824 436 0 0
51099 614873 1025 0 0
51099 638543 1757 0 0
51099 642745 1099 0 0
51099 651187 460 0 0
51099 654927 1277 0 0
51099 659249 82 0 0
51099 663609 191 0 0
51099 668494 54 0 0
51099 678666 515 0 0
51099 695048 1004 0 0
51099 695181 1325 0 0
51099 697031 60 0 0
51099 698434 661 0 0
51099 698781 1413 0 0
51099 701199 344 0 0
51099 701212 76 0 0
51099 703256 1510 0 0
51099 708266 77 0 0
51099 708786 233 0 0
51099 710297 117 0 0
51099 713495 14 0 0
51099 713539 19 0 0
51099 713556 21 0 0
51099 713561 22 0 0
51099 713569 23 0 0
51099 713590 27 0 0
51099 713605 28 0 0
51099 713609 28 0 0
51099 713626 30 0 0
51099 713633 32 0 0
51099 713668 38 0 0
51099 713670 38 0 0
51099 713674 38 0 0
51099 713689 39 0 0
51099 713714 42 0 0
51099 713722 43 0 0
51099 713777 54 0 0
51099 713779 55 0 0
51099 713788 57 0 0
51099 713793 57 0 0
51099 713795 57 0 0
51099 713816 61 0 0
51099 713838 63 0 0
51099 713848 65 0 0
51099 713853 65 0 0
51099 713877 70 0 0
51099 713890 72 0 0
51099 713906 74 0 0
51099 713928 76 0 0
51099 714002 87 0 0
51099 714004 87 0 0
51099 714012 89 0 0
51099 714019 90 0 0
51099 714021 90 0 0
51099 714035 92 0 0
51099 714043 92 0 0
51099 714090 101 0 0
51099 714098 102 0 0
51099 714104 102 0 0
51099 714108 102 0 0
51099 714123 105 0 0
51099 714144 108 0 0
51099 714162 110 0 0
51099 714174 113 0 0
51099 714199 118 0 0
51099 714253 127 0 0
51099 714284 133 0 0
51099 714297 135 0 0
51099 714317 138 0 0
51099 714336 140 0 0
51099 714368 148 0 0
51099 714384 151 0 0
51099 714390 152 0 0
51099 714392 153 0 0
51099 714421 158 0 0
51099 714432 158 0 0
51099 714443 160 0 0
51099 714447 161 0 0
51099 714460 163 0 0
51099 714517 175 0 0
51099 714521 179 0 0
51099 714525 176 0 0
51099 714533 178 0 0
51099 714539 178 0 0
51099 714546 179 0 0
51099 714571 183 0 0
51099 714579 184 0 0
51099 714583 185 0 0
51099 714591 185 0 0
51099 714615 188 0 0
51099 714621 189 0 0
51099 714630 190 0 0
51099 714664 198 0 0
51099 714666 198 0 0
51099 714668 199 0 0
51099 714705 206 0 0
51099 714722 209 0 0
51099 714730 211 0 0
51099 714751 213 0 0
51099 714779 219 0 0
51099 714788 221 0 0
51099 714825 227 0 0
51099 714827 227 0 0
51099 714829 227 0 0
51099 714837 230 0 0
51099 714865 233 0 0
51099 714905 241 0 0
51099 714921 243 0 0
51099 714942 247 0 0
51099 714944 247 0 0
51099 714950 249 0 0
51099 714961 250 0 0
51099 714965 251 0 0
51099 715037 259 0 0
51099 715043 260 0 0
51099 715058 262 0 0
51099 715077 267 0 0
51099 715103 271 0 0
51099 715105 272 0 0
51099 715140 282 0 0
51099 715172 288 0 0
51099 715179 289 0 0
51099 715189 293 0 0
51099 715195 295 0 0
51099 715197 295 0 0
51099 715203 296 0 0
51099 715213 297 0 0
51099 715215 297 0 0
51099 715343 320 0 0
51099 715373 325 0 0
51099 715389 330 0 0
51099 715416 334 0 0
51099 715441 337 0 0
51099 715465 340 0 0
51099 715478 342 0 0
51099 715526 351 0 0
51099 715550 353 0 0
51099 715561 355 0 0
51099 715565 356 0 0
51099 715578 358 0 0
51099 715591 359 0 0
51099 715595 360 0 0
51099 715650 368 0 0
51099 715656 368 0 0
51099 715710 376 0 0
51099 715719 377 0 0
51099 715722 378 0 0
51099 715728 379 0 0
51099 715761 383 0 0
51099 715785 387 0 0
51099 715787 389 0 0
51099 715822 392 0 0
51099 715826 393 0 0
51099 715842 395 0 0
51099 715846 396 0 0
51099 715850 396 0 0
51099 715873 398 0 0
51099 715931 406 0 0
51099 715940 407 0 0
51099 715959 409 0 0
51099 715963 409 0 0
51099 715989 412 0 0
51099 716018 416 0 0
51099 716040 419 0 0
51099 716078 425 0 0
51099 716104 428 0 0
51099 716119 431 0 0
51099 716244 455 0 0
51099 716274 461 0 0
51099 716276 461 0 0
51099 716295 464 0 0
51099 716302 466 0 0
51099 716383 481 0 0
51099 716414 487 0 0
51099 716434 490 0 0
51099 716488 499 0 0
51099 716503 500 0 0
51099 716588 512 0 0
51099 716600 514 0 0
51099 716619 515 0 0
51099 716628 518 0 0
51099 716712 536 0 0
51099 716792 552 0 0
51099 716797 553 0 0
51099 716857 565 0 0
51099 716931 577 0 0
51099 716946 578 0 0
51099 716950 579 0 0
51099 716992 584 0 0
51099 716997 584 0 0
51099 717021 588 0 0
51099 717046 592 0 0
51099 717075 595 0 0
51099 717126 602 0 0
51099 717128 602 0 0
51099 717146 604 0 0
51099 717158 607 0 0
51099 717199 613 0 0
51099 717213 615 0 0
51099 717224 617 0 0
51099 717322 635 0 0
51099 717387 648 0 0
51099 717400 650 0 0
51099 717409 653 0 0
51099 717469 662 0 0
51099 717568 680 0 0
51099 717572 680 0 0
51099 717574 681 0 0
51099 717651 700 0 0
51099 717698 707 0 0
51099 717708 710 0 0
51099 717716 711 0 0
51099 717730 717 0 0
51099 717736 718 0 0
51099 717774 723 0 0
51099 717793 726 0 0
51099 717795 727 0 0
51099 717824 731 0 0
51099 717872 742 0 0
51099 717905 749 0 0
51099 717911 749 0 0
51099 717974 759 0 0
51099 718110 780 0 0
51099 718117 784 0 0
51099 718177 794 0 0
51099 718179 794 0 0
51099 718216 798 0 0
51099 718296 810 0 0
51099 718312 812 0 0
51099 718384 826 0 0
51099 718404 828 0 0
51099 718452 841 0 0
51099 718474 844 0 0
51099 718745 894 0 0
51099 718899 925 0 0
51099 718921 929 0 0
51099 718977 946 0 0
51099 719094 964 0 0
51099 719183 982 0 0
51099 719285 1004 0 0
51099 719327 1012 0 0
51099 719340 1015 0 0
51099 719355 1017 0 0
51099 719470 1036 0 0
51099 719489 1039 0 0
51099 719524 1045 0 0
51099 719569 1052 0 0
51099 719614 1059 0 0
51099 719655 1071 0 0
51099 719772 1079 0 0
51099 719807 1088 0 0
51099 719832 1090 0 0
51099 719878 1099 0 0
51099 719909 1107 0 0
51099 719937 1113 0 0
51099 719941 1113 0 0
51099 720016 1128 0 0
51099 720059 1136 0 0
51099 720151 1155 0 0
51099 720179 1160 0 0
51099 720268 1174 0 0
51099 720408 1200 0 0
51099 720528 1223 0 0
51099 720555 1228 0 0
51099 720613 1239 0 0
51099 720695 1254 0 0
51099 720765 1265 0 0
51099 720867 1287 0 0
51099 720962 1308 0 0
51099 721228 1343 0 0
51099 721279 1352 0 0
51099 721319 1360 0 0
51099 721337 1363 0 0
51099 721421 1376 0 0
51099 721484 1387 0 0
51099 721494 1389 0 0
51099 721534 1395 0 0
51099 721678 1422 0 0
51099 721681 1422 0 0
51099 721770 1441 0 0
51099 721825 1453 0 0
51099 721880 1461 0 0
51099 721930 1471 0 0
51099 722000 1481 0 0
51099 722002 1482 0 0
51099 722044 1489 0 0
51099 722090 1497 0 0
51099 722128 1505 0 0
51099 722153 1510 0 0
51099 722163 1512 0 0
51099 722179 1515 0 0
51099 722207 1522 0 0
51099 722253 1532 0 0
51099 722373 1561 0 0
51099 722571 1606 0 0
51099 722610 1611 0 0
51099 722676 1625 0 0
51099 722698 1628 0 0
51099 722781 1644 0 0
51099 722853 1656 0 0
51099 722861 1657 0 0
51099 722957 1676 0 0
51099 722972 1679 0 0
51099 722985 1682 0 0
51099 723132 1708 0 0
51099 723282 1740 0 0
51099 723305 1744 0 0
51099 723533 1786 0 0
674452 694643 0 5038 0
51228 107842 0 1580 0
51431 623429 14 0 0
140518 709103 0 80 0
51946 695293 0 17 0
408691 597616 66 0 0
408691 663010 307 0 0
408691 718330 950 0 0
408691 721700 1562 0 0
319775 697770 0 296 0
52722 198084 0 155 0
52873 61219 1268 0 0
52873 260196 195 0 0
52873 704964 64 0 0
52873 704986 71 0 0
52873 719567 2962 0 0
141919 153681 0 19 0
231081 720909 0 162 0
676557 693680 0 4726 0
231595 362752 0 27 0
142980 275323 107 0 0
54253 83650 19 0 0
54253 703322 293 0 0
54253 703511 336 0 0
54253 703661 371 0 0
54253 706440 185 0 0
54253 708962 801 0 0
54253 717185 2320 0 0
54280 697770 0 2673 0
54513 701449 0 3950 0
232994 697770 0 5073 0
411392 718175 26 0 0
589665 693680 0 1808 0
55649 130176 70 0 0
55649 221277 994 0 0
55649 224273 3431 0 0
55649 705838 894 0 0
144788 699043 0 618 0
233883 713076 225 0 0
233883 718923 1214 0 0
55828 679614 0 807 0
679662 694643 0 1030 0
56473 697770 0 421 0
234572 275556 0 94 0
680130 693680 0 202 0
56928 697770 0 2628 0
591237 708551 0 107 0
146214 147381 35 0 0
146214 721058 1856 0 0
413394 694072 315 0 0
680562 695468 0 102 0
680697 697770 0 270 0
146529 697770 0 629 0
680854 710380 15 0 0
146615 508387 78 0 0
57648 709134 935 0 0
146779 162412 654 0 0
146779 166388 2705 0 0
146779 186255 26 0 0
146779 191581 27 0 0
146779 227950 395 0 0
146779 257149 656 0 0
146779 434549 1728 0 0
146779 466655 35 0 0
146779 502616 40 0 0
146779 515813 262 0 0
146779 596242 3830 0 0
146779 633011 23 0 0
146779 664262 2996 0 0
146779 703745 13 0 0
146779 703770 18 0 0
146779 703799 24 0 0
146779 703962 51 0 0
146779 704203 105 0 0
146779 704214 107 0 0
146779 704265 116 0 0
146779 704317 127 0 0
146779 704434 148 0 0
146779 704523 169 0 0
146779 704688 205 0 0
146779 705416 367 0 0
146779 705523 384 0 0
146779 705605 402 0 0
146779 706718 656 0 0
146779 707027 737 0 0
146779 707741 916 0 0
146779 709491 1336 0 0
146779 710057 1612 0 0
146779 710370 1546 0 0
146779 711322 1805 0 0
146779 713712 2162 0 0
146779 719025 3074 0 0
146906 694653 0 59 0
236044 710436 0 1981 0
681406 690334 0 1483 0
58206 256662 0 1 0
58406 702345 0 21 0
148232 282227 0 102 0
326835 697770 0 1865 0
59808 222315 0 5038 0
149103 694643 0 888 0
149295 570828 0 46 0
505834 694503 0 2059 0
327846 683013 20 0 0
684471 699829 911 0 0
61200 720281 0 255 0
61200 720547 0 215 0
61200 720573 0 63 0
61219 719458 0 81 0
61219 720246 0 26 0
61219 721572 0 73 0
684522 720909 0 409 0
61416 146779 0 2373 0
61549 591237 89 0 0
685597 699829 488 0 0
62427 117194 0 216 0
241952 710740 988 0 0
420186 420187 0 370 0
420187 676102 0 47 0
420187 684471 0 71 0
420187 685825 0 175 0
420187 689762 0 21 0
420187 689870 0 159 0
420187 691246 0 92 0
420187 691296 0 21 0
420187 692620 0 51 0
420187 692658 0 38 0
420187 692667 0 31 0
420187 693063 244 0 0
420187 693450 0 54 0
420187 694129 0 20 0
64119 117194 0 540 0
331635 690054 84 0 0
687872 699976 948 0 0
65576 394895 189 0 0
65576 702372 274 0 0
65597 256662 0 408 0
421872 692080 13 0 0
689036 689870 55 27 0
154812 690122 259 0 0
154812 691118 508 0 0
65777 107842 0 2148 0
243874 697770 0 1899 0
689292 689871 135 0 0
66099 697770 0 2011 0
689864 690140 0 9 0
244707 692082 444 0 0
66701 501187 0 52 0
66703 501187 0 52 0
66705 501187 0 52 0
66707 501187 0 52 0
66709 501187 0 52 0
66711 501187 0 52 0
66713 501187 0 52 0
66715 501187 0 52 0
66717 501187 0 52 0
66719 501187 0 52 0
66721 501187 0 52 0
66723 501187 0 52 0
66725 501187 0 52 0
66727 501187 0 52 0
690140 695841 1360 0 0
690191 694277 983 0 0
690191 705269 3337 0 0
690334 710964 4676 0 0
690334 715006 5340 0 0
690334 716329 5556 0 0
690334 720341 6273 0 0
67257 697770 0 2462 0
67283 117194 0 1497 0
67289 111674 176 0 0
67289 318103 146 0 0
67289 374280 275 0 0
67289 476237 76 0 0
67289 546202 123 0 0
67289 636725 246 0 0
67289 717592 0 19 0
67289 722194 18 0 0
67289 722464 78 0 0
67289 722557 99 0 0
67289 722669 120 0 0
67289 722684 123 0 0
67289 722733 132 0 0
67289 722966 176 0 0
67289 723126 205 0 0
67289 723417 263 0 0
67289 723444 266 0 0
67289 723515 281 0 0
67289 723570 290 0 0
67289 723579 292 0 0
67388 709278 460 0 0
690772 721041 6304 0 0
334694 716226 0 387 0
423773 623429 8 0 0
691002 696217 1222 0 0
156833 712159 2353 0 0
67835 722224 2309 0 0
156948 722032 4636 0 0
67971 695779 0 37 0
691296 694844 154 0 0
691349 691591 49 0 0
157121 503128 0 39 0
691369 691484 23 0 0
691369 709138 3961 0 0
68110 432577 0 12 0
691514 703041 2534 0 0
691762 695313 0 3395 0
68570 699789 0 20 0
424977 694929 0 889 0
424977 697770 0 343 0
692119 696543 1040 0 0
68842 697770 0 3886 0
514190 697770 0 35 0
692420 693151 179 0 0
692528 697770 0 7 0
158298 697770 0 60 0
692648 705747 2845 0 0
692779 709048 3609 0 0
692779 718786 5397 0 0
692935 693649 175 0 0
692984 694439 340 0 0
425992 697770 0 4905 0
693185 693382 47 0 0
693185 693458 63 0 0
693185 693581 91 0 0
693296 713159 4324 0 0
693386 694983 387 0 0
159377 708551 0 705 0
693625 695023 342 0 0
693680 694035 86 0 0
693680 694240 131 0 0
693680 694315 148 0 0
693680 694397 167 0 0
693680 694423 174 0 0
693680 694495 194 0 0
693680 694601 216 0 0
693680 694654 230 0 0
693680 694714 249 0 0
693680 694735 255 0 0
693680 694809 275 0 0
693680 694821 278 0 0
693680 694953 311 0 0
693680 695048 336 0 0
693680 695564 444 0 0
693680 695685 465 0 0
693680 695865 506 0 0
693680 695914 516 0 0
693680 696729 707 0 0
693680 697142 785 0 0
693680 697416 837 0 0
693680 698026 959 0 0
693680 698062 962 0 0
693680 698912 1131 0 0
693680 699675 1298 0 0
693680 700280 1431 0 0
693680 700407 1460 0 0
693680 700796 1527 0 0
693680 701343 1642 0 0
693680 701599 1691 0 0
693680 702086 1792 0 0
693680 702408 1864 0 0
693680 702770 1949 0 0
693680 702959 2000 0 0
693680 704095 2243 0 0
693680 704707 2367 0 0
693680 704887 2414 0 0
693680 705023 2451 0 0
693680 705474 2535 0 0
693680 705641 2571 0 0
693680 708314 3206 0 0
693680 710550 3757 0 0
693680 710648 3783 0 0
693680 714263 4410 0 0
693680 716422 4768 0 0
693680 716763 4827 0 0
693680 717439 5009 0 0
693680 717708 5013 0 0
693680 722690 5906 0 0
70442 87730 0 513 0
70442 697770 0 3471 0
693743 702545 1876 0 0
159539 715083 28 0 0
693836 710349 0 111 0
159644 706520 124 0 0
159695 709422 1412 0 0
159695 714340 2351 0 0
70657 709103 0 42 0
694010 706215 2628 0 0
694011 695552 362 0 0
515948 697770 0 659 0
694139 694260 25 0 0
694142 705675 2469 0 0
694142 720689 5423 0 0
160126 697770 0 605 0
694373 703989 1946 0 0
694396 695126 183 0 0
160152 705476 0 19 0
516412 694643 0 4067 0
694503 694727 58 0 0
694643 697258 1222 0 0
694643 697297 586 0 0
694643 697547 634 0 0
694643 697684 665 0 0
694643 697709 669 0 0
694643 697914 709 0 0
694643 698558 828 0 0
694643 698761 875 0 0
694643 699568 1043 0 0
694643 699931 1132 0 0
694643 700933 1329 0 0
694643 701650 1475 0 0
694643 702811 1734 0 0
694643 703555 1905 0 0
694643 703625 1922 0 0
694643 703657 1929 0 0
694643 705294 2268 0 0
694643 705393 2292 0 0
694643 707310 2735 0 0
694643 710234 3445 0 0
694643 713818 4113 0 0
694643 714806 4274 0 0
694643 715935 4459 0 0
694643 716064 4474 0 0
694643 716467 4548 0 0
694643 716985 4635 0 0
694643 717415 4705 0 0
694643 719432 5084 0 0
694643 720295 5230 0 0
694643 720383 5248 0 0
694643 720574 5283 0 0
694643 722036 5540 0 0
694643 722120 5556 0 0
694643 723048 5743 0 0
71556 148529 2422 0 0
71556 214769 169 0 0
71556 216171 2202 0 0
71556 217215 709 0 0
71556 218022 1427 0 0
71556 302227 935 0 0
71556 307232 55 0 0
71556 471799 3445 0 0
71556 705296 72 0 0
71556 705366 88 0 0
71556 705398 98 0 0
71556 705645 147 0 0
71556 705647 147 0 0
71556 705649 148 0 0
71556 705669 153 0 0
71556 705712 165 0 0
71556 705820 192 0 0
71556 705824 193 0 0
71556 705851 199 0 0
71556 705869 203 0 0
71556 705979 234 0 0
71556 706309 303 0 0
71556 706448 334 0 0
71556 707401 560 0 0
71556 707722 646 0 0
71556 708411 810 0 0
71556 708445 819 0 0
71556 708573 848 0 0
71556 709564 1091 0 0
71556 710841 1413 0 0
71556 713533 1875 0 0
71556 717804 2584 0 0
71556 718959 2797 0 0
71562 712565 0 43 0
694897 696067 251 0 0
694929 695004 35 0 0
694929 695046 31 0 0
694929 695106 42 0 0
694929 695153 50 0 0
694929 695222 65 0 0
694929 695253 71 0 0
694929 695783 184 0 0
694929 696267 288 0 0
694929 696413 332 0 0
694929 696862 422 0 0
694929 697072 466 0 0
694929 697216 15 0 0
694929 697370 523 0 0
694929 697510 549 0 0
694929 698269 697 0 0
694929 699051 1246 0 0
694929 699330 921 0 0
694929 699423 939 0 0
694929 699531 960 0 0
694929 700104 1090 0 0
694929 700483 1864 0 0
694929 702434 1564 0 0
694929 702617 1603 0 0
694929 702865 1672 0 0
694929 702880 1674 0 0
694929 704124 1943 0 0
694929 705908 2329 0 0
694929 710322 3389 0 0
694929 710516 3438 0 0
694929 717459 4635 0 0
694929 717581 4657 0 0
694929 720896 5267 0 0
249750 256848 1091 0 0
249750 711861 138 0 0
249750 712113 175 0 0
249750 713691 424 0 0
695150 695584 3680 0 0
695350 697119 383 0 0
695361 703374 1691 0 0
161207 627357 0 811 0
695466 695598 26 0 0
695466 696320 182 0 0
517516 697770 0 206 0
517691 694643 0 3514 0
72518 697770 0 2360 0
696154 707033 2328 0 0
72939 157886 0 1254 0
696266 696908 145 0 0
696266 697074 179 0 0
251097 296323 0 2599 0
696372 696547 46 0 0
696372 697063 143 0 0
696372 698492 417 0 0
696372 699612 657 0 0
518333 697770 0 324 0
696437 701363 1003 0 0
696437 707965 2487 0 0
696496 701233 962 0 0
251323 693680 0 3643 0
696595 697611 195 0 0
696595 698854 438 0 0
696595 699684 618 0 0
696595 701040 893 0 0
696595 701470 983 0 0
696595 702839 1286 0 0
696595 704172 1577 0 0
696595 710132 2968 0 0
696595 710426 3044 0 0
696595 717714 4309 0 0
696595 723101 5301 0 0
251422 277225 0 311 0
696815 707854 2381 0 0
162757 705975 734 0 0
429915 694471 176 0 0
340995 377845 0 95 0
340995 394577 0 45 0
340995 689036 0 36 0
340995 693761 0 43 0
340995 693836 0 27 0
340995 693849 0 34 0
340995 698536 0 440 0
340995 699507 0 227 0
340995 704785 0 2702 0
340995 707928 0 1958 0
340995 709983 0 51 0
340995 710027 0 54 0
340995 710138 0 45 0
697175 697577 76 0 0
697221 697770 0 327 0
163023 707652 1944 0 0
430232 708742 134 0 0
697509 701294 777 0 0
252316 691814 35 0 0
74395 117194 0 539 0
74406 697770 0 192 0
697770 697837 14 0 0
697770 697883 25 0 0
697770 697906 27 0 0
697770 697946 39 0 0
697770 697956 40 0 0
697770 697976 42 0 0
697770 697985 46 0 0
697770 697989 47 0 0
697770 698000 49 0 0
697770 698030 53 0 0
697770 698035 54 0 0
697770 698086 61 0 0
697770 698106 65 0 0
697770 698137 71 0 0
697770 698143 73 0 0
697770 698174 77 0 0
697770 698317 105 0 0
697770 698325 106 0 0
697770 698398 118 0 0
697770 698426 124 0 0
697770 698450 130 0 0
697770 698539 145 0 0
697770 698545 147 0 0
697770 698549 148 0 0
697770 698658 172 0 0
697770 698730 300 0 0
697770 698798 202 0 0
697770 698807 204 0 0
697770 698852 214 0 0
697770 699012 248 0 0
697770 699033 253 0 0
697770 699046 257 0 0
697770 699195 294 0 0
697770 699290 311 0 0
697770 699575 368 0 0
697770 699586 371 0 0
697770 699715 404 0 0
697770 699718 404 0 0
697770 699802 420 0 0
697770 699844 431 0 0
697770 699956 456 0 0
697770 700194 509 0 0
697770 700228 514 0 0
697770 700271 524 0 0
697770 700434 558 0 0
697770 700530 575 0 0
697770 700535 575 0 0
697770 700624 591 0 0
697770 700674 603 0 0
697770 700700 606 0 0
697770 700803 622 0 0
697770 701044 670 0 0
697770 701053 671 0 0
697770 701157 696 0 0
697770 701185 699 0 0
697770 701258 716 0 0
697770 701374 743 0 0
697770 701445 755 0 0
697770 701493 762 0 0
697770 701633 794 0 0
697770 701699 811 0 0
697770 701880 845 0 0
697770 701894 847 0 0
697770 702350 971 0 0
697770 702425 962 0 0
697770 702460 968 0 0
697770 702486 976 0 0
697770 702519 983 0 0
697770 702997 1101 0 0
697770 703112 1123 0 0
697770 703449 1208 0 0
697770 703502 1214 0 0
697770 703516 1218 0 0
697770 703529 1221 0 0
697770 703917 1297 0 0
697770 704419 1399 0 0
697770 704599 1438 0 0
697770 704667 1462 0 0
697770 704805 1485 0 0
697770 705132 1565 0 0
697770 705480 1631 0 0
697770 705578 1650 0 0
697770 705665 1669 0 0
697770 705695 1677 0 0
697770 705762 1694 0 0
697770 705791 1703 0 0
697770 706200 1798 0 0
697770 706399 1841 0 0
697770 706412 1843 0 0
697770 706853 1947 0 0
697770 707218 2036 0 0
697770 707245 2044 0 0
697770 707824 2188 0 0
697770 708008 2237 0 0
697770 708467 2344 0 0
697770 709302 2551 0 0
697770 709590 2614 0 0
697770 709635 2624 0 0
697770 709661 2632 0 0
697770 710108 2737 0 0
697770 710202 2758 0 0
697770 710275 2776 0 0
697770 710576 2858 0 0
697770 710789 2915 0 0
697770 711195 3034 0 0
697770 712448 3210 0 0
697770 712868 3280 0 0
697770 713444 3380 0 0
697770 713661 3410 0 0
697770 714049 3469 0 0
697770 714334 3514 0 0
697770 714652 3568 0 0
697770 715676 3745 0 0
697770 716524 3877 0 0
697770 717565 4053 0 0
697770 717993 4139 0 0
697770 718159 4164 0 0
697770 718372 4197 0 0
697770 718552 4232 0 0
697770 718689 4261 0 0
697770 718735 4267 0 0
697770 718930 4305 0 0
697770 719644 4442 0 0
697770 720113 4521 0 0
697770 720136 4525 0 0
697770 720177 4534 0 0
697770 720449 4581 0 0
697770 720957 4680 0 0
697770 721584 4778 0 0
697770 723004 5059 0 0
697770 723219 5102 0 0
697770 723513 5157 0 0
697864 697865 0 26 0
697997 707889 2156 0 0
253196 623429 19 0 0
164232 575513 0 51 0
164232 579866 0 54 0
164232 689852 0 51 0
164234 575513 0 51 0
164234 579866 0 54 0
164234 689852 0 51 0
164236 575513 0 51 0
164236 579866 0 54 0
164236 689852 0 51 0
164239 575513 0 51 0
164239 579866 0 54 0
164239 689852 0 51 0
164241 575513 0 51 0
164241 579866 0 54 0
164241 689852 0 51 0
164245 575513 0 51 0
164245 579866 0 54 0
164245 689852 0 51 0
164249 575513 0 51 0
164249 579866 0 54 0
164249 689852 0 51 0
164251 575513 0 51 0
164251 579866 0 54 0
164251 689852 0 51 0
698536 707657 2002 0 0
698806 700502 58 0 0
699043 699069 7 0 0
699043 699071 7 0 0
699043 699076 7 0 0
699043 699979 206 0 0
699043 701105 706 0 0
699043 702367 694 0 0
431984 623429 20 0 0
610250 610343 186 0 0
699332 700235 194 0 0
699332 701231 391 0 0
699332 701688 487 0 0
699332 703966 986 0 0
699521 699690 40 0 0
610585 714527 0 829 0
432577 703845 36 0 0
165491 697770 0 429 0
699829 699877 101 0 0
699829 700115 0 90 0
699829 700396 126 0 0
699829 700714 183 0 0
699829 700731 185 0 0
699829 700956 229 0 0
699829 701137 265 99 0
699829 701577 355 0 0
699829 702334 518 0 0
699829 702860 1325 0 0
699829 704646 1023 0 0
699829 705183 1147 0 0
699829 711548 0 26 0
699829 715308 0 244 0
699829 716730 0 26 0
699877 700115 0 202 0
343797 709888 531 0 0
255079 723379 488 0 0
700331 713807 2896 0 0
77062 340995 1102 0 0
344518 697770 0 124 0
700848 701119 52 0 0
77714 697770 0 4949 0
701373 706733 1171 0 0
701396 702084 137 0 0
701396 706733 1169 0 0
78111 707797 375 0 0
78111 708044 440 0 0
256661 256662 0 206 0
256662 258490 219 0 0
256662 259665 545 0 0
256662 259772 555 0 0
256662 260585 639 0 0
256662 261192 709 0 0
256662 262161 193 0 0
256662 263295 219 0 0
256662 388552 567 0 0
256662 418321 4754 0 0
256662 695179 975 0 0
256662 700047 341 0 0
701890 702056 37 34 0
702084 704188 0 850 0
702084 705050 0 296 0
702084 709453 0 386 0
702084 710597 0 92 0
702084 715308 0 765 0
346049 697770 0 295 0
79098 697770 0 975 0
79172 222315 0 628 0
435363 697175 0 501 0
79384 690191 0 229 0
79518 694643 0 1112 0
435766 696595 0 2309 0
168698 722911 3507 0 0
703207 706577 735 0 0
703217 717784 2950 0 0
258217 705560 37 0 0
258217 708069 641 0 0
703616 704369 148 0 0
703851 705619 376 0 0
169806 694929 0 839 0
348022 697770 0 3671 0
704436 706076 365 0 0
437425 710175 0 74 0
81434 212486 110 0 0
81434 704342 33 0 0
81434 705205 33 0 0
705050 717931 70 0 0
705055 705452 77 0 0
705055 706299 269 0 0
705055 710846 1385 0 0
438060 697770 0 2213 0
260034 709930 1738 0 0
705516 711934 0 749 0
705755 716477 2180 0 0
705755 717389 2331 0 0
260670 697770 0 1926 0
172032 694643 0 2185 0
261292 261639 218 0 0
261292 309666 0 12 0
261292 694643 0 111 0
261292 697258 1111 52 0
261292 707289 0 535 0
261292 709091 0 96 0
83619 689791 0 381 0
439804 716226 0 184 0
706958 707169 51 0 0
707168 713611 1377 0 0
351099 697770 0 3000 0
707337 707405 16 0 0
707337 712207 1113 0 0
351375 705755 0 2146 0
707585 723537 3031 0 0
707718 708181 112 0 0
707718 708365 151 0 0
707718 721686 2635 0 0
707852 719281 2183 0 0
707852 722172 34 0 0
262723 292777 96 0 0
262723 482342 1573 0 0
262723 693839 537 0 0
262723 701179 2101 0 0
262723 702067 2285 0 0
708273 708401 34 0 0
530205 699789 0 4621 0
530373 690334 0 1227 0
530373 694643 0 201 0
708551 708696 36 0 0
708551 714334 1199 0 0
174465 710988 4233 0 0
85460 707761 0 750 0
709103 709538 103 0 0
709103 709675 136 0 0
709103 710966 500 0 0
709180 710389 287 0 0
709664 716646 1264 0 0
353619 395881 705 0 0
709805 710193 60 0 0
710026 712103 440 0 0
710436 714008 640 0 0
710436 715741 932 0 0
87730 147451 274 0 0
87730 187362 6 0 0
711158 714484 519 0 0
711446 717592 0 63 0
711644 712344 164 0 0
711644 712587 242 0 0
711644 715672 649 0 0
711644 719991 1361 0 0
622622 705789 991 0 0
177578 362777 471 0 0
712200 715309 513 0 0
