1 1 1 1
8 1 1 1
34 1 1 1
158 1 1 1
222 2 2 1
235 1 1 1
322 33 33 1
379 2 2 1
434 1 1 1
476 1 1 1
615 1 1 1
642 1 1 1
712 1 1 1
724 1 1 1
737 1 1 1
783 1 1 1
876 1 1 1
893 1 1 1
1008 1 1 1
1059 1 1 1
1275 1 1 1
1295 1 1 1
1372 1 1 1
1442 1 1 1
1781 1 1 1
1949 1 1 1
1971 1 1 1
1992 1 1 1
2011 5 5 1
2018 1 1 1
2077 3 3 1
2091 6 6 1
2122 2 1 0.5
2197 1 1 1
2210 1 1 1
2227 1 1 1
2229 1 1 1
2941 3 3 1
3038 2 2 1
3052 1 1 1
3187 1 1 1
3339 1 1 1
3683 1 1 1
3692 1 1 1
3694 1 1 1
3913 1 1 1
3925 1 1 1
4303 2 2 1
4356 1 1 1
4534 1 1 1
4843 1 1 1
5026 1 1 1
5506 1 1 1
5547 1 1 1
5938 4 4 1
6285 1 1 1
6297 1 1 1
6307 1 1 1
6311 1 1 1
6315 1 1 1
6317 1 1 1
6319 1 1 1
6325 1 1 1
6347 1 1 1
6353 1 1 1
6355 1 1 1
6369 1 1 1
6611 5 5 1
6875 1 1 1
6895 1 1 1
7041 2 1 0.5
7206 2 2 1
7217 1 1 1
7263 1 1 1
7320 1 1 1
7361 6 6 1
7442 1 1 1
7800 1 1 1
7837 1 1 1
7913 1 1 1
8111 2 2 1
8112 3 3 1
8126 1 1 1
8169 1 1 1
8372 1 1 1
8376 1 1 1
8432 2 1 0.5
8496 2 2 1
8517 1 1 1
8563 1 1 1
8635 1 1 1
8665 1 1 1
8866 2 2 1
8893 1 1 1
8953 1 1 1
9328 1 1 1
9455 1 1 1
9605 1 1 1
9618 1 1 1
10326 1 1 1
10984 4 1 0.25
11462 1 1 1
11464 1 1 1
11473 1 1 1
11751 1 1 1
11885 1 1 1
12078 3 1 0.333333
12119 1 1 1
12214 1 1 1
12222 1 1 1
12458 1 1 1
12520 1 1 1
12565 3 3 1
12895 1 1 1
12912 1 1 1
13057 1 1 1
13120 1 1 1
13141 1 1 1
13294 1 1 1
13468 1 1 1
13903 1 1 1
14153 1 1 1
14296 2 1 0.5
14510 2 2 1
14654 1 1 1
14699 2 1 0.5
14916 1 1 1
15016 1 1 1
15459 2 1 0.5
15786 1 1 1
15879 1 1 1
16044 1 1 1
16116 1 1 1
16289 1 1 1
16435 4 4 1
16442 1 1 1
16528 1 1 1
16581 1 1 1
16653 1 1 1
17379 1 1 1
17459 1 1 1
17632 1 1 1
17680 2 2 1
17702 1 1 1
18006 1 1 1
18028 5 5 1
18386 1 1 1
18408 1 1 1
18424 1 1 1
19026 1 1 1
19049 1 1 1
19460 1 1 1
19565 1 1 1
19617 1 1 1
19691 1 1 1
19735 1 1 1
19961 1 1 1
20410 1 1 1
20492 1 1 1
20499 1 1 1
20597 2 1 0.5
20623 1 1 1
20673 1 1 1
20988 1 1 1
21078 1 1 1
21252 1 1 1
22579 1 1 1
22987 2 1 0.5
23081 1 1 1
23598 1 1 1
23942 1 1 1
24261 1 1 1
24309 1 1 1
24426 1 1 1
24473 1 1 1
24688 1 1 1
24698 1 1 1
24934 3 1 0.333333
25495 1 1 1
25866 1 1 1
25913 1 1 1
25975 1 1 1
26103 1 1 1
26156 1 1 1
26243 2 2 1
26773 1 1 1
26939 1 1 1
26941 1 1 1
26975 1 1 1
26982 1 1 1
27087 1 1 1
27291 1 1 1
27345 1 1 1
27481 1 1 1
27526 2 1 0.5
27542 1 1 1
27995 1 1 1
28100 1 1 1
28310 1 1 1
28417 1 1 1
28465 1 1 1
28493 1 1 1
28704 1 1 1
29018 2 2 1
29183 1 1 1
29803 1 1 1
30169 1 1 1
30305 1 1 1
30375 1 1 1
30485 1 1 1
30511 1 1 1
30992 1 1 1
31233 1 1 1
31308 4 2 0.5
31641 1 1 1
31722 2 2 1
32106 1 1 1
32120 1 1 1
32144 1 1 1
32344 1 1 1
32579 1 1 1
32698 1 1 1
33002 1 1 1
33566 1 1 1
33619 1 1 1
33716 1 1 1
33882 1 1 1
33908 1 1 1
33937 1 1 1
34000 2 2 1
34014 1 1 1
34192 1 1 1
34327 1 1 1
35138 1 1 1
35145 1 1 1
35226 1 1 1
35373 1 1 1
35576 1 1 1
35729 1 1 1
35782 1 1 1
36947 1 1 1
37079 1 1 1
37100 1 1 1
37139 1 1 1
37187 2 1 0.5
37329 1 1 1
37673 1 1 1
37940 1 1 1
38166 1 1 1
38431 1 1 1
38717 1 1 1
40273 1 1 1
40403 1 1 1
40416 1 1 1
40574 1 1 1
40590 1 1 1
40882 1 1 1
40922 1 1 1
41235 1 1 1
41921 1 1 1
42097 1 1 1
42230 1 1 1
42416 2 2 1
42861 1 1 1
42992 1 1 1
43183 1 1 1
43314 1 1 1
43444 1 1 1
43587 1 1 1
43643 1 1 1
43793 2 2 1
44785 1 1 1
45084 1 1 1
45205 2 2 1
45216 1 1 1
45249 1 1 1
45414 1 1 1
46017 1 1 1
46225 1 1 1
47350 1 1 1
47593 1 1 1
47688 1 1 1
48170 2 2 1
49249 1 1 1
49439 1 1 1
51228 1 1 1
51230 1 1 1
51407 1 1 1
51946 1 1 1
52279 1 1 1
52722 1 1 1
52762 1 1 1
52836 1 1 1
53073 1 1 1
53809 1 1 1
54280 1 1 1
54513 1 1 1
54716 1 1 1
55036 1 1 1
55714 1 1 1
55828 3 3 1
55883 1 1 1
56206 1 1 1
56240 1 1 1
56473 2 2 1
56928 2 2 1
57252 1 1 1
57434 1 1 1
58206 1 1 1
58406 2 1 0.5
59203 1 1 1
59493 1 1 1
59627 2 1 0.5
59808 1 1 1
59960 1 1 1
60400 1 1 1
60682 1 1 1
61200 4 4 1
61219 4 4 1
61314 1 1 1
61416 1 1 1
62072 1 1 1
62231 1 1 1
62381 1 1 1
62427 1 1 1
62992 1 1 1
63632 1 1 1
64119 1 1 1
64303 1 1 1
64565 1 1 1
65334 1 1 1
65597 1 1 1
65777 1 1 1
66099 2 1 0.5
66701 1 1 1
66703 1 1 1
66705 1 1 1
66707 1 1 1
66709 1 1 1
66711 1 1 1
66713 1 1 1
66715 1 1 1
66717 1 1 1
66719 1 1 1
66721 1 1 1
66723 1 1 1
66725 1 1 1
66727 1 1 1
67017 1 1 1
67257 1 1 1
67283 1 1 1
67289 2 1 0.5
67971 1 1 1
68110 1 1 1
68160 1 1 1
68570 1 1 1
68842 1 1 1
69339 2 1 0.5
69375 1 1 1
70442 2 2 1
70657 1 1 1
70874 1 1 1
71562 1 1 1
71583 1 1 1
72398 1 1 1
72518 1 1 1
72939 1 1 1
73128 1 1 1
74000 1 1 1
74395 1 1 1
74406 1 1 1
74416 3 1 0.333333
74704 1 1 1
74829 1 1 1
75426 1 1 1
75537 1 1 1
75668 1 1 1
75889 1 1 1
77714 1 1 1
78742 1 1 1
78788 1 1 1
79098 1 1 1
79172 1 1 1
79384 2 1 0.5
79495 1 1 1
79518 1 1 1
79536 1 1 1
79672 1 1 1
80589 1 1 1
81744 1 1 1
81795 1 1 1
82192 1 1 1
82241 1 1 1
82678 1 1 1
83007 1 1 1
83335 1 1 1
83619 1 1 1
83650 1 1 1
84605 1 1 1
84648 1 1 1
84716 1 1 1
84822 1 1 1
85166 1 1 1
85187 1 1 1
85460 1 1 1
85504 2 2 1
85670 1 1 1
86019 1 1 1
86085 1 1 1
86088 1 1 1
87744 1 1 1
87852 1 1 1
87873 1 1 1
88877 1 1 1
89295 4 4 1
89622 1 1 1
90532 1 1 1
90747 1 1 1
91713 1 1 1
92610 1 1 1
92773 1 1 1
92806 13 2 0.153846
93057 1 1 1
93101 1 1 1
94697 1 1 1
95305 1 1 1
95987 1 1 1
95993 1 1 1
97213 1 1 1
98978 1 1 1
99556 1 1 1
100920 1 1 1
101729 1 1 1
102976 1 1 1
103495 1 1 1
103940 1 1 1
104206 2 2 1
104325 1 1 1
104327 1 1 1
104351 1 1 1
104538 1 1 1
104991 1 1 1
104999 1 1 1
106091 1 1 1
107339 1 1 1
107428 1 1 1
107479 1 1 1
107617 1 1 1
107730 1 1 1
108475 1 1 1
108511 1 1 1
108536 1 1 1
108552 1 1 1
108694 1 1 1
108939 1 1 1
108955 1 1 1
109017 1 1 1
109219 1 1 1
109322 1 1 1
109483 1 1 1
110192 2 2 1
110305 1 1 1
110608 1 1 1
110669 1 1 1
110679 1 1 1
110685 1 1 1
110902 1 1 1
111674 1 1 1
112604 2 2 1
112967 1 1 1
112974 1 1 1
113503 1 1 1
113534 1 1 1
113674 1 1 1
113887 1 1 1
114527 1 1 1
114588 1 1 1
115181 1 1 1
115294 1 1 1
115989 1 1 1
116675 1 1 1
116873 2 2 1
116998 1 1 1
117009 5 1 0.2
117310 1 1 1
117438 1 1 1
117986 1 1 1
118278 1 1 1
118335 1 1 1
119029 1 1 1
120465 1 1 1
120655 1 1 1
121014 1 1 1
122773 1 1 1
123530 1 1 1
123544 1 1 1
123552 1 1 1
125093 3 2 0.666667
125378 2 2 1
126021 1 1 1
126476 2 1 0.5
127597 1 1 1
127709 1 1 1
128187 1 1 1
128396 1 1 1
128509 1 1 1
128609 1 1 1
130176 6 5 0.833333
130324 1 1 1
130687 2 2 1
131010 1 1 1
131583 1 1 1
131847 1 1 1
132172 1 1 1
132756 1 1 1
132896 1 1 1
133748 1 1 1
135467 1 1 1
136026 1 1 1
136288 1 1 1
136317 1 1 1
136894 1 1 1
137301 1 1 1
137519 1 1 1
137967 1 1 1
137969 1 1 1
138081 1 1 1
138191 1 1 1
138479 1 1 1
139527 1 1 1
139826 1 1 1
140074 1 1 1
140518 1 1 1
141919 1 1 1
142245 1 1 1
142682 1 1 1
143065 1 1 1
144788 1 1 1
144952 1 1 1
145258 1 1 1
145742 1 1 1
146037 1 1 1
146450 1 1 1
146529 1 1 1
146906 1 1 1
147381 1 1 1
147451 1 1 1
148232 1 1 1
148529 1 1 1
149103 1 1 1
149295 1 1 1
149378 1 1 1
150360 1 1 1
151077 1 1 1
151149 1 1 1
151864 1 1 1
152989 1 1 1
153209 1 1 1
153356 1 1 1
153360 1 1 1
153362 1 1 1
153364 1 1 1
153366 1 1 1
153368 1 1 1
153517 1 1 1
154302 1 1 1
154730 1 1 1
154983 1 1 1
155977 1 1 1
156145 1 1 1
156357 1 1 1
157121 1 1 1
157325 1 1 1
157387 1 1 1
157506 1 1 1
157842 1 1 1
158298 1 1 1
159377 1 1 1
160126 1 1 1
160152 1 1 1
160662 1 1 1
160849 1 1 1
161085 1 1 1
161207 1 1 1
161291 1 1 1
161492 1 1 1
161871 1 1 1
162412 1 1 1
162445 2 1 0.5
162525 1 1 1
162803 1 1 1
163503 1 1 1
163754 1 1 1
164232 3 3 1
164234 3 3 1
164236 3 3 1
164239 3 3 1
164241 3 3 1
164245 3 3 1
164249 3 3 1
164251 3 3 1
164448 1 1 1
164613 1 1 1
165491 1 1 1
165931 1 1 1
166388 1 1 1
166897 1 1 1
167200 1 1 1
167242 1 1 1
169097 2 1 0.5
169103 1 1 1
169806 1 1 1
170634 1 1 1
171516 1 1 1
171546 1 1 1
171866 2 2 1
172032 1 1 1
172771 1 1 1
173149 1 1 1
173776 1 1 1
173839 1 1 1
174231 1 1 1
176108 1 1 1
176748 1 1 1
178331 1 1 1
179095 1 1 1
179452 1 1 1
179635 1 1 1
179951 1 1 1
180041 1 1 1
180744 1 1 1
181066 1 1 1
181690 1 1 1
181694 1 1 1
181773 1 1 1
182584 1 1 1
183093 2 2 1
183104 2 1 0.5
183738 1 1 1
184033 1 1 1
184506 1 1 1
184526 1 1 1
184841 1 1 1
185545 1 1 1
186255 1 1 1
186357 1 1 1
186373 1 1 1
187362 1 1 1
187477 1 1 1
188157 1 1 1
188176 1 1 1
188830 1 1 1
189156 1 1 1
190058 1 1 1
190398 1 1 1
190870 1 1 1
191546 1 1 1
191581 1 1 1
191638 1 1 1
191755 1 1 1
192381 1 1 1
192563 1 1 1
193965 1 1 1
194002 1 1 1
194270 1 1 1
194497 1 1 1
194596 1 1 1
194679 1 1 1
195327 1 1 1
196348 1 1 1
196639 1 1 1
198431 1 1 1
200020 1 1 1
200054 1 1 1
200431 1 1 1
200690 1 1 1
200837 1 1 1
200846 1 1 1
200891 1 1 1
201377 1 1 1
202471 1 1 1
203384 1 1 1
203505 1 1 1
203605 1 1 1
203830 1 1 1
203940 1 1 1
204314 1 1 1
204763 1 1 1
205186 1 1 1
205296 1 1 1
206825 1 1 1
206847 1 1 1
207022 1 1 1
207423 1 1 1
207826 1 1 1
208287 1 1 1
209349 1 1 1
209481 1 1 1
209560 1 1 1
209784 1 1 1
209838 1 1 1
210264 1 1 1
211428 1 1 1
211538 1 1 1
212026 1 1 1
212119 2 2 1
212413 1 1 1
212486 1 1 1
212610 2 2 1
213289 1 1 1
213416 1 1 1
213537 1 1 1
213620 1 1 1
214201 1 1 1
214232 1 1 1
214432 1 1 1
214769 1 1 1
215115 1 1 1
215128 2 1 0.5
215464 1 1 1
215695 1 1 1
215697 1 1 1
216171 1 1 1
216454 1 1 1
217215 1 1 1
217901 1 1 1
217954 1 1 1
218022 1 1 1
218219 1 1 1
218411 1 1 1
219945 1 1 1
220204 2 1 0.5
220867 1 1 1
221277 2 2 1
221307 1 1 1
221443 1 1 1
221776 1 1 1
221848 1 1 1
222344 1 1 1
222515 1 1 1
222726 1 1 1
222939 2 1 0.5
223192 1 1 1
223440 1 1 1
224273 3 3 1
224364 1 1 1
224453 1 1 1
224589 1 1 1
224870 1 1 1
225717 1 1 1
225733 1 1 1
225783 2 1 0.5
225826 1 1 1
225842 1 1 1
225975 1 1 1
226155 3 3 1
226465 1 1 1
226854 1 1 1
227116 1 1 1
227625 1 1 1
227757 1 1 1
227950 1 1 1
228475 1 1 1
230420 1 1 1
230552 1 1 1
230597 1 1 1
231081 1 1 1
231317 1 1 1
231595 1 1 1
231929 1 1 1
232082 1 1 1
232272 1 1 1
232933 1 1 1
232994 1 1 1
233078 1 1 1
233556 1 1 1
234238 1 1 1
234572 1 1 1
235240 1 1 1
235584 1 1 1
236001 1 1 1
236044 1 1 1
236056 2 1 0.5
237029 1 1 1
237078 1 1 1
237315 1 1 1
237478 1 1 1
237553 1 1 1
237852 1 1 1
237896 1 1 1
237937 1 1 1
237945 1 1 1
238004 1 1 1
238044 1 1 1
238100 1 1 1
238150 1 1 1
238228 1 1 1
238258 1 1 1
238322 1 1 1
238399 1 1 1
238476 1 1 1
238542 1 1 1
238580 1 1 1
238611 1 1 1
238649 1 1 1
238781 3 3 1
238787 1 1 1
238792 1 1 1
238937 1 1 1
239134 1 1 1
239214 1 1 1
239466 1 1 1
239513 1 1 1
239555 1 1 1
239557 1 1 1
239682 1 1 1
239708 1 1 1
239937 1 1 1
240025 1 1 1
240177 1 1 1
240310 1 1 1
240701 1 1 1
240866 1 1 1
240940 1 1 1
240999 2 1 0.5
241022 1 1 1
241047 1 1 1
241256 1 1 1
241308 1 1 1
241387 1 1 1
241566 1 1 1
241730 1 1 1
241856 1 1 1
242104 1 1 1
242152 1 1 1
242390 1 1 1
242434 1 1 1
242449 1 1 1
242455 1 1 1
242569 1 1 1
242610 1 1 1
242690 1 1 1
242787 1 1 1
242919 1 1 1
243146 1 1 1
243383 1 1 1
243572 1 1 1
243596 1 1 1
243734 1 1 1
243748 1 1 1
243856 1 1 1
243861 1 1 1
243874 2 2 1
244070 1 1 1
244156 1 1 1
244190 1 1 1
244206 1 1 1
244302 1 1 1
244497 1 1 1
244514 1 1 1
244818 1 1 1
244984 1 1 1
245301 1 1 1
245392 2 2 1
245410 1 1 1
245520 1 1 1
246133 1 1 1
246223 1 1 1
246259 1 1 1
246312 1 1 1
246770 1 1 1
246983 1 1 1
247036 1 1 1
247222 1 1 1
247264 1 1 1
247274 1 1 1
247292 1 1 1
247473 1 1 1
247519 1 1 1
247579 1 1 1
247659 1 1 1
247685 1 1 1
247864 1 1 1
247866 1 1 1
248227 1 1 1
248662 1 1 1
249041 1 1 1
249075 1 1 1
249100 1 1 1
249136 1 1 1
249220 1 1 1
249340 1 1 1
249535 1 1 1
249692 1 1 1
249826 1 1 1
250263 1 1 1
250321 1 1 1
250404 1 1 1
250700 1 1 1
250761 1 1 1
250897 1 1 1
250936 1 1 1
251020 1 1 1
251097 2 2 1
251130 1 1 1
251323 1 1 1
251351 1 1 1
251377 1 1 1
251422 1 1 1
251556 1 1 1
251622 1 1 1
251760 1 1 1
251897 1 1 1
251991 1 1 1
252178 1 1 1
252271 1 1 1
253254 1 1 1
253497 1 1 1
253562 1 1 1
253740 1 1 1
254089 1 1 1
254143 1 1 1
254456 1 1 1
254982 1 1 1
254988 1 1 1
255264 1 1 1
255417 1 1 1
255528 1 1 1
255785 1 1 1
255926 1 1 1
256520 1 1 1
256661 1 1 1
256848 1 1 1
256913 1 1 1
257044 1 1 1
257149 1 1 1
257974 1 1 1
258013 1 1 1
258228 1 1 1
258340 1 1 1
258490 1 1 1
258551 1 1 1
258584 1 1 1
258900 1 1 1
259665 1 1 1
259772 1 1 1
259873 1 1 1
260196 2 2 1
260257 1 1 1
260398 1 1 1
260529 1 1 1
260585 1 1 1
260670 1 1 1
260959 1 1 1
261192 1 1 1
261292 6 5 0.833333
261362 1 1 1
261639 1 1 1
261952 1 1 1
262161 1 1 1
262850 1 1 1
263162 1 1 1
263295 1 1 1
263405 1 1 1
263588 1 1 1
263619 1 1 1
264348 1 1 1
264829 1 1 1
265147 1 1 1
265455 1 1 1
265530 1 1 1
266071 1 1 1
266254 1 1 1
266264 1 1 1
266744 1 1 1
266847 1 1 1
266891 1 1 1
267543 1 1 1
267802 1 1 1
267840 1 1 1
267862 1 1 1
267870 1 1 1
267874 1 1 1
267910 1 1 1
267933 1 1 1
267981 1 1 1
268143 1 1 1
268186 1 1 1
268724 1 1 1
268741 1 1 1
268977 1 1 1
269099 1 1 1
269109 1 1 1
269263 1 1 1
269505 1 1 1
269549 1 1 1
269553 1 1 1
269658 1 1 1
269749 1 1 1
269853 1 1 1
269904 1 1 1
269949 1 1 1
270058 1 1 1
270350 1 1 1
270420 1 1 1
270430 1 1 1
270502 1 1 1
270569 1 1 1
270585 1 1 1
270711 1 1 1
270937 1 1 1
271440 1 1 1
271456 1 1 1
271511 1 1 1
272194 1 1 1
272471 1 1 1
272512 1 1 1
272929 1 1 1
273317 1 1 1
273391 1 1 1
273934 1 1 1
274191 1 1 1
274193 1 1 1
274437 1 1 1
274528 1 1 1
274757 1 1 1
275323 1 1 1
275584 1 1 1
275631 1 1 1
275786 1 1 1
276034 1 1 1
276362 1 1 1
276453 1 1 1
276479 1 1 1
276621 1 1 1
276632 1 1 1
277023 1 1 1
277043 1 1 1
277741 1 1 1
277925 1 1 1
278390 1 1 1
278537 1 1 1
278978 1 1 1
279033 1 1 1
279183 1 1 1
279299 1 1 1
279739 1 1 1
279920 1 1 1
280221 1 1 1
280641 1 1 1
281124 1 1 1
281252 1 1 1
281317 1 1 1
281958 1 1 1
282389 1 1 1
282463 1 1 1
282468 1 1 1
282489 1 1 1
282774 1 1 1
282935 1 1 1
283035 1 1 1
283441 1 1 1
283705 1 1 1
283719 1 1 1
283807 2 1 0.5
283882 1 1 1
283926 1 1 1
284195 2 1 0.5
284657 1 1 1
284890 1 1 1
285035 4 3 0.75
285108 1 1 1
285175 1 1 1
285394 1 1 1
285960 1 1 1
286517 1 1 1
286545 1 1 1
287071 1 1 1
287667 1 1 1
288576 1 1 1
288834 1 1 1
289155 1 1 1
289505 1 1 1
289514 1 1 1
289712 1 1 1
290120 3 3 1
290435 1 1 1
291410 1 1 1
291649 1 1 1
291950 1 1 1
292259 1 1 1
292339 1 1 1
292777 1 1 1
292792 1 1 1
293035 1 1 1
293867 1 1 1
294992 1 1 1
295214 1 1 1
295884 1 1 1
296211 1 1 1
296323 3 1 0.333333
296829 1 1 1
297194 1 1 1
297439 1 1 1
297583 1 1 1
297870 1 1 1
298068 1 1 1
298116 1 1 1
298870 1 1 1
298975 2 2 1
298989 1 1 1
299045 1 1 1
299136 1 1 1
299175 1 1 1
299751 1 1 1
299872 1 1 1
300333 1 1 1
300741 1 1 1
301292 1 1 1
301645 1 1 1
301732 1 1 1
302058 1 1 1
302227 1 1 1
303245 1 1 1
304167 1 1 1
305280 1 1 1
305461 1 1 1
306343 1 1 1
307025 1 1 1
307058 1 1 1
307232 2 2 1
307533 1 1 1
307654 1 1 1
307895 1 1 1
308704 1 1 1
308744 1 1 1
308830 3 2 0.666667
309568 1 1 1
309863 1 1 1
310243 1 1 1
310530 1 1 1
311756 1 1 1
312180 2 1 0.5
312355 1 1 1
312664 1 1 1
312886 1 1 1
313171 1 1 1
313492 1 1 1
314103 1 1 1
315424 1 1 1
315830 1 1 1
316190 1 1 1
316485 1 1 1
317005 2 1 0.5
317958 1 1 1
318103 2 2 1
318260 1 1 1
318269 1 1 1
318342 1 1 1
318499 1 1 1
318749 1 1 1
318950 1 1 1
319645 1 1 1
319775 1 1 1
319858 1 1 1
320128 1 1 1
320155 1 1 1
320338 1 1 1
320386 1 1 1
321290 1 1 1
321723 1 1 1
321737 1 1 1
321739 1 1 1
321853 1 1 1
321988 1 1 1
322069 1 1 1
322075 1 1 1
322165 1 1 1
322768 1 1 1
322806 1 1 1
323026 1 1 1
323155 1 1 1
323560 1 1 1
323792 1 1 1
324130 1 1 1
324481 1 1 1
324568 1 1 1
324693 1 1 1
324892 1 1 1
325163 2 1 0.5
325189 1 1 1
325307 1 1 1
325614 1 1 1
325720 1 1 1
325838 1 1 1
326087 1 1 1
326154 1 1 1
326267 1 1 1
326430 1 1 1
326742 1 1 1
326835 1 1 1
327253 1 1 1
327658 1 1 1
327753 1 1 1
327860 1 1 1
328356 1 1 1
328378 1 1 1
328387 1 1 1
329595 1 1 1
329633 1 1 1
330027 1 1 1
330471 1 1 1
330740 1 1 1
331094 1 1 1
331279 1 1 1
331734 1 1 1
332440 1 1 1
332686 1 1 1
332719 1 1 1
333065 1 1 1
333140 1 1 1
333192 1 1 1
333448 1 1 1
333579 1 1 1
333849 1 1 1
334235 1 1 1
334477 1 1 1
334646 1 1 1
334694 1 1 1
334999 1 1 1
335092 1 1 1
335248 1 1 1
335432 1 1 1
335604 1 1 1
335804 1 1 1
335950 1 1 1
337218 1 1 1
337650 1 1 1
338492 1 1 1
339095 1 1 1
340076 1 1 1
340995 16 16 1
341144 2 2 1
341724 1 1 1
342063 1 1 1
342696 1 1 1
343334 1 1 1
344479 1 1 1
344518 1 1 1
345002 1 1 1
346049 1 1 1
346305 1 1 1
346739 1 1 1
346892 1 1 1
347712 1 1 1
348022 1 1 1
348121 1 1 1
349157 1 1 1
349656 1 1 1
351099 1 1 1
351236 1 1 1
351337 1 1 1
351375 1 1 1
351406 1 1 1
351773 1 1 1
352685 1 1 1
354086 1 1 1
354113 1 1 1
355020 1 1 1
356493 1 1 1
356741 1 1 1
356849 1 1 1
356855 1 1 1
359101 1 1 1
361835 1 1 1
362777 1 1 1
363026 1 1 1
363058 1 1 1
363136 1 1 1
364092 1 1 1
364824 1 1 1
366777 1 1 1
367051 1 1 1
368280 1 1 1
368471 1 1 1
368882 1 1 1
369038 1 1 1
369884 1 1 1
370240 1 1 1
370597 1 1 1
372837 1 1 1
374280 1 1 1
374474 1 1 1
375770 1 1 1
378305 1 1 1
378400 1 1 1
378449 1 1 1
378461 1 1 1
378474 1 1 1
378476 1 1 1
378739 1 1 1
378788 2 1 0.5
378846 1 1 1
379416 1 1 1
380264 1 1 1
380773 1 1 1
380861 1 1 1
382246 1 1 1
382542 1 1 1
382767 1 1 1
383013 1 1 1
383028 1 1 1
383662 1 1 1
384485 1 1 1
384823 1 1 1
385111 1 1 1
386279 1 1 1
386366 1 1 1
386420 1 1 1
386701 1 1 1
387770 1 1 1
388552 1 1 1
390506 1 1 1
390983 1 1 1
391311 1 1 1
392184 1 1 1
392493 1 1 1
393606 1 1 1
394860 1 1 1
394895 1 1 1
394997 1 1 1
395881 3 2 0.666667
398926 1 1 1
398990 1 1 1
399457 1 1 1
400071 1 1 1
400439 1 1 1
400838 1 1 1
403340 1 1 1
403740 1 1 1
404030 1 1 1
404175 1 1 1
404217 1 1 1
404251 1 1 1
405390 1 1 1
405420 1 1 1
405704 1 1 1
405849 1 1 1
406021 1 1 1
406101 1 1 1
407196 1 1 1
408172 1 1 1
408455 1 1 1
409238 1 1 1
409499 1 1 1
409933 1 1 1
410247 1 1 1
411124 1 1 1
411852 1 1 1
412129 1 1 1
412270 1 1 1
415713 1 1 1
415774 1 1 1
416570 1 1 1
416675 1 1 1
418321 1 1 1
419892 1 1 1
419916 1 1 1
420186 1 1 1
420187 14 13 0.928571
421539 1 1 1
421674 1 1 1
421702 1 1 1
421756 1 1 1
422289 1 1 1
422871 1 1 1
423148 1 1 1
424977 2 2 1
425992 1 1 1
426763 1 1 1
427389 1 1 1
428322 1 1 1
428480 1 1 1
431349 1 1 1
433060 1 1 1
434128 1 1 1
434437 1 1 1
434491 1 1 1
434549 1 1 1
435245 1 1 1
435363 1 1 1
435766 1 1 1
436059 1 1 1
436095 2 2 1
437425 1 1 1
437619 2 2 1
438060 1 1 1
438523 1 1 1
438984 1 1 1
439019 1 1 1
439357 1 1 1
439804 1 1 1
440008 1 1 1
441078 1 1 1
441450 1 1 1
442016 1 1 1
442182 1 1 1
443241 1 1 1
444286 1 1 1
445392 1 1 1
445659 1 1 1
446585 1 1 1
447653 1 1 1
448049 1 1 1
448282 2 1 0.5
449607 1 1 1
450167 1 1 1
450453 1 1 1
452163 1 1 1
453665 1 1 1
454086 1 1 1
455471 1 1 1
455529 1 1 1
455969 1 1 1
456087 1 1 1
456291 1 1 1
456402 1 1 1
456639 3 1 0.333333
458697 1 1 1
459304 1 1 1
459777 1 1 1
459882 2 2 1
460310 1 1 1
460523 1 1 1
460596 1 1 1
461226 1 1 1
461299 1 1 1
461422 1 1 1
461706 1 1 1
461934 1 1 1
462117 1 1 1
462259 1 1 1
463751 1 1 1
463811 1 1 1
464369 1 1 1
464535 1 1 1
464600 1 1 1
464704 1 1 1
465576 1 1 1
465694 1 1 1
466183 1 1 1
466655 1 1 1
467657 1 1 1
469514 1 1 1
470534 1 1 1
470678 1 1 1
471712 1 1 1
471728 1 1 1
471799 1 1 1
471987 1 1 1
472772 1 1 1
473651 1 1 1
474111 1 1 1
474221 1 1 1
474281 1 1 1
475045 1 1 1
476237 1 1 1
476868 1 1 1
477107 1 1 1
477496 1 1 1
477563 2 2 1
477983 1 1 1
478753 2 1 0.5
480704 5 5 1
480893 1 1 1
481182 1 1 1
481649 1 1 1
481736 1 1 1
482271 1 1 1
482342 2 2 1
485309 1 1 1
485610 1 1 1
485947 1 1 1
486054 1 1 1
486349 1 1 1
486522 1 1 1
488087 1 1 1
488503 1 1 1
488547 1 1 1
488859 1 1 1
488918 1 1 1
489158 1 1 1
489833 1 1 1
489835 1 1 1
489992 1 1 1
490358 3 1 0.333333
490873 1 1 1
491065 1 1 1
491550 1 1 1
492303 1 1 1
492464 1 1 1
492526 1 1 1
492788 1 1 1
492925 1 1 1
493232 1 1 1
493302 1 1 1
493426 1 1 1
493651 1 1 1
494253 1 1 1
494394 1 1 1
494481 1 1 1
494595 1 1 1
494626 1 1 1
494660 1 1 1
495072 1 1 1
495714 1 1 1
495780 1 1 1
495835 1 1 1
495909 1 1 1
496542 1 1 1
497240 1 1 1
498472 1 1 1
498654 1 1 1
499155 1 1 1
500427 1 1 1
501100 1 1 1
502319 1 1 1
502616 1 1 1
502728 1 1 1
503175 1 1 1
503613 1 1 1
503700 1 1 1
504275 1 1 1
504602 1 1 1
505018 1 1 1
505834 1 1 1
506733 1 1 1
507184 1 1 1
508387 1 1 1
508645 1 1 1
509030 1 1 1
510279 1 1 1
510392 1 1 1
514190 2 2 1
515813 1 1 1
515948 1 1 1
516412 1 1 1
517027 1 1 1
517516 1 1 1
517691 1 1 1
518333 1 1 1
518398 1 1 1
529976 1 1 1
530205 1 1 1
530373 2 2 1
531420 1 1 1
532487 1 1 1
533587 1 1 1
534835 1 1 1
535113 1 1 1
535877 1 1 1
538834 1 1 1
540755 1 1 1
541059 1 1 1
541345 1 1 1
541622 1 1 1
543048 1 1 1
544494 1 1 1
546202 1 1 1
547380 2 1 0.5
548289 1 1 1
550025 1 1 1
551479 1 1 1
551670 1 1 1
553109 1 1 1
553519 1 1 1
553820 1 1 1
554107 1 1 1
554898 1 1 1
556689 1 1 1
558666 2 2 1
559380 1 1 1
559666 1 1 1
560440 1 1 1
563896 1 1 1
564153 1 1 1
564206 1 1 1
564769 1 1 1
566068 1 1 1
568966 1 1 1
570407 1 1 1
570668 1 1 1
570797 1 1 1
570828 3 1 0.333333
574446 1 1 1
574530 1 1 1
574582 1 1 1
575419 1 1 1
577937 1 1 1
578050 1 1 1
578528 1 1 1
578584 2 1 0.5
579671 1 1 1
579846 1 1 1
581024 1 1 1
581107 1 1 1
581120 1 1 1
581280 1 1 1
581532 1 1 1
582239 1 1 1
583714 1 1 1
583750 1 1 1
586344 1 1 1
588110 1 1 1
589665 1 1 1
590872 1 1 1
590948 1 1 1
591237 2 2 1
591445 1 1 1
592114 1 1 1
592631 1 1 1
593129 1 1 1
594697 1 1 1
595667 1 1 1
595761 1 1 1
595824 1 1 1
596242 1 1 1
597616 1 1 1
598393 1 1 1
598567 1 1 1
603766 1 1 1
603792 1 1 1
603965 1 1 1
604469 1 1 1
610343 1 1 1
610585 1 1 1
610685 1 1 1
614873 2 2 1
615444 1 1 1
615607 1 1 1
615803 1 1 1
617425 1 1 1
619208 1 1 1
619342 1 1 1
619765 1 1 1
620026 1 1 1
620051 1 1 1
620103 1 1 1
621178 1 1 1
621442 1 1 1
622432 1 1 1
623429 11 10 0.909091
623458 1 1 1
623992 1 1 1
624263 1 1 1
624337 1 1 1
624867 1 1 1
625269 1 1 1
625696 1 1 1
625699 1 1 1
626017 2 1 0.5
626969 1 1 1
627533 1 1 1
627682 1 1 1
628268 1 1 1
628558 1 1 1
628830 1 1 1
628928 1 1 1
629207 1 1 1
629210 1 1 1
630156 1 1 1
631349 1 1 1
631717 1 1 1
633011 1 1 1
633859 1 1 1
634192 1 1 1
634748 1 1 1
634758 1 1 1
635651 1 1 1
635852 1 1 1
636546 1 1 1
636668 1 1 1
636725 1 1 1
638543 1 1 1
639572 1 1 1
640993 1 1 1
641565 1 1 1
642198 1 1 1
642215 1 1 1
642745 1 1 1
643046 3 1 0.333333
643740 1 1 1
645575 1 1 1
646069 1 1 1
646342 1 1 1
647766 1 1 1
648958 1 1 1
649249 1 1 1
651187 1 1 1
651627 1 1 1
652823 1 1 1
653650 1 1 1
654604 1 1 1
654927 1 1 1
655276 1 1 1
655646 1 1 1
657791 1 1 1
658706 1 1 1
659133 1 1 1
659249 1 1 1
659688 2 1 0.5
660612 1 1 1
661166 1 1 1
661829 1 1 1
662707 1 1 1
663010 1 1 1
663609 1 1 1
663640 1 1 1
664262 1 1 1
664285 1 1 1
664540 1 1 1
664567 1 1 1
665112 1 1 1
665674 1 1 1
666265 1 1 1
666346 1 1 1
667841 1 1 1
668494 1 1 1
668661 1 1 1
671584 1 1 1
672190 1 1 1
672564 2 1 0.5
673679 1 1 1
674181 1 1 1
674452 1 1 1
675038 1 1 1
675077 1 1 1
675286 1 1 1
675329 1 1 1
675479 1 1 1
675545 1 1 1
675584 1 1 1
675640 1 1 1
675656 1 1 1
675660 1 1 1
675755 1 1 1
675825 1 1 1
675943 1 1 1
676010 1 1 1
676067 1 1 1
676169 1 1 1
676557 1 1 1
676645 1 1 1
676679 1 1 1
677117 1 1 1
677570 1 1 1
677819 1 1 1
678027 1 1 1
678055 1 1 1
678183 1 1 1
678308 1 1 1
678666 1 1 1
678692 1 1 1
678735 1 1 1
678776 1 1 1
678996 1 1 1
679075 1 1 1
679142 1 1 1
679167 1 1 1
679215 1 1 1
679254 1 1 1
679457 1 1 1
679476 1 1 1
679536 1 1 1
679546 1 1 1
679604 1 1 1
679662 1 1 1
679859 1 1 1
679995 1 1 1
680130 1 1 1
680188 1 1 1
680562 1 1 1
680614 1 1 1
680651 1 1 1
680697 1 1 1
681047 1 1 1
681406 1 1 1
681637 1 1 1
681801 1 1 1
682305 1 1 1
682414 1 1 1
682765 1 1 1
682825 1 1 1
682918 1 1 1
683013 1 1 1
683192 1 1 1
683420 1 1 1
683469 1 1 1
683496 1 1 1
683536 1 1 1
683779 1 1 1
684150 1 1 1
684267 1 1 1
684394 1 1 1
684522 1 1 1
684920 1 1 1
685064 1 1 1
685406 1 1 1
686427 1 1 1
686982 1 1 1
687106 1 1 1
687311 1 1 1
687464 1 1 1
687844 1 1 1
688126 1 1 1
688414 1 1 1
688550 1 1 1
688578 1 1 1
689036 7 1 0.142857
689864 2 1 0.5
689870 11 1 0.0909091
689871 1 1 1
690054 1 1 1
690122 1 1 1
690311 1 1 1
690403 1 1 1
690557 1 1 1
690733 1 1 1
690852 1 1 1
690985 1 1 1
691118 1 1 1
691268 2 1 0.5
691452 1 1 1
691484 1 1 1
691591 1 1 1
691603 1 1 1
691762 1 1 1
691778 1 1 1
691814 1 1 1
691978 1 1 1
692025 1 1 1
692080 1 1 1
692082 1 1 1
692373 1 1 1
692528 2 1 0.5
692685 1 1 1
693063 1 1 1
693142 1 1 1
693151 1 1 1
693157 1 1 1
693229 1 1 1
693306 1 1 1
693382 1 1 1
693458 1 1 1
693472 1 1 1
693548 1 1 1
693581 1 1 1
693614 1 1 1
693649 1 1 1
693836 2 1 0.5
693839 1 1 1
693871 1 1 1
694035 1 1 1
694072 1 1 1
694240 1 1 1
694260 1 1 1
694277 1 1 1
694288 1 1 1
694315 1 1 1
694371 1 1 1
694397 1 1 1
694423 1 1 1
694439 1 1 1
694471 1 1 1
694495 1 1 1
694601 1 1 1
694654 1 1 1
694714 1 1 1
694725 1 1 1
694727 1 1 1
694735 1 1 1
694809 1 1 1
694821 1 1 1
694844 2 1 0.5
694876 1 1 1
694953 1 1 1
694983 1 1 1
695004 2 2 1
695023 1 1 1
695046 1 1 1
695048 2 2 1
695106 1 1 1
695126 1 1 1
695153 1 1 1
695157 1 1 1
695179 1 1 1
695181 1 1 1
695222 1 1 1
695253 1 1 1
695552 1 1 1
695564 1 1 1
695570 1 1 1
695584 2 2 1
695598 1 1 1
695685 1 1 1
695711 1 1 1
695783 1 1 1
695841 1 1 1
695865 1 1 1
695914 1 1 1
696057 1 1 1
696067 1 1 1
696093 1 1 1
696217 1 1 1
696267 1 1 1
696287 1 1 1
696316 1 1 1
696320 1 1 1
696413 1 1 1
696477 1 1 1
696543 1 1 1
696547 1 1 1
696691 1 1 1
696729 1 1 1
696741 1 1 1
696752 1 1 1
696768 1 1 1
696776 1 1 1
696786 1 1 1
696862 1 1 1
696880 1 1 1
696904 2 2 1
696908 1 1 1
696927 1 1 1
697015 1 1 1
697023 1 1 1
697027 1 1 1
697031 2 2 1
697056 1 1 1
697063 1 1 1
697072 1 1 1
697074 1 1 1
697111 1 1 1
697117 1 1 1
697119 1 1 1
697132 1 1 1
697137 1 1 1
697139 1 1 1
697142 1 1 1
697145 1 1 1
697156 1 1 1
697160 1 1 1
697162 2 1 0.5
697190 1 1 1
697198 1 1 1
697216 1 1 1
697221 1 1 1
697247 1 1 1
697252 1 1 1
697258 2 1 0.5
697268 1 1 1
697288 1 1 1
697294 2 2 1
697297 1 1 1
697315 1 1 1
697340 1 1 1
697346 1 1 1
697348 1 1 1
697360 1 1 1
697368 1 1 1
697370 1 1 1
697378 1 1 1
697384 1 1 1
697395 1 1 1
697408 1 1 1
697411 1 1 1
697416 1 1 1
697420 1 1 1
697430 1 1 1
697444 1 1 1
697471 1 1 1
697492 1 1 1
697510 1 1 1
697543 1 1 1
697547 1 1 1
697577 1 1 1
697611 1 1 1
697620 1 1 1
697629 1 1 1
697636 1 1 1
697638 2 2 1
697674 1 1 1
697681 1 1 1
697684 1 1 1
697709 1 1 1
697722 1 1 1
697788 1 1 1
697803 1 1 1
697824 2 1 0.5
697837 1 1 1
697864 1 1 1
697881 1 1 1
697883 1 1 1
697899 1 1 1
697906 1 1 1
697914 1 1 1
697921 1 1 1
697923 1 1 1
697929 3 3 1
697944 1 1 1
697946 1 1 1
697956 1 1 1
697976 1 1 1
697985 1 1 1
697989 1 1 1
698000 1 1 1
698026 1 1 1
698030 2 2 1
698035 1 1 1
698046 1 1 1
698062 1 1 1
698072 1 1 1
698086 1 1 1
698106 1 1 1
698109 1 1 1
698137 1 1 1
698143 1 1 1
698152 1 1 1
698167 1 1 1
698174 1 1 1
698188 1 1 1
698215 1 1 1
698225 1 1 1
698229 1 1 1
698249 1 1 1
698251 1 1 1
698269 1 1 1
698279 1 1 1
698287 1 1 1
698317 1 1 1
698325 1 1 1
698334 1 1 1
698342 1 1 1
698398 1 1 1
698426 1 1 1
698434 2 1 0.5
698447 1 1 1
698450 1 1 1
698492 1 1 1
698521 1 1 1
698526 1 1 1
698539 1 1 1
698545 1 1 1
698549 1 1 1
698558 1 1 1
698570 1 1 1
698619 1 1 1
698621 1 1 1
698658 1 1 1
698720 3 3 1
698730 2 1 0.5
698752 1 1 1
698761 1 1 1
698781 1 1 1
698798 1 1 1
698807 1 1 1
698816 1 1 1
698852 1 1 1
698854 1 1 1
698883 1 1 1
698897 1 1 1
698912 1 1 1
699012 1 1 1
699025 1 1 1
699033 1 1 1
699046 1 1 1
699051 2 2 1
699069 1 1 1
699071 2 2 1
699076 2 2 1
699160 1 1 1
699162 1 1 1
699195 1 1 1
699234 1 1 1
699240 1 1 1
699290 1 1 1
699321 1 1 1
699330 1 1 1
699415 1 1 1
699423 1 1 1
699433 2 2 1
699480 1 1 1
699531 1 1 1
699541 1 1 1
699558 1 1 1
699568 1 1 1
699575 1 1 1
699586 1 1 1
699612 1 1 1
699675 1 1 1
699684 1 1 1
699690 1 1 1
699715 1 1 1
699718 1 1 1
699751 1 1 1
699767 1 1 1
699780 1 1 1
699794 1 1 1
699802 1 1 1
699829 10 9 0.9
699844 1 1 1
699869 2 1 0.5
699877 3 3 1
699931 2 1 0.5
699956 1 1 1
699976 1 1 1
699979 1 1 1
700005 1 1 1
700047 1 1 1
700084 1 1 1
700099 1 1 1
700102 1 1 1
700104 1 1 1
700108 1 1 1
700153 1 1 1
700166 1 1 1
700172 1 1 1
700194 1 1 1
700228 1 1 1
700231 1 1 1
700235 1 1 1
700271 1 1 1
700280 1 1 1
700290 1 1 1
700340 1 1 1
700361 2 2 1
700387 1 1 1
700396 1 1 1
700407 1 1 1
700434 1 1 1
700477 1 1 1
700483 2 2 1
700487 1 1 1
700502 2 1 0.5
700504 1 1 1
700530 1 1 1
700535 1 1 1
700602 1 1 1
700624 1 1 1
700660 1 1 1
700674 1 1 1
700700 1 1 1
700706 1 1 1
700714 1 1 1
700731 1 1 1
700796 1 1 1
700803 1 1 1
700866 1 1 1
700933 1 1 1
700937 1 1 1
700943 1 1 1
700956 1 1 1
700974 1 1 1
701001 1 1 1
701040 1 1 1
701044 1 1 1
701053 1 1 1
701093 1 1 1
701105 3 1 0.333333
701119 1 1 1
701137 2 1 0.5
701157 1 1 1
701171 1 1 1
701179 1 1 1
701185 1 1 1
701199 2 2 1
701212 1 1 1
701231 1 1 1
701233 1 1 1
701258 1 1 1
701265 1 1 1
701294 1 1 1
701343 1 1 1
701350 1 1 1
701363 1 1 1
701374 1 1 1
701439 1 1 1
701445 1 1 1
701463 1 1 1
701470 1 1 1
701493 1 1 1
701527 1 1 1
701577 1 1 1
701599 1 1 1
701633 1 1 1
701650 1 1 1
701688 1 1 1
701695 1 1 1
701699 1 1 1
701814 1 1 1
701880 1 1 1
701890 2 1 0.5
701894 1 1 1
701923 1 1 1
702024 1 1 1
702056 2 1 0.5
702067 1 1 1
702084 6 6 1
702086 1 1 1
702096 1 1 1
702122 1 1 1
702198 1 1 1
702263 1 1 1
702334 1 1 1
702336 1 1 1
702350 1 1 1
702367 1 1 1
702372 1 1 1
702390 1 1 1
702408 1 1 1
702423 1 1 1
702425 1 1 1
702434 1 1 1
702460 1 1 1
702469 1 1 1
702486 1 1 1
702519 1 1 1
702545 1 1 1
702566 1 1 1
702617 1 1 1
702641 1 1 1
702645 1 1 1
702712 1 1 1
702770 1 1 1
702811 1 1 1
702839 1 1 1
702860 3 1 0.333333
702865 1 1 1
702876 1 1 1
702880 1 1 1
702959 1 1 1
702984 1 1 1
702997 1 1 1
703028 1 1 1
703033 1 1 1
703041 1 1 1
703112 1 1 1
703136 1 1 1
703198 1 1 1
703256 1 1 1
703282 2 1 0.5
703322 1 1 1
703374 1 1 1
703430 1 1 1
703449 1 1 1
703485 1 1 1
703502 1 1 1
703511 1 1 1
703516 1 1 1
703529 1 1 1
703555 1 1 1
703576 1 1 1
703584 1 1 1
703619 1 1 1
703625 1 1 1
703644 1 1 1
703657 1 1 1
703661 1 1 1
703673 1 1 1
703709 1 1 1
703745 1 1 1
703770 1 1 1
703799 1 1 1
703803 1 1 1
703845 1 1 1
703865 1 1 1
703917 1 1 1
703962 1 1 1
703966 1 1 1
703989 1 1 1
704046 1 1 1
704057 1 1 1
704095 1 1 1
704124 1 1 1
704126 1 1 1
704172 1 1 1
704203 1 1 1
704214 1 1 1
704265 1 1 1
704312 1 1 1
704317 1 1 1
704324 1 1 1
704342 1 1 1
704361 1 1 1
704369 1 1 1
704419 1 1 1
704434 1 1 1
704481 2 1 0.5
704486 1 1 1
704523 1 1 1
704599 1 1 1
704646 1 1 1
704667 1 1 1
704688 1 1 1
704707 1 1 1
704805 1 1 1
704887 1 1 1
704964 1 1 1
704966 1 1 1
704968 1 1 1
704986 1 1 1
705011 1 1 1
705023 1 1 1
705036 1 1 1
705048 1 1 1
705062 1 1 1
705069 1 1 1
705089 1 1 1
705132 1 1 1
705148 1 1 1
705150 1 1 1
705183 1 1 1
705190 1 1 1
705205 1 1 1
705219 1 1 1
705251 1 1 1
705269 1 1 1
705273 1 1 1
705294 1 1 1
705296 1 1 1
705305 1 1 1
705349 1 1 1
705366 1 1 1
705386 1 1 1
705393 1 1 1
705398 1 1 1
705416 1 1 1
705439 1 1 1
705452 1 1 1
705474 1 1 1
705480 1 1 1
705512 1 1 1
705516 2 1 0.5
705523 1 1 1
705560 1 1 1
705578 1 1 1
705605 1 1 1
705619 1 1 1
705641 1 1 1
705645 1 1 1
705647 1 1 1
705649 1 1 1
705665 2 1 0.5
705669 1 1 1
705675 1 1 1
705683 1 1 1
705695 1 1 1
705712 1 1 1
705747 1 1 1
705762 1 1 1
705789 1 1 1
705791 1 1 1
705799 1 1 1
705817 1 1 1
705820 1 1 1
705824 1 1 1
705838 1 1 1
705851 1 1 1
705869 1 1 1
705877 1 1 1
705908 1 1 1
705922 1 1 1
705926 1 1 1
705975 1 1 1
705979 1 1 1
705983 1 1 1
706052 1 1 1
706076 1 1 1
706090 1 1 1
706100 1 1 1
706136 1 1 1
706153 1 1 1
706171 1 1 1
706200 1 1 1
706215 1 1 1
706257 1 1 1
706299 1 1 1
706309 1 1 1
706374 1 1 1
706399 1 1 1
706401 1 1 1
706409 1 1 1
706412 1 1 1
706440 2 1 0.5
706448 1 1 1
706490 1 1 1
706520 1 1 1
706531 1 1 1
706538 1 1 1
706544 1 1 1
706577 1 1 1
706607 1 1 1
706620 2 1 0.5
706639 1 1 1
706696 1 1 1
706714 2 1 0.5
706718 1 1 1
706733 2 2 1
706771 1 1 1
706799 1 1 1
706835 1 1 1
706851 1 1 1
706853 1 1 1
706884 1 1 1
706888 1 1 1
707021 1 1 1
707027 1 1 1
707033 1 1 1
707129 1 1 1
707169 1 1 1
707173 1 1 1
707184 1 1 1
707218 1 1 1
707225 1 1 1
707245 1 1 1
707247 1 1 1
707310 1 1 1
707320 1 1 1
707344 1 1 1
707401 1 1 1
707405 1 1 1
707431 1 1 1
707441 1 1 1
707461 1 1 1
707504 1 1 1
707506 1 1 1
707520 1 1 1
707530 1 1 1
707542 1 1 1
707552 1 1 1
707563 1 1 1
707579 1 1 1
707606 1 1 1
707615 1 1 1
707634 1 1 1
707652 1 1 1
707657 1 1 1
707665 1 1 1
707671 1 1 1
707722 1 1 1
707741 1 1 1
707797 1 1 1
707824 1 1 1
707835 1 1 1
707854 1 1 1
707856 1 1 1
707858 1 1 1
707889 1 1 1
707911 1 1 1
707932 1 1 1
707965 1 1 1
708008 1 1 1
708021 1 1 1
708044 1 1 1
708069 1 1 1
708077 1 1 1
708090 1 1 1
708150 1 1 1
708181 1 1 1
708236 1 1 1
708262 1 1 1
708266 1 1 1
708302 1 1 1
708314 1 1 1
708365 1 1 1
708401 1 1 1
708411 1 1 1
708445 1 1 1
708467 1 1 1
708514 1 1 1
708573 1 1 1
708589 1 1 1
708591 1 1 1
708593 1 1 1
708685 2 1 0.5
708696 1 1 1
708698 1 1 1
708715 1 1 1
708742 1 1 1
708744 1 1 1
708786 1 1 1
708920 1 1 1
708929 1 1 1
708962 1 1 1
708984 1 1 1
709048 1 1 1
709072 1 1 1
709076 2 1 0.5
709092 1 1 1
709119 1 1 1
709128 1 1 1
709132 1 1 1
709134 1 1 1
709138 1 1 1
709195 1 1 1
709278 2 1 0.5
709289 1 1 1
709292 4 4 1
709302 1 1 1
709345 1 1 1
709416 1 1 1
709422 1 1 1
709424 1 1 1
709491 1 1 1
709493 1 1 1
709538 1 1 1
709564 1 1 1
709572 1 1 1
709588 1 1 1
709590 1 1 1
709617 1 1 1
709631 1 1 1
709635 1 1 1
709645 1 1 1
709661 1 1 1
709675 1 1 1
709681 1 1 1
709690 1 1 1
709728 1 1 1
709780 1 1 1
709888 1 1 1
709930 1 1 1
710047 1 1 1
710057 1 1 1
710090 1 1 1
710099 1 1 1
710108 1 1 1
710132 1 1 1
710165 1 1 1
710193 1 1 1
710202 1 1 1
710222 1 1 1
710234 1 1 1
710275 1 1 1
710277 1 1 1
710288 1 1 1
710297 1 1 1
710322 1 1 1
710370 1 1 1
710380 1 1 1
710389 1 1 1
710424 1 1 1
710426 1 1 1
710433 1 1 1
710451 1 1 1
710516 1 1 1
710550 1 1 1
710576 1 1 1
710638 1 1 1
710648 1 1 1
710650 1 1 1
710657 1 1 1
710678 1 1 1
710717 1 1 1
710730 1 1 1
710740 1 1 1
710789 1 1 1
710819 2 1 0.5
710826 1 1 1
710841 1 1 1
710843 1 1 1
710846 1 1 1
710870 1 1 1
710882 1 1 1
710915 1 1 1
710936 1 1 1
710952 1 1 1
710964 1 1 1
710966 1 1 1
710982 1 1 1
710988 1 1 1
711000 1 1 1
711019 1 1 1
711046 1 1 1
711061 1 1 1
711136 1 1 1
711153 1 1 1
711195 1 1 1
711206 1 1 1
711208 1 1 1
711239 1 1 1
711251 1 1 1
711257 1 1 1
711263 1 1 1
711281 1 1 1
711295 1 1 1
711304 1 1 1
711322 1 1 1
711324 1 1 1
711344 1 1 1
711350 1 1 1
711362 1 1 1
711375 1 1 1
711377 1 1 1
711385 1 1 1
711389 1 1 1
711406 1 1 1
711408 1 1 1
711432 1 1 1
711435 1 1 1
711446 2 2 1
711448 1 1 1
711454 1 1 1
711473 1 1 1
711477 1 1 1
711479 1 1 1
711506 1 1 1
711517 1 1 1
711521 1 1 1
711523 1 1 1
711532 1 1 1
711534 1 1 1
711562 1 1 1
711566 1 1 1
711572 1 1 1
711574 1 1 1
711617 1 1 1
711645 1 1 1
711647 1 1 1
711656 1 1 1
711665 1 1 1
711673 1 1 1
711683 1 1 1
711687 1 1 1
711691 1 1 1
711706 1 1 1
711722 1 1 1
711737 1 1 1
711751 1 1 1
711755 1 1 1
711759 1 1 1
711770 1 1 1
711796 1 1 1
711802 1 1 1
711814 1 1 1
711836 1 1 1
711847 1 1 1
711861 1 1 1
711875 1 1 1
711883 1 1 1
711893 1 1 1
711925 1 1 1
711946 1 1 1
711954 1 1 1
711967 1 1 1
711980 1 1 1
711989 1 1 1
711993 1 1 1
712000 1 1 1
712041 1 1 1
712083 1 1 1
712088 1 1 1
712095 1 1 1
712097 1 1 1
712101 1 1 1
712103 1 1 1
712109 1 1 1
712113 1 1 1
712140 1 1 1
712159 1 1 1
712163 1 1 1
712165 1 1 1
712171 1 1 1
712183 1 1 1
712207 1 1 1
712209 1 1 1
712213 1 1 1
712239 1 1 1
712247 1 1 1
712254 1 1 1
712258 1 1 1
712270 1 1 1
712278 1 1 1
712282 1 1 1
712309 1 1 1
712313 1 1 1
712315 1 1 1
712321 1 1 1
712323 1 1 1
712331 1 1 1
712342 1 1 1
712344 2 2 1
712349 1 1 1
712353 1 1 1
712357 1 1 1
712367 1 1 1
712371 1 1 1
712375 1 1 1
712388 1 1 1
712407 1 1 1
712417 1 1 1
712429 1 1 1
712441 1 1 1
712444 1 1 1
712448 1 1 1
712455 1 1 1
712459 1 1 1
712492 1 1 1
712498 1 1 1
712501 1 1 1
712507 1 1 1
712519 1 1 1
712521 1 1 1
712531 1 1 1
712546 1 1 1
712550 1 1 1
712553 1 1 1
712557 1 1 1
712573 1 1 1
712582 1 1 1
712587 2 2 1
712598 1 1 1
712602 1 1 1
712626 1 1 1
712646 1 1 1
712657 1 1 1
712665 1 1 1
712682 1 1 1
712686 1 1 1
712698 1 1 1
712712 1 1 1
712727 1 1 1
712739 1 1 1
712760 1 1 1
712762 1 1 1
712775 1 1 1
712801 1 1 1
712807 1 1 1
712813 1 1 1
712822 1 1 1
712830 1 1 1
712855 1 1 1
712857 1 1 1
712868 1 1 1
712881 1 1 1
712892 1 1 1
712894 1 1 1
712905 1 1 1
712933 1 1 1
712935 1 1 1
712963 1 1 1
712965 1 1 1
712978 1 1 1
712988 1 1 1
712990 1 1 1
713028 1 1 1
713050 1 1 1
713062 1 1 1
713076 1 1 1
713078 1 1 1
713080 1 1 1
713100 1 1 1
713102 1 1 1
713114 1 1 1
713140 1 1 1
713148 1 1 1
713152 1 1 1
713159 1 1 1
713192 1 1 1
713209 1 1 1
713232 1 1 1
713237 1 1 1
713246 1 1 1
713261 1 1 1
713265 1 1 1
713280 1 1 1
713292 1 1 1
713300 1 1 1
713302 1 1 1
713305 1 1 1
713321 1 1 1
713323 1 1 1
713327 1 1 1
713334 1 1 1
713357 1 1 1
713406 1 1 1
713409 1 1 1
713414 1 1 1
713432 1 1 1
713440 1 1 1
713444 1 1 1
713461 1 1 1
713487 1 1 1
713495 1 1 1
713503 1 1 1
713526 1 1 1
713528 1 1 1
713533 1 1 1
713539 1 1 1
713556 1 1 1
713561 1 1 1
713565 1 1 1
713569 1 1 1
713581 1 1 1
713583 1 1 1
713585 1 1 1
713590 1 1 1
713605 1 1 1
713609 1 1 1
713611 1 1 1
713624 1 1 1
713626 1 1 1
713633 1 1 1
713645 1 1 1
713661 1 1 1
713668 1 1 1
713670 1 1 1
713674 1 1 1
713689 1 1 1
713691 1 1 1
713712 1 1 1
713714 1 1 1
713720 1 1 1
713722 1 1 1
713724 1 1 1
713731 1 1 1
713766 1 1 1
713777 1 1 1
713779 1 1 1
713788 1 1 1
713793 1 1 1
713795 1 1 1
713798 1 1 1
713807 1 1 1
713816 1 1 1
713818 1 1 1
713829 1 1 1
713838 1 1 1
713848 1 1 1
713853 1 1 1
713875 1 1 1
713877 1 1 1
713881 1 1 1
713888 1 1 1
713890 1 1 1
713898 1 1 1
713902 1 1 1
713906 1 1 1
713920 1 1 1
713928 2 1 0.5
713949 1 1 1
714002 1 1 1
714004 1 1 1
714008 1 1 1
714012 1 1 1
714019 1 1 1
714021 1 1 1
714035 1 1 1
714043 2 1 0.5
714047 1 1 1
714049 1 1 1
714073 1 1 1
714079 1 1 1
714090 1 1 1
714098 1 1 1
714104 1 1 1
714106 1 1 1
714108 1 1 1
714123 1 1 1
714144 1 1 1
714146 1 1 1
714162 1 1 1
714174 1 1 1
714180 1 1 1
714182 1 1 1
714199 1 1 1
714245 1 1 1
714253 1 1 1
714263 1 1 1
714282 1 1 1
714284 1 1 1
714297 2 1 0.5
714311 1 1 1
714317 1 1 1
714328 1 1 1
714334 2 2 1
714336 1 1 1
714340 1 1 1
714358 1 1 1
714368 1 1 1
714384 1 1 1
714390 1 1 1
714392 1 1 1
714421 1 1 1
714425 1 1 1
714432 1 1 1
714443 1 1 1
714445 1 1 1
714447 1 1 1
714460 1 1 1
714484 1 1 1
714486 1 1 1
714493 1 1 1
714517 1 1 1
714521 2 1 0.5
714525 1 1 1
714533 1 1 1
714535 1 1 1
714539 1 1 1
714546 1 1 1
714549 1 1 1
714555 1 1 1
714557 1 1 1
714563 1 1 1
714571 1 1 1
714579 1 1 1
714583 1 1 1
714589 1 1 1
714591 1 1 1
714593 1 1 1
714603 1 1 1
714615 1 1 1
714621 1 1 1
714625 1 1 1
714630 1 1 1
714638 1 1 1
714652 1 1 1
714662 1 1 1
714664 1 1 1
714666 1 1 1
714668 1 1 1
714693 1 1 1
714705 1 1 1
714707 1 1 1
714722 1 1 1
714726 1 1 1
714730 1 1 1
714743 1 1 1
714751 1 1 1
714773 1 1 1
714779 1 1 1
714788 1 1 1
714790 1 1 1
714798 1 1 1
714806 1 1 1
714825 1 1 1
714827 1 1 1
714829 1 1 1
714837 1 1 1
714846 1 1 1
714859 1 1 1
714863 1 1 1
714865 1 1 1
714869 1 1 1
714871 1 1 1
714880 1 1 1
714884 1 1 1
714905 1 1 1
714915 1 1 1
714921 1 1 1
714927 1 1 1
714933 1 1 1
714942 1 1 1
714944 1 1 1
714950 1 1 1
714955 2 1 0.5
714961 1 1 1
714965 1 1 1
714971 1 1 1
714975 1 1 1
715006 1 1 1
715019 1 1 1
715021 1 1 1
715037 1 1 1
715043 1 1 1
715054 1 1 1
715058 1 1 1
715064 1 1 1
715077 1 1 1
715083 1 1 1
715085 1 1 1
715093 1 1 1
715095 1 1 1
715098 1 1 1
715103 1 1 1
715105 1 1 1
715108 1 1 1
715126 1 1 1
715134 1 1 1
715140 1 1 1
715156 1 1 1
715158 1 1 1
715168 1 1 1
715172 1 1 1
715179 1 1 1
715189 1 1 1
715195 1 1 1
715197 1 1 1
715203 1 1 1
715211 1 1 1
715213 1 1 1
715215 1 1 1
715256 1 1 1
715259 1 1 1
715266 1 1 1
715309 1 1 1
715315 1 1 1
715319 1 1 1
715335 1 1 1
715341 1 1 1
715343 1 1 1
715352 1 1 1
715354 1 1 1
715360 1 1 1
715362 1 1 1
715373 1 1 1
715377 1 1 1
715389 1 1 1
715395 1 1 1
715416 1 1 1
715420 1 1 1
715441 1 1 1
715465 1 1 1
715473 1 1 1
715478 1 1 1
715517 1 1 1
715526 1 1 1
715530 1 1 1
715542 1 1 1
715550 1 1 1
715561 1 1 1
715565 1 1 1
715575 2 1 0.5
715576 1 1 1
715578 1 1 1
715591 1 1 1
715595 1 1 1
715607 1 1 1
715619 1 1 1
715621 1 1 1
715633 1 1 1
715635 1 1 1
715637 1 1 1
715650 1 1 1
715656 1 1 1
715658 1 1 1
715672 1 1 1
715676 1 1 1
715686 1 1 1
715708 1 1 1
715710 1 1 1
715715 1 1 1
715719 1 1 1
715722 1 1 1
715728 1 1 1
715733 1 1 1
715735 1 1 1
715739 1 1 1
715741 1 1 1
715749 1 1 1
715751 1 1 1
715755 1 1 1
715761 1 1 1
715783 1 1 1
715785 1 1 1
715787 1 1 1
715792 1 1 1
715807 1 1 1
715815 1 1 1
715817 1 1 1
715822 1 1 1
715824 1 1 1
715826 1 1 1
715828 1 1 1
715830 1 1 1
715836 1 1 1
715842 1 1 1
715844 1 1 1
715846 1 1 1
715850 1 1 1
715854 1 1 1
715871 1 1 1
715873 1 1 1
715875 1 1 1
715882 1 1 1
715888 1 1 1
715914 1 1 1
715920 1 1 1
715931 1 1 1
715933 1 1 1
715935 1 1 1
715940 1 1 1
715945 1 1 1
715953 1 1 1
715959 1 1 1
715963 1 1 1
715965 1 1 1
715973 1 1 1
715977 1 1 1
715989 1 1 1
715993 1 1 1
716010 1 1 1
716018 1 1 1
716040 1 1 1
716062 1 1 1
716064 1 1 1
716070 1 1 1
716074 1 1 1
716078 1 1 1
716092 1 1 1
716094 1 1 1
716098 1 1 1
716104 1 1 1
716115 1 1 1
716119 1 1 1
716122 1 1 1
716128 1 1 1
716148 1 1 1
716162 1 1 1
716190 1 1 1
716196 1 1 1
716200 1 1 1
716202 1 1 1
716204 1 1 1
716206 1 1 1
716215 1 1 1
716224 1 1 1
716227 1 1 1
716234 1 1 1
716244 1 1 1
716252 1 1 1
716272 1 1 1
716274 1 1 1
716276 1 1 1
716282 1 1 1
716295 1 1 1
716302 1 1 1
716315 1 1 1
716329 1 1 1
716336 1 1 1
716369 1 1 1
716376 1 1 1
716378 1 1 1
716383 1 1 1
716387 1 1 1
716405 1 1 1
716414 1 1 1
716418 1 1 1
716422 1 1 1
716426 1 1 1
716434 1 1 1
716439 1 1 1
716444 1 1 1
716458 1 1 1
716467 1 1 1
716469 1 1 1
716477 1 1 1
716481 1 1 1
716483 1 1 1
716488 1 1 1
716497 1 1 1
716501 1 1 1
716503 1 1 1
716505 1 1 1
716509 1 1 1
716524 1 1 1
716531 1 1 1
716539 1 1 1
716546 1 1 1
716552 1 1 1
716588 1 1 1
716596 1 1 1
716600 1 1 1
716606 1 1 1
716608 1 1 1
716619 1 1 1
716621 1 1 1
716628 1 1 1
716642 1 1 1
716646 1 1 1
716665 1 1 1
716712 1 1 1
716717 1 1 1
716721 1 1 1
716745 1 1 1
716761 1 1 1
716763 1 1 1
716769 1 1 1
716771 1 1 1
716792 1 1 1
716797 1 1 1
716808 1 1 1
716830 1 1 1
716832 1 1 1
716855 1 1 1
716857 1 1 1
716859 1 1 1
716863 1 1 1
716878 1 1 1
716917 1 1 1
716931 1 1 1
716946 1 1 1
716950 1 1 1
716961 1 1 1
716972 1 1 1
716983 1 1 1
716985 1 1 1
716987 1 1 1
716991 2 1 0.5
716992 1 1 1
716997 1 1 1
717007 1 1 1
717015 1 1 1
717017 1 1 1
717019 1 1 1
717021 1 1 1
717023 1 1 1
717025 1 1 1
717035 1 1 1
717046 1 1 1
717058 1 1 1
717060 1 1 1
717075 1 1 1
717097 1 1 1
717107 1 1 1
717126 1 1 1
717128 1 1 1
717146 1 1 1
717152 1 1 1
717158 1 1 1
717163 1 1 1
717183 1 1 1
717185 1 1 1
717197 1 1 1
717199 1 1 1
717207 1 1 1
717213 1 1 1
717224 1 1 1
717226 1 1 1
717229 1 1 1
717248 1 1 1
717252 1 1 1
717260 1 1 1
717301 1 1 1
717322 1 1 1
717332 1 1 1
717343 1 1 1
717359 1 1 1
717368 1 1 1
717383 1 1 1
717387 1 1 1
717389 1 1 1
717400 1 1 1
717409 1 1 1
717412 1 1 1
717415 1 1 1
717419 1 1 1
717421 1 1 1
717436 1 1 1
717439 2 2 1
717459 1 1 1
717461 1 1 1
717469 1 1 1
717478 1 1 1
717480 1 1 1
717500 1 1 1
717513 1 1 1
717519 1 1 1
717525 1 1 1
717536 1 1 1
717561 1 1 1
717565 1 1 1
717568 1 1 1
717570 1 1 1
717572 1 1 1
717574 1 1 1
717581 1 1 1
717603 1 1 1
717612 1 1 1
717614 1 1 1
717625 1 1 1
717639 1 1 1
717644 1 1 1
717651 1 1 1
717677 1 1 1
717682 1 1 1
717698 1 1 1
717706 1 1 1
717708 2 2 1
717714 1 1 1
717716 1 1 1
717719 1 1 1
717730 1 1 1
717732 1 1 1
717736 1 1 1
717740 1 1 1
717742 1 1 1
717748 1 1 1
717756 1 1 1
717763 1 1 1
717768 1 1 1
717774 1 1 1
717778 1 1 1
717784 1 1 1
717788 1 1 1
717793 1 1 1
717795 1 1 1
717802 1 1 1
717804 1 1 1
717813 1 1 1
717818 1 1 1
717824 1 1 1
717840 1 1 1
717846 1 1 1
717862 1 1 1
717866 1 1 1
717870 1 1 1
717872 1 1 1
717887 1 1 1
717894 1 1 1
717901 1 1 1
717905 1 1 1
717911 1 1 1
717931 1 1 1
717942 1 1 1
717967 1 1 1
717974 1 1 1
717991 1 1 1
717993 3 1 0.333333
718007 1 1 1
718017 1 1 1
718039 1 1 1
718043 1 1 1
718110 1 1 1
718117 1 1 1
718126 1 1 1
718141 1 1 1
718159 1 1 1
718175 1 1 1
718177 1 1 1
718179 1 1 1
718184 1 1 1
718186 1 1 1
718216 1 1 1
718236 1 1 1
718238 1 1 1
718251 1 1 1
718287 1 1 1
718296 1 1 1
718298 1 1 1
718312 1 1 1
718330 1 1 1
718332 1 1 1
718336 1 1 1
718352 1 1 1
718368 1 1 1
718372 1 1 1
718384 1 1 1
718399 1 1 1
718401 1 1 1
718404 1 1 1
718416 1 1 1
718422 1 1 1
718452 1 1 1
718463 1 1 1
718467 1 1 1
718474 1 1 1
718479 1 1 1
718486 1 1 1
718490 1 1 1
718501 1 1 1
718503 1 1 1
718505 1 1 1
718521 1 1 1
718530 1 1 1
718541 1 1 1
718546 1 1 1
718552 1 1 1
718558 1 1 1
718564 1 1 1
718568 1 1 1
718644 1 1 1
718653 1 1 1
718657 1 1 1
718679 1 1 1
718687 1 1 1
718689 1 1 1
718700 1 1 1
718731 1 1 1
718735 1 1 1
718740 1 1 1
718745 1 1 1
718760 1 1 1
718784 1 1 1
718786 1 1 1
718793 1 1 1
718805 1 1 1
718807 1 1 1
718838 1 1 1
718887 1 1 1
718897 1 1 1
718899 1 1 1
718919 1 1 1
718921 1 1 1
718923 1 1 1
718925 1 1 1
718930 1 1 1
718934 1 1 1
718959 1 1 1
718963 1 1 1
718969 1 1 1
718977 1 1 1
718981 1 1 1
718988 1 1 1
719016 1 1 1
719025 1 1 1
719044 1 1 1
719072 1 1 1
719074 1 1 1
719092 1 1 1
719094 1 1 1
719114 1 1 1
719159 1 1 1
719166 1 1 1
719175 1 1 1
719183 1 1 1
719204 1 1 1
719210 1 1 1
719225 1 1 1
719231 1 1 1
719248 1 1 1
719281 1 1 1
719283 1 1 1
719285 1 1 1
719287 1 1 1
719305 1 1 1
719327 1 1 1
719336 1 1 1
719340 1 1 1
719355 1 1 1
719361 1 1 1
719370 1 1 1
719378 1 1 1
719386 1 1 1
719393 1 1 1
719410 1 1 1
719423 1 1 1
719432 1 1 1
719434 1 1 1
719438 1 1 1
719455 1 1 1
719465 1 1 1
719470 1 1 1
719489 1 1 1
719495 1 1 1
719513 1 1 1
719524 1 1 1
719528 1 1 1
719532 1 1 1
719545 1 1 1
719561 14 13 0.928571
719567 18 18 1
719569 1 1 1
719573 1 1 1
719591 1 1 1
719605 1 1 1
719614 1 1 1
719619 1 1 1
719621 1 1 1
719629 1 1 1
719637 1 1 1
719644 1 1 1
719650 1 1 1
719652 1 1 1
719655 1 1 1
719667 1 1 1
719681 1 1 1
719687 1 1 1
719770 1 1 1
719772 1 1 1
719785 1 1 1
719799 1 1 1
719807 1 1 1
719832 1 1 1
719858 1 1 1
719860 1 1 1
719865 1 1 1
719878 1 1 1
719881 1 1 1
719887 1 1 1
719891 1 1 1
719898 1 1 1
719909 1 1 1
719922 1 1 1
719928 1 1 1
719937 1 1 1
719941 1 1 1
719952 1 1 1
719956 1 1 1
719963 1 1 1
719972 1 1 1
719974 1 1 1
719991 1 1 1
719999 1 1 1
720010 1 1 1
720016 1 1 1
720057 1 1 1
720059 1 1 1
720082 1 1 1
720095 1 1 1
720111 1 1 1
720113 1 1 1
720120 1 1 1
720126 1 1 1
720128 1 1 1
720136 1 1 1
720141 1 1 1
720151 1 1 1
720155 1 1 1
720161 1 1 1
720177 1 1 1
720179 1 1 1
720221 1 1 1
720236 1 1 1
720268 1 1 1
720288 1 1 1
720295 1 1 1
720339 1 1 1
720341 1 1 1
720377 1 1 1
720383 1 1 1
720408 1 1 1
720425 1 1 1
720443 1 1 1
720445 1 1 1
720449 1 1 1
720451 1 1 1
720477 1 1 1
720484 1 1 1
720500 1 1 1
720502 1 1 1
720507 1 1 1
720528 1 1 1
720540 1 1 1
720551 1 1 1
720555 1 1 1
720574 1 1 1
720606 1 1 1
720613 1 1 1
720644 1 1 1
720689 1 1 1
720695 1 1 1
720713 2 1 0.5
720715 1 1 1
720723 1 1 1
720743 1 1 1
720752 1 1 1
720759 1 1 1
720765 1 1 1
720769 1 1 1
720805 1 1 1
720814 1 1 1
720826 1 1 1
720846 1 1 1
720861 1 1 1
720867 1 1 1
720870 1 1 1
720896 1 1 1
720916 1 1 1
720926 1 1 1
720938 1 1 1
720957 1 1 1
720960 1 1 1
720962 1 1 1
720991 1 1 1
720999 1 1 1
721001 1 1 1
721033 1 1 1
721041 1 1 1
721043 1 1 1
721058 1 1 1
721085 1 1 1
721108 1 1 1
721111 1 1 1
721120 1 1 1
721124 1 1 1
721126 1 1 1
721150 1 1 1
721152 1 1 1
721154 1 1 1
721160 1 1 1
721164 1 1 1
721166 1 1 1
721174 1 1 1
721188 1 1 1
721192 1 1 1
721196 1 1 1
721200 1 1 1
721202 1 1 1
721204 1 1 1
721226 1 1 1
721228 1 1 1
721257 2 2 1
721260 1 1 1
721263 1 1 1
721279 1 1 1
721281 1 1 1
721319 1 1 1
721321 1 1 1
721331 1 1 1
721337 1 1 1
721356 1 1 1
721366 1 1 1
721384 1 1 1
721387 1 1 1
721421 1 1 1
721425 1 1 1
721464 1 1 1
721484 1 1 1
721494 1 1 1
721534 1 1 1
721552 1 1 1
721562 1 1 1
721564 1 1 1
721570 1 1 1
721573 1 1 1
721584 1 1 1
721586 1 1 1
721606 1 1 1
721613 1 1 1
721632 1 1 1
721634 1 1 1
721647 1 1 1
721666 1 1 1
721678 1 1 1
721681 1 1 1
721686 1 1 1
721700 1 1 1
721714 1 1 1
721725 1 1 1
721733 1 1 1
721735 1 1 1
721737 1 1 1
721754 1 1 1
721770 1 1 1
721808 1 1 1
721825 1 1 1
721841 1 1 1
721845 1 1 1
721855 1 1 1
721858 1 1 1
721865 1 1 1
721880 1 1 1
721884 1 1 1
721905 1 1 1
721911 1 1 1
721930 1 1 1
721960 1 1 1
722000 1 1 1
722002 1 1 1
722006 1 1 1
722018 2 2 1
722030 1 1 1
722032 1 1 1
722036 1 1 1
722044 1 1 1
722061 1 1 1
722080 1 1 1
722090 1 1 1
722092 1 1 1
722105 4 4 1
722107 1 1 1
722120 1 1 1
722128 1 1 1
722132 1 1 1
722153 1 1 1
722163 1 1 1
722172 1 1 1
722179 1 1 1
722194 1 1 1
722201 1 1 1
722207 1 1 1
722224 1 1 1
722232 1 1 1
722247 1 1 1
722253 1 1 1
722296 1 1 1
722315 1 1 1
722345 1 1 1
722362 1 1 1
722368 2 1 0.5
722373 1 1 1
722397 1 1 1
722451 1 1 1
722458 1 1 1
722464 1 1 1
722482 1 1 1
722513 1 1 1
722528 1 1 1
722557 1 1 1
722571 1 1 1
722578 1 1 1
722588 1 1 1
722610 1 1 1
722629 1 1 1
722638 1 1 1
722644 1 1 1
722652 1 1 1
722657 1 1 1
722669 1 1 1
722676 1 1 1
722678 1 1 1
722684 1 1 1
722690 1 1 1
722698 1 1 1
722733 1 1 1
722735 1 1 1
722744 1 1 1
722765 1 1 1
722781 1 1 1
722797 1 1 1
722804 1 1 1
722807 1 1 1
722816 1 1 1
722821 1 1 1
722826 1 1 1
722835 1 1 1
722843 1 1 1
722845 1 1 1
722853 1 1 1
722861 1 1 1
722865 1 1 1
722872 1 1 1
722887 1 1 1
722911 1 1 1
722916 1 1 1
722957 1 1 1
722966 1 1 1
722972 1 1 1
722974 1 1 1
722980 1 1 1
722985 1 1 1
723004 1 1 1
723025 1 1 1
723027 1 1 1
723040 1 1 1
723046 1 1 1
723048 1 1 1
723064 1 1 1
723101 1 1 1
723104 1 1 1
723126 1 1 1
723128 1 1 1
723132 1 1 1
723154 1 1 1
723169 1 1 1
723180 1 1 1
723214 1 1 1
723219 1 1 1
723255 1 1 1
723259 1 1 1
723265 1 1 1
723269 1 1 1
723282 1 1 1
723305 1 1 1
723312 1 1 1
723322 1 1 1
723335 1 1 1
723342 1 1 1
723346 1 1 1
723362 1 1 1
723364 1 1 1
723368 1 1 1
723379 1 1 1
723417 1 1 1
723444 1 1 1
723457 1 1 1
723463 1 1 1
723468 1 1 1
723470 1 1 1
723491 1 1 1
723498 1 1 1
723513 1 1 1
723515 1 1 1
723520 1 1 1
723533 1 1 1
723535 1 1 1
723537 1 1 1
723539 1 1 1
723541 1 1 1
723543 1 1 1
723570 1 1 1
723575 1 1 1
723579 1 1 1
