1 1 100 26.9378
2 2 100 38.7834
3 3 100 253.249
4 4 100 258.45
5 5 100 268.925
6 6 100 273.833
7 7 100 286.433
8 8 100 290.284
9 9 100 301.987
10 10 100 617.8
11 11 100 620.898
12 12 100 623.497
13 13 100 627.424
14 14 100 629.939
15 15 100 632.784
16 16 100 634.033
17 17 100 635.181
18 18 100 639.583
19 19 100 644.94
20 20 100 655.147
21 21 100 656.292
22 22 100 657.19
23 23 100 658.328
24 24 100 672.357
25 25 100 676.384
26 26 100 680.756
27 27 100 681.773
28 28 100 683.888
29 29 100 686.359
30 30 100 687.769
31 31 100 689.612
32 32 100 691.336
33 33 100 693.112
34 34 100 694.204
35 35 100 696.149
36 36 100 697.165
37 37 100 698.073
38 38 100 699.088
39 39 100 700.103
40 40 100 702.023
41 41 100 704.443
42 42 100 706.668
43 43 100 710.611
44 44 100 714.209
45 45 100 715.262
46 46 100 716.505
47 47 100 723.077
48 48 100 724.454
49 49 100 725.883
50 50 100 727.022
