1 1 100 35.183
2 2 100 37.1334
3 3 100 50.8806
4 4 100 62.7319
5 5 100 64.6078
6 6 100 226.628
7 7 100 229.154
8 8 100 235.488
9 9 100 283.922
10 10 100 328.916
11 11 100 369.563
12 12 100 373.26
13 13 100 375.561
14 14 100 400.18
15 15 100 403.663
16 16 100 422.362
17 17 100 438.814
18 18 100 441.435
19 19 100 454.217
20 20 100 455.949
21 21 100 457
22 22 100 458.015
23 23 100 460.764
24 24 100 463.604
25 25 100 473.139
26 26 100 480.853
27 27 100 489.395
28 28 100 497.017
29 29 100 503.972
30 30 100 506.32
31 31 100 512.225
32 32 100 517.578
33 33 100 523.36
34 34 100 527.285
35 35 100 532.331
36 36 100 536.864
37 37 100 538.299
38 38 100 540.108
39 39 100 542.082
40 40 100 544.137
41 41 100 547.62
42 42 100 549.601
43 43 100 553.544
44 44 100 557.486
45 45 100 559.467
46 46 100 562.715
47 47 100 566.29
48 48 100 569.865
49 49 100 572.796
50 50 100 576.371
