1 1 100 111.946
2 2 100 159.169
3 3 100 206.053
4 4 100 244.507
5 5 100 279.248
6 6 100 338.254
7 7 100 393.489
8 8 100 421.802
9 9 100 455.361
10 10 100 482.403
11 11 100 507.873
12 12 100 524.929
13 13 100 1000.13
14 14 100 1049.03
15 15 100 1126.28
16 16 100 1134.86
17 17 100 1143.32
18 18 100 1153.46
19 19 100 1186.03
20 20 100 1195.35
21 21 100 1203.49
22 22 100 1230.14
23 23 100 1401.44
24 24 100 1423.7
25 25 100 1630.12
26 26 100 1652.79
27 27 100 1657.96
28 28 100 1662.92
29 29 100 1673.3
30 30 100 1679.22
31 31 100 1684.06
32 32 100 1699.48
33 33 100 1715.16
34 34 100 1719.65
35 35 100 1751.34
36 36 100 1763.98
37 37 100 1767.76
38 38 100 1770.61
39 39 100 1774.37
40 40 100 1777.61
41 41 100 1780.42
42 42 100 9232
43 43 100 9235.36
44 44 100 9237.47
45 45 100 9412.67
46 46 100 9415.63
47 47 100 9511.34
48 48 100 9514.46
49 49 100 9517.66
50 50 100 9520.5
