6 25061 2899 0 0
6 126049 96 0 0
6 205579 499 0 0
6 205657 513 0 0
6 208730 994 0 0
11 12492 18 0 0
11 185400 369 0 0
13 215828 0 548 0
34 207529 0 16 0
89090 91700 0 475 0
54 163008 0 582 0
54 222846 0 422 0
96 38155 0 41 0
106 4907 925 0 0
106 5610 241 0 0
106 7361 2609 0 0
106 11074 163 0 0
106 11470 243 0 0
106 12776 1075 0 0
106 14654 1134 0 0
106 15635 5023 0 0
106 15637 1131 0 0
106 16913 3192 0 0
106 20047 1365 0 0
106 22226 699 0 0
106 24712 903 0 0
106 24888 683 0 0
106 26446 222 0 0
106 28029 1275 0 0
106 30796 829 0 0
106 31116 12 0 0
106 32120 5191 0 0
106 35973 3749 0 0
106 37190 110 0 0
106 38721 304 0 0
106 38873 1471 0 0
106 41395 22 0 0
106 47352 55 0 0
106 49967 113 0 0
106 54045 300 0 0
106 54716 4854 0 0
106 57867 1776 0 0
106 59634 1122 0 0
106 59737 49 0 0
106 60114 666 0 0
106 60197 3785 0 0
106 60400 690 0 0
106 67237 60 0 0
106 70192 490 0 0
106 71682 93 0 0
106 74157 682 0 0
106 75948 330 0 0
106 76058 437 0 0
106 82351 702 0 0
106 85841 1074 0 0
106 91715 214 0 0
106 92136 4976 0 0
106 95283 1234 0 0
106 104283 135 0 0
106 105832 656 0 0
106 109314 1261 0 0
106 110217 263 0 0
106 110766 244 0 0
106 113712 1705 0 0
106 113918 117 0 0
106 115181 100 0 0
106 119711 235 0 0
106 121320 591 0 0
106 121691 1746 0 0
106 125729 562 0 0
106 126303 1582 0 0
106 135175 253 0 0
106 138514 4221 0 0
106 138622 599 0 0
106 145720 2490 0 0
106 149268 4469 0 0
106 155039 90 0 0
106 163041 151 0 0
106 164787 112 0 0
106 166604 1551 0 0
106 169070 3794 0 0
106 170013 2520 0 0
106 171379 2262 0 0
106 171546 1373 0 0
106 177849 914 0 0
106 179452 132 0 0
106 180950 42 0 0
106 181694 1736 0 0
106 182597 946 0 0
106 183605 828 0 0
106 193323 257 0 0
106 193564 1279 0 0
106 196698 333 0 0
106 197026 5180 0 0
106 197363 1070 0 0
106 198298 476 0 0
106 198844 425 0 0
106 201583 600 0 0
106 202085 78 0 0
106 203133 4589 0 0
106 204524 280 0 0
106 206023 629 0 0
106 206207 1178 0 0
106 211576 68 0 0
106 212895 202 0 0
106 212967 28 0 0
106 212998 34 0 0
106 213021 37 0 0
106 213037 39 0 0
106 213090 47 0 0
106 213099 48 0 0
106 213104 49 0 0
106 213130 53 0 0
106 213166 58 0 0
106 213211 64 0 0
106 213241 71 0 0
106 213253 74 0 0
106 213327 86 0 0
106 213331 86 0 0
106 213354 89 0 0
106 213371 91 0 0
106 213379 92 0 0
106 213416 98 0 0
106 213428 100 0 0
106 213480 106 0 0
106 213519 111 0 0
106 213537 114 0 0
106 213552 115 0 0
106 213572 117 0 0
106 213578 117 0 0
106 213742 138 0 0
106 213756 142 0 0
106 213860 157 0 0
106 213893 163 0 0
106 213997 178 0 0
106 214041 186 0 0
106 214077 191 0 0
106 214261 217 0 0
106 214281 221 0 0
106 214344 234 0 0
106 214366 1335 0 0
106 214503 266 0 0
106 214510 267 0 0
106 214580 277 0 0
106 214586 278 0 0
106 214670 292 0 0
106 214735 301 0 0
106 214737 301 0 0
106 214791 310 0 0
106 214869 326 0 0
106 214918 335 0 0
106 214955 340 0 0
106 215002 349 0 0
106 215126 371 0 0
106 215142 374 0 0
106 215201 385 0 0
106 215231 389 0 0
106 215272 395 0 0
106 215311 401 0 0
106 215324 402 0 0
106 215475 430 0 0
106 215523 437 0 0
106 215599 455 0 0
106 215660 572 0 0
106 215695 1328 0 0
106 215773 487 0 0
106 215936 515 0 0
106 215958 520 0 0
106 216118 544 0 0
106 216173 552 0 0
106 216221 558 0 0
106 216227 559 0 0
106 216261 566 0 0
106 216276 568 0 0
106 216348 582 0 0
106 216452 598 0 0
106 216473 600 0 0
106 216484 602 0 0
106 216588 625 0 0
106 216692 644 0 0
106 216774 656 0 0
106 216831 664 0 0
106 216992 696 0 0
106 217048 702 0 0
106 217418 745 0 0
106 217489 754 0 0
106 217727 841 0 0
106 217879 870 0 0
106 217915 878 0 0
106 218064 905 0 0
106 218083 910 0 0
106 218137 920 0 0
106 218305 950 0 0
106 218652 1019 0 0
106 218688 1027 0 0
106 218870 1062 0 0
106 218899 1067 0 0
106 218970 1078 0 0
106 219138 1217 0 0
106 219306 1133 0 0
106 219517 1169 0 0
106 219780 1222 0 0
106 220449 1347 0 0
106 220464 1351 0 0
106 220704 1398 0 0
106 220736 1404 0 0
106 220830 1462 0 0
106 220875 1472 0 0
106 221037 1500 0 0
106 221203 1529 0 0
106 221311 1547 0 0
106 221572 1595 0 0
106 222021 1665 0 0
106 222322 1710 0 0
106 222326 1711 0 0
106 222404 1721 0 0
106 222556 1746 0 0
106 222867 1841 0 0
106 222911 1850 0 0
106 223009 1867 0 0
106 223179 1898 0 0
106 223401 2063 0 0
106 223739 2245 0 0
106 224125 2395 0 0
106 224290 2426 0 0
106 224379 2440 0 0
106 224424 2487 0 0
106 224497 2503 0 0
106 225205 2611 0 0
106 225604 2678 0 0
106 225669 2688 0 0
106 225840 2719 0 0
106 226385 2871 0 0
106 226391 2872 0 0
106 226547 2955 0 0
106 227072 3099 0 0
106 227116 3106 0 0
106 227166 3113 0 0
106 227816 3221 0 0
106 227881 3231 0 0
106 228032 3463 0 0
106 228059 3253 0 0
106 228172 3267 0 0
106 228431 3354 0 0
106 228505 3407 0 0
106 228626 3427 0 0
106 228676 3435 0 0
106 229195 3528 0 0
106 229197 3528 0 0
106 229473 3581 0 0
106 229489 3585 0 0
106 229536 3593 0 0
106 229621 3607 0 0
106 229840 3642 0 0
106 229912 3654 0 0
106 230258 3750 0 0
106 231470 4778 0 0
106 231571 4174 0 0
106 231768 4210 0 0
106 232139 4388 0 0
106 232288 4417 0 0
106 232339 4424 0 0
106 232374 4543 0 0
106 232893 4561 0 0
106 233078 4774 0 0
106 233634 4708 0 0
106 233739 4776 0 0
106 234333 4893 0 0
106 234346 4896 0 0
106 234420 4911 0 0
106 234695 4963 0 0
106 234830 4986 0 0
106 235728 5157 0 0
106 236052 5215 0 0
106 236140 5232 0 0
106 236878 5435 0 0
106 237042 5458 0 0
112 2476 413 0 0
112 82264 293 0 0
112 102120 624 0 0
112 158090 281 0 0
112 232966 250 0 0
112 232997 413 0 0
112 232999 677 0 0
112 233289 470 0 0
112 233611 1343 0 0
112 233871 474 0 0
112 234748 1457 0 0
112 236464 1047 0 0
178195 202295 0 886 0
174 91700 0 2882 0
175 108108 1699 0 0
175 227939 42 0 0
194 38718 0 47 0
194 99320 0 20 0
270 8635 476 0 0
270 8996 106 0 0
270 10080 2223 0 0
270 17680 34 0 0
270 48530 31 0 0
270 53758 636 0 0
270 91302 10 0 0
270 222782 483 0 0
270 225783 810 0 0
270 226665 20 0 0
270 226738 30 0 0
270 226766 32 0 0
270 227198 165 0 0
270 227212 169 0 0
270 227719 249 0 0
270 227843 272 0 0
270 228579 467 0 0
270 229201 575 0 0
270 229541 641 0 0
270 229663 661 0 0
270 230389 817 0 0
270 230498 835 0 0
270 230929 988 0 0
270 231348 1186 0 0
270 233275 1680 0 0
270 233453 1716 0 0
270 235198 2099 0 0
359 27542 547 0 0
359 31308 4413 0 0
405 2146 47 0 0
405 13141 274 0 0
405 25506 983 0 0
405 25913 1800 0 0
405 32242 1675 0 0
405 189251 288 0 0
405 200020 38 0 0
405 228128 111 0 0
405 228835 308 0 0
405 230035 566 0 0
405 233441 1514 0 0
405 236344 2159 0 0
438 952 182 0 0
438 7361 663 0 0
438 10867 567 0 0
438 13717 3511 0 0
438 25247 4031 0 0
438 32424 2104 0 0
438 37139 5949 0 0
438 39707 1985 0 0
438 43363 904 0 0
438 47212 1071 0 0
438 52063 8179 0 0
438 52076 16 0 0
438 52766 6 0 0
438 53626 2287 0 0
438 58200 403 0 0
438 58407 1748 0 0
438 58885 490 0 0
438 58981 281 0 0
438 59444 653 0 0
438 64148 972 0 0
438 66588 7020 0 0
438 69028 5930 0 0
438 76736 2278 0 0
438 125729 2156 0 0
438 151399 114 0 0
438 198047 305 0 0
438 202735 369 0 0
438 202967 64 0 0
438 203070 83 0 0
438 203188 106 0 0
438 203344 131 0 0
438 204442 299 0 0
438 204837 363 0 0
438 204938 377 0 0
438 204981 384 0 0
438 205198 422 0 0
438 205266 434 0 0
438 205581 494 0 0
438 205675 510 0 0
438 205760 527 0 0
438 205897 550 0 0
438 206009 669 0 0
438 206051 579 0 0
438 206067 581 0 0
438 206135 591 0 0
438 206314 619 0 0
438 206452 638 0 0
438 206507 647 0 0
438 206719 677 0 0
438 206887 705 0 0
438 207220 765 0 0
438 207289 779 0 0
438 208412 945 0 0
438 208421 946 0 0
438 208612 971 0 0
438 208644 974 0 0
438 208772 994 0 0
438 209087 1043 0 0
438 209154 1052 0 0
438 209161 1053 0 0
438 209440 1094 0 0
438 209481 1100 0 0
438 209580 1113 0 0
438 209600 1118 0 0
438 209737 1138 0 0
438 209780 1143 0 0
438 209782 1143 0 0
438 209890 1160 0 0
438 209951 1169 0 0
438 209998 1176 0 0
438 210340 1227 0 0
438 210407 1239 0 0
438 210699 1284 0 0
438 210717 1287 0 0
438 210719 1633 0 0
438 211438 1407 0 0
438 211496 1420 0 0
438 211996 1497 0 0
438 212180 1529 0 0
438 212545 1590 0 0
438 212561 1592 0 0
438 212941 1652 0 0
438 212980 1659 0 0
438 213082 1676 0 0
438 213373 1721 0 0
438 213680 1760 0 0
438 214034 1815 0 0
438 214327 1861 0 0
438 215233 2019 0 0
438 215484 2061 0 0
438 215545 2070 0 0
438 217015 2328 0 0
438 217507 2387 0 0
438 218033 2531 0 0
438 218386 2597 0 0
438 218430 2611 0 0
438 218531 2626 0 0
438 218567 2633 0 0
438 218633 2646 0 0
438 218909 2698 0 0
438 218973 2708 0 0
438 219601 2813 0 0
438 219789 2854 0 0
438 219827 2864 0 0
438 220081 2911 0 0
438 220142 2922 0 0
438 220418 2974 0 0
438 220724 3032 0 0
438 220953 3117 0 0
438 220955 3300 0 0
438 221431 3198 0 0
438 221851 3264 0 0
438 221892 3270 0 0
438 221999 3291 0 0
438 222175 3316 0 0
438 222790 3414 0 0
438 222964 3490 0 0
438 223219 3535 0 0
438 223469 3704 0 0
438 223782 3884 0 0
438 224034 3969 0 0
438 224263 4052 0 0
438 224468 4127 0 0
438 224539 4139 0 0
438 225137 4232 0 0
438 226043 4452 0 0
438 227269 4759 0 0
438 227418 4782 0 0
438 228349 4926 0 0
438 228439 4986 0 0
438 228460 4989 0 0
438 228650 5066 0 0
438 228903 5102 0 0
438 228982 5121 0 0
438 229108 5143 0 0
438 229160 5152 0 0
438 229600 5234 0 0
438 229629 5239 0 0
438 230008 5343 0 0
438 230153 5364 0 0
438 230224 5374 0 0
438 230729 5452 0 0
438 230856 5475 0 0
438 230945 5636 0 0
438 231492 5794 0 0
438 231826 17 0 0
438 231850 20 0 0
438 231858 5855 0 0
438 231959 97 0 0
438 232202 199 0 0
438 232456 6071 0 0
438 232868 354 0 0
438 232885 356 0 0
438 232899 6192 0 0
438 233141 6241 0 0
438 233337 6275 0 0
438 233623 6334 0 0
438 233626 502 0 0
438 233755 578 0 0
438 233928 607 0 0
438 234011 6460 0 0
438 234302 6583 0 0
438 234360 6528 0 0
438 234622 7337 0 0
438 234637 750 0 0
438 235147 838 0 0
438 235194 6681 0 0
438 235328 6707 0 0
438 235814 970 0 0
438 235838 975 0 0
438 236181 6869 0 0
438 236514 7008 0 0
438 236561 7018 0 0
438 236570 7021 0 0
438 236607 1192 0 0
438 237243 1288 0 0
178544 206948 0 187 0
491 19617 2995 0 0
491 222263 45 0 0
491 224324 777 0 0
491 224377 784 0 0
491 227739 1550 0 0
491 229770 1979 0 0
491 230212 2088 0 0
491 233335 2990 0 0
527 28080 0 2407 0
528 24838 98 0 0
528 231254 36 0 0
576 190751 0 421 0
624 212176 600 0 0
624 236056 4510 0 0
178731 226828 0 2379 0
698 14717 0 5009 0
702 4839 1281 0 0
745 205381 0 1247 0
769 14717 0 5423 0
769 28080 0 353 0
791 224394 0 1983 0
853 14717 0 3205 0
904 25331 1112 0 0
904 153547 1868 0 0
904 203045 0 741 0
904 223209 161 0 0
90055 91700 0 5705 0
1059 81434 0 2139 0
1088 15537 0 58 0
90153 125378 34 0 0
1185 15537 0 60 0
90305 206496 0 259 0
1442 11732 0 707 0
1463 219435 0 169 0
1465 14717 0 999 0
1465 28080 0 51 0
1465 223006 0 1008 0
1465 223296 0 722 0
1465 223356 0 668 0
1515 153547 1417 0 0
1515 190058 381 0 0
1515 224535 295 0 0
1515 226175 630 0 0
90647 143600 280 0 0
1662 10760 19 0 0
1662 97502 1286 0 0
1662 230621 45 0 0
1701 8467 4799 0 0
1701 53600 20 0 0
1701 86575 980 0 0
1701 115732 470 0 0
1701 208665 453 0 0
1701 214610 908 0 0
1701 218765 1673 0 0
1749 28080 0 990 0
1749 81434 0 2467 0
1758 28080 0 1598 0
90899 205747 18 0 0
1867 203045 0 775 0
90952 232232 0 538 0
91040 224108 1376 0 0
2011 210701 0 38 0
2091 210701 0 36 0
180232 218112 0 590 0
2181 50650 0 2103 0
91238 208130 344 0 0
91238 209727 575 0 0
91238 210379 674 0 0
180336 232777 19 0 0
2337 8575 802 0 0
2337 9216 27 0 0
2337 11457 4361 0 0
2337 11892 1 0 0
2337 19262 771 0 0
2337 21626 126 0 0
2337 22476 26 0 0
2337 31252 2620 0 0
2337 31407 415 0 0
2337 32438 863 0 0
2337 33173 4576 0 0
2337 36597 2125 0 0
2337 60588 6001 0 0
2337 60659 7 0 0
2337 60690 299 0 0
2337 60746 79 0 0
2337 60858 3118 0 0
2337 60887 411 0 0
2337 61077 16 0 0
2337 61093 363 0 0
2337 61452 39 0 0
2337 61512 655 0 0
2337 62320 2532 0 0
2337 62464 2461 0 0
2337 63029 861 0 0
2337 63296 7 0 0
2337 63541 9 0 0
2337 63805 5868 0 0
2337 64236 1579 0 0
2337 64287 1432 0 0
2337 64975 1896 0 0
2337 65368 2138 0 0
2337 65818 1621 0 0
2337 65964 1228 0 0
2337 66065 13 0 0
2337 66127 3735 0 0
2337 66452 2265 0 0
2337 67225 1840 0 0
2337 69879 609 0 0
2337 70308 3438 0 0
2337 70822 5224 0 0
2337 71075 285 0 0
2337 71083 5594 0 0
2337 71520 251 0 0
2337 71583 390 0 0
2337 71692 6223 0 0
2337 72252 3862 0 0
2337 72446 33 0 0
2337 72775 1714 0 0
2337 73387 926 0 0
2337 73541 240 0 0
2337 73722 3021 0 0
2337 74311 1204 0 0
2337 74666 2217 0 0
2337 74772 786 0 0
2337 74917 4788 0 0
2337 75179 106 0 0
2337 75600 2068 0 0
2337 75639 6002 0 0
2337 75994 172 0 0
2337 76145 5933 0 0
2337 76632 2633 0 0
2337 77214 3358 0 0
2337 77687 5654 0 0
2337 77737 3382 0 0
2337 78589 829 0 0
2337 78691 6257 0 0
2337 79177 6327 0 0
2337 79721 153 0 0
2337 81118 25 0 0
2337 81158 186 0 0
2337 81323 49 0 0
2337 81425 4648 0 0
2337 83404 685 0 0
2337 83534 472 0 0
2337 83870 274 0 0
2337 84321 1850 0 0
2337 84642 498 0 0
2337 84784 2520 0 0
2337 85590 5240 0 0
2337 86195 403 0 0
2337 86668 1750 0 0
2337 88010 6130 0 0
2337 88046 1993 0 0
2337 90042 445 0 0
2337 90906 270 0 0
2337 91084 52 0 0
2337 91842 221 0 0
2337 92297 98 0 0
2337 93443 4524 0 0
2337 94373 341 0 0
2337 94490 28 0 0
2337 94985 138 0 0
2337 95070 1154 0 0
2337 95265 775 0 0
2337 95612 699 0 0
2337 95813 4484 0 0
2337 95910 984 0 0
2337 96145 2537 0 0
2337 96183 446 0 0
2337 97496 796 0 0
2337 98429 14 0 0
2337 98903 1299 0 0
2337 99903 1211 0 0
2337 100083 6 0 0
2337 100612 6005 0 0
2337 100971 6183 0 0
2337 101412 838 0 0
2337 103086 237 0 0
2337 103872 256 0 0
2337 104853 2886 0 0
2337 106340 4485 0 0
2337 107182 2008 0 0
2337 107398 699 0 0
2337 107470 4882 0 0
2337 108602 2258 0 0
2337 108704 438 0 0
2337 109182 3300 0 0
2337 111891 253 0 0
2337 116468 356 0 0
2337 119693 1628 0 0
2337 121455 359 0 0
2337 123647 765 0 0
2337 127248 1525 0 0
2337 128680 1411 0 0
2337 129157 5342 0 0
2337 129560 689 0 0
2337 130759 231 0 0
2337 132098 50 0 0
2337 133736 2314 0 0
2337 133893 78 0 0
2337 134765 510 0 0
2337 135007 137 0 0
2337 140096 1856 0 0
2337 141305 4347 0 0
2337 143431 5970 0 0
2337 145235 104 0 0
2337 150028 67 0 0
2337 151274 351 0 0
2337 151532 3181 0 0
2337 151789 559 0 0
2337 155477 97 0 0
2337 155774 313 0 0
2337 157377 1805 0 0
2337 157557 1475 0 0
2337 158028 814 0 0
2337 162024 839 0 0
2337 168093 1893 0 0
2337 169285 2489 0 0
2337 171781 1587 0 0
2337 173570 3301 0 0
2337 174820 3992 0 0
2337 175886 1968 0 0
2337 176324 1150 0 0
2337 178678 649 0 0
2337 179595 3030 0 0
2337 184076 247 0 0
2337 188207 4796 0 0
2337 189966 67 0 0
2337 197842 733 0 0
2337 198307 2465 0 0
2337 199210 420 0 0
2337 199788 4492 0 0
2337 199941 1590 0 0
2337 202313 114 0 0
2337 202531 154 0 0
2337 202805 45 0 0
2337 202809 46 0 0
2337 203123 98 0 0
2337 203533 1885 0 0
2337 203978 124 0 0
2337 205651 511 0 0
2337 205971 805 0 0
2337 207687 344 0 0
2337 208024 19 0 0
2337 208182 40 0 0
2337 208319 62 0 0
2337 208344 65 0 0
2337 208375 68 0 0
2337 208519 86 0 0
2337 208765 119 0 0
2337 209001 527 0 0
2337 209266 195 0 0
2337 209353 206 0 0
2337 210137 324 0 0
2337 210762 423 0 0
2337 211133 484 0 0
2337 211219 496 0 0
2337 211354 520 0 0
2337 211367 554 0 0
2337 211392 529 0 0
2337 211459 541 0 0
2337 211640 571 0 0
2337 211725 1093 0 0
2337 212348 684 0 0
2337 212393 688 0 0
2337 212954 781 0 0
2337 213966 929 0 0
2337 214349 991 0 0
2337 214562 2013 0 0
2337 215644 1223 0 0
2337 215730 1251 0 0
2337 215771 1244 0 0
2337 216259 1322 0 0
2337 216746 1943 0 0
2337 217065 1460 0 0
2337 217221 1470 0 0
2337 217572 3935 0 0
2337 217591 1528 0 0
2337 217801 4131 0 0
2337 217808 1612 0 0
2337 217841 2496 0 0
2337 218027 1658 0 0
2337 218110 1671 0 0
2337 218286 1896 0 0
2337 218334 2081 0 0
2337 218426 1738 0 0
2337 219374 1900 0 0
2337 219410 1932 0 0
2337 220007 2425 0 0
2337 220066 2036 0 0
2337 221103 2268 0 0
2337 222750 2618 0 0
2337 223532 2843 0 0
2337 225571 3428 0 0
2337 225573 3624 0 0
2337 225778 3464 0 0
2337 226636 3845 0 0
2337 227595 3941 0 0
2337 227821 4403 0 0
2337 227955 8882 0 0
2337 228101 4016 0 0
2337 228166 4115 0 0
2337 228262 4059 0 0
2337 228817 5091 0 0
2337 228928 4233 0 0
2337 230019 4472 0 0
2337 230033 4474 0 0
2337 230807 4594 0 0
2337 231205 4875 0 0
2337 231397 5075 0 0
2337 231700 4969 0 0
2337 232002 5077 0 0
2337 232642 5244 0 0
2337 233345 5443 0 0
2337 234279 5660 0 0
2337 234322 5746 0 0
2337 234326 5650 0 0
2337 235260 5819 0 0
2337 235393 5871 0 0
2337 235676 6793 0 0
2337 236870 6191 0 0
2615 28080 0 375 0
91700 91863 2643 0 0
91700 94490 76 0 0
91700 94566 1279 0 0
91700 94866 2616 0 0
91700 96670 1187 0 0
91700 97408 2485 0 0
91700 97511 284 0 0
91700 99129 6003 0 0
91700 100092 844 0 0
91700 102182 5816 0 0
91700 102230 5823 0 0
91700 103470 1630 0 0
91700 105105 5585 0 0
91700 106008 652 0 0
91700 107655 4140 0 0
91700 109395 4738 0 0
91700 109620 5468 0 0
91700 112554 6481 0 0
91700 114144 5864 0 0
91700 118604 4309 0 0
91700 119133 979 0 0
91700 121324 4743 0 0
91700 125122 3417 0 0
91700 132659 14 0 0
91700 132717 2231 0 0
91700 136845 186 0 0
91700 152046 2678 0 0
91700 152048 2678 0 0
91700 152050 2678 0 0
91700 152052 2678 0 0
91700 202531 719 0 0
91700 204440 613 0 0
91700 205661 151 0 0
91700 206417 14 0 0
91700 206522 30 0 0
91700 206532 31 0 0
91700 206585 37 0 0
91700 206628 42 0 0
91700 206796 72 0 0
91700 206839 77 0 0
91700 207042 114 0 0
91700 207268 155 0 0
91700 207501 196 0 0
91700 207687 222 0 0
91700 207774 233 0 0
91700 209047 415 0 0
91700 209083 422 0 0
91700 209135 431 0 0
91700 209685 763 0 0
91700 210473 739 0 0
91700 210539 638 0 0
91700 210771 677 0 0
91700 211076 728 0 0
91700 211710 834 0 0
91700 211851 853 0 0
91700 211861 855 0 0
91700 211874 856 0 0
91700 213132 1063 0 0
91700 213451 1113 0 0
91700 213601 1130 0 0
91700 214127 1210 0 0
91700 214863 1335 0 0
91700 215073 1370 0 0
91700 215438 1434 0 0
91700 215533 1779 0 0
91700 215816 1504 0 0
91700 216051 1545 0 0
91700 216079 1548 0 0
91700 216714 1657 0 0
91700 216871 1684 0 0
91700 217391 1751 0 0
91700 218437 1992 0 0
91700 219696 2214 0 0
91700 219727 2793 0 0
91700 220033 2283 0 0
91700 220851 2478 0 0
91700 220994 2502 0 0
91700 221304 2556 0 0
91700 221388 2571 0 0
91700 223575 3144 0 0
91700 223855 3277 0 0
91700 226206 3858 0 0
91700 227076 4110 0 0
91700 227968 4253 0 0
91700 229234 4547 0 0
91700 229994 4721 0 0
91700 231235 5133 0 0
91700 231998 5316 0 0
91700 232002 5321 0 0
91700 232360 5438 0 0
91700 233072 5605 0 0
91700 233169 5624 0 0
91700 233466 5980 0 0
91700 235181 6057 0 0
91700 235511 6123 0 0
91700 236422 6376 0 0
91700 236438 6378 0 0
91700 236527 6391 0 0
91872 234931 0 187 0
2874 13916 97 0 0
2874 45205 727 1495 0
2874 225822 581 0 0
2874 226729 846 0 0
2874 229442 1439 0 0
2874 233915 2673 0 0
2874 236656 3268 0 0
2874 236967 94 0 0
2874 237127 118 0 0
2941 205381 0 4432 0
3273 236512 80 0 0
181395 182428 989 0 0
181395 226480 150 0 0
181395 226722 247 0 0
181395 227471 433 0 0
181395 228277 551 0 0
181395 228364 566 0 0
181395 229084 775 0 0
181395 229451 843 0 0
181395 229531 858 0 0
181395 229568 866 0 0
181395 230180 1003 0 0
181395 230455 1049 0 0
181395 230619 1073 0 0
181395 230733 1090 0 0
181395 230876 1157 0 0
181395 231302 1699 0 0
181395 231678 1463 0 0
181395 233729 2042 0 0
181395 233731 2042 0 0
181395 234242 2143 0 0
181395 235078 2298 0 0
3345 221710 572 1040 0
3345 222451 546 891 0
181505 205230 0 1048 0
3468 162385 0 909 0
3683 208566 0 25 0
3683 212374 0 32 0
3754 205315 0 460 0
3774 28080 0 2970 0
3923 81434 0 4109 0
4022 174495 198 0 0
4299 28080 0 1344 0
4299 223483 0 1443 0
93371 217055 862 0 0
93371 230460 3942 0 0
4331 222438 0 1501 0
4453 65857 0 1163 0
4459 199952 0 4899 0
4501 20712 811 0 0
4501 26057 446 0 0
4501 43793 1947 0 0
4501 94697 19 0 0
4501 202656 78 0 0
4501 204631 724 0 0
4501 215618 852 0 0
4501 221006 1392 0 0
4501 226602 159 0 0
4501 229555 4144 0 0
4534 183526 0 411 0
4627 14717 0 392 0
4627 29542 0 7 0
4627 205478 0 150 0
4633 129030 0 4286 0
4839 57648 0 1111 0
4839 76905 0 3188 0
183008 223858 0 67 0
4950 210870 38 0 0
5084 18468 10 0 0
5124 14717 0 5804 0
5202 14717 0 1343 0
5255 42611 274 0 0
183470 219163 249 0 0
5396 28080 0 771 0
183526 183738 463 0 0
183526 207826 386 0 0
183526 207955 405 0 0
183526 214727 1455 0 0
183526 219917 2408 0 0
5545 181395 0 447 0
5545 225185 6 0 0
5545 225234 17 0 0
5545 225307 24 0 0
5545 225871 123 0 0
5545 226263 253 0 0
5545 228386 701 0 0
5545 228950 881 0 0
5545 233823 2189 0 0
5610 11694 0 378 0
5844 165420 0 1161 0
5854 125378 242 0 0
184001 235255 3889 0 0
6183 14717 0 921 0
6183 15537 0 842 0
6183 28080 0 236 0
6183 223356 0 2376 0
6183 223483 0 516 0
6183 225992 0 604 0
95445 165420 0 976 0
95445 190751 0 513 0
95445 217277 0 2735 0
6611 204536 0 24 0
6670 28080 0 2479 0
6765 221710 0 3064 0
6871 91700 0 5922 0
6925 207917 0 913 0
185112 203460 0 312 0
7060 91700 0 5662 0
7152 227074 801 0 0
7320 14717 0 5471 0
7361 129030 0 1885 0
7361 219950 633 0 0
7361 222121 0 946 0
7361 222438 0 907 0
7361 223296 0 722 0
7378 14717 0 3916 0
96451 135007 229 0 0
7559 212547 99 0 0
7559 230517 3366 0 0
7613 14717 0 3753 0
96657 229019 0 391 0
96663 129030 0 122 0
96758 227039 583 0 0
96766 224886 37 0 0
7923 224429 0 197 0
7923 234343 0 23 0
8104 196431 905 0 0
8104 230924 196 0 0
8104 233149 909 0 0
8104 235891 1485 0 0
8109 19617 938 0 0
8112 13462 0 296 0
8112 165420 0 231 0
8189 209779 0 3773 0
8272 165420 0 49 0
8496 9317 0 568 0
186624 224806 68 0 0
8676 232225 70 0 0
8676 232310 86 0 0
8676 232584 127 0 0
8676 232695 147 0 0
8676 233335 350 0 0
8676 234827 650 0 0
8909 28080 0 3044 0
8953 28080 0 3229 0
9057 224069 0 1838 0
9211 209779 0 1831 0
187584 212611 108 0 0
9647 227799 561 0 0
9704 221008 1154 0 0
9757 219986 191 0 0
9910 236529 188 0 0
10118 209779 0 2458 0
188249 222846 0 821 0
10168 229961 0 609 0
188342 208935 127 0 0
99320 163709 553 0 0
99320 224556 92 0 0
99320 225808 294 0 0
99320 225876 306 0 0
188426 221710 0 3307 0
10412 28080 0 77 0
10415 181395 0 443 0
99740 206107 0 137 0
10926 139487 1106 0 0
189281 236536 0 214 0
11319 81434 0 5681 0
11334 28080 0 1808 0
189538 204769 0 2355 0
11467 11694 0 3560 0
11470 11694 0 381 0
189575 218112 0 218 0
11505 45198 0 1001 0
11505 53196 0 1545 0
11629 14654 728 0 0
11629 22002 472 0 0
11629 213936 252 0 0
11629 216138 92 0 0
11629 216606 174 0 0
11629 217301 273 0 0
11629 219278 674 0 0
11629 231457 3705 0 0
11629 232153 3935 0 0
11693 91684 0 160 0
11694 15082 160 0 0
11694 33334 477 0 0
11694 68846 397 0 0
11694 91715 249 0 0
11694 103799 455 0 0
11694 204338 205 0 0
11694 210103 597 0 0
11694 219915 10 0 0
11694 220179 55 0 0
11694 220259 68 0 0
11694 220959 245 0 0
11694 221930 404 0 0
11694 222133 436 0 0
11694 222628 518 0 0
11694 222975 619 0 0
11732 13057 483 0 0
11732 24669 1031 0 0
11732 213442 76 0 0
11732 213607 94 0 0
11732 214418 218 0 0
11732 214847 297 0 0
11732 215690 447 0 0
11732 216829 637 0 0
11732 219002 1057 0 0
11732 221974 1630 0 0
11732 222124 1651 0 0
11732 222727 1750 0 0
11732 224067 2358 0 0
11732 224948 2548 0 0
11732 225880 2700 0 0
11732 227993 3220 0 0
11732 228181 3241 0 0
11732 229444 3549 0 0
101299 203915 74 0 0
101299 204494 160 0 0
101299 207308 633 0 0
101299 208665 827 0 0
101299 209976 1025 0 0
101299 217094 2188 0 0
101706 112306 331 0 0
101706 200535 2808 0 0
101706 201518 2880 0 0
101706 212193 98 0 0
101706 226948 3275 0 0
101706 227102 3300 0 0
101706 234088 5043 0 0
101706 234519 5128 0 0
101706 234803 5178 0 0
190751 215721 631 0 0
190751 217051 213 0 0
190751 233792 193 0 0
190751 233849 202 0 0
190751 234149 258 0 0
190751 234852 396 0 0
190751 235401 498 0 0
190751 236615 804 0 0
190751 237094 874 0 0
12912 223706 0 730 0
12994 27542 184 0 0
13057 209912 0 90 0
13120 14717 0 861 0
13120 28080 0 63 0
13125 208333 136 0 0
13141 25678 0 182 0
13322 125378 350 0 0
13402 17392 1818 0 0
13402 146887 809 0 0
13402 155815 414 0 0
13402 176932 3570 0 0
13402 209073 25 0 0
13402 209106 29 0 0
13402 209122 32 0 0
13402 209303 57 0 0
13402 209347 62 0 0
13402 209351 63 0 0
13402 209543 92 0 0
13402 209589 100 0 0
13402 209631 108 0 0
13402 209805 130 0 0
13402 210217 192 0 0
13402 210545 243 0 0
13402 210755 279 0 0
13402 211017 323 0 0
13402 211457 397 0 0
13402 213320 697 0 0
13402 214370 852 0 0
13402 216389 1202 0 0
13402 217485 1368 0 0
13402 218408 1591 0 0
13402 218472 1603 0 0
13402 218553 1613 0 0
13402 219009 1698 0 0
13402 219079 1712 0 0
13402 220306 1937 0 0
13402 220501 1975 0 0
13402 221176 2138 0 0
13402 222119 2291 0 0
13402 223190 2514 0 0
13402 223633 2844 0 0
13402 223796 2872 0 0
13402 226928 3690 0 0
13402 229204 4144 0 0
13402 229356 4173 0 0
102453 220196 606 0 0
13462 19691 818 0 0
13462 31308 591 0 0
13462 165420 129 0 0
13690 205381 0 226 0
13723 15537 0 383 0
13730 99320 0 11 0
13730 228321 1951 0 0
13916 22799 0 1365 0
14296 204536 0 0 0
192399 237232 227 0 0
192438 233314 0 682 0
14462 14717 0 282 0
14462 223296 0 470 0
14462 223356 0 1027 0
14654 14717 0 1534 0
14654 205381 0 2437 0
14654 205478 0 2399 0
14654 216569 0 556 0
14717 16081 1268 0 0
14717 16983 995 0 0
14717 18160 4621 0 0
14717 21401 1250 0 0
14717 22797 3601 0 0
14717 32424 711 0 0
14717 33410 514 0 0
14717 35147 290 0 0
14717 35865 4217 0 0
14717 36540 924 0 0
14717 40416 5585 0 0
14717 45261 5193 0 0
14717 51280 38 0 0
14717 56323 301 0 0
14717 62365 901 0 0
14717 76098 1606 0 0
14717 81577 49 0 0
14717 95189 893 0 0
14717 96657 3769 0 0
14717 103983 1923 0 0
14717 105452 2030 0 0
14717 106148 1550 0 0
14717 109513 3284 0 0
14717 109537 2953 0 0
14717 109754 19 0 0
14717 115464 1860 0 0
14717 116574 4554 0 0
14717 118647 1026 0 0
14717 120622 468 0 0
14717 147347 987 0 0
14717 149216 2037 0 0
14717 152550 4619 0 0
14717 155899 1219 0 0
14717 158662 5723 0 0
14717 158912 1439 0 0
14717 169839 1582 0 0
14717 176758 5096 0 0
14717 178813 233 0 0
14717 181806 2562 0 0
14717 189747 773 0 0
14717 197432 2875 0 0
14717 198518 1023 0 0
14717 205335 51 0 0
14717 206390 1221 0 0
14717 208675 642 0 0
14717 209955 487 0 0
14717 210994 32 0 0
14717 210997 33 0 0
14717 211019 35 0 0
14717 211041 39 0 0
14717 211052 40 0 0
14717 211054 40 0 0
14717 211081 43 0 0
14717 211130 52 0 0
14717 211140 53 0 0
14717 211199 166 0 0
14717 211235 67 0 0
14717 211255 71 0 0
14717 211276 75 0 0
14717 211414 100 0 0
14717 211515 117 0 0
14717 211538 122 0 0
14717 211549 123 0 0
14717 211654 142 0 0
14717 211719 150 0 0
14717 211819 164 0 0
14717 211826 166 0 0
14717 211955 186 0 0
14717 212043 201 0 0
14717 212072 206 0 0
14717 212486 273 0 0
14717 212593 294 0 0
14717 212745 329 0 0
14717 212834 332 0 0
14717 212869 337 0 0
14717 213063 752 0 0
14717 213114 376 0 0
14717 213352 413 0 0
14717 213369 415 0 0
14717 213435 425 0 0
14717 213527 437 0 0
14717 213620 447 0 0
14717 213736 462 0 0
14717 213984 500 0 0
14717 214073 516 0 0
14717 214151 527 0 0
14717 214199 534 0 0
14717 214388 566 0 0
14717 214454 578 0 0
14717 214536 596 0 0
14717 214568 601 0 0
14717 214643 612 0 0
14717 214651 613 0 0
14717 214890 656 0 0
14717 214895 656 0 0
14717 214932 662 0 0
14717 215038 679 0 0
14717 215041 680 0 0
14717 215091 688 0 0
14717 215568 771 0 0
14717 215632 788 0 0
14717 215822 819 0 0
14717 215872 829 0 0
14717 216003 852 0 0
14717 216102 867 0 0
14717 216114 869 0 0
14717 216128 871 0 0
14717 216346 907 0 0
14717 216587 1009 0 0
14717 216594 951 0 0
14717 216852 995 0 0
14717 216940 1010 0 0
14717 217042 1027 0 0
14717 217645 1148 0 0
14717 217954 1210 0 0
14717 218115 1241 0 0
14717 218411 1303 0 0
14717 218467 1312 0 0
14717 218730 1359 0 0
14717 218887 1389 0 0
14717 219160 1441 0 0
14717 219537 1499 0 0
14717 220118 1614 0 0
14717 220200 1627 0 0
14717 220229 1631 0 0
14717 220299 1646 0 0
14717 220420 1670 0 0
14717 220738 1729 0 0
14717 220762 1732 0 0
14717 220794 1736 0 0
14717 220847 1793 0 0
14717 220855 1793 0 0
14717 221083 1833 0 0
14717 221150 1845 0 0
14717 221307 1872 0 0
14717 221413 1891 0 0
14717 221428 1893 0 0
14717 221749 1945 0 0
14717 221833 1978 0 0
14717 221848 1959 0 0
14717 222157 2008 0 0
14717 222259 2024 0 0
14717 222515 2067 0 0
14717 222602 2081 0 0
14717 222653 2089 0 0
14717 222673 2093 0 0
14717 222744 2103 0 0
14717 222902 2172 0 0
14717 222915 2177 0 0
14717 223177 2222 0 0
14717 223488 2402 0 0
14717 223577 2459 0 0
14717 223581 2461 0 0
14717 223654 2557 0 0
14717 223821 2587 0 0
14717 223859 2592 0 0
14717 224023 2661 0 0
14717 224056 2708 0 0
14717 224115 2719 0 0
14717 224214 2738 0 0
14717 224297 2753 0 0
14717 224337 2759 0 0
14717 224470 2822 0 0
14717 224517 2831 0 0
14717 224617 2869 0 0
14717 224927 2897 0 0
14717 224990 2906 0 0
14717 225011 2908 0 0
14717 225416 2968 0 0
14717 225794 3036 0 0
14717 225826 3043 0 0
14717 226422 3201 0 0
14717 226483 3208 0 0
14717 226589 3286 0 0
14717 226709 3303 0 0
14717 226930 3401 0 0
14717 226942 3403 0 0
14717 227145 3434 0 0
14717 227254 3453 0 0
14717 227304 3460 0 0
14717 227335 3465 0 0
14717 227825 3547 0 0
14717 228075 3580 0 0
14717 228253 3604 0 0
14717 229002 3819 0 0
14717 229193 3853 0 0
14717 229338 3880 0 0
14717 229395 3892 0 0
14717 229581 3925 0 0
14717 229602 4128 0 0
14717 229681 3941 0 0
14717 229892 3976 0 0
14717 229957 4032 0 0
14717 230341 4088 0 0
14717 230552 4121 0 0
14717 231025 4343 0 0
14717 231184 4440 0 0
14717 231193 4442 0 0
14717 231579 4500 0 0
14717 231655 4523 0 0
14717 232268 4739 0 0
14717 232293 4742 0 0
14717 232362 4753 0 0
14717 232399 4759 0 0
14717 232550 4782 0 0
14717 232556 4782 0 0
14717 232783 4863 0 0
14717 232791 4865 0 0
14717 232935 4894 0 0
14717 233258 4956 0 0
14717 233369 4977 0 0
14717 233382 4981 0 0
14717 234418 5236 0 0
14717 234576 5266 0 0
14717 234614 5274 0 0
14717 234666 5283 0 0
14717 234702 5290 0 0
14717 234884 5319 0 0
14717 235152 5368 0 0
14717 235297 5397 0 0
14717 235409 5419 0 0
14717 235438 5794 0 0
14717 235594 5456 0 0
14717 236054 5560 0 0
14717 236228 5571 0 0
14717 236298 5586 0 0
14717 236386 5683 0 0
14717 236584 5718 0 0
14717 236865 5758 0 0
14717 236908 5765 0 0
14717 236910 5765 0 0
14717 236943 5770 0 0
14717 237245 5816 0 0
14717 237253 5817 0 0
14717 237281 5823 0 0
14819 15537 0 58 0
15132 28080 0 905 0
104359 222438 0 2919 0
193515 208819 0 642 0
15537 24070 173 0 0
15537 25923 139 0 0
15537 32981 170 0 0
15537 36692 142 0 0
15537 38005 379 0 0
15537 56694 694 0 0
15537 118707 650 0 0
15537 119960 629 0 0
15537 164505 177 0 0
15537 168497 26 0 0
15537 169929 184 0 0
15537 172271 487 0 0
15537 173490 637 0 0
15537 222212 178 0 0
15537 223859 254 0 0
15537 227931 52 0 0
15537 232253 18 0 0
15537 232385 38 0 0
15537 232425 42 0 0
15537 232492 53 0 0
15537 232561 64 0 0
15537 232574 65 0 0
15537 232634 77 0 0
15537 232923 173 0 0
15537 233227 229 0 0
15537 233342 253 0 0
15537 233375 260 0 0
15537 233654 318 0 0
15537 233666 321 0 0
15537 233825 397 0 0
15537 233908 414 0 0
15537 234268 487 0 0
15537 234311 497 0 0
15537 234364 506 0 0
15537 234524 538 0 0
15537 234844 594 0 0
15537 234987 618 0 0
15537 235120 644 0 0
15537 235353 691 0 0
15537 235431 704 0 0
15537 235483 712 0 0
15537 235525 721 0 0
15537 235710 760 0 0
15537 235740 765 0 0
15537 235770 770 0 0
15537 236016 817 0 0
15537 236061 822 0 0
15537 236433 973 0 0
15537 236472 980 0 0
15537 236954 1052 0 0
15537 237029 1062 0 0
15537 237133 1077 0 0
15794 218073 19 0 0
105105 223202 0 2720 0
16078 224408 580 0 0
16581 140920 0 1093 0
16643 205862 0 619 0
16795 221488 579 0 0
105858 213245 0 1610 0
105858 217671 0 851 0
105858 220017 0 406 0
105858 221002 0 181 0
105858 222109 0 379 0
105973 125378 95 0 0
16983 81434 0 1492 0
195419 235798 3492 0 0
17531 209838 20 0 0
17537 47180 0 1333 0
17687 31118 0 3172 0
17807 215563 0 293 0
18099 81434 0 2608 0
18342 224294 0 1228 0
18414 209779 0 4017 0
18647 209779 0 4047 0
196784 218091 0 784 0
108108 211918 0 21 0
108108 216286 0 310 0
108230 114531 1726 0 0
19241 234160 97 0 0
19241 234926 244 0 0
19241 235864 424 0 0
19241 236450 610 0 0
19241 237206 724 0 0
19306 49610 236 0 0
197502 223706 0 1950 0
19448 38718 0 156 0
19550 232586 153 0 0
19691 165420 0 68 0
19758 212978 208 0 0
19764 229986 0 91 0
108832 222935 2467 0 0
198189 209779 0 317 0
109208 223202 0 2679 0
109227 223202 0 2936 0
109377 218526 160 0 0
109377 219050 257 0 0
109377 219156 279 0 0
109377 220682 557 0 0
109377 222758 944 0 0
109377 223845 1429 0 0
109377 223977 1450 0 0
109377 224347 1599 0 0
109377 224462 1660 0 0
109377 224896 1730 0 0
109377 225303 1789 0 0
109377 228251 2442 0 0
109377 228744 2609 0 0
109377 232412 3599 0 0
109377 232599 3629 0 0
109377 232904 3727 0 0
109377 232981 3742 0 0
109377 233599 3862 0 0
109377 233858 3961 0 0
109377 234997 4179 0 0
109377 235802 4334 0 0
109491 202787 31 0 0
109491 220055 2901 0 0
20595 230332 0 56 0
198862 202274 35 0 0
20787 38718 0 631 0
20811 81434 0 4943 0
20964 223296 0 2682 0
199080 215828 0 199 0
199193 203173 43 0 0
21231 37732 285 0 0
21231 71865 209 0 0
21231 218996 67 0 0
21231 219313 119 0 0
21231 221071 491 0 0
21534 21892 179 0 0
21534 22024 223 0 0
21534 41744 707 0 0
21534 42895 2120 0 0
21534 59049 291 0 0
21534 88928 26 0 0
21534 207298 268 0 0
21534 207331 273 0 0
21534 207680 279 0 0
21534 208020 336 0 0
21534 212829 1124 0 0
21534 219852 227 0 0
21534 220261 2379 0 0
21534 221796 2694 0 0
21534 224408 10661 0 0
21534 225532 3731 0 0
21534 227219 4300 0 0
21534 227839 6267 0 0
21534 236018 6279 0 0
21534 237102 769 0 0
21584 101706 0 2717 0
21584 215019 0 2079 0
199707 212696 301 0 0
110706 127356 52 0 0
199952 215409 125 0 0
199952 218119 623 0 0
199952 229346 3264 0 0
110950 222451 0 31 0
199991 207235 781 0 0
199991 207798 388 0 0
21972 21973 0 2552 0
21973 22510 1663 0 0
22476 91700 0 74 0
22797 28080 0 1028 0
22799 230776 85 0 0
22799 230785 87 0 0
22799 231231 120 0 0
22799 231284 127 0 0
22799 231593 177 0 0
22799 231620 181 0 0
22799 232801 1343 0 0
22799 233193 872 0 0
22799 233439 920 0 0
22799 234019 1087 0 0
22799 234597 1201 0 0
22799 234635 1208 0 0
22799 234682 1216 0 0
22799 235196 1049 0 0
22799 236376 1354 0 0
22799 236858 1688 0 0
23081 102414 1017 0 0
23081 216377 645 0 0
23207 27542 2209 0 0
23207 31308 5791 0 0
201297 228300 5229 0 0
23294 37725 0 484 0
112548 213580 14 0 0
112548 213904 60 0 0
23535 222438 0 802 0
201655 210731 2028 0 0
201655 215219 141 0 0
201655 221370 1313 0 0
201655 227832 2976 0 0
201655 234612 4703 0 0
23651 23684 42 0 0
23710 218097 0 550 0
201879 204063 246 0 0
201879 204065 246 0 0
201879 204093 251 0 0
24042 124202 0 1087 0
202125 204156 316 0 0
202125 214590 1975 0 0
202132 208246 0 809 0
202132 235796 6772 0 0
202203 225973 4497 0 0
24129 205711 320 0 0
202361 204118 273 0 0
202361 207734 875 0 0
202361 208507 985 0 0
202361 229606 5262 0 0
113474 116027 0 804 0
202594 204329 182 0 0
24539 233430 114 0 0
24552 28080 0 2739 0
202712 202922 31 0 0
202712 203304 100 0 0
202712 211249 1349 0 0
202712 211946 1464 0 0
202712 234284 6490 0 0
202712 236390 6964 0 0
202886 208005 1099 0 0
24833 218465 827 0 0
24844 28080 0 195 0
24859 234045 450 0 0
202998 208820 932 0 0
203021 208018 818 0 0
113986 163396 957 0 0
203045 205341 371 0 0
203045 207022 653 0 0
203045 207199 686 0 0
203045 209272 1039 0 0
203045 219441 2708 0 0
203045 220009 2822 0 0
203045 233556 6242 0 0
24996 236340 0 112 0
203173 220017 0 95 0
203217 203671 75 0 0
203234 205179 303 0 0
25218 222438 0 1771 0
25229 101299 0 228 0
203319 205427 339 0 0
203349 203436 311 0 0
203349 237285 6995 0 0
25319 221710 0 10 0
203437 204463 156 0 0
25430 207666 0 3616 0
203660 219803 2673 0 0
25650 226954 0 26 0
203797 206734 473 0 0
204060 213848 1543 0 0
204060 215305 1789 0 0
25991 148385 361 0 0
26000 28080 0 2114 0
115064 129030 0 1143 0
204123 204995 141 0 0
26128 28080 0 191 0
26128 223296 0 1063 0
26128 223356 0 569 0
26128 223483 0 786 0
26225 41751 0 177 0
26225 204448 0 878 0
26225 206350 0 779 0
204420 219821 2566 0 0
204465 204620 27 0 0
204480 205384 152 0 0
204480 205978 261 0 0
204480 206558 349 0 0
204486 208874 703 0 0
204536 220394 2656 0 0
204553 209696 815 0 0
204553 221497 2892 0 0
204658 204742 13 0 0
204658 204890 36 0 0
204658 204893 37 0 0
204658 205405 127 0 0
204658 206153 259 0 0
204658 206157 259 0 0
204658 215917 1808 0 0
204695 226922 4365 0 0
204738 220752 2687 0 0
204738 227574 4464 0 0
204769 206191 248 0 0
204769 221619 2879 0 0
115856 234569 3557 0 0
204994 206200 215 0 0
205038 205374 61 0 0
116027 146759 1192 0 0
116027 231390 85 0 0
205084 205425 63 0 0
116103 218886 0 2436 0
205185 229689 4828 0 0
205343 205659 60 0 0
205343 212339 1106 0 0
205381 220213 2476 0 0
205381 225772 3880 0 0
205381 233450 5840 0 0
205407 214134 1368 0 0
116372 210513 0 30 0
205442 210239 251 0 0
205478 213529 1267 0 0
205486 205861 0 106 0
205541 207049 251 0 0
27542 140920 0 781 0
205656 209982 650 0 0
205741 210094 0 156 0
116777 130677 0 171 0
205861 211217 38 0 0
205862 206925 166 0 0
205862 208270 382 0 0
205862 208853 462 0 0
205862 209939 621 0 0
205862 210748 748 0 0
205862 211836 927 0 0
205862 213119 1137 0 0
205862 213501 1194 0 0
205862 215721 1561 0 0
205862 216136 1631 0 0
205862 218452 2071 0 0
205862 220647 2473 0 0
205862 224177 3492 0 0
205862 228220 4360 0 0
205862 229432 4659 0 0
205862 230672 4900 0 0
205885 217736 1927 0 0
205974 222438 0 231 0
28080 29423 334 0 0
28080 30170 1558 0 0
28080 34806 496 0 0
28080 36418 872 0 0
28080 37673 2251 0 0
28080 39783 372 0 0
28080 42718 2978 0 0
28080 43436 523 0 0
28080 45261 2775 0 0
28080 46156 2588 0 0
28080 51082 2769 0 0
28080 59489 1314 0 0
28080 62365 901 0 0
28080 87963 987 0 0
28080 92483 2221 0 0
28080 92850 1321 0 0
28080 96657 1316 0 0
28080 103983 654 0 0
28080 107223 777 0 0
28080 109537 393 0 0
28080 115236 411 0 0
28080 116574 2006 0 0
28080 118137 2191 0 0
28080 123563 418 0 0
28080 127270 1921 0 0
28080 136024 353 0 0
28080 138350 437 0 0
28080 141324 1152 0 0
28080 142183 2593 0 0
28080 145690 376 0 0
28080 145702 1948 0 0
28080 149216 3107 0 0
28080 149746 66 0 0
28080 152550 1950 0 0
28080 154016 428 0 0
28080 161085 677 0 0
28080 163746 2880 0 0
28080 164466 520 0 0
28080 164990 3233 0 0
28080 192563 1090 0 0
28080 200837 289 0 0
28080 210237 1004 0 0
28080 211451 1561 0 0
28080 211667 67 0 0
28080 211760 2433 0 0
28080 216720 2834 0 0
28080 218290 2574 0 0
28080 219537 995 0 0
28080 220118 918 0 0
28080 220794 285 0 0
28080 221848 232 0 0
28080 223659 27 0 0
28080 223690 32 0 0
28080 223692 32 0 0
28080 223755 42 0 0
28080 223778 49 0 0
28080 223806 53 0 0
28080 223823 57 0 0
28080 223859 331 0 0
28080 223919 72 0 0
28080 223947 77 0 0
28080 223953 77 0 0
28080 224001 128 0 0
28080 224029 132 0 0
28080 224099 185 0 0
28080 224214 407 0 0
28080 224224 209 0 0
28080 224280 219 0 0
28080 224299 224 0 0
28080 224351 231 0 0
28080 224392 278 0 0
28080 224404 280 0 0
28080 224444 287 0 0
28080 224451 289 0 0
28080 224453 289 0 0
28080 224474 294 0 0
28080 224506 300 0 0
28080 224551 305 0 0
28080 224589 311 0 0
28080 224719 331 0 0
28080 224721 332 0 0
28080 224840 351 0 0
28080 224853 354 0 0
28080 224858 355 0 0
28080 224868 356 0 0
28080 224870 356 0 0
28080 224927 428 0 0
28080 224996 376 0 0
28080 225063 385 0 0
28080 225067 387 0 0
28080 225072 389 0 0
28080 225081 390 0 0
28080 225106 393 0 0
28080 225215 407 0 0
28080 225263 414 0 0
28080 225309 421 0 0
28080 225416 447 0 0
28080 225690 487 0 0
28080 225717 493 0 0
28080 225728 495 0 0
28080 225733 874 0 0
28080 225818 512 0 0
28080 225894 524 0 0
28080 225946 530 0 0
28080 225975 608 0 0
28080 226064 621 0 0
28080 226173 637 0 0
28080 226228 646 0 0
28080 226283 652 0 0
28080 226408 668 0 0
28080 226424 670 0 0
28080 226477 677 0 0
28080 226493 679 0 0
28080 226848 857 0 0
28080 226987 879 0 0
28080 227301 929 0 0
28080 227570 977 0 0
28080 227580 978 0 0
28080 227678 991 0 0
28080 227890 1028 0 0
28080 227894 1028 0 0
28080 227902 1028 0 0
28080 228099 1053 0 0
28080 228264 1075 0 0
28080 228291 1081 0 0
28080 228413 1147 0 0
28080 228471 1156 0 0
28080 228480 1157 0 0
28080 228546 1209 0 0
28080 228566 1213 0 0
28080 228657 1227 0 0
28080 228661 1228 0 0
28080 228782 1246 0 0
28080 229006 1291 0 0
28080 229039 1296 0 0
28080 229042 1296 0 0
28080 229097 1306 0 0
28080 229179 1321 0 0
28080 229338 1360 0 0
28080 229359 1354 0 0
28080 229362 1355 0 0
28080 229434 1369 0 0
28080 229572 1394 0 0
28080 229602 1555 0 0
28080 229604 1399 0 0
28080 229615 1402 0 0
28080 229745 1425 0 0
28080 229792 1432 0 0
28080 229942 1500 0 0
28080 229957 1516 0 0
28080 230049 1514 0 0
28080 230136 1525 0 0
28080 230218 1539 0 0
28080 230260 1545 0 0
28080 230482 1581 0 0
28080 230522 1586 0 0
28080 230552 1596 0 0
28080 230597 1599 0 0
28080 230719 1615 0 0
28080 231060 1820 0 0
28080 231083 1823 0 0
28080 231134 1832 0 0
28080 231168 1907 0 0
28080 231181 1910 0 0
28080 231216 1915 0 0
28080 231218 1916 0 0
28080 231278 1925 0 0
28080 231447 1953 0 0
28080 231480 1958 0 0
28080 231655 1987 0 0
28080 231710 1997 0 0
28080 231929 2092 0 0
28080 231974 2097 0 0
28080 231981 2099 0 0
28080 232015 2103 0 0
28080 232143 2183 0 0
28080 232180 2193 0 0
28080 232253 2284 0 0
28080 232272 2210 0 0
28080 232362 2249 0 0
28080 232469 2237 0 0
28080 232576 2255 0 0
28080 232580 2255 0 0
28080 232645 2267 0 0
28080 232758 2328 0 0
28080 232807 2337 0 0
28080 232887 2355 0 0
28080 233079 2391 0 0
28080 233090 2395 0 0
28080 233262 2427 0 0
28080 233273 2428 0 0
28080 233281 2429 0 0
28080 233369 2477 0 0
28080 233380 2450 0 0
28080 233387 2451 0 0
28080 233458 2465 0 0
28080 233536 2479 0 0
28080 233604 2493 0 0
28080 233775 2580 0 0
28080 234029 2627 0 0
28080 234114 2645 0 0
28080 234139 2649 0 0
28080 234272 2676 0 0
28080 234355 2692 0 0
28080 234574 2735 0 0
28080 234649 2749 0 0
28080 234670 2753 0 0
28080 234711 2761 0 0
28080 234750 2768 0 0
28080 234980 2805 0 0
28080 235409 2901 0 0
28080 235438 2894 0 0
28080 235500 2905 0 0
28080 235559 2918 0 0
28080 235623 2931 0 0
28080 235665 2939 0 0
28080 235689 2945 0 0
28080 235742 2954 0 0
28080 235810 2967 0 0
28080 235825 2970 0 0
28080 235855 2977 0 0
28080 236001 3003 0 0
28080 236054 3010 0 0
28080 236128 3026 0 0
28080 236155 3030 0 0
28080 236267 3050 0 0
28080 236386 3159 0 0
28080 236741 3212 0 0
28080 236847 3226 0 0
28080 236923 3238 0 0
28080 236994 3246 0 0
28080 237004 3247 0 0
28080 237125 3266 0 0
28080 237168 3272 0 0
206204 206290 15 0 0
206204 206292 15 0 0
206204 206305 17 0 0
206204 206321 19 0 0
206204 206363 26 0 0
206204 206439 36 0 0
206204 206783 88 0 0
206204 206936 111 0 0
206204 206962 117 0 0
206204 207016 132 0 0
206204 207044 133 0 0
206204 207075 139 0 0
206204 207264 173 0 0
206204 207405 198 0 0
206204 207497 214 0 0
206204 207585 226 0 0
206204 207671 238 0 0
206204 207701 242 0 0
206204 207819 259 0 0
206204 208235 319 0 0
206204 208301 330 0 0
206204 208546 362 0 0
206204 208792 396 0 0
206204 208872 410 0 0
206204 209051 435 0 0
206204 209085 442 0 0
206204 209288 470 0 0
206204 209602 518 0 0
206204 209677 529 0 0
206204 209773 542 0 0
206204 210123 595 0 0
206204 210366 631 0 0
206204 210479 648 0 0
206204 210647 674 0 0
206204 210832 710 0 0
206204 210906 722 0 0
206204 210988 736 0 0
206204 211152 759 0 0
206204 211298 784 0 0
206204 211365 795 0 0
206204 211407 803 0 0
206204 211481 816 0 0
206204 211721 854 0 0
206204 211962 890 0 0
206204 212396 962 0 0
206204 212618 1002 0 0
206204 212653 1009 0 0
206204 212813 1034 0 0
206204 212823 1035 0 0
206204 212827 1036 0 0
206204 212986 1059 0 0
206204 213123 1081 0 0
206204 213359 1118 0 0
206204 213609 1149 0 0
206204 214211 1239 0 0
206204 214222 1241 0 0
206204 214617 1312 0 0
206204 214970 1373 0 0
206204 215160 1407 0 0
206204 215276 1424 0 0
206204 215452 1454 0 0
206204 215566 1474 0 0
206204 215620 1489 0 0
206204 215707 1504 0 0
206204 216327 1607 0 0
206204 216503 1635 0 0
206204 216657 1668 0 0
206204 216809 1689 0 0
206204 218523 2024 0 0
206204 219092 2130 0 0
206204 220383 2366 0 0
206204 221136 2585 0 0
206204 221733 2648 0 0
206204 222284 2733 0 0
206204 223248 2999 0 0
206204 223315 3081 0 0
206204 223387 3091 0 0
206204 223555 3160 0 0
206204 224533 3537 0 0
206204 225665 3716 0 0
206204 225922 3761 0 0
206204 227425 4183 0 0
206204 227748 4235 0 0
206204 227853 4255 0 0
206204 228048 4280 0 0
206204 228536 4441 0 0
206204 229545 4624 0 0
206204 229819 4668 0 0
206204 229915 4683 0 0
206204 230829 4869 0 0
206204 232490 5476 0 0
206204 235321 6105 0 0
206204 235827 6205 0 0
206204 236316 6335 0 0
28144 209418 0 37 0
117310 183526 0 354 0
206392 216729 1649 0 0
206496 206847 52 0 0
206496 208020 245 0 0
206577 220580 0 1479 0
206577 234307 5863 0 0
117539 205478 0 194 0
206737 221516 2530 0 0
206930 222776 2700 0 0
206933 210915 470 0 0
206985 222328 2620 0 0
118137 223296 0 2569 0
118137 223483 0 2499 0
207235 208997 260 0 0
207239 210453 474 0 0
207239 211513 653 0 0
207239 215658 1328 0 0
207239 219514 2029 0 0
207270 208881 237 0 0
207342 234647 5652 0 0
29391 223356 0 1797 0
29391 223483 0 2875 0
29423 81434 0 89 0
207519 207760 33 0 0
29468 231586 0 100 0
207635 208291 94 0 0
207695 221698 2401 0 0
118667 223006 0 107 0
118667 223296 0 898 0
118669 223006 0 107 0
118669 223296 0 898 0
118671 223006 0 107 0
118671 223296 0 899 0
207755 207756 0 0 0
207791 212551 735 0 0
207923 212813 806 0 0
207965 223706 0 1496 0
208044 208851 112 0 0
208044 209694 237 0 0
208051 208196 19 0 0
30232 222121 0 726 0
208512 209149 95 0 0
30516 81434 0 3149 0
208629 231790 4873 0 0
208819 211123 354 0 0
208819 211559 429 0 0
208819 213616 751 0 0
208819 215575 1076 0 0
208819 221205 2158 0 0
208819 223651 2860 0 0
208819 232228 5035 0 0
208850 216675 1266 0 0
208890 209644 113 0 0
208890 220598 1997 0 0
208915 209665 111 0 0
30921 223483 0 2776 0
209003 209243 38 0 0
209003 216455 1200 0 0
120047 221115 150 0 0
120047 233171 3250 0 0
209524 212306 440 0 0
209564 209801 35 0 0
209564 209949 58 0 0
31487 57089 0 411 0
31618 231612 887 0 0
31618 231903 997 0 0
209715 212656 477 0 0
209779 215413 906 0 0
209779 219628 1676 0 0
209779 220088 1770 0 0
209779 220239 1796 0 0
209779 220915 1968 0 0
209779 221474 2063 0 0
209779 223972 2772 0 0
209779 224278 2911 0 0
209779 225139 3095 0 0
209779 228050 3738 0 0
209779 237277 5984 0 0
209803 214663 775 0 0
209886 212057 348 0 0
210055 216213 1004 0 0
32083 225113 0 2647 0
210508 213467 482 0 0
210508 216979 1071 0 0
210508 217249 1098 0 0
210508 232987 0 1799 0
32438 91700 0 216 0
210611 230565 4162 0 0
210703 210909 39 0 0
32669 233118 1612 0 0
210793 212226 240 0 0
210804 217929 1207 0 0
210849 225041 2904 0 0
210850 212273 229 0 0
210854 210975 0 121 0
121843 231671 0 2254 0
121925 236340 0 187 0
211038 218209 1219 0 0
211257 211398 27 0 0
211257 213991 430 0 0
211351 212488 186 0 0
33420 81434 0 5237 0
211788 211889 15 0 0
33716 206667 0 909 0
33819 209503 200 0 0
212015 223737 1065 0 0
212015 224566 1332 0 0
212015 225554 1487 0 0
212115 212591 77 0 0
34112 235536 0 352 0
34127 103940 160 0 0
34127 191299 1425 0 0
212223 213134 148 0 0
34192 222438 0 1718 0
212352 222438 0 2917 0
34325 181395 0 2093 0
212474 222177 1451 0 0
212511 236795 5471 0 0
212610 213544 143 0 0
212610 214045 216 0 0
212610 214428 276 0 0
212610 215080 390 0 0
212610 216147 577 0 0
212610 218598 1036 0 0
212610 219684 1231 0 0
212610 220398 1371 0 0
212610 221328 1579 0 0
212610 223053 1903 0 0
212610 224128 2425 0 0
212610 225776 2736 0 0
212610 234194 4894 0 0
212610 236304 5332 0 0
212722 213672 662 0 0
212722 229974 0 121 0
212884 214548 259 0 0
212913 212914 0 156 0
34859 86666 197 0 0
123948 223202 0 3407 0
213051 221981 1617 0 0
213084 213085 0 90 0
213085 222075 1717 0 0
35076 225992 0 7 0
124202 206707 627 0 0
124202 210917 1278 0 0
124202 220662 2974 0 0
124202 226060 4409 0 0
213341 214184 120 0 0
213341 221469 1488 0 0
213410 216016 432 0 0
213780 214884 186 0 0
213923 214667 125 0 0
213923 214814 150 0 0
213923 215405 251 0 0
213981 214293 49 0 0
125040 213318 47 0 0
214136 222959 1658 0 0
36078 91700 0 1305 0
214300 216312 349 0 0
125378 150028 0 21 0
125378 174922 0 21 0
125378 183086 0 497 0
125378 208716 0 88 0
125378 210804 0 148 0
125378 224069 0 842 0
125378 224478 0 722 0
125378 225285 0 578 0
125378 225855 0 476 0
125378 226022 0 374 0
125378 226102 0 351 0
125378 226383 0 308 0
125378 227444 0 106 0
125378 227529 0 233 0
125378 227886 0 941 0
125378 229329 0 188 0
125378 230305 0 372 0
125378 230334 0 390 0
125378 232055 0 42 0
125378 234868 0 468 0
125378 236327 0 114 0
125378 236840 0 327 0
214626 214874 44 0 0
214794 215557 134 0 0
214826 215607 138 0 0
214853 218194 606 0 0
214853 218521 672 0 0
214940 233340 4309 0 0
215019 216187 202 0 0
215019 217717 487 0 0
215019 218668 672 0 0
215019 219984 913 0 0
215019 220079 929 0 0
215019 230031 3365 0 0
215019 230803 3485 0 0
215019 236676 5055 0 0
125980 222801 0 1389 0
215188 216352 199 0 0
215188 218435 599 0 0
215188 218752 659 0 0
215188 219698 828 0 0
215188 221983 1274 0 0
37187 91700 0 118 0
37340 222650 404 0 0
126499 145158 1045 0 0
126499 145313 111 0 0
126499 145904 70 0 0
126499 222611 86 0 0
215609 217244 263 0 0
215793 228598 2934 0 0
215810 216096 50 0 0
215890 216527 105 0 0
215930 217225 82 0 0
215976 216379 63 0 0
216226 217828 184 0 0
216421 220105 697 0 0
216454 216823 64 0 0
216569 216839 45 0 0
216569 217772 228 0 0
38510 225992 0 14 0
216720 227864 0 1846 0
216786 216904 23 0 0
216786 221026 841 0 0
216786 232297 3762 0 0
216786 236359 4698 0 0
127758 205861 0 43 0
38718 40588 275 0 0
38718 48292 1705 0 0
38718 53992 2762 0 0
38718 104574 160 0 0
38718 109132 74 0 0
38718 117225 407 0 0
38718 132400 3177 0 0
38718 196789 35 0 0
38718 199273 5189 0 0
38718 212918 89 0 0
38718 213279 146 0 0
38718 215866 572 0 0
38718 218679 1095 0 0
38718 232037 16 0 0
38718 232925 4637 0 0
216987 217385 49 0 0
38906 81434 0 258 0
217110 218364 254 0 0
217233 223420 1350 0 0
128195 187584 0 102 0
217277 224267 1701 0 0
217277 235490 4386 0 0
217550 222175 1070 0 0
217550 223782 1808 0 0
217550 224040 1616 0 0
217550 227589 2418 0 0
217638 217639 0 41 0
217639 217927 100 0 0
39563 162385 0 418 0
217651 218579 181 0 0
217654 221342 726 0 0
217654 227801 2392 0 0
217686 218705 198 0 0
128824 204430 0 72 0
217877 217976 22 0 0
217877 218061 36 0 0
217877 219181 250 0 0
217877 220327 457 0 0
217877 226879 2198 0 0
39822 225233 0 98 0
129030 155434 461 0 0
129030 210066 278 0 0
129030 217699 105 0 0
129030 217910 146 0 0
129030 218163 194 0 0
129030 218268 214 0 0
129030 218673 294 0 0
129030 218694 517 0 0
129030 219766 490 0 0
129030 221529 2242 0 0
129030 222013 934 0 0
129030 226770 2256 0 0
218085 221405 655 0 0
218112 222423 808 0 0
218112 224006 1419 0 0
218112 227672 2280 0 0
218112 227896 2318 0 0
218112 231300 3311 0 0
218295 219383 197 0 0
218295 223097 936 0 0
129354 213923 0 150 0
218469 220105 298 0 0
218769 219668 155 0 0
218793 221390 512 0 0
218793 221403 514 0 0
218793 221499 529 0 0
218793 221501 529 0 0
218793 221570 545 0 0
218793 221580 545 0 0
218793 221677 562 0 0
218793 221805 577 0 0
218793 221910 594 0 0
218793 221996 610 0 0
40717 181395 0 418 0
219335 219565 42 0 0
130462 230999 129 0 0
130462 231282 245 0 0
130462 232251 528 0 0
130462 232681 596 0 0
130462 236998 1567 0 0
130535 212691 226 0 0
219628 219923 0 20 0
41586 223265 0 34 0
130833 236852 2154 0 0
219877 219878 0 439 0
219923 220658 136 0 0
219923 223099 629 0 0
219923 225139 1348 0 0
220040 220471 77 0 0
220040 220759 132 0 0
220040 223192 627 0 0
220040 223544 855 0 0
220040 225901 1455 0 0
220040 225933 1460 0 0
220040 236398 4087 0 0
220040 236544 4111 0 0
220040 236906 4165 0 0
220128 226079 1538 0 0
131165 216469 496 0 0
131165 218712 927 0 0
131165 219417 145 0 0
131165 219831 228 0 0
131165 220781 404 0 0
131165 221800 1524 0 0
131165 230814 3735 0 0
220239 221804 0 2110 0
220301 227135 1787 0 0
220332 220548 44 0 0
220470 222797 435 0 0
42409 159622 0 626 0
42443 204480 0 501 0
220538 221897 272 0 0
220655 221646 38 0 0
220655 221831 61 0 0
220655 221905 73 0 0
220655 222080 104 0 0
220655 223434 499 0 0
220655 223559 562 0 0
220655 223591 611 0 0
220778 224364 1028 0 0
220801 221379 77 0 0
220801 222019 180 0 0
220801 222068 188 0 0
220801 222099 190 0 0
220801 224175 922 0 0
220801 224455 1010 0 0
220801 226453 1395 0 0
220808 221424 151 0 0
220928 225223 1130 0 0
42982 210058 0 86 0
42982 234188 0 115 0
221147 227865 1710 0 0
221164 224093 867 0 0
221171 227123 1584 0 0
221249 221465 37 0 0
221450 228886 1781 0 0
221710 221881 23 0 0
221710 222189 71 1435 0
221710 222451 1586 1463 0
221710 222648 147 1409 0
221710 222668 151 0 0
43645 210148 314 0 0
221804 222572 124 0 0
221804 224744 913 0 0
221804 225696 1069 0 0
221804 225721 1072 0 0
222023 222024 0 285 0
222024 223353 676 0 0
222121 222155 6 0 0
222121 222166 7 0 0
222121 222173 9 0 0
222121 222179 9 0 0
222121 222183 10 0 0
222121 222191 10 0 0
222121 222224 16 0 0
222121 222229 17 0 0
222121 222313 31 0 0
222121 222318 33 0 0
222121 222354 39 0 0
222121 222367 40 0 0
222121 222386 42 0 0
222121 222417 45 0 0
222121 222522 65 0 0
222121 222534 67 0 0
222121 222554 69 0 0
222121 222855 162 0 0
222121 223033 194 0 0
222121 223674 557 0 0
222121 223987 611 0 0
222121 224311 754 0 0
222121 225234 938 0 0
222121 228132 1586 0 0
222121 231602 2504 0 0
222121 232377 2754 0 0
222121 235921 3518 0 0
222121 236213 3568 0 0
133095 219931 0 81 0
222189 222451 1515 28 0
222438 222498 12 0 0
222438 222985 139 0 0
222438 223001 141 0 0
222438 223143 166 0 0
222438 223724 518 0 0
222438 224466 771 0 0
222438 224708 810 0 0
222438 225363 910 0 0
222438 225449 924 0 0
222438 225459 926 0 0
222438 225620 956 0 0
222438 225811 990 0 0
222438 226338 1139 0 0
222438 227972 1519 0 0
222438 228069 1529 0 0
222438 228523 1684 0 0
222438 228557 1691 0 0
222438 228859 1738 0 0
222438 229105 1788 0 0
222438 230942 2281 0 0
222438 231375 2420 0 0
222438 231813 2493 0 0
222438 232112 2659 0 0
222438 233632 2983 0 0
222438 233761 3057 0 0
222438 235608 3409 0 0
222438 236860 3708 0 0
222451 222648 54 1439 0
222451 222673 124 0 0
222451 222828 106 0 0
222451 223068 148 0 0
44486 177063 0 46 0
222680 235218 3287 0 0
222734 223121 112 0 0
222734 225704 919 0 0
222734 228574 1643 0 0
222734 229185 1750 0 0
222734 232120 2609 0 0
222801 225987 1027 0 0
222852 233179 2850 0 0
222914 224693 681 0 0
222939 228724 115 0 0
223202 226684 1168 0 0
223202 232274 2555 0 0
223223 224123 491 0 0
223265 224446 273 0 0
223265 224688 311 0 0
223265 224929 352 0 0
223265 225526 689 0 0
45198 54902 1765 0 0
45198 58127 1377 0 0
45198 59561 22 0 0
45198 59604 11704 0 0
45198 61370 4332 0 0
45198 143071 1698 0 0
45198 156950 327 0 0
45198 165306 183 0 0
45198 184050 482 0 0
45198 195419 143 0 0
45198 202281 14 0 0
45198 202580 58 0 0
45198 205154 467 0 0
45198 205752 579 0 0
45198 205910 606 0 0
45198 210491 1303 0 0
45198 212716 50 0 0
45198 214512 326 0 0
45198 216486 661 0 0
45198 216574 685 0 0
45198 218370 1023 0 0
45198 220513 1422 0 0
45198 223788 2314 0 0
45198 232624 4528 0 0
223295 223296 0 63 0
223296 223351 143 0 0
223296 223727 330 0 0
223296 224399 571 0 0
223296 224782 631 0 0
223296 225097 683 0 0
223296 225118 687 0 0
223296 225352 721 0 0
223296 225384 724 0 0
223296 225505 743 0 0
223296 225836 806 0 0
223296 226011 906 0 0
223296 226567 1045 0 0
223296 226811 1145 0 0
223296 226912 1160 0 0
223296 227100 1190 0 0
223296 227750 1294 0 0
223296 227974 1331 0 0
223296 228160 1352 0 0
223296 228955 1573 0 0
223296 229263 1630 0 0
223296 229512 1676 0 0
223296 230571 1887 0 0
223296 231162 2199 0 0
223296 231662 2280 0 0
223296 234072 2962 0 0
223296 236230 3334 0 0
223355 223356 0 30 0
223356 223486 50 0 0
223356 223540 60 0 0
223356 223626 160 0 0
223356 223731 217 0 0
223356 223750 220 0 0
223356 223762 223 0 0
223356 223847 238 0 0
223356 224149 373 0 0
223356 224397 456 0 0
223356 224529 481 0 0
223356 225070 566 0 0
223356 225646 658 0 0
223356 225942 708 0 0
223356 226013 792 0 0
223356 226027 793 0 0
223356 226165 815 0 0
223356 226444 851 0 0
223356 226643 944 0 0
223356 226811 1114 0 0
223356 226844 1034 0 0
223356 227398 1122 0 0
223356 227879 1204 0 0
223356 228815 1429 0 0
223356 229082 1481 0 0
223356 229093 1484 0 0
223356 229126 1488 0 0
223356 229380 1536 0 0
223356 229426 1545 0 0
223356 229468 1553 0 0
223356 229590 1575 0 0
223356 229693 1591 0 0
223356 229894 1624 0 0
223356 229989 1683 0 0
223356 230268 1725 0 0
223356 232508 2424 0 0
223356 232835 2520 0 0
223356 232866 2546 0 0
223356 233495 2649 0 0
223356 233680 2694 0 0
223356 234036 2806 0 0
223356 234072 2833 0 0
223356 235263 3036 0 0
223356 235508 3085 0 0
223356 235614 3107 0 0
223356 235636 3112 0 0
223356 235812 3146 0 0
223356 236119 3201 0 0
223356 236220 3219 0 0
223356 236274 3228 0 0
223356 236284 3231 0 0
223482 223483 0 166 0
223483 223729 333 0 0
223483 223866 358 0 0
223483 223930 369 0 0
223483 223945 371 0 0
223483 224012 424 0 0
223483 224078 476 0 0
223483 224205 501 0 0
223483 224253 511 0 0
223483 224283 515 0 0
223483 224522 597 0 0
223483 224601 608 0 0
223483 224700 624 0 0
223483 225024 675 0 0
223483 225050 677 0 0
223483 226811 1144 0 0
223483 227027 1181 0 0
223483 227279 1221 0 0
223483 227283 1221 0 0
223483 227343 1231 0 0
223483 228312 1380 0 0
223483 228576 1509 0 0
223483 228727 1532 0 0
223483 229728 1718 0 0
223483 229743 1720 0 0
223483 230042 1808 0 0
223483 230129 1819 0 0
223483 230424 1865 0 0
223483 230470 1875 0 0
223483 230805 1927 0 0
223483 230927 1989 0 0
223483 231786 2304 0 0
223483 231996 2396 0 0
223483 232364 2519 0 0
223483 232380 2521 0 0
223483 232866 2770 0 0
223483 232958 2664 0 0
223483 232974 2667 0 0
223483 233912 2898 0 0
223483 234032 2923 0 0
223483 234303 2979 0 0
223483 234958 3096 0 0
223483 235008 3107 0 0
223483 235070 3120 0 0
223483 235386 3181 0 0
223483 235732 3248 0 0
223483 236009 3295 0 0
223504 229152 0 507 0
223510 227054 1015 0 0
223659 234931 0 142 0
223667 223668 0 12 0
223668 223937 59 0 0
223706 224187 169 0 0
223706 224196 169 0 0
223706 224633 283 0 0
223706 225582 435 0 0
223706 226381 632 0 0
223706 227032 854 0 0
223706 227156 871 0 0
223706 227744 967 0 0
223706 230284 1515 0 0
223706 235506 2872 0 0
223706 236302 3022 0 0
223707 223880 32 0 0
223707 224136 158 0 0
223707 225339 394 0 0
223707 227009 848 0 0
223707 229122 1276 0 0
223707 230645 1571 0 0
223707 232405 2195 0 0
223711 223712 0 64 0
223734 226575 714 0 0
223734 230023 1472 0 0
223734 235375 2845 0 0
224069 225265 235 0 0
224069 227646 808 0 0
224069 228061 869 0 0
224112 224754 149 0 0
224113 236621 3005 0 0
224144 225457 253 0 0
224144 226956 687 0 0
224144 231674 1797 0 0
224181 224814 144 0 0
224194 224195 0 589 0
46203 229397 349 0 0
46203 231005 797 0 0
224294 227597 758 0 0
46541 81434 0 1895 0
224683 227126 0 697 0
135793 222438 0 166 0
224958 229781 1060 0 0
135980 220306 126 0 0
225052 231969 1714 0 0
225112 225113 0 432 0
225113 227701 1033 0 0
136095 210701 0 411 0
225233 228293 672 0 0
47180 53554 1685 0 0
47180 146730 1508 0 0
47180 229062 53 0 0
47180 230625 100 0 0
47180 230833 132 0 0
47180 230868 181 0 0
47180 232218 696 0 0
47180 233205 912 0 0
47180 235196 1411 0 0
47180 235286 1361 0 0
47536 55902 1019 0 0
136580 227864 0 1213 0
225659 233753 2094 0 0
225873 226606 240 0 0
225873 229248 815 0 0
225912 228693 705 0 0
225992 226052 18 0 0
225992 226140 31 0 0
225992 226231 44 0 0
225992 226259 47 0 0
225992 226279 50 0 0
225992 226351 60 0 0
225992 226360 61 0 0
225992 226375 63 0 0
225992 226405 66 0 0
225992 226489 77 0 0
225992 226628 161 0 0
225992 226761 178 0 0
225992 226811 831 0 0
225992 226891 262 0 0
225992 227037 287 0 0
225992 227400 343 0 0
225992 227414 345 0 0
225992 227488 363 0 0
225992 227552 371 0 0
225992 227561 373 0 0
225992 227636 384 0 0
225992 227920 429 0 0
225992 228164 459 0 0
225992 228494 598 0 0
225992 228569 612 0 0
225992 228646 622 0 0
225992 228698 630 0 0
225992 228729 635 0 0
225992 228800 646 0 0
225992 229340 749 0 0
225992 230045 912 0 0
225992 230133 923 0 0
225992 230366 960 0 0
225992 230535 987 0 0
225992 230617 999 0 0
225992 231030 1212 0 0
225992 231223 1315 0 0
225992 231817 1412 0 0
225992 231967 1495 0 0
225992 232116 1577 0 0
225992 232789 1733 0 0
225992 232866 1750 0 0
225992 232927 1761 0 0
225992 233191 1810 0 0
225992 233232 1818 0 0
225992 233239 1819 0 0
225992 233406 1853 0 0
225992 233570 1885 0 0
225992 234072 2035 0 0
225992 234278 2079 0 0
225992 234405 2102 0 0
225992 234808 2176 0 0
225992 234892 2188 0 0
225992 234913 2194 0 0
225992 235460 2296 0 0
225992 235563 2317 0 0
225992 235667 2338 0 0
225992 235893 2382 0 0
225992 235955 2394 0 0
225992 236749 2610 0 0
225992 236772 2614 0 0
225992 237301 2693 0 0
225999 226000 0 719 0
226000 227779 1117 0 0
226000 227939 1492 0 0
226122 226348 31 0 0
226148 226149 0 731 0
226233 226234 0 650 0
48397 209779 0 2169 0
137679 209779 0 2140 0
226803 227267 76 0 0
226828 227202 88 0 0
226828 227285 101 0 0
226828 227847 195 0 0
226828 228134 232 0 0
226828 228652 399 0 0
226828 229440 544 0 0
226828 229779 604 0 0
226828 233099 1571 0 0
227034 227250 34 0 0
49009 202527 45 0 0
49009 202533 46 0 0
49009 202535 46 0 0
49009 202540 47 0 0
49009 202544 47 0 0
49009 205871 593 0 0
49009 205877 594 0 0
49009 205883 594 0 0
49009 205886 594 0 0
49009 205888 595 0 0
49009 209819 1197 0 0
49009 209823 1197 0 0
49009 209827 1198 0 0
49009 209833 1198 0 0
49009 209835 1198 0 0
49009 213824 1828 0 0
49009 213830 1828 0 0
49009 213836 1829 0 0
49009 213842 1829 0 0
49009 213844 1829 0 0
49009 217251 2397 0 0
49009 217254 2397 0 0
49009 217262 2397 0 0
49009 217267 2398 0 0
49009 220296 2996 0 0
227162 227524 63 0 0
227229 230002 762 0 0
138259 223006 0 770 0
138259 223296 0 372 0
227310 230422 85 0 0
227545 227999 70 0 0
227545 229206 0 83 0
227545 229766 456 0 0
227545 232087 1141 0 0
227545 234850 1812 0 0
227671 230295 560 0 0
49610 121186 0 654 0
138719 223381 2547 0 0
227777 231511 0 103 0
227838 229984 486 0 0
227864 227916 8 0 0
227864 227988 18 0 0
227864 228005 19 0 0
227864 228103 31 0 0
227864 228168 38 0 0
227864 228193 43 0 0
227864 228212 45 0 0
227864 228230 47 0 0
227864 228323 64 0 0
227864 228732 214 0 0
227864 228849 234 0 0
227864 228944 251 0 0
227864 231097 802 0 0
227864 231114 805 0 0
227864 231455 932 0 0
227864 231473 934 0 0
227864 232000 1078 0 0
227864 232464 1213 0 0
227864 232851 1325 0 0
227864 232979 1350 0 0
227864 233040 1359 0 0
227864 233941 1584 0 0
227864 233996 1598 0 0
227864 234053 1610 0 0
227864 234399 1677 0 0
227864 234411 1682 0 0
227864 234584 1880 0 0
227864 234862 1762 0 0
227864 234886 1767 0 0
227864 235017 1790 0 0
227864 235299 1844 0 0
227864 235380 1862 0 0
227864 235458 1875 0 0
227864 235916 1965 0 0
227864 236986 2222 0 0
138830 223006 0 682 0
138830 223296 0 573 0
138970 223296 0 639 0
139112 223006 0 621 0
228512 230428 369 0 0
228628 231555 746 0 0
139597 206204 0 5587 0
228650 228770 0 1532 0
50725 54714 1614 0 0
228807 228808 0 125 0
50804 91700 0 3349 0
229004 229679 581 0 0
229023 229024 0 117 0
229065 229586 97 0 0
51082 146248 0 3147 0
229169 230474 260 0 0
229252 236572 1851 0 0
229382 230490 224 0 0
229382 232475 881 0 0
229493 235840 197 0 0
51687 111149 1065 0 0
51687 225209 706 0 0
51687 228226 1370 0 0
229777 231054 388 0 0
51780 230107 0 583 0
51822 220801 0 139 0
51822 225992 0 2433 0
51822 236559 0 94 0
229961 230073 15 0 0
229961 230559 90 0 0
229961 230643 103 0 0
229986 230291 49 0 0
230257 232397 683 0 0
230257 232526 704 0 0
230355 230691 52 0 0
52322 231508 1102 0 0
230633 230745 17 0 0
52644 205862 0 349 0
230874 232198 512 0 0
230937 232370 426 0 0
230937 235588 1128 0 0
230937 237249 1488 0 0
230944 231739 200 0 0
230944 232795 536 0 0
52892 81434 0 127 0
230977 230978 0 105 0
230978 231121 130 0 0
230978 231420 247 0 0
230978 231625 280 0 0
230978 231640 284 0 0
230978 236808 1521 0 0
231174 231175 0 66 0
231189 231190 0 215 0
231190 234620 1049 0 0
53110 223483 0 2927 0
231229 231230 0 1381 0
53196 61890 149 0 0
53196 127658 38 0 0
53196 178836 507 0 0
53196 183443 728 0 0
53196 207779 23 0 0
53196 207872 39 0 0
53196 208941 190 0 0
53196 209424 260 0 0
53196 209688 301 0 0
53196 209758 311 0 0
53196 210099 360 0 0
53196 210954 498 0 0
53196 211376 568 0 0
53196 216067 1335 0 0
53196 219133 2001 0 0
53196 221319 2348 0 0
53196 228268 4081 0 0
231414 231415 0 84 0
53439 220655 0 162 0
231595 231596 0 1131 0
231596 231694 1149 0 0
231597 235992 1023 0 0
53600 221710 1439 24 0
53600 222451 1562 24 0
53600 223006 0 33 0
53765 204480 0 229 0
53765 221710 1285 291 0
53765 222451 1295 178 0
53765 223006 0 41 0
53768 204480 0 229 0
53768 221710 1285 291 0
53768 222451 1295 178 0
53768 223006 0 40 0
231860 231861 0 2114 0
231918 232655 178 0 0
231921 232030 14 0 0
231973 236816 1125 0 0
232055 232165 120 0 0
232131 232488 61 0 0
232131 237044 1072 0 0
232191 236714 1013 0 0
232231 232232 0 300 0
232232 233027 477 0 0
232232 233901 699 0 0
232345 232346 0 184 0
143435 204553 0 371 0
232567 232831 87 0 0
232591 232592 0 358 0
232628 232629 0 2509 0
232754 235941 710 0 0
232754 235943 711 0 0
232754 236574 903 0 0
54714 217654 0 2689 0
232829 232830 0 1600 0
233001 233002 0 256 0
233002 233389 332 0 0
233087 233088 0 2120 0
233201 234125 233 0 0
233266 233267 0 109 0
233307 234120 211 0 0
233397 233878 142 0 0
233528 233529 0 76 0
233735 233736 0 783 0
233883 234409 106 0 0
233883 236179 438 0 0
234061 234062 0 310 0
234067 236454 530 0 0
56041 203045 0 337 0
145087 204480 0 119 0
234146 234663 102 0 0
234180 235777 307 0 0
234180 235779 307 0 0
234180 235781 307 0 0
234180 235783 307 0 0
234180 235785 307 0 0
234180 235787 307 0 0
56203 165420 0 20 0
145607 223265 0 83 0
234700 234951 43 0 0
234931 235035 20 0 0
234931 235048 22 0 0
234931 235068 27 0 0
234931 235080 28 0 0
234931 235084 29 0 0
234931 235094 32 0 0
234931 235114 34 0 0
234931 235129 36 0 0
234931 235143 37 0 0
234931 235177 44 0 0
234931 235188 46 0 0
234931 235220 53 0 0
234931 235232 55 0 0
234931 235280 65 0 0
234931 235288 66 0 0
234931 235305 70 0 0
234931 235341 77 0 0
234931 235382 87 0 0
234931 235391 88 0 0
234931 235395 89 0 0
234931 235433 95 0 0
234931 235456 100 0 0
234931 235485 103 0 0
234931 235519 111 0 0
234931 235573 122 0 0
234931 235600 129 0 0
234931 235604 129 0 0
234931 235608 149 0 0
234931 235610 131 0 0
234931 235628 134 0 0
234931 235734 155 0 0
234931 235747 157 0 0
234931 235762 160 0 0
234931 235849 178 0 0
234931 235925 192 0 0
234931 235977 202 0 0
234931 236096 222 0 0
234931 236114 225 0 0
234931 236172 235 0 0
234931 236176 236 0 0
234931 236207 242 0 0
234931 236494 374 0 0
234931 236552 383 0 0
234931 236554 384 0 0
234931 236644 399 0 0
234931 236663 402 0 0
234931 236688 404 0 0
234931 236731 413 0 0
234931 236766 417 0 0
234931 236791 421 0 0
234931 236824 425 0 0
234931 236826 426 0 0
234931 236981 447 0 0
234931 237144 469 0 0
234931 237297 497 0 0
235113 235118 1 0 0
57089 57243 298 0 0
57089 57245 298 0 0
57089 224633 485 0 0
57089 226856 283 0 0
57089 229062 724 0 0
57089 231381 1366 0 0
57089 236322 2527 0 0
235250 235414 34 0 0
146248 152329 203 0 0
146248 199073 699 0 0
146248 223271 46 0 0
235295 235417 25 0 0
235295 236190 420 0 0
235536 236058 98 0 0
235536 237190 363 0 0
57648 173216 297 0 0
146730 229480 0 1653 0
236103 236104 0 1170 0
236340 236763 139 0 0
236340 236928 163 0 0
236340 236932 164 0 0
236340 237033 175 0 0
236340 237200 201 0 0
236559 236692 20 0 0
236681 236682 0 256 0
236682 237165 325 0 0
236697 236698 0 1348 0
236803 237151 47 0 0
236812 236813 0 1541 0
237052 237053 0 1183 0
148465 222121 0 47 0
59737 220655 0 36 0
60690 91700 0 208 0
60725 124202 0 1211 0
60887 91700 0 93 0
61512 91700 0 37 0
61721 205936 0 42 0
62137 187584 0 45 0
62365 91700 0 901 0
62365 204480 0 901 0
62365 221710 563 900 0
62365 222451 686 900 0
62365 223296 0 901 0
62365 225992 0 901 0
62630 91700 0 5623 0
63079 129030 0 1855 0
63079 209779 0 3069 0
64305 209662 0 500 0
153828 209779 0 4502 0
65020 130535 0 792 0
65818 91700 0 2199 0
66679 91700 0 696 0
67415 220655 0 151 0
157692 230391 1879 0 0
157692 232131 622 0 0
69143 209779 0 2126 0
69170 91700 0 3286 0
69303 218886 0 2737 0
69317 91700 0 4461 0
158362 209137 0 112 0
69503 91700 0 193 0
158604 211636 0 413 0
158619 224069 0 504 0
69654 91700 0 1648 0
69751 227074 64 0 0
70129 75713 176 0 0
70901 91700 0 6087 0
160177 190178 0 92 0
160291 223620 2195 0 0
161058 211257 0 513 0
72252 91700 0 527 0
161419 161912 40 0 0
162385 170127 556 0 0
162385 206832 587 0 0
73642 211351 0 158 0
74179 91700 0 66 0
163396 210704 0 530 0
163709 226828 0 27 0
164221 236340 0 28 0
75236 125378 586 0 0
75463 223202 0 1160 0
164594 228202 715 0 0
75594 91700 0 546 0
75719 91700 0 999 0
165420 233814 924 0 0
76830 91700 0 2333 0
76892 80642 48 0 0
76892 92354 751 0 0
76892 205391 464 0 0
76892 207608 836 0 0
76892 209210 1067 0 0
76892 213078 1681 0 0
76892 216668 2277 0 0
76892 222044 3304 0 0
76892 224902 4292 0 0
76892 226319 4498 0 0
76892 229623 5243 0 0
76905 213180 941 0 0
76905 214845 35 0 0
76905 234628 4661 0 0
167166 204769 0 2414 0
79102 91700 0 2197 0
168192 210854 152 0 0
168192 212378 262 0 0
79384 205862 0 282 0
168496 216226 0 266 0
79939 91700 0 285 0
80462 117218 178 0 0
80462 204381 307 0 0
80462 205786 549 0 0
80570 224519 231 0 0
169822 215019 0 4360 0
81434 86602 1063 0 0
81434 104991 5405 0 0
81434 109537 3328 0 0
81434 118137 5172 0 0
81434 119522 1629 0 0
81434 123620 902 0 0
81434 124294 329 0 0
81434 124837 574 0 0
81434 132787 2337 0 0
81434 164045 631 0 0
81434 187859 6206 0 0
81434 199762 117 0 0
81434 199859 86 0 0
81434 200357 4232 0 0
81434 207968 7 0 0
81434 208028 18 0 0
81434 208074 23 0 0
81434 208214 41 0 0
81434 208239 45 0 0
81434 208321 60 0 0
81434 208414 71 0 0
81434 208438 74 0 0
81434 208523 84 0 0
81434 208530 85 0 0
81434 208592 94 0 0
81434 208722 110 0 0
81434 208912 141 0 0
81434 208964 149 0 0
81434 209026 156 0 0
81434 209059 163 0 0
81434 209075 166 0 0
81434 209204 186 0 0
81434 209233 190 0 0
81434 209349 204 0 0
81434 209392 210 0 0
81434 209471 223 0 0
81434 209478 224 0 0
81434 209529 233 0 0
81434 209620 246 0 0
81434 209673 254 0 0
81434 209791 269 0 0
81434 209798 270 0 0
81434 209965 297 0 0
81434 210050 308 0 0
81434 210192 330 0 0
81434 210225 333 0 0
81434 210237 336 0 0
81434 210560 386 0 0
81434 210663 402 0 0
81434 210768 421 0 0
81434 210830 436 0 0
81434 210946 453 0 0
81434 211136 483 0 0
81434 211416 530 0 0
81434 211523 548 0 0
81434 211667 573 0 0
81434 211824 595 0 0
81434 211834 596 0 0
81434 211928 611 0 0
81434 211933 612 0 0
81434 212089 639 0 0
81434 212739 748 0 0
81434 212745 750 0 0
81434 212972 783 0 0
81434 213063 798 0 0
81434 213161 812 0 0
81434 213237 824 0 0
81434 213291 834 0 0
81434 214435 1003 0 0
81434 214450 1008 0 0
81434 214900 1088 0 0
81434 215509 1354 0 0
81434 215653 1222 0 0
81434 216381 1341 0 0
81434 216720 1598 0 0
81434 216762 1410 0 0
81434 216766 1410 0 0
81434 217111 1463 0 0
81434 217611 1531 0 0
81434 217770 1603 0 0
81434 218290 1702 0 0
81434 218707 1785 0 0
81434 218968 1833 0 0
81434 219309 1888 0 0
81434 219349 2493 0 0
81434 220385 2092 0 0
81434 220422 2100 0 0
81434 220433 2101 0 0
81434 220477 2109 0 0
81434 220523 2120 0 0
81434 220552 2127 0 0
81434 220585 2131 0 0
81434 220680 2148 0 0
81434 220847 2294 0 0
81434 220946 2241 0 0
81434 221396 2318 0 0
81434 221440 2324 0 0
81434 221753 2376 0 0
81434 222360 2471 0 0
81434 222419 2477 0 0
81434 222558 2502 0 0
81434 223464 2828 0 0
81434 223637 2985 0 0
81434 223925 3034 0 0
81434 224171 3160 0 0
81434 224670 3283 0 0
81434 224843 3312 0 0
81434 224927 3413 0 0
81434 225199 3365 0 0
81434 225207 3366 0 0
81434 225499 3411 0 0
81434 225733 3455 0 0
81434 225738 3455 0 0
81434 225977 3568 0 0
81434 226222 3605 0 0
81434 226446 3633 0 0
81434 226895 3825 0 0
81434 227729 3959 0 0
81434 228360 4052 0 0
81434 228709 4194 0 0
81434 229602 4526 0 0
81434 229864 4401 0 0
81434 230182 4492 0 0
81434 230482 4763 0 0
81434 230674 4571 0 0
81434 231549 4928 0 0
81434 231712 4957 0 0
81434 233252 5385 0 0
81434 233325 5398 0 0
81434 233636 5464 0 0
81434 234584 5897 0 0
81434 235789 5922 0 0
81434 236531 6136 0 0
81434 237114 6224 0 0
81434 237228 6243 0 0
170677 216304 1191 0 0
81681 91700 0 5484 0
82629 102453 0 2467 0
82655 236340 0 205 0
82749 203346 0 713 0
82926 130651 0 1 0
82926 231450 0 5 0
172101 205205 0 167 0
83534 91700 0 800 0
83777 91700 0 3894 0
172852 227875 73 0 0
173262 222438 0 123 0
84642 91700 0 800 0
173747 223356 0 579 0
173875 224069 0 33 0
174639 224203 1096 0 0
174922 237002 1307 0 0
85988 226828 0 432 0
86106 218295 0 1331 0
86843 205381 0 142 0
175951 223517 23 0 0
87173 204637 0 3837 0
87645 232078 460 0 0
88185 144423 720 0 0
