1 1 100 10.6257
2 2 100 18.5841
3 3 100 28.4116
4 4 100 33.3969
5 5 100 44.8659
6 6 100 53.1056
7 7 100 56.4508
8 8 100 64.1501
9 9 100 67.3391
10 10 100 295.975
11 11 100 297.768
12 12 100 299.59
13 13 100 302.797
14 14 100 307.178
15 15 100 310.777
16 16 100 326.471
17 17 100 327.695
18 18 100 337.461
19 19 100 338.615
20 20 100 340.289
21 21 100 344.149
22 22 100 347.472
23 23 100 355.756
24 24 100 357.785
25 25 100 360.073
26 26 100 362.176
27 27 100 366.855
28 28 100 368.267
29 29 100 369.359
30 30 100 370.359
31 31 100 371.767
32 32 100 373.503
33 33 100 374.635
34 34 100 376.371
35 35 100 378.107
36 36 100 379.567
37 37 100 381.302
38 38 100 383.121
39 39 100 384.856
40 40 100 386.224
41 41 100 387.96
42 42 100 389.348
43 43 100 394.688
44 44 100 396.424
45 45 100 410.786
46 46 100 413.986
47 47 100 421.12
48 48 100 423.04
49 49 100 433.929
50 50 100 434.929
