1 1 100 19.0245
2 2 100 22.9329
3 3 100 33.9184
4 4 100 62.215
5 5 100 63.9767
6 6 100 66.7989
7 7 100 69.3011
8 8 100 85.1083
9 9 100 96.8505
10 10 100 105.455
11 11 100 107.289
12 12 100 109.706
13 13 100 116.224
14 14 100 118.328
15 15 100 122.639
16 16 100 126.95
17 17 100 128.778
18 18 100 132.721
19 19 100 136.664
20 20 100 140.239
21 21 100 142.872
22 22 100 145.711
23 23 100 148.55
24 24 100 150.409
25 25 100 151.531
26 26 100 153.12
27 27 100 155.315
28 28 100 157.787
29 29 100 158.811
30 30 100 161.282
31 31 100 162.306
32 32 100 164.778
33 33 100 167.249
34 34 100 168.624
35 35 100 169.716
36 36 100 171.912
37 37 100 173.556
38 38 100 174.581
39 39 100 176.194
40 40 100 178.666
41 41 100 180.32
42 42 100 182.424
43 43 100 183.915
44 44 100 186.018
45 45 100 188.122
46 46 100 190.225
47 47 100 191.685
48 48 100 193.789
49 49 100 195.617
50 50 100 197.444
