24543 1 0
560030 2 0
29475 3 63
566792 3 4027
560766 4 88
560765 4 546
562629 4 1617
560031 5 134
560044 6 144
133 7 145
42514 8 149
560055 9 151
35217 10 153
560069 11 158
308736 12 160
560083 13 164
560102 14 172
55741 15 172
142480 16 175
560111 17 179
560126 18 185
251385 19 185
557193 20 186
560127 21 186
2959 22 188
169778 23 195
196774 24 204
560165 25 206
381413 26 215
126741 27 215
560204 28 229
176448 29 235
356697 30 237
560224 31 238
34832 32 244
560249 33 255
560464 33 370
560262 34 263
231475 35 267
25947 36 268
560279 37 271
560280 38 272
557166 39 275
560290 40 278
560384 40 329
560908 40 621
561129 40 749
563489 40 2141
22167 41 280
69964 42 280
560299 43 281
560300 44 282
2780 45 282
531869 46 283
560303 47 283
560304 48 284
560309 49 290
34878 50 290
560323 51 297
244707 52 300
560335 53 302
560342 54 306
218064 55 306
560356 56 310
391559 57 311
82789 58 314
54243 59 317
560370 60 321
560371 61 321
560376 62 324
184412 63 327
132193 63 380
57629 64 333
560393 65 334
560402 66 339
560403 67 340
560424 68 351
560591 68 449
568871 68 5259
569835 68 5748
570108 68 5878
571581 68 6608
253721 68 6983
134902 69 353
560428 70 354
7642 71 355
560434 72 357
46838 73 358
560448 74 363
143546 74 3148
13045 75 363
560450 76 363
560455 77 364
560453 78 365
184412 79 366
348806 80 371
22167 81 371
48588 82 374
560475 83 376
560476 84 377
497491 85 379
560494 86 383
560495 87 383
560502 88 389
29657 89 391
561030 89 691
32963 90 399
35127 91 401
52936 92 402
560521 93 405
190800 94 407
76226 95 410
78512 96 415
73281 97 424
131444 98 424
560538 99 425
552473 100 426
560553 101 431
64835 102 432
560557 103 432
560566 104 436
163282 104 514
507359 105 437
560578 106 440
560577 107 441
560576 108 441
560579 109 442
560590 110 446
560593 111 451
58340 112 458
560609 113 458
560620 114 462
560627 115 464
560640 116 470
564826 116 2905
245124 117 471
560642 118 471
560643 119 474
560644 120 474
150198 121 475
49538 122 475
560651 123 477
560660 124 480
535196 125 484
75279 126 486
560693 127 501
560698 128 503
560699 129 506
560702 130 507
267252 131 518
560728 132 521
560734 133 521
39972 134 521
560759 135 541
45022 136 542
558232 137 549
10830 138 555
560783 139 556
65979 140 560
560791 141 562
560802 142 569
560593 143 569
41443 144 573
560817 145 573
560820 146 575
560824 147 580
560823 148 580
560827 149 580
43240 150 581
382563 151 581
27912 152 581
442925 153 584
560846 154 590
302676 155 592
560486 156 594
560855 157 595
497930 158 597
30639 159 597
66558 160 600
561023 160 688
230854 160 968
561899 160 1201
562246 160 1396
40780 160 1523
562511 160 1564
96757 161 604
96758 162 604
37746 163 604
96766 164 605
560428 165 609
560900 166 615
560903 167 618
560904 168 620
560907 169 621
560910 170 622
560911 171 624
560912 172 624
213283 173 628
154358 174 630
560931 175 631
85799 176 635
560945 177 638
25580 178 639
560947 179 641
560948 180 642
34832 181 653
560964 182 653
59513 183 654
555073 184 661
561742 184 1129
530485 185 664
40211 186 667
561565 186 1028
260705 187 669
560990 188 672
560428 189 675
560998 190 675
59354 191 677
561006 192 681
6667 193 682
6668 194 683
554500 195 683
497052 196 688
561022 197 688
81499 198 692
561037 199 694
561042 200 696
561047 201 698
561052 202 701
561053 203 703
561060 204 707
561063 205 710
266067 206 711
266067 207 711
561068 208 712
240768 209 713
561074 210 716
54956 211 719
561080 212 721
561053 213 723
561105 214 725
1756 215 725
58430 216 726
561098 217 728
561099 218 730
561101 219 730
52265 220 730
90152 221 731
561110 222 736
561111 223 738
240768 224 740
556290 225 743
219505 226 746
561137 227 755
231475 228 766
60089 229 767
58379 230 768
372597 231 768
561362 231 898
561164 232 777
49605 233 779
552270 234 782
61440 235 785
561195 236 794
561192 237 794
222907 238 795
561197 239 795
26149 240 796
498915 241 800
561206 242 800
561211 243 808
561213 244 809
54590 245 810
55745 246 813
220191 247 815
561222 248 815
561227 249 817
561236 250 825
132548 251 832
561256 252 834
10411 253 845
561276 254 847
563795 254 2299
564151 254 2518
572319 254 7092
299580 255 848
561278 256 849
256669 257 850
561282 258 851
561289 259 854
20094 260 855
63947 260 974
561821 260 1170
561291 261 855
561300 262 859
560428 263 864
561312 264 866
561313 265 868
22302 266 868
561329 267 875
20554 268 875
56955 269 876
55971 270 876
561335 271 877
561336 272 878
142414 273 880
561340 274 882
561798 274 1161
561343 275 884
63423 276 885
561347 277 885
561350 278 886
561359 279 893
66333 280 898
556578 281 899
2463 282 899
59817 283 900
561899 283 1267
556724 284 902
2335 285 903
51192 286 903
561383 287 908
271192 288 911
561391 289 912
561392 290 912
561397 291 914
533303 292 916
58450 293 916
561402 294 917
58340 295 926
172358 296 926
497052 297 927
62129 298 927
36228 299 928
561424 300 933
561425 301 933
561428 302 938
561431 303 944
188062 304 946
561110 305 953
561442 306 956
561451 307 959
561464 308 968
561475 309 973
561488 310 980
561397 311 982
556724 312 982
561495 313 984
561500 314 985
561507 315 989
561510 316 991
533067 317 991
561514 318 992
75944 319 996
561528 320 999
561537 321 1007
561542 322 1014
561543 323 1015
561550 324 1020
45221 325 1021
561562 326 1028
561567 327 1029
561572 328 1031
10543 329 1035
562759 329 1692
531682 330 1039
561583 331 1040
58898 332 1041
561591 333 1048
50857 334 1055
9161 335 1057
216451 336 1059
562950 336 1832
104264 337 1061
231680 338 1062
10064 339 1064
41432 340 1064
561623 341 1068
561630 342 1072
561639 343 1078
28308 344 1084
561653 345 1085
9161 346 1086
561657 347 1086
561664 348 1090
561667 349 1091
561670 350 1091
406552 351 1096
561682 352 1097
561693 353 1101
64441 354 1107
561731 355 1125
561744 356 1132
340995 356 1188
561771 357 1147
561772 358 1148
425252 359 1152
340995 359 1197
4474 360 1154
56240 360 1168
34967 360 1185
340995 360 1201
562401 360 1496
26737 360 1576
562639 360 1625
562867 360 1769
544497 360 2887
159440 360 4137
568682 360 5140
561789 361 1157
561790 362 1157
561791 363 1158
340995 363 1206
561794 364 1158
340995 364 1208
561795 365 1159
561796 366 1159
174215 367 1160
561804 368 1163
35217 369 1165
561814 370 1166
561815 371 1166
553886 371 1647
561820 372 1170
539517 373 1172
561832 374 1177
559864 375 1179
561838 376 1179
3057 377 1181
561854 378 1188
561887 379 1196
561894 380 1200
561921 381 1209
434749 382 1215
561935 383 1218
339493 384 1219
548009 385 1219
52762 386 1221
561953 387 1224
561954 388 1225
33221 389 1225
561968 390 1227
275699 391 1228
561974 392 1232
561905 393 1232
561976 394 1233
561977 395 1233
549262 396 1235
52762 397 1240
549262 398 1251
562007 399 1255
562016 400 1258
562152 400 1327
543679 401 1264
52762 402 1264
562025 403 1265
562028 404 1265
20220 405 1265
562123 405 1313
562241 405 1394
562502 405 1557
563061 405 1896
563745 405 2273
563943 405 2401
564490 405 2722
567832 405 4612
568130 405 4815
562037 406 1268
562052 407 1277
292291 408 1278
562058 409 1279
562061 410 1284
562082 411 1291
16077 412 1295
133676 413 1295
60495 414 1297
156357 415 1298
149351 416 1299
562102 417 1302
562105 418 1302
562108 419 1302
562115 420 1309
562120 421 1312
52830 422 1315
562126 423 1315
52762 424 1320
20554 425 1321
52762 426 1340
562197 427 1356
562198 428 1357
52762 429 1361
562204 430 1364
23593 431 1367
562208 432 1371
511941 433 1373
52762 434 1378
562221 435 1380
517656 436 1382
562229 437 1385
15270 438 1387
562231 439 1389
562238 440 1390
529710 441 1392
149351 442 1393
11509 443 1395
562250 444 1398
514002 445 1400
89295 446 1402
91211 446 1475
52762 447 1404
562274 448 1417
562238 449 1419
514002 450 1421
532682 451 1421
7281 451 1537
52762 452 1425
562286 453 1428
562289 454 1429
562314 455 1441
562319 456 1444
562322 457 1445
85828 458 1449
52762 459 1450
19515 460 1453
562342 461 1458
52936 462 1465
52762 463 1466
562361 464 1466
562368 465 1471
529262 466 1472
562376 467 1478
52762 468 1482
562384 469 1487
355888 470 1488
562386 471 1488
562397 472 1493
562398 473 1495
505944 474 1499
260705 475 1500
562016 476 1507
563254 476 2008
563407 476 2099
236856 476 2324
565692 476 3463
562428 477 1511
562433 478 1514
58204 479 1515
562447 480 1525
562814 480 1724
61236 481 1534
299580 482 1540
562488 483 1542
562491 484 1545
562492 485 1548
562499 486 1555
562510 487 1563
562531 488 1573
562550 489 1580
501481 490 1585
562238 491 1586
58204 492 1587
562570 493 1589
562573 494 1591
48728 495 1593
562587 496 1594
562588 497 1594
562591 498 1597
562602 499 1603
27912 500 1604
562612 501 1607
553886 501 1632
562617 502 1612
562622 503 1612
562631 504 1618
562636 505 1624
54727 506 1627
531869 507 1629
442925 508 1630
562670 509 1635
562673 510 1635
538992 511 1641
562679 512 1642
562682 513 1646
133676 514 1650
33266 515 1652
562705 516 1655
552473 517 1660
562717 518 1660
566970 518 4130
562718 519 1661
41478 520 1669
562724 521 1669
513158 522 1672
562734 523 1675
562739 524 1678
562937 524 1820
564627 524 2800
565263 524 3869
562742 525 1679
441974 526 1680
562767 526 1697
562946 526 1827
562993 526 1852
564537 526 2754
564790 526 2886
565494 526 3354
569325 526 5477
181539 526 5627
952 526 6473
532403 527 1681
562752 528 1683
562751 529 1684
562753 530 1686
506951 531 1691
562761 532 1693
562762 533 1694
58028 534 1700
3227 535 1700
44407 536 1700
562784 537 1705
482659 538 1716
260705 539 1720
562765 540 1721
562818 541 1726
562823 542 1731
531905 543 1733
70973 544 1737
562836 545 1740
52621 546 1741
562838 547 1742
562839 548 1744
562840 549 1745
562843 550 1748
562850 551 1755
562855 552 1760
566871 552 4059
89279 553 1761
562865 554 1767
562866 555 1767
562869 556 1770
296878 557 1772
562875 558 1774
562882 559 1781
557992 560 1782
562759 561 1783
10543 561 1902
55745 562 1783
562894 563 1787
21625 564 1788
562900 565 1788
63985 566 1800
63985 567 1800
562977 567 1849
47056 568 1800
159486 569 1800
14218 570 1800
254824 571 1802
562914 572 1804
562918 573 1808
562954 573 1834
563121 573 1928
563145 573 1944
563174 573 1964
563238 573 2001
563347 573 2059
563410 573 2101
57539 573 2272
564814 573 2898
565065 573 3060
565259 573 3202
565358 573 3267
565822 573 3548
566476 573 3874
566931 573 4102
567566 573 4453
567711 573 4530
568806 573 5217
569426 573 5521
569611 573 5619
562919 574 1810
562920 575 1812
562923 576 1813
51244 577 1815
562927 578 1818
562928 579 1818
562943 580 1824
531905 581 1836
562961 582 1839
552473 583 1843
67946 584 1846
562976 585 1846
562983 586 1850
562992 587 1852
563057 588 1853
563056 588 1891
563020 589 1861
83348 590 1863
231475 591 1873
195160 592 1874
563035 593 1874
244613 594 1882
58090 595 1884
563046 596 1885
563047 597 1886
563626 597 2209
50597 598 1886
563053 599 1888
563058 600 1895
15345 601 1896
563068 602 1899
563073 603 1906
563078 604 1909
563085 605 1912
563088 606 1915
563107 607 1922
18561 608 1925
563112 609 1925
563115 610 1926
231475 611 1932
243917 612 1933
2463 613 1936
562981 614 1938
562286 615 1940
58380 616 1944
563121 617 1945
48588 618 1952
563119 619 1957
563164 620 1959
496204 621 1960
562946 622 1960
563167 623 1960
10543 624 1962
563171 625 1963
563198 626 1977
563199 627 1983
138290 628 1983
41390 628 2146
564513 628 2741
435922 629 1987
435947 630 1989
563225 631 1998
353017 632 2003
563247 633 2005
563248 634 2006
563249 635 2007
563268 636 2014
43094 637 2021
10245 638 2024
244771 639 2028
320789 640 2031
563761 641 2032
562765 641 2284
563307 642 2034
59634 643 2034
563311 644 2037
12097 645 2041
482659 646 2042
54917 647 2048
563327 648 2051
563336 649 2053
4235 650 2055
563339 651 2055
563353 652 2062
563354 653 2062
563405 653 2095
565554 653 3385
287283 653 3635
563355 654 2065
563358 655 2066
563359 656 2067
539183 657 2076
563385 658 2078
557166 659 2083
563393 660 2087
563398 661 2089
563401 662 2090
35024 662 2339
68261 662 3358
563404 663 2095
33716 663 2343
563368 664 2100
563426 665 2106
562759 666 2115
71326 667 2115
563451 668 2120
563452 669 2121
563467 670 2128
563474 671 2133
563477 672 2134
563480 673 2137
563481 674 2137
563488 675 2140
57506 676 2141
563492 677 2143
563493 678 2143
563496 679 2144
560621 680 2149
563534 681 2155
563535 682 2156
563544 683 2160
563565 684 2166
26300 685 2167
563567 686 2167
327200 687 2168
563575 688 2172
565552 688 3384
567595 688 4473
133457 689 2177
329312 690 2180
36265 691 2181
563199 692 2181
563588 693 2181
563591 694 2182
565084 694 3071
563596 695 2183
19935 696 2183
563610 697 2186
12976 698 2189
563614 699 2190
189701 700 2193
563626 701 2194
563629 702 2197
38185 703 2198
563631 704 2198
563638 705 2199
184412 706 2199
132193 706 2597
563637 707 2200
327200 708 2200
563640 709 2201
563659 710 2211
560455 711 2214
564181 711 2536
563199 712 2217
563626 713 2223
563681 714 2223
563401 714 2488
4235 715 2225
184412 716 2225
563690 717 2227
563707 718 2247
563730 719 2263
563733 720 2266
294206 721 2270
563747 722 2274
563748 723 2277
563757 724 2283
562734 725 2288
563777 726 2289
563778 727 2289
275699 728 2292
65973 729 2294
41297 730 2294
58242 730 2419
1561 730 2437
563788 731 2295
563789 732 2295
563794 733 2298
563827 733 2318
564056 733 2468
188695 733 2541
564320 733 2621
564684 733 2833
190301 734 2300
68219 735 2300
563799 736 2300
563800 737 2300
563801 738 2301
58126 739 2302
563805 740 2303
563806 741 2306
58047 742 2310
563748 743 2315
563823 744 2316
563826 745 2318
69964 746 2319
518495 747 2319
447349 748 2323
563844 749 2327
61930 750 2328
563850 751 2330
563851 752 2331
563862 753 2339
25765 754 2339
563876 755 2347
130 756 2348
563199 757 2354
563893 758 2356
563894 759 2357
563895 760 2357
566671 760 3965
568982 760 5314
130 761 2360
106116 762 2363
563748 763 2376
563917 764 2378
563918 765 2379
563921 766 2380
39702 767 2383
216900 768 2389
563930 769 2391
563771 770 2392
563934 771 2394
567643 771 4504
563199 772 2399
563894 773 2399
103661 774 2403
103665 775 2403
103669 776 2403
103684 777 2405
563963 778 2409
563968 779 2410
563969 780 2412
68219 781 2419
563199 782 2421
563986 783 2425
563989 784 2425
558068 785 2428
401191 786 2429
52830 787 2440
51866 788 2450
564036 789 2454
564045 790 2457
86643 791 2457
564049 792 2460
260705 793 2461
564051 794 2462
564054 795 2463
104165 796 2468
235871 797 2472
518495 798 2474
564074 799 2476
564075 800 2478
26300 801 2480
564083 802 2482
564296 802 2598
564102 803 2490
437930 804 2492
564122 805 2506
260705 806 2509
105082 807 2510
564139 808 2513
564144 809 2515
564147 810 2516
42989 811 2517
564155 812 2519
563986 813 2521
46897 814 2526
41811 815 2527
41818 816 2529
65319 817 2530
564179 818 2532
504998 819 2533
564183 820 2536
50264 821 2538
564193 822 2539
564200 823 2542
564205 824 2543
42890 825 2547
564215 826 2551
564216 827 2552
564219 828 2555
348806 829 2556
564235 830 2564
256541 831 2564
537477 832 2565
564240 833 2567
346598 834 2569
564260 835 2575
405035 836 2588
8538 837 2597
564248 838 2598
564298 839 2601
564299 840 2602
563986 841 2603
117805 842 2605
71371 843 2607
564350 843 2637
568943 843 5286
564309 844 2612
564314 845 2616
72693 846 2620
564322 847 2621
564327 848 2622
564330 849 2622
564331 850 2625
564332 851 2626
564333 852 2627
195614 853 2628
564339 854 2630
565906 854 3582
566364 854 3823
566392 854 3835
566774 854 4014
554500 855 2630
564341 856 2633
564342 857 2634
564349 858 2636
10411 859 2645
564363 860 2645
564384 861 2654
564391 862 2657
564392 863 2659
563057 864 2659
563056 864 2703
571551 864 6596
282983 865 2667
564400 866 2667
571782 866 6718
564403 867 2670
564406 868 2672
564407 869 2675
564756 869 2863
563986 870 2676
230906 871 2676
40211 872 2677
48788 873 2677
564414 874 2679
564417 875 2681
564331 876 2682
41038 877 2683
564422 878 2684
33221 879 2686
564434 880 2691
7969 881 2695
564448 882 2696
2335 883 2702
564466 884 2703
44456 885 2706
200883 886 2713
564485 887 2717
85347 888 2720
562855 889 2720
1834 890 2729
15931 891 2734
564510 892 2740
564417 893 2741
563986 894 2744
395914 895 2755
118728 896 2758
94639 897 2772
564578 898 2773
564579 899 2775
564580 900 2775
569278 900 5452
564585 901 2780
564586 902 2781
564589 903 2782
50499 904 2788
64971 905 2788
295420 906 2794
564613 907 2796
564620 908 2798
564629 909 2801
564630 910 2802
563986 911 2806
564339 912 2806
564641 913 2812
564646 914 2816
61538 915 2817
55871 916 2823
564677 917 2827
246097 918 2829
564681 919 2830
52762 920 2830
557992 921 2831
198826 922 2834
198826 923 2835
49846 924 2837
564897 925 2840
564896 925 2954
411302 926 2841
556805 927 2843
366087 928 2849
564734 929 2854
564735 930 2854
564740 931 2856
564745 932 2859
564750 933 2860
564753 934 2860
564762 935 2866
564779 936 2876
565103 936 3090
564780 937 2878
564785 938 2881
566599 938 3931
568863 938 5249
564804 939 2891
564807 940 2892
118182 941 2898
181715 942 2899
564830 943 2907
564833 944 2908
564838 945 2913
564839 946 2914
564840 947 2914
564841 948 2915
564842 949 2916
564847 950 2919
564852 951 2925
242072 952 2925
564856 953 2929
51975 954 2930
564866 955 2935
564869 956 2938
452850 957 2940
255872 958 2943
56955 959 2944
51975 960 2948
8866 961 2950
384178 962 2951
61538 963 2951
128523 964 2953
564902 965 2957
33906 966 2965
41090 967 2965
564917 968 2973
564924 969 2974
532682 969 3158
564927 970 2976
564928 971 2976
117250 972 2977
564935 973 2979
564934 974 2979
564950 975 2986
37646 976 2987
48385 977 2991
564969 978 2994
565096 978 3079
564970 979 2995
564977 980 2999
564986 981 3004
564991 982 3014
549262 983 3016
553134 984 3018
564999 985 3018
12865 986 3026
355686 987 3026
565023 988 3030
452850 989 3036
52762 990 3050
565056 991 3053
8512 992 3060
565070 993 3063
269985 994 3064
565072 995 3064
565077 996 3068
565078 997 3069
58278 998 3069
565086 999 3071
565093 1000 3075
565102 1000 3202
337039 1001 3081
253769 1002 3081
50569 1002 6797
565102 1003 3086
565115 1004 3095
565116 1005 3095
562197 1006 3097
565124 1007 3098
50267 1008 3098
565128 1009 3102
565129 1010 3105
40769 1011 3112
565141 1012 3117
565142 1013 3119
377828 1014 3121
564327 1015 3122
565163 1016 3132
50984 1017 3136
442925 1018 3141
52400 1019 3142
565180 1020 3142
471557 1021 3150
151273 1022 3156
549262 1023 3157
54859 1024 3157
56725 1025 3167
565333 1025 3249
565219 1026 3173
565220 1027 3174
565225 1028 3177
565220 1029 3179
565227 1030 3182
565230 1031 3182
102624 1032 3184
565236 1033 3188
565239 1034 3189
565248 1035 3196
260216 1036 3201
33081 1036 3475
47928 1036 4225
565258 1037 3202
565263 1038 3203
565758 1038 3510
562739 1038 3614
565266 1039 3205
565267 1040 3207
565268 1041 3207
565281 1042 3216
59861 1043 3224
562499 1044 3226
565296 1045 3227
565305 1046 3234
565312 1047 3236
565313 1048 3236
565331 1048 3249
23604 1049 3238
55741 1050 3238
444592 1051 3242
565325 1052 3244
444569 1053 3246
565267 1054 3251
565342 1055 3252
300039 1056 3254
531979 1057 3259
565351 1058 3259
565356 1059 3264
143811 1060 3265
565360 1061 3270
565361 1062 3270
565370 1063 3274
565375 1064 3275
158421 1065 3276
565395 1066 3291
565396 1067 3294
560280 1068 3305
484876 1069 3306
565415 1070 3307
565418 1071 3309
565433 1072 3315
565440 1073 3322
21356 1074 3324
565450 1075 3325
14330 1076 3326
565452 1077 3327
566001 1077 3645
566126 1077 3713
566249 1077 3767
566452 1077 3860
567434 1077 4374
569462 1077 5543
569571 1077 5601
569941 1077 5800
53221 1078 3331
565457 1079 3333
565465 1080 3333
562286 1081 3338
565473 1082 3341
244613 1083 3348
198198 1084 3348
565500 1085 3357
565513 1086 3361
552887 1087 3366
565529 1088 3373
52669 1089 3374
565535 1090 3375
565538 1091 3376
565547 1091 3381
565549 1092 3382
565563 1093 3388
244613 1094 3388
565568 1095 3391
52762 1096 3392
166834 1097 3393
565577 1098 3397
565578 1099 3398
565579 1100 3398
133676 1101 3399
565583 1102 3402
565584 1103 3403
565587 1104 3405
52762 1105 3408
370686 1106 3415
565602 1107 3417
565613 1108 3423
57198 1109 3428
565351 1110 3431
69743 1111 3432
52762 1112 3435
76626 1113 3438
563921 1114 3438
565648 1115 3441
565649 1116 3443
565652 1117 3446
565665 1118 3449
565674 1119 3455
50560 1120 3463
19189 1121 3464
565695 1122 3464
94128 1123 3466
102038 1124 3469
445082 1125 3469
565713 1126 3474
565724 1127 3478
565659 1128 3478
565728 1129 3481
565733 1130 3488
562286 1131 3497
437930 1132 3497
565752 1133 3504
565757 1134 3509
565770 1135 3517
40529 1136 3518
265660 1137 3532
565799 1138 3533
565804 1139 3537
62351 1140 3537
565810 1141 3538
565819 1142 3543
422948 1143 3553
565833 1144 3553
565834 1145 3554
33950 1146 3557
565844 1147 3558
565871 1148 3566
565874 1149 3567
125618 1150 3568
587932 1151 3571
565888 1152 3573
39563 1152 3613
2625 1152 3613
18399 1152 3659
118290 1152 4536
562292 1153 3579
565893 1154 3584
565913 1155 3588
565914 1156 3590
111224 1157 3596
565930 1158 3600
50569 1158 6873
565931 1159 3602
565932 1160 3604
211529 1161 3609
55642 1162 3612
72723 1163 3612
42024 1164 3615
565959 1165 3615
565844 1166 3615
564422 1167 3615
565966 1168 3618
95501 1169 3619
565970 1170 3619
566285 1170 3783
125714 1170 6128
452298 1171 3622
565976 1172 3625
565452 1172 3663
565985 1173 3637
565986 1174 3637
422948 1175 3638
94524 1176 3640
92806 1176 4140
68476 1177 3640
15303 1178 3642
444955 1179 3648
444955 1180 3648
64701 1181 3660
566044 1182 3667
548347 1183 3670
58594 1184 3672
553623 1185 3673
513094 1186 3681
566079 1187 3683
566084 1188 3689
125093 1189 3697
566104 1190 3700
566107 1191 3705
552629 1192 3707
566111 1193 3707
412201 1194 3709
75434 1195 3712
238576 1196 3713
15086 1197 3716
566137 1198 3718
531619 1199 3718
566140 1200 3722
566143 1201 3723
76626 1202 3724
535545 1203 3732
566161 1204 3733
566160 1205 3733
566164 1206 3733
323915 1207 3735
56079 1208 3735
552702 1209 3736
535545 1210 3736
221141 1211 3738
92806 1212 3738
566175 1213 3738
566182 1214 3741
566189 1215 3744
566198 1216 3745
92806 1217 3746
7042 1218 3748
543095 1219 3748
566230 1220 3759
566233 1221 3762
566238 1222 3764
566263 1223 3770
566266 1224 3774
566269 1225 3776
565587 1226 3780
566285 1227 3781
565970 1227 6155
565986 1228 3784
566295 1229 3786
566302 1230 3789
221846 1231 3798
566330 1232 3803
566334 1233 3804
133676 1234 3804
566341 1235 3809
564840 1235 4271
566342 1236 3812
566345 1237 3816
566352 1238 3818
26898 1239 3820
566384 1240 3829
566387 1241 3832
566390 1242 3833
566391 1243 3834
566412 1244 3842
566972 1244 4130
10411 1245 3845
48315 1246 3856
566451 1247 3859
14247 1248 3864
81978 1249 3868
184412 1250 3870
100476 1251 3873
566480 1252 3875
566485 1253 3875
139423 1254 3881
566503 1255 3883
13701 1256 3885
493052 1257 3885
139423 1258 3890
100476 1259 3891
125620 1260 3893
512178 1261 3899
244707 1262 3900
127644 1263 3902
63360 1264 3906
184412 1265 3907
132193 1265 3956
63833 1266 3907
300157 1267 3911
566566 1268 3912
566579 1269 3919
76521 1270 3921
566583 1271 3921
566584 1272 3922
15058 1273 3929
566594 1274 3929
452621 1275 3932
92806 1276 3934
92806 1277 3942
557166 1278 3946
566629 1279 3948
271899 1280 3948
566637 1281 3950
42732 1282 3950
65548 1283 3951
271926 1284 3953
566651 1285 3955
566678 1285 3968
566654 1286 3956
39841 1287 3958
566668 1288 3962
26898 1289 3965
566680 1290 3968
53974 1291 3973
75964 1292 3975
203229 1293 3979
566714 1294 3982
566715 1295 3982
28529 1296 3985
100228 1297 3989
559741 1298 3992
507005 1299 3995
566764 1300 4007
566767 1301 4010
44777 1302 4019
220801 1303 4021
224455 1303 4944
566798 1304 4022
566799 1305 4029
566800 1306 4029
55714 1307 4034
565038 1308 4035
566817 1309 4037
566826 1310 4039
566831 1311 4040
566834 1312 4042
566837 1313 4044
566842 1314 4045
13260 1315 4046
56737 1316 4053
566856 1317 4053
566870 1318 4057
566873 1319 4059
566880 1320 4066
69482 1321 4067
7042 1322 4076
554500 1323 4082
566902 1324 4086
340995 1324 6202
221349 1325 4087
566904 1326 4087
566933 1327 4103
570620 1327 6146
566938 1328 4104
566870 1329 4115
566946 1330 4116
566947 1331 4117
422236 1332 4118
24513 1333 4120
566962 1334 4126
95978 1335 4126
442054 1336 4134
566999 1337 4140
567030 1338 4153
567031 1339 4153
48417 1340 4159
566873 1341 4161
567052 1342 4165
565770 1343 4166
567062 1344 4171
63194 1345 4174
567075 1346 4175
42982 1346 4241
566870 1347 4175
567078 1348 4175
567081 1349 4177
567090 1350 4188
567097 1351 4190
495874 1352 4192
567101 1353 4192
139601 1354 4210
567125 1355 4211
139608 1356 4212
567131 1357 4213
567138 1358 4217
567147 1359 4222
83817 1360 4223
567153 1361 4226
139423 1362 4230
422948 1363 4233
514072 1364 4241
567179 1365 4242
51968 1366 4249
567199 1367 4251
139423 1368 4261
567223 1369 4266
567236 1370 4270
567245 1371 4272
567803 1371 4590
567268 1372 4286
567279 1373 4295
567282 1374 4296
565511 1375 4297
567308 1376 4307
65334 1377 4309
567334 1378 4316
567335 1379 4316
567340 1380 4319
567343 1381 4319
1756 1382 4325
18146 1383 4333
40769 1384 4334
69752 1385 4335
68160 1386 4335
113885 1386 4824
566873 1387 4336
158766 1388 4340
567381 1389 4344
567384 1390 4348
567397 1391 4355
567400 1392 4356
567411 1393 4361
567436 1394 4376
567437 1395 4376
567440 1396 4377
567441 1397 4380
498200 1398 4381
146836 1399 4389
150030 1399 4505
150058 1399 4509
149839 1399 4509
150051 1399 4510
150102 1399 4510
150043 1399 4510
149849 1399 4511
567460 1400 4393
567473 1401 4398
567488 1402 4404
65548 1403 4416
141478 1404 4419
567519 1405 4421
567526 1406 4426
567529 1407 4429
567530 1408 4430
567531 1409 4431
61597 1410 4431
567533 1411 4431
567534 1412 4432
567537 1413 4433
567538 1414 4433
568013 1414 4734
567541 1415 4435
241337 1416 4437
204911 1417 4443
568904 1417 5271
570509 1417 6065
197365 1418 4445
145093 1419 4446
97939 1420 4454
567372 1421 4466
567594 1422 4472
516472 1423 4476
567599 1424 4476
386045 1425 4478
72712 1426 4480
567613 1427 4484
567614 1428 4485
567619 1429 4485
567615 1430 4500
567669 1431 4512
567669 1432 4512
437340 1433 4513
49407 1434 4529
567725 1435 4537
65481 1436 4539
567731 1437 4543
22732 1438 4545
567743 1439 4549
510240 1440 4551
268897 1441 4556
568118 1441 4807
568163 1441 4834
567752 1442 4557
201577 1443 4562
567780 1444 4574
567789 1445 4580
425076 1446 4585
567809 1447 4595
567812 1448 4597
567819 1449 4601
567826 1450 4604
92795 1451 4604
567840 1452 4619
353463 1453 4622
567843 1454 4622
567857 1455 4628
567868 1456 4635
567877 1457 4640
245124 1458 4642
567883 1459 4645
563057 1460 4647
563056 1460 4911
58243 1461 4659
28903 1462 4662
567916 1463 4666
569411 1463 5515
567925 1464 4667
28903 1465 4677
567941 1466 4679
567946 1467 4681
543588 1468 4685
340995 1468 4788
571248 1468 6459
63194 1469 4685
340995 1469 4792
567812 1470 4690
340995 1470 4797
567956 1471 4691
567965 1472 4696
567980 1473 4711
566873 1474 4715
340995 1474 4801
567992 1475 4722
568003 1476 4727
50267 1477 4728
57485 1478 4735
568022 1479 4738
279552 1480 4742
568034 1481 4751
568037 1482 4753
568038 1483 4756
79107 1484 4763
60058 1485 4763
568047 1486 4764
568048 1487 4764
491140 1488 4776
568058 1489 4776
568061 1490 4778
568062 1491 4779
568069 1492 4781
568078 1493 4786
568091 1494 4792
568092 1495 4792
83187 1496 4793
236449 1497 4794
236449 1498 4794
133001 1499 4795
87072 1500 4797
42982 1500 4813
568112 1501 4803
568047 1502 4803
236762 1503 4804
568115 1504 4806
351500 1505 4806
52902 1506 4807
568112 1507 4819
568147 1508 4824
568154 1509 4829
573549 1510 4832
55392 1511 4834
568174 1512 4836
68476 1513 4838
568182 1514 4839
568191 1515 4841
208311 1516 4847
256136 1517 4851
139423 1518 4853
62894 1519 4860
58243 1520 4862
568059 1521 4864
568258 1522 4878
568269 1523 4886
568288 1524 4903
68340 1525 4911
234409 1526 4911
565970 1526 6166
568112 1527 4914
442925 1528 4916
568311 1529 4918
77324 1530 4924
568325 1531 4924
12294 1532 4925
567719 1533 4926
568342 1534 4931
568349 1535 4933
568112 1536 4937
509953 1537 4939
568368 1538 4942
568369 1539 4943
203097 1540 4944
568379 1541 4946
568380 1542 4948
568381 1543 4950
491710 1544 4952
568389 1545 4953
568394 1546 4954
568403 1547 4957
568406 1548 4958
568413 1549 4960
568418 1550 4962
568425 1551 4968
19785 1552 4969
2577 1552 5433
568429 1553 4969
60058 1554 4976
514156 1555 4976
568458 1556 4982
568463 1557 4984
568470 1558 4988
568473 1559 4989
532127 1560 4991
568481 1561 4992
568272 1562 4993
568482 1563 4993
46016 1564 4993
572812 1564 7190
568487 1565 4995
567440 1566 4997
169672 1567 4998
568496 1568 4999
568507 1569 5003
38129 1570 5004
514156 1571 5006
568524 1572 5020
568531 1573 5027
568537 1574 5028
568536 1575 5028
568542 1576 5030
568555 1577 5038
571503 1577 6574
385410 1578 5041
568571 1579 5046
568582 1580 5057
568583 1581 5060
568586 1582 5061
419920 1583 5066
568594 1584 5067
564201 1585 5076
92669 1585 5885
65706 1585 6355
572079 1585 6848
568602 1586 5080
55435 1587 5087
9085 1588 5092
498294 1589 5097
568630 1590 5103
52729 1591 5107
568636 1592 5108
568637 1593 5110
568638 1594 5111
568163 1595 5112
442925 1596 5113
568641 1597 5115
568642 1598 5116
568649 1599 5117
570073 1599 5862
568650 1600 5118
568653 1601 5118
568543 1602 5125
564314 1603 5127
568668 1604 5129
568641 1605 5129
307200 1606 5131
568675 1607 5131
274742 1608 5148
568711 1609 5157
557166 1610 5165
562739 1611 5166
565263 1611 5174
562937 1611 5208
569012 1611 5323
570062 1611 5856
564627 1611 5942
14897 1611 6327
104991 1611 6364
191648 1612 5174
568733 1613 5178
568740 1614 5184
246760 1615 5186
568748 1616 5187
568757 1617 5191
568248 1618 5194
568636 1619 5194
568776 1620 5198
568779 1621 5198
104168 1622 5203
568785 1623 5204
568785 1624 5205
200241 1625 5205
51679 1626 5207
562105 1627 5209
568798 1628 5210
568799 1629 5212
568583 1630 5216
568809 1631 5218
59747 1632 5224
67216 1633 5225
16786 1634 5225
565263 1635 5244
55828 1635 5269
568925 1635 5279
562739 1635 5319
118290 1635 5878
568858 1636 5245
568524 1637 5245
568860 1638 5246
41146 1638 5343
568875 1639 5262
568876 1640 5263
568879 1641 5263
569597 1641 5614
568890 1642 5265
52400 1643 5271
220468 1644 5275
568935 1645 5282
568942 1646 5285
568949 1647 5293
568958 1648 5299
568961 1649 5303
557896 1650 5307
568979 1651 5311
377282 1652 5315
492255 1653 5322
569014 1654 5324
569031 1655 5331
72693 1656 5338
568524 1657 5343
569047 1658 5344
569071 1659 5351
79905 1660 5353
569075 1661 5354
569076 1662 5354
569081 1663 5356
569092 1664 5361
569100 1665 5363
285431 1666 5364
569311 1667 5376
567755 1667 5471
570071 1667 5861
570182 1667 5904
570189 1667 5905
571604 1667 6718
571834 1667 6743
571836 1667 6743
571846 1667 6747
570231 1667 6941
572313 1667 6955
572501 1667 7037
572620 1667 7091
568532 1667 7102
569129 1668 5377
569156 1669 5387
368179 1670 5388
569164 1671 5390
569169 1672 5392
569174 1673 5395
51801 1673 5455
569869 1673 5762
570012 1673 5828
151706 1673 6277
477292 1673 6737
56600 1674 5395
569180 1675 5399
981 1676 5400
569186 1677 5400
93129 1677 5481
99229 1678 5402
569196 1679 5404
222626 1680 5404
569210 1681 5412
52902 1682 5413
374113 1683 5413
260216 1684 5418
139494 1684 5717
47928 1684 6422
23593 1685 5419
79905 1686 5425
569238 1687 5428
569241 1688 5428
211529 1689 5429
437691 1690 5430
253721 1690 6820
211716 1691 5432
569261 1692 5440
569262 1693 5440
569267 1694 5445
232225 1695 5462
184412 1696 5467
569314 1697 5472
222626 1698 5472
569322 1699 5475
564339 1699 5642
569333 1700 5483
569186 1700 5501
192520 1700 5501
569568 1700 5599
93129 1700 5611
569595 1700 5613
569983 1700 5814
569294 1700 5825
129451 1700 6016
570588 1700 6125
125529 1700 6273
570936 1700 6304
14897 1700 6308
443016 1700 6327
104991 1700 6344
26633 1700 6351
571152 1700 6400
133272 1700 6580
571840 1700 6743
122607 1700 6996
569336 1701 5486
356409 1702 5486
569348 1703 5488
313495 1703 5892
570311 1703 5961
570856 1703 6263
9361 1704 5492
569372 1705 5495
569405 1706 5508
324059 1707 5510
569415 1708 5515
569416 1709 5516
569421 1710 5519
53221 1711 5525
569441 1712 5534
569448 1713 5536
357537 1714 5538
569456 1715 5540
357537 1716 5541
569466 1717 5545
210674 1718 5545
569467 1719 5546
551613 1720 5552
566342 1721 5555
288 1722 5555
569012 1723 5556
564627 1723 5964
569489 1724 5561
569518 1725 5569
138602 1726 5571
569524 1727 5574
569537 1728 5583
124344 1729 5583
569541 1730 5584
18874 1731 5590
569553 1732 5590
569556 1733 5592
569557 1734 5592
308346 1735 5596
569561 1736 5596
59747 1737 5597
569518 1738 5598
100228 1739 5600
553783 1740 5602
569012 1741 5608
565263 1741 5670
564627 1741 5917
569585 1742 5608
569594 1743 5612
266555 1744 5614
266555 1745 5617
152690 1746 5620
569636 1747 5630
570692 1747 6184
569639 1748 5631
385629 1749 5634
569647 1750 5635
569649 1751 5637
569648 1752 5637
569656 1753 5639
569673 1754 5647
84409 1755 5647
71784 1756 5661
569696 1757 5665
165677 1758 5674
82894 1759 5676
82926 1759 5731
569725 1760 5679
569738 1761 5690
392347 1762 5690
569759 1763 5711
569766 1764 5714
569773 1765 5716
499926 1766 5716
569781 1767 5718
569786 1768 5720
569787 1769 5721
18591 1770 5727
115029 1771 5729
569800 1772 5732
131073 1773 5736
569826 1774 5744
569841 1775 5750
569846 1776 5751
569891 1777 5767
494691 1778 5775
569665 1779 5778
569918 1780 5783
56611 1781 5787
569926 1782 5787
569927 1783 5788
555778 1784 5794
569935 1785 5795
569556 1786 5796
55137 1787 5800
148449 1788 5802
565970 1788 6853
569953 1789 5804
569954 1790 5805
412867 1791 5816
569994 1792 5822
570003 1793 5822
570007 1794 5826
570006 1795 5826
570010 1796 5827
570011 1797 5827
570016 1798 5829
570025 1799 5832
570030 1800 5835
570043 1801 5842
570048 1802 5845
570049 1803 5846
25389 1804 5846
570057 1805 5853
569898 1806 5854
138741 1806 5893
570068 1807 5860
568668 1808 5867
159767 1809 5869
570095 1810 5875
570132 1811 5883
570137 1812 5884
570142 1813 5885
570155 1814 5892
570158 1815 5894
570169 1816 5899
566328 1817 5900
67684 1818 5904
79905 1819 5904
570193 1820 5905
570198 1821 5908
557146 1822 5925
2577 1822 6307
11656 1823 5933
61779 1824 5935
61779 1825 5936
570273 1826 5936
564627 1827 5939
570277 1828 5941
570278 1829 5942
570293 1830 5950
570294 1831 5951
570325 1832 5964
133663 1833 5965
570331 1834 5967
51763 1835 5974
72837 1836 5975
570348 1837 5980
183909 1838 5982
79905 1839 5992
570369 1840 5993
570372 1841 5995
570379 1842 6000
486160 1843 6002
570385 1844 6004
570360 1845 6005
145093 1846 6007
570394 1847 6009
293884 1848 6017
570421 1849 6019
88681 1850 6019
570422 1851 6020
59677 1852 6021
570426 1853 6028
570431 1854 6030
570438 1855 6032
570447 1856 6037
570448 1857 6037
570467 1858 6044
153061 1859 6045
570483 1860 6051
88681 1861 6055
196824 1862 6060
570496 1863 6061
411947 1864 6066
103199 1865 6083
570535 1866 6085
570554 1867 6100
293884 1868 6120
570578 1869 6120
77096 1870 6123
546588 1871 6130
570601 1872 6133
570606 1873 6139
570609 1874 6139
531905 1875 6141
570617 1876 6143
570622 1877 6146
59466 1878 6148
570640 1879 6157
511941 1880 6159
308346 1881 6166
570666 1882 6170
48835 1883 6170
570667 1884 6170
570680 1885 6175
570683 1886 6178
164826 1887 6187
296162 1888 6192
474297 1889 6198
570721 1890 6199
77225 1891 6206
570737 1892 6207
570742 1893 6209
570743 1894 6210
570746 1895 6211
570749 1896 6212
570754 1897 6213
570759 1898 6215
570772 1899 6222
14247 1900 6231
14247 1901 6232
570795 1902 6236
570796 1903 6240
570803 1904 6243
27515 1905 6246
14023 1906 6247
570820 1907 6249
570831 1908 6253
570864 1909 6268
570875 1910 6272
570878 1911 6275
380508 1912 6278
10847 1913 6279
14023 1914 6282
570920 1915 6296
570923 1916 6299
570934 1917 6301
570938 1918 6302
570935 1919 6302
570947 1920 6309
94646 1921 6310
570949 1922 6311
18591 1923 6315
15249 1924 6316
28600 1925 6320
570967 1926 6322
93838 1927 6324
571003 1928 6336
142500 1928 6571
571048 1929 6356
571071 1930 6366
108583 1931 6367
8656 1932 6378
227413 1933 6383
571115 1934 6387
571138 1935 6392
342516 1936 6396
571150 1937 6398
41297 1938 6398
571164 1939 6405
571171 1940 6408
277538 1941 6409
556374 1942 6424
571204 1943 6432
571205 1944 6433
571222 1945 6436
571227 1946 6445
571238 1947 6450
571241 1948 6451
571250 1949 6459
571259 1950 6463
571210 1951 6466
571269 1952 6469
571270 1953 6469
158362 1953 6530
53598 1954 6478
571305 1954 6490
571304 1955 6490
571313 1956 6494
571336 1957 6506
390127 1958 6509
571344 1959 6510
571345 1960 6510
571348 1961 6511
571363 1962 6518
571372 1963 6522
571375 1964 6524
571378 1965 6526
571389 1966 6532
571485 1966 6570
571549 1966 6595
15027 1966 6979
166788 1967 6536
570601 1968 6540
571438 1969 6547
571463 1970 6555
571466 1971 6558
571467 1972 6559
92822 1973 6560
571471 1974 6561
148525 1975 6563
450385 1976 6564
44030 1977 6566
369156 1978 6582
16354 1979 6584
571529 1980 6585
571534 1981 6585
571535 1982 6587
66789 1983 6593
417763 1984 6596
62938 1985 6597
571559 1986 6599
6667 1987 6603
6668 1988 6604
571572 1989 6604
571597 1990 6616
373256 1991 6623
48835 1992 6624
571622 1993 6628
571623 1994 6629
571630 1995 6632
571635 1996 6635
572589 1996 7078
571636 1997 6635
571645 1998 6640
571648 1999 6641
564384 2000 6646
571662 2001 6651
571663 2002 6654
514736 2003 6659
554500 2004 6659
571670 2005 6660
104123 2006 6667
571694 2007 6675
571699 2008 6676
296182 2009 6680
211716 2010 6681
571708 2011 6681
571737 2012 6693
571742 2013 6694
571755 2014 6703
93810 2015 6707
571771 2016 6709
571774 2017 6716
571777 2018 6717
48311 2019 6724
4258 2020 6726
191507 2021 6726
571799 2022 6728
571848 2023 6747
571849 2024 6747
571854 2025 6750
387749 2026 6753
11781 2027 6758
95975 2028 6772
571906 2029 6777
571911 2030 6782
570749 2031 6788
571935 2032 6793
455994 2033 6793
451513 2034 6794
571942 2035 6795
501081 2036 6795
571943 2037 6795
571950 2038 6796
76798 2039 6796
571842 2040 6796
571943 2041 6798
571975 2042 6799
571992 2043 6811
565225 2044 6813
249131 2045 6814
572003 2046 6816
57258 2047 6817
572005 2048 6818
572006 2049 6819
571708 2050 6831
572068 2051 6845
572077 2052 6848
572078 2053 6848
572083 2054 6849
572098 2055 6853
571842 2056 6856
570749 2057 6862
572125 2058 6869
572136 2059 6871
54138 2060 6873
572162 2061 6884
572068 2062 6885
96 2063 6889
570426 2064 6890
30441 2065 6894
572197 2066 6899
572206 2067 6903
288404 2068 6907
570737 2069 6912
572241 2070 6916
244613 2071 6917
572251 2072 6923
572252 2073 6925
572253 2074 6926
88040 2075 6929
572450 2075 7017
572261 2076 6930
572264 2077 6930
396498 2078 6936
572282 2079 6938
572291 2080 6943
572068 2081 6946
63194 2082 6949
572304 2083 6950
572315 2084 6957
572318 2085 6959
16026 2086 6962
572336 2087 6967
86514 2088 6972
572350 2089 6974
35690 2090 6975
572362 2091 6979
572336 2092 6980
51489 2093 6986
572381 2094 6988
572388 2095 6989
572391 2096 6990
572400 2097 6996
225673 2098 6997
572414 2099 7000
238006 2100 7003
465829 2101 7006
572423 2102 7007
572426 2103 7008
572437 2104 7010
572442 2105 7012
572447 2106 7014
572068 2107 7018
572467 2108 7025
531717 2109 7025
145093 2110 7026
572476 2111 7027
46028 2112 7028
572500 2113 7036
568091 2114 7038
55188 2115 7040
572513 2116 7043
572514 2117 7047
572515 2118 7047
79852 2119 7048
572523 2120 7054
19292 2121 7054
561670 2122 7059
202154 2123 7060
572549 2124 7062
274577 2125 7064
24264 2126 7065
37710 2127 7069
572613 2128 7089
422051 2129 7097
572643 2130 7098
15963 2131 7100
296799 2132 7104
572670 2133 7106
95975 2134 7108
572680 2135 7110
572689 2136 7115
572732 2137 7135
572820 2137 7193
572741 2138 7140
571663 2139 7144
154560 2140 7158
572770 2141 7160
78476 2142 7169
572790 2143 7175
280311 2144 7189
572830 2145 7197
572832 2146 7198
572831 2147 7198
