1 1 100 497.451
2 2 100 879.082
3 3 100 1259.32
4 4 100 1530.57
5 5 100 1760.02
6 6 100 1972.96
7 7 100 2084.72
8 8 100 2194.39
9 9 100 2294.05
10 10 100 2391.82
11 11 100 2463.78
12 12 100 2532.7
13 13 100 2596.28
14 14 100 2648.07
15 15 100 2695.64
16 16 100 2742.69
17 17 100 2782.71
18 18 100 2807.63
19 19 100 2830.26
20 20 100 2849.32
21 21 100 2868.23
22 22 100 2887.09
23 23 100 2904.77
24 24 100 2921.16
25 25 100 2936.69
26 26 100 2950.78
27 27 100 2964.66
28 28 100 2978.18
29 29 100 2991.23
30 30 100 3004.81
31 31 100 3016.88
32 32 100 3029.21
33 33 100 3041.6
34 34 100 3053.78
35 35 100 3065.82
36 36 100 3077.07
37 37 100 3088.2
38 38 100 3099.13
39 39 100 3109.98
40 40 100 3120.08
41 41 100 3129.72
42 42 100 3138.74
43 43 100 3147.56
44 44 100 3156.29
45 45 100 3164.83
46 46 100 3173.19
47 47 100 3181.46
48 48 100 3189.66
49 49 100 3197.84
50 50 100 3205.78
