1 1 100 118.32
2 2 100 209.801
3 3 100 285.908
4 4 100 305.254
5 5 100 314.143
6 6 100 340.136
7 7 100 572.59
8 8 100 581.867
9 9 100 587.466
10 10 100 589.414
11 11 100 594.702
12 12 100 713.366
13 13 100 764.226
14 14 100 770.008
15 15 100 774.962
16 16 100 788.589
17 17 100 807.63
18 18 100 816.857
19 19 100 823.522
20 20 100 1144.15
21 21 100 1151.19
22 22 100 1153.98
23 23 100 1157.84
24 24 100 1160.51
25 25 100 1164.09
26 26 100 1166.94
27 27 100 1170.88
28 28 100 1180.32
29 29 100 1182.38
30 30 100 1183.62
31 31 100 1186.39
32 32 100 1194.07
33 33 100 1197.05
34 34 100 1200.26
35 35 100 1224.79
36 36 100 1229.73
37 37 100 1233.06
38 38 100 1235.72
39 39 100 1238.28
40 40 100 1243.95
41 41 100 1246.28
42 42 100 1249.5
43 43 100 1252.01
44 44 100 1254.49
45 45 100 1256.49
46 46 100 1259.26
47 47 100 1261.92
48 48 100 1263.33
49 49 100 1265.8
50 50 100 1268.09
