1 1 100 1285.11
2 2 100 2255.55
3 3 100 2364.37
4 4 100 2450.19
5 5 100 2526.35
6 6 100 2593.15
7 7 100 2658.82
8 8 100 2724.03
9 9 100 2773.05
10 10 100 2815.25
11 11 100 2850.7
12 12 100 2886.04
13 13 100 2918.68
14 14 100 2951.13
15 15 100 2981.6
16 16 100 3009.68
17 17 100 3037.11
18 18 100 3068.09
19 19 100 3093.92
20 20 100 3118.86
21 21 100 3137.34
22 22 100 3152.87
23 23 100 3166.81
24 24 100 3180.52
25 25 100 3192.87
26 26 100 3204.54
27 27 100 3214.92
28 28 100 3225.23
29 29 100 3235.44
30 30 100 3245.57
31 31 100 3256.37
32 32 100 3266.02
33 33 100 3275.3
34 34 100 3283.67
35 35 100 3291.84
36 36 100 3300.01
37 37 100 3307.09
38 38 100 3313.91
39 39 100 3320.71
40 40 100 3327.22
41 41 100 3333.42
42 42 100 3339.38
43 43 100 3344.98
44 44 100 3350.48
45 45 100 3355.72
46 46 100 3360.95
47 47 100 3366.18
48 48 100 3371.25
49 49 100 3376.12
50 50 100 3380.89
