1 1 100 56.2544
2 2 100 90.3947
3 3 100 245.075
4 4 100 287.174
5 5 100 310.119
6 6 100 334.48
7 7 100 375.959
8 8 100 9372.15
9 9 100 9961.92
10 10 100 10749.4
11 11 100 10759.2
12 12 100 10769.4
13 13 100 10776.8
14 14 100 10786.2
15 15 100 11221.1
16 16 100 12824.9
17 17 100 12827.7
18 18 100 12860.7
19 19 100 12869
20 20 100 12876.5
21 21 100 12913.6
22 22 100 12917.1
23 23 100 12921.1
24 24 100 12925
25 25 100 12990.8
26 26 100 12994
27 27 100 13009.2
28 28 100 13012.4
29 29 100 13015.6
30 30 100 13021.5
31 31 100 13026
32 32 100 13028.4
33 33 100 13030.6
34 34 100 13032.8
35 35 100 13035.1
36 36 100 13037.8
37 37 100 13046.1
38 38 100 13047.8
39 39 100 13052.8
40 40 100 13054.9
41 41 100 13056.1
42 42 100 13058.7
43 43 100 13061.5
44 44 100 13063.6
45 45 100 13065.8
46 46 100 13067.6
47 47 100 13070
48 48 100 13072.2
49 49 100 13074
50 50 100 13076.2
