1 1 100 1.06131
2 2 100 2.42919
3 3 100 3.79707
4 4 100 4.88904
5 5 100 5.98101
6 6 100 7.07298
7 7 100 8.44086
8 8 100 9.80874
9 9 100 11.1766
10 10 100 12.1795
11 11 100 13.1795
12 12 100 18.0821
13 13 100 19.0821
14 14 100 20.266
15 15 100 21.2739
16 16 100 25.3089
17 17 100 26.6768
18 18 100 27.7381
19 19 100 28.7381
20 20 100 30.106
21 21 100 31.198
22 22 100 32.198
23 23 100 37.9804
24 24 100 38.9804
25 25 100 40.0119
26 26 100 41.3921
27 27 100 42.76
28 28 100 43.8004
29 29 100 45.5362
30 30 100 46.9041
31 31 100 47.9041
32 32 100 48.996
33 33 100 51.0997
34 34 100 52.0997
35 35 100 53.5902
36 36 100 54.6821
37 37 100 56.7858
38 38 100 57.7858
39 39 100 58.7937
40 40 100 59.9776
41 41 100 61.0218
42 42 100 62.3897
43 43 100 63.7575
44 44 100 65.1334
45 45 100 67.8535
46 46 100 68.8535
47 47 100 71.2989
48 48 100 72.3017
49 49 100 73.3827
50 50 100 74.4747
