1 1 100 10.6568
2 2 100 19.3823
3 3 100 27.0611
4 4 100 33.2308
5 5 100 39.1618
6 6 100 44.3004
7 7 100 48.2434
8 8 100 51.9105
9 9 100 55.1737
10 10 100 58.3809
11 11 100 61.4043
12 12 100 64.3356
13 13 100 67.175
14 14 100 70.0144
15 15 100 72.7161
16 16 100 75.1877
17 17 100 77.6592
18 18 100 80.1307
19 19 100 82.6023
20 20 100 84.7059
21 21 100 86.8096
22 22 100 88.9132
23 23 100 91.0169
24 24 100 93.1205
25 25 100 95.2242
26 26 100 97.2721
27 27 100 99.1918
28 28 100 101.02
29 29 100 102.755
30 30 100 104.491
31 31 100 106.227
32 32 100 107.963
33 33 100 109.698
34 34 100 111.434
35 35 100 113.17
36 36 100 114.906
37 37 100 116.641
38 38 100 118.377
39 39 100 120.113
40 40 100 121.849
41 41 100 123.584
42 42 100 125.32
43 43 100 127.056
44 44 100 128.792
45 45 100 130.528
46 46 100 132.263
47 47 100 133.999
48 48 100 135.704
49 49 100 137.317
50 50 100 138.808
