1 1 100 2.28758
2 2 100 3.28758
3 3 100 5.3299
4 4 100 6.69778
5 5 100 7.69778
6 6 100 8.69778
7 7 100 10.0657
8 8 100 12.6292
9 9 100 13.6696
10 10 100 15.0375
11 11 100 17.8409
12 12 100 18.9329
13 13 100 20.3007
14 14 100 22.8341
15 15 100 23.8341
16 16 100 25.202
17 17 100 26.9378
18 18 100 28.3057
19 19 100 29.3976
20 20 100 30.7655
21 21 100 32.1334
22 22 100 33.6852
23 23 100 34.814
24 24 100 35.814
25 25 100 37.9176
26 26 100 38.9338
27 27 100 40.3016
28 28 100 41.3016
29 29 100 46.4633
30 30 100 47.6472
31 31 100 48.751
32 32 100 49.9499
33 33 100 51.4666
34 34 100 52.4715
35 35 100 53.4863
36 36 100 61.8792
37 37 100 63.2471
38 38 100 65.7186
39 39 100 66.7186
40 40 100 68.0865
41 41 100 69.1907
42 42 100 70.5585
43 43 100 71.9264
44 44 100 75.1337
45 45 100 76.5016
46 46 100 77.8695
47 47 100 78.8695
48 48 100 79.9921
49 49 100 80.9921
50 50 100 82.7279
