1 1 100 2.04233
2 2 100 3.06276
3 3 100 4.0832
4 4 100 5.1092
5 5 100 6.67443
6 6 100 8.65544
7 7 100 9.67587
8 8 100 10.6989
9 9 100 11.7562
10 10 100 13.4323
11 11 100 84.4606
12 12 100 85.4718
13 13 100 86.8397
14 14 100 88.2076
15 15 100 89.5755
16 16 100 90.6159
17 17 100 91.9838
18 18 100 93.3517
19 19 100 94.7196
20 20 100 95.8116
21 21 100 97.1795
22 22 100 98.5473
23 23 100 99.9382
24 24 100 124.332
25 25 100 137.288
26 26 100 138.656
27 27 100 139.839
28 28 100 141.207
29 29 100 142.575
30 30 100 143.62
31 31 100 144.631
32 32 100 145.999
33 33 100 147.367
34 34 100 148.378
35 35 100 178.961
36 36 100 180.145
37 37 100 182.065
38 38 100 183.433
39 39 100 184.8
40 40 100 185.913
41 41 100 187.465
42 42 100 189.2
43 43 100 190.568
44 44 100 191.936
45 45 100 208.387
46 46 100 211.594
47 47 100 212.962
48 48 100 214.33
49 49 100 215.341
50 50 100 217.073
