1 1 100 11.1847
2 2 100 12.8763
3 3 100 26.5378
4 4 100 42.0261
5 5 100 45.2005
6 6 100 46.203
7 7 100 235.587
8 8 100 284.241
9 9 100 286.76
10 10 100 326.124
11 11 100 346.726
12 12 100 369.618
13 13 100 378.989
14 14 100 381.839
15 15 100 392.229
16 16 100 394.527
17 17 100 410.397
18 18 100 431.294
19 19 100 438.845
20 20 100 443.476
21 21 100 444.48
22 22 100 829.04
23 23 100 830.727
24 24 100 836.667
25 25 100 840.464
26 26 100 870.766
27 27 100 873.238
28 28 100 877.702
29 29 100 883.208
30 30 100 886.331
31 31 100 890.079
32 32 100 922.539
33 33 100 926.39
34 34 100 927.758
35 35 100 929.862
36 36 100 931.794
37 37 100 933.378
38 38 100 938.315
39 39 100 941.771
40 40 100 944.978
41 41 100 947.38
42 42 100 1471.59
43 43 100 1474.34
44 44 100 1476.74
45 45 100 1792.86
46 46 100 1795
47 47 100 1798.73
48 48 100 1799.73
49 49 100 1801.77
50 50 100 1804.09
