1 1 100 1
2 2 100 2.49051
3 3 100 3.49455
4 4 100 4.49455
5 5 100 5.67849
6 6 100 316.446
7 7 100 317.63
8 8 100 318.998
9 9 100 319.998
10 10 100 320.998
11 11 100 322.182
12 12 100 323.263
13 13 100 324.267
14 14 100 325.298
15 15 100 326.85
16 16 100 327.85
17 17 100 329.217
18 18 100 331.137
19 19 100 332.321
20 20 100 365.642
21 21 100 367.01
22 22 100 368.378
23 23 100 369.437
24 24 100 370.621
25 25 100 371.625
26 26 100 372.645
27 27 100 373.645
28 28 100 378.186
29 29 100 386.85
30 30 100 387.931
31 31 100 389.299
32 32 100 390.667
33 33 100 391.682
34 34 100 392.682
35 35 100 394.05
36 36 100 395.142
37 37 100 397.617
38 38 100 398.985
39 39 100 400.169
40 40 100 401.228
41 41 100 402.349
42 42 100 403.809
43 43 100 405.177
44 44 100 406.787
45 45 100 407.828
46 46 100 408.828
47 47 100 410.195
48 48 100 411.379
49 49 100 413.115
50 50 100 414.483
