1 1 100 430.111
2 2 100 461.249
3 3 100 502.07
4 4 100 516.688
5 5 100 529.029
6 6 100 539.002
7 7 100 548.616
8 8 100 558.536
9 9 100 568.089
10 10 100 575.677
11 11 100 581.822
12 12 100 587.972
13 13 100 593.325
14 14 100 596.789
15 15 100 599.886
16 16 100 603.501
17 17 100 606.248
18 18 100 608.801
19 19 100 614.583
20 20 100 620.794
21 21 100 623.357
22 22 100 625.553
23 23 100 627.84
24 24 100 630.404
25 25 100 633.074
26 26 100 635.361
27 27 100 712.419
28 28 100 714.522
29 29 100 716.197
30 30 100 718.3
31 31 100 733.045
32 32 100 735.333
33 33 100 737.188
34 34 100 738.832
35 35 100 740.611
36 36 100 742.111
37 37 100 743.52
38 38 100 745.256
39 39 100 746.256
40 40 100 747.992
41 41 100 749.421
42 42 100 751.156
43 43 100 752.892
44 44 100 754.628
45 45 100 756.363
46 46 100 758.099
47 47 100 759.835
48 48 100 761.386
49 49 100 763.122
50 50 100 764.858
