1 1 100 482.778
2 2 100 681.235
3 3 100 812.55
4 4 100 864.205
5 5 100 929.668
6 6 100 992.406
7 7 100 1026.35
8 8 100 1050.63
9 9 100 1095.27
10 10 100 1112.8
11 11 100 1282.27
12 12 100 1313.13
13 13 100 8369.08
14 14 100 8380.05
15 15 100 8453.07
16 16 100 9062.07
17 17 100 9078.98
18 18 100 9102.73
19 19 100 9547.27
20 20 100 9559.32
21 21 100 9568.46
22 22 100 9575.87
23 23 100 9607.28
24 24 100 9614.97
25 25 100 9625.75
26 26 100 9634.3
27 27 100 9641.99
28 28 100 9650.05
29 29 100 9657.32
30 30 100 9686.49
31 31 100 9690.38
32 32 100 9695.83
33 33 100 9702.72
34 34 100 10104.8
35 35 100 10111.6
36 36 100 10117.4
37 37 100 10123.1
38 38 100 10128.1
39 39 100 10132.5
40 40 100 10135.5
41 41 100 10137.6
42 42 100 10202.1
43 43 100 10206.3
44 44 100 10211
45 45 100 10218.6
46 46 100 10231.4
47 47 100 10296.2
48 48 100 10300.5
49 49 100 10367.8
50 50 100 10371.2
