1 1 100 462.781
2 2 100 463.781
3 3 100 558.728
4 4 100 639.767
5 5 100 695.825
6 6 100 971.844
7 7 100 1012.58
8 8 100 1032.75
9 9 100 1422.71
10 10 100 1431.84
11 11 100 1452.74
12 12 100 1513.75
13 13 100 1693.57
14 14 100 1705.57
15 15 100 2143.61
16 16 100 2158.35
17 17 100 2174.77
18 18 100 2183.05
19 19 100 2430.23
20 20 100 2581.16
21 21 100 2745.67
22 22 100 2748.44
23 23 100 2852.9
24 24 100 3406.32
25 25 100 3466.21
26 26 100 3470.36
27 27 100 3472.02
28 28 100 3532.84
29 29 100 3548.08
30 30 100 3579.68
31 31 100 3628.04
32 32 100 3673.18
33 33 100 3712.68
34 34 100 3714.99
35 35 100 3734.81
36 36 100 3743.58
37 37 100 3763.74
38 38 100 3764.74
39 39 100 3766.82
40 40 100 3782.24
41 41 100 3799.24
42 42 100 3803.25
43 43 100 3856.48
44 44 100 3859.25
45 45 100 3873.54
46 46 100 3889.12
47 47 100 3897.77
48 48 100 3909.2
49 49 100 3919.54
50 50 100 3930.56
