4 5 0 1 1 0 152 0 1 0
4 192 0 1 1 0 32 0 1 0
4 227 0 1 1 0 24 0 1 0
4 439 0 1 1 0 84 0 1 0
4 462 0 1 1 0 23 0 1 0
4 845 0 1 1 0 46 0 1 0
4 1184 0 1 1 0 24 0 1 0
4 1187 0 1 1 0 29 0 1 0
4 2277 0 1 1 0 54 0 1 0
4 2386 0 1 1 0 33 0 1 0
4 2825 0 1 1 0 34 0 1 0
4 9573 0 1 1 0 68 0 1 0
4 11856 0 1 1 0 38 0 1 0
4 13594 0 1 1 0 246 0 1 0
4 13619 0 1 1 0 234 0 1 0
4 13630 0 1 1 0 221 0 1 0
10 11 0 1 1 0 2443 0 1 0
11 21 1 0 1 2445 0 1 0 0
11 33 1 0 1 2512 0 1 0 0
11 112 1 0 1 2524 0 1 0 0
11 212 1 0 1 7211 0 1 0 0
11 272 1 0 1 2557 0 1 0 0
11 369 1 0 1 2572 0 1 0 0
11 391 1 0 1 2575 0 1 0 0
11 415 1 0 1 2580 0 1 0 0
11 466 1 0 1 2589 0 1 0 0
11 475 1 0 1 2591 0 1 0 0
11 642 1 0 1 2626 0 1 0 0
11 839 1 0 1 2663 0 1 0 0
11 893 1 0 1 2675 0 1 0 0
11 969 1 0 1 2691 0 1 0 0
11 983 1 0 1 2695 0 1 0 0
11 1185 1 0 1 2741 0 1 0 0
11 1228 1 0 1 2748 0 1 0 0
11 1358 1 0 1 2766 0 1 0 0
11 1463 1 0 1 2784 0 1 0 0
11 1512 1 0 1 2790 0 1 0 0
11 1904 1 0 1 2954 0 1 0 0
11 2004 1 0 1 2878 0 1 0 0
11 2021 1 0 1 2923 0 1 0 0
11 2234 1 0 1 2957 0 1 0 0
11 2471 1 0 1 2993 0 1 0 0
11 2840 1 0 1 3059 0 1 0 0
11 2917 1 0 1 3073 0 1 0 0
11 2968 1 0 1 3080 0 1 0 0
11 3077 1 0 1 3108 0 1 0 0
11 3222 1 0 1 3222 0 1 0 0
11 3227 1 0 1 3222 0 1 0 0
11 3503 1 0 1 3271 0 1 0 0
11 3534 1 0 1 3280 0 1 0 0
11 3567 1 0 1 3286 0 1 0 0
11 3609 1 0 1 3292 0 1 0 0
11 3642 1 0 1 3298 0 1 0 0
11 4021 1 0 1 3438 0 1 0 0
11 4065 1 0 1 3449 0 1 0 0
11 4094 1 0 1 3455 0 1 0 0
11 4162 1 0 1 3468 0 1 0 0
11 4185 1 0 1 3537 0 1 0 0
11 4194 1 0 1 3540 0 1 0 0
11 4203 1 0 1 3542 0 1 0 0
11 4205 1 0 1 3542 0 1 0 0
11 4395 1 0 1 3585 0 1 0 0
11 4444 1 0 1 3593 0 1 0 0
11 4721 1 0 1 6898 0 1 0 0
11 4792 1 0 1 3683 0 1 0 0
11 4995 1 0 1 3781 0 1 0 0
11 5039 1 0 1 3852 0 1 0 0
11 5144 1 0 1 3808 0 1 0 0
11 5170 1 0 1 3815 0 1 0 0
11 5316 1 0 1 3839 0 1 0 0
11 5425 1 0 1 3862 0 1 0 0
11 5613 1 0 1 3938 0 1 0 0
11 5661 1 0 1 3946 0 1 0 0
11 5685 1 0 1 3951 0 1 0 0
11 5815 1 0 1 4023 0 1 0 0
11 5879 1 0 1 4034 0 1 0 0
11 6021 1 0 1 4182 0 1 0 0
11 6165 1 0 1 4128 0 1 0 0
11 6212 1 0 1 4106 0 1 0 0
11 6231 1 0 1 4110 0 1 0 0
11 6306 1 0 1 4121 0 1 0 0
11 6308 1 0 1 4121 0 1 0 0
11 6366 1 0 1 4181 0 1 0 0
11 6455 1 0 1 4198 0 1 0 0
11 6574 1 0 1 4228 0 1 0 0
11 6611 2 0 2 10985 0 2 0 0
11 6848 1 0 1 4730 0 1 0 0
11 6900 1 0 1 4360 0 1 0 0
11 6924 1 0 1 4367 0 1 0 0
11 6964 1 0 1 4377 0 1 0 0
11 7040 1 0 1 4396 0 1 0 0
11 7125 1 0 1 5019 0 1 0 0
11 7154 1 0 1 5449 0 1 0 0
11 7429 1 0 1 4593 0 1 0 0
11 7553 1 0 1 4511 0 1 0 0
11 7619 2 0 2 10423 0 2 0 0
11 7643 1 0 1 5039 0 1 0 0
11 7689 1 0 1 4534 0 1 0 0
11 7770 1 0 1 4554 0 1 0 0
11 7824 1 0 1 4566 0 1 0 0
11 7910 1 0 1 4584 0 1 0 0
11 8107 1 0 1 4696 0 1 0 0
11 8171 1 0 1 4637 0 1 0 0
11 8248 1 0 1 4758 0 1 0 0
11 8485 1 0 1 4703 0 1 0 0
11 8719 1 0 1 4751 0 1 0 0
11 8758 1 0 1 4758 0 1 0 0
11 8811 1 0 1 4764 0 1 0 0
11 8862 1 0 1 4773 0 1 0 0
11 8864 1 0 1 4773 0 1 0 0
11 8932 1 0 1 4784 0 1 0 0
11 9487 1 0 1 4946 0 1 0 0
11 9536 1 0 1 4955 0 1 0 0
11 9623 1 0 1 5265 0 1 0 0
11 9789 1 0 1 5193 0 1 0 0
11 9811 1 0 1 5000 0 1 0 0
11 9813 1 0 1 5000 0 1 0 0
11 9822 1 0 1 5001 0 1 0 0
11 9829 1 0 1 5002 0 1 0 0
11 9891 1 0 1 5014 0 1 0 0
11 9893 1 0 1 5014 0 1 0 0
11 9901 1 0 1 5016 0 1 0 0
11 9911 1 0 1 5016 0 1 0 0
11 9955 1 0 1 5024 0 1 0 0
11 9985 1 0 1 5030 0 1 0 0
11 10013 1 0 1 5038 0 1 0 0
11 10031 1 0 1 5041 0 1 0 0
11 10137 1 0 1 5058 0 1 0 0
11 10141 1 0 1 5059 0 1 0 0
11 10180 1 0 1 5068 0 1 0 0
11 10246 1 0 1 5076 0 1 0 0
11 10254 1 0 1 5077 0 1 0 0
11 10256 2 0 2 10470 0 2 0 0
11 10270 1 0 1 5079 0 1 0 0
11 10313 1 0 1 5085 0 1 0 0
11 10323 1 0 1 5088 0 1 0 0
11 10477 1 0 1 5118 0 1 0 0
11 10502 1 0 1 4730 0 1 0 0
11 10568 1 0 1 5136 0 1 0 0
11 10578 1 0 1 5139 0 1 0 0
11 10604 1 0 1 5146 0 1 0 0
11 10630 1 0 1 5150 0 1 0 0
11 10719 1 0 1 5161 0 1 0 0
11 10766 1 0 1 5171 0 1 0 0
11 10797 1 0 1 5178 0 1 0 0
11 10840 1 0 1 5189 0 1 0 0
11 10901 1 0 1 5204 0 1 0 0
11 10912 1 0 1 5209 0 1 0 0
11 10991 1 0 1 5224 0 1 0 0
11 11074 1 0 1 5241 0 1 0 0
11 11077 1 0 1 5241 0 1 0 0
11 11159 1 0 1 5259 0 1 0 0
11 11215 1 0 1 5273 0 1 0 0
11 11272 1 0 1 5287 0 1 0 0
11 11280 1 0 1 5290 0 1 0 0
11 11413 1 0 1 5315 0 1 0 0
11 11612 1 0 1 5549 0 1 0 0
11 11743 1 0 1 5393 0 1 0 0
11 11835 1 0 1 5412 0 1 0 0
11 11844 1 0 1 5413 0 1 0 0
11 11909 1 0 1 5465 0 1 0 0
11 11921 1 0 1 5433 0 1 0 0
11 12030 1 0 1 5458 0 1 0 0
11 12084 1 0 1 5470 0 1 0 0
11 12144 1 0 1 5482 0 1 0 0
11 12159 1 0 1 5561 0 1 0 0
11 12169 1 0 1 5486 0 1 0 0
11 12191 1 0 1 5492 0 1 0 0
11 12270 1 0 1 5512 0 1 0 0
11 12290 1 0 1 5515 0 1 0 0
11 12465 1 0 1 5564 0 1 0 0
11 12467 1 0 1 5571 0 1 0 0
11 12534 1 0 1 6703 0 1 0 0
11 12552 1 0 1 5581 0 1 0 0
11 12633 1 0 1 5604 0 1 0 0
11 12853 2 0 2 10915 0 2 0 0
11 12913 1 0 1 5665 0 1 0 0
11 13038 1 0 1 5692 0 1 0 0
11 13045 1 0 1 5692 0 1 0 0
11 13096 1 0 1 5705 0 1 0 0
11 13149 1 0 1 5715 0 1 0 0
11 13234 1 0 1 5731 0 1 0 0
11 13526 1 0 1 5801 0 1 0 0
11 13571 1 0 1 5811 0 1 0 0
11 13601 1 0 1 5817 0 1 0 0
11 13747 1 0 1 5851 0 1 0 0
11 13827 1 0 1 5912 0 1 0 0
11 14009 1 0 1 5942 0 1 0 0
11 14512 1 0 1 6109 0 1 0 0
11 14533 1 0 1 6112 0 1 0 0
11 14540 1 0 1 6114 0 1 0 0
11 14554 1 0 1 6118 0 1 0 0
11 14570 1 0 1 6120 0 1 0 0
11 14663 1 0 1 6134 0 1 0 0
11 14784 1 0 1 6156 0 1 0 0
11 14793 1 0 1 6158 0 1 0 0
11 14820 1 0 1 6163 0 1 0 0
11 15111 1 0 1 6220 0 1 0 0
11 15373 1 0 1 6280 0 1 0 0
11 15452 1 0 1 6300 0 1 0 0
11 15603 1 0 1 6332 0 1 0 0
11 15680 1 0 1 6348 0 1 0 0
11 15713 1 0 1 6355 0 1 0 0
11 15843 1 0 1 6385 0 1 0 0
11 15960 1 0 1 6446 0 1 0 0
11 15973 1 0 1 6447 0 1 0 0
11 15975 1 0 1 6447 0 1 0 0
11 16041 1 0 1 6463 0 1 0 0
11 16148 1 0 1 6486 0 1 0 0
11 16192 1 0 1 6495 0 1 0 0
11 16194 1 0 1 6496 0 1 0 0
11 16257 1 0 1 6510 0 1 0 0
11 16451 1 0 1 6553 0 1 0 0
11 16528 1 0 1 6575 0 1 0 0
11 16551 1 0 1 6583 0 1 0 0
11 17000 1 0 1 6704 0 1 0 0
11 17103 1 0 1 6693 0 1 0 0
11 17183 1 0 1 6710 0 1 0 0
11 17281 1 0 1 6730 0 1 0 0
11 17499 1 0 1 6777 0 1 0 0
11 17761 1 0 1 6892 0 1 0 0
11 17815 1 0 1 6906 0 1 0 0
11 17823 1 0 1 7158 0 1 0 0
11 17843 1 0 1 6913 0 1 0 0
11 18075 1 0 1 6959 0 1 0 0
11 18207 1 0 1 6989 0 1 0 0
11 18299 1 0 1 7008 0 1 0 0
11 18329 1 0 1 7015 0 1 0 0
11 18525 1 0 1 7054 0 1 0 0
11 18544 1 0 1 7062 0 1 0 0
11 18586 1 0 1 7068 0 1 0 0
11 18622 1 0 1 7076 0 1 0 0
11 18626 1 0 1 7076 0 1 0 0
11 18945 1 0 1 7143 0 1 0 0
11 18951 1 0 1 7181 0 1 0 0
11 19140 1 0 1 7178 0 1 0 0
11 19300 1 0 1 7209 0 1 0 0
11 19427 1 0 1 7234 0 1 0 0
11 19920 1 0 1 7359 0 1 0 0
11 19987 1 0 1 7372 0 1 0 0
11 20107 1 0 1 7397 0 1 0 0
11 20136 1 0 1 7414 0 1 0 0
11 20162 1 0 1 7407 0 1 0 0
11 20164 1 0 1 7408 0 1 0 0
11 20290 1 0 1 7434 0 1 0 0
11 20338 1 0 1 7477 0 1 0 0
11 20523 1 0 1 7483 0 1 0 0
11 20652 1 0 1 7507 0 1 0 0
11 20860 1 0 1 7552 0 1 0 0
13 14 0 1 1 0 202 0 1 0
14 105 1 0 1 281 0 1 0 0
14 140 1 0 1 286 0 1 0 0
14 173 1 0 1 295 0 1 0 0
14 325 1 0 1 322 0 1 0 0
14 470 1 0 1 348 0 1 0 0
14 589 1 0 1 377 0 1 0 0
14 650 1 0 1 385 0 1 0 0
14 705 1 0 1 396 0 1 0 0
14 727 1 0 1 398 0 1 0 0
14 807 1 0 1 413 0 1 0 0
14 843 1 0 1 421 0 1 0 0
14 876 1 0 1 430 0 1 0 0
14 925 1 0 1 438 0 1 0 0
14 1026 1 0 1 464 0 1 0 0
14 1065 1 0 1 474 0 1 0 0
14 1109 1 0 1 481 0 1 0 0
14 1148 1 0 1 471 0 1 0 0
14 1175 1 0 1 497 0 1 0 0
14 1322 1 0 1 519 0 1 0 0
14 1450 1 0 1 540 0 1 0 0
14 1470 1 0 1 543 0 1 0 0
14 1521 1 0 1 550 0 1 0 0
14 1600 1 0 1 566 0 1 0 0
14 1832 1 0 1 599 0 1 0 0
14 1864 1 0 1 608 0 1 0 0
14 1960 1 0 1 627 0 1 0 0
14 2076 1 0 1 690 0 1 0 0
14 2125 1 0 1 700 0 1 0 0
14 2416 1 0 1 742 0 1 0 0
14 2586 1 0 1 768 0 1 0 0
14 2834 1 0 1 817 0 1 0 0
14 2888 1 0 1 826 0 1 0 0
14 3446 1 0 1 1020 0 1 0 0
14 3913 1 0 1 1173 0 1 0 0
14 4081 1 0 1 911 0 1 0 0
14 4092 1 0 1 1213 0 1 0 0
14 4405 1 0 1 1344 0 1 0 0
14 4555 1 0 1 1379 0 1 0 0
14 4648 1 0 1 1402 0 1 0 0
14 4724 1 0 1 1424 0 1 0 0
14 4878 1 0 1 1514 0 1 0 0
14 5423 1 0 1 1619 0 1 0 0
14 5541 1 0 1 1641 0 1 0 0
14 5719 1 0 1 1718 0 1 0 0
14 5971 1 0 1 1811 0 1 0 0
14 6648 1 0 1 2062 0 1 0 0
14 6693 1 0 1 2071 0 1 0 0
14 6868 1 0 1 2111 0 1 0 0
14 6884 1 0 1 2114 0 1 0 0
14 7112 1 0 1 2164 0 1 0 0
14 7174 1 0 1 2177 0 1 0 0
14 7498 1 0 1 2260 0 1 0 0
14 7519 1 0 1 2262 0 1 0 0
14 7521 1 0 1 2262 0 1 0 0
14 7529 1 0 1 2264 0 1 0 0
14 8042 1 0 1 2371 0 1 0 0
14 8118 1 0 1 2386 0 1 0 0
14 8813 1 0 1 2523 0 1 0 0
14 8964 1 0 1 2552 0 1 0 0
14 9265 1 0 1 2659 0 1 0 0
14 9621 1 0 1 2725 0 1 0 0
14 10108 1 0 1 2810 0 1 0 0
14 10379 1 0 1 2858 0 1 0 0
14 10439 1 0 1 2871 0 1 0 0
14 10632 1 0 1 2908 0 1 0 0
14 10893 1 0 1 2961 0 1 0 0
14 11120 1 0 1 3012 0 1 0 0
14 11338 1 0 1 3060 0 1 0 0
14 11375 1 0 1 3069 0 1 0 0
14 11510 1 0 1 3101 0 1 0 0
14 11628 1 0 1 3125 0 1 0 0
14 12006 1 0 1 3209 0 1 0 0
14 12600 1 0 1 3353 0 1 0 0
14 12830 1 0 1 3403 0 1 0 0
14 12900 1 0 1 3420 0 1 0 0
14 13020 1 0 1 3447 0 1 0 0
14 13265 1 0 1 3497 0 1 0 0
14 13660 1 0 1 3590 0 1 0 0
14 13905 1 0 1 3685 0 1 0 0
14 13966 1 0 1 3694 0 1 0 0
14 14294 1 0 1 3821 0 1 0 0
14 14378 1 0 1 3840 0 1 0 0
14 14913 1 0 1 3936 0 1 0 0
14 15855 1 0 1 4187 0 1 0 0
14 15955 1 0 1 4204 0 1 0 0
14 16460 1 0 1 4313 0 1 0 0
14 16498 1 0 1 4320 0 1 0 0
14 16938 1 0 1 4416 0 1 0 0
14 17246 1 0 1 4558 0 1 0 0
14 18312 1 0 1 4770 0 1 0 0
14 18914 1 0 1 4894 0 1 0 0
14 19148 1 0 1 4937 0 1 0 0
14 19335 1 0 1 4973 0 1 0 0
14 19857 1 0 1 5104 0 1 0 0
14 20285 1 0 1 5192 0 1 0 0
14 20838 1 0 1 5306 0 1 0 0
14 20848 1 0 1 5309 0 1 0 0
19 723 1 0 1 25 0 1 0 0
19 1549 1 0 1 10 0 1 0 0
19 1564 1 0 1 13 0 1 0 0
19 1578 1 0 1 16 0 1 0 0
19 1594 1 0 1 18 0 1 0 0
19 1602 1 0 1 20 0 1 0 0
19 1604 1 0 1 20 0 1 0 0
19 1611 1 0 1 21 0 1 0 0
19 1626 1 0 1 24 0 1 0 0
19 1659 1 0 1 28 0 1 0 0
19 1673 1 0 1 30 0 1 0 0
19 1752 1 0 1 40 0 1 0 0
19 1754 1 0 1 41 0 1 0 0
19 1776 1 0 1 6014 0 1 0 0
19 1840 1 0 1 56 0 1 0 0
19 1856 1 0 1 59 0 1 0 0
19 1933 1 0 1 76 0 1 0 0
19 1991 1 0 1 87 0 1 0 0
19 2097 1 0 1 149 0 1 0 0
19 2401 1 0 1 194 0 1 0 0
19 2622 1 0 1 228 0 1 0 0
19 2802 1 0 1 261 0 1 0 0
19 2823 1 0 1 6238 0 1 0 0
19 3083 1 0 1 322 0 1 0 0
19 3115 1 0 1 370 0 1 0 0
19 3303 1 0 1 450 0 1 0 0
19 3313 1 0 1 451 0 1 0 0
19 3589 1 0 1 6472 0 1 0 0
19 3762 1 0 1 6611 0 1 0 0
19 4907 1 0 1 1911 0 1 0 0
19 5039 1 0 1 1002 0 1 0 0
19 5146 1 0 1 1021 0 1 0 0
19 5188 1 0 1 1031 0 1 0 0
19 5290 1 0 1 1046 0 1 0 0
19 5721 1 0 1 7143 0 1 0 0
19 6477 1 0 1 1417 0 1 0 0
19 6970 1 0 1 7713 0 1 0 0
19 7255 1 0 1 1686 0 1 0 0
19 7889 1 0 1 1791 0 1 0 0
19 8052 1 0 1 7798 0 1 0 0
19 8526 1 0 1 1921 0 1 0 0
19 8838 1 0 1 7952 0 1 0 0
19 9789 1 0 1 8202 0 1 0 0
19 9820 2 0 2 10530 0 2 0 0
19 12397 2 0 2 11627 0 2 0 0
19 13214 1 0 1 2940 0 1 0 0
19 13238 1 0 1 2943 0 1 0 0
19 14185 1 0 1 3192 0 1 0 0
19 16238 1 0 1 9688 0 1 0 0
19 16831 1 0 1 9816 0 1 0 0
19 17168 1 0 1 3918 0 1 0 0
19 17439 1 0 1 3975 0 1 0 0
19 17522 1 0 1 9962 0 1 0 0
19 17602 1 0 1 4000 0 1 0 0
19 18382 1 0 1 4239 0 1 0 0
28 29 0 1 1 0 465 0 1 0
29 30 1 0 1 86 0 1 0 0
38 2564 1 0 1 338 0 1 0 0
42 43 0 1 1 0 17 0 1 0
45 2366 1 0 1 464 0 1 0 0
46 47 0 1 1 0 312 0 1 0
47 262 1 0 1 353 0 1 0 0
47 818 1 0 1 455 0 1 0 0
47 2297 1 0 1 766 0 1 0 0
47 11350 1 0 1 3103 0 1 0 0
49 50 0 1 1 0 4029 0 1 0
50 221 1 0 1 4062 0 1 0 0
50 278 1 0 1 4073 0 1 0 0
50 703 1 0 1 4152 0 1 0 0
50 857 1 0 1 4182 0 1 0 0
50 1315 1 0 1 4276 0 1 0 0
50 1385 1 0 1 7730 0 1 0 0
50 1702 1 0 1 4335 0 1 0 0
50 1878 1 0 1 4370 0 1 0 0
50 2442 1 0 1 4503 0 1 0 0
50 2509 1 0 1 4513 0 1 0 0
50 2964 1 0 1 4595 0 1 0 0
50 3194 1 0 1 4732 0 1 0 0
50 3377 1 0 1 4763 0 1 0 0
50 3496 1 0 1 4785 0 1 0 0
50 3520 1 0 1 4792 0 1 0 0
50 4179 1 0 1 5050 0 1 0 0
50 4434 1 0 1 5107 0 1 0 0
50 5058 1 0 1 5307 0 1 0 0
50 5117 1 0 1 5318 0 1 0 0
50 5153 1 0 1 5327 0 1 0 0
50 5474 1 0 1 5385 0 1 0 0
50 6062 1 0 1 5588 0 1 0 0
50 6162 1 0 1 5610 0 1 0 0
50 6519 1 0 1 5728 0 1 0 0
50 6774 1 0 1 5847 0 1 0 0
50 7037 1 0 1 5910 0 1 0 0
50 8764 1 0 1 6274 0 1 0 0
50 8802 1 0 1 6279 0 1 0 0
50 9473 1 0 1 6458 0 1 0 0
50 9615 1 0 1 6481 0 1 0 0
50 9688 1 0 1 6489 0 1 0 0
50 9857 1 0 1 6523 0 1 0 0
50 10229 1 0 1 6590 0 1 0 0
50 10248 1 0 1 6591 0 1 0 0
50 10431 1 0 1 6626 0 1 0 0
50 10610 1 0 1 6676 0 1 0 0
50 10678 1 0 1 6671 0 1 0 0
50 10682 1 0 1 6672 0 1 0 0
50 10832 1 0 1 6702 0 1 0 0
50 11329 1 0 1 6814 0 1 0 0
50 11604 1 0 1 6876 0 1 0 0
50 11816 1 0 1 6922 0 1 0 0
50 11897 1 0 1 8638 0 1 0 0
50 12196 1 0 1 7007 0 1 0 0
50 12454 1 0 1 7075 0 1 0 0
50 12793 1 0 1 7154 0 1 0 0
50 13050 1 0 1 7210 0 1 0 0
50 13121 1 0 1 7224 0 1 0 0
50 14259 1 0 1 7570 0 1 0 0
50 15176 1 0 1 7750 0 1 0 0
50 15404 1 0 1 7804 0 1 0 0
50 15765 1 0 1 7882 0 1 0 0
50 16179 1 0 1 8006 0 1 0 0
50 17085 1 0 1 8216 0 1 0 0
50 17121 1 0 1 8214 0 1 0 0
50 17459 1 0 1 8282 0 1 0 0
50 17489 1 0 1 8326 0 1 0 0
50 17855 1 0 1 8430 0 1 0 0
50 17948 1 0 1 8450 0 1 0 0
50 18173 1 0 1 8497 0 1 0 0
50 18361 1 0 1 8537 0 1 0 0
50 19287 1 0 1 8722 0 1 0 0
50 19698 1 0 1 8832 0 1 0 0
50 20862 1 0 1 9067 0 1 0 0
50 20865 1 0 1 9068 0 1 0 0
56 57 0 1 1 0 3843 0 1 0
57 59 1 0 1 3843 0 1 0 0
57 64 1 0 1 3843 0 1 0 0
57 73 1 0 1 3844 0 1 0 0
57 82 1 0 1 3847 0 1 0 0
57 121 1 0 1 3853 0 1 0 0
57 365 1 0 1 3899 0 1 0 0
57 373 1 0 1 3900 0 1 0 0
57 525 1 0 1 3933 0 1 0 0
57 564 1 0 1 3943 0 1 0 0
57 647 1 0 1 3954 0 1 0 0
57 717 1 0 1 3966 0 1 0 0
57 836 1 0 1 3989 0 1 0 0
57 851 1 0 1 3992 0 1 0 0
57 890 1 0 1 4002 0 1 0 0
57 974 1 0 1 4019 0 1 0 0
57 1009 1 0 1 4030 0 1 0 0
57 1058 1 0 1 4042 0 1 0 0
57 1116 1 0 1 4051 0 1 0 0
57 1157 1 0 1 4060 0 1 0 0
57 1177 1 0 1 4066 0 1 0 0
57 1208 1 0 1 4072 0 1 0 0
57 1226 1 0 1 4075 0 1 0 0
57 1249 1 0 1 4077 0 1 0 0
57 1347 1 0 1 4092 0 1 0 0
57 1379 1 0 1 4097 0 1 0 0
57 1392 1 0 1 4098 0 1 0 0
57 1399 1 0 1 4100 0 1 0 0
57 1403 1 0 1 4102 0 1 0 0
57 1475 1 0 1 4112 0 1 0 0
57 1480 1 0 1 4113 0 1 0 0
57 1544 1 0 1 4124 0 1 0 0
57 1551 1 0 1 7522 0 1 0 0
57 1873 1 0 1 4178 0 1 0 0
57 1923 1 0 1 4190 0 1 0 0
57 1935 1 0 1 4191 0 1 0 0
57 1969 1 0 1 4198 0 1 0 0
57 1998 1 0 1 4204 0 1 0 0
57 2014 1 0 1 4208 0 1 0 0
57 2091 1 0 1 4263 0 1 0 0
57 2108 1 0 1 4266 0 1 0 0
57 2227 1 0 1 4282 0 1 0 0
57 2317 1 0 1 4299 0 1 0 0
57 2372 1 0 1 4304 0 1 0 0
57 2527 1 0 1 4328 0 1 0 0
57 2669 1 0 1 4352 0 1 0 0
57 2673 1 0 1 4352 0 1 0 0
57 2697 1 0 1 4357 0 1 0 0
57 2804 1 0 1 4377 0 1 0 0
57 2820 1 0 1 4382 0 1 0 0
57 2869 1 0 1 4392 0 1 0 0
57 2884 1 0 1 4394 0 1 0 0
57 2900 1 0 1 4398 0 1 0 0
57 3028 1 0 1 7069 0 1 0 0
57 3035 1 0 1 4424 0 1 0 0
57 3126 1 0 1 4487 0 1 0 0
57 3169 1 0 1 4499 0 1 0 0
57 3397 1 0 1 4580 0 1 0 0
57 3435 1 0 1 4587 0 1 0 0
57 3463 1 0 1 4977 0 1 0 0
57 3537 1 0 1 4607 0 1 0 0
57 3634 1 0 1 4623 0 1 0 0
57 3665 1 0 1 4630 0 1 0 0
57 3728 1 0 1 4706 0 1 0 0
57 3985 1 0 1 5133 0 1 0 0
57 4150 1 0 1 4793 0 1 0 0
57 4209 1 0 1 4870 0 1 0 0
57 4217 1 0 1 4872 0 1 0 0
57 4289 1 0 1 4889 0 1 0 0
57 4330 1 0 1 4900 0 1 0 0
57 4384 1 0 1 4909 0 1 0 0
57 4446 1 0 1 4921 0 1 0 0
57 4494 1 0 1 4936 0 1 0 0
57 4506 1 0 1 4940 0 1 0 0
57 4814 1 0 1 5012 0 1 0 0
57 4854 1 0 1 5027 0 1 0 0
57 4889 1 0 1 5087 0 1 0 0
57 5035 1 0 1 5116 0 1 0 0
57 5080 1 0 1 5124 0 1 0 0
57 5132 1 0 1 5133 0 1 0 0
57 5334 1 0 1 5170 0 1 0 0
57 5338 1 0 1 5171 0 1 0 0
57 5387 1 0 1 5181 0 1 0 0
57 5455 1 0 1 5195 0 1 0 0
57 5498 1 0 1 5203 0 1 0 0
57 5563 1 0 1 5213 0 1 0 0
57 5773 1 0 1 5342 0 1 0 0
57 5793 1 0 1 5347 0 1 0 0
57 6093 1 0 1 5407 0 1 0 0
57 6119 1 0 1 5411 0 1 0 0
57 6316 1 0 1 5450 0 1 0 0
57 6411 1 0 1 5517 0 1 0 0
57 6522 1 0 1 5540 0 1 0 0
57 6552 1 0 1 5548 0 1 0 0
57 6563 1 0 1 5549 0 1 0 0
57 6595 1 0 1 5556 0 1 0 0
57 6797 1 0 1 5665 0 1 0 0
57 7473 1 0 1 5821 0 1 0 0
57 7508 1 0 1 5831 0 1 0 0
57 7523 1 0 1 5832 0 1 0 0
57 7561 1 0 1 5840 0 1 0 0
57 8382 1 0 1 6004 0 1 0 0
57 8768 1 0 1 6086 0 1 0 0
57 8914 1 0 1 6109 0 1 0 0
57 9153 1 0 1 6206 0 1 0 0
57 9477 1 0 1 6271 0 1 0 0
57 9566 1 0 1 6286 0 1 0 0
57 9878 1 0 1 6339 0 1 0 0
57 10072 1 0 1 6373 0 1 0 0
57 10098 1 0 1 6378 0 1 0 0
57 10156 1 0 1 6391 0 1 0 0
57 10296 1 0 1 6411 0 1 0 0
57 10602 1 0 1 8354 0 1 0 0
57 10637 1 0 1 6478 0 1 0 0
57 10642 1 0 1 6479 0 1 0 0
57 10658 1 0 1 6480 0 1 0 0
57 10686 1 0 1 6485 0 1 0 0
57 11144 1 0 1 6585 0 1 0 0
57 11479 1 0 1 6660 0 1 0 0
57 11545 1 0 1 6677 0 1 0 0
57 11609 1 0 1 6690 0 1 0 0
57 11752 1 0 1 6721 0 1 0 0
57 11757 1 0 1 6722 0 1 0 0
57 11761 1 0 1 6722 0 1 0 0
57 11877 1 0 1 6746 0 1 0 0
57 11899 1 0 1 8824 0 1 0 0
57 11987 1 0 1 6774 0 1 0 0
57 12350 1 0 1 6857 0 1 0 0
57 12378 1 0 1 6869 0 1 0 0
57 12454 1 0 1 6959 0 1 0 0
57 12489 1 0 1 6896 0 1 0 0
57 12499 1 0 1 6898 0 1 0 0
57 12510 1 0 1 6899 0 1 0 0
57 12532 1 0 1 6904 0 1 0 0
57 12857 1 0 1 6978 0 1 0 0
57 12938 1 0 1 6998 0 1 0 0
57 12947 1 0 1 6999 0 1 0 0
57 13104 1 0 1 7034 0 1 0 0
57 13211 1 0 1 7055 0 1 0 0
57 13346 1 0 1 7084 0 1 0 0
57 13383 1 0 1 7090 0 1 0 0
57 13402 1 0 1 7095 0 1 0 0
57 13465 1 0 1 7114 0 1 0 0
57 13478 1 0 1 7118 0 1 0 0
57 13482 1 0 1 7118 0 1 0 0
57 13507 1 0 1 7123 0 1 0 0
57 13575 1 0 1 7138 0 1 0 0
57 13577 1 0 1 7139 0 1 0 0
57 13583 1 0 1 7140 0 1 0 0
57 13608 1 0 1 7145 0 1 0 0
57 13652 1 0 1 7158 0 1 0 0
57 13856 1 0 1 7245 0 1 0 0
57 14195 1 0 1 7371 0 1 0 0
57 14215 1 0 1 7372 0 1 0 0
57 14274 1 0 1 7387 0 1 0 0
57 14468 1 0 1 7429 0 1 0 0
57 14648 1 0 1 7460 0 1 0 0
57 14698 1 0 1 7467 0 1 0 0
57 14728 1 0 1 7472 0 1 0 0
57 14750 1 0 1 7477 0 1 0 0
57 14832 1 0 1 7492 0 1 0 0
57 14957 1 0 1 7513 0 1 0 0
57 15039 1 0 1 7534 0 1 0 0
57 15299 1 0 1 7593 0 1 0 0
57 15600 1 0 1 7659 0 1 0 0
57 15950 1 0 1 7772 0 1 0 0
57 16097 1 0 1 7802 0 1 0 0
57 16109 1 0 1 7804 0 1 0 0
57 16211 1 0 1 7827 0 1 0 0
57 16270 1 0 1 7840 0 1 0 0
57 16279 1 0 1 7840 0 1 0 0
57 16465 1 0 1 7884 0 1 0 0
57 16473 1 0 1 7885 0 1 0 0
57 16530 1 0 1 7903 0 1 0 0
57 16569 1 0 1 7913 0 1 0 0
57 16574 1 0 1 7914 0 1 0 0
57 16673 1 0 1 7935 0 1 0 0
57 16710 1 0 1 7945 0 1 0 0
57 16738 1 0 1 7950 0 1 0 0
57 16907 1 0 1 7975 0 1 0 0
57 17078 1 0 1 8013 0 1 0 0
57 17382 1 0 1 8077 0 1 0 0
57 17812 1 0 1 8232 0 1 0 0
57 18011 1 0 1 8274 0 1 0 0
57 18150 1 0 1 8659 0 1 0 0
57 18581 1 0 1 8395 0 1 0 0
57 18755 1 0 1 8430 0 1 0 0
57 18970 1 0 1 8476 0 1 0 0
57 19049 1 0 1 8493 0 1 0 0
57 19406 1 0 1 8556 0 1 0 0
57 19880 1 0 1 8678 0 1 0 0
57 20315 1 0 1 8766 0 1 0 0
57 20359 1 0 1 8777 0 1 0 0
57 20398 1 0 1 8789 0 1 0 0
57 20600 1 0 1 8825 0 1 0 0
57 20615 1 0 1 8827 0 1 0 0
57 20758 1 0 1 8859 0 1 0 0
57 20880 1 0 1 8883 0 1 0 0
57 20890 1 0 1 8886 0 1 0 0
67 20082 0 1 1 0 105 0 1 0
71 72 0 1 1 0 3450 0 1 0
72 411 1 0 1 3511 0 1 0 0
72 664 1 0 1 3564 0 1 0 0
72 1119 1 0 1 3658 0 1 0 0
72 1634 1 0 1 3746 0 1 0 0
72 2910 1 0 1 4005 0 1 0 0
72 3387 1 0 1 4183 0 1 0 0
72 4106 1 0 1 4389 0 1 0 0
72 5831 1 0 1 4959 0 1 0 0
72 6646 1 0 1 5236 0 1 0 0
72 8504 1 0 1 5639 0 1 0 0
72 8866 1 0 1 5707 0 1 0 0
72 10375 1 0 1 6030 0 1 0 0
72 10721 1 0 1 6094 0 1 0 0
72 11984 1 0 1 6379 0 1 0 0
72 13897 1 0 1 7062 0 1 0 0
72 14575 1 0 1 7054 0 1 0 0
72 15048 1 0 1 7142 0 1 0 0
72 20104 1 0 1 8328 0 1 0 0
85 495 0 1 1 0 257 0 1 0
100 717 1 0 1 164 0 1 0 0
100 7646 0 1 1 0 63 0 1 0
101 102 0 1 1 0 319 0 1 0
102 1366 1 0 1 564 0 1 0 0
102 2148 1 0 1 742 0 1 0 0
102 5889 1 0 1 1832 0 1 0 0
102 6326 1 0 1 1921 0 1 0 0
102 8873 0 1 1 0 2571 0 1 0
103 104 0 1 1 0 2068 0 1 0
104 1040 1 0 1 2240 0 1 0 0
104 1262 1 0 1 2283 0 1 0 0
104 3555 1 0 1 2815 0 1 0 0
112 620 0 1 1 0 2937 0 1 0
114 115 0 1 1 0 126 0 1 0
114 282 0 1 1 0 7647 0 1 0
114 559 0 1 1 0 437 0 1 0
114 2966 0 1 1 0 37 0 1 0
114 3953 0 1 1 0 469 0 1 0
114 6680 0 1 1 0 173 0 1 0
114 6859 0 1 1 0 46 0 1 0
114 9913 0 1 1 0 604 0 1 0
114 13080 0 1 1 0 54 0 1 0
114 16637 0 1 1 0 178 0 1 0
115 1538 1 0 1 4130 0 1 0 0
115 3393 1 0 1 4586 0 1 0 0
115 10993 1 0 1 6558 0 1 0 0
125 1152 1 0 1 2582 0 1 0 0
125 1448 1 0 1 2632 0 1 0 0
125 3607 1 0 1 3142 0 1 0 0
125 7017 1 0 1 4241 0 1 0 0
125 8299 1 0 1 4511 0 1 0 0
125 9146 1 0 1 4919 0 1 0 0
125 14580 1 0 1 5971 0 1 0 0
125 18101 1 0 1 6816 0 1 0 0
128 20042 1 0 1 4907 0 1 0 0
131 132 0 1 1 0 5701 0 1 0
142 143 0 1 1 0 5478 0 1 0
152 1528 0 1 1 0 44 0 1 0
155 14882 1 0 1 3641 0 1 0 0
171 5401 1 0 1 222 0 1 0 0
192 509 1 0 1 64 0 1 0 0
203 204 0 1 1 0 4955 0 1 0
204 210 1 0 1 4956 0 1 0 0
204 214 1 0 1 4957 0 1 0 0
204 238 1 0 1 4962 0 1 0 0
204 274 1 0 1 4968 0 1 0 0
204 294 1 0 1 4970 0 1 0 0
204 302 1 0 1 4971 0 1 0 0
204 313 1 0 1 4972 0 1 0 0
204 343 1 0 1 4978 0 1 0 0
204 387 1 0 1 4986 0 1 0 0
204 396 1 0 1 4987 0 1 0 0
204 406 1 0 1 4989 0 1 0 0
204 431 1 0 1 4993 0 1 0 0
204 499 1 0 1 5013 0 1 0 0
204 607 1 0 1 5033 0 1 0 0
204 621 1 0 1 5034 0 1 0 0
204 662 1 0 1 5042 0 1 0 0
204 680 1 0 1 5064 0 1 0 0
204 682 1 0 1 5045 0 1 0 0
204 684 1 0 1 5045 0 1 0 0
204 744 1 0 1 5054 0 1 0 0
204 789 1 0 1 5061 0 1 0 0
204 823 1 0 1 5069 0 1 0 0
204 935 1 0 1 5094 0 1 0 0
204 1007 1 0 1 5114 0 1 0 0
204 1056 1 0 1 5125 0 1 0 0
204 1112 1 0 1 5134 0 1 0 0
204 1114 1 0 1 5134 0 1 0 0
204 1236 1 0 1 5159 0 1 0 0
204 1275 1 0 1 5164 0 1 0 0
204 1345 1 0 1 5175 0 1 0 0
204 1434 1 0 1 5192 0 1 0 0
204 1438 1 0 1 5192 0 1 0 0
204 1496 1 0 1 5199 0 1 0 0
204 1519 1 0 1 5202 0 1 0 0
204 1542 1 0 1 5208 0 1 0 0
204 1596 1 0 1 5218 0 1 0 0
204 1613 1 0 1 5220 0 1 0 0
204 1615 1 0 1 5221 0 1 0 0
204 1716 1 0 1 5233 0 1 0 0
204 1744 1 0 1 5237 0 1 0 0
204 1779 1 0 1 5243 0 1 0 0
204 1972 1 0 1 5282 0 1 0 0
204 1977 1 0 1 5285 0 1 0 0
204 2028 1 0 1 5336 0 1 0 0
204 2036 1 0 1 5338 0 1 0 0
204 2206 1 0 1 5380 0 1 0 0
204 2269 1 0 1 5375 0 1 0 0
204 2289 1 0 1 5378 0 1 0 0
204 2382 1 0 1 5390 0 1 0 0
204 2438 1 0 1 5399 0 1 0 0
204 2476 1 0 1 5405 0 1 0 0
204 2497 1 0 1 5408 0 1 0 0
204 2680 1 0 1 5438 0 1 0 0
204 2713 1 0 1 5443 0 1 0 0
204 2744 1 0 1 5451 0 1 0 0
204 2754 1 0 1 5453 0 1 0 0
204 2809 1 0 1 5462 0 1 0 0
204 2826 1 0 1 5466 0 1 0 0
204 2828 1 0 1 5467 0 1 0 0
204 2854 1 0 1 5473 0 1 0 0
204 2881 1 0 1 5478 0 1 0 0
204 2921 1 0 1 5484 0 1 0 0
204 2961 1 0 1 5490 0 1 0 0
204 3038 1 0 1 5508 0 1 0 0
204 3104 1 0 1 5629 0 1 0 0
204 3117 1 0 1 5569 0 1 0 0
204 3153 1 0 1 5577 0 1 0 0
204 3158 1 0 1 5578 0 1 0 0
204 3162 1 0 1 5580 0 1 0 0
204 3175 1 0 1 5584 0 1 0 0
204 3179 1 0 1 5584 0 1 0 0
204 3277 1 0 1 5645 0 1 0 0
204 3385 1 0 1 5661 0 1 0 0
204 3565 1 0 1 5697 0 1 0 0
204 3584 1 0 1 5699 0 1 0 0
204 3632 1 0 1 5707 0 1 0 0
204 3671 1 0 1 5715 0 1 0 0
204 3692 1 0 1 5718 0 1 0 0
204 3724 1 0 1 5789 0 1 0 0
204 3751 1 0 1 5797 0 1 0 0
204 3772 1 0 1 5802 0 1 0 0
204 3832 1 0 1 5812 0 1 0 0
204 3872 1 0 1 5820 0 1 0 0
204 3930 1 0 1 5830 0 1 0 0
204 3945 1 0 1 5833 0 1 0 0
204 4164 1 0 1 5879 0 1 0 0
204 4222 1 0 1 5956 0 1 0 0
204 4263 1 0 1 5964 0 1 0 0
204 4324 1 0 1 5982 0 1 0 0
204 4339 1 0 1 5985 0 1 0 0
204 4349 1 0 1 5986 0 1 0 0
204 4413 1 0 1 5998 0 1 0 0
204 4424 1 0 1 6002 0 1 0 0
204 4511 1 0 1 6025 0 1 0 0
204 4666 1 0 1 6061 0 1 0 0
204 4687 1 0 1 6066 0 1 0 0
204 4731 1 0 1 6078 0 1 0 0
204 4757 1 0 1 6085 0 1 0 0
204 4852 1 0 1 6111 0 1 0 0
204 4865 1 0 1 6165 0 1 0 0
204 4903 1 0 1 6173 0 1 0 0
204 4933 1 0 1 6179 0 1 0 0
204 4935 1 0 1 6180 0 1 0 0
204 5020 1 0 1 6197 0 1 0 0
204 5054 1 0 1 6203 0 1 0 0
204 5066 1 0 1 6205 0 1 0 0
204 5086 1 0 1 6208 0 1 0 0
204 5183 1 0 1 6229 0 1 0 0
204 5221 1 0 1 6233 0 1 0 0
204 5278 1 0 1 6242 0 1 0 0
204 5404 1 0 1 6269 0 1 0 0
204 5458 1 0 1 6279 0 1 0 0
204 5581 1 0 1 6301 0 1 0 0
204 5608 1 0 1 6349 0 1 0 0
204 5676 1 0 1 6360 0 1 0 0
204 5696 1 0 1 6365 0 1 0 0
204 5715 1 0 1 6369 0 1 0 0
204 5749 1 0 1 6378 0 1 0 0
204 5782 1 0 1 6427 0 1 0 0
204 5799 1 0 1 6432 0 1 0 0
204 5884 1 0 1 6446 0 1 0 0
204 5901 1 0 1 6448 0 1 0 0
204 5922 1 0 1 6453 0 1 0 0
204 5938 1 0 1 6457 0 1 0 0
204 5962 1 0 1 6462 0 1 0 0
204 5968 1 0 1 6464 0 1 0 0
204 5977 1 0 1 6465 0 1 0 0
204 6042 1 0 1 6480 0 1 0 0
204 6058 1 0 1 6483 0 1 0 0
204 6073 1 0 1 6487 0 1 0 0
204 6098 1 0 1 6492 0 1 0 0
204 6236 1 0 1 6521 0 1 0 0
204 6311 1 0 1 6533 0 1 0 0
204 6322 1 0 1 6534 0 1 0 0
204 6324 1 0 1 6535 0 1 0 0
204 6368 1 0 1 6592 0 1 0 0
204 6389 1 0 1 6597 0 1 0 0
204 6391 1 0 1 6598 0 1 0 0
204 6436 1 0 1 6605 0 1 0 0
204 6457 1 0 1 6610 0 1 0 0
204 6481 1 0 1 6616 0 1 0 0
204 6500 1 0 1 6618 0 1 0 0
204 6653 1 0 1 6717 0 1 0 0
204 6765 1 0 1 6740 0 1 0 0
204 6817 1 0 1 6754 0 1 0 0
204 6822 1 0 1 6756 0 1 0 0
204 6827 1 0 1 6756 0 1 0 0
204 6848 1 0 1 7663 0 1 0 0
204 6928 1 0 1 6780 0 1 0 0
204 6949 1 0 1 6783 0 1 0 0
204 6960 1 0 1 6787 0 1 0 0
204 6962 1 0 1 6788 0 1 0 0
204 6984 1 0 1 6792 0 1 0 0
204 6990 1 0 1 6794 0 1 0 0
204 6995 1 0 1 6796 0 1 0 0
204 7102 1 0 1 6816 0 1 0 0
204 7125 1 0 1 6818 0 1 0 0
204 7163 1 0 1 6826 0 1 0 0
204 7225 1 0 1 6837 0 1 0 0
204 7411 1 0 1 6892 0 1 0 0
204 7413 1 0 1 6893 0 1 0 0
204 7440 1 0 1 6898 0 1 0 0
204 7500 1 0 1 6913 0 1 0 0
204 7584 1 0 1 6927 0 1 0 0
204 7607 1 0 1 6929 0 1 0 0
204 7613 1 0 1 6930 0 1 0 0
204 7622 1 0 1 6964 0 1 0 0
204 7627 1 0 1 6934 0 1 0 0
204 7775 1 0 1 6966 0 1 0 0
204 7779 1 0 1 6966 0 1 0 0
204 7802 1 0 1 6973 0 1 0 0
204 7833 1 0 1 6981 0 1 0 0
204 7864 1 0 1 6987 0 1 0 0
204 7917 1 0 1 6998 0 1 0 0
204 7950 1 0 1 7002 0 1 0 0
204 7971 1 0 1 7006 0 1 0 0
204 7980 1 0 1 7008 0 1 0 0
204 8177 1 0 1 9206 0 1 0 0
204 8187 1 0 1 8760 0 1 0 0
204 8401 1 0 1 7095 0 1 0 0
204 8559 1 0 1 7128 0 1 0 0
204 8565 1 0 1 7129 0 1 0 0
204 8594 1 0 1 7133 0 1 0 0
204 8650 1 0 1 7143 0 1 0 0
204 8678 1 0 1 7149 0 1 0 0
204 8729 1 0 1 7163 0 1 0 0
204 8736 1 0 1 7165 0 1 0 0
204 8798 1 0 1 7174 0 1 0 0
204 8905 1 0 1 7192 0 1 0 0
204 8947 1 0 1 7201 0 1 0 0
204 8967 1 0 1 7247 0 1 0 0
204 8982 1 0 1 7250 0 1 0 0
204 9000 1 0 1 7256 0 1 0 0
204 9126 1 0 1 7284 0 1 0 0
204 9173 1 0 1 7294 0 1 0 0
204 9197 1 0 1 7299 0 1 0 0
204 9237 1 0 1 7306 0 1 0 0
204 9241 1 0 1 7307 0 1 0 0
204 9412 1 0 1 7340 0 1 0 0
204 9575 1 0 1 7372 0 1 0 0
204 9770 1 0 1 7406 0 1 0 0
204 9849 1 0 1 7418 0 1 0 0
204 9881 1 0 1 7423 0 1 0 0
204 10161 1 0 1 7476 0 1 0 0
204 10201 1 0 1 7481 0 1 0 0
204 10252 1 0 1 7488 0 1 0 0
204 10287 1 0 1 7493 0 1 0 0
204 10300 1 0 1 7496 0 1 0 0
204 10344 1 0 1 7504 0 1 0 0
204 10617 1 0 1 7559 0 1 0 0
204 10669 1 0 1 7566 0 1 0 0
204 10891 1 0 1 7613 0 1 0 0
204 10910 1 0 1 7619 0 1 0 0
204 10926 1 0 1 7622 0 1 0 0
204 10987 1 0 1 7635 0 1 0 0
204 11026 1 0 1 7640 0 1 0 0
204 11142 1 0 1 7668 0 1 0 0
204 11225 1 0 1 7901 0 1 0 0
204 11229 1 0 1 7686 0 1 0 0
204 11244 1 0 1 7691 0 1 0 0
204 11268 1 0 1 7697 0 1 0 0
204 11302 1 0 1 7707 0 1 0 0
204 11433 1 0 1 7731 0 1 0 0
204 11443 1 0 1 7734 0 1 0 0
204 11490 1 0 1 7749 0 1 0 0
204 11492 1 0 1 7749 0 1 0 0
204 11548 1 0 1 7761 0 1 0 0
204 11638 1 0 1 7779 0 1 0 0
204 11683 1 0 1 7791 0 1 0 0
204 11728 1 0 1 7801 0 1 0 0
204 11805 1 0 1 7817 0 1 0 0
204 11888 1 0 1 7831 0 1 0 0
204 11924 1 0 1 7844 0 1 0 0
204 11939 1 0 1 7848 0 1 0 0
204 11943 1 0 1 7848 0 1 0 0
204 11965 1 0 1 7852 0 1 0 0
204 12034 1 0 1 7870 0 1 0 0
204 12094 1 0 1 7882 0 1 0 0
204 12272 1 0 1 7923 0 1 0 0
204 12402 1 0 1 7959 0 1 0 0
204 12438 1 0 1 8209 0 1 0 0
204 12441 1 0 1 7969 0 1 0 0
204 12644 1 0 1 8017 0 1 0 0
204 12653 1 0 1 8020 0 1 0 0
204 12812 1 0 1 8052 0 1 0 0
204 12887 1 0 1 8072 0 1 0 0
204 13027 1 0 1 8101 0 1 0 0
204 13191 1 0 1 8135 0 1 0 0
204 13246 1 0 1 8144 0 1 0 0
204 13357 1 0 1 8169 0 1 0 0
204 13389 1 0 1 8175 0 1 0 0
204 13400 1 0 1 8178 0 1 0 0
204 13419 1 0 1 8183 0 1 0 0
204 13460 1 0 1 8195 0 1 0 0
204 13631 1 0 1 8237 0 1 0 0
204 13928 1 0 1 8351 0 1 0 0
204 14011 1 0 1 8354 0 1 0 0
204 14051 1 0 1 8363 0 1 0 0
204 14164 1 0 1 8384 0 1 0 0
204 14329 1 0 1 8480 0 1 0 0
204 14412 1 0 1 8500 0 1 0 0
204 14471 1 0 1 8513 0 1 0 0
204 14508 1 0 1 8520 0 1 0 0
204 14514 1 0 1 8520 0 1 0 0
204 14563 1 0 1 8530 0 1 0 0
204 14604 1 0 1 8538 0 1 0 0
204 14805 1 0 1 8573 0 1 0 0
204 14896 1 0 1 8585 0 1 0 0
204 14931 1 0 1 8592 0 1 0 0
204 14944 1 0 1 8595 0 1 0 0
204 15090 1 0 1 8627 0 1 0 0
204 15187 1 0 1 8651 0 1 0 0
204 15261 1 0 1 8669 0 1 0 0
204 15308 1 0 1 8678 0 1 0 0
204 15387 1 0 1 8695 0 1 0 0
204 15483 1 0 1 8716 0 1 0 0
204 15673 1 0 1 8759 0 1 0 0
204 15934 1 0 1 8853 0 1 0 0
204 16146 1 0 1 8897 0 1 0 0
204 16289 1 0 1 8926 0 1 0 0
204 16320 1 0 1 8931 0 1 0 0
204 16334 1 0 1 8933 0 1 0 0
204 16341 1 0 1 8937 0 1 0 0
204 16413 1 0 1 8952 0 1 0 0
204 16610 1 0 1 9008 0 1 0 0
204 16613 1 0 1 9009 0 1 0 0
204 16673 1 0 1 9565 0 1 0 0
204 16713 1 0 1 9122 0 1 0 0
204 16943 1 0 1 9070 0 1 0 0
204 16958 1 0 1 9072 0 1 0 0
204 17006 1 0 1 9083 0 1 0 0
204 17219 1 0 1 9127 0 1 0 0
204 17243 1 0 1 9675 0 1 0 0
204 17394 1 0 1 9164 0 1 0 0
204 17818 1 0 1 9318 0 1 0 0
204 18091 1 0 1 9374 0 1 0 0
204 18409 1 0 1 9441 0 1 0 0
204 18412 1 0 1 9444 0 1 0 0
204 18511 1 0 1 9464 0 1 0 0
204 18628 1 0 1 9488 0 1 0 0
204 18639 1 0 1 9490 0 1 0 0
204 18891 1 0 1 9541 0 1 0 0
204 19042 1 0 1 9576 0 1 0 0
204 19090 1 0 1 9581 0 1 0 0
204 19107 1 0 1 9582 0 1 0 0
204 19150 1 0 1 9591 0 1 0 0
204 19276 1 0 1 9615 0 1 0 0
204 19329 1 0 1 9625 0 1 0 0
204 19352 1 0 1 9632 0 1 0 0
204 19460 1 0 1 9653 0 1 0 0
204 19619 1 0 1 9671 0 1 0 0
204 19728 1 0 1 9733 0 1 0 0
204 19745 1 0 1 9739 0 1 0 0
204 19771 1 0 1 9743 0 1 0 0
204 20031 1 0 1 9792 0 1 0 0
204 20211 1 0 1 9831 0 1 0 0
204 20814 1 0 1 9954 0 1 0 0
205 553 0 1 1 0 5392 0 1 0
213 9117 1 0 1 6453 0 1 0 0
219 1412 1 0 1 231 0 1 0 0
219 12941 1 0 1 3125 0 1 0 0
224 714 1 0 1 25 0 1 0 0
224 723 2 0 2 41 0 2 0 0
224 725 1 0 1 27 0 1 0 0
224 771 1 0 1 34 0 1 0 0
224 830 1 0 1 47 0 1 0 0
224 841 1 0 1 50 0 1 0 0
224 1782 1 0 1 219 0 1 0 0
224 5239 1 0 1 1212 0 1 0 0
224 5290 1 0 1 153 0 1 0 0
224 5678 1 0 1 1337 0 1 0 0
224 6529 1 0 1 1611 0 1 0 0
224 6880 1 0 1 1930 0 1 0 0
224 9342 1 0 1 2303 0 1 0 0
224 9822 1 0 1 184 0 1 0 0
224 9970 1 0 1 2414 0 1 0 0
224 19837 1 0 1 96 0 1 0 0
224 19938 1 0 1 113 0 1 0 0
224 20100 1 0 1 146 0 1 0 0
224 20530 1 0 1 238 0 1 0 0
224 20707 1 0 1 272 0 1 0 0
241 2188 0 1 1 0 9412 0 1 0
248 1137 1 0 1 313 0 1 0 0
249 250 0 1 1 0 5566 0 1 0
250 567 1 0 1 5629 0 1 0 0
250 7160 1 0 1 7428 0 1 0 0
250 12265 1 0 1 8524 0 1 0 0
250 14674 1 0 1 9148 0 1 0 0
250 15280 1 0 1 9274 0 1 0 0
250 15632 1 0 1 9352 0 1 0 0
250 15941 1 0 1 9456 0 1 0 0
250 17185 1 0 1 9723 0 1 0 0
252 3218 1 0 1 1065 0 1 0 0
252 6091 1 0 1 1924 0 1 0 0
252 12204 1 0 1 3339 0 1 0 0
262 6943 0 1 1 0 34 0 1 0
281 282 0 1 1 0 2710 0 1 0
282 308 1 0 1 2713 0 1 0 0
282 542 1 0 1 2761 0 1 0 0
282 792 1 0 1 2803 0 1 0 0
282 1107 1 0 1 2874 0 1 0 0
282 1160 1 0 1 2885 0 1 0 0
282 1406 1 0 1 6830 0 1 0 0
282 1662 1 0 1 2969 0 1 0 0
282 1673 1 0 1 7126 0 1 0 0
282 1995 1 0 1 3029 0 1 0 0
282 2133 1 0 1 3095 0 1 0 0
282 3375 1 0 1 3399 0 1 0 0
282 3959 1 0 1 3576 0 1 0 0
282 4071 1 0 1 3604 0 1 0 0
282 4085 1 0 1 3606 0 1 0 0
282 4509 1 0 1 3766 0 1 0 0
282 4673 1 0 1 3802 0 1 0 0
282 5348 1 0 1 3997 0 1 0 0
282 5420 1 0 1 4012 0 1 0 0
282 5486 1 0 1 4915 0 1 0 0
282 5936 1 0 1 4197 0 1 0 0
282 6370 1 0 1 4333 0 1 0 0
282 6538 1 0 1 4371 0 1 0 0
282 6993 1 0 1 4537 0 1 0 0
282 7444 1 0 1 4640 0 1 0 0
282 7599 1 0 1 4669 0 1 0 0
282 7667 1 0 1 4681 0 1 0 0
282 7829 1 0 1 4721 0 1 0 0
282 8220 1 0 1 4797 0 1 0 0
282 8795 1 0 1 5975 0 1 0 0
282 9966 1 0 1 5178 0 1 0 0
282 10373 1 0 1 5249 0 1 0 0
282 11133 1 0 1 5408 0 1 0 0
282 11785 1 0 1 5551 0 1 0 0
282 13085 1 0 1 5856 0 1 0 0
282 13805 1 0 1 6059 0 1 0 0
282 14071 1 0 1 6106 0 1 0 0
282 14578 1 0 1 6325 0 1 0 0
282 15005 1 0 1 7060 0 1 0 0
282 16174 1 0 1 6643 0 1 0 0
282 16378 1 0 1 6686 0 1 0 0
282 16560 1 0 1 6737 0 1 0 0
282 16817 1 0 1 6782 0 1 0 0
282 16866 1 0 1 6792 0 1 0 0
282 17325 1 0 1 6892 0 1 0 0
282 17328 1 0 1 6893 0 1 0 0
282 17379 1 0 1 6902 0 1 0 0
282 17391 1 0 1 6905 0 1 0 0
282 17850 1 0 1 7066 0 1 0 0
282 18522 1 0 1 7206 0 1 0 0
282 18700 1 0 1 7528 0 1 0 0
282 18737 1 0 1 7254 0 1 0 0
282 18859 1 0 1 7276 0 1 0 0
282 18932 1 0 1 7293 0 1 0 0
282 19263 1 0 1 7353 0 1 0 0
282 19501 1 0 1 7400 0 1 0 0
282 20282 1 0 1 7586 0 1 0 0
282 20629 1 0 1 7654 0 1 0 0
282 20696 1 0 1 7670 0 1 0 0
282 20781 1 0 1 7688 0 1 0 0
291 292 0 1 1 0 2109 0 1 0
89341 89342 1 0 1 673 0 1 0 0
355 885 0 1 1 0 5392 0 1 0
357 426 1 0 1 11 0 1 0 0
357 20688 1 0 1 354 0 1 0 0
379 380 0 1 1 0 115 0 1 0
379 441 0 1 1 0 126 0 1 0
379 495 0 1 1 0 176 0 1 0
379 551 0 1 1 0 401 0 1 0
379 2601 0 1 1 0 1725 0 1 0
379 6843 0 1 1 0 653 0 1 0
379 7497 0 1 1 0 491 0 1 0
379 8140 0 1 1 0 2335 0 1 0
379 8145 0 1 1 0 2325 0 1 0
379 8301 0 1 1 0 2285 0 1 0
379 8896 0 1 1 0 2106 0 1 0
379 9573 0 3 3 0 2140 0 3 0
379 9627 0 1 1 0 1837 0 1 0
379 10371 0 1 1 0 1673 0 1 0
379 10497 0 2 2 0 2035 0 2 0
379 10800 0 1 1 0 1541 0 1 0
379 10966 0 1 1 0 1483 0 1 0
379 11076 0 1 1 0 1439 0 1 0
379 11299 0 1 1 0 1349 0 1 0
379 11682 0 1 1 0 1240 0 1 0
379 12056 0 1 1 0 1095 0 1 0
379 12179 0 1 1 0 1057 0 1 0
379 12359 0 1 1 0 981 0 1 0
379 12609 0 1 1 0 886 0 1 0
379 12623 0 1 1 0 869 0 1 0
379 12669 0 1 1 0 845 0 1 0
379 12911 0 1 1 0 774 0 1 0
379 13292 0 1 1 0 634 0 1 0
379 13304 0 1 1 0 628 0 1 0
379 13543 0 1 1 0 544 0 1 0
379 13594 0 1 1 0 503 0 1 0
379 13630 0 1 1 0 479 0 1 0
379 13637 0 1 1 0 469 0 1 0
379 13792 0 1 1 0 358 0 1 0
379 13834 0 1 1 0 327 0 1 0
379 13932 0 1 1 0 296 0 1 0
379 14001 0 1 1 0 278 0 1 0
379 14193 0 1 1 0 88 0 1 0
379 14267 0 1 1 0 61 0 1 0
379 14342 0 1 1 0 41 0 1 0
379 14782 0 1 1 0 147 0 1 0
379 14929 0 1 1 0 186 0 1 0
379 14967 0 1 1 0 200 0 1 0
379 16008 0 1 1 0 96 0 1 0
379 18028 1 1 2 672 138 1 1 0
379 18282 0 1 1 0 56 0 1 0
379 18578 0 1 1 0 114 0 1 0
379 18700 0 1 1 0 57 0 1 0
379 18795 0 1 1 0 25 0 1 0
379 19028 1 1 2 883 64 1 1 0
379 19485 0 1 1 0 129 0 1 0
379 19801 0 1 1 0 72 0 1 0
379 19835 0 1 1 0 62 0 1 0
379 19851 1 1 2 1066 56 1 1 0
415 620 0 1 1 0 3196 0 1 0
417 418 0 1 1 0 703 0 1 0
420 13860 0 1 1 0 1107 0 1 0
425 9024 1 0 1 55 0 1 0 0
425 9105 1 0 1 70 0 1 0 0
425 9440 1 0 1 139 0 1 0 0
425 10608 1 0 1 348 0 1 0 0
439 1257 1 0 1 252 0 1 0 0
443 444 0 1 1 0 811 0 1 0
444 2445 1 0 1 38 0 1 0 0
444 2534 1 0 1 52 0 1 0 0
444 9055 2 0 2 5204 0 2 0 0
444 12980 2 0 2 6635 0 2 0 0
457 14061 1 0 1 3248 0 1 0 0
457 16250 1 0 1 500 0 1 0 0
457 18719 1 0 1 1089 0 1 0 0
469 2307 1 0 1 11 0 1 0 0
469 2311 1 0 1 12 0 1 0 0
469 2345 1 0 1 16 0 1 0 0
469 2347 1 0 1 16 0 1 0 0
469 2349 1 0 1 16 0 1 0 0
469 2354 1 0 1 17 0 1 0 0
469 2361 1 0 1 17 0 1 0 0
469 2391 1 0 1 21 0 1 0 0
469 2393 1 0 1 22 0 1 0 0
469 2395 1 0 1 22 0 1 0 0
469 2418 1 0 1 26 0 1 0 0
469 2431 1 0 1 28 0 1 0 0
469 2436 1 0 1 29 0 1 0 0
469 2455 1 0 1 30 0 1 0 0
469 2459 1 0 1 32 0 1 0 0
469 2493 1 0 1 37 0 1 0 0
469 2518 1 0 1 40 0 1 0 0
469 2560 1 0 1 48 0 1 0 0
469 2562 1 0 1 48 0 1 0 0
469 2582 1 0 1 50 0 1 0 0
469 2584 1 0 1 51 0 0.5 0 0
469 2613 1 0 1 55 0 1 0 0
469 2653 1 0 1 63 0 1 0 0
469 2655 1 0 1 63 0 1 0 0
469 2700 1 0 1 72 0 1 0 0
469 2770 1 0 1 85 0 0.5 0 0
469 2861 1 0 1 105 0 1 0 0
469 3015 1 0 1 131 0 1 0 0
469 3020 1 0 1 132 0 1 0 0
469 3046 1 0 1 4370 0 1 0 0
469 3062 1 0 1 145 0 1 0 0
469 3132 1 0 1 203 0 1 0 0
469 3320 1 0 1 281 0 1 0 0
469 3658 1 0 1 343 0 1 0 0
469 3688 1 0 1 348 0 1 0 0
469 4191 1 0 1 580 0 1 0 0
469 4295 1 0 1 605 0 1 0 0
469 4303 1 0 1 607 0 1 0 0
469 4411 1 0 1 628 0 1 0 0
469 4470 1 0 1 643 0 1 0 0
469 5232 1 0 1 865 0 1 0 0
469 5280 1 0 1 872 0 1 0 0
469 6130 1 0 1 1127 0 1 0 0
469 6199 1 0 1 1143 0 1 0 0
469 6753 1 0 1 1366 0 1 0 0
469 6880 1 0 1 1570 0 1 0 0
469 7588 1 0 1 1557 0 1 0 0
469 7975 1 0 1 1637 0 1 0 0
469 8040 1 0 1 1654 0 1 0 0
469 8179 1 0 1 1680 0 1 0 0
469 8526 1 0 1 1759 0 1 0 0
469 8699 1 0 1 1787 0 1 0 0
469 9021 1 0 1 1893 0 1 0 0
469 9151 1 0 1 1920 0 1 0 0
469 9820 1 0 1 2042 0 1 0 0
469 10807 1 0 1 2221 0 1 0 0
469 11115 1 0 1 2293 0 1 0 0
469 11123 1 0 1 2295 0 1 0 0
469 11581 1 0 1 2398 0 1 0 0
469 12206 1 0 1 2536 0 1 0 0
469 12208 1 0 1 2536 0 1 0 0
469 13147 1 0 1 2755 0 1 0 0
469 13936 1 0 1 2972 0 1 0 0
469 14457 1 0 1 3140 0 1 0 0
469 14545 1 0 1 3155 0 1 0 0
469 15434 1 0 1 3335 0 1 0 0
469 16511 1 0 1 3608 0 1 0 0
469 17360 1 0 1 3789 0 1 0 0
469 18169 1 0 1 4022 0 1 0 0
469 18182 1 0 1 4024 0 1 0 0
469 20084 1 0 1 4556 0 1 0 0
492 13540 1 0 1 3205 0 1 0 0
524 766 1 0 1 40 0 1 0 0
524 1271 1 0 1 146 0 1 0 0
547 2305 1 0 1 360 0 1 0 0
550 551 0 1 1 0 2130 0 1 0
551 650 1 0 1 1661 0 1 0 0
551 1534 1 0 1 2315 0 1 0 0
551 5510 1 0 1 3398 0 1 0 0
551 8704 1 0 1 4265 0 1 0 0
551 11690 1 0 1 320 0 1 0 0
551 13842 1 0 1 38 0 1 0 0
551 13863 1 0 1 41 0 1 0 0
551 13895 1 0 1 47 0 1 0 0
551 13954 1 0 1 56 0 1 0 0
551 14310 1 0 1 187 0 1 0 0
551 14337 1 0 1 192 0 1 0 0
551 14754 1 0 1 272 0 1 0 0
551 14824 1 0 1 285 0 1 0 0
551 15073 1 0 1 334 0 1 0 0
551 15147 1 0 1 352 0 1 0 0
551 15163 1 0 1 354 0 1 0 0
551 15254 1 0 1 378 0 1 0 0
551 15339 1 0 1 395 0 1 0 0
551 15364 1 0 1 401 0 1 0 0
551 15422 1 0 1 414 0 1 0 0
551 15499 1 0 1 431 0 1 0 0
551 15511 1 0 1 435 0 1 0 0
551 15610 1 0 1 456 0 1 0 0
551 15630 1 0 1 461 0 1 0 0
551 15636 1 0 1 461 0 1 0 0
551 15652 1 0 1 486 0 1 0 0
551 15772 1 0 1 491 0 1 0 0
551 15832 1 0 1 505 0 1 0 0
551 15880 1 0 1 555 0 1 0 0
551 15923 1 0 1 563 0 1 0 0
551 15931 1 0 1 564 0 1 0 0
551 15957 1 0 1 568 0 1 0 0
551 16045 1 0 1 585 0 1 0 0
551 16131 1 0 1 604 0 1 0 0
551 16273 1 0 1 635 0 1 0 0
551 16298 1 0 1 638 0 1 0 0
551 16313 1 0 1 642 0 1 0 0
551 16395 1 0 1 659 0 1 0 0
551 16409 1 0 1 6060 0 1 0 0
551 16445 1 0 1 672 0 1 0 0
551 16538 1 0 1 702 0 1 0 0
551 16635 1 0 1 724 0 1 0 0
551 16647 1 0 1 727 0 1 0 0
551 16659 1 0 1 727 0 1 0 0
551 16694 1 0 1 737 0 1 0 0
551 16703 1 0 1 739 0 1 0 0
551 16902 1 0 1 769 0 1 0 0
551 16979 1 0 1 787 0 1 0 0
551 17040 1 0 1 800 0 1 0 0
551 17061 1 0 1 804 0 1 0 0
551 17144 1 0 1 824 0 1 0 0
551 17162 1 0 1 827 0 1 0 0
551 17188 1 0 1 832 0 1 0 0
551 17217 1 0 1 838 0 1 0 0
551 17233 1 0 1 841 0 1 0 0
551 17241 1 0 1 842 0 1 0 0
551 17284 1 0 1 852 0 1 0 0
551 17338 1 0 1 865 0 1 0 0
551 17403 1 0 1 877 0 1 0 0
551 17411 1 0 1 878 0 1 0 0
551 17453 1 0 1 887 0 1 0 0
551 17455 1 0 1 888 0 1 0 0
551 17539 1 0 1 901 0 1 0 0
551 17567 1 0 1 905 0 1 0 0
551 17572 1 0 1 1677 0 1 0 0
551 17578 1 0 1 906 0 1 0 0
551 17681 1 0 1 931 0 1 0 0
551 17838 1 0 1 1280 0 1 0 0
551 17905 1 0 1 1045 0 1 0 0
551 17943 1 0 1 1057 0 1 0 0
551 18016 1 0 1 1070 0 1 0 0
551 18054 1 0 1 1080 0 1 0 0
551 18077 1 0 1 1081 0 1 0 0
551 18086 1 0 1 1082 0 1 0 0
551 18089 1 0 1 1084 0 1 0 0
551 18194 1 0 1 1106 0 1 0 0
551 18196 1 0 1 1108 0 1 0 0
551 18204 1 0 1 1110 0 1 0 0
551 18211 1 0 1 1112 0 1 0 0
551 18246 1 0 1 1118 0 1 0 0
551 18295 1 0 1 1129 0 1 0 0
551 18358 1 0 1 1143 0 1 0 0
551 18369 1 0 1 1146 0 1 0 0
551 18405 1 0 1 1152 0 1 0 0
551 18710 1 0 1 1219 0 1 0 0
551 18841 1 0 1 1247 0 1 0 0
551 19004 2 0 2 7981 0 2 0 0
551 19058 1 0 1 1289 0 1 0 0
551 19092 1 0 1 1292 0 1 0 0
551 19115 1 0 1 1294 0 1 0 0
551 19146 1 0 1 1301 0 1 0 0
551 19225 1 0 1 1315 0 1 0 0
551 19260 1 0 1 1323 0 1 0 0
551 19319 1 0 1 1334 0 1 0 0
551 19443 1 0 1 1363 0 1 0 0
551 19454 1 0 1 1364 0 1 0 0
551 19489 1 0 1 1369 0 1 0 0
551 19494 1 0 1 1369 0 1 0 0
551 19513 1 0 1 1373 0 1 0 0
551 19623 1 0 1 1382 0 1 0 0
551 19732 1 0 1 1447 0 1 0 0
551 19763 1 0 1 1453 0 1 0 0
551 19798 1 0 1 1459 0 1 0 0
551 19946 1 0 1 1486 0 1 0 0
551 19948 1 0 1 1485 0 1 0 0
551 19992 1 0 1 1496 0 1 0 0
551 20097 1 0 1 1516 0 1 0 0
551 20252 1 0 1 1549 0 1 0 0
551 20323 1 0 1 1564 0 1 0 0
551 20504 1 0 1 1600 0 1 0 0
551 20532 1 0 1 1608 0 1 0 0
551 20566 1 0 1 1617 0 1 0 0
551 20632 1 0 1 1624 0 1 0 0
551 20654 1 0 1 1630 0 1 0 0
551 20868 1 0 1 1676 0 1 0 0
551 20883 1 0 1 1679 0 1 0 0
555 556 0 1 1 0 336 0 1 0
556 4246 1 0 1 1272 0 1 0 0
556 12696 1 0 1 3344 0 1 0 0
559 2052 2 0 2 26 0 2 0 0
559 2061 1 0 1 17 0 1 0 0
559 2153 1 0 1 33 0 1 0 0
559 2622 1 0 1 2085 0 1 0 0
559 2966 1 0 1 167 0 1 0 0
559 9100 1 0 1 1955 0 1 0 0
559 9799 1 0 1 618 0 1 0 0
559 12235 1 0 1 2593 0 1 0 0
559 15634 1 0 1 28 0 1 0 0
559 18716 1 0 1 786 0 1 0 0
559 19237 1 0 1 4285 0 1 0 0
559 19239 1 0 1 2962 0 1 0 0
583 584 0 1 1 0 2878 0 1 0
584 5545 1 0 1 4143 0 1 0 0
619 620 0 1 1 0 2774 0 1 0
620 1165 1 0 1 2886 0 1 0 0
620 1203 1 0 1 2895 0 1 0 0
620 1264 1 0 1 2903 0 1 0 0
620 1382 1 0 1 2920 0 1 0 0
620 1712 1 0 1 6376 0 1 0 0
620 1811 1 0 1 2989 0 1 0 0
620 1821 1 0 1 3134 0 1 0 0
620 1830 1 0 1 2992 0 1 0 0
620 1902 1 0 1 3010 0 1 0 0
620 1952 1 0 1 3019 0 1 0 0
620 2001 1 0 1 3029 0 1 0 0
620 2271 1 0 1 3131 0 1 0 0
620 2856 1 0 1 3213 0 1 0 0
620 2875 1 0 1 3217 0 1 0 0
620 3242 1 0 1 3376 0 1 0 0
620 3274 1 0 1 3384 0 1 0 0
620 3308 1 0 1 3389 0 1 0 0
620 3701 1 0 1 3844 0 1 0 0
620 4228 1 0 1 3780 0 1 0 0
620 4557 1 0 1 3772 0 1 0 0
620 4650 1 0 1 3795 0 1 0 0
620 4728 1 0 1 3817 0 1 0 0
620 5264 1 0 1 3980 0 1 0 0
620 5579 1 0 1 4092 0 1 0 0
620 6029 1 0 1 4216 0 1 0 0
620 6483 1 0 1 4357 0 1 0 0
620 7100 1 0 1 4556 0 1 0 0
620 7154 1 0 1 4572 0 1 0 0
620 7180 1 0 1 4570 0 1 0 0
620 7429 1 0 1 4636 0 1 0 0
620 7929 1 0 1 4740 0 1 0 0
620 8107 1 0 1 4776 0 1 0 0
620 8860 1 0 1 5084 0 1 0 0
620 8992 1 0 1 4993 0 1 0 0
620 9548 1 0 1 5108 0 1 0 0
620 9893 1 0 1 5280 0 1 0 0
620 9923 1 0 1 5169 0 1 0 0
620 10026 1 0 1 5191 0 1 0 0
620 10089 1 0 1 5201 0 1 0 0
620 10719 1 0 1 5367 0 1 0 0
620 11103 1 0 1 5398 0 1 0 0
620 11447 1 0 1 5477 0 1 0 0
620 12159 1 0 1 5653 0 1 0 0
620 12848 1 0 1 5800 0 1 0 0
620 13094 1 0 1 5903 0 1 0 0
620 13708 1 0 1 5994 0 1 0 0
620 14314 1 0 1 6218 0 1 0 0
620 14623 1 0 1 6280 0 1 0 0
620 14651 1 0 1 6285 0 1 0 0
620 14775 1 0 1 6306 0 1 0 0
620 14996 1 0 1 6416 0 1 0 0
620 15058 1 0 1 6361 0 1 0 0
620 15818 1 0 1 6531 0 1 0 0
620 16127 1 0 1 7102 0 1 0 0
620 16155 1 0 1 7123 0 1 0 0
620 16417 1 0 1 6693 0 1 0 0
620 16451 1 0 1 7162 0 1 0 0
620 16891 1 0 1 6797 0 1 0 0
620 17000 1 0 1 6821 0 1 0 0
620 17135 1 0 1 6852 0 1 0 0
620 17399 1 0 1 6905 0 1 0 0
620 17773 1 0 1 7048 0 1 0 0
620 17932 1 0 1 7082 0 1 0 0
620 18451 1 0 1 7194 0 1 0 0
620 18559 1 0 1 7281 0 1 0 0
620 19186 1 0 1 7339 0 1 0 0
620 19810 1 0 1 7489 0 1 0 0
620 19904 1 0 1 7506 0 1 0 0
620 19920 1 0 1 7609 0 1 0 0
644 645 0 1 1 0 596 0 1 0
716 5589 1 0 1 1252 0 1 0 0
737 738 0 1 1 0 741 0 1 0
818 856 0 1 1 0 339 0 1 0
821 822 0 1 1 0 358 0 1 0
822 2115 1 0 1 639 0 1 0 0
828 829 0 1 1 0 5557 0 1 0
829 1693 1 0 1 5717 0 1 0 0
845 4551 1 0 1 958 0 1 0 0
856 15066 1 0 1 3883 0 1 0 0
860 1743 0 1 1 0 3307 0 1 0
864 865 0 1 1 0 4757 0 1 0
864 11088 2 0 2 2789 0 1.5 0 0
865 11088 1 0 1 7341 0 0.5 0 0
885 8286 1 0 1 7377 0 1 0 0
885 11559 1 0 1 8071 0 1 0 0
885 12891 1 0 1 8379 0 1 0 0
885 203850 1 0 1 39 0 1 0 0
887 980 1 0 1 21 0 1 0 0
925 8564 0 1 1 0 2782 0 1 0
959 1063 1 0 1 27 0 1 0 0
959 1406 1 0 1 88 0 1 0 0
959 2564 1 0 1 345 0 1 0 0
985 12381 1 0 1 4145 0 1 0 0
985 16428 1 0 1 4177 0 1 0 0
986 15493 1 0 1 3898 0 1 0 0
998 1123 1 0 1 2623 0 1 0 0
998 1733 1 0 1 4789 0 1 0 0
998 2117 1 0 1 2837 0 1 0 0
998 4477 1 0 1 3500 0 1 0 0
998 5687 1 0 1 3849 0 1 0 0
998 5689 1 0 1 678 0 1 0 0
998 7907 1 0 1 4481 0 1 0 0
998 7924 1 0 1 4486 0 1 0 0
998 8458 1 0 1 4595 0 1 0 0
998 8744 1 0 1 4653 0 1 0 0
998 9064 1 0 1 4758 0 1 0 0
998 9475 1 0 1 4841 0 1 0 0
998 9799 1 0 1 3423 0 1 0 0
998 9807 1 0 1 4897 0 1 0 0
998 10437 1 0 1 5015 0 1 0 0
998 12045 1 0 1 5359 0 1 0 0
998 13971 1 0 1 5834 0 1 0 0
998 14098 1 0 1 5856 0 1 0 0
998 14683 1 0 1 6033 0 1 0 0
1072 1533 0 1 1 0 4881 0 1 0
1076 1077 0 1 1 0 5307 0 1 0
1091 1273 1 0 1 33 0 1 0 0
1091 2044 1 0 1 207 0 1 0 0
1091 3095 1 0 1 2131 0 0.5 0 0
1121 1122 0 1 1 0 602 0 1 0
1122 7827 1 0 1 2444 0 1 0 0
1122 10417 1 0 1 2985 0 1 0 0
1137 2384 0 1 1 0 30 0 1 0
1137 6467 0 1 1 0 61 0 1 0
1137 6545 2 0 2 478 0 2 0 0
1137 9401 0 1 1 0 213 0 1 0
1137 15420 0 1 1 0 6672 0 1 0
1137 17680 0 1 1 0 310 0 1 0
1171 1172 0 1 1 0 910 0 1 0
1172 1665 1 0 1 988 0 1 0 0
1172 5649 1 0 1 2115 0 1 0 0
1172 6398 1 0 1 2359 0 1 0 0
1172 7242 1 0 1 2641 0 1 0 0
1172 7973 1 0 1 2766 0 1 0 0
1172 18449 1 0 1 5213 0 1 0 0
1287 1288 0 1 1 0 2875 0 1 0
1288 14723 1 0 1 6263 0 1 0 0
1288 18834 1 0 1 7239 0 1 0 0
1288 18977 1 0 1 7269 0 1 0 0
1317 1318 0 1 1 0 1605 0 1 0
1318 1319 1 0 1 178 0 1 0 0
1324 1325 0 1 1 0 2283 0 1 0
1325 4483 1 0 1 3127 0 1 0 0
1325 11018 2 0 2 4948 0 2 0 0
1376 2601 1 0 1 315 0 1 0 0
1376 17868 1 0 1 2355 0 1 0 0
1406 16184 0 1 1 0 233 0 1 0
1467 1686 1 0 1 34 0 1 0 0
1467 2082 1 0 1 149 0 1 0 0
1478 1479 0 1 1 0 5829 0 1 0
1524 1681 1 0 1 180 0 1 0 0
1561 1562 1 0 1 253 0 1 0 0
1563 1657 1 0 1 133 0 1 0 0
1646 1681 0 1 1 0 776 0 1 0
1646 2185 1 0 1 135 0 1 0 0
1646 6401 2 0 2 2595 0 1.5 0 0
1646 6746 1 0 1 1509 0 1 0 0
1680 1681 0 1 1 0 621 0 1 0
1681 2325 1 0 1 774 0 1 0 0
1681 2552 1 0 1 807 0 1 0 0
1681 2746 1 0 1 843 0 1 0 0
1681 2792 1 0 1 850 0 1 0 0
1681 4387 1 0 1 1384 0 1 0 0
1681 5044 1 0 1 1593 0 1 0 0
1681 5954 1 0 1 1852 0 1 0 0
1681 6188 1 0 1 1902 0 1 0 0
1681 6401 1 0 1 1997 0 0.5 0 0
1681 6584 1 1 2 2028 8 1 1 0
1681 11533 1 0 1 3150 0 1 0 0
1681 15872 1 0 1 4232 0 1 0 0
1704 1705 0 1 1 0 3793 0 1 0
1705 2783 1 0 1 4019 0 1 0 0
1705 10914 1 0 1 6182 0 1 0 0
1743 6252 1 0 1 1288 0 1 0 0
1800 1801 0 1 1 0 3965 0 1 0
1801 1802 1 0 1 30 0 1 0 0
1819 1820 0 1 1 0 2205 0 1 0
1821 2188 0 1 1 0 5741 0 1 0
1866 1867 0 1 1 0 5607 0 1 0
1867 7903 1 0 1 7340 0 1 0 0
1870 1871 0 1 1 0 675 0 1 0
1872 3032 1 0 1 448 0 1 0 0
1872 7580 1 0 1 9 0 1 0 0
1872 9664 1 0 1 2119 0 1 0 0
1877 2190 1 0 1 96 0 1 0 0
1951 2762 1 0 1 175 0 1 0 0
1956 6526 1 0 1 39 0 1 0 0
1956 6697 1 0 1 140 0 1 0 0
1956 6880 1 0 1 181 0 1 0 0
1956 6882 1 0 1 181 0 1 0 0
1956 7027 1 0 1 219 0 1 0 0
1956 7170 1 0 1 242 0 1 0 0
1956 7415 1 0 1 307 0 1 0 0
1956 7750 1 0 1 376 0 1 0 0
1956 8124 1 0 1 455 0 1 0 0
1956 8339 1 0 1 493 0 1 0 0
1956 8827 1 0 1 593 0 1 0 0
1956 9109 1 0 1 695 0 1 0 0
1956 10481 1 0 1 943 0 1 0 0
1956 11612 1 0 1 1188 0 1 0 0
1956 12397 1 0 1 2824 0 1 0 0
1956 15647 1 0 1 2167 0 1 0 0
1956 16678 1 0 1 2434 0 1 0 0
2000 2144 1 0 1 68 0 1 0 0
2000 2378 1 0 1 102 0 1 0 0
2000 3518 1 0 1 399 0 1 0 0
2000 3867 1 0 1 531 0 1 0 0
2000 5912 1 0 1 1164 0 1 0 0
2000 7262 1 0 1 1601 0 1 0 0
2000 13706 1 0 1 2966 0 1 0 0
2017 18907 1 0 1 4254 0 1 0 0
2044 3095 1 1 2 1924 1203 0.5 1 0
2058 2059 0 1 1 0 1148 0 1 0
2059 8151 1 0 1 2851 0 1 0 0
2059 9185 1 0 1 3105 0 1 0 0
2059 13811 1 0 1 4127 0 1 0 0
2066 9276 1 0 1 3516 0 1 0 0
2066 10488 1 0 1 758 0 1 0 0
2099 7127 1 0 1 1469 0 1 0 0
2102 2576 1 0 1 70 0 1 0 0
2164 2165 0 1 1 0 51 0 1 0
2184 2202 2 0 2 153 0 2 0 0
2184 2313 2 0 2 174 0 2 0 0
2184 2358 1 0 1 26 0 1 0 0
2184 2451 1 0 1 38 0 1 0 0
2184 2567 1 0 1 57 0 1 0 0
2184 2688 2 0 2 329 0 2 0 0
2184 7675 1 0 1 13 0 1 0 0
2184 7926 1 0 1 71 0 1 0 0
2184 8269 1 0 1 138 0 1 0 0
2188 2840 1 0 1 8549 0 1 0 0
2188 4850 1 0 1 6491 0 1 0 0
2188 11957 1 0 1 8230 0 1 0 0
2214 3613 1 0 1 339 0 1 0 0
2221 17293 1 0 1 3778 0 1 0 0
2250 2251 0 1 1 0 67 0 1 0
2277 12990 1 0 1 2769 0 1 0 0
2351 6496 1 0 1 203 0 1 0 0
2351 14427 1 0 1 8490 0 1 0 0
2358 7896 0 1 1 0 39 0 1 0
2358 16312 0 1 1 0 10 0 1 0
2386 7871 1 0 1 2230 0 1 0 0
2386 11060 1 0 1 48 0 1 0 0
2386 11567 1 0 1 164 0 1 0 0
2386 11707 1 0 1 192 0 1 0 0
2386 11770 1 0 1 206 0 1 0 0
2386 11973 1 0 1 253 0 1 0 0
2386 12516 2 0 2 3635 0 2 0 0
2386 13472 1 0 1 598 0 1 0 0
2386 17920 1 0 1 1738 0 1 0 0
2386 20298 1 0 1 2244 0 1 0 0
2386 20634 1 0 1 2312 0 1 0 0
2451 16312 0 1 1 0 39 0 1 0
2475 2615 1 0 1 20 0 1 0 0
2485 2486 0 1 1 0 1064 0 1 0
2493 2584 2 0 2 35 0 1.5 0 0
2493 2770 2 0 2 81 0 1.5 0 0
2495 2496 0 1 1 0 742 0 1 0
2530 2531 0 1 1 0 1166 0 1 0
2539 2540 0 1 1 0 3616 0 1 0
2540 4633 1 0 1 4253 0 1 0 0
2540 7898 1 0 1 5195 0 1 0 0
2540 10033 1 0 1 5654 0 1 0 0
2540 10784 1 0 1 5788 0 1 0 0
2540 11660 1 0 1 5985 0 1 0 0
2540 13839 1 0 1 6529 0 1 0 0
2540 19396 1 0 1 7840 0 1 0 0
2573 2574 0 1 1 0 4824 0 1 0
2574 2778 1 0 1 4861 0 1 0 0
2601 2931 1 0 1 63 0 1 0 0
2601 2989 2 0 2 170 0 2 0 0
2601 5897 1 0 1 1024 0 1 0 0
2743 2981 1 0 1 46 0 1 0 0
2750 2751 0 1 1 0 835 0 1 0
2781 3630 0 1 1 0 1168 0 1 0
2806 3611 1 0 1 243 0 1 0 0
2806 9903 1 0 1 1966 0 1 0 0
2846 3674 1 0 1 245 0 1 0 0
2846 12518 1 0 1 2513 0 1 0 0
2846 14124 1 0 1 180 0 1 0 0
2880 3032 1 0 1 29 0 1 0 0
2880 3088 1 0 1 45 0 1 0 0
2977 2978 0 1 1 0 2502 0 1 0
3005 14089 1 0 1 2869 0 1 0 0
3032 8117 0 1 1 0 312 0 1 0
3068 3360 1 0 1 140 0 1 0 0
3095 3123 1 0 1 47 0 1 0 0
3095 13151 1 0 1 2602 0 1 0 0
3107 3110 1 0 1 42 0 1 0 0
3107 3130 1 0 1 46 0 1 0 0
3107 3145 1 0 1 50 0 1 0 0
3107 3201 1 0 1 103 0 1 0 0
3107 3286 1 0 1 120 0 1 0 0
3107 3479 1 0 1 153 0 1 0 0
3107 3582 1 0 1 173 0 1 0 0
3107 3600 1 0 1 176 0 1 0 0
3107 3603 1 0 1 176 0 1 0 0
3107 3780 1 0 1 278 0 1 0 0
3107 3845 1 0 1 288 0 1 0 0
3107 4036 1 0 1 326 0 1 0 0
3107 4098 1 0 1 340 0 1 0 0
3107 4232 1 0 1 432 0 1 0 0
3107 4341 1 0 1 459 0 1 0 0
3107 4419 1 0 1 474 0 1 0 0
3107 4422 1 0 1 475 0 1 0 0
3107 4487 1 0 1 492 0 1 0 0
3107 4527 1 0 1 502 0 1 0 0
3107 4543 1 0 1 505 0 1 0 0
3107 4776 1 0 1 564 0 1 0 0
3107 4785 1 0 1 566 0 1 0 0
3107 4800 1 0 1 568 0 1 0 0
3107 4884 1 0 1 644 0 1 0 0
3107 4926 1 0 1 652 0 1 0 0
3107 5228 1 0 1 708 0 1 0 0
3107 5533 1 0 1 768 0 1 0 0
3107 5577 1 0 1 773 0 1 0 0
3107 5598 1 0 1 778 0 1 0 0
3107 5870 1 0 1 918 0 1 0 0
3107 5907 1 0 1 924 0 1 0 0
3107 5926 1 0 1 929 0 1 0 0
3107 5940 1 0 1 931 0 1 0 0
3107 6006 1 0 1 946 0 1 0 0
3107 6075 1 0 1 962 0 1 0 0
3107 6334 1 0 1 1014 0 1 0 0
3107 6429 1 0 1 1078 0 1 0 0
3107 6541 1 0 1 1104 0 1 0 0
3107 6790 1 0 1 1222 0 1 0 0
3107 6805 1 0 1 1224 0 1 0 0
3107 6973 1 0 1 1264 0 1 0 0
3107 7213 1 0 1 1308 0 1 0 0
3107 7219 1 0 1 1310 0 1 0 0
3107 7425 1 0 1 1369 0 1 0 0
3107 7464 1 0 1 1378 0 1 0 0
3107 7708 1 0 1 1422 0 1 0 0
3107 7956 1 0 1 1477 0 1 0 0
3107 8126 1 0 1 1515 0 1 0 0
3107 8263 1 0 1 1540 0 1 0 0
3107 8319 1 0 1 1549 0 1 0 0
3107 8347 1 0 1 1555 0 1 0 0
3107 8369 1 0 1 1559 0 1 0 0
3107 8395 1 0 1 1566 0 1 0 0
3107 8433 1 0 1 1576 0 1 0 0
3107 8526 1 0 1 1607 0 1 0 0
3107 8585 1 0 1 1607 0 1 0 0
3107 8589 1 0 1 1607 0 1 0 0
3107 8789 1 0 1 1647 0 1 0 0
3107 8945 1 0 1 1675 0 1 0 0
3107 9091 1 0 1 1752 0 1 0 0
3107 9315 1 0 1 1795 0 1 0 0
3107 9361 1 0 1 1806 0 1 0 0
3107 9397 1 0 1 1811 0 1 0 0
3107 9485 1 0 1 1830 0 1 0 0
3107 9859 1 0 1 1894 0 1 0 0
3107 10185 1 0 1 1954 0 1 0 0
3107 10413 1 0 1 1993 0 1 0 0
3107 10486 1 0 1 2004 0 1 0 0
3107 10764 1 0 1 2056 0 1 0 0
3107 11177 1 0 1 2149 0 1 0 0
3107 11199 1 0 1 2154 0 1 0 0
3107 11227 1 0 1 2160 0 1 0 0
3107 11255 1 0 1 2168 0 1 0 0
3107 11903 1 0 1 2314 0 1 0 0
3107 12391 1 0 1 2431 0 1 0 0
3107 12393 1 0 1 2431 0 1 0 0
3107 12449 1 0 1 2444 0 1 0 0
3107 12618 1 0 1 2485 0 1 0 0
3107 12681 1 0 1 2502 0 1 0 0
3107 12867 1 0 1 2539 0 1 0 0
3107 12954 1 0 1 2559 0 1 0 0
3107 13187 1 0 1 2608 0 1 0 0
3107 13243 1 0 1 2616 0 1 0 0
3107 13381 1 0 1 2648 0 1 0 0
3107 13428 1 0 1 2659 0 1 0 0
3107 13560 1 0 1 2694 0 1 0 0
3107 13628 1 0 1 2709 0 1 0 0
3107 13720 1 0 1 2730 0 1 0 0
3107 14113 1 0 1 2847 0 1 0 0
3107 14499 1 0 1 2991 0 1 0 0
3107 14640 1 0 1 3017 0 1 0 0
3107 14746 1 0 1 3033 0 1 0 0
3107 14935 1 0 1 3067 0 1 0 0
3107 15613 1 0 1 3220 0 1 0 0
3107 15708 1 0 1 3238 0 1 0 0
3107 16022 1 0 1 3343 0 1 0 0
3107 16090 1 0 1 3358 0 1 0 0
3107 16996 1 0 1 3553 0 1 0 0
3107 17022 1 0 1 3561 0 1 0 0
3107 17693 1 0 1 3697 0 1 0 0
3107 18060 1 0 1 3842 0 1 0 0
3107 18180 1 0 1 3868 0 1 0 0
3107 18904 1 0 1 4020 0 1 0 0
3107 19017 1 0 1 4043 0 1 0 0
3107 19103 1 0 1 4056 0 1 0 0
3107 19409 1 0 1 4114 0 1 0 0
3107 19475 1 0 1 4129 0 1 0 0
3107 19933 1 0 1 4246 0 1 0 0
3107 20070 1 0 1 4274 0 1 0 0
3107 20362 1 0 1 4338 0 1 0 0
3107 20812 1 0 1 4427 0 1 0 0
3164 8207 1 0 1 437 0 1 0 0
3196 3297 1 0 1 20 0 1 0 0
3196 14495 1 0 1 2861 0 1 0 0
3208 3209 0 1 1 0 2279 0 1 0
3241 3905 1 0 1 39 0 1 0 0
3241 5711 1 0 1 581 0 1 0 0
3241 12480 1 0 1 2191 0 1 0 0
3241 12929 1 0 1 2293 0 1 0 0
3241 15157 1 0 1 2855 0 1 0 0
3241 18574 1 0 1 3690 0 1 0 0
3270 3328 1 0 1 11 0 1 0 0
3270 3334 1 0 1 12 0 1 0 0
3270 3364 1 0 1 15 0 1 0 0
3270 3449 1 0 1 31 0 1 0 0
3270 3459 1 0 1 33 0 1 0 0
3270 3483 2 0 2 78 0 2 0 0
3270 3587 1 0 1 58 0 1 0 0
3270 3813 1 0 1 167 0 1 0 0
3270 3856 1 0 1 175 0 1 0 0
3270 3879 1 0 1 179 0 1 0 0
3270 3937 1 0 1 190 0 1 0 0
3270 3974 1 0 1 197 0 1 0 0
3270 4615 1 0 1 405 0 1 0 0
3270 4708 1 0 1 430 0 1 0 0
3270 4827 1 0 1 457 0 1 0 0
3270 6468 2 0 2 993 0 2 0 0
3270 7629 1 0 1 1292 0 1 0 0
3270 8526 1 0 1 1496 0 1 0 0
3270 9467 1 0 1 1712 0 1 0 0
3270 12357 1 0 1 2303 0 1 0 0
3270 16339 1 0 1 3294 0 1 0 0
3270 16526 1 0 1 3344 0 1 0 0
3270 20197 1 0 1 4187 0 1 0 0
3270 20668 1 0 1 14 0 1 0 0
3270 20710 1 0 1 24 0 1 0 0
3270 20852 1 0 1 55 0 1 0 0
3295 3332 1 0 1 7 0 1 0 0
3322 6139 1 0 1 848 0 1 0 0
3351 3352 0 1 1 0 1579 0 1 0
3366 3367 0 1 1 0 1502 0 1 0
3367 12572 1 0 1 3842 0 1 0 0
3407 3677 0 1 1 0 3685 0 1 0
3407 3709 0 1 1 0 129 0 1 0
3407 3972 0 1 1 0 109 0 1 0
3451 3452 0 1 1 0 4616 0 1 0
3469 17362 1 0 1 3482 0 1 0 0
3509 8164 1 0 1 1362 0 1 0 0
3522 3523 0 1 1 0 68 0 1 0
3523 5633 1 0 1 733 0 1 0 0
3630 7428 0 1 1 0 2367 0 1 0
3673 9076 1 0 1 1561 0 1 0 0
3677 11875 1 0 1 5798 0 1 0 0
3677 17713 1 0 1 7248 0 1 0 0
3701 5063 0 1 1 0 35 0 1 0
3704 3782 2 0 2 2091 0 2 0 0
3704 4029 1 0 1 129 0 1 0 0
3704 4273 1 0 1 246 0 1 0 0
3704 20091 1 0 1 5960 0 1 0 0
3709 12381 1 0 1 3041 0 1 0 0
3716 3717 0 1 1 0 247 0 1 0
3717 4381 1 0 1 451 0 1 0 0
3717 4515 1 0 1 485 0 1 0 0
3764 4215 1 0 1 154 0 1 0 0
3838 3950 1 0 1 23 0 1 0 0
3855 3921 3 0 3 280 0 1.83333 0 0
3855 3947 0 1 1 0 32 0 1 0
3855 3988 2 0 2 49 0 1.5 0 0
3855 4160 1 0 1 63 0 1 0 0
3855 4171 3 2 5 132 84 0.666667 1.5 0
3855 4182 3 1 4 68 92 1.5 0.5 0
3855 4256 2 0 2 249 0 1.5 0 0
3855 4491 1 0 1 203 0 1 0 0
3855 4643 5 0 5 3244 0 2.16667 0 0
3855 4839 0 1 1 0 45 0 1 0
3855 4997 6 0 6 3857 0 2.91667 0 0
3855 5022 4 0 4 1065 0 2.16667 0 0
3855 5103 2 1 3 633 21 0.5 1 0
3855 5119 0 1 1 0 19 0 1 0
3855 6958 1 0 1 969 0 1 0 0
3855 7007 5 0 5 5706 0 2.11667 0 0
3855 7110 4 0 4 3629 0 2 0 0
3855 8147 3 0 3 3086 0 1.83333 0 0
3855 8526 1 0 1 1327 0 1 0 0
3855 9017 2 0 2 5342 0 1.5 0 0
3855 11720 7 0 7 11538 0 2.86667 0 0
3855 13700 1 0 1 2436 0 1 0 0
3855 17483 4 0 4 13267 0 2.33333 0 0
3855 17806 1 0 1 3499 0 1 0 0
3855 19072 6 0 6 20529 0 2.66667 0 0
3884 3885 0 1 1 0 2945 0 1 0
3885 165417 0 1 1 0 16 0 1 0
3908 17192 0 1 1 0 679 0 1 0
3921 3947 0 1 1 0 43 0 0.5 0
3921 4171 0 2 2 0 333 0 1.33333 0
3921 5119 0 1 1 0 276 0 0.333333 0
3925 3926 0 1 1 0 988 0 1 0
3935 3936 0 1 1 0 3919 0 1 0
3939 4017 1 0 1 17 0 1 0 0
3939 4026 1 0 1 19 0 1 0 0
3939 5005 1 0 1 260 0 1 0 0
3939 5008 1 0 1 260 0 1 0 0
3939 5122 1 0 1 42 0 1 0 0
3939 9897 1 0 1 159 0 1 0 0
3939 10453 1 0 1 259 0 1 0 0
3939 11185 1 0 1 159 0 1 0 0
3939 11851 1 0 1 630 0 1 0 0
3939 12216 1 0 1 1799 0 1 0 0
3939 14029 1 0 1 604 0 1 0 0
3939 19777 1 0 1 1531 0 1 0 0
3939 238851 1 0 1 596 0 1 0 0
3947 4256 1 0 1 135 0 0.5 0 0
3947 4643 1 0 1 1947 0 0.333333 0 0
3947 4997 1 0 1 414 0 0.5 0 0
3947 5022 1 0 1 438 0 0.5 0 0
3947 5103 1 0 1 526 0 0.333333 0 0
3947 7007 1 0 1 1510 0 0.333333 0 0
3947 7110 1 0 1 1221 0 0.333333 0 0
3947 11720 1 0 1 1991 0 0.333333 0 0
3947 17483 1 0 1 4010 0 0.5 0 0
3947 19072 1 0 1 3749 0 0.333333 0 0
3972 9618 1 0 1 1648 0 1 0 0
3972 20441 1 0 1 4149 0 1 0 0
3988 4182 0 1 1 0 114 0 0.5 0
3990 4169 1 0 1 38 0 1 0 0
4039 4040 0 1 1 0 3146 0 1 0
4040 10717 1 0 1 4864 0 1 0 0
4040 14371 1 0 1 5784 0 1 0 0
4046 4047 0 1 1 0 116 0 1 0
4137 4138 0 1 1 0 5684 0 1 0
4171 4182 0 4 4 0 147 0 1.16667 0
4171 4256 1 0 1 97 0 1 0 0
4171 4266 1 4 5 89 104 1 1.16667 0
4171 4643 4 0 4 1201 0 1.83333 0 0
4171 4839 0 1 1 0 100 0 0.166667 0
4171 4997 4 1 5 3398 16 2.08333 0.166667 0
4171 5022 2 1 3 568 11 1.33333 0.166667 0
4171 5103 2 1 3 580 66 0.5 0.25 0
4171 5119 0 1 1 0 51 0 0.25 0
4171 7007 4 0 4 4621 0 1.28333 0 0
4171 7110 3 0 3 2305 0 1.16667 0 0
4171 9595 1 0 1 1493 0 1 0 0
4171 11720 6 0 6 9499 0 2.03333 0 0
4171 17483 2 0 2 5965 0 0.833333 0 0
4171 19072 5 0 5 16766 0 1.83333 0 0
4182 4266 4 0 4 43 0 2.5 0 0
4182 4643 3 0 3 1145 0 0.833333 0 0
4182 4839 0 1 1 0 75 0 0.5 0
4182 4997 3 0 3 805 0 0.916667 0 0
4182 5022 2 0 2 299 0 0.666667 0 0
4182 5103 1 1 2 109 36 0.166667 0.5 0
4182 5119 0 1 1 0 42 0 0.5 0
4182 7007 3 0 3 3292 0 0.783333 0 0
4182 8147 2 0 2 1911 0 0.833333 0 0
4182 9017 1 0 1 3988 0 0.5 0 0
4182 11720 4 0 4 6695 0 1.03333 0 0
4182 19072 3 0 3 10386 0 0.833333 0 0
4182 20292 1 0 1 3900 0 1 0 0
4199 12314 1 0 1 308 0 1 0 0
4199 17013 1 0 1 1508 0 1 0 0
4199 17416 1 0 1 1542 0 1 0 0
4235 4534 1 0 1 72 0 1 0 0
4266 4839 0 1 1 0 80 0 0.5 0
4266 5103 1 1 2 104 48 0.166667 0.5 0
4266 5119 0 1 1 0 49 0 0.5 0
4283 4284 0 1 1 0 38 0 1 0
4283 12774 0 1 1 0 27 0 1 0
4284 4691 1 0 1 133 0 1 0 0
4292 4293 0 1 1 0 2354 0 1 0
4307 4308 1 1 2 499 4615 1 1 0
4326 4327 0 1 1 0 4215 0 1 0
4327 4503 1 0 1 4257 0 1 0 0
4366 4367 0 1 1 0 3054 0 1 0
4577 4578 0 1 1 0 1474 0 1 0
4578 9111 1 0 1 2718 0 1 0 0
4586 15658 1 0 1 39 0 1 0 0
4586 16731 1 0 1 316 0 1 0 0
4596 4597 0 1 1 0 1145 0 1 0
4609 4610 0 1 1 0 1419 0 1 0
4613 4614 0 1 1 0 4664 0 1 0
4614 11088 1 0 1 6274 0 1 0 0
4621 9722 1 0 1 70 0 1 0 0
4621 9935 1 0 1 84 0 1 0 0
4621 11398 1 0 1 375 0 1 0 0
4621 11543 1 0 1 412 0 1 0 0
4621 13218 1 0 1 807 0 1 0 0
4643 5103 1 2 3 318 1970 0.333333 0.583333 0
4643 5119 0 1 1 0 548 0 0.25 0
4672 9375 2 0 2 758 0 2 0 0
4672 19214 1 0 1 424 0 1 0 0
4685 5445 0 1 1 0 203 0 1 0
4690 18184 1 0 1 3329 0 1 0 0
4721 7615 0 1 1 0 248 0 1 0
4737 9529 1 0 1 1288 0 1 0 0
4818 4819 0 1 1 0 5597 0 1 0
4819 4820 1 0 1 338 0 1 0 0
4819 4822 1 0 1 331 0 1 0 0
4819 28003 1 0 1 154 0 1 0 0
4829 4863 1 0 1 13 0 1 0 0
4839 4997 1 0 1 84 0 0.333333 0 0
4839 5022 1 0 1 89 0 0.333333 0 0
4839 5103 1 0 1 184 0 0.166667 0 0
4839 7007 1 0 1 1936 0 0.2 0 0
4839 11720 1 0 1 1738 0 0.2 0 0
4899 4900 0 1 1 0 1505 0 1 0
4908 4909 0 1 1 0 3895 0 1 0
4909 5362 1 0 1 3981 0 1 0 0
4909 6289 1 0 1 4322 0 1 0 0
4909 8107 1 0 1 4899 0 1 0 0
4909 9756 1 0 1 5125 0 1 0 0
4909 18023 1 0 1 7081 0 1 0 0
4909 19284 1 0 1 7338 0 1 0 0
4920 4921 0 1 1 0 3374 0 1 0
4941 7079 1 0 1 630 0 1 0 0
4941 8013 1 0 1 837 0 1 0 0
4941 8722 1 0 1 980 0 1 0 0
4941 15159 1 0 1 2461 0 1 0 0
4941 17727 1 0 1 3114 0 1 0 0
4945 4946 0 1 1 0 44 0 1 0
4946 5235 1 0 1 97 0 1 0 0
4946 8958 1 0 1 1064 0 1 0 0
4946 10984 1 0 1 1496 0 1 0 0
4946 11163 1 0 1 1532 0 1 0 0
4946 14957 1 0 1 2521 0 1 0 0
4946 15263 1 0 1 2530 0 1 0 0
4970 12558 0 1 1 0 2053 0 1 0
4997 5103 3 1 4 349 278 0.833333 0.25 0
5019 5313 1 0 1 53 0 1 0 0
5063 5111 1 0 1 9 0 1 0 0
5063 5142 1 0 1 15 0 1 0 0
5063 5151 1 0 1 17 0 1 0 0
5063 5164 1 0 1 21 0 1 0 0
5063 5185 1 0 1 25 0 1 0 0
5063 5219 1 0 1 29 0 1 0 0
5063 5515 1 0 1 87 0 1 0 0
5063 5651 1 0 1 151 0 1 0 0
5063 5942 1 0 1 253 0 1 0 0
5063 5944 1 0 1 254 0 1 0 0
5063 6922 1 0 1 574 0 1 0 0
5063 7432 1 0 1 692 0 1 0 0
5063 8854 1 0 1 978 0 1 0 0
5063 9603 1 0 1 1171 0 1 0 0
5063 9970 1 0 1 1304 0 1 0 0
5063 10488 1 0 1 1326 0 1 0 0
5063 12648 1 0 1 1814 0 1 0 0
5063 16214 1 0 1 2707 0 1 0 0
5063 17311 1 0 1 3241 0 1 0 0
5063 17737 1 0 1 3093 0 1 0 0
5063 19162 1 0 1 3396 0 1 0 0
5063 20015 1 0 1 3585 0 1 0 0
5063 20340 1 0 1 3652 0 1 0 0
5103 7007 4 0 4 4304 0 1.28333 0 0
5103 7110 3 0 3 2018 0 1.16667 0 0
5103 8147 1 0 1 832 0 0.333333 0 0
5103 11720 4 0 4 6108 0 1.28333 0 0
5103 19072 3 0 3 9871 0 1.08333 0 0
5119 5479 1 0 1 67 0 1 0 0
5119 7110 1 0 1 603 0 0.333333 0 0
5119 11720 1 0 1 1603 0 0.25 0 0
5119 17483 1 0 1 3627 0 0.333333 0 0
5119 19072 1 0 1 3365 0 0.25 0 0
5209 13780 1 0 1 20 0 1 0 0
5209 15479 1 0 1 424 0 1 0 0
5209 17418 1 0 1 77 0 1 0 0
5209 18338 1 0 1 335 0 1 0 0
5209 18878 1 0 1 1247 0 1 0 0
5209 20353 2 0 2 2361 0 2 0 0
5238 12320 1 0 1 812 0 1 0 0
5257 8564 0 1 1 0 15 0 1 0
5275 5863 1 0 1 202 0 1 0 0
5310 7969 0 1 1 0 2374 0 1 0
5342 6143 1 0 1 244 0 1 0 0
5427 7138 1 0 1 549 0 1 0 0
5445 5767 0 1 1 0 192 0 1 0
5445 14127 0 1 1 0 202 0 1 0
5486 5933 0 1 1 0 45 0 1 0
5486 16649 0 1 1 0 724 0 1 0
5549 5550 0 1 1 0 147 0 1 0
5579 5854 0 1 1 0 6512 0 1 0
5591 8878 1 0 1 886 0 1 0 0
5618 5619 0 1 1 0 4052 0 1 0
5635 6558 1 0 1 279 0 1 0 0
5691 19386 1 0 1 3274 0 1 0 0
5721 6027 0 1 1 0 1169 0 1 0
5723 5724 0 1 1 0 434 0 1 0
5756 10602 1 0 1 4084 0 1 0 0
5766 5767 0 1 1 0 3806 0 1 0
5767 7281 1 0 1 8547 0 1 0 0
5767 7299 1 0 1 8547 0 1 0 0
5767 7400 1 0 1 8547 0 1 0 0
5767 19520 1 0 1 8547 0 1 0 0
5767 19523 1 0 1 8547 0 1 0 0
5767 19525 1 0 1 8547 0 1 0 0
5767 19527 1 0 1 8547 0 1 0 0
5767 19529 1 0 1 8547 0 1 0 0
5767 19531 1 0 1 8547 0 1 0 0
5767 19534 1 0 1 8547 0 1 0 0
5767 19537 1 0 1 8547 0 1 0 0
5767 19539 1 0 1 18 0 1 0 0
5767 19541 1 0 1 8547 0 1 0 0
5767 19543 1 0 1 8547 0 1 0 0
5767 19552 1 0 1 8547 0 1 0 0
5767 19554 1 0 1 8547 0 1 0 0
5767 19557 1 0 1 8547 0 1 0 0
5767 19560 1 0 1 8547 0 1 0 0
5767 19562 1 0 1 8547 0 1 0 0
5767 19565 1 0 1 8547 0 1 0 0
5767 19570 1 0 1 8547 0 1 0 0
5767 19572 1 0 1 8547 0 1 0 0
5767 19574 1 0 1 8547 0 1 0 0
5767 19577 1 0 1 8547 0 1 0 0
5767 19580 1 0 1 8547 0 1 0 0
5767 19583 1 0 1 8547 0 1 0 0
5767 19585 1 0 1 8547 0 1 0 0
5767 19587 1 0 1 8547 0 1 0 0
5803 6277 1 0 1 94 0 1 0 0
5810 5811 0 1 1 0 40 0 1 0
5821 5822 0 1 1 0 5784 0 1 0
5825 5826 0 1 1 0 2431 0 1 0
5830 5992 1 0 1 33 0 1 0 0
5854 8854 1 0 1 7372 0 1 0 0
5881 9334 1 0 1 881 0 1 0 0
5881 16830 1 0 1 2622 0 1 0 0
5964 9697 1 0 1 927 0 1 0 0
5976 12862 1 0 1 1600 0 1 0 0
6012 6013 0 1 1 0 5496 0 1 0
6024 6025 0 1 1 0 1970 0 1 0
6121 6504 1 0 1 123 0 1 0 0
6122 6260 1 0 1 30 0 1 0 0
6122 6802 1 0 1 254 0 1 0 0
6199 8564 0 1 1 0 2664 0 1 0
6297 6650 1 0 1 186 0 1 0 0
6349 8548 1 0 1 582 0 1 0 0
6388 7046 1 0 1 210 0 1 0 0
6388 8489 1 0 1 517 0 1 0 0
6388 9234 1 0 1 709 0 1 0 0
6388 12730 1 0 1 1441 0 1 0 0
6388 13125 1 0 1 1525 0 1 0 0
6388 19785 1 0 1 3150 0 1 0 0
6407 11018 1 0 1 1086 0 1 0 0
6438 8972 1 0 1 642 0 1 0 0
6438 12906 1 0 1 1468 0 1 0 0
6452 18085 1 0 1 14 0 1 0 0
6462 6463 0 1 1 0 3724 0 1 0
6479 6480 0 1 1 0 484 0 1 0
6480 6593 1 0 1 507 0 1 0 0
6480 17408 1 0 1 3035 0 1 0 0
6507 6508 0 1 1 0 2004 0 1 0
6507 13470 0 1 1 0 328 0 1 0
6560 15736 1 0 1 2141 0 1 0 0
6583 10415 1 0 1 884 0 1 0 0
6620 6621 0 1 1 0 3893 0 1 0
6628 10737 1 0 1 926 0 1 0 0
6673 7090 1 0 1 91 0 1 0 0
6680 6681 1 0 1 18 0 1 0 0
6684 6685 0 1 1 0 7471 0 1 0
6707 8920 1 0 1 467 0 1 0 0
6707 11531 1 0 1 1032 0 1 0 0
6710 6711 0 1 1 0 970 0 1 0
6813 8065 1 0 1 277 0 1 0 0
6880 11608 0 1 1 0 547 0 1 0
6886 6887 0 1 1 0 2063 0 1 0
6944 6945 0 1 1 0 3478 0 1 0
6954 13999 1 0 1 1589 0 1 0 0
6956 6957 0 1 1 0 222 0 1 0
7010 7011 0 1 1 0 2669 0 1 0
7020 7438 1 0 1 96 0 1 0 0
7020 7814 1 0 1 174 0 1 0 0
7020 8539 1 0 1 321 0 1 0 0
7020 8930 1 0 1 393 0 1 0 0
7020 10329 1 0 1 697 0 1 0 0
7020 16101 1 0 1 2085 0 1 0 0
7137 7948 1 0 1 180 0 1 0 0
7142 7143 0 1 1 0 2522 0 1 0
7142 9941 1 0 1 594 0 1 0 0
7143 7144 1 0 1 47 0 1 0 0
7144 14262 1 0 1 267 0 1 0 0
7154 18913 0 1 1 0 191 0 1 0
7187 7188 0 1 1 0 3543 0 1 0
7227 7228 0 1 1 0 3862 0 1 0
7253 7254 0 1 1 0 40 0 1 0
7254 14810 1 0 1 1728 0 1 0 0
7264 7265 0 1 1 0 4954 0 1 0
7428 19214 1 0 1 18 0 1 0 0
7429 10361 0 1 1 0 91 0 1 0
7492 7493 0 1 1 0 62 0 1 0
7493 7977 1 0 1 158 0 1 0 0
7580 11838 0 1 1 0 61 0 1 0
7615 7855 1 0 1 55 0 1 0 0
7615 8277 1 0 1 138 0 1 0 0
7615 8609 1 0 1 207 0 1 0 0
7615 10139 1 0 1 539 0 1 0 0
7615 10357 1 0 1 577 0 1 0 0
7615 11346 1 0 1 785 0 1 0 0
7647 7648 0 1 1 0 828 0 1 0
7675 7896 0 1 1 0 11 0 1 0
7675 16495 0 1 1 0 44 0 1 0
7714 12072 1 0 1 929 0 1 0 0
7870 8522 1 0 1 131 0 1 0 0
7870 9392 1 0 1 348 0 1 0 0
7870 15814 1 0 1 1802 0 1 0 0
7893 12588 0 1 1 0 36 0 1 0
7896 7966 1 0 1 13 0 1 0 0
7896 8269 1 0 1 75 0 1 0 0
7896 8354 1 0 1 90 0 1 0 0
7896 8818 1 0 1 186 0 1 0 0
7896 8829 1 0 1 187 0 1 0 0
7896 8847 1 0 1 189 0 1 0 0
7926 16312 0 1 1 0 538 0 1 0
7969 10804 1 0 1 290 0 1 0 0
7969 12381 1 0 1 429 0 1 0 0
7993 13226 1 0 1 1128 0 1 0 0
8032 9420 1 0 1 320 0 1 0 0
8123 8222 1 0 1 17 0 1 0 0
8227 10848 1 0 1 543 0 1 0 0
8269 16312 0 1 1 0 68 0 1 0
8292 8293 0 1 1 0 5255 0 1 0
8293 8581 1 0 1 5317 0 1 0 0
8362 8452 1 0 1 24 0 1 0 0
8362 9375 1 0 1 251 0 1 0 0
8362 18052 1 0 1 36 0 1 0 0
8364 8365 0 1 1 0 4858 0 1 0
8401 11838 0 1 1 0 35 0 1 0
8415 9718 0 1 1 0 7928 0 1 0
8420 10786 2 0 2 643 0 2 0 0
8420 10936 1 0 1 525 0 1 0 0
8533 8842 1 0 1 60 0 1 0 0
8533 14830 1 0 1 1455 0 1 0 0
8536 9634 1 0 1 258 0 1 0 0
8536 11293 1 0 1 581 0 1 0 0
8536 13880 1 0 1 1213 0 1 0 0
8536 16225 1 0 1 1792 0 1 0 0
8536 19855 1 0 1 2635 0 1 0 0
8564 8633 1 0 1 13 0 1 0 0
8564 8784 1 0 1 45 0 1 0 0
8564 8787 1 0 1 45 0 1 0 0
8564 8869 1 0 1 58 0 1 0 0
8564 8887 1 0 1 62 0 1 0 0
8564 8897 1 0 1 64 0 1 0 0
8564 9058 1 0 1 142 0 1 0 0
8564 9083 1 0 1 148 0 1 0 0
8564 9149 1 0 1 1424 0 1 0 0
8564 9170 1 0 1 166 0 1 0 0
8564 9730 1 0 1 2745 0 1 0 0
8564 9889 1 0 1 296 0 1 0 0
8564 9944 1 0 1 305 0 1 0 0
8564 10570 1 0 1 420 0 1 0 0
8564 11321 1 0 1 581 0 1 0 0
8564 11618 1 0 1 647 0 1 0 0
8564 11792 1 0 1 685 0 1 0 0
8564 12082 1 0 1 753 0 1 0 0
8564 12162 1 0 1 768 0 1 0 0
8564 12171 1 0 1 770 0 1 0 0
8564 12174 1 0 1 771 0 1 0 0
8564 12416 1 0 1 835 0 1 0 0
8564 13022 1 0 1 972 0 1 0 0
8564 13059 1 0 1 980 0 1 0 0
8564 13487 1 0 1 1075 0 1 0 0
8564 13819 1 1 2 1193 78 1 1 0
8564 13831 1 0 1 1198 0 1 0 0
8564 13875 1 0 1 1206 0 1 0 0
8564 13933 1 0 1 1214 0 1 0 0
8564 14031 1 0 1 1230 0 1 0 0
8564 14038 1 0 1 1233 0 1 0 0
8564 14053 1 0 1 1236 0 1 0 0
8564 14234 1 0 1 1333 0 1 0 0
8564 14243 1 0 1 1334 0 1 0 0
8564 14284 1 0 1 1344 0 1 0 0
8564 14359 1 0 1 1358 0 1 0 0
8564 14366 1 0 1 1360 0 1 0 0
8564 14501 1 0 1 1468 0 1 0 0
8564 14519 1 0 1 1393 0 1 0 0
8564 14572 1 0 1 1404 0 1 0 0
8564 14778 1 0 1 1438 0 1 0 0
8564 14845 1 0 1 1451 0 1 0 0
8564 14848 1 0 1 1451 0 1 0 0
8564 14922 1 0 1 1463 0 1 0 0
8564 15033 2 0 2 1610 0 1 0 0
8564 15061 1 0 1 1494 0 1 0 0
8564 15119 1 0 1 1506 0 1 0 0
8564 15153 1 0 1 1514 0 1 0 0
8564 15199 1 0 1 1526 0 1 0 0
8564 15395 1 0 1 1570 0 1 0 0
8564 15463 1 0 1 1585 0 1 0 0
8564 15652 1 0 1 394 0 1 0 0
8564 15706 1 0 1 1636 0 1 0 0
8564 15752 1 0 1 1647 0 1 0 0
8564 15912 1 0 1 1721 0 1 0 0
8564 15925 1 0 1 1724 0 1 0 0
8564 15945 1 0 1 1727 0 1 0 0
8564 15977 1 0 1 1731 0 1 0 0
8564 16086 1 0 1 1756 0 1 0 0
8564 16203 1 0 1 1781 0 1 0 0
8564 16291 1 0 1 1798 0 1 0 0
8564 16326 1 0 1 1804 0 1 0 0
8564 16656 1 0 1 1888 0 1 0 0
8564 16700 1 0 1 1899 0 1 0 0
8564 16843 1 0 1 1918 0 1 0 0
8564 16881 1 0 1 1926 0 1 0 0
8564 16922 1 0 1 1936 0 1 0 0
8564 16950 1 0 1 1943 0 1 0 0
8564 16969 1 0 1 1947 0 1 0 0
8564 17063 1 0 1 1966 0 1 0 0
8564 17193 1 0 1 1994 0 1 0 0
8564 17246 1 0 1 2005 0 1 0 0
8564 17306 1 0 1 2020 0 1 0 0
8564 17462 1 0 1 2050 0 1 0 0
8564 17524 1 0 1 2062 0 1 0 0
8564 17766 1 0 1 2177 0 1 0 0
8564 17799 1 0 1 2185 0 1 0 0
8564 17909 1 0 1 2207 0 1 0 0
8564 17917 1 0 1 2211 0 1 0 0
8564 18019 1 0 1 2232 0 1 0 0
8564 18175 1 0 1 2266 0 1 0 0
8564 18267 1 0 1 2284 0 1 0 0
8564 18320 1 0 1 2296 0 1 0 0
8564 18443 1 0 1 2324 0 1 0 0
8564 18504 1 0 1 2334 0 1 0 0
8564 18539 1 0 1 2344 0 1 0 0
8564 18564 1 0 1 2348 0 1 0 0
8564 18636 1 0 1 2362 0 1 0 0
8564 18706 1 0 1 2378 0 1 0 0
8564 18750 1 0 1 2386 0 1 0 0
8564 18799 1 0 1 2398 0 1 0 0
8564 19376 1 0 1 2506 0 1 0 0
8564 19446 1 0 1 2524 0 1 0 0
8564 19487 1 0 1 2529 0 1 0 0
8564 19505 1 0 1 2532 0 1 0 0
8564 19793 1 0 1 2620 0 1 0 0
8564 20005 1 0 1 2659 0 1 0 0
8564 20152 1 0 1 2689 0 1 0 0
8564 20389 1 0 1 2744 0 1 0 0
8564 20497 1 0 1 2759 0 1 0 0
8564 20527 1 0 1 2767 0 1 0 0
8564 20571 1 0 1 2778 0 1 0 0
8564 20650 1 0 1 2790 0 1 0 0
8564 20898 1 0 1 2885 0 1 0 0
8564 20904 1 0 1 2885 0 1 0 0
8608 8766 1 0 1 34 0 1 0 0
8738 12764 1 0 1 879 0 1 0 0
8739 8740 0 1 1 0 4834 0 1 0
8873 9177 1 0 1 2680 0 1 0 0
8873 10237 1 0 1 2871 0 1 0 0
8895 11658 1 0 1 591 0 1 0 0
9012 9013 0 1 1 0 4470 0 1 0
9023 9129 1 0 1 72 0 1 0 0
9023 13907 1 0 1 1075 0 1 0 0
9074 9075 0 1 1 0 7984 0 1 0
9075 17420 1 0 1 9878 0 1 0 0
9080 9144 1 0 1 14 0 1 0 0
9080 9149 1 0 1 14 0 1 0 0
9080 9207 1 0 1 24 0 1 0 0
9080 9210 1 0 1 24 0 1 0 0
9080 9267 1 0 1 37 0 1 0 0
9080 9269 1 0 1 37 0 1 0 0
9080 9282 1 0 1 39 0 1 0 0
9080 9284 1 0 1 39 0 1 0 0
9080 9289 1 0 1 40 0 1 0 0
9080 9303 1 0 1 41 0 1 0 0
9080 9310 1 0 1 43 0 1 0 0
9080 9329 1 0 1 49 0 1 0 0
9080 9406 1 0 1 64 0 1 0 0
9080 9460 1 0 1 75 0 1 0 0
9080 9493 1 0 1 82 0 1 0 0
9080 9495 1 0 1 83 0 1 0 0
9080 9571 1 0 1 95 0 1 0 0
9080 9581 1 0 1 96 0 1 0 0
9080 9656 1 0 1 105 0 1 0 0
9080 9710 1 0 1 116 0 1 0 0
9080 9722 1 0 1 164 0 1 0 0
9080 9978 1 0 1 162 0 1 0 0
9080 10010 1 0 1 172 0 1 0 0
9080 10075 1 0 1 182 0 1 0 0
9080 10351 1 0 1 230 0 1 0 0
9080 10435 1 0 1 246 0 1 0 0
9080 10696 1 0 1 293 0 1 0 0
9080 10710 1 0 1 294 0 1 0 0
9080 10921 1 0 1 345 0 1 0 0
9080 10931 1 0 1 348 0 1 0 0
9080 11001 1 0 1 361 0 1 0 0
9080 11055 1 0 1 372 0 1 0 0
9080 11300 1 0 1 430 0 1 0 0
9080 11385 1 0 1 446 0 1 0 0
9080 11598 1 0 1 494 0 1 0 0
9080 11680 1 0 1 513 0 1 0 0
9080 11949 1 0 1 573 0 1 0 0
9080 11977 1 0 1 579 0 1 0 0
9080 12330 1 0 1 661 0 1 0 0
9080 13014 1 0 1 820 0 1 0 0
9080 13711 1 0 1 979 0 1 0 0
9080 13761 1 0 1 989 0 1 0 0
9080 13897 1 0 1 1060 0 1 0 0
9080 13914 1 0 1 1062 0 1 0 0
9080 14023 1 0 1 1079 0 1 0 0
9080 15078 1 0 1 1349 0 1 0 0
9080 15125 1 0 1 1360 0 1 0 0
9080 15208 1 0 1 1379 0 1 0 0
9080 15520 1 0 1 1449 0 1 0 0
9080 15551 1 0 1 1456 0 1 0 0
9080 16115 1 0 1 1613 0 1 0 0
9080 17108 1 0 1 1830 0 1 0 0
9080 17493 1 0 1 1910 0 1 0 0
9080 17613 1 0 1 1926 0 1 0 0
9080 19011 1 0 1 2292 0 1 0 0
9080 20490 1 0 1 2611 0 1 0 0
9080 20823 1 0 1 2681 0 1 0 0
9090 11455 1 0 1 461 0 1 0 0
9187 9188 0 1 1 0 85 0 1 0
9209 20458 1 0 1 2580 0 1 0 0
9233 9372 0 1 1 0 78 0 1 0
9289 14453 0 1 1 0 13 0 1 0
9327 10838 1 0 1 275 0 1 0 0
9345 9346 0 1 1 0 3072 0 1 0
9367 10194 1 0 1 82 0 1 0 0
9367 10206 1 0 1 83 0 1 0 0
9367 10365 1 0 1 109 0 1 0 0
9367 10392 1 0 1 116 0 1 0 0
9367 15243 1 0 1 1265 0 1 0 0
9367 15769 1 0 1 1380 0 1 0 0
9367 17437 1 0 1 1774 0 1 0 0
9368 9432 1 0 1 13 0 1 0 0
9372 9968 1 0 1 38 0 1 0 0
9372 10225 1 0 1 86 0 1 0 0
9372 11508 1 0 1 355 0 1 0 0
9375 18351 0 1 1 0 511 0 1 0
9391 9637 1 0 1 44 0 1 0 0
9391 9640 1 0 1 44 0 1 0 0
9391 9642 1 0 1 44 0 1 0 0
9391 9645 1 0 1 44 0 1 0 0
9391 9648 1 0 1 45 0 1 0 0
9391 9650 1 0 1 45 0 1 0 0
9391 9658 1 0 1 45 0 1 0 0
9391 10675 1 0 1 231 0 1 0 0
9446 9447 0 1 1 0 2932 0 1 0
9462 9463 0 1 1 0 5809 0 1 0
9560 12973 1 1 2 18 13 1 1 0
9560 15519 0 1 1 0 150 0 1 0
9573 15371 1 0 1 7195 0 1 0 0
9662 9663 0 1 1 0 1633 0 1 0
9718 9972 1 0 1 7973 0 1 0 0
9718 9974 1 0 1 665 0 1 0 0
9842 10934 1 0 1 206 0 1 0 0
9855 9856 0 1 1 0 3976 0 1 0
9870 12584 1 0 1 577 0 1 0 0
9888 12958 1 0 1 663 0 1 0 0
9913 13803 1 0 1 890 0 1 0 0
9998 9999 0 1 1 0 8222 0 1 0
10000 12381 1 0 1 583 0 1 0 0
10015 10048 1 0 1 6 0 1 0 0
10015 10050 1 0 1 6 0 1 0 0
10015 10052 1 0 1 6 0 1 0 0
10015 10056 1 0 1 6 0 1 0 0
10015 10058 1 0 1 6 0 1 0 0
10015 10062 1 0 1 6 0 1 0 0
10015 11632 1 0 1 330 0 1 0 0
10015 13372 1 0 1 1030 0 1 0 0
10077 10078 0 1 1 0 1343 0 1 0
10086 10470 1 0 1 68 0 1 0 0
10281 10282 0 1 1 0 2713 0 1 0
10372 10463 1 0 1 18 0 1 0 0
10377 12292 1 0 1 416 0 1 0 0
10450 10451 0 1 1 0 7790 0 1 0
10513 10576 1 0 1 14 0 1 0 0
10585 13581 1 0 1 669 0 1 0 0
10591 10744 1 0 1 21 0 1 0 0
10591 11494 1 0 1 196 0 1 0 0
10591 13160 1 0 1 575 0 1 0 0
10591 13180 1 0 1 579 0 1 0 0
10591 18659 1 0 1 1940 0 1 0 0
10661 11182 1 0 1 112 0 1 0 0
10661 11251 1 0 1 129 0 1 0 0
10661 11257 1 0 1 131 0 1 0 0
10661 13351 1 0 1 605 0 1 0 0
10755 10756 0 1 1 0 6653 0 1 0
10756 12425 1 0 1 7039 0 1 0 0
10756 14853 1 0 1 7653 0 1 0 0
10782 15117 0 1 1 0 65 0 1 0
10799 12332 1 0 1 101 0 1 0 0
10799 12738 1 0 1 202 0 1 0 0
10800 10829 1 0 1 8 0 1 0 0
10800 11028 1 0 1 52 0 1 0 0
10809 11574 1 0 1 175 0 1 0 0
10820 10821 0 1 1 0 4369 0 1 0
10925 13658 1 0 1 622 0 1 0 0
10925 16620 1 0 1 1390 0 1 0 0
10928 13114 1 0 1 496 0 1 0 0
11022 11023 0 1 1 0 7529 0 1 0
11076 11583 1 0 1 116 0 1 0 0
11088 11558 0 1 1 0 8331 0 1 0
11088 11601 0 1 1 0 7343 0 1 0
11094 16123 1 0 1 1235 0 1 0 0
11125 11126 0 1 1 0 7501 0 1 0
11271 12098 1 0 1 186 0 1 0 0
11304 11305 0 1 1 0 3985 0 1 0
11305 12016 1 0 1 4141 0 1 0 0
11305 13069 1 0 1 4388 0 1 0 0
11305 14660 1 0 1 4823 0 1 0 0
11333 11360 1 0 1 6 0 1 0 0
11396 11397 0 1 1 0 1832 0 1 0
11397 11899 1 0 1 1949 0 1 0 0
11397 15475 1 0 1 2824 0 1 0 0
11503 11539 1 0 1 7 0 1 0 0
11503 11555 1 0 1 10 0 1 0 0
11503 11585 1 0 1 15 0 1 0 0
11503 12435 1 0 1 215 0 1 0 0
11627 11713 1 0 1 19 0 1 0 0
11838 11873 1 0 1 6 0 1 0 0
11838 11897 1 0 1 15 0 1 0 0
11838 12152 1 0 1 71 0 1 0 0
11838 12875 1 0 1 243 0 1 0 0
11838 13620 1 0 1 410 0 1 0 0
11838 19271 1 0 1 1791 0 1 0 0
11856 15848 7 0 7 2839 0 7 0 0
11979 19212 1 0 1 1745 0 1 0 0
12013 13338 1 0 1 302 0 1 0 0
12074 12146 1 0 1 14 0 1 0 0
12074 12200 1 0 1 25 0 1 0 0
12096 12190 0 1 1 0 7072 0 1 0
12103 12781 2 0 2 189 0 2 0 0
12103 12826 1 0 1 26 0 1 0 0
12103 12933 1 0 1 197 0 1 0 0
12103 13008 1 0 1 212 0 1 0 0
12103 13024 1 0 1 71 0 1 0 0
12103 13032 1 0 1 219 0 1 0 0
12103 13193 1 0 1 106 0 1 0 0
12103 13236 1 0 1 259 0 1 0 0
12103 13269 2 0 2 2121 0 2 0 0
12103 13340 1 0 1 283 0 1 0 0
12103 13501 2 0 2 510 0 2 0 0
12103 13654 1 0 1 359 0 1 0 0
12103 14933 1 0 1 709 0 1 0 0
12103 15109 1 0 1 747 0 1 0 0
12103 15226 1 0 1 631 0 1 0 0
12103 15621 1 0 1 718 0 1 0 0
12103 16682 1 0 1 1139 0 1 0 0
12103 18609 1 0 1 1455 0 1 0 0
12103 18647 1 0 1 1463 0 1 0 0
12103 18821 1 0 1 1646 0 1 0 0
12103 18993 1 0 1 1681 0 1 0 0
12103 19679 1 0 1 1842 0 1 0 0
12103 19783 1 0 1 1863 0 1 0 0
12103 20142 1 0 1 1787 0 1 0 0
12103 20562 1 0 1 2021 0 1 0 0
12103 25408 1 0 1 1801 0 1 0 0
12206 12652 0 1 1 0 4357 0 1 0
12222 13164 1 0 1 218 0 1 0 0
12366 12367 0 1 1 0 5228 0 1 0
12371 12594 1 0 1 53 0 1 0 0
12381 15556 0 1 1 0 2595 0 1 0
12381 16219 0 1 1 0 3990 0 1 0
12447 12448 0 1 1 0 4707 0 1 0
12588 13634 1 0 1 237 0 1 0 0
12646 12810 1 0 1 35 0 1 0 0
12695 12931 1 0 1 49 0 1 0 0
12791 12978 1 0 1 41 0 1 0 0
12791 12986 1 0 1 42 0 1 0 0
12791 13398 1 0 1 129 0 1 0 0
12791 13887 1 0 1 287 0 1 0 0
12791 18553 1 0 1 1424 0 1 0 0
12791 19758 1 0 1 1692 0 1 0 0
12791 20726 1 0 1 1885 0 1 0 0
12963 12964 0 1 1 0 5413 0 1 0
12973 13376 1 0 1 84 0 1 0 0
13071 13072 0 1 1 0 6296 0 1 0
13198 15689 1 0 1 326 0 1 0 0
13201 14298 1 0 1 40 0 1 0 0
13257 13485 1 0 1 53 0 1 0 0
13409 13410 0 1 1 0 3712 0 1 0
13432 18414 1 0 1 1256 0 1 0 0
13433 14277 1 0 1 283 0 1 0 0
13470 16142 1 0 1 561 0 1 0 0
13470 17423 1 0 1 357 0 1 0 0
13540 13557 0 1 1 0 5848 0 1 0
13817 13818 0 1 1 0 47 0 1 0
13818 13871 1 0 1 59 0 1 0 0
13818 13993 1 0 1 78 0 1 0 0
13818 14066 1 0 1 369 0 1 0 0
13818 14076 1 0 1 91 0 1 0 0
13818 14246 1 0 1 190 0 1 0 0
13818 14410 1 0 1 226 0 1 0 0
13818 14919 1 0 1 316 0 1 0 0
13818 15008 1 0 1 334 0 1 0 0
13818 15076 1 0 1 351 0 1 0 0
13818 15628 1 0 1 476 0 1 0 0
13818 15853 1 0 1 566 0 1 0 0
13818 15937 1 0 1 580 0 1 0 0
13818 16168 1 0 1 627 0 1 0 0
13818 17295 1 0 1 870 0 1 0 0
13818 17750 1 0 1 1027 0 1 0 0
13818 18635 1 0 1 1362 0 1 0 0
13818 18987 1 0 1 1289 0 1 0 0
13818 19022 1 0 1 1298 0 1 0 0
13818 19929 1 0 1 1497 0 1 0 0
13818 20516 1 0 1 1618 0 1 0 0
13819 15033 2 0 2 495 0 1 0 0
13846 16369 1 0 1 616 0 1 0 0
13996 13997 0 1 1 0 46 0 1 0
13997 18489 1 0 1 490 0 1 0 0
14019 19350 1 0 1 1277 0 1 0 0
14128 14129 0 1 1 0 8327 0 1 0
14184 15357 1 0 1 299 0 1 0 0
14308 15570 1 0 1 259 0 1 0 0
14309 15444 1 0 1 233 0 1 0 0
14346 14347 0 1 1 0 72 0 1 0
14347 14389 1 0 1 86 0 1 0 0
14347 14393 1 0 1 87 0 1 0 0
14347 14565 1 0 1 121 0 1 0 0
14347 14898 1 0 1 175 0 1 0 0
14347 14991 1 0 1 195 0 1 0 0
14347 18063 1 0 1 958 0 1 0 0
14347 19253 1 0 1 1361 0 1 0 0
14364 16495 0 1 1 0 454 0 1 0
14368 14502 1 0 1 29 0 1 0 0
14383 18287 1 0 1 140 0 1 0 0
14383 19819 1 0 1 473 0 1 0 0
14436 14437 0 1 1 0 7784 0 1 0
14595 14596 0 1 1 0 87 0 1 0
14596 15219 1 0 1 208 0 1 0 0
14770 16358 1 0 1 188 0 1 0 0
14770 18347 1 0 1 676 0 1 0 0
14803 15505 1 0 1 150 0 1 0 0
14842 15036 1 0 1 40 0 1 0 0
14879 14880 0 1 1 0 9052 0 1 0
14963 14964 0 1 1 0 176 0 1 0
14963 17143 0 1 1 0 42 0 1 0
15043 15044 0 1 1 0 182 0 1 0
15134 15135 0 1 1 0 4545 0 1 0
15144 19979 1 0 1 1144 0 1 0 0
15156 15191 1 0 1 10 0 1 0 0
15660 15791 1 0 1 191 0 1 0 0
15660 16034 1 0 1 117 0 1 0 0
15660 18928 1 0 1 796 0 1 0 0
15660 20833 1 0 1 1203 0 1 0 0
15670 16236 1 0 1 157 0 1 0 0
15826 15827 0 1 1 0 7029 0 1 0
15922 19870 1 0 1 909 0 1 0 0
15922 27008 1 0 1 390 0 1 0 0
16005 18157 1 0 1 524 0 1 0 0
16029 16488 1 0 1 101 0 1 0 0
16159 16160 0 1 1 0 4236 0 1 0
16184 16748 1 0 1 134 0 1 0 0
16184 16751 1 0 1 134 0 1 0 0
16184 16758 1 0 1 135 0 1 0 0
16184 16761 1 0 1 135 0 1 0 0
16184 16764 1 0 1 135 0 1 0 0
16184 16767 1 0 1 135 0 1 0 0
16184 16771 1 0 1 136 0 1 0 0
16184 16775 1 0 1 136 0 1 0 0
16184 16780 1 0 1 136 0 1 0 0
16184 16786 1 0 1 136 0 1 0 0
16184 16791 1 0 1 137 0 1 0 0
16184 16795 1 0 1 137 0 1 0 0
16184 16798 1 0 1 137 0 1 0 0
16184 16805 1 0 1 137 0 1 0 0
16184 16809 1 0 1 138 0 1 0 0
16184 16993 1 0 1 177 0 1 0 0
16184 17036 1 0 1 187 0 1 0 0
16184 17845 1 0 1 423 0 1 0 0
16184 18823 1 0 1 628 0 1 0 0
16196 16197 0 1 1 0 7173 0 1 0
16262 17882 0 1 1 0 19 0 1 0
16312 16317 0 0 1 0 0 0 0 0
16312 16599 1 0 1 75 0 1 0 0
16312 16645 1 0 1 85 0 1 0 0
16312 16838 1 0 1 113 0 1 0 0
16312 17668 1 0 1 284 0 1 0 0
16312 18728 1 0 1 580 0 1 0 0
16336 16337 1 1 2 23 110 1 1 0
16408 16496 1 0 1 23 0 1 0 0
16408 16513 1 0 1 29 0 1 0 0
16408 16567 1 0 1 47 0 1 0 0
16408 18039 1 0 1 415 0 1 0 0
16495 16500 0 0 1 0 0 0 0 0
16495 16632 1 0 1 39 0 1 0 0
16495 16754 1 0 1 64 0 1 0 0
16495 16897 1 0 1 85 0 1 0 0
16495 17227 1 0 1 157 0 1 0 0
16522 16643 1 0 1 32 0 1 0 0
16524 16624 1 0 1 27 0 1 0 0
16524 18701 1 0 1 521 0 1 0 0
16697 18913 0 1 1 0 369 0 1 0
16886 16887 0 1 1 0 5631 0 1 0
16995 18004 1 0 1 278 0 1 0 0
17105 19289 1 0 1 514 0 1 0 0
17143 17826 1 0 1 40 0 1 0 0
17192 18007 1 0 1 236 0 1 0 0
17213 19821 1 0 1 625 0 1 0 0
17470 17573 1 0 1 15 0 1 0 0
17590 17591 0 1 1 0 5909 0 1 0
17641 17642 0 1 1 0 398 0 1 0
17674 17982 1 0 1 140 0 1 0 0
17674 18502 1 0 1 248 0 1 0 0
17674 18566 1 0 1 263 0 1 0 0
17674 18961 1 0 1 342 0 1 0 0
17674 19189 1 0 1 385 0 1 0 0
17674 19399 1 0 1 425 0 1 0 0
17801 17988 1 0 1 43 0 1 0 0
17877 17878 0 1 1 0 2489 0 1 0
17990 18950 0 1 1 0 237 0 1 0
18038 18103 1 0 1 13 0 1 0 0
18050 18051 0 1 1 0 5475 0 1 0
18351 20328 1 0 1 1556 0 1 0 0
18351 20330 1 0 1 503 0 1 0 0
18356 18357 0 1 1 0 5716 0 1 0
18476 18477 0 1 1 0 189 0 1 0
18618 18619 0 1 1 0 3070 0 1 0
18686 19866 0 1 1 0 60 0 1 0
18686 20111 1 0 1 306 0 1 0 0
18700 19304 1 0 1 116 0 1 0 0
18709 19046 1 0 1 70 0 1 0 0
18769 20301 1 0 1 330 0 1 0 0
18769 20349 1 0 1 342 0 1 0 0
18792 19735 0 1 1 0 52 0 1 0
18898 19381 1 0 1 91 0 1 0 0
18913 18989 1 0 1 17 0 1 0 0
18913 19019 1 0 1 23 0 1 0 0
18913 19152 1 0 1 44 0 1 0 0
18913 19253 1 0 1 64 0 1 0 0
18913 19463 1 0 1 106 0 1 0 0
18913 19593 1 0 1 119 0 1 0 0
18913 19650 1 0 1 128 0 1 0 0
18913 19860 1 0 1 210 0 1 0 0
18913 20034 1 0 1 245 0 1 0 0
18913 20136 1 0 1 268 0 1 0 0
18913 20271 1 0 1 296 0 1 0 0
18913 20478 1 0 1 337 0 1 0 0
18913 20682 1 0 1 397 0 1 0 0
18918 20875 1 0 1 419 0 1 0 0
18969 19138 1 0 1 30 0 1 0 0
18969 19971 1 0 1 219 0 1 0 0
19024 19025 1 1 2 27 17 1 1 0
19255 19613 1 0 1 58 0 1 0 0
19827 20001 1 0 1 33 0 1 0 0
19839 19840 0 1 1 0 43 0 1 0
20078 20079 0 1 1 0 86 0 1 0
20129 20130 0 1 1 0 6690 0 1 0
20146 20147 0 1 1 0 8491 0 1 0
20381 20382 0 1 1 0 9106 0 1 0
20382 20648 1 0 1 9154 0 1 0 0
20560 20713 1 0 1 30 0 1 0 0
20806 20807 0 1 1 0 8868 0 1 0
42288 42289 1 0 1 523 0 1 0 0
78557 78558 1 0 1 638 0 1 0 0
