4 17
5 1
10 1
11 7
12 1
13 1
14 1
17 1
19 3
21 1
23 1
28 1
29 3
30 1
32 1
33 1
36 1
38 6
42 1
43 1
45 2
46 1
47 1
49 1
50 1
51 1
55 2
56 1
57 1
59 1
64 1
67 1
71 1
72 1
73 1
75 1
76 1
77 1
82 1
85 3
89 7
96 1
100 5
101 1
102 2
103 1
104 2
105 1
110 1
111 1
112 2
114 11
115 2
116 1
121 1
125 1
127 1
128 2
129 1
131 1
132 1
135 1
140 1
142 1
143 1
144 1
145 1
152 1
153 1
154 1
155 1
156 1
157 1
158 1
167 1
171 2
173 1
192 1
199 1
200 2
203 1
204 1
205 2
210 1
212 1
213 1
214 1
219 1
220 1
221 1
224 2
227 1
230 1
233 1
238 1
241 1
246 1
248 1
249 1
250 1
251 1
252 1
257 1
262 2
265 1
266 1
267 1
272 1
274 1
276 1
277 1
278 1
280 3
281 1
282 1
289 1
290 1
291 1
292 1
293 1
294 1
299 1
302 1
304 1
307 1
308 1
313 1
316 1
318 1
323 1
324 1
325 1
327 1
328 1
329 2
330 1
342 1
343 1
349 1
350 1
351 1
352 1
355 1
356 1
357 2
358 1
365 1
368 1
369 1
373 1
379 57
380 1
386 1
387 1
391 1
395 1
396 1
398 1
405 5
406 1
411 1
413 1
414 2
415 2
417 1
418 1
420 1
425 1
426 1
431 1
433 1
439 1
441 1
443 1
444 2
445 1
448 1
456 2
457 3
458 1
462 2
463 1
466 1
469 2
470 2
474 1
475 1
477 1
478 1
484 1
485 1
489 1
492 1
493 2
495 1
499 1
505 1
509 1
513 1
517 1
524 1
525 1
542 1
544 1
546 2
547 1
548 1
549 1
550 1
551 2
553 1
554 2
555 1
556 1
559 2
560 1
563 1
564 1
567 1
574 1
583 1
584 1
589 1
596 1
607 1
619 1
620 1
621 1
623 1
642 1
644 1
645 2
646 1
647 1
650 2
657 1
662 1
664 1
666 1
667 1
668 1
669 1
670 1
680 1
682 1
684 1
688 1
703 1
705 1
714 1
716 1
717 2
722 1
723 3
725 1
727 1
737 1
738 1
744 1
746 1
747 1
748 1
749 1
750 1
760 1
763 1
766 1
768 1
771 1
773 1
774 1
789 1
791 1
792 1
796 2
797 1
800 1
804 1
807 1
809 1
815 1
818 2
821 1
822 1
823 1
825 1
828 1
829 1
830 1
836 1
839 1
841 1
843 1
845 1
846 1
849 1
850 1
851 1
853 1
854 1
856 1
857 1
860 1
864 3
865 1
869 1
876 1
878 1
879 1
885 1
887 1
890 1
893 1
905 1
906 1
914 1
920 1
921 1
925 2
927 1
928 2
929 1
935 1
939 1
942 1
951 1
952 1
956 1
959 2
964 1
969 1
974 1
979 1
980 1
982 1
983 1
985 3
986 2
998 2
1000 1
1007 1
1009 1
1012 1
1018 1
1023 1
1026 1
1034 1
1039 1
1040 1
1050 2
1052 1
1056 1
1058 1
1063 1
1065 1
1072 1
1076 1
1077 1
1078 1
1087 2
1090 1
1091 1
1092 1
1106 1
1107 1
1109 1
1112 1
1114 1
1116 1
1118 1
1119 1
1121 1
1122 1
1123 1
1130 1
1137 9
1140 1
1146 2
1147 2
1148 1
1150 1
1151 1
1152 1
1156 1
1157 1
1160 1
1163 1
1164 1
1165 1
1170 1
1171 1
1172 1
1175 1
1177 1
1184 1
1185 1
1187 1
1199 1
1200 1
1203 1
1208 1
1214 1
1217 1
1226 1
1228 1
1231 1
1233 1
1236 1
1238 1
1249 1
1257 1
1261 1
1262 1
1264 1
1271 1
1273 1
1275 1
1277 1
1287 1
1288 1
1315 1
1317 1
1318 1
1319 1
1322 1
1324 1
1325 2
1328 1
1329 1
1335 1
1341 2
1345 1
1347 1
1358 1
1360 1
1366 1
1374 1
1376 1
1377 1
1378 1
1379 1
1382 1
1385 2
1392 1
1399 1
1402 1
1403 1
1405 1
1406 3
1408 1
1412 1
1414 1
1417 1
1423 1
1424 1
1425 1
1428 1
1434 1
1438 1
1448 1
1450 1
1454 1
1455 1
1463 1
1465 1
1466 1
1467 1
1470 1
1472 1
1475 1
1478 1
1479 1
1480 1
1492 8
1493 1
1494 1
1495 1
1496 1
1512 1
1519 1
1521 3
1523 1
1524 1
1527 1
1528 1
1531 3
1533 1
1534 1
1536 1
1538 1
1542 1
1544 1
1549 1
1551 3
1555 1
1561 1
1562 1
1563 4
1564 1
1566 1
1575 1
1578 2
1583 1
1584 1
1587 1
1588 1
1594 1
1596 1
1600 1
1602 1
1604 1
1608 1
1611 1
1613 1
1615 1
1617 5
1618 2
1626 1
1628 1
1634 1
1638 1
1639 1
1646 2
1657 1
1659 1
1661 1
1662 1
1665 1
1669 1
1673 2
1678 1
1679 2
1680 1
1681 3
1686 1
1693 1
1698 1
1702 1
1704 1
1705 1
1708 1
1709 4
1712 1
1715 1
1716 1
1723 1
1733 1
1743 1
1744 1
1748 1
1752 1
1754 1
1775 1
1776 1
1778 1
1779 1
1782 1
1799 1
1800 1
1801 2
1802 1
1811 3
1813 1
1819 1
1820 1
1821 2
1823 1
1830 1
1832 1
1839 1
1840 1
1847 1
1856 1
1858 1
1859 1
1860 1
1861 1
1864 1
1866 1
1867 1
1868 1
1869 1
1870 1
1871 1
1872 2
1873 1
1875 1
1876 1
1877 1
1878 1
1888 2
1895 1
1898 1
1899 2
1902 1
1904 1
1910 1
1916 1
1917 1
1919 2
1923 1
1928 1
1929 1
1933 1
1935 1
1944 2
1950 1
1951 1
1952 1
1956 3
1960 1
1969 1
1972 1
1976 1
1977 1
1979 1
1984 1
1990 2
1991 1
1993 1
1994 1
1995 1
1998 1
2000 2
2001 1
2004 1
2007 1
2013 1
2014 1
2017 1
2018 1
2021 1
2023 1
2024 1
2025 1
2028 1
2035 1
2036 1
2044 2
2052 2
2057 1
2058 1
2059 1
2061 1
2063 3
2064 1
2066 2
2071 1
2075 1
2076 1
2082 1
2089 1
2090 1
2091 1
2096 1
2097 1
2099 1
2102 2
2104 1
2105 1
2108 1
2111 1
2114 1
2115 1
2117 1
2123 1
2124 2
2125 1
2132 1
2133 1
2135 1
2136 1
2140 1
2144 1
2148 1
2153 1
2159 1
2164 1
2165 1
2168 1
2169 1
2184 2
2185 1
2188 1
2189 1
2190 1
2192 1
2194 1
2196 1
2197 1
2201 1
2202 2
2205 4
2206 1
2211 2
2214 1
2221 1
2226 1
2227 1
2230 1
2233 1
2234 1
2236 2
2243 3
2247 1
2250 1
2251 1
2255 1
2260 1
2268 1
2269 1
2271 1
2277 1
2279 1
2280 1
2285 2
2289 1
2291 1
2294 2
2297 1
2303 1
2304 1
2305 1
2307 1
2311 1
2313 2
2317 1
2322 3
2325 1
2342 1
2345 1
2347 1
2349 1
2351 2
2354 1
2358 3
2361 1
2365 1
2366 1
2372 1
2377 1
2378 1
2382 1
2384 1
2385 1
2386 3
2390 1
2391 1
2393 1
2395 1
2400 2
2401 1
2405 1
2408 1
2416 1
2418 1
2423 1
2431 1
2436 1
2438 1
2442 1
2444 1
2445 1
2451 2
2455 1
2457 1
2458 1
2459 1
2466 1
2467 5
2471 1
2474 1
2475 1
2476 1
2478 1
2484 2
2485 2
2486 1
2489 1
2490 1
2493 3
2495 1
2496 1
2497 1
2509 1
2518 1
2520 1
2523 1
2526 1
2527 1
2530 1
2531 1
2532 1
2533 1
2534 1
2537 1
2538 1
2539 1
2540 1
2544 1
2545 1
2552 1
2556 1
2560 1
2562 1
2564 2
2566 1
2567 1
2572 1
2573 1
2574 1
2576 1
2582 1
2584 2
2586 1
2590 1
2591 2
2596 1
2599 1
2600 3
2601 6
2606 1
2613 1
2615 1
2619 1
2622 2
2624 1
2625 1
2632 1
2637 1
2640 1
2643 1
2652 1
2653 1
2655 1
2662 1
2666 1
2669 1
2672 1
2673 1
2680 1
2682 2
2683 3
2687 1
2688 2
2697 1
2700 1
2713 1
2716 1
2717 1
2720 1
2721 1
2727 1
2740 1
2743 1
2744 1
2746 1
2750 1
2751 2
2754 1
2756 1
2762 1
2764 1
2767 1
2770 2
2778 1
2781 1
2783 1
2789 1
2792 1
2801 1
2802 1
2804 1
2806 2
2807 1
2808 1
2809 1
2820 1
2823 1
2825 1
2826 1
2828 1
2832 1
2833 2
2834 1
2840 2
2846 2
2854 1
2856 1
2859 1
2860 1
2861 1
2869 1
2872 1
2875 1
2878 1
2879 1
2880 1
2881 1
2883 2
2884 1
2887 1
2888 1
2897 1
2900 1
2905 1
2906 1
2907 1
2909 1
2910 1
2912 1
2913 1
2917 1
2921 1
2925 1
2931 2
2936 1
2948 1
2956 1
2957 1
2961 1
2964 1
2966 3
2968 1
2972 1
2977 1
2978 1
2981 1
2983 2
2988 1
2989 2
3005 1
3006 1
3015 1
3019 1
3020 1
3027 1
3028 1
3032 3
3035 1
3038 1
3042 1
3043 1
3046 1
3062 1
3064 1
3068 1
3069 1
3077 1
3082 1
3083 1
3087 1
3088 1
3095 2
3096 2
3097 2
3101 1
3104 2
3107 1
3110 1
3114 1
3115 1
3117 1
3123 1
3125 1
3126 1
3129 1
3130 1
3132 1
3139 1
3140 1
3141 1
3144 1
3145 1
3149 1
3152 1
3153 1
3157 1
3158 1
3162 1
3164 1
3169 1
3174 1
3175 1
3179 1
3181 2
3186 1
3187 1
3194 1
3196 2
3197 1
3200 1
3201 1
3208 1
3209 1
3212 1
3216 1
3218 1
3222 2
3227 1
3229 1
3241 3
3242 1
3246 1
3249 1
3256 1
3257 1
3264 1
3270 2
3271 1
3274 1
3276 1
3277 1
3283 1
3286 1
3290 1
3291 1
3295 1
3296 1
3297 1
3301 3
3302 1
3303 1
3308 1
3313 1
3317 1
3320 1
3322 1
3323 1
3324 1
3327 1
3328 1
3332 1
3334 1
3351 1
3352 1
3353 1
3356 1
3357 1
3360 1
3364 1
3366 1
3367 1
3369 1
3373 1
3374 1
3375 1
3377 1
3381 1
3385 1
3387 1
3392 1
3393 1
3397 1
3407 4
3415 1
3418 1
3419 1
3434 1
3435 1
3439 1
3446 1
3448 1
3449 1
3451 1
3452 1
3458 1
3459 1
3461 1
3462 1
3463 2
3464 1
3465 1
3469 1
3479 1
3483 2
3489 1
3495 1
3496 1
3498 1
3499 1
3503 1
3505 1
3508 1
3509 1
3515 1
3518 1
3520 1
3522 1
3523 1
3531 1
3534 1
3537 1
3540 1
3541 1
3545 1
3555 1
3565 1
3567 1
3569 1
3572 1
3582 1
3584 1
3586 1
3587 1
3589 1
3594 1
3595 1
3600 1
3602 1
3603 1
3607 1
3609 1
3611 1
3613 1
3627 1
3630 3
3631 1
3632 1
3634 1
3636 1
3641 1
3642 1
3658 1
3662 1
3665 1
3671 1
3673 1
3674 1
3677 1
3688 1
3692 1
3701 2
3704 2
3709 1
3716 1
3717 1
3724 1
3726 1
3727 1
3728 1
3733 1
3743 1
3748 1
3751 1
3760 1
3762 1
3764 1
3767 3
3772 1
3776 1
3777 1
3780 1
3782 3
3803 1
3804 1
3805 1
3808 1
3809 3
3810 1
3813 1
3815 1
3816 1
3817 1
3820 1
3821 1
3822 1
3826 1
3832 1
3837 1
3838 1
3839 1
3844 1
3845 1
3850 1
3853 1
3854 1
3855 7
3856 1
3861 4
3866 1
3867 1
3870 1
3871 1
3872 1
3879 1
3884 1
3885 2
3894 1
3898 1
3904 1
3905 1
3907 1
3908 1
3911 1
3913 2
3917 6
3921 4
3925 2
3926 1
3930 1
3932 1
3933 2
3934 2
3935 1
3936 1
3937 1
3939 20
3944 1
3945 1
3947 1
3950 1
3953 1
3959 1
3961 1
3962 1
3963 1
3964 1
3970 1
3972 1
3974 1
3976 1
3985 2
3988 2
3990 1
3994 1
3995 1
4002 1
4008 1
4017 1
4021 1
4023 1
4026 1
4029 1
4033 1
4036 1
4038 1
4039 1
4040 1
4046 1
4047 1
4050 1
4055 14
4063 1
4064 2
4065 1
4067 1
4071 1
4077 2
4080 1
4081 1
4085 1
4091 3
4092 1
4094 1
4098 1
4103 2
4106 1
4113 1
4116 1
4119 1
4120 1
4121 1
4130 1
4136 1
4137 1
4138 1
4150 1
4158 1
4159 1
4160 1
4162 1
4164 1
4168 1
4169 1
4171 6
4179 1
4181 1
4182 4
4183 1
4184 1
4185 1
4191 1
4193 2
4194 1
4196 1
4198 1
4199 2
4200 1
4201 14
4203 1
4205 1
4209 1
4212 1
4215 1
4217 1
4222 1
4225 1
4228 1
4231 1
4232 1
4235 1
4246 1
4250 1
4255 1
4256 3
4262 1
4263 1
4265 1
4266 5
4273 1
4277 1
4278 1
4279 1
4280 1
4283 2
4284 1
4289 1
4292 1
4293 2
4295 1
4303 1
4307 2
4308 2
4323 1
4324 1
4326 1
4327 1
4329 1
4330 1
4336 1
4339 1
4341 1
4345 1
4348 1
4349 1
4357 1
4361 1
4364 1
4365 1
4366 1
4367 1
4378 1
4381 1
4384 1
4387 1
4395 1
4401 1
4405 1
4411 1
4413 1
4415 1
4419 1
4422 1
4424 1
4426 1
4429 1
4434 1
4437 1
4443 1
4444 1
4446 1
4453 1
4467 1
4470 1
4472 1
4477 1
4483 1
4487 1
4491 1
4493 1
4494 1
4503 1
4506 1
4509 1
4511 1
4515 1
4522 1
4523 1
4524 12
4525 2
4527 1
4533 2
4534 1
4543 1
4545 1
4546 1
4550 1
4551 1
4555 1
4557 1
4559 1
4560 1
4566 2
4567 1
4568 1
4569 1
4577 1
4578 1
4579 1
4584 1
4586 1
4589 1
4596 1
4597 1
4598 1
4609 1
4610 1
4613 1
4614 1
4615 1
4621 1
4623 1
4629 1
4632 2
4633 1
4641 1
4642 1
4643 6
4647 1
4648 1
4650 1
4654 1
4655 1
4659 1
4662 1
4666 1
4668 1
4671 2
4672 4
4673 1
4677 19
4685 2
4686 1
4687 1
4690 1
4691 1
4697 1
4698 1
4699 1
4700 1
4701 1
4708 1
4714 1
4718 1
4719 2
4720 1
4721 3
4724 1
4728 1
4731 1
4737 1
4745 2
4754 1
4757 1
4764 1
4767 1
4776 1
4784 2
4785 1
4791 1
4792 1
4800 1
4814 1
4817 1
4818 1
4819 1
4820 1
4822 1
4827 1
4829 1
4835 1
4836 1
4837 1
4838 1
4839 1
4850 1
4852 1
4854 1
4857 1
4863 1
4865 1
4867 1
4878 1
4880 1
4884 1
4886 1
4889 1
4899 1
4900 1
4903 1
4905 1
4907 2
4908 1
4909 1
4910 1
4918 1
4919 2
4920 1
4921 1
4926 1
4928 1
4932 1
4933 1
4935 1
4940 1
4941 1
4944 1
4945 1
4946 1
4955 1
4958 1
4964 1
4970 1
4983 2
4991 1
4992 1
4995 1
4997 7
5005 1
5007 1
5008 1
5016 1
5019 2
5020 1
5022 5
5030 1
5035 1
5038 1
5039 2
5043 1
5044 1
5048 1
5054 1
5058 1
5063 1
5066 1
5073 1
5080 1
5083 1
5086 1
5096 1
5098 1
5099 1
5103 4
5104 1
5105 19
5111 1
5117 1
5119 1
5122 1
5126 1
5132 1
5142 1
5144 1
5146 1
5150 1
5151 1
5153 1
5157 1
5164 1
5170 1
5179 1
5182 1
5183 1
5185 1
5188 1
5209 2
5219 1
5221 1
5228 1
5232 1
5234 1
5235 1
5238 1
5239 1
5241 1
5245 1
5248 1
5249 2
5254 1
5256 1
5257 1
5264 1
5275 1
5278 1
5280 1
5283 1
5290 2
5293 1
5294 1
5310 1
5313 1
5315 2
5316 1
5318 1
5319 1
5320 4
5333 1
5334 1
5337 1
5338 1
5341 1
5342 1
5348 1
5359 1
5362 1
5366 1
5367 1
5372 1
5382 1
5387 1
5390 1
5391 1
5395 1
5396 1
5397 1
5398 1
5399 1
5400 1
5401 1
5403 1
5404 1
5409 1
5411 1
5416 1
5420 1
5422 1
5423 1
5425 1
5427 1
5436 1
5443 1
5445 4
5449 1
5450 1
5455 1
5458 1
5460 1
5471 1
5474 1
5476 4
5479 1
5481 1
5482 1
5485 1
5486 4
5493 1
5494 1
5495 3
5498 1
5507 1
5510 1
5515 1
5518 1
5530 1
5532 1
5533 1
5541 1
5545 1
5549 1
5550 1
5563 1
5566 2
5574 1
5577 1
5579 2
5581 1
5589 1
5591 1
5592 1
5593 2
5594 1
5595 3
5598 1
5607 1
5608 1
5612 1
5613 1
5615 1
5618 1
5619 1
5620 1
5621 1
5632 1
5633 1
5635 1
5638 1
5646 2
5647 1
5648 1
5649 1
5651 1
5656 1
5661 1
5664 1
5665 1
5668 1
5674 1
5675 1
5676 1
5678 1
5685 1
5687 1
5689 1
5691 1
5692 1
5695 1
5696 1
5702 1
5703 1
5705 1
5711 1
5713 2
5714 1
5715 1
5719 1
5721 2
5723 1
5724 1
5726 1
5727 1
5732 1
5733 1
5748 1
5749 1
5755 1
5756 2
5757 1
5758 1
5759 2
5762 1
5766 1
5767 3
5770 1
5773 1
5782 1
5787 1
5792 1
5793 1
5799 1
5801 1
5803 1
5804 1
5805 1
5809 1
5810 1
5811 1
5815 1
5819 1
5820 1
5821 1
5822 1
5823 1
5824 1
5825 1
5826 1
5829 2
5830 1
5831 1
5839 1
5851 1
5852 1
5854 1
5859 1
5863 1
5867 1
5870 1
5879 1
5881 1
5884 1
5889 1
5897 1
5899 1
5901 1
5903 1
5904 1
5907 1
5911 1
5912 1
5914 1
5915 1
5921 5
5922 1
5924 2
5925 1
5926 1
5928 1
5929 1
5933 1
5935 1
5936 1
5938 1
5940 1
5942 1
5944 1
5946 1
5950 1
5951 1
5954 1
5960 1
5961 1
5962 1
5964 1
5967 1
5968 1
5970 1
5971 1
5976 1
5977 1
5989 1
5992 1
5994 1
6003 1
6006 1
6008 1
6011 1
6012 1
6013 1
6021 1
6023 1
6024 1
6025 1
6027 2
6028 1
6029 1
6034 1
6038 1
6041 1
6042 1
6045 1
6049 1
6050 1
6053 5
6054 1
6058 1
6062 1
6068 1
6071 2
6072 1
6073 1
6075 1
6086 1
6091 1
6093 1
6095 1
6098 1
6101 1
6108 1
6110 1
6113 1
6114 1
6118 1
6119 1
6121 1
6122 1
6129 1
6130 1
6133 3
6136 1
6137 1
6138 1
6139 1
6143 1
6147 2
6149 1
6161 1
6162 1
6165 1
6171 1
6174 1
6175 7
6181 2
6184 1
6188 1
6193 1
6194 1
6199 2
6201 1
6202 1
6205 1
6212 1
6218 1
6219 1
6231 1
6233 1
6236 1
6238 1
6250 1
6251 1
6252 1
6254 1
6255 2
6260 1
6267 1
6268 2
6277 1
6284 1
6285 1
6286 2
6287 1
6288 1
6289 1
6294 1
6295 1
6296 1
6297 1
6298 1
6303 1
6304 1
6305 4
6306 1
6308 1
6311 1
6313 1
6316 1
6319 1
6322 1
6324 1
6326 1
6328 1
6331 1
6334 1
6336 1
6337 1
6346 1
6347 1
6349 1
6363 1
6364 2
6365 1
6366 1
6368 1
6370 1
6381 1
6384 1
6388 1
6389 1
6391 1
6398 1
6401 2
6403 1
6407 1
6408 1
6411 1
6416 1
6423 1
6429 1
6433 1
6436 1
6438 1
6446 1
6449 1
6452 1
6455 1
6457 1
6459 1
6462 1
6463 1
6465 1
6467 1
6468 2
6472 1
6477 1
6479 1
6480 1
6481 1
6483 1
6487 1
6488 1
6496 1
6499 1
6500 1
6502 1
6503 2
6504 1
6506 1
6507 4
6508 1
6519 1
6522 1
6525 1
6526 1
6528 1
6529 1
6531 1
6534 1
6538 1
6541 1
6545 2
6552 1
6557 1
6558 1
6560 1
6562 1
6563 1
6573 1
6574 1
6576 1
6579 1
6582 1
6583 1
6584 2
6586 1
6588 1
6589 1
6592 1
6593 1
6595 1
6601 1
6607 1
6608 1
6609 1
6610 1
6611 2
6617 1
6620 1
6621 1
6628 1
6636 1
6640 1
6646 1
6648 1
6650 1
6652 1
6653 1
6663 1
6673 1
6676 1
6677 2
6678 1
6680 1
6681 1
6684 1
6685 1
6690 2
6693 1
6697 1
6704 1
6707 1
6710 1
6711 1
6712 2
6713 1
6716 2
6717 1
6718 1
6723 1
6724 1
6725 1
6728 1
6730 1
6734 1
6745 1
6746 1
6748 1
6753 1
6755 1
6756 1
6764 1
6765 1
6767 1
6771 1
6772 1
6774 1
6782 1
6790 1
6792 1
6793 1
6796 1
6797 1
6802 1
6804 1
6805 1
6813 1
6816 1
6817 1
6822 1
6827 1
6829 1
6830 1
6835 1
6838 1
6843 3
6848 2
6850 1
6858 1
6859 1
6862 1
6868 1
6880 4
6882 1
6884 1
6886 2
6887 1
6899 1
6900 1
6909 3
6910 2
6919 2
6922 1
6924 1
6926 1
6927 1
6928 1
6943 1
6944 1
6945 1
6948 1
6949 1
6954 1
6955 1
6956 1
6957 1
6958 1
6960 1
6962 1
6964 1
6970 1
6972 1
6973 1
6976 1
6977 1
6984 1
6990 1
6992 1
6993 1
6995 1
7001 1
7004 1
7007 6
7009 1
7010 1
7011 1
7017 1
7019 1
7020 1
7023 1
7024 1
7027 1
7031 1
7036 1
7037 1
7040 1
7045 1
7046 1
7076 1
7079 1
7081 1
7082 1
7086 1
7090 1
7092 3
7093 1
7095 2
7099 1
7100 1
7102 1
7109 1
7110 5
7112 1
7114 4
7115 1
7125 2
7127 1
7132 1
7133 1
7134 1
7137 1
7138 1
7142 2
7143 1
7144 2
7146 1
7154 3
7156 2
7157 1
7160 1
7163 1
7170 1
7174 1
7178 1
7179 1
7180 1
7186 1
7187 1
7188 1
7189 1
7199 1
7200 1
7201 1
7213 1
7219 1
7225 1
7227 1
7228 1
7231 1
7235 2
7242 1
7244 1
7245 1
7248 1
7249 1
7253 1
7254 1
7255 1
7261 1
7262 1
7264 1
7265 1
7281 1
7299 1
7400 1
7406 1
7411 1
7413 1
7415 1
7417 1
7418 1
7425 1
7428 3
7429 3
7432 1
7438 1
7440 1
7444 1
7446 1
7447 2
7452 1
7459 1
7462 1
7463 1
7464 1
7472 1
7473 1
7482 1
7483 1
7486 1
7492 1
7493 1
7497 2
7498 1
7500 1
7506 1
7508 1
7514 1
7519 1
7521 1
7523 1
7529 1
7532 1
7533 1
7539 1
7546 1
7550 1
7553 1
7560 1
7561 1
7564 1
7565 3
7580 2
7582 1
7584 1
7588 1
7594 1
7599 1
7606 1
7607 1
7613 1
7615 1
7619 2
7621 2
7622 1
7626 1
7627 1
7629 1
7635 1
7643 1
7645 2
7646 1
7647 1
7648 1
7661 1
7667 1
7675 3
7678 1
7679 1
7684 1
7685 1
7688 1
7689 1
7703 1
7707 1
7708 1
7710 1
7711 1
7714 1
7715 1
7716 1
7717 1
7718 1
7734 1
7735 1
7738 2
7739 2
7740 1
7743 1
7750 1
7754 1
7770 1
7775 1
7778 1
7779 1
7783 1
7793 1
7800 1
7801 1
7802 1
7804 1
7807 1
7810 1
7811 1
7814 1
7816 1
7824 1
7826 1
7827 1
7829 1
7833 1
7855 1
7860 1
7864 1
7867 1
7870 1
7871 1
7875 1
7879 1
7884 1
7889 1
7893 2
7896 1
7897 1
7898 1
7903 1
7907 1
7910 1
7912 1
7913 1
7917 1
7919 1
7924 1
7926 2
7929 1
7931 1
7932 1
7940 1
7945 1
7948 1
7950 1
7952 1
7956 1
7966 1
7968 1
7969 3
7970 1
7971 1
7973 1
7975 1
7977 1
7980 1
7982 1
7983 1
7986 1
7992 1
7993 1
7994 1
8002 1
8009 1
8013 1
8023 1
8024 1
8029 1
8032 1
8035 1
8036 1
8040 1
8042 1
8045 1
8046 1
8047 1
8048 1
8052 1
8054 1
8060 1
8065 1
8068 1
8069 1
8070 2
8073 1
8080 1
8094 1
8104 1
8107 3
8114 1
8117 1
8118 1
8120 1
8123 1
8124 1
8126 1
8130 1
8140 1
8143 1
8144 1
8145 1
8146 1
8147 3
8151 1
8164 1
8166 1
8170 1
8171 1
8173 1
8177 1
8179 1
8183 1
8184 2
8187 1
8189 1
8193 1
8196 1
8197 3
8203 1
8207 1
8210 1
8211 1
8215 1
8216 1
8220 1
8222 1
8227 1
8231 1
8248 1
8250 3
8254 1
8255 1
8263 1
8269 3
8277 1
8280 1
8282 1
8286 1
8289 1
8292 1
8293 1
8299 1
8301 1
8306 1
8314 1
8315 1
8319 1
8324 2
8332 1
8333 1
8336 1
8339 1
8341 1
8342 1
8347 1
8349 1
8354 1
8356 1
8362 2
8364 1
8365 1
8369 1
8376 2
8377 1
8378 1
8382 1
8387 1
8395 1
8399 1
8401 2
8403 1
8415 1
8419 1
8420 2
8421 1
8425 1
8428 2
8432 1
8433 1
8440 1
8447 1
8452 1
8458 1
8464 1
8468 1
8469 1
8473 1
8485 1
8487 1
8488 1
8489 1
8491 1
8498 1
8503 2
8504 1
8518 1
8519 1
8520 1
8521 1
8522 1
8526 5
8533 1
8536 1
8539 1
8548 1
8554 1
8559 1
8564 3
8565 1
8574 2
8575 1
8581 1
8585 1
8589 2
8594 1
8596 1
8603 1
8608 1
8609 1
8618 1
8619 1
8628 2
8633 1
8637 2
8638 1
8639 1
8650 1
8660 1
8668 2
8674 1
8675 1
8678 1
8680 1
8681 1
8682 1
8689 1
8695 1
8699 1
8703 1
8704 1
8709 1
8716 1
8719 1
8721 1
8722 1
8729 1
8736 1
8738 1
8739 1
8740 2
8741 1
8743 1
8744 2
8752 1
8753 1
8758 1
8762 4
8763 1
8764 1
8766 1
8768 2
8777 2
8778 1
8784 1
8787 1
8789 1
8791 1
8795 1
8798 1
8802 1
8811 1
8813 1
8817 1
8818 1
8826 1
8827 1
8829 1
8838 1
8842 1
8846 1
8847 1
8854 2
8857 1
8860 1
8862 1
8864 1
8866 1
8869 1
8871 1
8873 1
8878 1
8884 1
8887 1
8892 1
8895 1
8896 1
8897 1
8905 1
8914 1
8919 1
8920 1
8922 1
8925 1
8930 1
8932 1
8935 1
8941 1
8942 1
8944 1
8945 1
8947 1
8958 1
8960 1
8961 3
8962 1
8963 1
8964 1
8966 1
8967 1
8970 1
8971 1
8972 1
8976 1
8982 1
8992 1
9000 1
9004 1
9005 1
9012 1
9013 1
9016 1
9017 2
9021 1
9023 1
9024 1
9030 1
9033 1
9035 1
9040 1
9041 1
9042 3
9045 1
9047 1
9051 1
9055 2
9057 1
9058 1
9063 1
9064 1
9070 1
9073 1
9074 1
9075 1
9076 1
9080 2
9083 1
9085 1
9090 1
9091 1
9096 1
9097 1
9100 1
9104 1
9105 1
9109 1
9111 1
9115 1
9116 1
9117 1
9124 2
9126 1
9128 3
9129 2
9144 1
9146 1
9149 2
9151 1
9153 1
9156 1
9159 1
9162 1
9167 1
9170 1
9173 1
9177 1
9183 1
9185 1
9187 1
9188 1
9189 1
9197 1
9201 1
9207 1
9209 1
9210 1
9221 1
9228 1
9231 1
9232 1
9233 2
9234 1
9237 1
9241 1
9246 1
9253 1
9259 1
9263 1
9265 1
9267 1
9269 1
9272 1
9276 1
9282 1
9284 1
9286 2
9289 2
9293 1
9294 1
9295 1
9299 1
9300 1
9303 1
9305 2
9310 1
9314 1
9315 1
9327 1
9328 2
9329 1
9331 1
9332 1
9333 1
9334 1
9339 1
9342 1
9345 1
9346 1
9359 1
9360 1
9361 1
9367 2
9368 2
9369 3
9372 2
9373 1
9374 1
9375 4
9391 1
9392 1
9397 1
9401 1
9405 1
9406 1
9408 1
9409 1
9412 1
9419 1
9420 1
9432 1
9434 1
9435 2
9436 1
9437 1
9440 1
9444 1
9445 1
9446 1
9447 1
9453 1
9456 1
9460 1
9462 1
9463 1
9466 1
9467 1
9469 1
9470 1
9473 2
9475 1
9477 1
9481 1
9482 1
9485 1
9487 1
9493 1
9495 1
9500 1
9508 2
9514 1
9515 1
9521 1
9528 1
9529 1
9536 1
9541 1
9542 1
9548 1
9554 6
9560 5
9563 1
9566 1
9568 1
9570 2
9571 1
9573 9
9575 1
9581 1
9595 1
9599 1
9600 1
9603 1
9609 1
9615 1
9617 2
9618 1
9620 1
9621 1
9623 1
9627 1
9634 1
9637 1
9640 1
9642 1
9645 1
9648 1
9650 1
9656 1
9658 1
9660 2
9661 1
9662 1
9663 1
9664 1
9668 1
9683 1
9687 1
9688 1
9697 1
9709 1
9710 1
9718 1
9722 2
9724 1
9725 3
9726 1
9729 1
9730 1
9751 1
9752 1
9754 1
9755 1
9756 1
9770 1
9775 1
9788 1
9789 2
9796 1
9799 2
9806 1
9807 1
9811 1
9813 1
9817 1
9820 3
9822 3
9829 1
9837 1
9840 1
9842 1
9849 1
9855 1
9856 1
9857 1
9859 1
9861 1
9870 1
9878 1
9881 1
9888 1
9889 1
9891 1
9893 2
9897 1
9899 1
9900 1
9901 1
9903 1
9905 1
9910 1
9911 1
9913 1
9916 1
9920 1
9923 1
9932 1
9935 2
9940 1
9941 1
9944 1
9954 1
9955 1
9966 1
9968 1
9970 2
9972 1
9974 1
9978 1
9985 1
9987 1
9988 1
9993 1
9998 1
9999 1
10000 1
10010 1
10012 1
10013 1
10015 1
10024 2
10025 1
10026 1
10031 1
10033 1
10035 1
10045 1
10048 1
10050 1
10052 1
10056 1
10058 1
10062 1
10064 1
10072 1
10075 1
10077 1
10078 1
10079 1
10086 1
10089 1
10098 1
10108 1
10122 1
10125 1
10137 1
10139 1
10141 1
10145 2
10156 1
10161 1
10175 1
10176 2
10179 1
10180 1
10184 2
10185 1
10194 1
10198 1
10201 1
10206 1
10208 1
10219 1
10225 1
10229 1
10237 1
10246 1
10248 1
10250 1
10251 1
10252 1
10254 1
10256 2
10261 1
10270 1
10278 1
10281 1
10282 1
10286 1
10287 1
10292 2
10296 1
10299 1
10300 1
10307 1
10313 1
10322 1
10323 1
10325 2
10328 1
10329 1
10333 1
10334 1
10344 1
10351 1
10357 1
10361 1
10365 1
10371 1
10372 1
10373 1
10375 1
10377 1
10378 1
10379 1
10392 1
10394 1
10395 1
10401 1
10404 1
10411 1
10413 1
10415 1
10417 1
10426 1
10431 1
10433 1
10434 1
10435 1
10437 2
10438 1
10439 1
10443 1
10450 1
10451 1
10453 1
10463 1
10470 1
10477 1
10481 1
10486 1
10488 2
10494 1
10497 2
10501 1
10502 1
10509 2
10513 1
10526 1
10527 1
10535 1
10556 1
10566 1
10567 1
10568 1
10570 1
10572 1
10573 1
10576 1
10578 1
10584 1
10585 1
10591 1
10592 1
10600 1
10601 1
10602 2
10604 1
10606 1
10607 1
10608 1
10610 1
10612 1
10617 1
10619 1
10625 1
10630 1
10632 1
10634 1
10637 1
10641 1
10642 1
10658 1
10661 1
10669 1
10675 1
10678 1
10680 1
10681 1
10682 1
10686 1
10696 1
10702 1
10703 1
10710 1
10715 1
10716 1
10717 1
10719 2
10721 1
10726 1
10737 1
10744 1
10755 1
10756 1
10757 1
10762 1
10763 1
10764 1
10766 1
10769 1
10770 1
10771 1
10781 1
10782 1
10784 1
10786 2
10797 1
10799 2
10800 1
10803 1
10804 1
10807 1
10809 1
10815 1
10818 1
10819 1
10820 1
10821 1
10828 1
10829 1
10832 1
10837 1
10838 1
10840 1
10842 1
10843 1
10848 1
10858 2
10867 1
10868 1
10869 1
10885 1
10890 2
10891 1
10893 1
10901 1
10906 1
10907 1
10910 1
10912 1
10914 1
10921 1
10925 1
10926 1
10928 1
10929 1
10930 1
10931 1
10933 1
10934 1
10936 1
10950 1
10959 1
10966 1
10971 1
10984 1
10987 1
10989 1
10990 1
10991 1
10993 2
11001 1
11003 1
11004 1
11005 1
11018 3
11022 1
11023 1
11024 1
11025 1
11026 1
11028 1
11037 1
11038 1
11055 1
11060 1
11071 1
11072 2
11073 1
11074 1
11076 1
11077 1
11079 1
11080 1
11084 2
11085 1
11088 5
11094 1
11103 1
11105 1
11108 1
11109 1
11115 1
11117 2
11118 1
11119 1
11120 1
11123 1
11125 1
11126 1
11133 1
11142 1
11144 1
11153 1
11159 1
11163 1
11165 1
11171 1
11175 1
11176 1
11177 1
11181 1
11182 1
11185 1
11191 1
11199 1
11208 2
11214 1
11215 1
11223 1
11225 1
11227 1
11229 1
11239 1
11242 1
11243 1
11244 1
11246 1
11251 1
11255 1
11257 1
11260 1
11261 1
11262 1
11266 1
11267 1
11268 1
11271 1
11272 1
11276 1
11277 1
11280 1
11293 1
11299 1
11300 1
11302 1
11304 1
11305 1
11307 1
11315 1
11321 1
11324 1
11329 1
11331 1
11332 2
11333 1
11338 1
11346 1
11350 1
11355 1
11360 1
11370 1
11375 1
11385 1
11396 1
11397 1
11398 1
11400 1
11401 1
11403 1
11413 1
11427 1
11428 1
11432 1
11433 1
11439 1
11442 1
11443 1
11445 1
11446 1
11447 1
11451 2
11454 1
11455 1
11459 1
11466 1
11467 1
11470 1
11471 1
11479 1
11482 1
11483 1
11490 1
11492 1
11494 1
11503 1
11506 1
11507 1
11508 1
11510 1
11519 1
11527 2
11528 2
11531 1
11533 1
11538 1
11539 1
11543 1
11545 1
11548 1
11552 1
11553 1
11554 1
11555 1
11558 1
11559 1
11565 1
11566 1
11567 1
11573 1
11574 1
11579 1
11580 1
11581 1
11583 1
11585 1
11595 1
11598 1
11601 1
11602 1
11603 1
11604 1
11608 3
11609 1
11612 2
11618 1
11627 1
11628 1
11630 1
11632 1
11638 1
11644 1
11658 1
11660 1
11676 1
11680 1
11682 1
11683 1
11687 1
11690 1
11707 1
11713 1
11715 1
11718 1
11720 8
11728 1
11730 1
11743 1
11751 1
11752 1
11757 1
11761 1
11770 1
11772 1
11773 1
11775 1
11778 1
11779 1
11783 1
11784 1
11785 1
11791 1
11792 1
11797 1
11801 1
11805 1
11811 1
11812 1
11813 1
11816 1
11818 1
11819 1
11835 1
11837 1
11838 1
11844 1
11846 1
11847 2
11848 1
11849 1
11850 1
11851 1
11856 15
11863 2
11873 1
11875 1
11877 1
11882 2
11888 1
11890 1
11896 2
11897 2
11899 2
11903 1
11909 1
11920 1
11921 1
11924 1
11936 1
11939 1
11943 1
11945 1
11949 1
11954 1
11957 1
11959 1
11963 1
11964 1
11965 1
11972 2
11973 1
11977 1
11979 1
11984 1
11987 1
11992 1
12001 2
12002 1
12005 1
12006 1
12013 1
12016 1
12022 1
12026 1
12029 1
12030 1
12034 1
12036 1
12041 1
12045 1
12055 1
12056 1
12072 1
12074 1
12077 1
12080 1
12082 1
12084 1
12094 1
12096 2
12097 1
12098 1
12100 1
12103 2
12104 1
12114 1
12115 1
12118 2
12123 1
12139 1
12144 1
12146 1
12148 1
12149 1
12152 1
12156 1
12159 2
12161 1
12162 1
12168 1
12169 1
12171 2
12174 1
12178 1
12179 1
12185 1
12190 1
12191 1
12195 1
12196 1
12198 1
12199 1
12200 1
12204 1
12206 2
12208 1
12216 1
12221 1
12222 1
12223 1
12230 1
12234 1
12235 1
12238 1
12242 2
12255 1
12256 1
12261 1
12265 1
12270 1
12272 1
12274 1
12275 1
12283 1
12290 1
12292 1
12298 1
12302 1
12307 1
12308 1
12309 1
12310 1
12314 1
12316 1
12319 1
12320 1
12322 1
12328 1
12330 1
12332 1
12334 1
12335 1
12350 1
12357 1
12359 1
12364 1
12366 1
12367 1
12371 1
12377 1
12378 1
12381 7
12386 1
12391 1
12393 1
12397 3
12402 1
12413 1
12416 1
12423 1
12424 1
12425 1
12435 1
12437 1
12438 1
12441 1
12447 1
12448 1
12449 1
12451 1
12453 1
12454 2
12458 1
12459 1
12460 1
12465 1
12467 1
12473 1
12474 3
12476 1
12480 1
12482 2
12485 1
12488 1
12489 1
12492 1
12493 1
12494 1
12499 1
12504 1
12510 1
12516 2
12518 1
12523 1
12528 1
12532 1
12534 1
12544 1
12552 1
12554 1
12558 1
12559 1
12560 1
12561 1
12562 1
12572 1
12577 1
12584 1
12588 1
12589 1
12592 1
12593 1
12594 1
12597 1
12598 1
12600 1
12604 1
12608 1
12609 1
12615 1
12618 1
12623 1
12627 1
12633 1
12636 1
12637 1
12644 1
12646 2
12647 1
12648 1
12650 1
12652 1
12653 1
12655 1
12656 1
12666 1
12669 1
12681 1
12695 1
12696 1
12713 1
12714 1
12721 1
12726 1
12727 1
12730 1
12732 1
12737 2
12738 1
12742 1
12747 1
12752 1
12758 1
12764 1
12773 1
12774 1
12781 2
12785 1
12786 1
12791 1
12792 1
12793 1
12802 1
12810 1
12812 1
12816 1
12826 1
12830 1
12840 1
12847 1
12848 1
12850 1
12853 2
12857 1
12862 1
12867 1
12875 1
12883 1
12887 1
12891 1
12898 1
12899 1
12900 1
12905 2
12906 1
12910 1
12911 1
12912 1
12913 1
12920 2
12923 1
12929 1
12931 1
12933 1
12938 1
12941 1
12947 1
12953 1
12954 1
12958 1
12961 1
12963 1
12964 1
12967 1
12968 1
12969 1
12973 2
12978 1
12980 2
12986 1
12990 1
12999 1
13005 1
13006 1
13008 1
13014 1
13018 1
13019 1
13020 1
13022 1
13024 1
13027 1
13029 1
13030 1
13032 1
13038 1
13045 1
13047 1
13050 1
13057 1
13058 1
13059 1
13068 1
13069 1
13071 1
13072 1
13080 1
13083 1
13084 1
13085 1
13090 1
13094 1
13096 1
13102 1
13103 1
13104 1
13114 1
13121 1
13125 1
13127 1
13133 1
13136 1
13137 1
13138 1
13141 1
13147 1
13149 1
13151 1
13159 1
13160 1
13164 1
13166 1
13167 1
13168 1
13171 1
13172 1
13179 2
13180 1
13186 1
13187 1
13191 1
13193 1
13195 1
13196 1
13197 1
13198 3
13199 2
13201 3
13202 1
13203 1
13204 2
13205 1
13206 1
13207 1
13211 1
13214 1
13218 1
13225 1
13226 1
13231 1
13234 1
13236 1
13238 2
13243 1
13246 1
13252 1
13253 1
13254 1
13257 1
13265 1
13269 2
13276 1
13292 1
13304 2
13305 1
13315 1
13316 1
13319 1
13338 1
13340 1
13342 1
13346 1
13351 1
13357 1
13360 1
13361 1
13372 1
13376 1
13378 1
13379 1
13381 1
13383 1
13388 1
13389 1
13397 1
13398 1
13400 1
13402 1
13405 1
13409 1
13410 1
13411 1
13412 1
13419 1
13427 1
13428 1
13432 1
13433 1
13460 1
13465 1
13468 1
13470 1
13472 1
13474 1
13478 1
13481 1
13482 1
13485 1
13487 1
13493 1
13498 1
13501 2
13503 1
13506 1
13507 1
13525 1
13526 1
13531 1
13537 1
13540 2
13543 1
13550 1
13551 1
13552 1
13553 1
13557 1
13559 2
13560 1
13562 1
13571 1
13575 1
13577 1
13580 1
13581 1
13583 1
13590 1
13593 1
13594 1
13595 1
13598 1
13601 1
13603 1
13608 1
13612 1
13613 1
13615 1
13616 3
13617 1
13618 1
13619 1
13620 1
13624 1
13625 1
13628 1
13630 1
13631 1
13633 1
13634 1
13636 1
13637 1
13638 1
13639 1
13642 1
13647 1
13651 1
13652 1
13654 1
13658 1
13660 1
13671 1
13681 1
13700 1
13705 1
13706 1
13708 1
13710 1
13711 1
13717 1
13720 1
13745 1
13746 1
13747 1
13749 1
13754 1
13755 1
13760 2
13761 1
13767 1
13771 1
13774 3
13780 1
13782 1
13792 1
13801 1
13802 1
13803 1
13805 1
13811 1
13817 1
13818 1
13819 2
13822 1
13825 1
13827 1
13831 1
13834 1
13839 1
13841 1
13842 1
13846 1
13856 1
13860 1
13863 1
13871 1
13875 1
13880 1
13886 1
13887 1
13889 1
13894 1
13895 1
13897 2
13905 1
13907 1
13914 1
13921 1
13922 1
13928 1
13930 1
13932 1
13933 1
13936 1
13944 1
13947 1
13948 1
13954 1
13956 2
13962 1
13966 1
13971 2
13982 1
13988 1
13992 1
13993 1
13995 1
13996 1
13997 2
13998 1
13999 1
14001 1
14009 1
14011 1
14019 1
14022 2
14023 1
14025 1
14026 1
14029 1
14031 1
14035 1
14036 1
14037 1
14038 1
14051 1
14053 2
14056 1
14057 1
14058 1
14061 1
14066 1
14071 1
14073 1
14076 1
14078 1
14081 1
14082 1
14086 1
14087 1
14089 1
14098 1
14113 1
14124 1
14127 1
14128 1
14129 1
14130 1
14135 2
14151 1
14154 1
14164 1
14170 1
14178 2
14179 1
14184 1
14185 1
14187 1
14191 1
14192 1
14193 1
14194 1
14195 1
14215 1
14223 1
14224 1
14225 1
14226 1
14228 2
14229 1
14234 1
14237 1
14243 1
14245 1
14246 1
14259 1
14261 1
14262 1
14264 1
14267 1
14274 1
14277 1
14284 1
14294 1
14297 1
14298 1
14303 1
14306 1
14307 1
14308 1
14309 1
14310 1
14314 1
14320 1
14321 1
14329 1
14336 1
14337 1
14341 1
14342 1
14346 1
14347 1
14350 1
14351 1
14352 1
14356 1
14359 1
14364 1
14366 1
14368 1
14371 1
14375 1
14378 1
14383 1
14386 1
14389 1
14393 1
14397 1
14399 1
14410 1
14412 1
14415 2
14416 2
14419 1
14426 1
14427 1
14429 1
14435 1
14436 1
14437 1
14447 1
14453 3
14454 1
14457 1
14467 1
14468 1
14471 1
14480 2
14495 1
14498 1
14499 1
14501 2
14502 1
14506 1
14507 1
14508 1
14512 1
14514 1
14518 2
14519 1
14533 1
14535 1
14536 1
14539 1
14540 1
14545 1
14547 1
14548 1
14550 1
14553 1
14554 1
14563 1
14565 1
14570 1
14572 1
14575 1
14578 1
14580 1
14584 1
14588 1
14589 1
14595 2
14596 1
14597 1
14604 1
14615 1
14623 1
14640 1
14647 1
14648 2
14651 1
14660 1
14662 1
14663 1
14665 1
14669 1
14670 1
14674 1
14677 1
14678 1
14683 1
14695 1
14696 1
14697 1
14698 1
14701 1
14702 1
14712 1
14717 1
14720 1
14723 1
14725 1
14728 1
14737 1
14741 1
14742 1
14743 2
14744 1
14746 1
14750 1
14753 1
14754 1
14758 1
14759 1
14770 2
14775 1
14778 1
14782 1
14784 1
14793 1
14797 1
14802 1
14803 1
14804 1
14805 1
14808 1
14810 1
14817 1
14820 1
14824 1
14830 1
14832 1
14842 1
14845 1
14848 1
14850 1
14853 1
14865 1
14866 1
14878 1
14879 1
14880 1
14882 1
14891 1
14892 1
14896 1
14898 1
14905 1
14912 1
14913 1
14919 1
14921 1
14922 1
14925 1
14926 1
14927 1
14929 1
14931 1
14933 1
14935 1
14943 1
14944 1
14946 1
14957 2
14963 2
14964 1
14967 1
14972 1
14978 1
14982 1
14983 1
14991 1
14996 1
15005 2
15006 1
15007 1
15008 1
15017 1
15023 1
15024 1
15026 1
15031 1
15033 2
15036 1
15039 1
15042 1
15043 1
15044 1
15047 1
15048 1
15058 1
15060 1
15061 1
15066 1
15073 4
15075 1
15076 1
15078 1
15080 1
15084 1
15090 1
15092 1
15102 1
15105 1
15109 1
15111 1
15115 1
15116 1
15117 2
15119 1
15125 1
15134 1
15135 1
15144 1
15145 1
15146 1
15147 1
15151 1
15152 1
15153 1
15156 1
15157 1
15159 1
15163 1
15176 1
15178 2
15179 1
15180 1
15181 1
15183 1
15187 1
15190 1
15191 1
15199 1
15204 1
15208 1
15210 1
15211 1
15218 1
15219 1
15221 1
15222 1
15226 1
15228 1
15236 1
15237 1
15243 1
15245 1
15251 1
15252 1
15254 1
15256 1
15261 1
15263 1
15267 1
15268 1
15269 1
15272 1
15280 1
15288 1
15298 1
15299 1
15302 1
15307 3
15308 1
15323 1
15326 1
15339 1
15350 1
15352 1
15354 1
15357 1
15364 1
15370 1
15371 2
15373 1
15375 1
15378 1
15379 1
15380 1
15383 1
15384 1
15387 1
15392 1
15395 1
15404 1
15411 1
15418 16
15420 1
15422 1
15428 1
15434 1
15436 1
15437 1
15438 1
15444 1
15447 1
15452 1
15463 1
15475 1
15479 1
15482 1
15483 1
15493 1
15499 1
15501 1
15505 1
15511 1
15514 1
15515 1
15516 1
15518 1
15519 2
15520 1
15522 1
15527 1
15531 1
15532 1
15535 1
15539 1
15540 1
15551 1
15556 1
15560 1
15561 1
15567 1
15569 1
15570 1
15589 1
15592 1
15600 1
15603 1
15610 2
15612 1
15613 1
15615 1
15621 1
15623 1
15624 1
15625 1
15628 1
15630 1
15632 1
15634 1
15636 1
15647 1
15651 1
15652 2
15655 1
15658 1
15660 1
15661 1
15668 1
15669 1
15670 1
15673 1
15680 1
15689 1
15696 1
15702 1
15703 2
15704 1
15706 1
15708 1
15713 1
15720 1
15721 1
15730 1
15733 1
15734 1
15736 1
15752 1
15758 1
15764 1
15765 1
15769 1
15771 1
15772 1
15774 1
15785 1
15791 2
15798 1
15803 2
15814 1
15816 1
15817 1
15818 1
15826 1
15827 1
15832 1
15837 1
15841 1
15842 1
15843 1
15847 1
15848 7
15852 1
15853 1
15855 1
15862 1
15868 1
15872 1
15875 1
15876 1
15880 1
15888 1
15889 1
15898 1
15912 1
15915 1
15921 1
15922 1
15923 1
15925 1
15930 1
15931 1
15934 1
15936 1
15937 1
15941 1
15945 1
15950 1
15953 1
15955 1
15957 1
15960 1
15973 1
15975 1
15977 1
15982 1
15983 2
15984 2
15986 1
15987 1
15994 1
15996 2
15997 1
16005 2
16007 1
16008 3
16009 1
16012 1
16013 1
16016 1
16022 1
16029 1
16030 1
16031 1
16034 1
16036 1
16041 1
16045 1
16049 1
16055 1
16056 1
16057 1
16059 1
16060 1
16061 1
16062 1
16070 1
16072 1
16085 1
16086 1
16090 1
16092 1
16093 2
16096 1
16097 1
16100 1
16101 1
16109 1
16112 1
16115 1
16117 1
16123 1
16125 1
16127 1
16130 1
16131 1
16134 1
16142 2
16145 1
16146 1
16148 1
16155 1
16159 1
16160 2
16163 1
16164 1
16165 1
16168 1
16170 1
16171 1
16172 1
16173 1
16174 1
16179 1
16184 1
16185 1
16190 1
16191 1
16192 1
16194 1
16196 1
16197 1
16203 1
16209 1
16210 2
16211 1
16214 1
16219 1
16224 1
16225 1
16232 1
16236 1
16238 1
16240 1
16244 1
16250 1
16255 1
16257 1
16262 2
16263 1
16270 1
16273 1
16279 1
16284 1
16289 1
16291 1
16294 1
16298 1
16300 1
16307 1
16309 2
16312 1
16313 1
16317 1
16320 1
16326 1
16333 1
16334 1
16336 2
16337 2
16338 1
16339 1
16341 1
16346 1
16347 1
16354 1
16358 1
16363 1
16366 1
16367 1
16369 1
16377 1
16378 1
16390 1
16394 1
16395 2
16399 1
16400 1
16402 1
16408 1
16409 1
16413 1
16417 1
16424 1
16425 1
16428 1
16435 1
16436 1
16437 1
16444 1
16445 1
16448 1
16451 2
16453 1
16454 1
16458 1
16459 1
16460 1
16462 1
16463 1
16464 1
16465 1
16473 1
16488 1
16490 1
16491 1
16495 1
16496 1
16498 1
16500 1
16507 1
16511 1
16513 1
16515 1
16516 1
16521 1
16522 1
16524 1
16525 1
16526 1
16528 1
16530 1
16536 1
16538 1
16541 1
16542 1
16546 2
16551 1
16553 1
16556 1
16560 1
16563 1
16567 1
16569 1
16574 1
16582 1
16583 1
16586 1
16589 1
16590 1
16599 1
16610 1
16612 1
16613 1
16617 1
16620 1
16624 1
16629 1
16632 1
16635 1
16637 1
16638 1
16639 1
16643 1
16645 1
16647 1
16649 1
16655 1
16656 1
16659 1
16669 1
16672 1
16673 2
16678 1
16680 1
16681 1
16682 1
16684 1
16685 1
16690 1
16691 1
16694 1
16697 1
16699 1
16700 1
16703 1
16710 1
16713 1
16722 1
16723 1
16731 1
16738 1
16748 1
16751 1
16754 1
16758 1
16761 1
16764 1
16767 1
16770 1
16771 1
16775 1
16777 1
16780 1
16783 1
16786 1
16789 1
16790 1
16791 1
16795 1
16798 1
16804 1
16805 1
16809 1
16817 1
16820 1
16830 2
16831 1
16837 1
16838 1
16843 1
16847 1
16864 1
16865 2
16866 1
16871 1
16875 1
16881 1
16884 1
16885 1
16886 1
16887 1
16891 1
16897 1
16900 1
16901 1
16902 1
16906 1
16907 2
16910 1
16913 1
16914 1
16915 1
16920 1
16922 1
16928 1
16932 1
16935 1
16936 1
16938 1
16942 1
16943 1
16945 2
16950 1
16953 1
16958 1
16960 1
16965 1
16967 1
16968 1
16969 1
16972 1
16976 1
16979 1
16982 1
16985 1
16986 1
16987 1
16988 1
16989 1
16990 1
16993 1
16995 1
16996 1
16998 1
17000 2
17006 1
17013 1
17018 1
17021 1
17022 1
17024 1
17025 1
17026 1
17032 1
17036 1
17040 1
17051 1
17052 1
17058 1
17061 1
17063 1
17074 1
17075 1
17078 1
17083 1
17084 1
17085 2
17093 1
17098 1
17102 1
17103 1
17105 1
17106 1
17108 1
17110 1
17120 1
17121 1
17124 1
17125 1
17131 1
17132 1
17135 1
17138 1
17143 2
17144 1
17154 1
17159 1
17162 1
17164 1
17168 1
17172 1
17173 1
17183 1
17185 1
17188 1
17192 1
17193 1
17198 1
17203 1
17207 1
17211 1
17213 1
17217 1
17219 1
17222 1
17223 1
17227 1
17230 1
17231 1
17232 1
17233 1
17240 1
17241 1
17243 1
17245 1
17246 2
17253 1
17258 1
17264 1
17265 1
17266 1
17271 1
17277 1
17281 1
17283 1
17284 1
17287 2
17290 1
17293 1
17295 1
17299 1
17300 1
17306 1
17311 1
17325 1
17328 1
17331 1
17332 1
17333 1
17334 1
17335 2
17336 2
17337 2
17338 1
17342 1
17345 1
17348 1
17349 1
17352 1
17353 1
17359 1
17360 1
17362 1
17366 1
17370 1
17379 1
17382 1
17385 2
17391 1
17394 1
17399 1
17402 1
17403 1
17407 1
17408 1
17410 2
17411 1
17416 1
17418 1
17420 1
17422 1
17423 1
17427 1
17428 2
17429 1
17430 1
17437 1
17439 2
17441 1
17442 1
17443 1
17444 1
17453 1
17455 1
17457 1
17458 1
17459 1
17462 1
17464 1
17465 1
17469 1
17470 1
17471 1
17477 1
17479 1
17482 1
17483 4
17485 1
17486 1
17489 1
17492 1
17493 1
17499 1
17509 1
17514 1
17515 1
17518 1
17522 1
17524 1
17539 1
17544 1
17548 1
17549 1
17556 1
17559 1
17567 1
17571 1
17572 3
17573 1
17578 1
17589 1
17590 1
17591 1
17601 1
17602 1
17604 1
17612 1
17613 1
17615 1
17618 1
17621 1
17622 1
17623 1
17624 1
17625 1
17636 1
17637 3
17638 1
17641 2
17642 1
17643 1
17646 1
17649 2
17657 1
17660 1
17666 1
17668 1
17673 1
17674 1
17680 1
17681 1
17688 1
17689 1
17693 1
17695 1
17699 1
17703 1
17706 1
17707 1
17708 2
17713 1
17716 1
17725 1
17726 1
17727 1
17737 1
17739 1
17744 1
17747 1
17750 1
17759 1
17760 1
17761 1
17765 1
17766 1
17773 1
17776 1
17777 1
17784 1
17785 1
17788 1
17792 1
17795 1
17796 1
17797 1
17799 1
17801 2
17805 1
17806 1
17808 1
17811 1
17812 1
17815 1
17817 1
17818 1
17820 1
17823 1
17825 1
17826 1
17830 1
17837 1
17838 1
17843 1
17845 1
17850 1
17855 1
17857 1
17858 1
17864 1
17867 1
17868 1
17873 1
17874 1
17876 1
17877 1
17878 1
17880 1
17882 1
17884 1
17891 1
17905 1
17908 1
17909 3
17912 1
17913 1
17916 1
17917 1
17920 1
17927 1
17928 1
17932 1
17943 1
17948 1
17957 1
17979 1
17980 1
17982 1
17988 1
17990 2
18004 1
18006 1
18007 1
18011 1
18016 1
18018 1
18019 1
18022 1
18023 1
18028 2
18032 1
18038 1
18039 1
18050 1
18051 1
18052 1
18054 1
18056 1
18059 1
18060 1
18062 1
18063 1
18074 1
18075 1
18077 1
18083 1
18084 1
18085 2
18086 1
18089 1
18091 1
18097 1
18101 1
18103 1
18106 1
18119 1
18129 1
18130 1
18136 1
18137 1
18144 1
18150 1
18153 1
18154 1
18157 1
18161 1
18166 1
18169 1
18173 1
18175 1
18180 1
18182 1
18184 1
18192 1
18194 1
18196 1
18202 1
18203 1
18204 2
18206 1
18207 1
18209 1
18211 1
18213 1
18214 1
18218 1
18221 1
18222 1
18227 1
18228 1
18229 1
18230 1
18231 2
18232 1
18233 1
18246 1
18250 1
18253 1
18256 1
18267 1
18281 1
18282 1
18283 1
18287 1
18294 1
18295 3
18299 1
18301 1
18302 1
18303 1
18306 1
18311 1
18312 1
18314 1
18316 1
18320 1
18325 1
18329 1
18334 1
18337 1
18338 1
18343 2
18346 1
18347 1
18349 1
18350 1
18351 2
18354 1
18356 1
18357 1
18358 1
18361 1
18369 1
18372 1
18377 1
18382 1
18390 1
18395 1
18398 1
18401 1
18402 1
18404 1
18405 1
18409 1
18411 1
18412 1
18414 1
18422 1
18423 1
18435 1
18442 1
18443 1
18448 1
18449 1
18451 1
18460 1
18461 1
18463 1
18476 1
18477 1
18478 1
18479 1
18482 1
18489 1
18498 1
18502 1
18504 1
18507 1
18508 1
18509 1
18511 1
18518 1
18522 1
18525 1
18527 1
18535 1
18539 1
18544 1
18546 1
18549 1
18553 1
18558 1
18559 1
18563 1
18564 1
18566 1
18574 1
18578 1
18581 1
18586 1
18588 1
18591 1
18593 1
18601 2
18609 1
18612 1
18618 1
18619 2
18620 1
18622 1
18626 1
18628 1
18635 3
18636 1
18639 1
18641 3
18647 1
18650 1
18659 1
18666 1
18675 1
18676 1
18686 2
18695 1
18700 2
18701 1
18703 1
18706 1
18709 1
18710 1
18716 1
18719 1
18725 1
18728 1
18736 1
18737 1
18743 1
18744 1
18750 1
18755 1
18758 1
18765 1
18769 1
18770 1
18771 1
18774 1
18788 1
18789 1
18792 2
18793 1
18795 1
18799 1
18804 1
18816 1
18820 1
18821 1
18823 1
18831 1
18834 1
18841 2
18859 1
18873 1
18878 1
18880 1
18883 1
18891 1
18893 1
18895 1
18898 1
18903 1
18904 1
18906 1
18907 1
18912 1
18913 1
18914 1
18918 1
18923 1
18927 1
18928 1
18932 1
18939 1
18943 1
18944 1
18945 1
18949 1
18950 1
18951 1
18953 1
18956 1
18957 1
18961 1
18964 1
18965 1
18966 1
18967 1
18969 1
18970 1
18976 1
18977 1
18987 1
18989 1
18993 1
18999 1
19004 2
19011 1
19017 1
19019 1
19022 1
19024 2
19025 2
19026 1
19028 2
19030 1
19031 1
19033 1
19035 1
19036 1
19042 1
19046 2
19048 1
19049 1
19058 2
19066 1
19067 1
19070 1
19071 1
19072 7
19077 1
19080 1
19081 1
19082 1
19090 1
19092 1
19094 1
19103 1
19107 1
19113 1
19114 1
19115 1
19124 1
19135 1
19136 1
19137 1
19138 1
19140 1
19146 1
19148 1
19150 1
19152 1
19154 1
19162 1
19168 2
19171 3
19176 1
19177 1
19185 1
19186 1
19189 1
19212 1
19214 2
19218 1
19224 1
19225 1
19227 1
19228 1
19229 1
19233 1
19237 1
19239 1
19248 1
19249 1
19253 2
19255 1
19258 1
19259 1
19260 1
19263 1
19268 1
19271 1
19276 1
19279 1
19280 1
19281 1
19284 1
19286 1
19287 1
19289 1
19300 1
19304 1
19319 1
19329 1
19333 1
19334 1
19335 1
19338 1
19348 1
19349 1
19350 1
19352 1
19360 1
19361 1
19376 1
19379 1
19381 1
19385 1
19386 1
19393 1
19394 1
19396 1
19398 1
19399 1
19401 1
19403 1
19406 1
19409 1
19411 1
19412 1
19414 1
19415 1
19426 1
19427 1
19429 1
19430 1
19433 1
19436 1
19437 1
19443 1
19446 1
19448 1
19449 1
19454 1
19459 1
19460 1
19463 1
19468 1
19469 1
19470 1
19473 1
19475 1
19485 1
19486 1
19487 1
19489 1
19494 1
19497 1
19501 1
19505 1
19507 1
19508 1
19512 1
19513 1
19520 1
19523 1
19525 1
19527 1
19529 1
19531 1
19534 1
19537 1
19539 1
19541 1
19543 1
19552 1
19554 1
19557 1
19560 1
19562 1
19565 1
19570 1
19572 1
19574 1
19577 1
19580 1
19583 1
19585 1
19587 1
19593 1
19606 1
19607 1
19608 1
19613 1
19619 1
19623 1
19630 1
19634 1
19645 1
19646 1
19650 1
19659 1
19660 1
19662 1
19663 1
19668 1
19674 1
19678 2
19679 1
19681 1
19682 1
19686 1
19689 1
19690 1
19696 1
19697 1
19698 1
19702 1
19703 1
19705 1
19706 1
19724 1
19728 1
19730 1
19732 1
19735 1
19736 1
19741 1
19745 1
19747 1
19748 2
19749 1
19754 1
19757 1
19758 1
19760 1
19761 1
19763 1
19765 1
19771 1
19777 1
19781 1
19783 1
19785 1
19790 1
19793 1
19798 1
19801 1
19809 1
19810 1
19812 1
19813 1
19817 1
19818 1
19819 1
19821 1
19826 1
19827 1
19832 1
19833 1
19835 1
19837 1
19839 1
19840 2
19844 1
19845 1
19851 2
19855 1
19857 1
19859 1
19860 1
19866 1
19870 1
19877 1
19880 1
19896 1
19901 2
19904 1
19908 1
19909 1
19912 1
19914 1
19918 1
19920 2
19929 1
19933 1
19938 1
19946 2
19948 1
19956 2
19957 1
19969 1
19971 1
19979 1
19987 1
19989 1
19990 1
19991 1
19992 1
20001 1
20005 1
20015 1
20019 1
20023 1
20031 1
20034 1
20042 1
20044 1
20045 1
20050 1
20054 1
20055 1
20063 1
20066 1
20067 1
20070 1
20073 1
20074 1
20077 1
20078 1
20079 1
20081 1
20082 1
20084 1
20091 1
20095 1
20096 1
20097 1
20100 1
20104 1
20106 1
20107 1
20111 1
20113 1
20123 1
20128 1
20129 1
20130 1
20135 1
20136 2
20141 1
20142 1
20146 1
20147 1
20149 1
20152 1
20159 1
20162 1
20164 1
20166 1
20167 1
20168 1
20177 1
20183 1
20192 1
20196 1
20197 1
20211 1
20223 1
20233 1
20234 1
20238 1
20251 1
20252 1
20257 1
20260 1
20263 1
20271 1
20282 1
20285 1
20290 1
20292 1
20298 1
20301 1
20306 1
20307 1
20308 1
20310 1
20315 1
20322 1
20323 1
20328 1
20330 1
20338 1
20340 1
20349 1
20353 2
20356 1
20357 1
20358 1
20359 1
20361 2
20362 1
20364 1
20371 1
20375 1
20379 1
20380 1
20381 1
20382 1
20385 1
20388 1
20389 1
20397 1
20398 1
20413 1
20415 1
20418 1
20423 1
20437 1
20441 1
20452 1
20458 1
20464 1
20469 1
20473 1
20478 1
20483 1
20490 1
20496 1
20497 1
20500 1
20503 1
20504 1
20507 1
20509 1
20510 1
20515 1
20516 1
20518 1
20523 1
20525 1
20527 1
20529 1
20530 1
20532 1
20534 1
20535 1
20537 1
20543 1
20544 1
20549 1
20557 1
20558 1
20559 1
20560 1
20561 1
20562 1
20564 1
20565 1
20566 1
20571 1
20574 1
20582 1
20600 1
20603 1
20614 1
20615 1
20618 1
20619 1
20624 1
20625 1
20629 1
20632 1
20634 1
20638 1
20641 1
20645 1
20648 1
20650 1
20652 1
20654 1
20657 1
20668 1
20672 1
20673 1
20674 1
20675 1
20678 1
20681 1
20682 1
20686 1
20688 1
20695 1
20696 1
20698 1
20699 1
20704 1
20707 1
20710 1
20713 1
20717 1
20725 1
20726 1
20730 1
20735 1
20755 1
20758 1
20763 1
20764 1
20770 1
20774 1
20781 1
20786 1
20791 1
20792 1
20793 1
20797 1
20801 1
20802 1
20806 1
20807 1
20812 1
20814 1
20816 1
20817 1
20818 1
20819 1
20820 1
20823 1
20832 1
20833 1
20837 1
20838 1
20845 1
20848 1
20851 1
20852 1
20857 1
20860 1
20862 1
20865 1
20868 1
20870 1
20875 1
20879 1
20880 1
20883 1
20885 1
20886 1
20890 1
20894 1
20895 1
20896 1
20897 1
20898 1
20904 1
20907 1
20924 1
20969 1
21044 1
21397 1
21556 1
21611 1
21639 1
21659 1
22085 1
22447 1
22471 1
22497 1
22536 1
22648 1
22668 1
22870 1
22893 1
22915 1
23026 1
23496 1
23564 1
23677 1
23712 1
23786 1
23805 1
24238 1
24241 1
24443 1
24577 1
24600 1
24707 1
25408 1
25438 1
25536 1
25550 1
25606 1
25631 1
25677 1
25862 1
26188 1
26198 1
26434 1
26570 1
26740 1
26785 1
27008 1
27135 1
27144 1
27253 1
27499 1
28003 1
28699 1
28718 1
28856 1
29152 1
29483 1
29568 1
29681 1
29695 1
29757 1
29799 1
29852 1
29956 1
30047 1
30112 1
30192 1
30210 1
30315 1
30371 1
30493 1
30632 1
30835 1
30838 1
31227 1
32841 1
33224 1
33747 1
33781 1
33865 1
34163 2
34318 1
34675 1
35023 1
35088 1
36124 1
36713 1
38056 1
38308 1
38357 1
39215 1
39491 1
39532 1
40148 1
40840 1
40891 1
41126 1
41247 1
41384 1
42288 1
42289 1
42821 1
42847 1
43330 1
43653 1
43869 1
45738 1
46058 1
46492 1
47770 1
48237 1
48861 1
51839 1
52024 1
53055 1
53392 1
53456 1
54415 1
55795 1
57108 1
57370 1
57556 1
58137 1
58640 1
58977 1
59623 1
61100 1
63523 1
64555 1
64903 1
66199 1
66735 1
67279 1
67846 1
68736 1
68783 2
70190 1
72437 1
72730 1
72974 1
73991 1
75790 1
75972 1
77792 1
78557 2
78558 1
80033 1
81373 1
82585 1
83462 1
85364 1
86683 1
87984 1
88232 1
88248 1
89341 1
89342 1
91825 1
92013 1
93199 1
95968 1
95971 1
96006 1
96556 1
97340 1
97386 1
98605 1
101374 1
103043 1
104019 1
105514 1
110605 1
111571 1
112266 1
112432 1
113267 1
114053 1
115768 1
117605 1
117621 1
117973 1
118005 1
118924 2
119205 1
119901 1
126538 1
128449 1
130137 1
133315 1
134767 1
141177 1
141648 1
142001 1
142636 1
146248 1
148522 1
149036 1
151806 1
154723 1
155360 1
156262 1
165417 1
166898 1
166955 1
177209 1
178194 1
181067 1
184048 1
188718 1
190033 1
191337 1
196417 1
202869 1
203850 1
207033 1
208074 1
213164 1
225301 1
225447 1
230155 1
238851 1
240586 1
245777 1
245842 1
246564 1
248214 1
252286 1
253142 1
253393 1
264693 1
280058 1
282159 1
284744 1
286612 1
288980 1
304851 1
324451 1
325645 1
337549 1
342091 1
342675 1
348404 1
348965 1
372039 1
397210 1
406427 1
406946 1
408078 1
422992 1
426079 1
428496 1
446349 1
448937 1
449312 1
451477 1
474241 1
477191 1
480744 1
488038 1
494799 1
498461 1
502184 1
595523 1
609023 1
635106 1
641004 1
641044 1
700227 1
743136 1
810264 1
824440 1
827730 1
871979 1
916061 1
