94443 89719 0
22476 89719 0
94490 89719 0
94511 89719 0
83904 89719 0
80640 89719 0
94678 89719 0
94738 89719 0
94964 89719 0
63053 89719 0
82837 89719 0
92653 89719 0
37187 89719 0
78391 89719 0
97513 89719 0
4974 89719 0
68199 89719 0
63611 89719 0
2745 89719 0
88056 89719 0
97824 89719 0
98366 89719 0
98353 89719 0
98386 89719 0
81967 89719 0
98392 89719 0
71016 89719 0
69671 89719 0
98451 89719 0
76986 89719 0
91247 89719 0
98472 89719 0
98470 89719 0
4360 89719 0
98502 89719 0
98500 89719 0
97408 89719 0
77563 89719 0
81594 89719 0
98120 89719 0
62630 89719 0
77105 89719 0
88062 89719 0
97144 89719 0
92198 89719 0
98719 89719 0
98722 89719 0
91847 89719 0
66210 89719 0
92069 89719 0
22400 89719 0
98827 89719 0
98829 89719 0
23929 89719 0
98859 89719 0
71806 89719 0
12970 89719 0
87264 89719 0
62330 89719 0
98947 89719 0
86721 89719 0
98981 89719 0
99027 89719 0
90240 89719 0
99064 89719 0
87623 89719 0
98554 89719 0
9890 89719 0
80009 89719 0
97641 89719 0
99230 89719 0
97335 89719 0
99252 89719 0
61217 89719 0
87216 89719 0
72842 89719 0
96776 89719 0
78172 89719 0
92894 89719 0
98515 89719 0
69283 89719 0
8774 89719 0
82442 89719 0
96787 89719 0
65024 89719 0
96796 89719 0
72018 89719 0
95478 89719 0
77737 89719 0
92248 89719 0
72117 89719 0
89360 89719 0
78318 89719 0
98483 89719 0
74673 89719 0
78055 89719 0
91182 89719 0
82059 89719 0
52582 89719 0
99908 89719 0
99741 89719 0
95744 89719 0
92916 89719 0
99993 89719 0
42732 89719 0
100092 89719 0
81505 89719 0
100164 89719 0
100326 89719 0
99268 89719 0
99336 89719 0
95088 89719 0
75173 89719 0
91914 89719 0
66339 89719 0
100391 89719 0
100243 89719 0
61111 89719 0
100680 89719 0
100685 89719 0
99442 89719 0
100751 89719 0
100781 89719 0
99855 89719 0
60690 89719 0
97313 89719 0
77553 89719 0
100957 89719 0
100712 89719 0
61242 89719 0
101046 89719 0
76889 89719 0
92634 89719 0
88657 89719 0
72530 89719 0
92218 89719 0
75977 89719 0
86690 89719 0
75179 89719 0
101233 89719 0
92854 89719 0
100971 89719 0
28192 89719 0
96226 89719 0
101410 89719 0
101283 89719 0
63260 89719 0
34 89719 0
91285 89719 0
79657 89719 0
72016 89719 0
101184 89719 0
32845 89719 0
75994 89719 0
100661 89719 0
101863 89719 0
76496 89719 0
64706 89719 0
67094 89719 0
39003 89719 0
102186 89719 0
102182 89719 0
102118 89719 0
102208 89719 0
102230 89719 0
102124 89719 0
102269 89719 0
66629 89719 0
102324 89719 0
63743 89719 0
101453 89719 0
102319 89719 0
72010 89719 0
102378 89719 0
102626 89719 0
65526 89719 0
12007 89719 0
102407 89719 0
102012 89719 0
102839 89719 0
97429 89719 0
76944 89719 0
103122 89719 0
93744 89719 0
103165 89719 0
76222 89719 0
7083 89719 0
80942 89719 0
73522 89719 0
103252 89719 0
102128 89719 0
99432 89719 0
103491 89719 0
103752 89719 0
103622 89719 0
103861 89719 0
103906 89719 0
103470 89719 0
64209 89719 0
11633 89719 0
104004 89719 0
12197 89719 0
104147 89719 0
77534 89719 0
104443 89719 0
104526 89719 0
104653 89719 0
64825 89719 0
104726 89719 0
104559 89719 0
78245 89719 0
1486 89719 0
104483 89719 0
83072 89719 0
64899 89719 0
105050 89719 0
100395 89719 0
94373 89719 0
103787 89719 0
81740 89719 0
105310 89719 0
104060 89719 0
105419 89719 0
105437 89719 0
105401 89719 0
63205 89719 0
103570 89719 0
77513 89719 0
83399 89719 0
105874 89719 0
60887 89719 0
71347 89719 0
106139 89719 0
105830 89719 0
69764 89719 0
72582 89719 0
106422 89719 0
106544 89719 0
78854 89719 0
90906 89719 0
74290 89719 0
70769 89719 0
103811 89719 0
93846 89719 0
106671 89719 0
77293 89719 0
88970 89719 0
6033 89719 0
72550 89719 0
107452 89719 0
78481 89719 0
83424 89719 0
106945 89719 0
107655 89719 0
107558 89719 0
107790 89719 0
107798 89719 0
76420 89719 0
107288 89719 0
107993 89719 0
67281 89719 0
108121 89719 0
108020 89719 0
108239 89719 0
108430 89719 0
63555 89719 0
107894 89719 0
78573 89719 0
108600 89719 0
108683 89719 0
21959 89719 0
78860 89719 0
107919 89719 0
108544 89719 0
63677 89719 0
109045 89719 0
109208 89719 0
109567 89719 0
107297 89719 0
63863 89719 0
109838 89719 0
80215 89719 0
110040 89719 0
9964 89719 0
81194 89719 0
66735 89719 0
3986 89719 0
110467 89719 0
105238 89719 0
108561 89719 0
110471 89719 0
38212 89719 0
13858 89719 0
110922 89719 0
81238 89719 0
72639 89719 0
85447 89719 0
111102 89719 0
111249 89719 0
111165 89719 0
111338 89719 0
83534 89719 0
111387 89719 0
111471 89719 0
81844 89719 0
111667 89719 0
111731 89719 0
88348 89719 0
64115 89719 0
112035 89719 0
95376 89719 0
111891 89719 0
111127 89719 0
112122 89719 0
81728 89719 0
80377 89719 0
95177 89719 0
112426 89719 0
112113 89719 0
92151 89719 0
111627 89719 0
111587 89719 0
91993 89719 0
109328 89719 0
97548 89719 0
112358 89719 0
111687 89719 0
105517 89719 0
109085 89719 0
112750 89719 0
113127 89719 0
99575 89719 0
73677 89719 0
73541 89719 0
113043 89719 0
6946 89719 0
112552 89719 0
79987 89719 0
112026 89719 0
113844 89719 0
65997 89719 0
61962 89719 0
114057 89719 0
2597 89719 0
114158 89719 0
94960 89719 0
74666 89719 0
81212 89719 0
94243 89719 0
114491 89719 0
113394 89719 0
114776 89719 0
114796 89719 0
114170 89719 0
114527 89719 0
80915 89719 0
21167 89719 0
112820 89719 0
35925 89719 0
115264 89719 0
18182 89719 0
114725 89719 0
115471 89719 0
113595 89719 0
115014 89719 0
51946 89719 0
79502 89719 0
115653 89719 0
82410 89719 0
115515 89719 0
115232 89719 0
86252 89719 0
115976 89719 0
64735 89719 0
116044 89719 0
116332 89719 0
11447 89719 0
22817 89719 0
116522 89719 0
116542 89719 0
107834 89719 0
116803 89719 0
116790 89719 0
116504 89719 0
94985 89719 0
116472 89719 0
117016 89719 0
117281 89719 0
116994 89719 0
102817 89719 0
7295 89719 0
81523 89719 0
117893 89719 0
117907 89719 0
79205 89719 0
73867 89719 0
117474 89719 0
118216 89719 0
118309 89719 0
117760 89719 0
117420 89719 0
76970 89719 0
79595 89719 0
81551 89719 0
118737 89719 0
15489 89719 0
94005 89719 0
91880 89719 0
119130 89719 0
91974 89719 0
63475 89719 0
115873 89719 0
119967 89719 0
9808 89719 0
67434 89719 0
119328 89719 0
120195 89719 0
84014 89719 0
119859 89719 0
5920 89719 0
120481 89719 0
120583 89719 0
120613 89719 0
117834 89719 0
60858 89719 0
120797 89719 0
64536 89719 0
76272 89719 0
120887 89719 0
103108 89719 0
119863 89719 0
86179 89719 0
109395 89719 0
72815 89719 0
121238 89719 0
121236 89719 0
108958 89719 0
121265 89719 0
121324 89719 0
118548 89719 0
121250 89719 0
120748 89719 0
121455 89719 0
67091 89719 0
121216 89719 0
114988 89719 0
122302 89719 0
122529 89719 0
29451 89719 0
81139 89719 0
121831 89719 0
15576 89719 0
122917 89719 0
58184 89719 0
117451 89719 0
104008 89719 0
106430 89719 0
99861 89719 0
96435 89719 0
122869 89719 0
123371 89719 0
121435 89719 0
102955 89719 0
122930 89719 0
123876 89719 0
80497 89719 0
84994 89719 0
60869 89719 0
122520 89719 0
87733 89719 0
20523 89719 0
96231 89719 0
76726 89719 0
121835 89719 0
124705 89719 0
124787 89719 0
124790 89719 0
124362 89719 0
124847 89719 0
101247 89719 0
124988 89719 0
120590 89719 0
125138 89719 0
93374 89719 0
124497 89719 0
124718 89719 0
32253 94229 0
11467 94229 0
5610 94229 0
11470 94229 0
98532 94229 0
101113 94229 0
95307 74371 0
105788 94298 0
113846 94298 0
97982 94386 0
106376 94386 0
101178 94413 0
83083 2337 0
66385 2337 0
89119 2337 0
62338 2337 0
62734 2337 0
93846 2337 0
77412 2337 0
88046 2337 0
92554 2337 0
95959 2337 0
95813 2337 0
92193 2337 0
68818 2337 0
96832 2337 0
96585 2337 0
97221 2337 0
92487 2337 0
60655 2337 0
99221 2337 0
52582 2337 0
99458 2337 0
72016 2337 0
102168 2337 0
64236 2337 0
82820 2337 0
102790 2337 0
103615 2337 0
104315 2337 0
105061 2337 0
90906 2337 0
106170 2337 0
107674 2337 0
107398 2337 0
92366 2337 0
108160 2337 0
105583 2337 0
66013 2337 0
92151 2337 0
117674 2337 0
66964 2337 0
118737 2337 0
122869 2337 0
72104 94496 0
94813 94496 0
96737 94496 0
94690 28854 0
72874 28854 0
94749 28854 0
94819 28854 0
94853 28854 0
94872 28854 0
66855 28854 0
66845 28854 0
95107 28854 0
95224 28854 0
95318 28854 0
95465 28854 0
95685 28854 0
96591 28854 0
69720 28854 0
98760 28854 0
99386 28854 0
73427 28854 0
68010 28854 0
100491 28854 0
100550 28854 0
87316 28854 0
101466 28854 0
101817 28854 0
102150 28854 0
70828 28854 0
102980 28854 0
104246 28854 0
105871 28854 0
107440 28854 0
108453 28854 0
87666 28854 0
110215 28854 0
111527 28854 0
110967 28854 0
114131 28854 0
79172 28854 0
66861 28854 0
59808 28854 0
117185 28854 0
122288 28854 0
123011 28854 0
83722 28854 0
124211 28854 0
11468 94700 0
11470 94700 0
96821 94700 0
96218 1908 0
94763 94761 0
96191 95092 0
100560 95092 0
48483 95109 0
95829 95109 0
95902 95109 0
96344 95109 0
97554 95109 0
38076 95109 0
39928 95109 0
101224 95109 0
106552 95129 0
65141 95194 0
95644 95194 0
92136 95194 0
97365 95194 0
97627 95194 0
92171 95194 0
98026 95194 0
98210 95194 0
98800 95194 0
101067 95194 0
101849 95194 0
103940 95194 0
106152 95194 0
106513 95194 0
110112 95194 0
112433 95194 0
97086 95394 0
110685 95498 0
23207 95203 0
3712 15417 0
103589 95725 0
51709 51680 0
95878 51680 0
69301 51680 0
96119 51680 0
57756 51680 0
53149 51680 0
97536 51680 0
51773 51680 0
97687 51680 0
11505 51680 0
40211 51680 0
99798 51680 0
99543 51680 0
101108 51680 0
101119 51680 0
101174 51680 0
101325 51680 0
101617 51680 0
59604 51680 0
53093 51680 0
53939 51680 0
103679 51680 0
52883 51680 0
103961 51680 0
57441 51680 0
53048 51680 0
105463 51680 0
65793 51680 0
107328 51680 0
107913 51680 0
109135 51680 0
55180 51680 0
113066 51680 0
58883 51680 0
104781 51680 0
115392 51680 0
116612 51680 0
53005 51680 0
51737 51680 0
56493 51680 0
52124 51680 0
124581 51680 0
125466 51680 0
96755 7618 0
98676 7618 0
27890 7618 0
2941 7618 0
28190 95842 0
8301 80203 0
96119 51680 0
57756 51680 0
59040 51680 0
53149 51680 0
51773 51680 0
97687 51680 0
11505 51680 0
69301 51680 0
99865 51680 0
51709 51680 0
101119 51680 0
101617 51680 0
101821 51680 0
59604 51680 0
102023 51680 0
102086 51680 0
53093 51680 0
102965 51680 0
53939 51680 0
103679 51680 0
52883 51680 0
57441 51680 0
65793 51680 0
107328 51680 0
109135 51680 0
55180 51680 0
58883 51680 0
56922 51680 0
114568 51680 0
53005 51680 0
51737 51680 0
56493 51680 0
52124 51680 0
96621 96443 0
96942 96451 0
95329 96498 0
97051 96526 0
97717 96526 0
98740 96526 0
99324 96526 0
102733 96526 0
112124 96526 0
115202 96526 0
115649 96526 0
98006 96709 0
61721 96736 0
97425 96858 0
97492 96858 0
97643 97644 0
103817 97644 0
97398 19550 0
28190 19550 0
97645 97251 0
65446 97327 0
72234 71375 0
98541 71375 0
988 71375 0
106673 71375 0
110814 71375 0
122709 71375 0
46250 77743 0
97959 5218 0
100941 5218 0
37093 5218 0
105538 5218 0
108846 5218 0
120820 97857 0
110588 97867 0
110683 97867 0
96462 97880 0
97937 76252 0
98081 97929 0
100096 98006 0
98848 98849 0
123230 98048 0
103248 19480 0
113960 19480 0
98242 8104 0
72392 8104 0
98676 8104 0
98909 8104 0
99578 8104 0
101004 8104 0
57867 8104 0
104064 8104 0
92992 8104 0
105185 8104 0
105911 8104 0
106003 8104 0
94137 8104 0
109442 8104 0
110738 8104 0
110874 8104 0
112227 8104 0
112630 8104 0
94337 8104 0
114631 8104 0
98694 528 0
104645 528 0
119581 98216 0
105489 98282 0
90042 2337 0
98353 2337 0
86165 2337 0
98406 2337 0
98408 2337 0
60533 2337 0
98429 2337 0
61452 2337 0
98392 2337 0
97408 2337 0
98366 2337 0
64018 2337 0
81594 2337 0
98470 2337 0
72365 2337 0
7951 2337 0
69170 2337 0
98625 2337 0
61242 2337 0
90722 2337 0
62734 2337 0
93988 2337 0
62330 2337 0
98827 2337 0
64520 2337 0
87264 2337 0
84891 2337 0
66637 2337 0
61217 2337 0
98554 2337 0
98515 2337 0
98890 2337 0
99064 2337 0
99151 2337 0
4191 2337 0
68199 2337 0
80009 2337 0
72842 2337 0
99252 2337 0
78318 2337 0
65024 2337 0
8774 2337 0
74584 2337 0
88191 2337 0
77737 2337 0
83279 2337 0
74673 2337 0
99741 2337 0
82059 2337 0
89390 2337 0
78850 2337 0
99642 2337 0
100164 2337 0
99344 2337 0
61512 2337 0
100334 2337 0
99268 2337 0
78055 2337 0
100243 2337 0
99350 2337 0
100568 2337 0
100505 2337 0
100389 2337 0
95612 2337 0
65070 2337 0
83773 2337 0
99442 2337 0
100665 2337 0
100770 2337 0
68714 2337 0
99458 2337 0
100963 2337 0
100387 2337 0
75179 2337 0
101074 2337 0
86690 2337 0
101233 2337 0
101283 2337 0
101316 2337 0
67563 2337 0
101412 2337 0
101186 2337 0
91299 2337 0
91285 2337 0
101634 2337 0
78391 2337 0
100690 2337 0
75049 2337 0
101863 2337 0
66629 2337 0
63743 2337 0
101453 2337 0
102118 2337 0
67094 2337 0
102113 2337 0
102131 2337 0
102208 2337 0
71295 2337 0
102407 2337 0
102739 2337 0
67014 2337 0
76944 2337 0
102937 2337 0
103096 2337 0
62711 2337 0
103481 2337 0
103533 2337 0
90148 2337 0
69879 2337 0
103499 2337 0
103622 2337 0
68920 2337 0
103749 2337 0
103570 2337 0
103904 2337 0
103963 2337 0
103965 2337 0
104072 2337 0
69492 2337 0
77534 2337 0
104315 2337 0
104443 2337 0
65818 2337 0
104422 2337 0
104853 2337 0
96007 2337 0
105050 2337 0
63611 2337 0
69543 2337 0
100631 2337 0
105259 2337 0
105284 2337 0
79124 2337 0
81740 2337 0
67667 2337 0
105125 2337 0
77513 2337 0
105461 2337 0
105749 2337 0
83399 2337 0
77412 2337 0
75990 2337 0
87253 2337 0
106170 2337 0
95265 2337 0
104818 2337 0
65990 2337 0
85590 2337 0
106862 2337 0
65111 2337 0
85005 2337 0
107046 2337 0
71179 2337 0
88970 2337 0
107182 2337 0
107184 2337 0
106945 2337 0
70674 2337 0
76420 2337 0
107655 2337 0
78018 2337 0
90396 2337 0
63296 2337 0
63677 2337 0
108225 2337 0
107556 2337 0
107297 2337 0
108371 2337 0
108430 2337 0
108704 2337 0
108764 2337 0
109045 2337 0
109258 2337 0
109328 2337 0
109276 2337 0
71831 2337 0
77697 2337 0
9964 2337 0
88630 2337 0
90217 2337 0
70308 2337 0
110467 2337 0
110393 2337 0
110471 2337 0
81238 2337 0
83534 2337 0
111671 2337 0
111743 2337 0
111808 2337 0
111889 2337 0
110800 2337 0
26368 2337 0
95376 2337 0
64115 2337 0
112035 2337 0
73387 2337 0
111627 2337 0
111587 2337 0
92151 2337 0
112903 2337 0
113127 2337 0
113086 2337 0
73677 2337 0
79987 2337 0
113509 2337 0
82538 2337 0
113456 2337 0
113844 2337 0
77995 2337 0
61962 2337 0
113772 2337 0
74666 2337 0
114498 2337 0
114491 2337 0
62630 2337 0
114776 2337 0
61077 2337 0
93680 2337 0
60992 2337 0
115355 2337 0
114725 2337 0
115014 2337 0
99743 2337 0
114551 2337 0
62649 2337 0
115704 2337 0
75159 2337 0
60588 2337 0
18182 2337 0
114904 2337 0
115997 2337 0
116790 2337 0
61221 2337 0
96058 2337 0
117640 2337 0
118192 2337 0
118216 2337 0
118466 2337 0
118245 2337 0
118675 2337 0
118737 2337 0
94005 2337 0
118309 2337 0
118166 2337 0
91880 2337 0
86442 2337 0
83726 2337 0
118505 2337 0
119031 2337 0
119006 2337 0
88046 2337 0
119859 2337 0
61688 2337 0
119967 2337 0
119878 2337 0
66065 2337 0
115873 2337 0
72815 2337 0
121250 2337 0
121265 2337 0
121236 2337 0
121455 2337 0
120921 2337 0
70701 2337 0
121831 2337 0
121972 2337 0
120590 2337 0
9808 2337 0
122271 2337 0
122771 2337 0
122869 2337 0
122930 2337 0
98217 2337 0
124190 2337 0
20523 2337 0
124323 2337 0
124554 2337 0
106999 27155 0
121041 98426 0
10594 98536 0
100312 98612 0
103801 98675 0
99320 98731 0
113960 98731 0
7923 98812 0
99789 22901 0
99674 98919 0
101344 98919 0
103553 98919 0
11505 98919 0
103809 98919 0
106896 98919 0
107084 98919 0
109991 98919 0
117636 98919 0
122040 98919 0
103140 49711 0
108188 4501 0
113006 4501 0
102657 99089 0
99939 99232 0
99280 17905 0
99278 17905 0
99338 17905 0
99346 17905 0
30166 17905 0
99464 17905 0
99565 17905 0
99724 17905 0
99803 17905 0
99818 17905 0
100105 17905 0
100576 17905 0
463 17905 0
105097 17905 0
105997 17905 0
106182 17905 0
112141 17905 0
112217 17905 0
116252 17905 0
123890 17905 0
100597 99303 0
3683 99363 0
96462 99427 0
7923 99647 0
99754 99686 0
100254 55646 0
100273 99793 0
82156 99813 0
107983 19201 0
100866 99946 0
101245 100108 0
101384 100108 0
99363 7675 0
111773 100325 0
101084 100422 0
101069 100534 0
104060 100785 0
104217 100785 0
108764 100785 0
101613 100915 0
101689 100915 0
102547 100915 0
2941 100915 0
106354 100915 0
29479 100915 0
107223 100915 0
12605 100915 0
121907 100915 0
112760 100922 0
101237 101238 0
101394 101238 0
102501 101222 0
106820 101222 0
109386 101264 0
102606 101299 0
102653 101299 0
102686 101299 0
83335 101299 0
111720 101299 0
112301 101299 0
102810 101313 0
103992 103993 0
110592 103993 0
33716 101459 0
120465 101497 0
59271 59440 0
102036 59440 0
102172 59440 0
102298 59440 0
63347 59440 0
102836 59440 0
56836 59440 0
59434 59440 0
59438 59440 0
104857 59440 0
106478 59440 0
51822 59440 0
107293 59440 0
107899 59440 0
58441 59440 0
114277 59440 0
24514 59440 0
87351 59440 0
63231 59440 0
122195 59440 0
103199 101707 0
105946 101707 0
107223 101707 0
102686 101299 0
103799 101299 0
102308 88998 0
121094 88998 0
101942 7675 0
103293 101947 0
114308 101948 0
112956 102017 0
102120 112 0
102213 112 0
18864 112 0
103833 112 0
102815 102816 0
25816 102332 0
112065 102354 0
108910 102367 0
106378 102413 0
9259 102454 0
118519 102454 0
103180 7675 0
103484 7675 0
99363 7675 0
40101 7675 0
106195 7675 0
5126 7675 0
113750 7675 0
85577 7675 0
120284 7675 0
30792 7675 0
112956 102537 0
117713 36935 0
103497 102568 0
108349 102568 0
113992 102568 0
37705 80715 0
102959 80715 0
102606 80715 0
102996 80715 0
103038 80715 0
103211 80715 0
103240 80715 0
103355 80715 0
103523 80715 0
103587 80715 0
103803 80715 0
104020 80715 0
104221 80715 0
104309 80715 0
104739 80715 0
105471 80715 0
13260 80715 0
107862 80715 0
47923 80715 0
112223 80715 0
114453 80715 0
124990 80715 0
103781 98128 0
62125 881 0
104202 881 0
18182 881 0
108626 881 0
97408 881 0
96942 98172 0
107746 98172 0
96451 98172 0
122895 98172 0
103440 103100 0
114151 103104 0
112997 100049 0
12511 103162 0
103413 103075 0
4937 103201 0
103261 103221 0
103551 103221 0
103610 103221 0
47416 103221 0
103981 103221 0
94962 103221 0
105204 103221 0
74175 103221 0
105435 103221 0
106091 103221 0
106327 103221 0
104221 103221 0
106731 103221 0
109201 103221 0
109928 103221 0
7361 103221 0
111857 103221 0
116248 103221 0
33219 103221 0
120850 103221 0
122073 103221 0
4937 103201 0
109840 103201 0
104798 103272 0
104351 103299 0
85651 103306 0
105103 103311 0
120181 103316 0
104955 103340 0
42982 103421 0
109776 103421 0
103625 103467 0
103585 103540 0
103741 103540 0
103837 103540 0
103880 103540 0
93101 103540 0
104108 103540 0
104434 103540 0
104472 103540 0
103213 103540 0
104768 103540 0
82023 103540 0
104989 103540 0
105276 103540 0
105421 103540 0
38408 103540 0
106474 103540 0
70192 103540 0
107023 103540 0
107074 103540 0
107550 103540 0
108204 103540 0
108865 103540 0
108919 103540 0
109384 103540 0
109573 103540 0
109678 103540 0
110679 103540 0
110790 103540 0
7361 103540 0
111537 103540 0
112022 103540 0
112687 103540 0
111780 103540 0
113006 103540 0
113034 103540 0
113402 103540 0
114751 103540 0
115413 103540 0
115443 103540 0
116132 103540 0
116415 103540 0
116535 103540 0
117268 103540 0
120215 103540 0
120375 103540 0
120594 103540 0
121365 103540 0
121837 103540 0
122050 103540 0
122363 103540 0
122600 103540 0
951 103540 0
125351 103540 0
105729 103548 0
123965 103548 0
104561 103621 0
104711 103621 0
105868 103621 0
108188 4501 0
109840 4501 0
113006 4501 0
103625 103658 0
9645 103674 0
104470 103710 0
104802 103710 0
104876 103710 0
110508 103710 0
104031 106 0
104058 106 0
104076 106 0
104123 106 0
104228 106 0
104248 106 0
104264 106 0
104281 106 0
104283 106 0
104298 106 0
104327 106 0
104331 106 0
104359 106 0
104390 106 0
103033 106 0
104432 106 0
71682 106 0
104495 106 0
104507 106 0
104513 106 0
104517 106 0
104534 106 0
104538 106 0
104536 106 0
103978 106 0
104591 106 0
104636 106 0
104630 106 0
98043 106 0
104770 106 0
104783 106 0
104814 106 0
20706 106 0
104897 106 0
104919 106 0
104965 106 0
105001 106 0
5610 106 0
11470 106 0
105109 106 0
105137 106 0
105234 106 0
105255 106 0
105339 106 0
105353 106 0
89472 106 0
105359 106 0
24888 106 0
105621 106 0
105649 106 0
105798 106 0
105825 106 0
105832 106 0
105893 106 0
88151 106 0
105924 106 0
105982 106 0
106048 106 0
106116 106 0
106145 106 0
106142 106 0
103967 106 0
106304 106 0
106534 106 0
70192 106 0
106649 106 0
106651 106 0
62110 106 0
106892 106 0
106920 106 0
106938 106 0
106969 106 0
106979 106 0
107162 106 0
107168 106 0
107193 106 0
107276 106 0
7158 106 0
107388 106 0
107534 106 0
107651 106 0
107661 106 0
107720 106 0
107206 106 0
107830 106 0
108210 106 0
108401 106 0
108466 106 0
74157 106 0
108540 106 0
108574 106 0
108719 106 0
109201 106 0
15635 106 0
109612 106 0
109729 106 0
109892 106 0
109901 106 0
56112 106 0
110077 106 0
109926 106 0
72984 106 0
110473 106 0
110527 106 0
110571 106 0
110626 106 0
110675 106 0
20047 106 0
111207 106 0
111353 106 0
7361 106 0
111548 106 0
33950 106 0
111612 106 0
112016 106 0
3015 106 0
38512 106 0
112337 106 0
112449 106 0
112531 106 0
110208 106 0
12326 106 0
112301 106 0
113503 106 0
113690 106 0
113777 106 0
113918 106 0
114285 106 0
113576 106 0
114344 106 0
114446 106 0
114533 106 0
114558 106 0
114666 106 0
115181 106 0
115887 106 0
1239 106 0
116144 106 0
116300 106 0
95589 106 0
15637 106 0
53634 106 0
81010 106 0
117237 106 0
117623 106 0
66768 106 0
116343 106 0
118486 106 0
1118 106 0
119051 106 0
119192 106 0
119299 106 0
119502 106 0
119663 106 0
119711 106 0
119929 106 0
120177 106 0
121320 106 0
121889 106 0
123132 106 0
98676 106 0
123916 106 0
124296 106 0
125474 106 0
104351 103888 0
106130 103710 0
10552 103935 0
104351 103956 0
105095 104135 0
104873 104143 0
104461 102287 0
113049 102287 0
120572 102287 0
114945 104208 0
1589 104385 0
106154 104385 0
106278 104385 0
106945 104385 0
105337 104405 0
120150 104405 0
122283 104405 0
123565 104405 0
105301 104488 0
104955 104506 0
105948 61416 0
105600 104580 0
105858 104580 0
111251 104581 0
104680 104603 0
106381 104603 0
108760 104603 0
105447 104613 0
29396 104850 0
108520 104879 0
105410 104880 0
105898 104880 0
106568 15564 0
28144 15564 0
105265 45633 0
105805 45633 0
109729 45633 0
110486 45633 0
111149 45633 0
114616 45633 0
29449 45633 0
100866 99946 0
65962 105294 0
106439 105294 0
108330 105294 0
109021 105294 0
105554 82369 0
108392 105505 0
109565 105505 0
105675 105521 0
105783 105606 0
109402 105410 0
107933 105410 0
109993 105410 0
110568 105410 0
112060 105410 0
23225 105410 0
123850 105410 0
111620 111621 0
107121 105829 0
115487 105855 0
112956 105945 0
106065 105331 0
104182 29993 0
106752 106231 0
107370 107371 0
105627 106608 0
107172 106696 0
89216 24099 0
7213 24099 0
107659 24099 0
107037 106898 0
107283 107068 0
108707 107068 0
110671 107231 0
115568 107231 0
107473 107258 0
3683 107262 0
107933 107303 0
108499 107303 0
108694 107303 0
109294 107303 0
109510 107303 0
111021 107303 0
111142 107303 0
111270 107303 0
115096 107303 0
116689 107303 0
117657 107303 0
120959 107303 0
107465 107411 0
108066 107411 0
109000 107411 0
2941 107411 0
110516 107411 0
93734 107411 0
107856 107425 0
113289 107425 0
117746 107425 0
107509 17756 0
109615 107537 0
117863 107537 0
109866 107541 0
108581 107617 0
116828 107702 0
85207 103695 0
5166 5167 0
108458 5167 0
112956 107734 0
112956 107464 0
108836 107821 0
107931 107842 0
107942 107842 0
107976 107842 0
84620 107842 0
82279 107842 0
108049 107842 0
108127 107842 0
104283 107842 0
108150 107842 0
108283 107842 0
108448 107842 0
17858 107842 0
108636 107842 0
108709 107842 0
105651 107842 0
108729 107842 0
108779 107842 0
102208 107842 0
108885 107842 0
108994 107842 0
109004 107842 0
109015 107842 0
109078 107842 0
109130 107842 0
109141 107842 0
109219 107842 0
109236 107842 0
109364 107842 0
109412 107842 0
109488 107842 0
109537 107842 0
109632 107842 0
2941 107842 0
110006 107842 0
110171 107842 0
110379 107842 0
110490 107842 0
110533 107842 0
110611 107842 0
110608 107842 0
110731 107842 0
110809 107842 0
110950 107842 0
110975 107842 0
110997 107842 0
111006 107842 0
111107 107842 0
111194 107842 0
111209 107842 0
111222 107842 0
111265 107842 0
6617 107842 0
111601 107842 0
111652 107842 0
111775 107842 0
62365 107842 0
111902 107842 0
112089 107842 0
112126 107842 0
94810 107842 0
112399 107842 0
29391 107842 0
112525 107842 0
6183 107842 0
34115 107842 0
112605 107842 0
59797 107842 0
69107 107842 0
113056 107842 0
113187 107842 0
113203 107842 0
113548 107842 0
113716 107842 0
113999 107842 0
112823 107842 0
114852 107842 0
114997 107842 0
115034 107842 0
115214 107842 0
116011 107842 0
116277 107842 0
116407 107842 0
116439 107842 0
116411 107842 0
36418 107842 0
116705 107842 0
117210 107842 0
117300 107842 0
117696 107842 0
92285 107842 0
118040 107842 0
118239 107842 0
118459 107842 0
118137 107842 0
119014 107842 0
119289 107842 0
119621 107842 0
119661 107842 0
119747 107842 0
120346 107842 0
120643 107842 0
120714 107842 0
120844 107842 0
107345 107842 0
121001 107842 0
120475 107842 0
121479 107842 0
121587 107842 0
121905 107842 0
121052 107842 0
123177 107842 0
124084 107842 0
124302 107842 0
124687 107842 0
42652 107842 0
125201 107842 0
3149 13041 0
8112 13041 0
108001 107896 0
108156 107896 0
108236 107896 0
109345 107896 0
109409 107896 0
109486 107896 0
120084 107896 0
120387 107896 0
121090 107896 0
121992 107896 0
988 107970 0
71375 107970 0
109608 107970 0
110814 107970 0
112653 107970 0
116164 107970 0
117533 107970 0
118329 107970 0
23455 107970 0
115698 108013 0
108530 108019 0
29396 108048 0
108887 108108 0
109322 108108 0
53600 108230 0
108362 108230 0
108426 108230 0
26469 108230 0
108659 108230 0
108926 108230 0
109055 108230 0
109105 108230 0
109114 108230 0
109116 108230 0
109205 108230 0
109296 108230 0
24963 108230 0
104283 108230 0
109367 108230 0
109388 108230 0
109414 108230 0
109440 108230 0
109503 108230 0
109515 108230 0
109582 108230 0
109746 108230 0
109953 108230 0
109958 108230 0
1465 108230 0
110004 108230 0
110014 108230 0
110109 108230 0
110251 108230 0
110276 108230 0
110424 108230 0
110511 108230 0
14462 108230 0
110637 108230 0
110728 108230 0
110777 108230 0
110824 108230 0
110918 108230 0
111002 108230 0
111042 108230 0
111403 108230 0
111490 108230 0
26128 108230 0
111678 108230 0
111611 108230 0
111949 108230 0
112006 108230 0
112071 108230 0
62365 108230 0
112286 108230 0
83678 108230 0
112430 108230 0
112445 108230 0
112483 108230 0
112710 108230 0
112877 108230 0
112927 108230 0
113209 108230 0
113360 108230 0
113374 108230 0
113029 108230 0
113538 108230 0
113706 108230 0
113951 108230 0
113974 108230 0
113989 108230 0
114021 108230 0
114236 108230 0
114302 108230 0
114648 108230 0
115084 108230 0
115142 108230 0
115385 108230 0
115659 108230 0
115723 108230 0
115964 108230 0
115985 108230 0
116115 108230 0
116130 108230 0
116614 108230 0
116740 108230 0
116834 108230 0
116885 108230 0
117113 108230 0
117118 108230 0
117120 108230 0
117159 108230 0
117462 108230 0
117542 108230 0
117563 108230 0
117630 108230 0
116343 108230 0
117865 108230 0
117922 108230 0
117965 108230 0
118024 108230 0
118137 108230 0
118141 108230 0
118327 108230 0
118276 108230 0
118647 108230 0
118707 108230 0
118772 108230 0
118867 108230 0
119061 108230 0
119106 108230 0
119128 108230 0
119240 108230 0
119475 108230 0
119482 108230 0
119511 108230 0
119573 108230 0
104278 108230 0
119659 108230 0
119707 108230 0
119717 108230 0
102616 108230 0
119944 108230 0
6183 108230 0
120422 108230 0
120455 108230 0
120545 108230 0
120682 108230 0
120763 108230 0
121157 108230 0
121165 108230 0
120400 108230 0
121557 108230 0
121597 108230 0
121741 108230 0
17495 108230 0
16 108230 0
122188 108230 0
117703 108230 0
122309 108230 0
122320 108230 0
122331 108230 0
121900 108230 0
122358 108230 0
122368 108230 0
8573 108230 0
122384 108230 0
1617 108230 0
122412 108230 0
122418 108230 0
122424 108230 0
122428 108230 0
122434 108230 0
122430 108230 0
122436 108230 0
122438 108230 0
122457 108230 0
122451 108230 0
32295 108230 0
122449 108230 0
122468 108230 0
122477 108230 0
122479 108230 0
122488 108230 0
122493 108230 0
122497 108230 0
122491 108230 0
122518 108230 0
74704 108230 0
122525 108230 0
122527 108230 0
122534 108230 0
122542 108230 0
122540 108230 0
122549 108230 0
122553 108230 0
122560 108230 0
122564 108230 0
122580 108230 0
122578 108230 0
122589 108230 0
122591 108230 0
122594 108230 0
122598 108230 0
122608 108230 0
122639 108230 0
122651 108230 0
122657 108230 0
122663 108230 0
122673 108230 0
122681 108230 0
122675 108230 0
34873 108230 0
75359 108230 0
122729 108230 0
122725 108230 0
122748 108230 0
122766 108230 0
122769 108230 0
105981 108230 0
122773 108230 0
16541 108230 0
122783 108230 0
122828 108230 0
893 108230 0
122845 108230 0
122849 108230 0
122859 108230 0
122875 108230 0
122881 108230 0
122893 108230 0
122901 108230 0
122912 108230 0
122936 108230 0
122952 108230 0
122958 108230 0
103677 108230 0
123009 108230 0
13120 108230 0
123038 108230 0
123054 108230 0
123065 108230 0
123079 108230 0
84620 108230 0
123161 108230 0
123165 108230 0
123196 108230 0
123198 108230 0
123211 108230 0
123222 108230 0
122785 108230 0
123242 108230 0
123249 108230 0
123263 108230 0
123265 108230 0
123271 108230 0
123294 108230 0
123300 108230 0
123320 108230 0
123331 108230 0
123362 108230 0
123377 108230 0
123383 108230 0
123391 108230 0
106252 108230 0
123419 108230 0
29768 108230 0
123426 108230 0
123473 108230 0
123490 108230 0
123502 108230 0
123552 108230 0
123561 108230 0
123563 108230 0
123569 108230 0
123590 108230 0
123601 108230 0
123607 108230 0
123638 108230 0
123655 108230 0
123688 108230 0
123692 108230 0
117253 108230 0
123620 108230 0
123723 108230 0
123763 108230 0
123761 108230 0
123775 108230 0
123805 108230 0
123818 108230 0
123816 108230 0
123844 108230 0
123923 108230 0
123946 108230 0
123950 108230 0
123982 108230 0
123984 108230 0
123999 108230 0
123995 108230 0
124027 108230 0
124071 108230 0
124075 108230 0
124086 108230 0
19026 108230 0
124122 108230 0
124132 108230 0
124170 108230 0
124166 108230 0
116828 108230 0
124216 108230 0
124229 108230 0
89619 108230 0
124243 108230 0
124260 108230 0
124270 108230 0
124284 108230 0
124319 108230 0
124344 108230 0
51335 108230 0
124421 108230 0
12645 108230 0
124455 108230 0
124511 108230 0
124525 108230 0
114607 108230 0
124614 108230 0
124640 108230 0
124644 108230 0
124651 108230 0
124647 108230 0
124660 108230 0
124708 108230 0
124728 108230 0
124734 108230 0
124736 108230 0
124763 108230 0
124761 108230 0
124774 108230 0
124792 108230 0
124830 108230 0
30704 108230 0
124903 108230 0
124984 108230 0
125039 108230 0
125075 108230 0
125148 108230 0
125146 108230 0
125191 108230 0
125207 108230 0
125214 108230 0
29750 108230 0
125343 108230 0
125347 108230 0
125400 108230 0
125411 108230 0
125434 108230 0
125450 108230 0
125484 108230 0
125521 108230 0
112559 108254 0
116941 108254 0
119457 108254 0
108511 108270 0
108536 108270 0
108552 108270 0
50199 108270 0
110332 108270 0
4937 108270 0
81746 108270 0
41267 108293 0
119184 108327 0
24099 89216 0
222 108370 0
108565 9878 0
109549 9878 0
9877 9878 0
78651 9878 0
118005 108425 0
109539 101706 0
109804 101706 0
110496 101706 0
111794 101706 0
112306 101706 0
123385 101706 0
112949 108554 0
116027 108554 0
114607 108554 0
120896 108554 0
121010 108554 0
109017 108599 0
37725 3946 0
112401 108615 0
110303 108650 0
84382 108650 0
108877 170 0
108933 170 0
74406 170 0
108983 170 0
108998 170 0
101757 170 0
109153 170 0
109661 170 0
109719 170 0
94697 170 0
97489 170 0
109919 170 0
93181 170 0
110159 170 0
68110 170 0
110513 170 0
110937 170 0
111294 170 0
111361 170 0
7361 170 0
16435 170 0
34 170 0
112321 170 0
112341 170 0
112869 170 0
113572 170 0
113710 170 0
113906 170 0
114125 170 0
73729 170 0
114422 170 0
115023 170 0
113254 170 0
90182 170 0
115401 170 0
115428 170 0
115343 170 0
7249 170 0
15637 170 0
116863 170 0
31587 170 0
114668 170 0
118046 170 0
118403 170 0
118729 170 0
119204 170 0
120712 170 0
119369 170 0
121974 170 0
122743 170 0
102208 170 0
122999 170 0
1194 170 0
123771 170 0
58666 170 0
125250 170 0
62992 108832 0
91717 108936 0
105651 11694 0
109417 11694 0
86793 11694 0
81355 11694 0
11470 11694 0
80985 11694 0
104074 11694 0
32016 11694 0
5610 11694 0
116650 11694 0
88998 109080 0
2381 23225 0
109847 109132 0
36247 109132 0
112956 109170 0
33716 109173 0
112956 109230 0
115505 109231 0
116182 109377 0
33999 34264 0
110181 109408 0
110280 109408 0
110287 109408 0
110563 109408 0
110880 109408 0
112187 109408 0
113834 109408 0
115303 109408 0
116733 109408 0
117255 109408 0
117967 109408 0
119687 109408 0
120326 109408 0
121954 109408 0
125541 109408 0
116828 109495 0
111517 10514 0
110780 109652 0
109931 109665 0
110807 109715 0
110208 109764 0
110213 109764 0
28530 109764 0
80409 109764 0
111324 109764 0
111459 109764 0
111591 109764 0
112969 109764 0
53234 109764 0
119042 109764 0
120402 109827 0
110690 109917 0
110050 109961 0
110068 109961 0
108506 109961 0
110122 109961 0
110178 109961 0
110192 109961 0
110217 109961 0
104283 109961 0
110253 109961 0
110257 109961 0
110430 109961 0
110522 109961 0
110524 109961 0
110539 109961 0
110555 109961 0
110557 109961 0
110596 109961 0
110594 109961 0
110658 109961 0
110681 109961 0
1239 109961 0
110766 109961 0
102660 109961 0
2941 109961 0
11470 109961 0
11464 109961 0
110853 109961 0
110857 109961 0
104382 109961 0
110886 109961 0
111037 109961 0
39955 109961 0
111139 109961 0
222 109961 0
111280 109961 0
31714 109961 0
71865 109961 0
7361 109961 0
111674 109961 0
111750 109961 0
102616 109961 0
104064 109961 0
15635 109961 0
111931 109961 0
111935 109961 0
112118 109961 0
112163 109961 0
112205 109961 0
112316 109961 0
112371 109961 0
112463 109961 0
103459 109961 0
112605 109961 0
112607 109961 0
112609 109961 0
112757 109961 0
84680 109961 0
112780 109961 0
112842 109961 0
113097 109961 0
113194 109961 0
113199 109961 0
107479 109961 0
113351 109961 0
113358 109961 0
113467 109961 0
113461 109961 0
103426 109961 0
113503 109961 0
113576 109961 0
113712 109961 0
113723 109961 0
35253 109961 0
113859 109961 0
39967 109961 0
114052 109961 0
73729 109961 0
114221 109961 0
114832 109961 0
115067 109961 0
30259 109961 0
110516 109961 0
115987 109961 0
5610 109961 0
116264 109961 0
46590 109961 0
116283 109961 0
116313 109961 0
116317 109961 0
116384 109961 0
116650 109961 0
116757 109961 0
116984 109961 0
117154 109961 0
116343 109961 0
118082 109961 0
118278 109961 0
118332 109961 0
118426 109961 0
118484 109961 0
118687 109961 0
118755 109961 0
118831 109961 0
119489 109961 0
120016 109961 0
120102 109961 0
120271 109961 0
121014 109961 0
121132 109961 0
121252 109961 0
121311 109961 0
121367 109961 0
122721 109961 0
122903 109961 0
123081 109961 0
123795 109961 0
29768 109961 0
124044 109961 0
125535 109961 0
110088 109968 0
114408 109978 0
110167 110016 0
110546 110016 0
110698 110016 0
111291 110016 0
112596 110016 0
113133 110016 0
113627 110016 0
115587 110016 0
110313 110030 0
111833 110030 0
113112 110030 0
110140 101707 0
110153 101707 0
110812 101707 0
24913 101707 0
113336 101707 0
113960 101707 0
117638 101707 0
111029 34127 0
111167 34127 0
111635 34127 0
111869 34127 0
12997 34127 0
112301 34127 0
105454 34127 0
35980 34127 0
115670 34127 0
116343 34127 0
118445 34127 0
121960 34127 0
110225 108108 0
63764 108108 0
109322 108108 0
99818 110268 0
113192 110293 0
115301 110345 0
114543 110400 0
112956 110535 0
46382 9438 0
111054 528 0
111288 528 0
111974 528 0
119606 528 0
110954 110598 0
9645 110722 0
111177 110279 0
111513 110279 0
111661 110279 0
87328 110279 0
29391 110279 0
6181 110279 0
112847 110279 0
112301 110279 0
114354 110279 0
88653 110279 0
114883 110279 0
97859 110279 0
116527 110279 0
6183 110279 0
116998 110279 0
14211 110279 0
117934 110279 0
121052 110279 0
121390 110279 0
33100 110939 0
113491 38 0
112956 110948 0
115229 110966 0
118120 103710 0
87328 9438 0
112956 9438 0
57019 9438 0
118178 9438 0
117113 9438 0
122785 9438 0
111174 22414 0
27246 22414 0
111656 22414 0
111811 22414 0
88028 22414 0
106310 22414 0
112261 22414 0
112414 22414 0
112905 22414 0
2841 22414 0
113507 22414 0
115518 22414 0
20787 22414 0
21787 22414 0
117286 22414 0
119124 22414 0
31431 22414 0
124484 22414 0
124856 22414 0
124894 22414 0
118575 111113 0
90164 111308 0
112641 111485 0
13543 76905 0
114065 76905 0
114583 76905 0
114674 76905 0
116148 76905 0
119636 76905 0
122879 76905 0
119902 111564 0
113106 111686 0
116828 111793 0
111989 2337 0
112041 2337 0
112069 2337 0
70555 2337 0
82642 2337 0
81844 2337 0
112265 2337 0
112319 2337 0
78372 2337 0
66441 2337 0
112378 2337 0
112108 2337 0
112475 2337 0
112501 2337 0
112541 2337 0
75009 2337 0
112637 2337 0
68991 2337 0
23367 2337 0
112837 2337 0
79602 2337 0
98470 2337 0
113269 2337 0
87279 2337 0
113474 2337 0
6174 2337 0
101425 2337 0
61899 2337 0
114096 2337 0
82683 2337 0
109778 2337 0
114432 2337 0
114464 2337 0
114523 2337 0
114560 2337 0
114727 2337 0
114742 2337 0
92366 2337 0
114867 2337 0
85088 2337 0
81238 2337 0
98012 2337 0
108613 2337 0
115411 2337 0
115599 2337 0
115707 2337 0
115712 2337 0
58184 2337 0
116214 2337 0
66629 2337 0
116619 2337 0
91914 2337 0
116914 2337 0
117027 2337 0
117218 2337 0
117264 2337 0
117343 2337 0
117438 2337 0
114531 2337 0
19862 2337 0
117684 2337 0
117793 2337 0
117870 2337 0
117986 2337 0
118067 2337 0
118112 2337 0
118548 2337 0
65593 2337 0
87072 2337 0
87623 2337 0
117941 2337 0
119117 2337 0
119769 2337 0
120087 2337 0
117551 2337 0
120231 2337 0
119369 2337 0
120416 2337 0
66065 2337 0
102208 2337 0
86368 2337 0
9941 2337 0
121669 2337 0
122008 2337 0
92693 2337 0
79124 2337 0
122750 2337 0
102790 2337 0
123718 2337 0
109725 2337 0
124094 2337 0
125051 2337 0
78573 2337 0
125373 2337 0
125455 2337 0
114013 111952 0
53600 109288 0
120359 111989 0
113904 88148 0
120402 109827 0
23651 112333 0
7145 101264 0
112934 52729 0
11470 112548 0
115911 112548 0
5610 112548 0
112956 109288 0
14462 109288 0
6183 109288 0
6183 109288 0
117352 112883 0
108774 112891 0
114896 112918 0
112956 112996 0
114430 110527 0
121603 113078 0
113006 4501 0
115674 33181 0
115686 33181 0
115690 33181 0
115692 33181 0
115702 33181 0
115709 33181 0
115714 33181 0
115734 33181 0
115760 33181 0
115764 33181 0
115771 33181 0
115785 33181 0
115799 33181 0
115815 33181 0
115825 33181 0
115840 33181 0
115844 33181 0
115848 33181 0
115854 33181 0
115857 33181 0
116190 33181 0
116495 33181 0
118455 113250 0
114110 113386 0
114570 113637 0
2577 113725 0
16258 113735 0
118509 113735 0
76905 113404 0
28094 113869 0
114519 113710 0
114767 113901 0
97018 114018 0
114073 114071 0
114076 114075 0
116777 20361 0
118422 20361 0
20361 114091 0
120641 114091 0
114986 114137 0
115048 114137 0
124887 114137 0
79232 86410 0
115131 114261 0
115945 114261 0
118851 114261 0
120368 114261 0
115505 93370 0
5643 114317 0
116544 114330 0
112760 100922 0
116250 100922 0
117830 100922 0
117916 114490 0
114576 1701 0
114590 1701 0
114626 1701 0
114628 1701 0
114653 1701 0
114670 1701 0
114676 1701 0
528 1701 0
114703 1701 0
114710 1701 0
28992 1701 0
114719 1701 0
114723 1701 0
105387 1701 0
114746 1701 0
8424 1701 0
114836 1701 0
114842 1701 0
114879 1701 0
8563 1701 0
114922 1701 0
114937 1701 0
114979 1701 0
105280 1701 0
115005 1701 0
115018 1701 0
115044 1701 0
115074 1701 0
115089 1701 0
103743 1701 0
115170 1701 0
115177 1701 0
41970 1701 0
6225 1701 0
115297 1701 0
115308 1701 0
12280 1701 0
115326 1701 0
115320 1701 0
115348 1701 0
115365 1701 0
115390 1701 0
115405 1701 0
115434 1701 0
115441 1701 0
115450 1701 0
115462 1701 0
115534 1701 0
115549 1701 0
115603 1701 0
115630 1701 0
115651 1701 0
115694 1701 0
115719 1701 0
115732 1701 0
115801 1701 0
115863 1701 0
115935 1701 0
115929 1701 0
115971 1701 0
115982 1701 0
116056 1701 0
116088 1701 0
116099 1701 0
116201 1701 0
116266 1701 0
116285 1701 0
116291 1701 0
116319 1701 0
116358 1701 0
116380 1701 0
116389 1701 0
116581 1701 0
116585 1701 0
116705 1701 0
116788 1701 0
116793 1701 0
116846 1701 0
116992 1701 0
117004 1701 0
89693 1701 0
5940 1701 0
117199 1701 0
117212 1701 0
92285 1701 0
117587 1701 0
117643 1701 0
117666 1701 0
117911 1701 0
118028 1701 0
118214 1701 0
118292 1701 0
118320 1701 0
118407 1701 0
118539 1701 0
118137 1701 0
118747 1701 0
118964 1701 0
119029 1701 0
119110 1701 0
119236 1701 0
119402 1701 0
119014 1701 0
12313 1701 0
82416 1701 0
120069 1701 0
120377 1701 0
120450 1701 0
120528 1701 0
120790 1701 0
120953 1701 0
120951 1701 0
121144 1701 0
121468 1701 0
122123 1701 0
122186 1701 0
26293 1701 0
9846 1701 0
122926 1701 0
123107 1701 0
123323 1701 0
123441 1701 0
123747 1701 0
123882 1701 0
123929 1701 0
124073 1701 0
124136 1701 0
124223 1701 0
124714 1701 0
124803 1701 0
124815 1701 0
124825 1701 0
125088 1701 0
125394 1701 0
120410 20099 0
115572 54931 0
119818 114819 0
117485 105454 0
117647 105454 0
123913 105454 0
116988 114895 0
116476 115003 0
119763 115003 0
120671 115003 0
120811 115003 0
2577 87772 0
114767 113901 0
121970 113901 0
115505 115237 0
122393 114967 0
116308 115458 0
116033 116034 0
116445 115498 0
51946 112301 0
116007 115624 0
53765 115624 0
53768 115624 0
56864 115624 0
118689 115624 0
118695 115624 0
118697 115624 0
118705 115624 0
118721 115624 0
118725 115624 0
118731 115624 0
118741 115624 0
118757 115624 0
118762 115624 0
118812 115624 0
118816 115624 0
118980 115624 0
119140 115624 0
119142 115624 0
119167 115624 0
119178 115624 0
56458 115624 0
119186 115624 0
119202 115624 0
119215 115624 0
119228 115624 0
119244 115624 0
119253 115624 0
119268 115624 0
119280 115624 0
119305 115624 0
119320 115624 0
119341 115624 0
119347 115624 0
119367 115624 0
90232 115624 0
119541 115624 0
119553 115624 0
119579 115624 0
119741 115624 0
119759 115624 0
119895 115624 0
119899 115624 0
119942 115624 0
119953 115624 0
119977 115624 0
119987 115624 0
120001 115624 0
120160 115624 0
120173 115624 0
120189 115624 0
120197 115624 0
120201 115624 0
120237 115624 0
120248 115624 0
120258 115624 0
120269 115624 0
120278 115624 0
120286 115624 0
120295 115624 0
120310 115624 0
120324 115624 0
120337 115624 0
120344 115624 0
120505 115624 0
120511 115624 0
120530 115624 0
120552 115624 0
120554 115624 0
120622 115624 0
120686 115624 0
120700 115624 0
120706 115624 0
120716 115624 0
120720 115624 0
120737 115624 0
120750 115624 0
120777 115624 0
120783 115624 0
120792 115624 0
120801 115624 0
120938 115624 0
120943 115624 0
120947 115624 0
120957 115624 0
120963 115624 0
120972 115624 0
120980 115624 0
42443 115624 0
120983 115624 0
120987 115624 0
120999 115624 0
121004 115624 0
121016 115624 0
121019 115624 0
121030 115624 0
121045 115624 0
121060 115624 0
121063 115624 0
121069 115624 0
121074 115624 0
121076 115624 0
121084 115624 0
121092 115624 0
121098 115624 0
121107 115624 0
121115 115624 0
121120 115624 0
121128 115624 0
121134 115624 0
121146 115624 0
121161 115624 0
121168 115624 0
121182 115624 0
121190 115624 0
121200 115624 0
121205 115624 0
26452 115624 0
121359 115624 0
121500 115624 0
121507 115624 0
121513 115624 0
121533 115624 0
121546 115624 0
121548 115624 0
121553 115624 0
121563 115624 0
121572 115624 0
121581 115624 0
121589 115624 0
121601 115624 0
121607 115624 0
121619 115624 0
121626 115624 0
121645 115624 0
36040 115624 0
121739 115624 0
121752 115624 0
121763 115624 0
121774 115624 0
121785 115624 0
37280 115624 0
121982 115624 0
121978 115624 0
121999 115624 0
122052 115624 0
122131 115624 0
122171 115624 0
122180 115624 0
122404 115624 0
122618 115624 0
122634 115624 0
122642 115624 0
122647 115624 0
122661 115624 0
122669 115624 0
122863 115624 0
123058 115624 0
123220 115624 0
123226 115624 0
123413 115624 0
123603 115624 0
123610 115624 0
123621 115624 0
123631 115624 0
123640 115624 0
123780 115624 0
123792 115624 0
123975 115624 0
123993 115624 0
124010 115624 0
124021 115624 0
124041 115624 0
124062 115624 0
124069 115624 0
124077 115624 0
124096 115624 0
124102 115624 0
124116 115624 0
124128 115624 0
124140 115624 0
124150 115624 0
124321 115624 0
124334 115624 0
124516 115624 0
124527 115624 0
124535 115624 0
124552 115624 0
124563 115624 0
124752 115624 0
124925 115624 0
124930 115624 0
124936 115624 0
124943 115624 0
125144 115624 0
125155 115624 0
125172 115624 0
125186 115624 0
125203 115624 0
125199 115624 0
125212 115624 0
125240 115624 0
125262 115624 0
125270 115624 0
125277 115624 0
125283 115624 0
125298 115624 0
125492 115624 0
125506 115624 0
125531 115624 0
125549 115624 0
116058 115680 0
116103 115680 0
116782 115680 0
121788 115680 0
122455 115680 0
122705 115680 0
116876 115489 0
116255 115906 0
118475 115906 0
116270 115937 0
116289 115937 0
116336 115937 0
116554 115937 0
116583 115937 0
116917 115937 0
116976 115937 0
117142 115937 0
117401 115937 0
117716 115937 0
3015 115937 0
118681 115937 0
118912 115937 0
83661 115937 0
120741 115937 0
121196 115937 0
23455 115937 0
121302 115937 0
121758 115937 0
44410 115937 0
99496 115937 0
117600 116018 0
117650 116018 0
124225 116018 0
117208 116013 0
59673 115561 0
118655 115561 0
9645 116070 0
18399 116090 0
118290 116090 0
117662 117663 0
124005 116305 0
116434 116329 0
11892 116332 0
120104 33181 0
120106 33181 0
120128 33181 0
120154 33181 0
120164 33181 0
120162 33181 0
120179 33181 0
120205 33181 0
120219 33181 0
120227 33181 0
120233 33181 0
120250 33181 0
120256 33181 0
121401 33181 0
122021 33181 0
122507 33181 0
122778 33181 0
41925 33181 0
122932 33181 0
123167 33181 0
123179 33181 0
123213 33181 0
123224 33181 0
123238 33181 0
123269 33181 0
46852 33181 0
123316 33181 0
123364 33181 0
123471 33181 0
43387 33181 0
123559 33181 0
46951 33181 0
123657 33181 0
123659 33181 0
123667 33181 0
123683 33181 0
123679 33181 0
123694 33181 0
123706 33181 0
45317 33181 0
45326 33181 0
123782 33181 0
123801 33181 0
123797 33181 0
43235 33181 0
38186 33181 0
47266 33181 0
123903 33181 0
42413 33181 0
123921 33181 0
123953 33181 0
123969 33181 0
124003 33181 0
124012 33181 0
124058 33181 0
42886 33181 0
124079 33181 0
45550 33181 0
43310 33181 0
124156 33181 0
44336 33181 0
40042 33181 0
124306 33181 0
43080 33181 0
124347 33181 0
124380 33181 0
124378 33181 0
124387 33181 0
124398 33181 0
124415 33181 0
124441 33181 0
124490 33181 0
41351 33181 0
124541 33181 0
46910 33181 0
42470 33181 0
124589 33181 0
42810 33181 0
124605 33181 0
42328 33181 0
43064 33181 0
42710 33181 0
43153 33181 0
44531 33181 0
124702 33181 0
124724 33181 0
42796 33181 0
43070 33181 0
124827 33181 0
124863 33181 0
124953 33181 0
124959 33181 0
124979 33181 0
124992 33181 0
124994 33181 0
46139 33181 0
125014 33181 0
125019 33181 0
125032 33181 0
41141 33181 0
44114 33181 0
125095 33181 0
125101 33181 0
46812 33181 0
125130 33181 0
125178 33181 0
125176 33181 0
125188 33181 0
42339 33181 0
42482 33181 0
42117 33181 0
42850 33181 0
44131 33181 0
125257 33181 0
125264 33181 0
125279 33181 0
125281 33181 0
46488 33181 0
125294 33181 0
40040 33181 0
45507 33181 0
125333 33181 0
41581 33181 0
125341 33181 0
125361 33181 0
38880 33181 0
44159 33181 0
125369 33181 0
46482 33181 0
125385 33181 0
125405 33181 0
125413 33181 0
125452 33181 0
125458 33181 0
37126 33181 0
125494 33181 0
47284 33181 0
44525 33181 0
125537 33181 0
125557 33181 0
117791 116589 0
119921 116609 0
117806 105495 0
120121 105495 0
120769 105495 0
119632 116816 0
117214 111308 0
119406 111308 0
124612 111308 0
121907 116853 0
117228 116873 0
124630 116959 0
124231 117057 0
117329 117224 0
119260 117225 0
117443 117338 0
117506 117338 0
117524 117338 0
117559 117338 0
117595 117338 0
118042 117338 0
118143 117338 0
118244 117338 0
11464 117338 0
5610 117338 0
11467 117338 0
11470 117338 0
119248 117338 0
119297 117338 0
119557 117338 0
44496 117338 0
123897 117338 0
117988 24540 0
121334 117548 0
117830 117550 0
118076 854 0
118175 854 0
118298 854 0
118765 854 0
123083 854 0
114979 117726 0
117875 117338 0
123897 117338 0
53765 117970 0
53768 117970 0
118669 117970 0
118671 117970 0
118667 117970 0
104168 117970 0
42443 117970 0
56864 117970 0
55470 117970 0
124559 118007 0
120374 118007 0
118311 118078 0
118403 118078 0
119604 118078 0
119802 118078 0
120965 118078 0
121860 118078 0
122273 118078 0
7455 118078 0
118403 118114 0
104405 118128 0
120430 118128 0
120875 93371 0
106568 95069 0
100866 99946 0
120788 120789 0
121661 118909 0
119148 119003 0
122841 119003 0
120262 119033 0
120463 119059 0
120550 119059 0
104405 119086 0
120040 117480 0
73642 117480 0
3683 115236 0
110325 119279 0
125047 119279 0
3755 96240 0
52695 119461 0
122671 119572 0
106568 119636 0
122101 119642 0
120501 119645 0
123097 119647 0
100866 99946 0
122983 119723 0
28094 4161 0
120066 119935 0
120467 119935 0
121072 119935 0
121718 119935 0
120678 119935 0
122813 119935 0
123194 119935 0
123381 119935 0
123967 119935 0
124597 119935 0
124913 119935 0
120073 117424 0
120473 117424 0
107891 117424 0
123070 117424 0
120900 119989 0
16581 48118 0
121313 120047 0
120694 120307 0
120936 120354 0
124256 120354 0
121248 101754 0
121279 101754 0
5480 101754 0
123171 120435 0
123592 120435 0
104405 120609 0
120839 60621 0
51946 120665 0
124330 120662 0
124537 120662 0
125448 120662 0
123302 120732 0
124168 120732 0
121223 120739 0
16581 12994 0
121482 120920 0
121186 120962 0
49648 120991 0
121163 121056 0
121756 121179 0
123888 114 0
121667 120400 0
121779 121342 0
121544 121346 0
122443 121346 0
123077 121346 0
121976 91908 0
92702 121375 0
106568 93370 0
26865 93370 0
121843 121427 0
13613 121427 0
124286 121427 0
125324 121427 0
122262 122263 0
71520 2337 0
90042 2337 0
119863 2337 0
70701 2337 0
63541 2337 0
81012 2337 0
60659 2337 0
81110 2337 0
98429 2337 0
66065 2337 0
121683 2337 0
121710 2337 0
121712 2337 0
69979 2337 0
73387 2337 0
92487 2337 0
121777 2337 0
1529 2337 0
121804 2337 0
117949 2337 0
121265 2337 0
90598 2337 0
69492 2337 0
121850 2337 0
121866 2337 0
121885 2337 0
121934 2337 0
9808 2337 0
121941 2337 0
86179 2337 0
79124 2337 0
121984 2337 0
60887 2337 0
117420 2337 0
113540 2337 0
117760 2337 0
74932 2337 0
80436 2337 0
61754 2337 0
61242 2337 0
62125 2337 0
122207 2337 0
122235 2337 0
122253 2337 0
83534 2337 0
71591 2337 0
93846 2337 0
109182 2337 0
105517 2337 0
60690 2337 0
122271 2337 0
89390 2337 0
75355 2337 0
122562 2337 0
117893 2337 0
62734 2337 0
100505 2337 0
82968 2337 0
122762 2337 0
75179 2337 0
95813 2337 0
122836 2337 0
122854 2337 0
78850 2337 0
67008 2337 0
83773 2337 0
102208 2337 0
94755 2337 0
103533 2337 0
123216 2337 0
122930 2337 0
123255 2337 0
123374 2337 0
123345 2337 0
123435 2337 0
123449 2337 0
116591 2337 0
68731 2337 0
84994 2337 0
123578 2337 0
85962 2337 0
52582 2337 0
60992 2337 0
90670 2337 0
95265 2337 0
123942 2337 0
123417 2337 0
123991 2337 0
67845 2337 0
124050 2337 0
122869 2337 0
119684 2337 0
124160 2337 0
85532 2337 0
104105 2337 0
97313 2337 0
64710 2337 0
110775 2337 0
124705 2337 0
124554 2337 0
124781 2337 0
86165 2337 0
124288 2337 0
77541 2337 0
68920 2337 0
124955 2337 0
89133 2337 0
125184 2337 0
125182 2337 0
125335 2337 0
87661 2337 0
76420 2337 0
67094 2337 0
123105 121634 0
104405 121870 0
121976 91908 0
123546 91908 0
37688 121918 0
35317 121918 0
121918 122146 0
39563 122304 0
82926 122304 0
2011 122304 0
16172 122304 0
122551 122304 0
122566 122304 0
2091 122304 0
125529 793 0
123153 122588 0
66948 100296 0
121918 37688 0
121918 34540 0
124486 122812 0
117218 122812 0
75275 86 0
11892 116332 0
75275 86 0
124756 123459 0
125003 123459 0
124950 123558 0
121918 123568 0
11575 123644 0
26865 123687 0
40291 49348 0
124007 123822 0
121918 123920 0
124304 91908 0
124740 91908 0
124899 123049 0
125082 123852 0
124636 124414 0
51822 124414 0
125061 124414 0
124608 124545 0
124693 124545 0
125272 124545 0
125338 124545 0
117711 122768 0
125151 124780 0
53600 122741 0
75420 86 0
34873 86 0
122768 121918 0
121331 125103 0
125566 125323 0
