1 1 100 436.868
2 2 100 467.667
3 3 100 500.545
4 4 100 513.093
5 5 100 527.71
6 6 100 540.522
7 7 100 550.687
8 8 100 560.608
9 9 100 570.345
10 10 100 577.973
11 11 100 579.11
12 12 100 587.537
13 13 100 593.687
14 14 100 599.285
15 15 100 603.567
16 16 100 605.459
17 17 100 609.074
18 18 100 612.649
19 19 100 615.856
20 20 100 618.695
21 21 100 621.534
22 22 100 624.374
23 23 100 626.845
24 24 100 629.5
25 25 100 632.34
26 26 100 634.627
27 27 100 635.833
28 28 100 638.304
29 29 100 640.974
30 30 100 643.262
31 31 100 644.774
32 32 100 646.602
33 33 100 648.172
34 34 100 650.088
35 35 100 652.191
36 36 100 653.397
37 37 100 655.225
38 38 100 656.737
39 39 100 658.841
40 40 100 660.617
41 41 100 662.72
42 42 100 663.935
43 43 100 665.67
44 44 100 667.406
45 45 100 669.142
46 46 100 670.878
47 47 100 672.368
48 48 100 674.104
49 49 100 675.655
50 50 100 677.413
