1 1 100 7.73679
2 2 100 12.3707
3 3 100 17.4173
4 4 100 30.0055
5 5 100 33.175
6 6 100 40.3883
7 7 100 44.3313
8 8 100 61.4565
9 9 100 64.3152
10 10 100 67.5225
11 11 100 70.086
12 12 100 72.105
13 13 100 74.6685
14 14 100 77.2656
15 15 100 79.7372
16 16 100 82.2087
17 17 100 83.4799
18 18 100 84.6645
19 19 100 86.3316
20 20 100 88.4471
21 21 100 90.5508
22 22 100 92.4705
23 23 100 94.0836
24 24 100 96.0033
25 25 100 97.6471
26 26 100 98.7107
27 27 100 100.791
28 28 100 101.92
29 29 100 103.656
30 30 100 105.392
31 31 100 107.127
32 32 100 108.863
33 33 100 110.599
34 34 100 112.404
35 35 100 115.305
36 36 100 117.041
37 37 100 118.255
38 38 100 119.255
39 39 100 120.715
40 40 100 122.088
41 41 100 123.456
42 42 100 124.823
43 43 100 125.841
44 44 100 126.893
45 45 100 127.985
46 46 100 129.353
47 47 100 130.721
48 48 100 131.813
49 49 100 133.181
50 50 100 134.549
