20834 4501 0
39861 4501 0
43793 4501 0
35326 29369 0
22618 29369 0
322 29373 0
322 8823 0
38999 8823 0
25502 16078 0
34827 16078 0
29483 209 0
20476 209 0
29500 209 0
29510 209 0
29600 209 0
29607 209 0
29630 209 0
29638 209 0
29681 209 0
29750 209 0
29917 209 0
17759 209 0
30371 209 0
30776 209 0
31464 209 0
31708 209 0
7361 209 0
32279 209 0
32376 209 0
33044 209 0
3683 209 0
33915 209 0
34996 209 0
36928 209 0
36994 209 0
35121 209 0
4547 209 0
41568 209 0
42898 209 0
43138 209 0
43624 209 0
5471 209 0
29625 9469 0
29553 29423 0
29968 29423 0
322 29423 0
28907 29516 0
30086 29520 0
30145 29520 0
28907 28870 0
28907 29527 0
28907 29555 0
29750 116 0
29809 116 0
18976 116 0
30049 116 0
1980 116 0
30119 116 0
30129 116 0
30166 116 0
30831 116 0
30910 116 0
31773 116 0
28932 116 0
32003 116 0
32098 116 0
18006 116 0
34718 116 0
34489 116 0
35828 116 0
36051 116 0
12286 116 0
19792 116 0
38253 116 0
39967 116 0
40135 116 0
43050 116 0
28907 28450 0
29686 392 0
29745 392 0
29798 392 0
29826 392 0
30229 392 0
32816 392 0
33597 392 0
35125 392 0
42745 392 0
28907 8 0
1202 8 0
29777 8 0
29798 8 0
29855 8 0
29925 8 0
30453 8 0
30835 8 0
33557 8 0
33790 8 0
35521 8 0
36947 8 0
28096 8 0
25913 14029 0
30896 14029 0
31186 14029 0
32710 14029 0
35247 14029 0
322 14029 0
37100 14029 0
37096 14029 0
45427 14029 0
322 29619 0
29724 29623 0
31729 29657 0
30663 29707 0
33894 29707 0
30447 29728 0
31520 29728 0
1335 9538 0
33131 29765 0
33171 29765 0
322 2935 0
31627 29785 0
30225 19362 0
36296 29851 0
31007 29865 0
30455 29326 0
30529 29326 0
30701 29326 0
28673 29326 0
31007 29326 0
19901 29326 0
12740 29326 0
31393 29326 0
31409 29326 0
31468 29326 0
31550 29326 0
31857 29326 0
32086 29326 0
33276 29326 0
35045 29326 0
40925 29326 0
30111 29879 0
176 29879 0
33585 29879 0
33597 29879 0
30711 29899 0
34526 29899 0
29777 28080 0
30835 28080 0
40135 28080 0
322 29869 0
30792 29951 0
8112 29951 0
322 29975 0
322 7450 0
30584 30036 0
33480 30036 0
322 29968 0
31638 30066 0
37677 30066 0
42732 30105 0
30254 30115 0
40759 30115 0
29520 30145 0
32965 32966 0
176 26939 0
32877 30197 0
38411 30197 0
30282 392 0
30305 392 0
96 392 0
31116 392 0
33202 12994 0
40222 9030 0
322 637 0
16581 2118 0
30733 30434 0
322 30225 0
30589 30472 0
31375 30472 0
322 33904 0
322 11301 0
32266 30516 0
30122 468 0
8605 468 0
31616 468 0
27019 30586 0
32140 30587 0
30122 468 0
16581 2118 0
30914 30848 0
31055 19758 0
31237 19758 0
43827 16749 0
32016 30794 0
35347 30794 0
31725 31083 0
322 30595 0
17461 31097 0
28144 23021 0
30792 20450 0
28144 25643 0
31636 31217 0
31816 31217 0
31831 31217 0
32064 31217 0
32320 31217 0
32487 31217 0
32497 31217 0
33135 31217 0
33330 31217 0
33773 31217 0
34665 31217 0
34881 31217 0
34943 31217 0
35000 31217 0
35218 31217 0
36154 31217 0
36530 31217 0
36815 31217 0
37276 31217 0
38553 31217 0
39342 31217 0
39348 31217 0
41255 31217 0
41259 31217 0
41504 31217 0
41727 31217 0
43327 31217 0
44315 31217 0
44953 31217 0
41669 31274 0
31431 23021 0
322 23021 0
31912 31332 0
31454 31338 0
5422 31339 0
30792 2267 0
31028 2267 0
8112 2267 0
33084 2267 0
33716 2267 0
33952 2267 0
34283 2267 0
34798 2267 0
36622 2267 0
37913 2267 0
42690 2267 0
43791 2267 0
36110 2267 0
23651 31366 0
322 31366 0
32729 4140 0
34697 4140 0
31727 31421 0
31506 31424 0
31852 31424 0
39150 31424 0
32284 8055 0
34423 8055 0
41520 8055 0
322 5316 0
322 5316 0
322 31564 0
2577 1589 0
33756 1589 0
31589 31048 0
33838 31595 0
31759 14218 0
29468 31218 0
32952 9438 0
33480 9438 0
29937 9438 0
39069 9438 0
45911 9438 0
33702 31691 0
32503 31601 0
35594 31601 0
40849 31601 0
44465 31601 0
9304 31787 0
32946 32947 0
31563 31419 0
32128 31876 0
1112 9910 0
19918 9910 0
33950 9910 0
43780 9910 0
45058 31903 0
32066 31996 0
31563 31419 0
322 32036 0
8112 12524 0
322 32050 0
32137 32093 0
21143 32106 0
31563 31419 0
32629 32111 0
34154 32111 0
40466 32197 0
3486 9438 0
5307 9438 0
18584 9438 0
18093 9438 0
45911 9438 0
32459 32205 0
32511 32205 0
32581 32205 0
33121 32205 0
33332 32205 0
33433 32205 0
33828 32205 0
34239 32205 0
34244 32205 0
34869 32205 0
36490 32205 0
38564 32205 0
41138 32205 0
41584 32205 0
45314 32205 0
45755 32205 0
45864 32205 0
32419 32219 0
32564 32219 0
35058 32219 0
33783 32222 0
31454 31338 0
32219 32294 0
26646 30274 0
26646 30274 0
37168 32412 0
36924 32428 0
32775 4501 0
33404 4501 0
42159 4501 0
43793 4501 0
44588 4501 0
322 8126 0
35786 8126 0
37387 8126 0
38544 8126 0
322 32517 0
322 31882 0
29023 27197 0
33310 32450 0
322 7890 0
33187 32678 0
33294 32678 0
8112 21086 0
322 32702 0
322 26773 0
39864 4334 0
32847 32774 0
32864 32774 0
32888 32774 0
33544 32819 0
32961 32901 0
32992 32901 0
33191 32901 0
36583 32901 0
33023 32902 0
39740 32902 0
32963 32816 0
322 32816 0
34507 32816 0
322 32908 0
33993 32939 0
38336 32939 0
45284 32958 0
24716 32967 0
34053 32984 0
36963 13730 0
44837 13730 0
37468 32996 0
45681 32996 0
36369 33016 0
322 33074 0
322 30098 0
3712 33116 0
37235 23446 0
33836 33181 0
33834 33181 0
33840 33181 0
33848 33181 0
33850 33181 0
33863 33181 0
33866 33181 0
33874 33181 0
33877 33181 0
33879 33181 0
33886 33181 0
33884 33181 0
37043 33181 0
37126 33181 0
37222 33181 0
37566 33181 0
37902 33181 0
38007 33181 0
38186 33181 0
38237 33181 0
38273 33181 0
38287 33181 0
38516 33181 0
38521 33181 0
38621 33181 0
38771 33181 0
38764 33181 0
38795 33181 0
38876 33181 0
38880 33181 0
38933 33181 0
38952 33181 0
38984 33181 0
38992 33181 0
39001 33181 0
39169 33181 0
39918 33181 0
39984 33181 0
40023 33181 0
40042 33181 0
40040 33181 0
40076 33181 0
40122 33181 0
40238 33181 0
40307 33181 0
40320 33181 0
40351 33181 0
40375 33181 0
40390 33181 0
40413 33181 0
40420 33181 0
40449 33181 0
40482 33181 0
40506 33181 0
40518 33181 0
40661 33181 0
40743 33181 0
40795 33181 0
40793 33181 0
40991 33181 0
41028 33181 0
41032 33181 0
41034 33181 0
41141 33181 0
41264 33181 0
41283 33181 0
41342 33181 0
41351 33181 0
41356 33181 0
41393 33181 0
41490 33181 0
41492 33181 0
41518 33181 0
41581 33181 0
41604 33181 0
41600 33181 0
41628 33181 0
41636 33181 0
41643 33181 0
41657 33181 0
41680 33181 0
41691 33181 0
41730 33181 0
41752 33181 0
41813 33181 0
41829 33181 0
41868 33181 0
41896 33181 0
41909 33181 0
41925 33181 0
41933 33181 0
41938 33181 0
41951 33181 0
42061 33181 0
42117 33181 0
42153 33181 0
42164 33181 0
42182 33181 0
42262 33181 0
42274 33181 0
42284 33181 0
42328 33181 0
42339 33181 0
42355 33181 0
42382 33181 0
42401 33181 0
42413 33181 0
42441 33181 0
42460 33181 0
42470 33181 0
42473 33181 0
42482 33181 0
42548 33181 0
42607 33181 0
42636 33181 0
42642 33181 0
42654 33181 0
42665 33181 0
42677 33181 0
42710 33181 0
42712 33181 0
42715 33181 0
42735 33181 0
42750 33181 0
42765 33181 0
42767 33181 0
42779 33181 0
42791 33181 0
42796 33181 0
42810 33181 0
42833 33181 0
42850 33181 0
42886 33181 0
42893 33181 0
42923 33181 0
42925 33181 0
42936 33181 0
42941 33181 0
42948 33181 0
42963 33181 0
42971 33181 0
42978 33181 0
42980 33181 0
43007 33181 0
43011 33181 0
43046 33181 0
43062 33181 0
43064 33181 0
43070 33181 0
43076 33181 0
43080 33181 0
43105 33181 0
43131 33181 0
43133 33181 0
43153 33181 0
43165 33181 0
43167 33181 0
43170 33181 0
43172 33181 0
43176 33181 0
43187 33181 0
43190 33181 0
43231 33181 0
43235 33181 0
43233 33181 0
43247 33181 0
43280 33181 0
43283 33181 0
43307 33181 0
43310 33181 0
43336 33181 0
43342 33181 0
43381 33181 0
43387 33181 0
43409 33181 0
43466 33181 0
43469 33181 0
43475 33181 0
43477 33181 0
43550 33181 0
43556 33181 0
43558 33181 0
43648 33181 0
43646 33181 0
43655 33181 0
43673 33181 0
43811 33181 0
43822 33181 0
43864 33181 0
43868 33181 0
43888 33181 0
43955 33181 0
43994 33181 0
43998 33181 0
44016 33181 0
44052 33181 0
44061 33181 0
44059 33181 0
44071 33181 0
44081 33181 0
44114 33181 0
44122 33181 0
44120 33181 0
44131 33181 0
44138 33181 0
44141 33181 0
44147 33181 0
44151 33181 0
44159 33181 0
44173 33181 0
44175 33181 0
44187 33181 0
44192 33181 0
44201 33181 0
44199 33181 0
44221 33181 0
44238 33181 0
44275 33181 0
44277 33181 0
44279 33181 0
44323 33181 0
44328 33181 0
44331 33181 0
44336 33181 0
44347 33181 0
44358 33181 0
44362 33181 0
44370 33181 0
44368 33181 0
44378 33181 0
44383 33181 0
44392 33181 0
44403 33181 0
44408 33181 0
44430 33181 0
44434 33181 0
44439 33181 0
44525 33181 0
44531 33181 0
44529 33181 0
44533 33181 0
44535 33181 0
44537 33181 0
44569 33181 0
44590 33181 0
44616 33181 0
44637 33181 0
44634 33181 0
44632 33181 0
44649 33181 0
44660 33181 0
44662 33181 0
44673 33181 0
44699 33181 0
44703 33181 0
44729 33181 0
44736 33181 0
44738 33181 0
44740 33181 0
44758 33181 0
44756 33181 0
44765 33181 0
44770 33181 0
44773 33181 0
44778 33181 0
44782 33181 0
44793 33181 0
44798 33181 0
44824 33181 0
44846 33181 0
44867 33181 0
44900 33181 0
44898 33181 0
44918 33181 0
44921 33181 0
44924 33181 0
44931 33181 0
44942 33181 0
44948 33181 0
44972 33181 0
44974 33181 0
44987 33181 0
44995 33181 0
44997 33181 0
45003 33181 0
45005 33181 0
45016 33181 0
45020 33181 0
45045 33181 0
45062 33181 0
45070 33181 0
45099 33181 0
45102 33181 0
45136 33181 0
45162 33181 0
45186 33181 0
45189 33181 0
45203 33181 0
45233 33181 0
45259 33181 0
45263 33181 0
45271 33181 0
45288 33181 0
45297 33181 0
45308 33181 0
45317 33181 0
45319 33181 0
45326 33181 0
45332 33181 0
45335 33181 0
45360 33181 0
45356 33181 0
45364 33181 0
45367 33181 0
45384 33181 0
45398 33181 0
45421 33181 0
45433 33181 0
45449 33181 0
45453 33181 0
45492 33181 0
45507 33181 0
45518 33181 0
45530 33181 0
45533 33181 0
45550 33181 0
45557 33181 0
45561 33181 0
45571 33181 0
45603 33181 0
45626 33181 0
45638 33181 0
45647 33181 0
45649 33181 0
45653 33181 0
45665 33181 0
45668 33181 0
45679 33181 0
45683 33181 0
45715 33181 0
45727 33181 0
45731 33181 0
45737 33181 0
45825 33181 0
45833 33181 0
45838 33181 0
45845 33181 0
45849 33181 0
45852 33181 0
45856 33181 0
45860 33181 0
45872 33181 0
45891 33181 0
45902 33181 0
45905 33181 0
45921 33181 0
45919 33181 0
45934 33181 0
45938 33181 0
45970 33181 0
46003 33181 0
46007 33181 0
46024 33181 0
46031 33181 0
46041 33181 0
46044 33181 0
46061 33181 0
46066 33181 0
46078 33181 0
46088 33181 0
46097 33181 0
46108 33181 0
46118 33181 0
46139 33181 0
46141 33181 0
46147 33181 0
46149 33181 0
27019 33186 0
322 33271 0
33446 33309 0
33457 33309 0
33860 33309 0
34017 33309 0
35416 33309 0
36365 33309 0
20476 33309 0
35121 33309 0
37601 33309 0
37732 33309 0
41568 33309 0
43138 33309 0
33442 33318 0
33771 33438 0
37459 33561 0
42069 33719 0
8866 33727 0
43197 33727 0
34290 33765 0
39352 33831 0
10932 31338 0
34821 34009 0
36629 34009 0
2577 34059 0
34401 34074 0
35259 34074 0
36812 34253 0
36970 34253 0
37128 34253 0
23565 34253 0
38107 34253 0
40251 34253 0
40642 34253 0
41391 34253 0
45139 34253 0
35927 35928 0
34356 33812 0
42619 34353 0
34711 34390 0
32001 34390 0
29023 27197 0
38558 34403 0
36665 34437 0
40895 34437 0
41235 34437 0
42411 34437 0
43160 34437 0
36266 32093 0
22396 34521 0
2018 6086 0
34575 6086 0
34635 6086 0
32344 6086 0
34672 6086 0
34747 6086 0
34745 6086 0
34787 6086 0
35030 6086 0
35879 6086 0
36064 6086 0
25295 6086 0
36166 6086 0
36512 6086 0
36684 6086 0
38212 6086 0
38683 6086 0
41011 6086 0
43253 6086 0
43591 6086 0
19691 11258 0
32219 34912 0
35404 34912 0
34871 13730 0
36266 32093 0
34693 34694 0
35782 34534 0
40703 34534 0
33361 34540 0
34774 34543 0
34 24008 0
12344 34676 0
35594 34689 0
39911 34689 0
34876 34699 0
35716 34699 0
36730 34699 0
44441 34699 0
17759 34764 0
35024 34764 0
35113 34764 0
35228 34764 0
35647 34764 0
35857 34764 0
35872 34764 0
36317 34764 0
36680 34764 0
14736 34764 0
39128 34764 0
39574 34764 0
40230 34764 0
96 34764 0
44240 34764 0
44284 34764 0
34935 34801 0
34976 34801 0
35400 34801 0
34837 34836 0
12344 34900 0
35336 34900 0
34550 34913 0
10326 34925 0
35017 34940 0
32093 12045 0
42409 35187 0
36019 35209 0
35093 35268 0
42787 35275 0
37550 35384 0
38370 35384 0
39392 35384 0
39453 35384 0
39580 35384 0
40071 35384 0
40197 35384 0
40617 35384 0
41144 35384 0
41894 35384 0
44385 35384 0
43291 29194 0
35623 35624 0
35802 35624 0
36092 35624 0
36326 35624 0
36796 35624 0
37198 35624 0
38190 35624 0
39087 35624 0
39264 35624 0
40410 35624 0
38935 35624 0
41512 35624 0
42310 35624 0
39453 35131 0
29023 27197 0
23476 29542 0
28312 35579 0
42611 35579 0
35384 35588 0
35854 4247 0
322 4247 0
46029 25805 0
30778 35665 0
35778 35582 0
23900 35698 0
32001 35698 0
36013 35732 0
38019 35732 0
35838 35759 0
26788 26705 0
35923 26705 0
37862 26705 0
36057 35804 0
37358 35804 0
38125 35804 0
44005 35804 0
45642 35804 0
35384 35895 0
37249 35895 0
34837 35912 0
16 35921 0
36994 35921 0
37062 35921 0
37705 35921 0
38459 35921 0
39163 35921 0
38047 35921 0
41359 35921 0
43665 35921 0
40643 35979 0
36053 35986 0
36130 35986 0
37820 36004 0
38320 36004 0
39235 31712 0
42176 31712 0
37098 36077 0
37994 4501 0
40818 4501 0
43793 4501 0
44588 4501 0
34751 13730 0
37345 13730 0
44571 13730 0
36303 32669 0
40373 36132 0
42308 36132 0
36958 36153 0
45610 36123 0
40836 36212 0
36426 36253 0
36438 36253 0
36544 36253 0
36724 36253 0
40403 40404 0
40478 40404 0
40585 40404 0
42353 36262 0
36577 36344 0
36744 36344 0
37023 36344 0
37229 36344 0
38719 36344 0
38956 36344 0
39940 36344 0
40228 36344 0
41524 36344 0
16 1045 0
37058 1045 0
37062 1045 0
36994 1045 0
37077 1045 0
37107 1045 0
37369 1045 0
37384 1045 0
37705 1045 0
38233 1045 0
38431 1045 0
38678 1045 0
38047 1045 0
41359 1045 0
43665 1045 0
44301 35093 0
45563 35093 0
29023 27197 0
37725 34841 0
35384 3105 0
38328 3105 0
39392 3105 0
40732 3105 0
1202 16 0
36739 16 0
34253 16 0
36767 16 0
36792 16 0
36800 16 0
23565 16 0
36857 16 0
36887 16 0
36932 16 0
36979 16 0
20623 16 0
37050 16 0
37117 16 0
37134 16 0
37139 16 0
37128 16 0
37173 16 0
37231 16 0
37100 16 0
37247 16 0
37062 16 0
37258 16 0
37362 16 0
37369 16 0
37480 16 0
37546 16 0
37611 16 0
37537 16 0
37705 16 0
37755 16 0
37936 16 0
37972 16 0
38047 16 0
5629 16 0
12741 16 0
31575 16 0
38505 16 0
38512 16 0
38644 16 0
38731 16 0
38739 16 0
38759 16 0
38774 16 0
38817 16 0
12326 16 0
39261 16 0
39298 16 0
39327 16 0
33904 16 0
17930 16 0
39469 16 0
7634 16 0
38678 16 0
39703 16 0
39924 16 0
39964 16 0
40068 16 0
24279 16 0
40080 16 0
40142 16 0
40135 16 0
40559 16 0
40599 16 0
40764 16 0
41098 16 0
7111 16 0
41427 16 0
41531 16 0
41734 16 0
41842 16 0
42462 16 0
42640 16 0
29708 16 0
43195 16 0
43197 16 0
32823 16 0
44041 16 0
27356 16 0
12993 14824 0
15414 14824 0
16581 14824 0
22513 36824 0
42125 36824 0
36861 23028 0
30221 23028 0
37537 23028 0
24099 23028 0
38088 23028 0
38417 23028 0
40746 23028 0
23285 23028 0
37089 36856 0
37160 36856 0
37732 21231 0
37801 21231 0
41871 21231 0
32428 36924 0
38142 36935 0
38902 36935 0
25125 36935 0
38102 36936 0
41124 36936 0
43675 36936 0
22943 3902 0
13337 39243 0
37529 37021 0
37635 37037 0
37193 37045 0
33977 7268 0
25445 7268 0
38470 21973 0
21972 21973 0
41267 37227 0
39335 37255 0
38895 37261 0
14029 28644 0
37395 23520 0
37561 15172 0
45775 37453 0
38203 37581 0
38678 37581 0
37930 37931 0
35384 37603 0
37807 37650 0
12993 15414 0
41792 37701 0
40654 37762 0
44812 4853 0
38024 37846 0
37988 37701 0
38003 37701 0
37970 37877 0
29271 37878 0
35093 37945 0
24936 4899 0
39489 38076 0
39727 38078 0
43356 38078 0
7867 38128 0
40291 38128 0
25913 476 0
96 476 0
38639 38283 0
38886 36806 0
38413 38397 0
38468 38397 0
6990 38397 0
38540 38397 0
38609 38397 0
38921 38397 0
38978 38397 0
39174 38397 0
39747 38397 0
40086 38397 0
40094 38397 0
23429 38397 0
29105 38397 0
41163 38397 0
41376 38397 0
41655 38397 0
42308 38397 0
42217 38397 0
43400 38397 0
43780 38397 0
45997 38397 0
16980 38403 0
41761 38403 0
38838 38604 0
38810 38650 0
38102 38712 0
38873 36672 0
38917 36672 0
39441 36672 0
39686 36672 0
40451 36672 0
39022 38770 0
35093 39100 0
29023 27197 0
35373 39160 0
40180 39188 0
38759 39292 0
41324 39351 0
44465 39358 0
37193 39487 0
39633 39532 0
40268 39532 0
39615 39530 0
35384 39547 0
45445 39572 0
14287 29220 0
12966 29220 0
40177 39680 0
40278 39680 0
40885 39680 0
38678 39709 0
39847 5142 0
39900 5142 0
41016 5142 0
32686 5142 0
42097 5142 0
5480 5142 0
38678 12524 0
27710 12524 0
5471 12524 0
31431 23021 0
39849 23021 0
39868 23021 0
43946 23021 0
41319 39437 0
40057 39952 0
45698 39952 0
40303 40073 0
41020 40073 0
41540 40073 0
46059 40078 0
45542 40121 0
6158 19785 0
2577 19785 0
26683 18104 0
20497 18104 0
40359 18104 0
40392 18104 0
40485 18104 0
40596 18104 0
40678 18104 0
40775 18104 0
23637 18104 0
41055 18104 0
41107 18104 0
41916 18104 0
42644 18104 0
43400 18104 0
29312 18104 0
25169 18104 0
21909 18104 0
44983 18104 0
45926 18104 0
40473 683 0
43773 40265 0
37725 11695 0
40912 11695 0
41131 11695 0
41381 11695 0
15810 11695 0
41759 11695 0
22453 11695 0
43332 11695 0
10326 11695 0
44477 11695 0
44732 11695 0
42454 40468 0
40542 40477 0
20196 40547 0
42701 44644 0
44802 44644 0
45009 40669 0
42439 40735 0
40937 40750 0
41715 40750 0
42452 4501 0
41693 40783 0
40910 40833 0
41232 40833 0
41052 40859 0
40922 40547 0
20196 40547 0
41063 40872 0
41705 40872 0
21972 21973 0
38470 21973 0
41336 41337 0
37677 41086 0
41169 41166 0
24714 24833 0
42157 41245 0
19220 18446 0
42745 41361 0
37970 41439 0
41545 41439 0
41483 16 0
38227 16 0
39703 16 0
41514 16 0
41577 16 0
41626 16 0
41646 16 0
38982 16 0
41898 16 0
41904 16 0
42035 16 0
7111 16 0
10045 16 0
42519 16 0
42658 16 0
37705 16 0
43757 16 0
44768 16 0
40882 16 0
44937 16 0
45056 16 0
45608 16 0
41508 31712 0
42039 31712 0
43203 41462 0
37677 41557 0
41640 41593 0
41698 41593 0
41724 41593 0
42059 41593 0
42129 41593 0
42242 41593 0
42738 41593 0
43568 41593 0
41661 194 0
28563 194 0
41859 41688 0
41853 41854 0
41593 41751 0
41845 14508 0
41873 14508 0
42332 14508 0
6990 14508 0
45358 14508 0
45592 14508 0
42203 7775 0
44904 7775 0
30778 4140 0
21972 21973 0
38470 21973 0
41958 41779 0
42292 41779 0
42016 41797 0
13057 41800 0
34437 41820 0
42033 41828 0
37970 41545 0
43548 41545 0
29023 27197 0
41947 41935 0
41975 41969 0
2577 22360 0
37970 41439 0
36180 5558 0
43874 37925 0
42314 42181 0
42234 42233 0
42278 42261 0
44341 42307 0
41921 42321 0
42475 33605 0
16581 27542 0
19691 27542 0
43108 42551 0
27710 4022 0
42611 42615 0
34353 42619 0
15381 42789 0
29023 27197 0
35426 9333 0
43512 42900 0
43419 42901 0
42982 42904 0
20712 4501 0
33404 4501 0
43554 4501 0
43793 4501 0
44588 4501 0
43115 42933 0
43266 42933 0
45097 42940 0
43619 42977 0
43305 43038 0
43809 43038 0
45457 43038 0
45831 43038 0
3204 11695 0
45881 11695 0
46046 11695 0
43140 43100 0
43407 41661 0
43344 15381 0
44025 31601 0
43427 43347 0
43537 43347 0
43777 43347 0
43432 36313 0
43890 9030 0
44599 43457 0
37970 43462 0
45247 43429 0
43603 33715 0
713 7335 0
43963 31601 0
44262 43645 0
43844 43692 0
22094 43763 0
45656 43776 0
43872 43775 0
44613 43775 0
44780 43867 0
45799 44022 0
39156 44177 0
44397 4501 0
44498 4501 0
33404 4501 0
45777 4501 0
41545 44360 0
29023 27197 0
44647 44563 0
44726 44658 0
44465 44658 0
44822 44658 0
45205 44658 0
46086 44658 0
3683 44819 0
45176 44971 0
45757 45054 0
43834 194 0
45232 45553 0
45767 45605 0
45733 45646 0
45968 11717 0
46021 11717 0
46125 46017 0
