1 1 100 1.94847
2 2 100 3.64218
3 3 100 5.01006
4 4 100 6.37794
5 5 100 7.92976
6 6 100 8.96287
7 7 100 10.3307
8 8 100 11.3568
9 9 100 12.7247
10 10 100 15.2371
11 11 100 16.3106
12 12 100 17.3106
13 13 100 18.3916
14 14 100 19.7594
15 15 100 21.1273
16 16 100 22.13
17 17 100 23.131
18 18 100 28.0675
19 19 100 29.3204
20 20 100 30.3464
21 21 100 32.0822
22 22 100 33.45
23 23 100 35.4056
24 24 100 36.5895
25 25 100 37.5895
26 26 100 39.7336
27 27 100 41.1015
28 28 100 42.4694
29 29 100 43.8373
30 30 100 44.8373
31 31 100 47.1653
32 32 100 56.6027
33 33 100 533.916
34 34 100 535.284
35 35 100 536.284
36 36 100 537.308
37 37 100 538.308
38 38 100 539.323
39 39 100 540.69
40 40 100 546.473
41 41 100 547.474
42 42 100 552.428
43 43 100 553.429
44 44 100 554.797
45 45 100 555.878
46 46 100 556.879
47 47 100 557.9
48 48 100 558.905
49 49 100 560.365
50 50 100 566.73
