6 1
16 5
27 1
34 2
38 1
86 3
106 1
112 1
114 1
170 2
194 1
222 2
234 1
237 1
463 1
528 4
669 1
737 2
745 2
793 1
854 1
881 1
893 1
951 1
988 3
1118 1
1194 1
1239 2
1354 1
1437 1
1465 1
1486 1
1529 1
1551 1
1589 1
1603 7
1617 1
1664 1
1701 1
1756 1
1808 1
1908 12
2011 1
2035 1
2062 1
2091 1
2186 1
2311 1
2335 4
2337 4
2381 2
2447 1
2463 2
2577 2
2597 1
2635 1
2745 1
2811 1
2841 4
2941 5
3015 2
3149 1
3227 1
3265 1
3359 1
3497 2
3683 3
3712 1
3736 1
3755 3
3902 2
3925 2
3946 3
3969 1
3986 1
4006 1
4021 1
4022 2
4066 1
4161 2
4191 1
4235 1
4258 2
4318 1
4360 1
4501 4
4603 1
4937 3
4974 1
4998 1
5126 1
5166 1
5167 1
5218 1
5321 1
5433 1
5480 1
5610 6
5643 1
5876 1
5920 1
5940 1
5989 1
6033 1
6174 3
6181 1
6183 5
6225 1
6444 1
6454 1
6617 1
6667 2
6668 2
6763 1
6803 1
6847 1
6946 1
6984 1
7083 1
7145 1
7158 1
7189 1
7213 2
7249 1
7295 1
7361 5
7455 1
7459 2
7492 3
7542 1
7618 1
7675 3
7818 1
7890 1
7923 2
7940 1
7951 2
8028 2
8104 1
8112 1
8234 4
8272 1
8285 1
8301 1
8307 1
8424 1
8441 1
8560 1
8563 1
8573 1
8651 1
8662 1
8685 1
8774 2
8849 1
9259 1
9334 2
9335 1
9425 2
9438 2
9645 5
9808 3
9846 2
9854 1
9867 1
9877 1
9878 1
9890 1
9941 1
9964 2
9966 2
10252 1
10269 1
10411 4
10461 1
10514 2
10552 1
10594 1
10653 1
10917 1
10945 1
11247 2
11447 1
11464 2
11467 2
11468 1
11470 9
11505 3
11575 2
11633 1
11694 1
11725 1
11858 1
11892 2
12007 1
12197 1
12203 1
12224 1
12280 1
12313 1
12326 1
12400 1
12511 3
12528 2
12605 1
12645 2
12786 1
12814 1
12940 1
12963 1
12970 1
12994 1
12997 1
13041 1
13120 1
13145 1
13260 2
13373 1
13452 1
13459 1
13543 4
13548 1
13613 1
13740 2
13858 1
13903 2
14030 1
14129 1
14211 1
14462 2
14664 1
14991 3
15182 2
15393 1
15399 1
15413 1
15417 2
15489 1
15493 1
15528 1
15537 1
15564 1
15576 1
15592 1
15635 2
15637 2
15739 1
15811 1
15838 1
15854 1
16026 3
16172 1
16258 1
16349 1
16355 1
16396 1
16435 1
16541 1
16581 2
16635 2
16693 1
16807 2
16817 2
16956 1
16977 1
16983 1
17164 1
17464 2
17495 1
17584 1
17669 1
17747 1
17756 3
17858 1
17905 1
17976 1
18028 2
18040 1
18182 4
18224 1
18399 1
18434 1
18441 1
18476 1
18561 1
18603 1
18607 1
18684 1
18715 1
18780 2
18783 1
18860 1
18864 1
18909 1
19026 1
19087 2
19161 1
19200 1
19201 1
19271 1
19367 1
19448 1
19480 1
19491 2
19494 2
19550 1
19643 2
19771 1
19862 1
19867 1
20023 1
20047 1
20061 3
20099 1
20115 3
20361 3
20523 2
20706 1
20787 1
20818 1
20859 1
21029 1
21076 2
21122 1
21167 1
21189 3
21343 1
21377 2
21491 1
21498 2
21666 1
21672 1
21684 1
21695 1
21698 1
21787 1
21802 2
21949 1
21958 2
21959 1
21978 1
22029 1
22073 1
22115 2
22177 1
22313 3
22362 1
22400 1
22414 1
22476 1
22486 2
22560 1
22789 1
22792 1
22817 1
22889 1
22901 1
23074 1
23183 1
23197 1
23207 1
23225 2
23341 1
23349 1
23367 1
23447 1
23455 2
23543 2
23621 1
23651 2
23652 1
23674 1
23852 1
23929 1
23988 2
24098 3
24099 2
24264 1
24434 1
24479 1
24514 1
24540 1
24743 2
24888 1
24913 1
24918 1
24963 1
25003 1
25215 3
25245 1
25273 2
25389 1
25816 2
25847 1
25863 3
25988 1
26128 1
26146 1
26188 1
26293 1
26368 1
26426 1
26452 1
26468 4
26469 1
26616 1
26617 1
26745 1
26793 1
26865 2
27155 1
27158 1
27246 1
27552 1
27649 1
27890 3
27913 1
28047 1
28094 2
28143 1
28144 2
28190 2
28192 1
28398 1
28530 1
28733 1
28839 1
28854 1
28900 1
28983 1
28992 1
29141 2
29318 3
29373 1
29391 2
29396 2
29449 1
29451 2
29479 1
29505 1
29541 1
29542 2
29582 1
29750 1
29768 2
29773 1
29784 2
29891 1
29992 1
29993 1
29997 2
30051 1
30166 1
30259 1
30474 1
30532 2
30535 1
30576 1
30631 2
30645 1
30704 1
30745 1
30792 1
31014 1
31071 2
31430 1
31431 1
31570 2
31587 1
31601 2
31675 1
31714 1
31868 1
32016 1
32253 1
32295 1
32365 1
32429 1
32737 2
32777 1
32834 1
32845 1
32861 1
32952 1
33100 1
33108 2
33143 1
33181 2
33219 1
33245 1
33389 1
33716 2
33804 1
33934 1
33950 1
33999 1
34115 1
34127 2
34264 1
34540 1
34873 2
34995 1
35048 1
35253 1
35298 1
35317 1
35566 1
35925 2
35980 1
35986 1
36030 2
36040 1
36133 1
36247 1
36323 1
36418 1
36420 1
36434 1
36935 1
36955 1
37082 1
37093 1
37126 1
37139 1
37187 1
37280 1
37296 2
37654 1
37688 2
37705 1
37725 1
37991 2
38076 1
38186 1
38212 1
38408 1
38452 1
38512 1
38650 1
38880 1
39003 1
39200 1
39311 1
39327 1
39416 2
39468 1
39563 1
39618 1
39758 1
39905 1
39928 1
39955 1
39967 1
40001 1
40040 1
40042 1
40079 1
40101 1
40211 1
40291 1
40632 1
40707 1
40770 1
40912 1
41141 1
41210 2
41254 1
41267 1
41299 1
41351 1
41573 2
41581 1
41855 1
41925 1
41970 1
42031 1
42117 1
42156 1
42328 1
42339 1
42413 1
42428 1
42443 2
42456 1
42470 1
42482 1
42652 1
42710 1
42732 1
42796 1
42810 1
42850 1
42886 1
42982 1
43064 1
43070 1
43080 1
43153 1
43235 1
43287 2
43310 1
43334 1
43387 1
43682 1
44114 1
44131 1
44159 1
44198 1
44318 1
44336 1
44410 1
44424 5
44496 1
44525 1
44531 1
45317 1
45326 1
45338 1
45507 1
45550 1
45623 1
45633 1
46074 1
46135 1
46139 1
46250 2
46273 2
46382 1
46463 1
46482 1
46488 1
46590 2
46812 1
46852 1
46910 1
46951 1
47003 1
47159 2
47168 1
47194 1
47266 1
47284 1
47410 1
47416 1
47515 1
47681 1
47682 1
47684 1
47759 1
47817 2
47923 1
47955 1
47991 1
48118 1
48135 1
48157 1
48273 2
48483 1
48570 1
48604 2
49084 1
49293 1
49348 1
49423 1
49539 1
49648 1
49711 1
50195 1
50199 1
50523 5
50530 1
50924 1
51151 1
51172 3
51223 1
51242 1
51269 1
51335 1
51629 2
51680 2
51709 2
51720 2
51737 2
51773 2
51822 2
51854 1
51946 3
52124 2
52143 1
52229 1
52390 1
52465 1
52582 3
52695 1
52729 1
52883 2
53005 2
53022 1
53048 1
53093 2
53149 2
53234 1
53392 1
53600 3
53634 1
53765 2
53768 2
53939 2
54478 1
54931 1
55038 1
55180 2
55186 2
55470 1
55477 1
55646 1
55802 1
56112 1
56161 1
56458 1
56493 2
56543 1
56608 1
56679 2
56836 1
56864 2
56892 1
56922 1
57019 1
57040 2
57441 2
57506 1
57756 2
57758 1
57867 1
57876 1
57991 2
58184 2
58441 1
58666 1
58883 2
59040 1
59049 1
59124 1
59271 1
59298 1
59416 1
59434 1
59438 1
59440 1
59471 2
59544 1
59604 2
59634 1
59662 1
59673 1
59797 1
59808 1
59922 1
60059 1
60369 1
60533 1
60588 1
60621 1
60655 1
60659 1
60679 1
60690 2
60772 1
60858 1
60869 1
60887 2
60992 2
61077 1
61111 1
61209 1
61217 2
61221 1
61242 3
61416 1
61452 1
61506 1
61512 1
61566 1
61687 2
61688 1
61721 1
61754 1
61899 1
61916 1
61962 2
62110 1
62125 2
62160 1
62225 1
62259 1
62262 1
62330 2
62338 1
62356 1
62365 2
62451 1
62630 2
62649 1
62711 2
62734 3
62798 1
62903 1
62992 1
63053 1
63147 1
63157 1
63167 1
63205 1
63231 1
63260 1
63296 1
63347 1
63475 1
63502 1
63541 1
63555 1
63611 2
63677 2
63743 2
63764 1
63863 1
64018 1
64063 2
64115 2
64209 1
64236 1
64243 1
64325 1
64520 1
64536 1
64698 1
64706 1
64710 1
64735 1
64810 1
64825 1
64899 1
65024 2
65070 1
65072 1
65111 1
65141 1
65214 1
65334 1
65380 1
65446 1
65481 1
65526 1
65593 1
65793 2
65809 1
65818 1
65823 1
65827 1
65890 1
65962 1
65990 1
65997 1
66013 1
66065 3
66210 2
66339 1
66385 1
66441 1
66543 1
66629 3
66637 1
66735 1
66768 1
66774 1
66845 1
66855 1
66861 1
66948 1
66964 1
67008 1
67014 1
67091 1
67094 3
67227 2
67281 1
67434 1
67462 1
67563 1
67650 1
67667 1
67845 1
67847 1
68010 1
68107 1
68110 1
68160 1
68199 2
68233 1
68241 1
68249 1
68274 1
68354 1
68533 1
68714 1
68731 1
68818 1
68920 2
68991 1
69107 1
69170 1
69248 1
69283 1
69292 1
69301 2
69359 1
69492 2
69542 1
69543 1
69671 1
69720 1
69764 1
69879 1
69979 1
69994 1
70118 1
70192 2
70267 1
70300 1
70308 1
70474 1
70501 1
70555 1
70674 1
70701 2
70769 1
70828 1
71003 1
71016 1
71061 1
71179 1
71258 1
71295 1
71343 1
71347 1
71375 2
71379 2
71520 1
71591 1
71678 2
71682 2
71806 1
71831 1
71865 1
71906 1
71966 1
72010 1
72016 2
72018 1
72050 1
72104 1
72117 1
72165 2
72234 1
72365 1
72366 1
72392 1
72530 1
72550 1
72582 1
72639 1
72693 2
72815 2
72842 2
72874 1
72984 1
73387 2
73422 1
73427 1
73522 1
73541 1
73642 4
73658 1
73677 2
73729 2
73867 1
73936 1
74115 1
74152 1
74157 1
74175 1
74231 1
74290 1
74371 1
74386 1
74392 1
74399 1
74406 1
74418 1
74453 2
74543 1
74584 1
74626 1
74666 2
74673 2
74704 1
74720 1
74812 1
74902 2
74932 1
75009 1
75049 1
75159 1
75173 1
75179 3
75275 2
75355 1
75359 1
75420 1
75729 1
75748 1
75977 2
75990 1
75994 1
76062 1
76197 1
76222 1
76252 1
76272 1
76377 1
76420 3
76496 1
76726 1
76879 1
76889 1
76905 2
76944 2
76952 1
76970 1
76986 1
77105 1
77200 1
77277 1
77293 1
77345 1
77412 2
77513 2
77534 2
77541 1
77553 1
77563 1
77697 1
77737 2
77743 1
77848 1
77970 1
77995 1
78018 1
78055 3
78172 2
78210 1
78245 1
78313 1
78318 2
78352 1
78372 1
78391 2
78479 1
78481 1
78565 1
78573 2
78651 1
78850 4
78854 1
78860 1
78906 1
79107 2
79124 3
79144 1
79172 1
79205 1
79232 1
79488 1
79502 1
79595 1
79602 1
79657 1
79943 1
79987 2
80003 1
80009 2
80090 1
80203 3
80215 1
80377 1
80404 1
80409 2
80436 1
80497 1
80607 1
80640 1
80715 1
80915 1
80942 1
80985 1
81010 1
81012 1
81075 1
81110 1
81139 1
81147 1
81194 1
81212 1
81238 3
81355 1
81505 2
81523 1
81549 1
81551 1
81594 2
81728 1
81740 2
81746 1
81844 2
81967 1
82023 1
82059 2
82082 2
82156 2
82187 1
82279 1
82369 1
82410 1
82416 1
82442 1
82487 1
82538 1
82552 1
82642 1
82683 1
82763 1
82820 1
82837 1
82926 1
82968 1
83072 1
83083 1
83098 1
83279 1
83332 1
83335 1
83399 2
83424 1
83437 2
83534 3
83601 1
83661 1
83665 1
83678 1
83722 1
83726 1
83773 2
83904 1
84014 1
84162 1
84382 1
84620 2
84680 1
84711 1
84764 2
84891 1
84901 3
84994 2
85005 1
85088 1
85126 1
85163 1
85207 1
85315 1
85447 1
85489 1
85532 1
85577 1
85590 1
85651 1
85823 1
85828 2
85915 1
85962 1
86064 2
86165 5
86179 2
86252 1
86292 1
86368 1
86410 1
86442 1
86473 1
86563 1
86690 2
86721 1
86726 1
86746 1
86793 1
86846 1
86870 1
86986 2
87069 1
87072 1
87198 1
87199 1
87216 1
87253 1
87264 2
87271 1
87279 1
87316 1
87328 2
87351 1
87406 1
87490 1
87549 1
87568 1
87623 2
87632 1
87661 1
87666 1
87692 1
87733 1
87772 1
87782 1
87817 1
87899 2
88028 1
88046 2
88056 2
88062 1
88148 1
88151 1
88185 2
88191 1
88291 1
88348 1
88630 1
88653 1
88657 1
88691 1
88855 1
88863 2
88942 3
88970 2
88998 2
89119 1
89133 1
89140 1
89171 2
89216 2
89360 1
89390 2
89472 1
89525 2
89619 1
89662 1
89666 3
89693 1
89719 1
89730 1
89850 1
89936 1
90026 1
90042 2
90044 1
90148 1
90164 1
90182 1
90217 1
90232 1
90234 1
90240 1
90377 1
90396 1
90553 1
90598 1
90670 1
90722 3
90904 2
90906 2
91081 1
91182 1
91238 1
91247 1
91285 2
91299 1
91320 2
91433 1
91455 1
91475 1
91633 1
91717 1
91812 1
91847 1
91880 2
91898 1
91908 4
91914 2
91936 1
91974 1
91993 1
92069 1
92136 1
92151 3
92171 1
92193 1
92198 1
92218 1
92248 1
92285 2
92351 1
92365 2
92366 2
92487 2
92554 1
92599 1
92629 1
92634 1
92653 1
92693 1
92702 1
92796 1
92806 1
92854 1
92877 1
92894 1
92916 1
92986 1
92992 2
93015 1
93045 4
93101 1
93181 1
93370 2
93371 6
93374 1
93611 1
93664 1
93680 1
93720 1
93734 1
93739 1
93744 1
93778 1
93845 1
93846 3
93891 1
93988 1
94005 2
94021 3
94054 1
94137 1
94154 1
94169 1
94211 1
94228 1
94229 1
94234 1
94237 1
94241 1
94243 1
94249 1
94252 1
94257 2
94264 1
94275 1
94276 1
94277 1
94283 1
94284 1
94287 1
94292 1
94298 1
94302 1
94309 1
94320 1
94322 1
94326 1
94337 1
94343 1
94346 1
94352 1
94353 1
94360 1
94361 1
94362 1
94373 1
94384 1
94385 1
94386 1
94407 1
94412 1
94413 1
94443 1
94449 2
94450 1
94461 1
94470 1
94490 1
94494 1
94496 1
94499 1
94500 1
94511 1
94520 1
94524 1
94525 1
94526 1
94530 1
94531 1
94539 1
94577 1
94613 1
94614 1
94621 1
94624 1
94631 1
94639 1
94640 1
94641 1
94646 1
94668 1
94678 1
94690 1
94697 1
94699 1
94700 1
94705 1
94714 1
94723 1
94732 2
94737 1
94738 1
94742 1
94749 1
94751 1
94755 2
94761 1
94762 1
94763 1
94769 1
94772 1
94810 2
94813 1
94819 1
94830 1
94843 1
94853 1
94872 1
94877 1
94884 1
94901 1
94902 1
94904 1
94934 1
94941 1
94950 1
94951 1
94955 2
94960 1
94962 1
94964 1
94966 2
94982 1
94985 1
94997 1
95010 1
95014 1
95017 1
95028 1
95029 2
95040 1
95043 1
95048 1
95051 1
95056 1
95061 1
95069 1
95087 1
95088 1
95092 1
95102 1
95107 1
95109 1
95124 1
95126 1
95129 1
95136 1
95161 2
95162 1
95171 1
95176 1
95177 1
95188 1
95194 1
95199 2
95200 1
95203 2
95214 1
95224 1
95226 1
95265 2
95269 1
95272 2
95285 1
95296 1
95297 1
95307 1
95311 1
95314 1
95317 1
95318 1
95320 1
95329 1
95331 1
95368 1
95369 1
95376 2
95378 1
95384 1
95393 1
95394 1
95400 1
95415 1
95416 1
95419 1
95425 1
95428 1
95429 1
95432 2
95439 1
95440 1
95451 2
95465 1
95473 1
95478 1
95488 1
95489 1
95493 1
95498 1
95509 1
95512 7
95521 1
95529 1
95553 1
95587 1
95588 1
95589 1
95593 1
95612 2
95626 1
95627 1
95630 1
95637 1
95638 1
95639 2
95640 1
95641 1
95644 1
95658 1
95670 1
95680 1
95685 1
95689 1
95725 1
95728 1
95740 1
95744 1
95746 1
95751 1
95768 1
95769 1
95780 1
95781 1
95789 2
95805 1
95813 2
95815 1
95822 1
95829 1
95839 1
95842 1
95843 1
95878 1
95880 1
95886 1
95888 1
95902 1
95933 1
95957 1
95959 1
95963 1
95968 1
95975 3
95978 1
95995 1
96002 1
96003 2
96004 1
96007 1
96013 5
96034 1
96051 1
96054 1
96055 1
96058 1
96083 1
96086 1
96107 1
96110 1
96119 2
96121 1
96142 1
96163 1
96165 1
96170 1
96173 1
96175 1
96180 1
96187 1
96191 1
96205 1
96218 1
96226 1
96230 1
96231 1
96237 1
96240 1
96242 1
96243 1
96265 1
96277 1
96292 1
96294 1
96300 1
96305 1
96312 1
96343 1
96344 1
96348 1
96352 1
96355 1
96360 1
96371 1
96374 1
96381 1
96384 1
96387 1
96411 1
96430 1
96431 2
96435 1
96443 4
96448 1
96451 2
96456 1
96461 1
96462 3
96469 2
96474 1
96475 1
96480 1
96485 1
96488 1
96498 1
96511 1
96516 2
96524 1
96525 1
96526 1
96539 1
96542 1
96549 1
96556 1
96557 1
96562 1
96563 1
96580 1
96583 1
96584 1
96585 1
96590 1
96591 1
96610 1
96613 1
96616 1
96621 1
96629 1
96646 1
96663 1
96666 1
96669 1
96682 1
96685 1
96696 2
96707 1
96708 1
96709 1
96723 1
96735 1
96736 1
96737 1
96754 2
96755 1
96757 1
96758 1
96761 1
96766 1
96769 1
96776 1
96784 1
96787 1
96789 1
96796 1
96812 1
96821 1
96831 1
96832 1
96837 1
96842 1
96855 1
96858 1
96869 1
96878 1
96885 2
96886 1
96889 1
96900 1
96909 1
96910 1
96917 1
96922 1
96923 1
96929 2
96936 1
96941 1
96942 2
96950 2
96961 1
96979 1
96984 1
96987 2
96988 1
96989 1
96990 1
97018 1
97020 3
97027 1
97036 1
97039 1
97051 1
97053 1
97058 1
97061 1
97074 1
97075 1
97076 1
97079 1
97086 1
97102 1
97108 1
97144 1
97150 1
97171 1
97172 1
97179 1
97198 1
97205 1
97221 3
97233 1
97236 1
97240 1
97251 1
97252 1
97255 1
97258 1
97261 1
97277 1
97280 1
97283 3
97284 2
97293 2
97312 1
97313 2
97317 1
97327 1
97332 1
97335 2
97342 1
97349 1
97352 1
97353 1
97356 1
97357 1
97365 1
97367 1
97391 1
97393 1
97398 1
97408 3
97412 1
97425 1
97429 1
97445 1
97457 1
97466 1
97467 1
97489 2
97492 1
97495 1
97498 1
97504 1
97513 1
97515 1
97526 1
97528 1
97536 1
97547 1
97548 1
97552 1
97553 1
97554 1
97562 1
97565 1
97576 1
97580 2
97585 1
97592 1
97594 1
97599 1
97600 1
97603 1
97604 1
97609 1
97616 1
97624 1
97626 1
97627 1
97641 1
97643 1
97644 1
97645 1
97660 1
97666 1
97671 1
97676 1
97679 1
97685 1
97686 1
97687 2
97691 1
97702 1
97717 1
97721 1
97726 1
97729 1
97787 1
97788 1
97795 1
97824 1
97844 1
97857 1
97858 1
97859 1
97867 1
97880 2
97886 1
97903 1
97904 1
97910 1
97911 1
97917 1
97929 1
97937 1
97939 1
97948 1
97956 1
97957 1
97958 1
97959 1
97961 1
97966 1
97971 2
97972 1
97973 1
97982 1
97994 1
97995 1
97998 1
98001 1
98006 2
98011 1
98012 1
98014 2
98026 1
98030 4
98043 2
98045 1
98048 1
98065 1
98066 1
98081 1
98085 1
98095 1
98096 2
98120 1
98122 1
98123 2
98126 1
98128 1
98131 1
98132 1
98146 1
98167 1
98172 1
98176 1
98177 1
98183 1
98186 1
98207 1
98210 2
98216 2
98217 1
98219 1
98242 1
98256 1
98257 1
98262 1
98265 1
98269 1
98278 1
98282 1
98318 1
98329 1
98330 1
98352 1
98353 2
98361 1
98366 2
98381 1
98385 1
98386 1
98392 2
98395 1
98406 1
98408 1
98410 1
98426 1
98429 2
98433 1
98450 1
98451 1
98453 1
98470 3
98472 1
98476 2
98483 1
98487 1
98492 1
98497 1
98500 1
98502 1
98504 1
98505 1
98512 2
98515 2
98519 1
98520 1
98524 1
98532 1
98536 1
98541 1
98545 1
98554 2
98560 1
98563 1
98572 1
98573 1
98612 1
98621 1
98624 1
98625 1
98631 1
98638 1
98643 1
98646 1
98675 1
98676 3
98686 2
98692 1
98694 1
98700 1
98719 1
98721 1
98722 1
98731 1
98740 1
98742 1
98749 1
98760 1
98800 1
98808 3
98812 1
98819 1
98827 2
98829 1
98839 1
98848 1
98849 1
98859 1
98881 1
98884 1
98890 1
98899 3
98909 1
98919 1
98924 1
98946 1
98947 1
98949 3
98954 1
98961 1
98973 1
98980 1
98981 1
98987 3
98992 1
98995 2
98999 1
99013 1
99022 1
99027 1
99029 1
99051 1
99064 2
99082 1
99089 1
99101 1
99108 1
99119 1
99128 1
99145 2
99148 1
99151 1
99159 1
99164 1
99165 2
99196 1
99205 1
99210 2
99215 1
99221 1
99223 3
99224 1
99229 2
99230 1
99232 1
99239 1
99240 1
99241 1
99252 2
99258 1
99259 1
99266 1
99267 1
99268 2
99272 1
99275 1
99278 1
99280 1
99300 1
99303 1
99304 1
99307 1
99318 1
99319 1
99320 1
99324 1
99336 1
99338 1
99344 1
99346 1
99350 5
99362 1
99363 4
99368 1
99386 1
99396 2
99401 1
99402 2
99407 1
99427 1
99429 1
99432 1
99437 1
99442 2
99451 1
99458 2
99464 1
99476 1
99481 1
99482 1
99491 1
99493 2
99496 1
99509 1
99520 1
99521 1
99522 1
99543 1
99545 1
99546 1
99547 1
99556 1
99559 1
99565 1
99575 1
99577 1
99578 1
99582 1
99587 1
99604 1
99637 1
99642 1
99644 1
99647 1
99648 1
99651 1
99656 2
99664 2
99665 1
99674 1
99682 1
99686 1
99693 1
99706 1
99711 1
99724 1
99732 1
99740 3
99741 2
99743 1
99754 1
99756 1
99780 2
99789 1
99793 1
99798 1
99802 1
99803 1
99805 1
99808 1
99813 1
99818 2
99832 1
99833 1
99847 1
99854 1
99855 1
99857 1
99858 1
99861 1
99865 1
99879 1
99888 1
99907 1
99908 1
99923 1
99930 1
99931 2
99939 1
99943 1
99946 5
99951 1
99993 1
100003 1
100006 1
100015 1
100016 1
100019 1
100026 1
100029 1
100033 1
100045 1
100046 1
100049 2
100062 1
100063 4
100073 1
100078 1
100079 1
100083 1
100092 1
100096 1
100098 1
100105 1
100107 1
100108 1
100127 1
100136 1
100138 1
100163 1
100164 3
100168 1
100187 1
100214 1
100219 1
100224 2
100227 1
100228 1
100239 1
100242 1
100243 2
100247 1
100254 1
100266 1
100273 1
100296 1
100312 1
100314 1
100315 1
100316 1
100325 1
100326 1
100334 1
100344 1
100377 1
100380 1
100387 1
100389 1
100391 1
100393 1
100395 1
100403 1
100422 1
100423 1
100424 1
100432 1
100435 2
100463 1
100476 2
100490 1
100491 1
100499 1
100502 1
100505 2
100534 1
100537 1
100543 1
100544 1
100550 1
100552 1
100560 1
100566 1
100567 1
100568 1
100572 1
100575 2
100576 1
100597 1
100611 1
100614 2
100631 1
100651 1
100656 1
100661 1
100665 1
100674 3
100675 1
100680 1
100682 2
100685 1
100687 1
100690 1
100694 1
100709 1
100712 1
100716 2
100719 1
100742 1
100747 2
100751 1
100753 3
100770 1
100772 1
100781 1
100785 1
100786 1
100794 1
100819 1
100820 1
100829 1
100842 1
100846 1
100847 1
100850 1
100855 1
100858 1
100863 1
100866 4
100881 1
100890 1
100898 1
100899 1
100900 1
100901 1
100914 1
100915 1
100922 2
100931 1
100941 1
100945 1
100948 1
100957 1
100963 1
100971 1
100987 1
100994 1
101004 1
101028 1
101037 1
101038 1
101046 1
101059 1
101060 1
101067 1
101069 1
101073 5
101074 1
101084 1
101088 1
101094 1
101103 1
101108 1
101113 1
101119 2
101121 2
101129 1
101136 1
101137 2
101146 1
101148 1
101149 1
101152 1
101153 1
101157 1
101172 1
101173 1
101174 1
101178 1
101184 1
101186 1
101188 1
101191 1
101200 1
101215 1
101218 1
101219 1
101222 1
101223 1
101224 1
101233 2
101237 1
101238 1
101242 1
101245 1
101247 1
101253 1
101261 1
101264 2
101265 1
101283 2
101289 1
101290 1
101299 2
101302 1
101303 1
101310 2
101313 1
101316 1
101318 1
101325 1
101337 1
101344 1
101354 1
101364 1
101365 1
101366 1
101379 1
101384 1
101390 1
101393 1
101394 1
101396 1
101397 1
101410 1
101412 1
101422 1
101425 1
101433 1
101438 1
101441 2
101446 1
101449 1
101453 2
101459 2
101466 1
101473 1
101474 1
101483 1
101489 1
101490 1
101497 1
101501 1
101504 1
101506 1
101513 1
101536 1
101541 1
101544 1
101557 1
101570 1
101572 1
101577 1
101588 1
101603 1
101606 1
101613 1
101617 2
101627 1
101628 1
101634 1
101652 1
101655 1
101656 4
101665 1
101672 1
101673 2
101682 1
101685 1
101689 1
101701 1
101702 1
101703 1
101706 2
101707 2
101720 2
101722 1
101723 1
101728 2
101745 1
101754 2
101755 5
101756 1
101757 2
101767 2
101770 1
101771 1
101774 1
101778 1
101796 1
101805 1
101806 1
101809 1
101816 2
101817 1
101821 1
101849 1
101855 1
101858 1
101859 1
101863 2
101869 1
101870 1
101881 1
101882 1
101893 2
101900 1
101901 1
101902 1
101923 1
101924 1
101939 1
101942 1
101946 1
101947 1
101948 1
101951 1
101957 1
101967 1
101978 1
101984 1
101985 1
101986 1
101987 1
101988 1
102011 1
102012 1
102014 2
102017 1
102018 1
102023 1
102025 1
102036 1
102038 1
102041 1
102042 1
102052 1
102078 1
102086 1
102098 1
102102 1
102103 1
102109 1
102110 1
102113 1
102118 2
102120 1
102124 1
102126 1
102128 1
102131 1
102147 1
102150 1
102152 2
102168 1
102172 1
102181 1
102182 1
102186 1
102192 2
102205 1
102208 6
102213 1
102215 1
102228 1
102229 2
102230 1
102238 1
102247 1
102261 1
102264 2
102269 1
102277 1
102286 1
102287 2
102296 1
102298 1
102308 1
102310 2
102313 1
102314 1
102319 1
102324 1
102332 1
102337 1
102348 1
102351 1
102354 1
102361 1
102362 3
102367 2
102374 1
102378 1
102380 1
102393 1
102400 2
102407 2
102409 1
102410 1
102413 1
102414 1
102415 1
102416 1
102430 1
102433 1
102437 1
102442 1
102449 1
102452 1
102453 1
102454 1
102468 1
102473 1
102474 2
102489 1
102498 1
102501 1
102507 1
102508 1
102523 1
102526 1
102530 1
102537 1
102543 1
102544 1
102547 1
102568 1
102571 1
102572 1
102586 1
102593 1
102600 1
102603 1
102604 1
102605 1
102606 2
102610 1
102611 1
102612 1
102616 2
102624 1
102625 1
102626 1
102641 1
102642 1
102651 1
102653 1
102655 1
102656 1
102657 1
102659 1
102660 1
102670 1
102671 1
102676 1
102680 1
102683 1
102686 2
102695 1
102716 1
102719 1
102726 1
102733 1
102739 1
102749 1
102750 1
102760 1
102763 1
102771 1
102774 1
102775 1
102776 1
102790 2
102796 1
102810 1
102812 1
102815 1
102816 1
102817 4
102825 1
102830 1
102831 1
102835 2
102836 1
102839 1
102851 1
102856 1
102859 1
102860 1
102875 2
102894 1
102906 1
102917 1
102935 1
102936 1
102937 1
102946 1
102955 1
102959 1
102965 1
102973 1
102976 1
102979 1
102980 1
102982 1
102993 1
102996 1
103000 1
103007 1
103008 1
103017 1
103018 1
103026 1
103033 2
103034 1
103038 1
103042 1
103066 1
103075 1
103085 2
103091 2
103096 1
103100 1
103104 1
103108 1
103122 1
103126 1
103139 1
103140 1
103143 1
103150 1
103158 1
103161 1
103162 1
103165 1
103175 1
103180 1
103183 1
103199 2
103201 2
103202 1
103211 1
103213 2
103214 1
103215 1
103219 1
103220 1
103221 1
103222 1
103223 1
103226 1
103227 2
103230 1
103234 1
103237 1
103240 1
103242 2
103247 1
103248 1
103252 1
103261 1
103267 1
103272 1
103274 1
103279 1
103280 2
103293 1
103299 1
103301 1
103306 1
103311 1
103316 1
103317 1
103337 1
103340 1
103341 3
103344 1
103349 1
103354 1
103355 1
103360 1
103373 1
103380 1
103381 2
103384 1
103387 1
103397 1
103406 1
103407 1
103408 1
103409 1
103412 1
103413 1
103421 1
103426 1
103428 1
103433 1
103437 1
103440 1
103442 1
103453 1
103454 2
103459 1
103467 1
103470 1
103481 1
103483 4
103484 1
103491 1
103497 1
103499 1
103501 1
103507 1
103514 1
103522 1
103523 1
103533 2
103539 1
103540 1
103545 1
103548 1
103551 1
103553 1
103570 3
103575 1
103582 1
103585 1
103587 1
103589 1
103593 1
103600 1
103602 1
103603 1
103610 1
103615 1
103621 1
103622 2
103624 2
103625 2
103629 1
103645 1
103655 1
103656 2
103657 1
103658 1
103659 1
103660 1
103661 1
103665 1
103668 1
103669 1
103670 2
103674 1
103677 1
103679 2
103684 1
103692 1
103695 1
103699 1
103700 1
103710 3
103711 1
103713 1
103723 1
103726 1
103729 1
103730 1
103741 1
103743 4
103749 1
103751 1
103752 1
103754 1
103762 1
103766 1
103768 1
103769 1
103775 1
103776 1
103781 1
103787 1
103799 1
103801 1
103803 1
103807 2
103808 1
103809 1
103811 1
103817 1
103833 1
103837 1
103839 2
103848 1
103854 1
103855 1
103861 1
103865 2
103866 2
103871 1
103880 1
103888 1
103895 1
103904 1
103906 1
103910 1
103933 1
103934 1
103935 1
103940 1
103946 1
103953 1
103956 1
103961 1
103963 1
103965 1
103967 1
103971 1
103974 1
103975 1
103978 2
103981 1
103983 1
103988 1
103989 1
103992 1
103993 1
104004 1
104008 1
104020 1
104030 1
104031 2
104039 1
104042 1
104047 2
104057 2
104058 1
104060 2
104064 2
104072 1
104074 1
104076 1
104086 1
104087 1
104093 1
104094 1
104105 1
104107 1
104108 1
104112 1
104115 1
104118 1
104119 1
104120 1
104123 1
104127 1
104128 1
104129 1
104132 2
104135 1
104140 1
104143 1
104147 1
104154 1
104164 1
104165 1
104168 2
104182 1
104188 1
104202 1
104204 1
104205 1
104208 1
104217 1
104221 2
104223 1
104228 1
104232 1
104237 1
104241 1
104245 1
104246 1
104248 1
104253 1
104256 1
104264 1
104266 1
104270 2
104271 1
104278 1
104280 1
104281 1
104283 4
104289 1
104293 1
104294 1
104295 1
104298 1
104304 1
104309 1
104315 2
104327 1
104330 1
104331 1
104341 1
104344 1
104351 5
104359 1
104382 1
104384 1
104385 1
104390 1
104396 1
104402 1
104405 6
104422 1
104425 1
104432 1
104434 1
104443 2
104454 2
104461 1
104470 1
104472 1
104480 2
104481 1
104482 1
104483 1
104488 1
104491 1
104495 1
104497 1
104506 1
104507 1
104512 1
104513 1
104517 1
104521 1
104526 2
104534 1
104536 1
104538 1
104559 1
104561 1
104574 1
104580 1
104581 1
104585 1
104590 1
104591 1
104603 1
104612 1
104613 1
104624 1
104625 1
104630 1
104636 1
104642 1
104645 1
104653 1
104661 1
104666 1
104673 1
104675 1
104680 1
104684 1
104687 1
104688 1
104691 1
104694 1
104697 1
104702 1
104711 1
104726 1
104736 1
104739 1
104745 1
104746 1
104757 1
104768 1
104770 1
104780 1
104781 1
104783 1
104785 1
104798 1
104802 1
104809 1
104814 1
104816 1
104818 1
104850 1
104853 1
104857 2
104873 2
104875 1
104876 1
104879 1
104880 1
104897 1
104902 1
104909 1
104919 1
104929 1
104936 1
104953 1
104955 2
104965 1
104967 1
104979 1
104982 1
104983 1
104986 1
104989 1
105001 1
105003 1
105004 1
105026 1
105031 1
105036 2
105037 1
105048 1
105049 1
105050 2
105060 1
105061 1
105065 1
105066 1
105069 1
105072 2
105075 2
105082 1
105089 1
105092 1
105095 1
105097 1
105103 1
105109 1
105125 1
105127 1
105128 1
105129 2
105130 1
105137 1
105139 1
105140 1
105155 1
105156 1
105166 1
105177 1
105185 1
105201 1
105204 1
105206 2
105213 1
105221 1
105222 1
105226 2
105231 1
105232 1
105233 1
105234 1
105236 1
105237 1
105238 1
105240 1
105243 1
105255 1
105259 1
105263 1
105265 1
105267 1
105268 1
105274 1
105275 1
105276 1
105280 1
105284 1
105294 1
105301 1
105303 1
105306 1
105310 1
105316 1
105331 1
105337 1
105339 1
105346 1
105353 1
105355 1
105359 1
105364 1
105365 1
105372 1
105375 1
105387 1
105395 1
105396 1
105401 1
105409 1
105410 2
105419 1
105421 1
105432 2
105433 1
105435 1
105437 1
105447 1
105451 1
105454 4
105455 1
105458 1
105459 1
105460 1
105461 1
105463 1
105465 3
105471 1
105481 1
105482 1
105489 1
105495 10
105500 1
105505 1
105507 1
105508 1
105517 2
105521 1
105528 1
105533 1
105538 1
105543 1
105554 1
105556 1
105557 1
105583 1
105591 1
105600 1
105606 2
105615 1
105620 1
105621 1
105627 2
105633 1
105640 1
105643 1
105646 1
105649 1
105651 2
105655 1
105672 1
105675 1
105683 1
105684 1
105685 1
105686 1
105690 1
105691 1
105700 1
105703 1
105729 2
105740 1
105743 1
105748 1
105749 1
105754 1
105770 1
105783 1
105787 1
105788 1
105798 1
105802 1
105805 1
105823 1
105824 1
105825 1
105829 1
105830 1
105832 1
105855 1
105858 3
105860 1
105861 1
105868 1
105870 1
105871 1
105873 1
105874 3
105880 2
105892 1
105893 1
105895 1
105898 1
105911 1
105918 1
105921 1
105924 1
105936 1
105937 1
105945 1
105946 1
105948 1
105952 1
105975 1
105981 3
105982 1
105992 1
105997 1
106002 1
106003 1
106005 1
106014 1
106015 1
106016 1
106021 1
106022 2
106035 1
106038 1
106045 1
106048 1
106054 1
106064 1
106065 1
106069 1
106072 1
106073 1
106082 1
106090 1
106091 1
106096 1
106105 1
106116 1
106118 1
106123 1
106124 1
106127 1
106130 1
106135 1
106138 1
106139 2
106141 1
106142 3
106144 2
106145 1
106147 1
106148 1
106152 1
106154 1
106170 2
106179 1
106180 1
106182 1
106184 1
106188 1
106189 1
106194 1
106195 1
106200 1
106211 1
106219 1
106230 1
106231 1
106235 2
106238 1
106239 1
106240 1
106246 1
106252 1
106258 1
106263 1
106273 1
106278 1
106280 1
106288 1
106289 1
106290 1
106297 2
106304 1
106310 2
106327 1
106350 1
106351 1
106352 1
106353 1
106354 1
106370 1
106376 1
106378 1
106381 1
106389 1
106408 1
106413 1
106422 1
106430 1
106432 1
106439 1
106456 1
106473 2
106474 1
106478 1
106495 2
106508 1
106513 1
106525 1
106528 1
106533 1
106534 1
106543 1
106544 1
106552 1
106560 1
106567 1
106568 4
106579 1
106587 1
106598 1
106603 1
106608 1
106624 1
106625 1
106634 1
106640 1
106649 1
106651 1
106654 1
106655 1
106666 1
106671 1
106673 1
106679 1
106680 1
106681 1
106688 1
106696 1
106701 1
106710 1
106713 1
106718 1
106723 1
106724 1
106730 1
106731 1
106737 1
106741 1
106746 1
106749 1
106752 1
106761 1
106762 1
106763 1
106772 1
106775 2
106793 1
106804 1
106805 2
106808 1
106816 1
106819 1
106820 1
106832 1
106836 1
106848 1
106855 1
106858 1
106862 1
106871 1
106877 1
106882 1
106892 1
106896 1
106898 1
106915 1
106920 1
106930 1
106933 1
106938 1
106940 1
106945 3
106951 1
106952 1
106955 1
106958 1
106959 1
106964 1
106969 1
106979 1
106985 1
106995 1
106996 1
106999 1
107001 1
107007 1
107008 1
107018 1
107023 1
107037 2
107039 1
107040 1
107042 1
107045 2
107046 1
107051 1
107054 1
107067 1
107068 1
107071 1
107074 1
107076 3
107084 1
107088 1
107091 1
107094 1
107097 1
107102 1
107103 1
107110 2
107111 1
107121 1
107124 1
107137 1
107144 1
107149 1
107157 1
107162 1
107168 1
107172 1
107182 1
107184 1
107186 1
107193 1
107201 1
107204 1
107206 1
107208 1
107209 1
107212 1
107223 2
107231 1
107245 1
107253 1
107256 1
107258 1
107262 1
107271 1
107276 1
107282 1
107283 1
107287 1
107288 1
107293 1
107297 2
107299 3
107300 1
107303 1
107304 1
107309 1
107327 1
107328 2
107336 1
107345 1
107347 1
107370 1
107371 1
107376 3
107378 1
107379 1
107388 1
107398 1
107404 1
107411 1
107422 1
107425 1
107440 1
107452 1
107456 1
107459 1
107463 1
107464 2
107465 1
107470 1
107471 1
107472 1
107473 1
107479 1
107481 1
107503 1
107509 1
107514 1
107519 1
107524 1
107527 1
107530 1
107531 2
107534 1
107536 1
107537 1
107541 1
107550 1
107556 4
107558 2
107571 1
107578 1
107579 2
107582 1
107583 2
107584 1
107610 1
107617 1
107618 1
107619 1
107627 1
107628 1
107635 1
107651 2
107653 1
107654 1
107655 2
107659 1
107661 1
107668 1
107673 1
107674 1
107698 2
107701 1
107702 1
107703 1
107710 1
107720 1
107723 2
107729 1
107734 1
107738 1
107741 1
107746 1
107750 1
107755 1
107759 1
107771 1
107772 1
107790 1
107798 1
107807 1
107808 1
107813 1
107816 2
107821 1
107830 1
107834 1
107842 1
107847 1
107848 1
107853 1
107856 1
107858 1
107859 1
107862 1
107869 1
107882 1
107891 2
107894 1
107896 1
107899 1
107903 1
107904 1
107905 1
107913 1
107915 1
107916 1
107919 1
107931 1
107933 2
107939 1
107942 1
107948 1
107965 1
107970 1
107976 1
107983 1
107993 1
108001 1
108013 1
108018 1
108019 1
108020 2
108027 1
108040 1
108048 1
108049 1
108051 1
108062 1
108063 1
108066 1
108074 2
108077 1
108092 1
108098 1
108105 1
108108 2
108111 2
108112 2
108121 1
108123 2
108126 1
108127 1
108143 1
108150 1
108156 1
108159 1
108160 1
108169 1
108187 1
108188 2
108192 1
108204 1
108210 1
108216 1
108222 1
108223 1
108224 1
108225 1
108227 1
108230 1
108235 1
108236 1
108238 1
108239 1
108243 1
108248 1
108249 1
108254 1
108263 1
108266 1
108269 1
108270 1
108271 1
108280 1
108283 1
108293 1
108298 1
108320 1
108326 1
108327 1
108330 1
108334 1
108336 1
108348 1
108349 1
108362 2
108370 1
108371 1
108389 1
108391 1
108392 1
108394 1
108395 1
108400 1
108401 1
108407 1
108412 1
108420 1
108425 1
108426 1
108430 2
108440 1
108448 1
108452 1
108453 1
108455 1
108458 1
108466 1
108479 1
108499 1
108506 1
108511 1
108520 1
108522 2
108527 1
108530 1
108536 1
108540 1
108544 1
108552 1
108554 1
108561 1
108563 2
108564 2
108565 1
108571 1
108574 1
108579 1
108580 1
108581 1
108583 3
108595 1
108596 1
108597 1
108598 1
108599 2
108600 1
108609 1
108612 1
108613 1
108615 1
108616 3
108626 1
108636 1
108642 1
108649 1
108650 1
108659 1
108663 2
108664 1
108683 1
108687 1
108694 1
108699 1
108700 1
108703 1
108704 1
108706 1
108707 1
108709 1
108711 1
108719 1
108721 2
108727 1
108728 1
108729 1
108742 1
108750 1
108751 1
108760 1
108764 2
108770 1
108774 1
108777 1
108778 1
108779 1
108801 1
108802 3
108807 1
108822 2
108832 1
108833 2
108836 1
108838 1
108841 1
108846 1
108864 1
108865 1
108870 1
108877 1
108885 1
108887 1
108906 1
108907 1
108910 1
108916 1
108919 1
108921 1
108925 1
108926 1
108929 1
108932 1
108933 1
108935 1
108936 1
108945 1
108948 1
108952 1
108955 1
108958 1
108979 1
108983 1
108994 1
108998 1
109000 1
109002 1
109004 1
109007 1
109008 1
109014 1
109015 1
109017 1
109021 1
109023 1
109045 2
109047 1
109050 1
109055 1
109060 2
109066 1
109078 1
109080 1
109085 1
109089 1
109094 1
109098 1
109105 1
109107 1
109114 1
109116 1
109122 1
109126 1
109130 1
109132 1
109135 2
109141 1
109153 1
109155 1
109164 1
109170 1
109173 1
109178 2
109182 1
109192 1
109195 1
109201 2
109205 1
109208 1
109213 2
109216 1
109219 1
109229 1
109230 1
109231 1
109232 1
109233 1
109236 1
109251 1
109253 1
109258 1
109260 1
109265 1
109276 1
109278 1
109281 1
109288 3
109290 1
109294 1
109296 1
109300 1
109322 2
109328 2
109334 1
109345 1
109364 1
109367 1
109373 1
109374 1
109377 1
109384 1
109386 1
109388 1
109390 1
109395 1
109397 1
109402 1
109406 1
109408 1
109409 1
109411 1
109412 1
109414 1
109416 1
109417 1
109424 1
109430 1
109440 1
109442 1
109444 1
109448 1
109458 1
109460 1
109464 1
109467 1
109476 1
109479 1
109482 1
109483 1
109486 1
109488 1
109492 1
109495 1
109498 1
109501 1
109502 1
109503 1
109507 1
109510 1
109512 1
109515 1
109528 2
109532 1
109533 1
109537 1
109539 1
109549 1
109553 1
109565 1
109567 1
109573 1
109582 1
109586 1
109603 1
109608 1
109610 1
109611 1
109612 1
109614 1
109615 2
109624 1
109631 1
109632 1
109643 1
109644 1
109645 2
109649 1
109652 1
109653 1
109654 1
109655 1
109656 1
109657 1
109660 1
109661 1
109665 1
109678 1
109682 2
109694 1
109704 1
109705 1
109714 1
109715 1
109716 1
109719 1
109725 1
109729 2
109737 1
109740 1
109743 1
109746 1
109764 1
109771 1
109776 1
109778 1
109784 1
109803 1
109804 2
109812 1
109827 3
109838 1
109840 2
109844 1
109847 1
109849 1
109852 1
109861 1
109862 1
109863 1
109866 1
109881 1
109889 1
109892 1
109895 1
109901 1
109907 1
109917 1
109918 1
109919 1
109921 1
109926 1
109928 1
109930 1
109931 1
109933 1
109939 1
109950 1
109953 1
109955 1
109958 1
109960 1
109961 1
109968 1
109978 1
109981 1
109984 1
109991 1
109993 1
109995 1
110000 1
110004 1
110006 1
110008 1
110014 1
110016 1
110021 1
110026 1
110029 1
110030 1
110040 1
110046 1
110047 1
110050 1
110052 1
110061 1
110068 1
110073 1
110074 1
110077 1
110083 1
110084 1
110085 1
110088 1
110090 1
110093 1
110096 1
110097 1
110098 1
110099 1
110104 1
110107 1
110108 1
110109 1
110111 1
110112 1
110120 1
110122 1
110124 1
110129 1
110132 1
110133 1
110138 1
110139 1
110140 1
110142 1
110143 1
110150 1
110153 1
110159 1
110167 1
110171 1
110174 1
110175 1
110178 1
110181 1
110192 1
110200 1
110203 1
110206 1
110207 4
110208 2
110210 1
110211 1
110212 1
110213 1
110215 1
110217 1
110225 1
110229 1
110243 1
110249 1
110250 1
110251 1
110253 1
110257 1
110263 2
110268 3
110269 1
110276 1
110279 2
110280 1
110286 1
110287 1
110293 1
110298 1
110303 1
110313 1
110318 1
110322 1
110325 1
110327 1
110331 2
110332 1
110334 1
110344 1
110345 1
110354 1
110355 1
110360 1
110362 2
110365 1
110378 1
110379 1
110383 1
110386 1
110393 1
110400 1
110407 1
110416 1
110417 2
110424 1
110426 1
110429 1
110430 1
110445 1
110446 3
110456 1
110457 1
110462 1
110467 2
110471 2
110473 1
110479 1
110486 1
110490 1
110492 1
110496 1
110501 1
110508 1
110511 1
110513 1
110516 3
110522 1
110524 1
110527 3
110529 1
110532 1
110533 1
110535 1
110539 2
110541 1
110546 1
110555 1
110557 1
110563 1
110565 1
110568 1
110571 1
110573 1
110587 1
110588 1
110592 1
110594 1
110596 1
110598 1
110603 1
110608 1
110610 1
110611 1
110613 1
110614 1
110615 1
110622 1
110623 1
110626 1
110630 1
110636 1
110637 1
110654 1
110657 1
110658 1
110671 1
110675 1
110679 1
110681 1
110683 1
110685 1
110687 1
110690 1
110697 1
110698 1
110706 1
110719 1
110722 1
110728 1
110730 1
110731 1
110737 1
110738 1
110740 1
110749 1
110754 1
110755 1
110756 1
110766 1
110772 1
110775 1
110777 1
110779 1
110780 1
110784 1
110790 1
110793 1
110795 1
110800 1
110807 2
110809 1
110812 1
110814 3
110816 1
110817 1
110824 1
110827 1
110831 1
110832 1
110853 1
110857 1
110863 1
110864 1
110865 3
110874 1
110880 1
110886 1
110892 1
110906 1
110909 1
110910 1
110915 1
110918 1
110922 1
110934 1
110935 1
110937 1
110939 1
110942 1
110944 1
110947 1
110948 1
110949 1
110950 1
110954 1
110966 1
110967 1
110971 1
110972 1
110975 1
110988 2
110997 1
111001 1
111002 1
111006 1
111021 1
111024 1
111029 1
111036 1
111037 1
111041 1
111042 1
111044 1
111045 1
111046 1
111051 2
111054 1
111068 1
111069 1
111075 1
111080 1
111089 1
111096 1
111097 1
111099 1
111102 1
111106 1
111107 1
111109 1
111110 1
111111 2
111113 1
111114 1
111117 1
111127 1
111139 1
111142 1
111149 1
111157 1
111160 1
111161 2
111162 1
111165 1
111167 1
111173 1
111174 1
111176 1
111177 1
111180 1
111193 1
111194 1
111198 1
111207 1
111209 1
111221 1
111222 1
111224 1
111238 1
111239 1
111242 1
111249 1
111251 1
111255 1
111262 1
111265 1
111267 1
111270 1
111278 1
111279 2
111280 1
111288 1
111290 1
111291 1
111294 1
111296 1
111301 1
111308 3
111311 1
111324 1
111326 1
111337 1
111338 1
111346 1
111347 1
111349 1
111350 1
111353 1
111361 1
111365 1
111366 1
111370 1
111379 1
111380 1
111387 1
111403 1
111409 1
111416 1
111417 1
111440 1
111459 1
111461 1
111470 2
111471 1
111473 1
111476 1
111484 1
111485 1
111490 1
111494 1
111513 1
111517 1
111523 1
111526 1
111527 1
111533 1
111534 1
111537 1
111548 1
111550 1
111556 1
111564 1
111569 1
111574 1
111577 1
111584 1
111587 2
111589 1
111590 1
111591 1
111594 1
111595 1
111596 1
111601 1
111603 1
111606 1
111609 1
111611 2
111612 1
111620 1
111621 1
111622 1
111627 2
111630 1
111635 1
111645 1
111646 1
111647 1
111652 1
111656 1
111658 1
111661 1
111667 1
111671 1
111673 1
111674 1
111678 1
111685 1
111686 1
111687 1
111693 1
111694 1
111695 2
111696 1
111697 1
111706 1
111713 1
111717 1
111720 1
111726 1
111731 1
111733 1
111736 1
111743 1
111747 1
111750 1
111760 1
111773 1
111775 1
111780 1
111784 3
111793 1
111794 1
111799 1
111802 1
111808 1
111810 1
111811 1
111818 1
111833 1
111839 1
111842 1
111846 1
111857 1
111869 1
111878 1
111889 1
111891 1
111899 1
111902 1
111904 1
111917 1
111931 1
111935 1
111949 1
111951 1
111952 1
111955 1
111958 1
111963 1
111974 1
111978 1
111979 1
111984 1
111989 2
112002 2
112003 1
112006 1
112016 1
112022 1
112026 1
112030 1
112035 3
112037 2
112041 1
112045 1
112048 1
112054 1
112057 1
112060 1
112065 1
112067 1
112068 1
112069 1
112071 1
112089 1
112108 1
112110 2
112113 1
112115 1
112118 1
112122 1
112124 1
112126 1
112134 1
112135 1
112141 1
112145 1
112152 1
112163 1
112171 1
112179 1
112184 1
112187 1
112189 1
112190 1
112191 1
112205 1
112207 1
112213 1
112217 1
112223 1
112227 1
112230 1
112245 1
112256 1
112261 1
112265 1
112279 1
112282 1
112283 1
112286 1
112288 1
112289 1
112296 1
112301 5
112305 1
112306 1
112310 1
112316 1
112318 1
112319 1
112321 1
112325 1
112326 1
112333 1
112337 1
112341 1
112345 1
112358 1
112370 2
112371 1
112373 1
112378 1
112385 1
112394 1
112399 1
112401 1
112414 1
112421 1
112424 1
112425 1
112426 1
112430 1
112433 1
112445 1
112448 1
112449 1
112457 1
112462 1
112463 1
112471 1
112474 1
112475 1
112477 1
112480 1
112483 1
112493 1
112494 1
112495 1
112496 1
112501 1
112507 1
112517 3
112520 1
112525 1
112530 1
112531 1
112541 1
112547 1
112548 1
112552 1
112556 1
112559 1
112566 1
112569 1
112576 1
112579 1
112596 1
112602 1
112603 1
112604 1
112605 2
112607 1
112609 1
112615 1
112616 1
112617 1
112618 1
112630 1
112632 1
112635 1
112636 1
112637 1
112641 2
112653 1
112657 1
112658 1
112659 1
112666 1
112669 1
112670 1
112683 1
112686 1
112687 1
112693 1
112696 1
112702 1
112707 1
112710 1
112716 1
112723 1
112724 1
112727 2
112743 3
112746 1
112750 1
112752 1
112757 1
112759 1
112760 2
112762 1
112767 1
112780 1
112786 1
112796 2
112799 1
112803 1
112810 1
112813 1
112820 1
112822 1
112823 2
112824 1
112829 1
112836 1
112837 1
112839 1
112841 1
112842 1
112847 1
112866 1
112869 1
112877 1
112883 1
112887 1
112888 1
112891 1
112900 1
112903 1
112905 1
112909 1
112910 2
112912 1
112915 1
112918 1
112921 1
112922 1
112925 1
112927 1
112933 1
112934 1
112939 1
112949 1
112953 1
112956 12
112961 1
112969 1
112973 1
112978 1
112979 1
112984 1
112987 2
112990 1
112991 1
112996 1
112997 1
112999 1
113002 2
113006 4
113026 1
113029 1
113034 1
113036 1
113037 1
113040 1
113043 1
113049 1
113055 1
113056 1
113058 1
113065 1
113066 1
113070 1
113078 1
113085 1
113086 1
113088 1
113089 1
113090 1
113091 1
113096 1
113097 1
113106 1
113112 1
113116 1
113127 2
113133 1
113135 1
113136 3
113137 1
113138 1
113148 1
113159 1
113164 1
113170 1
113171 1
113187 1
113191 1
113192 1
113194 1
113196 1
113199 1
113203 1
113209 1
113213 1
113232 1
113235 1
113240 1
113241 1
113250 1
113251 1
113254 1
113269 1
113283 1
113284 1
113289 1
113291 1
113295 1
113305 1
113316 1
113319 1
113330 1
113331 1
113334 2
113336 1
113342 12
113351 1
113355 1
113358 1
113360 1
113368 2
113371 1
113374 1
113386 1
113387 1
113394 1
113396 1
113397 1
113402 1
113404 2
113410 1
113411 1
113418 1
113431 1
113432 1
113435 1
113440 1
113456 1
113458 1
113459 1
113460 1
113461 1
113467 1
113471 1
113474 1
113485 1
113490 1
113491 1
113497 1
113502 1
113503 2
113507 1
113509 1
113525 1
113538 1
113540 1
113548 1
113554 1
113559 1
113570 2
113572 1
113576 3
113580 1
113594 2
113595 1
113627 1
113637 1
113655 1
113668 1
113673 1
113680 1
113681 1
113687 1
113689 2
113690 1
113692 1
113695 1
113701 1
113706 1
113710 3
113712 1
113716 1
113720 1
113721 1
113723 1
113725 1
113732 1
113735 1
113742 1
113750 1
113754 1
113772 1
113777 1
113785 1
113798 1
113799 1
113802 1
113818 1
113829 1
113834 1
113837 1
113844 2
113846 1
113851 1
113855 1
113856 1
113857 1
113859 1
113868 1
113869 2
113870 1
113877 1
113880 1
113895 1
113898 1
113900 1
113901 3
113904 1
113906 1
113908 1
113911 1
113918 1
113936 1
113937 1
113942 3
113945 1
113951 1
113953 1
113954 1
113959 1
113960 3
113974 1
113986 1
113987 1
113988 1
113989 1
113991 1
113992 1
113994 1
113995 1
113996 1
113997 1
113998 1
113999 1
114001 1
114012 1
114013 1
114018 1
114021 1
114040 1
114041 1
114044 10
114052 1
114057 1
114059 1
114062 1
114065 1
114071 1
114072 1
114073 1
114075 1
114076 1
114091 1
114096 1
114101 1
114110 1
114117 1
114118 1
114125 1
114129 1
114130 1
114131 1
114137 1
114148 1
114151 1
114157 1
114158 1
114166 1
114169 2
114170 1
114194 1
114202 1
114206 1
114221 1
114234 1
114236 1
114242 2
114245 1
114254 1
114258 1
114261 1
114272 1
114277 1
114284 1
114285 1
114295 1
114300 1
114301 1
114302 1
114308 1
114317 1
114329 1
114330 1
114344 1
114354 1
114366 1
114371 1
114377 1
114380 1
114383 1
114386 1
114387 1
114390 1
114394 1
114395 1
114398 1
114406 1
114407 1
114408 1
114414 1
114419 1
114420 1
114422 1
114430 1
114432 1
114441 1
114442 1
114446 1
114448 1
114453 1
114458 1
114463 1
114464 1
114469 1
114473 5
114475 1
114476 2
114481 1
114484 1
114489 1
114490 1
114491 2
114496 1
114498 1
114508 1
114513 1
114516 1
114519 1
114523 1
114527 1
114530 1
114531 1
114533 1
114535 1
114543 1
114551 1
114555 1
114558 1
114560 1
114568 1
114570 1
114574 1
114575 1
114576 1
114578 1
114583 1
114590 1
114593 2
114594 1
114597 1
114598 1
114599 1
114607 2
114609 1
114613 1
114616 1
114618 1
114624 1
114626 1
114628 1
114631 1
114633 1
114644 1
114645 1
114648 1
114650 1
114653 1
114655 1
114662 1
114663 1
114666 1
114668 1
114670 1
114674 1
114676 1
114678 1
114679 1
114703 1
114707 1
114710 1
114718 1
114719 1
114721 1
114723 1
114725 2
114727 1
114731 1
114735 1
114742 1
114746 1
114751 1
114766 1
114767 2
114769 2
114776 2
114782 1
114787 1
114791 2
114796 1
114804 1
114819 1
114825 1
114832 1
114836 1
114840 1
114842 1
114848 1
114851 1
114852 1
114858 1
114860 1
114864 1
114867 1
114876 1
114879 1
114883 1
114894 1
114895 1
114896 1
114900 1
114901 1
114904 1
114908 1
114909 1
114916 1
114919 1
114922 1
114925 1
114937 1
114945 1
114947 1
114960 1
114967 2
114979 2
114981 1
114986 1
114988 1
114992 1
114997 1
115003 1
115005 1
115014 2
115018 1
115022 1
115023 1
115025 1
115026 1
115027 3
115029 1
115030 1
115031 1
115034 1
115038 1
115044 1
115048 1
115059 1
115062 1
115063 1
115066 1
115067 1
115073 1
115074 1
115084 1
115088 1
115089 1
115096 1
115103 1
115120 1
115126 1
115131 1
115136 1
115142 1
115161 1
115170 1
115172 1
115177 1
115181 1
115185 1
115193 1
115202 1
115214 1
115227 1
115228 1
115229 1
115231 1
115232 1
115236 2
115237 1
115238 1
115246 2
115264 1
115268 1
115273 1
115279 2
115294 2
115297 1
115301 1
115303 1
115305 1
115308 1
115312 1
115317 1
115320 1
115326 1
115336 1
115337 1
115338 2
115343 1
115348 1
115350 1
115355 1
115357 1
115362 1
115365 1
115367 1
115369 1
115378 1
115384 1
115385 1
115387 1
115390 1
115392 1
115394 1
115400 1
115401 1
115405 1
115411 1
115413 1
115416 1
115417 1
115422 1
115423 1
115428 1
115434 1
115440 1
115441 1
115443 1
115445 1
115448 1
115449 1
115450 1
115458 1
115461 1
115462 1
115469 1
115470 1
115471 1
115473 1
115474 1
115477 1
115482 1
115485 1
115487 1
115489 2
115498 1
115505 5
115515 1
115518 1
115534 1
115544 1
115548 1
115549 1
115561 2
115568 1
115572 1
115587 1
115599 1
115603 1
115617 1
115624 1
115630 1
115637 1
115649 1
115651 1
115653 1
115659 1
115665 1
115670 1
115674 1
115680 1
115685 1
115686 1
115690 1
115692 1
115694 1
115698 1
115702 1
115704 1
115706 1
115707 1
115709 1
115712 1
115714 1
115716 1
115719 1
115723 1
115729 1
115730 1
115731 3
115732 1
115734 1
115738 1
115749 1
115760 1
115764 1
115768 1
115771 1
115781 1
115785 1
115787 1
115799 1
115801 1
115812 1
115813 1
115814 1
115815 1
115825 1
115830 1
115840 1
115844 1
115846 1
115847 4
115848 1
115854 1
115856 1
115857 1
115863 1
115865 1
115872 1
115873 2
115875 1
115876 1
115881 1
115884 1
115887 1
115892 1
115901 1
115906 1
115911 1
115928 1
115929 1
115933 1
115935 1
115937 1
115940 1
115945 1
115958 1
115961 1
115964 1
115971 1
115973 1
115976 1
115982 1
115985 1
115987 1
115991 1
115997 1
116001 1
116006 1
116007 1
116011 1
116013 1
116018 1
116027 1
116031 1
116033 1
116034 1
116044 1
116051 1
116056 1
116058 1
116070 1
116081 1
116088 1
116090 1
116099 1
116103 1
116112 1
116113 1
116115 1
116117 1
116130 1
116132 1
116138 1
116144 1
116148 1
116157 1
116161 1
116164 1
116174 1
116177 1
116182 1
116190 1
116192 1
116201 1
116214 1
116221 1
116222 1
116227 1
116228 1
116241 1
116244 1
116245 1
116248 1
116250 1
116252 1
116255 1
116258 1
116263 1
116264 1
116266 1
116270 1
116277 1
116279 1
116280 1
116283 1
116285 1
116289 1
116291 1
116295 1
116298 1
116299 1
116300 1
116302 1
116305 1
116308 1
116310 1
116313 1
116317 1
116319 1
116321 1
116329 1
116332 3
116336 1
116342 1
116343 4
116345 1
116350 1
116351 1
116352 1
116358 1
116364 2
116365 1
116366 1
116369 1
116372 1
116375 1
116380 1
116384 1
116389 1
116391 1
116400 1
116401 1
116405 2
116407 1
116411 1
116415 1
116421 1
116430 1
116433 1
116434 1
116439 1
116441 1
116445 1
116447 1
116448 1
116457 1
116462 1
116463 1
116472 2
116475 1
116476 1
116480 1
116486 1
116495 1
116501 1
116504 1
116516 1
116521 2
116522 1
116524 1
116527 1
116535 1
116542 1
116544 1
116554 1
116576 1
116577 1
116578 1
116581 1
116583 1
116585 1
116589 2
116590 1
116591 1
116609 1
116612 1
116614 1
116616 1
116619 1
116625 1
116630 1
116650 2
116652 1
116661 1
116664 1
116672 1
116675 1
116676 1
116689 1
116691 1
116704 4
116705 2
116711 1
116712 1
116716 1
116717 1
116718 1
116733 1
116740 1
116750 1
116757 1
116769 1
116772 1
116777 2
116782 1
116788 1
116790 2
116792 1
116793 1
116803 1
116813 1
116816 1
116828 4
116834 1
116839 1
116846 1
116852 1
116853 1
116861 1
116863 1
116873 1
116876 1
116882 1
116884 1
116885 1
116896 1
116897 1
116914 1
116917 1
116929 1
116934 1
116938 1
116939 1
116940 1
116941 1
116959 1
116970 1
116976 1
116978 1
116984 1
116988 1
116992 1
116994 1
116998 1
117004 1
117006 1
117009 1
117016 1
117026 1
117027 1
117029 1
117032 1
117035 1
117036 1
117037 2
117048 1
117053 1
117054 1
117057 1
117064 1
117092 1
117093 1
117101 1
117106 1
117109 1
117112 1
117113 3
117118 1
117120 1
117128 1
117136 1
117142 1
117144 1
117145 1
117146 1
117147 1
117154 1
117156 2
117159 1
117177 1
117180 1
117181 1
117185 1
117189 1
117190 1
117198 1
117199 1
117204 1
117207 2
117208 1
117210 1
117212 1
117214 1
117218 2
117224 1
117225 1
117226 1
117228 1
117237 1
117241 1
117242 2
117245 1
117250 1
117253 1
117255 1
117263 1
117264 1
117268 1
117281 1
117286 1
117292 1
117294 1
117297 1
117300 1
117306 2
117322 1
117329 1
117338 2
117343 1
117352 1
117356 2
117357 1
117393 1
117401 1
117413 1
117418 1
117420 2
117424 2
117425 1
117434 1
117437 2
117438 1
117442 1
117443 1
117451 1
117461 1
117462 1
117466 1
117471 1
117474 1
117476 1
117480 2
117483 1
117484 1
117485 1
117505 1
117506 1
117524 1
117528 1
117531 1
117533 2
117537 1
117539 2
117542 1
117548 1
117550 1
117551 1
117554 1
117555 1
117556 1
117559 1
117563 1
117586 1
117587 1
117595 1
117600 1
117612 1
117615 1
117623 1
117630 1
117636 1
117638 1
117640 1
117643 1
117647 1
117649 1
117650 1
117656 1
117657 1
117659 1
117662 1
117663 1
117665 1
117666 1
117671 1
117674 1
117682 1
117683 2
117684 1
117688 1
117693 1
117696 1
117700 1
117702 3
117703 1
117705 1
117711 1
117713 1
117715 1
117716 1
117722 1
117725 1
117726 2
117735 1
117746 1
117754 1
117757 1
117760 2
117762 1
117774 1
117778 1
117781 2
117791 1
117793 1
117805 1
117806 1
117812 1
117820 1
117821 1
117830 2
117834 1
117840 1
117856 1
117863 1
117865 1
117867 1
117870 1
117874 1
117875 1
117892 1
117893 2
117907 1
117910 1
117911 1
117915 1
117916 1
117921 1
117922 1
117934 1
117941 1
117949 1
117951 1
117952 1
117953 1
117964 1
117965 1
117967 1
117969 1
117970 2
117975 2
117980 1
117986 1
117988 1
117996 1
117999 1
118002 1
118005 1
118007 1
118010 1
118011 1
118019 1
118024 1
118028 1
118034 1
118037 1
118040 1
118042 1
118044 1
118045 1
118046 1
118054 1
118059 1
118061 1
118064 1
118067 1
118076 1
118078 1
118081 1
118082 1
118086 1
118095 1
118105 1
118111 1
118112 1
118114 1
118119 2
118120 1
118122 1
118127 1
118128 1
118131 1
118134 1
118137 3
118141 1
118143 1
118147 1
118157 1
118160 1
118161 1
118166 1
118175 1
118177 1
118178 1
118182 1
118189 1
118192 1
118202 1
118214 1
118216 2
118239 1
118242 1
118243 1
118244 2
118245 1
118253 1
118256 1
118267 1
118276 1
118278 1
118280 1
118284 1
118285 1
118290 1
118292 1
118298 1
118309 2
118311 1
118317 1
118318 2
118319 1
118320 1
118322 1
118327 1
118329 1
118332 1
118359 1
118364 1
118379 1
118403 3
118407 1
118411 1
118412 1
118417 1
118422 1
118426 1
118428 1
118445 1
118451 1
118455 1
118457 2
118458 1
118459 1
118466 2
118475 1
118477 1
118484 1
118486 1
118494 1
118502 1
118505 1
118509 1
118519 1
118532 1
118533 1
118536 1
118539 1
118547 1
118548 2
118575 1
118577 1
118585 1
118588 1
118595 1
118596 1
118608 1
118617 1
118647 1
118655 2
118667 1
118669 1
118671 1
118675 1
118681 1
118686 1
118687 1
118689 1
118695 1
118697 1
118705 1
118707 1
118709 1
118710 1
118721 1
118725 1
118728 1
118729 1
118731 1
118737 3
118741 1
118747 1
118755 1
118757 1
118762 1
118764 1
118765 1
118771 1
118772 1
118778 1
118806 1
118809 1
118812 1
118816 1
118820 1
118823 1
118824 1
118831 1
118843 1
118851 1
118855 1
118867 1
118871 1
118874 1
118897 1
118900 1
118903 1
118904 1
118909 1
118912 1
118929 1
118945 1
118954 1
118961 1
118964 1
118970 1
118979 1
118980 1
119003 1
119006 1
119014 2
119026 1
119029 1
119031 1
119033 1
119042 1
119050 1
119051 1
119059 1
119060 1
119061 1
119063 1
119068 1
119073 1
119086 2
119091 1
119106 1
119110 1
119114 1
119117 1
119124 1
119128 1
119130 1
119140 1
119142 1
119148 1
119154 1
119164 1
119167 1
119173 1
119178 1
119184 1
119186 1
119188 1
119189 1
119192 1
119202 1
119204 1
119210 1
119215 1
119227 1
119228 1
119236 1
119240 1
119242 1
119244 1
119246 1
119247 1
119248 1
119252 1
119253 1
119260 1
119268 1
119270 1
119279 1
119280 1
119284 1
119289 1
119297 1
119299 1
119301 1
119304 1
119305 1
119309 1
119320 1
119328 2
119332 1
119341 1
119347 1
119358 1
119367 1
119369 2
119371 1
119378 1
119381 1
119401 1
119402 1
119406 1
119411 1
119425 1
119426 1
119427 1
119450 1
119457 1
119461 1
119473 1
119474 1
119475 1
119480 1
119481 1
119482 1
119486 1
119489 1
119495 1
119496 1
119502 1
119504 1
119511 1
119538 1
119541 1
119553 1
119556 1
119557 1
119561 1
119572 1
119573 1
119579 1
119581 2
119583 1
119594 1
119597 1
119604 1
119606 1
119610 1
119621 1
119623 2
119628 1
119629 2
119632 1
119636 2
119637 1
119642 1
119645 1
119646 1
119647 1
119648 1
119659 1
119661 1
119663 1
119665 1
119668 1
119673 1
119684 1
119686 1
119687 1
119697 1
119707 1
119711 1
119717 1
119723 1
119736 1
119741 1
119747 1
119759 1
119761 1
119762 1
119763 1
119769 1
119771 1
119774 1
119777 1
119782 1
119785 1
119786 1
119801 2
119802 1
119804 2
119813 1
119817 1
119818 1
119820 1
119827 1
119836 1
119837 1
119849 1
119852 1
119855 2
119858 1
119859 2
119863 2
119867 1
119878 1
119882 1
119887 1
119895 1
119899 1
119902 1
119914 1
119921 1
119929 1
119935 1
119942 1
119944 1
119953 1
119957 1
119966 1
119967 3
119973 1
119974 1
119977 1
119987 1
119989 1
119994 1
120001 1
120005 1
120011 1
120016 1
120018 2
120034 1
120040 2
120047 1
120066 1
120068 1
120069 1
120073 1
120084 1
120086 1
120087 1
120102 1
120104 1
120106 1
120112 1
120120 1
120121 1
120123 1
120128 1
120134 1
120150 1
120154 1
120160 1
120162 1
120164 1
120173 1
120177 1
120179 1
120181 1
120189 1
120195 1
120197 1
120201 1
120205 1
120215 1
120219 1
120227 1
120231 1
120233 1
120237 1
120239 1
120240 1
120241 1
120248 1
120250 1
120256 1
120258 1
120262 1
120266 1
120269 1
120271 1
120277 1
120278 1
120280 1
120283 1
120284 1
120286 1
120292 1
120295 1
120303 1
120307 1
120310 1
120312 1
120315 1
120318 1
120319 1
120320 1
120323 1
120324 1
120326 1
120337 1
120344 1
120346 1
120348 1
120349 1
120354 1
120359 1
120368 1
120370 1
120374 2
120375 1
120377 1
120381 1
120382 1
120385 1
120386 1
120387 1
120391 1
120396 1
120397 1
120400 3
120402 2
120408 1
120409 1
120410 1
120414 1
120416 1
120421 1
120422 1
120426 1
120427 1
120430 1
120432 1
120435 1
120442 1
120443 1
120450 1
120455 1
120457 1
120458 1
120463 1
120465 1
120467 2
120473 1
120475 1
120481 1
120486 1
120495 1
120498 1
120501 1
120505 1
120511 1
120517 1
120524 1
120525 1
120528 1
120530 1
120532 1
120539 1
120540 1
120541 1
120544 1
120545 1
120550 1
120552 1
120554 1
120558 1
120572 1
120578 1
120583 1
120589 2
120590 2
120594 1
120598 1
120603 1
120604 1
120605 1
120609 1
120613 1
120622 1
120628 1
120641 1
120643 1
120645 1
120650 2
120651 1
120655 2
120658 1
120659 1
120662 1
120665 1
120666 1
120671 1
120675 1
120678 1
120682 1
120686 1
120694 1
120700 1
120706 1
120712 1
120714 1
120716 1
120720 1
120732 1
120737 1
120739 1
120741 1
120745 1
120747 1
120748 1
120750 1
120757 1
120760 1
120763 1
120769 1
120771 1
120776 1
120777 1
120783 1
120787 2
120788 1
120789 1
120790 1
120792 1
120797 1
120801 1
120811 1
120815 1
120820 1
120824 1
120839 1
120843 2
120844 1
120850 1
120870 1
120875 1
120877 1
120882 1
120887 1
120895 1
120896 1
120900 1
120904 1
120907 1
120920 1
120921 1
120936 1
120938 1
120940 1
120943 1
120947 1
120951 1
120953 1
120957 1
120959 1
120961 2
120962 1
120963 1
120965 1
120969 1
120972 1
120980 1
120982 1
120983 1
120987 1
120989 1
120990 1
120991 1
120999 1
121001 1
121004 1
121010 1
121014 1
121016 1
121018 1
121019 1
121030 1
121040 1
121041 1
121045 1
121047 1
121052 2
121056 1
121060 1
121062 1
121063 1
121067 1
121068 1
121069 1
121071 1
121072 1
121074 1
121076 1
121078 1
121083 1
121084 1
121089 1
121090 1
121092 1
121094 1
121097 1
121098 1
121107 1
121115 1
121117 1
121120 1
121128 1
121132 1
121134 1
121140 1
121141 1
121144 1
121146 1
121154 1
121157 1
121161 1
121163 1
121165 1
121167 1
121168 1
121174 1
121179 1
121182 1
121186 1
121190 1
121195 1
121196 1
121200 1
121202 1
121205 1
121211 1
121216 1
121221 1
121223 1
121231 1
121236 2
121238 1
121240 1
121241 1
121248 1
121250 2
121252 1
121258 1
121265 3
121279 1
121287 1
121302 1
121311 1
121313 2
121319 1
121320 1
121324 1
121330 1
121331 2
121334 1
121342 1
121345 1
121346 1
121354 1
121358 3
121359 1
121361 1
121365 1
121367 1
121375 1
121382 1
121385 1
121390 1
121400 1
121401 1
121427 1
121428 1
121429 1
121430 1
121434 1
121435 1
121442 1
121455 2
121467 1
121468 1
121470 1
121476 1
121479 1
121481 1
121482 1
121492 1
121495 1
121500 1
121507 1
121509 1
121510 1
121513 1
121533 1
121544 1
121546 1
121548 1
121553 1
121557 1
121563 1
121571 1
121572 1
121580 1
121581 1
121587 1
121589 1
121597 1
121601 1
121603 1
121607 1
121619 1
121625 1
121626 1
121634 1
121645 1
121653 1
121658 1
121661 1
121665 1
121666 1
121667 1
121669 1
121671 2
121678 1
121683 1
121693 1
121707 1
121710 1
121712 1
121718 1
121736 1
121739 1
121741 1
121752 1
121756 1
121758 1
121762 1
121763 1
121769 1
121774 1
121776 1
121777 1
121779 1
121785 1
121787 1
121788 1
121804 1
121812 1
121831 2
121835 1
121837 1
121843 1
121850 1
121854 1
121858 1
121859 1
121860 1
121866 1
121868 1
121869 1
121870 1
121875 1
121880 2
121885 1
121889 1
121893 1
121894 1
121900 2
121905 1
121907 2
121918 8
121933 1
121934 1
121940 1
121941 1
121947 1
121954 1
121960 1
121962 1
121967 1
121970 1
121972 1
121974 1
121976 2
121978 1
121982 1
121984 1
121992 1
121997 1
121999 1
122003 1
122008 1
122010 1
122015 1
122018 1
122021 1
122028 1
122033 2
122040 1
122050 1
122052 1
122054 1
122059 1
122060 1
122073 1
122088 1
122101 1
122103 1
122118 1
122119 1
122120 1
122123 1
122131 1
122133 1
122146 1
122171 1
122175 1
122180 1
122186 1
122188 1
122194 1
122195 1
122207 1
122216 1
122217 1
122224 1
122229 1
122235 1
122244 1
122253 1
122259 1
122262 4
122263 1
122268 1
122271 4
122273 1
122283 1
122285 1
122288 1
122300 1
122301 1
122302 1
122304 1
122309 1
122320 1
122322 1
122331 1
122337 1
122342 1
122349 1
122352 1
122353 1
122356 1
122357 1
122358 1
122360 1
122363 1
122365 1
122368 1
122370 1
122371 1
122374 1
122384 1
122390 1
122393 1
122404 1
122412 1
122418 1
122424 1
122428 1
122430 1
122434 1
122436 1
122438 1
122443 1
122449 1
122451 1
122455 1
122457 1
122467 1
122468 1
122474 1
122477 1
122479 1
122485 1
122488 1
122491 1
122493 1
122497 1
122507 1
122515 1
122518 1
122520 1
122524 1
122525 1
122527 1
122529 1
122534 1
122540 1
122542 1
122544 1
122549 1
122551 1
122553 1
122555 1
122556 1
122560 1
122562 1
122564 1
122566 1
122574 1
122577 1
122578 1
122580 1
122588 1
122589 1
122591 1
122593 1
122594 1
122596 1
122598 1
122600 1
122607 1
122608 1
122618 1
122631 1
122634 1
122638 1
122639 1
122641 1
122642 1
122647 1
122651 1
122656 1
122657 1
122661 1
122663 2
122669 1
122671 1
122673 1
122675 1
122677 1
122678 1
122681 1
122687 1
122688 1
122693 1
122696 1
122702 1
122705 1
122709 1
122720 1
122721 1
122725 1
122729 1
122741 1
122743 1
122747 1
122748 1
122750 1
122762 1
122766 1
122768 3
122769 1
122771 1
122773 1
122777 1
122778 1
122782 1
122783 1
122785 3
122788 1
122801 1
122808 1
122811 1
122812 2
122813 1
122828 1
122830 1
122836 1
122838 1
122841 1
122845 1
122849 1
122854 1
122858 1
122859 1
122863 1
122865 1
122866 1
122869 4
122875 1
122879 1
122881 1
122893 1
122895 1
122901 1
122903 1
122907 1
122908 1
122910 1
122912 1
122917 1
122919 1
122920 2
122926 1
122930 3
122932 1
122936 1
122942 1
122950 1
122951 1
122952 1
122958 1
122978 1
122983 1
122987 1
122999 1
123001 1
123004 1
123009 1
123011 1
123015 1
123037 1
123038 1
123048 1
123049 2
123054 1
123058 1
123063 1
123064 1
123065 1
123067 1
123070 1
123076 1
123077 1
123079 1
123081 1
123083 1
123091 1
123096 1
123097 1
123105 1
123107 1
123109 1
123113 1
123120 1
123121 1
123122 1
123131 1
123132 1
123142 1
123153 1
123161 1
123165 1
123167 1
123171 1
123176 1
123177 1
123179 1
123183 1
123190 1
123193 1
123194 1
123196 1
123198 1
123202 1
123209 1
123210 1
123211 1
123213 1
123216 1
123220 1
123222 1
123224 1
123226 1
123230 1
123238 1
123242 1
123246 1
123249 1
123255 1
123259 1
123260 1
123263 1
123265 1
123269 1
123271 1
123273 1
123287 1
123294 1
123300 1
123302 1
123304 1
123316 1
123320 1
123322 1
123323 1
123329 1
123330 1
123331 1
123335 1
123336 1
123342 1
123345 1
123361 1
123362 1
123364 1
123368 1
123371 1
123374 1
123376 1
123377 1
123381 1
123383 1
123385 1
123387 1
123388 2
123391 1
123402 1
123409 1
123410 1
123413 1
123417 1
123419 1
123421 1
123422 1
123423 1
123426 1
123428 1
123435 1
123437 1
123441 1
123446 1
123447 1
123449 1
123459 1
123470 1
123471 1
123473 1
123475 1
123476 1
123479 1
123488 1
123489 2
123490 1
123496 1
123502 1
123504 1
123521 1
123524 1
123533 2
123541 1
123546 1
123552 1
123556 2
123558 1
123559 1
123561 1
123563 1
123565 1
123568 1
123569 1
123572 1
123577 1
123578 1
123588 1
123589 1
123590 2
123592 1
123594 1
123601 1
123603 1
123607 1
123609 1
123610 1
123620 2
123621 1
123631 1
123637 1
123638 1
123640 1
123644 1
123655 1
123657 1
123659 1
123667 1
123679 1
123683 1
123687 1
123688 1
123690 1
123692 1
123694 1
123706 1
123718 1
123722 1
123723 1
123725 1
123730 1
123747 1
123755 1
123761 1
123763 1
123765 1
123770 1
123771 1
123775 1
123777 1
123780 1
123782 1
123786 1
123789 1
123792 1
123794 1
123795 1
123797 1
123801 1
123805 1
123813 1
123816 1
123818 1
123822 1
123837 1
123840 1
123843 3
123844 1
123850 1
123852 1
123876 1
123882 1
123888 2
123890 1
123897 2
123903 1
123913 1
123915 1
123916 1
123920 1
123921 1
123923 1
123929 1
123940 1
123942 1
123944 1
123945 1
123946 1
123950 1
123953 1
123965 1
123967 1
123969 1
123975 1
123979 2
123982 1
123984 1
123991 1
123993 1
123995 1
123999 1
124003 1
124005 1
124007 1
124010 1
124012 1
124016 1
124017 1
124020 1
124021 1
124027 1
124035 1
124041 1
124044 1
124050 1
124056 1
124057 1
124058 1
124062 1
124069 1
124071 1
124073 1
124075 1
124077 1
124079 1
124081 1
124084 1
124086 1
124089 1
124093 1
124094 1
124096 1
124102 1
124106 1
124116 1
124122 1
124128 1
124132 1
124136 1
124140 1
124150 1
124156 1
124160 1
124166 1
124168 1
124170 1
124178 1
124185 1
124190 3
124193 1
124194 1
124197 1
124201 1
124202 1
124207 1
124210 1
124211 1
124213 1
124214 1
124215 1
124216 1
124218 1
124220 1
124223 1
124225 1
124229 1
124231 1
124235 1
124243 1
124253 1
124256 1
124260 1
124262 1
124263 2
124270 1
124284 1
124286 1
124288 1
124292 1
124296 1
124299 1
124302 1
124304 1
124306 1
124311 1
124313 1
124319 1
124321 1
124323 3
124326 1
124329 1
124330 1
124334 1
124341 1
124342 1
124343 1
124344 1
124346 1
124347 1
124362 1
124378 1
124380 1
124382 1
124387 1
124389 1
124398 1
124406 1
124413 1
124414 2
124415 1
124421 1
124427 1
124429 1
124430 1
124441 1
124448 1
124455 1
124467 1
124471 1
124477 1
124482 1
124483 1
124484 1
124486 1
124490 1
124492 1
124493 1
124496 1
124497 1
124499 1
124504 1
124511 1
124516 1
124522 1
124525 1
124527 1
124535 1
124537 1
124540 1
124541 1
124545 1
124552 1
124554 2
124559 1
124563 1
124566 1
124571 1
124574 1
124575 1
124581 1
124589 1
124597 1
124605 1
124607 1
124608 1
124612 1
124614 1
124630 1
124636 1
124640 1
124644 1
124646 1
124647 1
124651 1
124660 1
124668 1
124676 1
124687 1
124693 1
124698 1
124701 1
124702 1
124705 2
124708 1
124710 1
124713 1
124714 1
124718 1
124724 1
124728 1
124734 1
124736 1
124740 1
124746 1
124752 1
124756 1
124758 1
124761 1
124763 1
124774 1
124780 1
124781 1
124787 1
124789 1
124790 1
124792 1
124796 1
124803 1
124805 1
124810 1
124815 1
124819 1
124824 1
124825 1
124827 1
124829 1
124830 1
124847 1
124851 1
124856 1
124859 1
124862 1
124863 1
124867 1
124870 1
124879 2
124882 1
124887 1
124889 1
124894 1
124899 1
124903 1
124907 1
124910 1
124913 1
124924 1
124925 1
124929 1
124930 1
124936 1
124943 1
124945 1
124950 1
124952 1
124953 1
124955 1
124959 1
124967 1
124973 1
124976 1
124979 1
124984 2
124988 1
124990 1
124992 1
124994 1
125003 1
125005 2
125014 1
125016 1
125019 1
125032 1
125039 2
125042 1
125047 1
125051 1
125056 1
125061 1
125067 1
125070 1
125071 1
125072 2
125075 1
125081 1
125082 1
125088 1
125092 1
125093 1
125095 1
125101 1
125103 1
125108 1
125113 1
125120 1
125121 3
125130 1
125138 1
125144 1
125146 1
125148 1
125150 1
125151 1
125154 1
125155 1
125157 1
125172 1
125176 1
125178 1
125182 1
125184 1
125186 1
125188 1
125190 2
125191 1
125196 1
125199 1
125201 1
125203 1
125207 1
125209 1
125212 1
125214 1
125219 1
125227 1
125228 1
125239 1
125240 1
125250 1
125257 1
125259 1
125262 1
125264 1
125267 1
125270 1
125272 1
125277 1
125279 1
125281 1
125283 1
125291 1
125294 1
125298 1
125323 1
125324 1
125326 1
125327 1
125333 1
125335 1
125338 1
125340 1
125341 1
125343 1
125347 1
125349 1
125350 1
125351 1
125361 1
125369 1
125373 1
125378 1
125382 1
125385 1
125391 1
125394 1
125400 1
125404 1
125405 1
125407 1
125408 1
125411 1
125413 1
125415 1
125420 1
125423 1
125434 1
125439 1
125448 1
125450 1
125452 1
125455 1
125457 1
125458 1
125466 1
125474 1
125484 1
125492 1
125494 1
125506 1
125508 1
125512 1
125514 1
125521 1
125529 1
125531 1
125535 1
125537 1
125539 1
125540 1
125541 1
125549 1
125557 1
125565 1
125566 1
125570 1
125571 1
166187 1
169765 1
