8 69545 211 0 0
8 69579 327 0 0
8 70272 453 0 0
16 1374 12 0 0
16 2229 1171 0 0
16 27158 1109 0 0
16 29150 1021 0 0
16 38888 231 0 0
16 45279 1569 0 0
16 54250 559 0 0
16 56677 2150 0 0
16 60208 302 0 0
16 63063 2600 0 0
16 64478 390 0 0
16 66539 15 0 0
16 68570 18 0 0
16 70112 18 0 0
16 70116 19 0 0
16 70121 21 0 0
16 70125 22 0 0
16 70192 5734 0 0
16 70231 54 0 0
16 70253 60 0 0
16 70495 146 0 0
16 70874 254 0 0
16 70944 272 0 0
16 71235 349 0 0
16 71329 559 0 0
16 71473 419 0 0
16 71865 583 0 0
16 72141 549 0 0
16 72269 574 0 0
16 72599 654 0 0
16 72664 677 0 0
16 72807 711 0 0
16 72920 740 0 0
16 73253 823 0 0
16 75381 1416 0 0
16 75531 1457 0 0
16 75701 1505 0 0
16 75742 1516 0 0
16 76119 1627 0 0
16 76171 1639 0 0
16 77255 1944 0 0
16 77435 1992 0 0
16 78086 2157 0 0
16 78302 2208 0 0
16 78484 2262 0 0
16 78985 2423 0 0
16 81162 3034 0 0
16 83007 3458 0 0
16 83390 3560 0 0
16 83860 3671 0 0
16 85331 4037 0 0
16 86056 4398 0 0
16 90747 5856 0 0
34 2337 0 1442 0
62 92665 2135 0 0
86 207 213 0 0
86 33206 180 0 0
86 34898 2502 0 0
86 75161 86 0 0
86 75275 369 0 0
86 75420 153 0 0
86 75570 194 0 0
86 80219 11 0 0
86 85811 139 0 0
86 86427 312 0 0
143 2587 151 0 0
143 86885 36 0 0
143 92485 18 0 0
143 92499 20 0 0
143 93063 181 0 0
143 93258 235 0 0
143 93605 317 0 0
143 93875 387 0 0
143 93931 397 0 0
143 94075 427 0 0
143 94131 443 0 0
174 2337 0 3466 0
89295 91211 0 65 0
338 2337 0 1217 0
89561 90781 352 0 0
89622 91191 447 0 0
89623 90530 266 0 0
89657 92040 667 0 0
89719 90195 147 0 0
89719 91272 434 0 0
89745 89783 12 0 0
89745 92703 796 0 0
89745 93086 908 0 0
89893 89894 0 2545 0
89894 90704 2763 0 0
89905 90017 32 0 0
89936 91027 173 0 0
990 85864 0 140 0
1112 6469 1185 0 0
1112 39649 858 0 0
1112 53398 2893 0 0
1112 54673 1012 0 0
1112 70986 55 0 0
1112 80581 22 0 0
1112 80621 34 0 0
1112 80652 45 0 0
1112 81052 142 0 0
1112 81711 267 0 0
1112 81792 288 0 0
1112 86475 1476 0 0
1112 87384 1738 0 0
1112 87482 1770 0 0
1112 87945 1903 0 0
1112 88252 1978 0 0
1112 88835 2160 0 0
1112 90763 2758 0 0
1112 91598 2987 0 0
1112 93109 3560 0 0
1112 93455 3476 0 0
1551 2337 0 2074 0
90847 92840 533 0 0
90853 91504 60 0 0
1955 2337 0 679 0
2048 2337 0 3933 0
91092 92977 98 0 0
91111 91163 10 0 0
2104 73391 0 56 0
2104 77422 0 739 0
2119 8112 1074 0 0
91188 92188 269 0 0
2168 2337 0 22 0
2233 2337 0 14388 0
2335 49952 3545 0 0
2337 2407 716 0 0
2337 2637 120 0 0
2337 2745 846 0 0
2337 2770 1003 0 0
2337 3191 1280 0 0
2337 3730 2293 0 0
2337 4025 201 0 0
2337 4076 3238 0 0
2337 4106 2469 0 0
2337 4354 2315 0 0
2337 5121 893 0 0
2337 5208 566 0 0
2337 6009 1511 0 0
2337 6033 252 0 0
2337 6384 1373 0 0
2337 6705 1000 0 0
2337 7083 1256 0 0
2337 7295 1841 0 0
2337 7655 3083 0 0
2337 8203 2788 0 0
2337 8575 2716 0 0
2337 8614 806 0 0
2337 9216 2602 0 0
2337 10259 20 0 0
2337 10765 2478 0 0
2337 10984 20 0 0
2337 11169 52 0 0
2337 11596 2259 0 0
2337 11892 0 0 0
2337 12531 237 0 0
2337 13059 697 0 0
2337 13442 2851 0 0
2337 13858 2323 0 0
2337 14112 2540 0 0
2337 14911 3261 0 0
2337 14988 2652 0 0
2337 16092 339 0 0
2337 17073 227 0 0
2337 17912 1825 0 0
2337 19681 185 0 0
2337 20894 830 0 0
2337 21764 2862 0 0
2337 21788 3733 0 0
2337 22294 1855 0 0
2337 22304 6875 0 0
2337 22400 2885 0 0
2337 23455 3900 0 0
2337 24571 62 0 0
2337 25191 1386 0 0
2337 26753 1051 0 0
2337 28470 426 0 0
2337 28810 353 0 0
2337 30427 9941 0 0
2337 30461 75 0 0
2337 31052 2875 0 0
2337 33173 597 0 0
2337 34950 3101 0 0
2337 35373 3764 0 0
2337 36282 12632 0 0
2337 36597 3984 0 0
2337 37915 423 0 0
2337 40291 2271 0 0
2337 41126 2033 0 0
2337 44250 2135 0 0
2337 46941 2415 0 0
2337 51822 2646 0 0
2337 57766 130 0 0
2337 58184 2376 0 0
2337 60533 2701 0 0
2337 60554 2706 0 0
2337 60586 3138 0 0
2337 60588 2380 0 0
2337 60655 2509 0 0
2337 60659 1783 0 0
2337 60690 545 0 0
2337 60887 953 0 0
2337 61029 196 0 0
2337 61064 34 0 0
2337 61077 34 0 0
2337 61097 822 0 0
2337 61124 396 0 0
2337 61202 62 0 0
2337 61217 626 0 0
2337 61223 2294 0 0
2337 61225 151 0 0
2337 61242 1093 0 0
2337 61251 171 0 0
2337 61394 987 0 0
2337 61452 36 0 0
2337 61512 411 0 0
2337 61564 893 0 0
2337 61592 20 0 0
2337 61848 594 0 0
2337 61853 4481 0 0
2337 61874 3142 0 0
2337 61882 152 0 0
2337 61892 759 0 0
2337 61955 90 0 0
2337 62010 4409 0 0
2337 62032 60 0 0
2337 62076 895 0 0
2337 62125 1610 0 0
2337 62153 160 0 0
2337 62205 126 0 0
2337 62338 61 0 0
2337 62393 1579 0 0
2337 62439 3174 0 0
2337 62456 196 0 0
2337 62462 74 0 0
2337 62464 1871 0 0
2337 62550 458 0 0
2337 62577 1673 0 0
2337 62612 1535 0 0
2337 62687 556 0 0
2337 62726 158 0 0
2337 62734 5068 0 0
2337 62774 405 0 0
2337 62803 2948 0 0
2337 62816 4163 0 0
2337 62849 499 0 0
2337 62924 218 0 0
2337 62962 257 0 0
2337 63029 5540 0 0
2337 63065 261 0 0
2337 63091 353 0 0
2337 63145 3508 0 0
2337 63212 478 0 0
2337 63216 272 0 0
2337 63296 93 0 0
2337 63470 2429 0 0
2337 63475 2241 0 0
2337 63494 185 0 0
2337 63524 363 0 0
2337 63532 2782 0 0
2337 63541 483 0 0
2337 63549 166 0 0
2337 63590 2156 0 0
2337 63609 2554 0 0
2337 63634 569 0 0
2337 63643 173 0 0
2337 63677 10 0 0
2337 63713 361 0 0
2337 63716 49 0 0
2337 63724 699 0 0
2337 63805 189 0 0
2337 63818 53 0 0
2337 63827 1379 0 0
2337 63863 3575 0 0
2337 63888 72 0 0
2337 63993 2510 0 0
2337 64018 127 0 0
2337 64059 44 0 0
2337 64097 729 0 0
2337 64107 66 0 0
2337 64115 1706 0 0
2337 64209 3029 0 0
2337 64221 8840 0 0
2337 64236 3697 0 0
2337 64251 1818 0 0
2337 64261 11556 0 0
2337 64300 1729 0 0
2337 64341 622 0 0
2337 64427 155 0 0
2337 64437 45 0 0
2337 64449 753 0 0
2337 64485 1625 0 0
2337 64520 8008 0 0
2337 64696 3603 0 0
2337 64780 25 0 0
2337 64795 3317 0 0
2337 64825 6767 0 0
2337 64844 2055 0 0
2337 64860 14 0 0
2337 64899 697 0 0
2337 64949 652 0 0
2337 65018 2495 0 0
2337 65024 4859 0 0
2337 65032 1686 0 0
2337 65041 1484 0 0
2337 65125 831 0 0
2337 65164 365 0 0
2337 65172 2693 0 0
2337 65174 2443 0 0
2337 65214 202 0 0
2337 65241 2528 0 0
2337 65506 6187 0 0
2337 65508 2738 0 0
2337 65531 628 0 0
2337 65615 807 0 0
2337 65626 1042 0 0
2337 65628 247 0 0
2337 65685 23 0 0
2337 65805 17 0 0
2337 65848 2312 0 0
2337 65861 6286 0 0
2337 65876 3624 0 0
2337 65964 6452 0 0
2337 65990 1204 0 0
2337 66013 861 0 0
2337 66065 41 0 0
2337 66103 187 0 0
2337 66107 576 0 0
2337 66127 3763 0 0
2337 66131 1357 0 0
2337 66216 4057 0 0
2337 66228 589 0 0
2337 66287 1789 0 0
2337 66320 2850 0 0
2337 66374 3590 0 0
2337 66378 2508 0 0
2337 66429 2312 0 0
2337 66568 108 0 0
2337 66578 990 0 0
2337 66637 4004 0 0
2337 66679 109 0 0
2337 66739 1269 0 0
2337 66836 1271 0 0
2337 66879 989 0 0
2337 66918 1543 0 0
2337 66948 3074 0 0
2337 66957 3321 0 0
2337 67008 3092 0 0
2337 67018 32 0 0
2337 67042 1441 0 0
2337 67134 419 0 0
2337 67137 2912 0 0
2337 67151 1048 0 0
2337 67247 715 0 0
2337 67257 204 0 0
2337 67353 810 0 0
2337 67382 1210 0 0
2337 67412 448 0 0
2337 67463 6110 0 0
2337 67477 876 0 0
2337 67504 1274 0 0
2337 67506 800 0 0
2337 67508 1109 0 0
2337 67557 66 0 0
2337 67598 413 0 0
2337 67600 62 0 0
2337 67667 313 0 0
2337 67694 98 0 0
2337 67734 1597 0 0
2337 67765 1133 0 0
2337 67836 1992 0 0
2337 67845 3270 0 0
2337 67927 438 0 0
2337 67936 444 0 0
2337 67942 258 0 0
2337 67985 61 0 0
2337 68044 108 0 0
2337 68056 1862 0 0
2337 68193 1170 0 0
2337 68215 84 0 0
2337 68224 17 0 0
2337 68325 265 0 0
2337 68327 782 0 0
2337 68377 13 0 0
2337 68387 18 0 0
2337 68389 19 0 0
2337 68439 434 0 0
2337 68460 49 0 0
2337 68542 1743 0 0
2337 68601 17 0 0
2337 68611 1900 0 0
2337 68645 1211 0 0
2337 68772 3531 0 0
2337 68786 2139 0 0
2337 68842 274 0 0
2337 68872 1053 0 0
2337 68880 15 0 0
2337 68884 2005 0 0
2337 68920 452 0 0
2337 68936 384 0 0
2337 68971 1892 0 0
2337 68991 1730 0 0
2337 69072 434 0 0
2337 69089 1992 0 0
2337 69177 2712 0 0
2337 69229 10 0 0
2337 69283 2399 0 0
2337 69307 2187 0 0
2337 69412 377 0 0
2337 69492 894 0 0
2337 69527 1755 0 0
2337 69648 1588 0 0
2337 69671 2168 0 0
2337 69730 2465 0 0
2337 69734 1706 0 0
2337 69856 1251 0 0
2337 69879 2894 0 0
2337 69887 2584 0 0
2337 69960 771 0 0
2337 69967 121 0 0
2337 70007 1535 0 0
2337 70013 2673 0 0
2337 70048 1806 0 0
2337 70106 641 0 0
2337 70149 1202 0 0
2337 70151 50 0 0
2337 70164 881 0 0
2337 70249 305 0 0
2337 70308 3000 0 0
2337 70353 61 0 0
2337 70478 2996 0 0
2337 70581 1227 0 0
2337 70614 2505 0 0
2337 70627 1022 0 0
2337 70674 8826 0 0
2337 70738 5580 0 0
2337 70769 602 0 0
2337 70773 2038 0 0
2337 70790 40 0 0
2337 70842 3049 0 0
2337 70921 22 0 0
2337 71016 2250 0 0
2337 71083 1533 0 0
2337 71106 624 0 0
2337 71179 988 0 0
2337 71224 178 0 0
2337 71305 554 0 0
2337 71347 2460 0 0
2337 71426 29 0 0
2337 71437 14 0 0
2337 71447 946 0 0
2337 71451 394 0 0
2337 71455 16 0 0
2337 71463 17 0 0
2337 71469 17 0 0
2337 71478 20 0 0
2337 71484 22 0 0
2337 71490 23 0 0
2337 71496 1133 0 0
2337 71500 24 0 0
2337 71511 27 0 0
2337 71515 423 0 0
2337 71520 37 0 0
2337 71522 123 0 0
2337 71524 27 0 0
2337 71533 29 0 0
2337 71574 35 0 0
2337 71579 37 0 0
2337 71583 37 0 0
2337 71591 38 0 0
2337 71619 41 0 0
2337 71621 6300 0 0
2337 71627 3089 0 0
2337 71630 43 0 0
2337 71645 46 0 0
2337 71653 47 0 0
2337 71655 95 0 0
2337 71676 51 0 0
2337 71679 51 0 0
2337 71682 53 0 0
2337 71688 53 0 0
2337 71714 116 0 0
2337 71718 78 0 0
2337 71727 62 0 0
2337 71761 65 0 0
2337 71780 70 0 0
2337 71806 1281 0 0
2337 71831 90 0 0
2337 71833 84 0 0
2337 71849 88 0 0
2337 71855 89 0 0
2337 71938 114 0 0
2337 71950 117 0 0
2337 71979 121 0 0
2337 71993 123 0 0
2337 71997 2204 0 0
2337 72003 126 0 0
2337 72014 140 0 0
2337 72020 1029 0 0
2337 72050 138 0 0
2337 72058 61 0 0
2337 72131 167 0 0
2337 72146 169 0 0
2337 72200 180 0 0
2337 72216 194 0 0
2337 72220 185 0 0
2337 72228 317 0 0
2337 72236 186 0 0
2337 72260 191 0 0
2337 72264 192 0 0
2337 72267 194 0 0
2337 72297 1003 0 0
2337 72303 201 0 0
2337 72316 203 0 0
2337 72365 289 0 0
2337 72382 216 0 0
2337 72390 217 0 0
2337 72405 2498 0 0
2337 72422 3610 0 0
2337 72432 227 0 0
2337 72446 2027 0 0
2337 72451 71 0 0
2337 72456 333 0 0
2337 72471 385 0 0
2337 72475 242 0 0
2337 72559 3482 0 0
2337 72588 461 0 0
2337 72654 291 0 0
2337 72681 301 0 0
2337 72703 1420 0 0
2337 72732 313 0 0
2337 72735 315 0 0
2337 72775 329 0 0
2337 72815 332 0 0
2337 72821 333 0 0
2337 72831 335 0 0
2337 72833 3027 0 0
2337 72842 41 0 0
2337 72854 2665 0 0
2337 72863 1380 0 0
2337 72884 347 0 0
2337 72891 348 0 0
2337 72907 354 0 0
2337 72922 1023 0 0
2337 72939 362 0 0
2337 72943 2410 0 0
2337 72949 365 0 0
2337 72959 374 0 0
2337 72970 236 0 0
2337 73002 424 0 0
2337 73075 401 0 0
2337 73112 411 0 0
2337 73192 424 0 0
2337 73198 435 0 0
2337 73202 823 0 0
2337 73208 441 0 0
2337 73257 450 0 0
2337 73270 445 0 0
2337 73289 455 0 0
2337 73304 462 0 0
2337 73318 466 0 0
2337 73323 468 0 0
2337 73350 804 0 0
2337 73387 5330 0 0
2337 73408 355 0 0
2337 73431 497 0 0
2337 73463 505 0 0
2337 73478 510 0 0
2337 73494 924 0 0
2337 73535 1434 0 0
2337 73539 849 0 0
2337 73541 528 0 0
2337 73543 533 0 0
2337 73552 530 0 0
2337 73568 534 0 0
2337 73572 534 0 0
2337 73625 166 0 0
2337 73677 1457 0 0
2337 73681 567 0 0
2337 73685 892 0 0
2337 73695 989 0 0
2337 73722 584 0 0
2337 73751 47 0 0
2337 73804 2906 0 0
2337 73818 897 0 0
2337 73836 619 0 0
2337 73842 623 0 0
2337 73852 628 0 0
2337 73860 920 0 0
2337 73862 631 0 0
2337 73873 632 0 0
2337 73938 552 0 0
2337 73942 652 0 0
2337 73992 2936 0 0
2337 73998 1644 0 0
2337 74022 676 0 0
2337 74050 681 0 0
2337 74056 1418 0 0
2337 74060 684 0 0
2337 74084 693 0 0
2337 74124 703 0 0
2337 74142 707 0 0
2337 74153 804 0 0
2337 74165 733 0 0
2337 74171 1213 0 0
2337 74199 722 0 0
2337 74204 722 0 0
2337 74223 809 0 0
2337 74233 728 0 0
2337 74254 944 0 0
2337 74273 791 0 0
2337 74292 742 0 0
2337 74339 757 0 0
2337 74356 3668 0 0
2337 74363 765 0 0
2337 74369 520 0 0
2337 74379 1667 0 0
2337 74408 782 0 0
2337 74453 789 0 0
2337 74457 790 0 0
2337 74474 1253 0 0
2337 74480 154 0 0
2337 74518 807 0 0
2337 74526 1149 0 0
2337 74584 1251 0 0
2337 74586 6665 0 0
2337 74611 1367 0 0
2337 74619 838 0 0
2337 74622 838 0 0
2337 74639 30 0 0
2337 74643 844 0 0
2337 74649 118 0 0
2337 74666 849 0 0
2337 74671 1284 0 0
2337 74673 1647 0 0
2337 74706 967 0 0
2337 74746 140 0 0
2337 74766 1403 0 0
2337 74772 11 0 0
2337 74800 543 0 0
2337 74809 885 0 0
2337 74820 398 0 0
2337 74826 68 0 0
2337 74852 898 0 0
2337 74855 895 0 0
2337 74857 94 0 0
2337 74917 911 0 0
2337 74932 1588 0 0
2337 74952 936 0 0
2337 74966 2183 0 0
2337 74968 1008 0 0
2337 74996 935 0 0
2337 75007 988 0 0
2337 75015 112 0 0
2337 75047 962 0 0
2337 75049 994 0 0
2337 75053 963 0 0
2337 75066 2796 0 0
2337 75076 1815 0 0
2337 75120 1155 0 0
2337 75140 2296 0 0
2337 75146 562 0 0
2337 75167 1910 0 0
2337 75171 737 0 0
2337 75173 999 0 0
2337 75179 1032 0 0
2337 75182 276 0 0
2337 75226 2626 0 0
2337 75230 993 0 0
2337 75242 994 0 0
2337 75258 278 0 0
2337 75297 1010 0 0
2337 75299 1034 0 0
2337 75306 2350 0 0
2337 75345 1531 0 0
2337 75349 2870 0 0
2337 75357 1036 0 0
2337 75367 1032 0 0
2337 75374 1078 0 0
2337 75443 1051 0 0
2337 75447 1052 0 0
2337 75450 224 0 0
2337 75476 530 0 0
2337 75512 1103 0 0
2337 75529 1155 0 0
2337 75564 1087 0 0
2337 75582 2174 0 0
2337 75592 1126 0 0
2337 75605 1095 0 0
2337 75628 1119 0 0
2337 75637 1102 0 0
2337 75639 1103 0 0
2337 75688 1118 0 0
2337 75699 1123 0 0
2337 75724 1131 0 0
2337 75748 116 0 0
2337 75796 3427 0 0
2337 75798 1148 0 0
2337 75822 1156 0 0
2337 75840 2951 0 0
2337 75846 1173 0 0
2337 75899 199 0 0
2337 75901 1948 0 0
2337 75919 505 0 0
2337 75924 130 0 0
2337 75938 1560 0 0
2337 75950 1203 0 0
2337 75973 1201 0 0
2337 75990 1206 0 0
2337 76001 312 0 0
2337 76030 1229 0 0
2337 76041 1266 0 0
2337 76067 1881 0 0
2337 76077 734 0 0
2337 76111 1244 0 0
2337 76113 193 0 0
2337 76133 3441 0 0
2337 76145 2386 0 0
2337 76193 1272 0 0
2337 76198 303 0 0
2337 76205 1103 0 0
2337 76212 21 0 0
2337 76235 1276 0 0
2337 76239 1276 0 0
2337 76300 109 0 0
2337 76329 1324 0 0
2337 76343 1362 0 0
2337 76348 1753 0 0
2337 76360 1312 0 0
2337 76362 1313 0 0
2337 76389 1322 0 0
2337 76420 1336 0 0
2337 76450 1339 0 0
2337 76467 1345 0 0
2337 76512 1477 0 0
2337 76542 1375 0 0
2337 76605 1398 0 0
2337 76632 1444 0 0
2337 76657 2910 0 0
2337 76671 1491 0 0
2337 76678 1421 0 0
2337 76687 1422 0 0
2337 76693 2184 0 0
2337 76712 3613 0 0
2337 76721 2092 0 0
2337 76726 1452 0 0
2337 76732 65 0 0
2337 76798 1461 0 0
2337 76800 781 0 0
2337 76851 1467 0 0
2337 76882 1557 0 0
2337 76915 229 0 0
2337 76940 1494 0 0
2337 76944 1517 0 0
2337 76946 1488 0 0
2337 76950 1499 0 0
2337 76975 639 0 0
2337 76986 12 0 0
2337 77043 22 0 0
2337 77045 2514 0 0
2337 77064 1528 0 0
2337 77105 3593 0 0
2337 77155 47 0 0
2337 77159 1686 0 0
2337 77188 2200 0 0
2337 77214 1641 0 0
2337 77227 1570 0 0
2337 77263 1233 0 0
2337 77306 85 0 0
2337 77371 548 0 0
2337 77382 1614 0 0
2337 77384 1595 0 0
2337 77388 1600 0 0
2337 77412 2905 0 0
2337 77414 1744 0 0
2337 77416 1366 0 0
2337 77428 116 0 0
2337 77445 1614 0 0
2337 77469 1648 0 0
2337 77495 1660 0 0
2337 77501 3117 0 0
2337 77513 2048 0 0
2337 77541 2597 0 0
2337 77551 1642 0 0
2337 77553 1709 0 0
2337 77563 1646 0 0
2337 77576 2425 0 0
2337 77584 1659 0 0
2337 77623 2134 0 0
2337 77642 1478 0 0
2337 77671 96 0 0
2337 77675 181 0 0
2337 77687 1677 0 0
2337 77689 1683 0 0
2337 77691 1678 0 0
2337 77697 2004 0 0
2337 77699 189 0 0
2337 77727 3052 0 0
2337 77729 198 0 0
2337 77737 3146 0 0
2337 77749 223 0 0
2337 77756 1365 0 0
2337 77773 315 0 0
2337 77777 1031 0 0
2337 77809 204 0 0
2337 77821 1719 0 0
2337 77830 1310 0 0
2337 77881 525 0 0
2337 77914 1734 0 0
2337 77952 5019 0 0
2337 77970 132 0 0
2337 77977 1751 0 0
2337 77995 4439 0 0
2337 77997 3320 0 0
2337 78000 263 0 0
2337 78022 1759 0 0
2337 78040 47 0 0
2337 78055 1791 0 0
2337 78060 534 0 0
2337 78071 3151 0 0
2337 78093 1778 0 0
2337 78151 1725 0 0
2337 78172 86 0 0
2337 78198 1803 0 0
2337 78214 1807 0 0
2337 78225 598 0 0
2337 78245 593 0 0
2337 78268 72 0 0
2337 78289 329 0 0
2337 78333 1855 0 0
2337 78337 1854 0 0
2337 78347 1847 0 0
2337 78354 2993 0 0
2337 78391 4341 0 0
2337 78426 2587 0 0
2337 78429 1941 0 0
2337 78474 1880 0 0
2337 78489 1898 0 0
2337 78505 1903 0 0
2337 78531 3070 0 0
2337 78589 2646 0 0
2337 78654 2406 0 0
2337 78702 1960 0 0
2337 78721 899 0 0
2337 78729 1126 0 0
2337 78778 1976 0 0
2337 78830 304 0 0
2337 78854 69 0 0
2337 78856 559 0 0
2337 78864 131 0 0
2337 78890 357 0 0
2337 78919 2718 0 0
2337 79003 2047 0 0
2337 79025 114 0 0
2337 79055 529 0 0
2337 79059 2520 0 0
2337 79061 2120 0 0
2337 79065 830 0 0
2337 79124 1203 0 0
2337 79126 2323 0 0
2337 79166 2092 0 0
2337 79177 2110 0 0
2337 79191 734 0 0
2337 79224 1566 0 0
2337 79235 2108 0 0
2337 79248 3015 0 0
2337 79274 308 0 0
2337 79277 1105 0 0
2337 79283 835 0 0
2337 79293 2160 0 0
2337 79354 2169 0 0
2337 79399 352 0 0
2337 79440 1133 0 0
2337 79442 2181 0 0
2337 79462 857 0 0
2337 79480 698 0 0
2337 79516 236 0 0
2337 79562 2224 0 0
2337 79586 2236 0 0
2337 79623 747 0 0
2337 79638 2385 0 0
2337 79679 2425 0 0
2337 79686 683 0 0
2337 79690 3501 0 0
2337 79702 2837 0 0
2337 79716 695 0 0
2337 79721 315 0 0
2337 79728 771 0 0
2337 79737 2265 0 0
2337 79740 2266 0 0
2337 79767 3482 0 0
2337 79821 2396 0 0
2337 79827 2443 0 0
2337 79829 2287 0 0
2337 79832 1128 0 0
2337 79837 3900 0 0
2337 79883 2303 0 0
2337 79893 2483 0 0
2337 79924 2777 0 0
2337 79939 2532 0 0
2337 79943 78 0 0
2337 79963 2332 0 0
2337 79966 1889 0 0
2337 79987 679 0 0
2337 79994 2339 0 0
2337 80003 2345 0 0
2337 80009 2347 0 0
2337 80068 2368 0 0
2337 80093 3281 0 0
2337 80095 3299 0 0
2337 80110 2383 0 0
2337 80149 2739 0 0
2337 80155 2395 0 0
2337 80157 2395 0 0
2337 80159 188 0 0
2337 80163 1058 0 0
2337 80183 2451 0 0
2337 80209 3510 0 0
2337 80221 2821 0 0
2337 80229 2451 0 0
2337 80234 2001 0 0
2337 80251 2444 0 0
2337 80363 2661 0 0
2337 80375 284 0 0
2337 80377 253 0 0
2337 80436 2475 0 0
2337 80443 2517 0 0
2337 80457 29 0 0
2337 80545 1577 0 0
2337 80558 225 0 0
2337 80597 834 0 0
2337 80601 5231 0 0
2337 80612 520 0 0
2337 80640 3472 0 0
2337 80655 2828 0 0
2337 80667 2546 0 0
2337 80671 217 0 0
2337 80691 174 0 0
2337 80764 250 0 0
2337 80781 3309 0 0
2337 80788 15 0 0
2337 80797 3208 0 0
2337 80815 6952 0 0
2337 80888 2610 0 0
2337 80902 1396 0 0
2337 80909 3103 0 0
2337 80925 2617 0 0
2337 80942 3476 0 0
2337 80989 9 0 0
2337 81006 12 0 0
2337 81008 12 0 0
2337 81012 12 0 0
2337 81031 14 0 0
2337 81038 15 0 0
2337 81050 17 0 0
2337 81067 18 0 0
2337 81069 19 0 0
2337 81073 19 0 0
2337 81110 2731 0 0
2337 81118 5351 0 0
2337 81121 25 0 0
2337 81143 28 0 0
2337 81149 30 0 0
2337 81155 31 0 0
2337 81158 31 0 0
2337 81174 2733 0 0
2337 81176 34 0 0
2337 81186 335 0 0
2337 81188 113 0 0
2337 81194 35 0 0
2337 81197 198 0 0
2337 81199 36 0 0
2337 81218 42 0 0
2337 81224 2664 0 0
2337 81238 45 0 0
2337 81251 48 0 0
2337 81268 53 0 0
2337 81275 54 0 0
2337 81277 54 0 0
2337 81280 55 0 0
2337 81282 55 0 0
2337 81301 58 0 0
2337 81305 60 0 0
2337 81323 62 0 0
2337 81337 782 0 0
2337 81340 163 0 0
2337 81347 68 0 0
2337 81365 71 0 0
2337 81367 72 0 0
2337 81384 777 0 0
2337 81390 76 0 0
2337 81394 76 0 0
2337 81396 77 0 0
2337 81398 77 0 0
2337 81423 83 0 0
2337 81425 85 0 0
2337 81432 125 0 0
2337 81449 90 0 0
2337 81458 94 0 0
2337 81460 94 0 0
2337 81470 95 0 0
2337 81478 998 0 0
2337 81483 2983 0 0
2337 81493 101 0 0
2337 81503 105 0 0
2337 81507 105 0 0
2337 81521 189 0 0
2337 81523 788 0 0
2337 81551 2964 0 0
2337 81559 2948 0 0
2337 81579 115 0 0
2337 81594 118 0 0
2337 81617 120 0 0
2337 81646 127 0 0
2337 81650 1920 0 0
2337 81652 129 0 0
2337 81658 129 0 0
2337 81666 131 0 0
2337 81675 196 0 0
2337 81685 137 0 0
2337 81687 137 0 0
2337 81694 139 0 0
2337 81704 141 0 0
2337 81726 148 0 0
2337 81731 149 0 0
2337 81735 150 0 0
2337 81740 151 0 0
2337 81751 277 0 0
2337 81761 156 0 0
2337 81778 159 0 0
2337 81780 182 0 0
2337 81788 163 0 0
2337 81798 165 0 0
2337 81829 175 0 0
2337 81835 177 0 0
2337 81844 342 0 0
2337 81863 304 0 0
2337 81873 188 0 0
2337 81889 190 0 0
2337 81895 2812 0 0
2337 81918 2818 0 0
2337 81922 3038 0 0
2337 81932 200 0 0
2337 81948 203 0 0
2337 81960 206 0 0
2337 81967 207 0 0
2337 81983 208 0 0
2337 82000 543 0 0
2337 82012 239 0 0
2337 82027 218 0 0
2337 82039 220 0 0
2337 82045 3088 0 0
2337 82047 2843 0 0
2337 82051 223 0 0
2337 82059 2855 0 0
2337 82072 228 0 0
2337 82074 228 0 0
2337 82092 1612 0 0
2337 82095 930 0 0
2337 82103 1205 0 0
2337 82121 234 0 0
2337 82126 389 0 0
2337 82132 236 0 0
2337 82134 2858 0 0
2337 82140 237 0 0
2337 82142 237 0 0
2337 82149 239 0 0
2337 82170 246 0 0
2337 82178 248 0 0
2337 82192 251 0 0
2337 82213 3152 0 0
2337 82218 258 0 0
2337 82258 269 0 0
2337 82260 327 0 0
2337 82262 271 0 0
2337 82270 272 0 0
2337 82277 275 0 0
2337 82279 321 0 0
2337 82301 3188 0 0
2337 82307 323 0 0
2337 82311 342 0 0
2337 82345 298 0 0
2337 82346 305 0 0
2337 82347 296 0 0
2337 82349 3223 0 0
2337 82364 303 0 0
2337 82370 304 0 0
2337 82381 306 0 0
2337 82387 307 0 0
2337 82394 4804 0 0
2337 82401 3253 0 0
2337 82403 311 0 0
2337 82420 316 0 0
2337 82424 317 0 0
2337 82431 320 0 0
2337 82433 2946 0 0
2337 82470 433 0 0
2337 82481 3303 0 0
2337 82507 343 0 0
2337 82509 343 0 0
2337 82511 344 0 0
2337 82517 346 0 0
2337 82519 3313 0 0
2337 82531 354 0 0
2337 82536 349 0 0
2337 82538 3343 0 0
2337 82543 351 0 0
2337 82574 390 0 0
2337 82577 357 0 0
2337 82593 360 0 0
2337 82595 362 0 0
2337 82603 362 0 0
2337 82609 364 0 0
2337 82611 460 0 0
2337 82614 414 0 0
2337 82649 370 0 0
2337 82696 3001 0 0
2337 82698 1063 0 0
2337 82712 384 0 0
2337 82741 390 0 0
2337 82746 395 0 0
2337 82794 403 0 0
2337 82801 405 0 0
2337 82820 5159 0 0
2337 82829 411 0 0
2337 82831 411 0 0
2337 82837 413 0 0
2337 82859 418 0 0
2337 82864 510 0 0
2337 82878 423 0 0
2337 82919 3581 0 0
2337 82932 436 0 0
2337 82944 439 0 0
2337 82964 528 0 0
2337 82968 3076 0 0
2337 82996 451 0 0
2337 83012 457 0 0
2337 83027 3091 0 0
2337 83031 464 0 0
2337 83043 467 0 0
2337 83047 469 0 0
2337 83066 3642 0 0
2337 83070 473 0 0
2337 83072 479 0 0
2337 83079 475 0 0
2337 83114 486 0 0
2337 83116 3615 0 0
2337 83122 610 0 0
2337 83124 488 0 0
2337 83135 3111 0 0
2337 83147 2288 0 0
2337 83183 519 0 0
2337 83215 736 0 0
2337 83239 3953 0 0
2337 83241 525 0 0
2337 83279 544 0 0
2337 83286 535 0 0
2337 83288 535 0 0
2337 83296 544 0 0
2337 83314 4592 0 0
2337 83348 5295 0 0
2337 83350 676 0 0
2337 83353 551 0 0
2337 83372 554 0 0
2337 83383 574 0 0
2337 83385 587 0 0
2337 83397 558 0 0
2337 83399 2456 0 0
2337 83402 559 0 0
2337 83404 560 0 0
2337 83410 561 0 0
2337 83424 632 0 0
2337 83428 563 0 0
2337 83430 564 0 0
2337 83451 6240 0 0
2337 83457 573 0 0
2337 83462 4186 0 0
2337 83468 584 0 0
2337 83477 576 0 0
2337 83479 629 0 0
2337 83501 584 0 0
2337 83524 587 0 0
2337 83531 3837 0 0
2337 83534 4011 0 0
2337 83544 593 0 0
2337 83555 598 0 0
2337 83568 598 0 0
2337 83583 601 0 0
2337 83590 676 0 0
2337 83599 604 0 0
2337 83610 605 0 0
2337 83625 608 0 0
2337 83637 610 0 0
2337 83655 617 0 0
2337 83663 3957 0 0
2337 83666 620 0 0
2337 83692 4337 0 0
2337 83716 629 0 0
2337 83726 3936 0 0
2337 83728 665 0 0
2337 83732 4424 0 0
2337 83740 635 0 0
2337 83744 646 0 0
2337 83752 637 0 0
2337 83773 967 0 0
2337 83775 4032 0 0
2337 83777 645 0 0
2337 83798 842 0 0
2337 83808 676 0 0
2337 83818 668 0 0
2337 83851 903 0 0
2337 83904 716 0 0
2337 83913 681 0 0
2337 83920 683 0 0
2337 83927 683 0 0
2337 83931 770 0 0
2337 83938 757 0 0
2337 83940 689 0 0
2337 83952 3316 0 0
2337 83986 951 0 0
2337 83988 703 0 0
2337 83992 787 0 0
2337 84000 4121 0 0
2337 84002 707 0 0
2337 84014 712 0 0
2337 84018 4071 0 0
2337 84026 716 0 0
2337 84035 4145 0 0
2337 84050 731 0 0
2337 84061 724 0 0
2337 84063 4014 0 0
2337 84080 780 0 0
2337 84103 793 0 0
2337 84121 736 0 0
2337 84136 1106 0 0
2337 84145 1187 0 0
2337 84150 744 0 0
2337 84167 1029 0 0
2337 84171 753 0 0
2337 84209 765 0 0
2337 84219 766 0 0
2337 84230 3389 0 0
2337 84247 773 0 0
2337 84271 834 0 0
2337 84277 779 0 0
2337 84304 813 0 0
2337 84321 4206 0 0
2337 84334 793 0 0
2337 84336 3415 0 0
2337 84340 795 0 0
2337 84358 802 0 0
2337 84365 4306 0 0
2337 84391 4302 0 0
2337 84403 829 0 0
2337 84407 1261 0 0
2337 84422 814 0 0
2337 84430 4337 0 0
2337 84432 4309 0 0
2337 84456 4465 0 0
2337 84465 827 0 0
2337 84473 1053 0 0
2337 84488 832 0 0
2337 84534 861 0 0
2337 84554 847 0 0
2337 84557 849 0 0
2337 84596 1260 0 0
2337 84600 2884 0 0
2337 84630 869 0 0
2337 84640 872 0 0
2337 84642 872 0 0
2337 84764 904 0 0
2337 84776 907 0 0
2337 84778 907 0 0
2337 84782 1005 0 0
2337 84784 5075 0 0
2337 84805 5608 0 0
2337 84837 934 0 0
2337 84839 919 0 0
2337 84849 6651 0 0
2337 84864 951 0 0
2337 84870 1014 0 0
2337 84873 5153 0 0
2337 84896 1090 0 0
2337 84904 3570 0 0
2337 84937 948 0 0
2337 84973 963 0 0
2337 84975 4565 0 0
2337 84986 1025 0 0
2337 85001 962 0 0
2337 85005 6684 0 0
2337 85017 3587 0 0
2337 85041 969 0 0
2337 85068 3598 0 0
2337 85082 4602 0 0
2337 85106 988 0 0
2337 85129 994 0 0
2337 85131 994 0 0
2337 85149 2152 0 0
2337 85185 1007 0 0
2337 85190 1008 0 0
2337 85205 1012 0 0
2337 85211 1033 0 0
2337 85218 1016 0 0
2337 85228 1018 0 0
2337 85259 1187 0 0
2337 85262 2453 0 0
2337 85266 4681 0 0
2337 85301 1029 0 0
2337 85327 3656 0 0
2337 85339 1038 0 0
2337 85345 5061 0 0
2337 85355 1043 0 0
2337 85390 1049 0 0
2337 85401 1092 0 0
2337 85415 1131 0 0
2337 85431 1058 0 0
2337 85447 4762 0 0
2337 85451 1062 0 0
2337 85455 1486 0 0
2337 85471 1069 0 0
2337 85520 1176 0 0
2337 85532 1102 0 0
2337 85590 4901 0 0
2337 85592 1572 0 0
2337 85598 4855 0 0
2337 85635 1121 0 0
2337 85649 1119 0 0
2337 85672 1159 0 0
2337 85690 1130 0 0
2337 85709 1142 0 0
2337 85718 1242 0 0
2337 85759 1147 0 0
2337 85783 1155 0 0
2337 85788 1156 0 0
2337 85800 3929 0 0
2337 85809 1162 0 0
2337 85823 1164 0 0
2337 85860 1176 0 0
2337 85865 1177 0 0
2337 85882 1183 0 0
2337 85884 1183 0 0
2337 85938 1197 0 0
2337 85940 1310 0 0
2337 85942 1197 0 0
2337 85962 5194 0 0
2337 85966 1218 0 0
2337 85975 1697 0 0
2337 85996 1217 0 0
2337 86004 1220 0 0
2337 86006 5148 0 0
2337 86011 3842 0 0
2337 86023 5606 0 0
2337 86047 5126 0 0
2337 86074 4429 0 0
2337 86080 1255 0 0
2337 86082 1317 0 0
2337 86138 2388 0 0
2337 86149 1329 0 0
2337 86165 1413 0 0
2337 86179 1270 0 0
2337 86207 1307 0 0
2337 86229 5205 0 0
2337 86242 1284 0 0
2337 86252 2779 0 0
2337 86257 1349 0 0
2337 86266 1290 0 0
2337 86271 1292 0 0
2337 86273 1293 0 0
2337 86284 1292 0 0
2337 86297 1300 0 0
2337 86305 5573 0 0
2337 86310 1304 0 0
2337 86329 5393 0 0
2337 86368 1319 0 0
2337 86372 1446 0 0
2337 86376 5272 0 0
2337 86380 1322 0 0
2337 86386 1325 0 0
2337 86403 12894 0 0
2337 86431 1335 0 0
2337 86442 5517 0 0
2337 86445 1340 0 0
2337 86452 1344 0 0
2337 86466 1348 0 0
2337 86478 1351 0 0
2337 86481 1353 0 0
2337 86525 1365 0 0
2337 86555 5413 0 0
2337 86564 1379 0 0
2337 86566 1617 0 0
2337 86593 4018 0 0
2337 86608 1391 0 0
2337 86624 1394 0 0
2337 86649 1398 0 0
2337 86660 1403 0 0
2337 86662 1403 0 0
2337 86668 1404 0 0
2337 86697 1450 0 0
2337 86704 1418 0 0
2337 86710 4042 0 0
2337 86714 1421 0 0
2337 86739 1427 0 0
2337 86750 5769 0 0
2337 86785 1454 0 0
2337 86787 5553 0 0
2337 86804 5549 0 0
2337 86806 1506 0 0
2337 86861 1465 0 0
2337 86874 1468 0 0
2337 86897 5623 0 0
2337 86945 1510 0 0
2337 86949 3283 0 0
2337 87004 1502 0 0
2337 87024 5661 0 0
2337 87026 4358 0 0
2337 87038 1511 0 0
2337 87048 1538 0 0
2337 87050 1549 0 0
2337 87054 1517 0 0
2337 87056 1517 0 0
2337 87124 1585 0 0
2337 87148 1548 0 0
2337 87206 1670 0 0
2337 87210 5768 0 0
2337 87216 1566 0 0
2337 87225 1596 0 0
2337 87230 1570 0 0
2337 87233 1570 0 0
2337 87235 1583 0 0
2337 87237 8786 0 0
2337 87246 1575 0 0
2337 87253 1586 0 0
2337 87264 1580 0 0
2337 87273 1583 0 0
2337 87279 1616 0 0
2337 87318 1598 0 0
2337 87353 1608 0 0
2337 87370 1611 0 0
2337 87395 1618 0 0
2337 87406 1671 0 0
2337 87408 1624 0 0
2337 87427 6123 0 0
2337 87431 1631 0 0
2337 87463 1641 0 0
2337 87477 1643 0 0
2337 87484 2729 0 0
2337 87487 1645 0 0
2337 87492 5963 0 0
2337 87500 6006 0 0
2337 87512 1746 0 0
2337 87514 1656 0 0
2337 87520 1658 0 0
2337 87524 1659 0 0
2337 87541 6208 0 0
2337 87558 1671 0 0
2337 87560 1671 0 0
2337 87570 1674 0 0
2337 87576 1674 0 0
2337 87580 1696 0 0
2337 87599 4307 0 0
2337 87605 1690 0 0
2337 87610 1691 0 0
2337 87621 1692 0 0
2337 87623 1714 0 0
2337 87657 1705 0 0
2337 87718 1733 0 0
2337 87733 1727 0 0
2337 87742 1730 0 0
2337 87783 1740 0 0
2337 87786 1740 0 0
2337 87799 4498 0 0
2337 87801 1751 0 0
2337 87804 1742 0 0
2337 87829 1761 0 0
2337 87840 1766 0 0
2337 87843 1845 0 0
2337 87856 1756 0 0
2337 87858 1757 0 0
2337 87869 1759 0 0
2337 87916 1880 0 0
2337 87918 1782 0 0
2337 87931 1776 0 0
2337 87933 1776 0 0
2337 87941 2528 0 0
2337 87971 4433 0 0
2337 87980 1790 0 0
2337 87985 1791 0 0
2337 88010 1799 0 0
2337 88016 1802 0 0
2337 88046 6253 0 0
2337 88056 1809 0 0
2337 88062 1810 0 0
2337 88066 1811 0 0
2337 88091 1892 0 0
2337 88106 1820 0 0
2337 88110 1832 0 0
2337 88118 1824 0 0
2337 88121 1872 0 0
2337 88133 1827 0 0
2337 88137 1828 0 0
2337 88158 1887 0 0
2337 88191 1877 0 0
2337 88211 6443 0 0
2337 88233 1848 0 0
2337 88263 1876 0 0
2337 88282 1875 0 0
2337 88284 7440 0 0
2337 88294 2071 0 0
2337 88296 1861 0 0
2337 88309 2028 0 0
2337 88311 1864 0 0
2337 88313 6765 0 0
2337 88321 1866 0 0
2337 88359 1878 0 0
2337 88362 1880 0 0
2337 88387 1887 0 0
2337 88425 1898 0 0
2337 88430 2502 0 0
2337 88435 1900 0 0
2337 88449 1904 0 0
2337 88459 1909 0 0
2337 88462 1911 0 0
2337 88471 9612 0 0
2337 88503 1931 0 0
2337 88526 6821 0 0
2337 88560 6552 0 0
2337 88570 1952 0 0
2337 88602 2020 0 0
2337 88672 1996 0 0
2337 88682 2004 0 0
2337 88686 4611 0 0
2337 88692 1992 0 0
2337 88699 1999 0 0
2337 88733 2001 0 0
2337 88754 3495 0 0
2337 88755 4976 0 0
2337 88765 6796 0 0
2337 88771 2012 0 0
2337 88790 2020 0 0
2337 88799 6679 0 0
2337 88801 3819 0 0
2337 88813 2100 0 0
2337 88829 2035 0 0
2337 88842 177 0 0
2337 88889 2052 0 0
2337 88926 2105 0 0
2337 88960 2081 0 0
2337 88970 2164 0 0
2337 88992 2101 0 0
2337 89048 2109 0 0
2337 89064 2112 0 0
2337 89068 2113 0 0
2337 89100 2136 0 0
2337 89107 2126 0 0
2337 89119 2176 0 0
2337 89133 2163 0 0
2337 89155 2138 0 0
2337 89201 2163 0 0
2337 89205 2171 0 0
2337 89228 2277 0 0
2337 89232 2171 0 0
2337 89243 4795 0 0
2337 89267 2183 0 0
2337 89269 2185 0 0
2337 89271 3314 0 0
2337 89288 2269 0 0
2337 89299 7023 0 0
2337 89347 2832 0 0
2337 89351 2218 0 0
2337 89356 2300 0 0
2337 89360 2211 0 0
2337 89362 2228 0 0
2337 89377 2215 0 0
2337 89390 6234 0 0
2337 89420 2229 0 0
2337 89436 2238 0 0
2337 89441 2239 0 0
2337 89452 2245 0 0
2337 89466 2249 0 0
2337 89486 2342 0 0
2337 89492 2261 0 0
2337 89510 2396 0 0
2337 89547 2278 0 0
2337 89564 2288 0 0
2337 89571 2287 0 0
2337 89609 2299 0 0
2337 89617 2302 0 0
2337 89634 2410 0 0
2337 89640 7251 0 0
2337 89647 2312 0 0
2337 89651 2313 0 0
2337 89679 2326 0 0
2337 89684 2350 0 0
2337 89691 7409 0 0
2337 89706 2336 0 0
2337 89717 2343 0 0
2337 89733 2427 0 0
2337 89813 2371 0 0
2337 89815 2450 0 0
2337 89823 2452 0 0
2337 89825 2375 0 0
2337 89832 2376 0 0
2337 89834 2377 0 0
2337 89837 2393 0 0
2337 89851 5001 0 0
2337 89853 2380 0 0
2337 89877 2390 0 0
2337 89887 2513 0 0
2337 89895 7436 0 0
2337 89928 11138 0 0
2337 89942 2410 0 0
2337 89955 2414 0 0
2337 89960 2416 0 0
2337 89967 2420 0 0
2337 89974 5042 0 0
2337 89978 2422 0 0
2337 90009 2475 0 0
2337 90013 2431 0 0
2337 90042 6 0 0
2337 90061 2445 0 0
2337 90087 18 0 0
2337 90097 2452 0 0
2337 90101 2849 0 0
2337 90105 8061 0 0
2337 90115 7572 0 0
2337 90120 2549 0 0
2337 90128 2458 0 0
2337 90140 2462 0 0
2337 90146 2464 0 0
2337 90148 7710 0 0
2337 90174 38 0 0
2337 90176 2473 0 0
2337 90182 2476 0 0
2337 90195 45 0 0
2337 90199 46 0 0
2337 90208 47 0 0
2337 90211 2481 0 0
2337 90217 2482 0 0
2337 90219 49 0 0
2337 90228 2485 0 0
2337 90230 2486 0 0
2337 90240 2486 0 0
2337 90284 2498 0 0
2337 90288 2501 0 0
2337 90307 2535 0 0
2337 90310 2509 0 0
2337 90323 2513 0 0
2337 90334 2516 0 0
2337 90351 2519 0 0
2337 90355 2537 0 0
2337 90368 7683 0 0
2337 90373 2632 0 0
2337 90375 2527 0 0
2337 90378 2530 0 0
2337 90389 2529 0 0
2337 90396 7756 0 0
2337 90443 2542 0 0
2337 90450 8639 0 0
2337 90492 8466 0 0
2337 90512 2563 0 0
2337 90514 2564 0 0
2337 90520 133 0 0
2337 90522 7976 0 0
2337 90538 138 0 0
2337 90557 2577 0 0
2337 90566 146 0 0
2337 90591 2586 0 0
2337 90598 8191 0 0
2337 90606 7846 0 0
2337 90610 2589 0 0
2337 90632 2597 0 0
2337 90635 2597 0 0
2337 90637 2597 0 0
2337 90664 170 0 0
2337 90670 2604 0 0
2337 90712 184 0 0
2337 90718 2618 0 0
2337 90722 184 0 0
2337 90736 2622 0 0
2337 90754 2626 0 0
2337 90758 3758 0 0
2337 90779 2637 0 0
2337 90792 7916 0 0
2337 90800 2640 0 0
2337 90806 2642 0 0
2337 90817 2644 0 0
2337 90832 215 0 0
2337 90850 2653 0 0
2337 90861 2656 0 0
2337 90867 2658 0 0
2337 90878 2717 0 0
2337 90888 2666 0 0
2337 90906 2674 0 0
2337 90917 2746 0 0
2337 90932 249 0 0
2337 90937 2684 0 0
2337 90948 3268 0 0
2337 90950 2689 0 0
2337 90954 257 0 0
2337 90958 2692 0 0
2337 90988 2703 0 0
2337 90990 2703 0 0
2337 90994 2704 0 0
2337 91012 2709 0 0
2337 91018 2711 0 0
2337 91027 2713 0 0
2337 91040 2946 0 0
2337 91046 2715 0 0
2337 91051 2716 0 0
2337 91058 3072 0 0
2337 91084 12223 0 0
2337 91108 2729 0 0
2337 91122 299 0 0
2337 91176 2763 0 0
2337 91189 2750 0 0
2337 91214 2760 0 0
2337 91243 2766 0 0
2337 91247 2767 0 0
2337 91265 9233 0 0
2337 91285 2776 0 0
2337 91299 2786 0 0
2337 91315 2782 0 0
2337 91339 2790 0 0
2337 91357 2796 0 0
2337 91366 366 0 0
2337 91384 3287 0 0
2337 91394 12225 0 0
2337 91398 2810 0 0
2337 91428 2819 0 0
2337 91433 2820 0 0
2337 91435 2841 0 0
2337 91442 2822 0 0
2337 91444 5668 0 0
2337 91462 2828 0 0
2337 91465 3877 0 0
2337 91476 2832 0 0
2337 91482 2848 0 0
2337 91487 2834 0 0
2337 91544 2849 0 0
2337 91568 5475 0 0
2337 91570 2854 0 0
2337 91572 2855 0 0
2337 91574 2925 0 0
2337 91592 2861 0 0
2337 91634 2875 0 0
2337 91640 5497 0 0
2337 91652 459 0 0
2337 91654 2884 0 0
2337 91661 2992 0 0
2337 91672 2887 0 0
2337 91689 2893 0 0
2337 91720 2915 0 0
2337 91735 8979 0 0
2337 91737 2908 0 0
2337 91752 2911 0 0
2337 91755 837 0 0
2337 91757 3418 0 0
2337 91779 2918 0 0
2337 91791 2922 0 0
2337 91793 2922 0 0
2337 91807 2954 0 0
2337 91817 2927 0 0
2337 91836 2933 0 0
2337 91842 8515 0 0
2337 91845 502 0 0
2337 91847 2935 0 0
2337 91863 2937 0 0
2337 91874 6111 0 0
2337 91880 2941 0 0
2337 91889 2944 0 0
2337 91904 2947 0 0
2337 91906 3480 0 0
2337 91914 3081 0 0
2337 91927 2959 0 0
2337 91947 2971 0 0
2337 91951 526 0 0
2337 91967 2963 0 0
2337 91974 3118 0 0
2337 91976 2966 0 0
2337 91988 2968 0 0
2337 91993 2969 0 0
2337 92007 2973 0 0
2337 92009 2973 0 0
2337 92019 8927 0 0
2337 92033 2979 0 0
2337 92044 9988 0 0
2337 92069 2990 0 0
2337 92085 2992 0 0
2337 92106 2997 0 0
2337 92116 2999 0 0
2337 92125 3001 0 0
2337 92130 3001 0 0
2337 92132 13035 0 0
2337 92138 3003 0 0
2337 92151 3007 0 0
2337 92182 3016 0 0
2337 92193 12985 0 0
2337 92196 3088 0 0
2337 92198 587 0 0
2337 92215 3025 0 0
2337 92218 3084 0 0
2337 92239 3032 0 0
2337 92242 12918 0 0
2337 92252 3035 0 0
2337 92277 3038 0 0
2337 92293 609 0 0
2337 92297 3054 0 0
2337 92320 3050 0 0
2337 92344 3052 0 0
2337 92349 3055 0 0
2337 92369 3062 0 0
2337 92386 3066 0 0
2337 92392 3067 0 0
2337 92404 3071 0 0
2337 92463 3120 0 0
2337 92477 3115 0 0
2337 92479 3089 0 0
2337 92487 3103 0 0
2337 92511 3145 0 0
2337 92513 3099 0 0
2337 92527 3776 0 0
2337 92554 3109 0 0
2337 92570 9395 0 0
2337 92574 3116 0 0
2337 92576 3150 0 0
2337 92585 3117 0 0
2337 92600 3123 0 0
2337 92602 3123 0 0
2337 92604 3265 0 0
2337 92606 3124 0 0
2337 92613 3130 0 0
2337 92617 3138 0 0
2337 92645 3133 0 0
2337 92653 3135 0 0
2337 92757 729 0 0
2337 92763 3163 0 0
2337 92775 3167 0 0
2337 92780 3168 0 0
2337 92791 9747 0 0
2337 92804 9775 0 0
2337 92815 3178 0 0
2337 92838 3209 0 0
2337 92852 3188 0 0
2337 92854 3203 0 0
2337 92859 3366 0 0
2337 92872 9830 0 0
2337 92889 3200 0 0
2337 92907 3206 0 0
2337 92953 3511 0 0
2337 92969 9124 0 0
2337 93028 3242 0 0
2337 93041 3245 0 0
2337 93055 9187 0 0
2337 93071 3316 0 0
2337 93084 3257 0 0
2337 93093 3259 0 0
2337 93107 3264 0 0
2337 93140 3271 0 0
2337 93142 3271 0 0
2337 93147 3275 0 0
2337 93151 3354 0 0
2337 93169 3279 0 0
2337 93176 3300 0 0
2337 93180 3396 0 0
2337 93184 3287 0 0
2337 93186 3288 0 0
2337 93207 3294 0 0
2337 93228 3300 0 0
2337 93236 3302 0 0
2337 93264 3309 0 0
2337 93281 3312 0 0
2337 93304 3316 0 0
2337 93308 3316 0 0
2337 93315 3339 0 0
2337 93326 3320 0 0
2337 93330 3322 0 0
2337 93340 4232 0 0
2337 93359 3329 0 0
2337 93374 3382 0 0
2337 93415 3340 0 0
2337 93445 3348 0 0
2337 93468 15167 0 0
2337 93486 3361 0 0
2337 93512 3367 0 0
2337 93529 3369 0 0
2337 93542 10599 0 0
2337 93544 10497 0 0
2337 93561 3435 0 0
2337 93613 3393 0 0
2337 93621 7065 0 0
2337 93629 3392 0 0
2337 93637 3395 0 0
2337 93639 3395 0 0
2337 93649 3500 0 0
2337 93680 10505 0 0
2337 93702 15134 0 0
2337 93709 3416 0 0
2337 93744 3424 0 0
2337 93746 3433 0 0
2337 93768 3429 0 0
2337 93784 4562 0 0
2337 93791 1002 0 0
2337 93846 3452 0 0
2337 93860 9551 0 0
2337 93933 3470 0 0
2337 93950 3474 0 0
2337 93954 3474 0 0
2337 93964 3535 0 0
2337 93973 3477 0 0
2337 93975 6099 0 0
2337 93977 6109 0 0
2337 93988 3482 0 0
2337 93993 9605 0 0
2337 94002 3484 0 0
2337 94005 3484 0 0
2337 94016 3513 0 0
2337 94055 1065 0 0
2337 94113 3513 0 0
2337 94115 3532 0 0
2337 94152 3525 0 0
2337 94155 3526 0 0
2337 94185 3534 0 0
2486 50203 536 0 0
2486 74668 50 0 0
2486 82601 18 0 0
2486 90884 50 0 0
2486 90944 73 0 0
2486 91010 95 0 0
2486 91560 239 0 0
2486 91596 247 0 0
2486 92378 450 0 0
2486 92426 461 0 0
2486 92458 472 0 0
2486 92460 472 0 0
2486 92505 483 0 0
2486 92608 511 0 0
2486 92663 525 0 0
2486 92729 536 0 0
2486 92753 547 0 0
2486 92797 558 0 0
2486 92836 569 0 0
2486 93005 621 0 0
2486 93101 648 0 0
2486 93211 682 0 0
2486 93801 824 0 0
2518 85473 671 0 0
2577 69292 0 490 0
2577 87772 0 30 0
2577 89744 0 320 0
91819 91822 1 0 0
92050 93559 392 0 0
92161 92711 137 0 0
92305 92625 83 0 0
92425 92844 112 0 0
3683 69319 0 49 0
3860 70659 0 1274 0
3968 85577 3887 0 0
4069 92793 1276 0 0
4069 93594 1493 0 0
4173 84525 658 0 0
4255 75315 34 0 0
4255 75960 325 0 0
4255 77133 556 0 0
4255 78125 802 0 0
4255 90402 38 0 0
4255 90686 113 0 0
4255 91022 218 0 0
93310 93338 9 0 0
93310 93351 10 0 0
93310 93357 11 0 0
93310 93362 13 0 0
93310 93364 14 0 0
93310 93366 14 0 0
93310 93372 14 0 0
93310 93381 16 0 0
93310 93391 18 0 0
93310 93395 19 0 0
93310 93402 25 0 0
93310 93435 29 0 0
93310 93437 29 0 0
93310 93457 35 0 0
93310 93465 37 0 0
93310 93472 38 0 0
93310 93480 42 0 0
93310 93482 42 0 0
93310 93514 50 0 0
93310 93521 51 0 0
93310 93527 52 0 0
93310 93535 53 0 0
93310 93539 54 0 0
93310 93546 55 0 0
93310 93625 74 0 0
93310 93652 82 0 0
93310 93655 83 0 0
93310 93669 88 0 0
93310 93674 90 0 0
93310 93676 91 0 0
93310 93682 94 0 0
93310 93692 97 0 0
93310 93704 98 0 0
93310 93721 102 0 0
93310 93737 105 0 0
93310 93754 109 0 0
93310 93793 118 0 0
93310 93797 120 0 0
93310 93841 134 0 0
93310 93896 147 0 0
93310 93898 147 0 0
93310 93914 151 0 0
93310 93916 151 0 0
93310 93918 151 0 0
93310 93937 154 0 0
93310 94014 170 0 0
93310 94040 176 0 0
93310 94082 188 0 0
4501 75116 1104 0 0
4501 78788 1712 0 0
4501 80775 1817 0 0
4501 89861 5146 0 0
4670 71725 132 0 0
4670 84638 10 0 0
4670 85588 243 0 0
4670 87564 810 0 0
93753 93850 28 0 0
4950 7376 313 0 0
4950 70798 400 0 0
4950 71308 539 0 0
4950 71704 608 0 0
4950 78095 2331 0 0
4950 78585 2467 0 0
4950 80710 3111 0 0
4950 87653 4875 0 0
4950 88452 5079 0 0
4950 93431 6518 0 0
5712 70724 0 4067 0
5945 76774 0 878 0
7432 7574 422 0 0
7487 91160 0 277 0
9349 71099 0 267 0
10254 82108 447 0 0
10328 18864 97 0 0
10328 89473 366 0 0
11414 73638 0 519 0
11462 80973 0 258 0
11470 80973 0 367 0
12492 57089 0 18505 0
13001 83030 0 69 0
13260 80973 0 66 0
13367 88669 115 0 0
13367 90034 564 0 0
13367 92987 1356 0 0
14654 77944 0 2580 0
14654 79252 0 2265 0
14654 84481 0 907 0
14654 84711 0 839 0
15257 71099 0 2833 0
16355 89525 42 0 0
16454 71099 0 486 0
16547 80715 0 158 0
18006 70015 0 311 0
18028 26840 0 847 0
18028 89295 0 21 0
18424 49348 0 1592 0
19636 84072 160 0 0
20476 71099 0 1398 0
21446 90532 469 0 0
21909 93720 0 96 0
22096 71099 0 622 0
22128 40588 0 1139 0
22135 44516 19 0 0
22135 71449 28 0 0
22135 75359 231 0 0
22135 83794 2469 0 0
22135 88855 3863 0 0
22553 80719 0 586 0
23504 74196 19 0 0
23504 78324 1106 0 0
23504 79475 1462 0 0
23504 86061 3130 0 0
24099 26128 494 0 0
24099 89216 7 0 0
24306 85833 163 0 0
25991 59040 1575 0 0
25991 87529 15 0 0
26358 46015 619 0 0
26358 71725 241 0 0
26358 77467 63 0 0
27237 71099 0 3060 0
27661 71948 174 0 0
27661 73936 478 0 0
27661 74483 31 0 0
27661 75252 232 0 0
27661 76587 625 0 0
27661 78222 1042 0 0
27661 79899 1547 0 0
27661 80599 1758 0 0
27661 80900 1846 0 0
27661 82766 2252 0 0
27661 84242 2627 0 0
27661 87566 3527 0 0
29257 59460 0 369 0
29681 70015 0 226 0
29681 71099 0 213 0
31771 38397 0 265 0
33716 77096 0 984 0
33860 71099 0 2016 0
34446 73391 0 4243 0
36247 80874 0 431 0
36247 81115 0 374 0
36924 90517 0 2446 0
36924 91409 0 3639 0
36924 91527 0 5297 0
37730 71099 0 65 0
38397 45997 176 0 0
38397 58859 159 0 0
38397 68754 15 0 0
38397 68784 24 0 0
38397 69026 118 0 0
38397 69392 237 0 0
38397 69573 295 0 0
38397 69906 414 0 0
38397 69955 430 0 0
38397 70707 669 0 0
38397 72398 1066 0 0
38397 74027 1521 0 0
38397 79651 3094 0 0
38397 82936 3905 0 0
38397 84367 4271 0 0
39416 73391 0 302 0
39563 78075 0 10 0
40291 49348 0 1422 0
40588 80379 95 0 0
40588 82363 43 0 0
40588 85796 463 0 0
42982 89666 0 47 0
43075 79776 1213 0 0
43399 71099 0 311 0
43432 89867 0 236 0
45069 63446 301 0 0
46015 71099 0 597 0
46897 84947 4127 0 0
49348 79043 1157 0 0
49952 60750 1300 0 0
52228 72700 0 5 0
52652 73259 0 36 0
52652 80973 0 901 0
52761 71099 0 239 0
53634 71099 0 385 0
54948 71099 0 105 0
54960 85633 809 0 0
55214 71099 0 347 0
57089 57243 381 0 0
57089 57245 381 0 0
57089 57446 130 0 0
57089 59447 51 0 0
57089 60342 325 0 0
57089 60363 1653 0 0
57089 70447 139 0 0
57089 71701 1907 0 0
57089 72402 72 0 0
57089 78137 838 0 0
57089 84615 3874 0 0
58718 70724 0 4170 0
58718 74959 0 2332 0
59019 92305 0 473 0
59460 59759 982 0 0
59460 68888 22 0 0
59460 78413 89 0 0
59460 81632 974 0 0
59536 84090 0 427 0
59821 71099 0 2313 0
59945 72928 84 0 0
60011 71099 0 41 0
60208 71099 0 137 0
60690 78111 0 501 0
60887 78111 0 482 0
60952 71099 0 1514 0
62243 75224 232 0 0
62464 78111 0 2954 0
62609 71099 0 3534 0
62630 94004 0 51 0
62704 70465 0 9 0
62704 84314 0 66 0
62711 77105 0 226 0
63361 93118 1824 0 0
63833 86581 3006 0 0
65282 74371 0 617 0
65597 76861 0 51 0
66641 67374 0 146 0
67440 88310 0 89 0
67938 69001 0 94 0
68176 71099 0 23 0
68308 69023 261 0 0
68489 71137 861 0 0
68530 71587 941 0 0
68796 74020 1491 0 0
68909 70104 407 0 0
68913 68957 14 0 0
69001 69367 124 0 0
69007 69111 44 0 0
69116 74861 1589 0 0
69224 70780 671 0 0
69224 71934 778 0 0
69224 75609 1763 0 0
69411 69676 84 0 0
69554 69579 47 0 0
69743 93310 0 72 0
69753 81877 3306 0 0
69775 80039 2846 0 0
69887 78111 0 1567 0
70015 70815 252 0 0
70112 70724 0 57 0
70129 75713 1484 0 0
70359 70374 4 0 0
70359 70379 7 0 0
70359 70383 9 0 0
70359 70385 9 0 0
70359 70396 12 0 0
70359 70400 13 0 0
70359 70405 14 0 0
70359 70407 14 0 0
70359 70409 14 0 0
70359 70413 15 0 0
70359 70428 20 0 0
70359 70431 22 0 0
70359 70435 23 0 0
70359 70459 27 0 0
70359 70461 28 0 0
70359 70471 31 0 0
70359 70504 41 0 0
70359 70516 43 0 0
70359 70518 44 0 0
70359 70557 49 0 0
70359 70579 54 0 0
70359 70595 61 0 0
70359 70602 67 0 0
70359 70618 73 0 0
70359 70645 78 0 0
70359 70647 79 0 0
70359 70653 80 0 0
70359 70785 118 0 0
70359 70840 133 0 0
70359 70844 135 0 0
70359 70908 160 0 0
70359 70951 168 0 0
70359 71738 334 0 0
70359 71795 349 0 0
70359 72755 593 0 0
70359 73030 662 0 0
70359 73034 664 0 0
70359 73414 770 0 0
70359 73965 934 0 0
70359 74034 951 0 0
70359 74242 1005 0 0
70359 74397 1047 0 0
70359 74468 1068 0 0
70359 74802 1159 0 0
70359 75504 1346 0 0
70359 75788 1420 0 0
70359 75967 1474 0 0
70359 76760 1713 0 0
70359 77594 1928 0 0
70359 77940 2014 0 0
70359 78769 2242 0 0
70359 79444 2457 0 0
70359 79555 2494 0 0
70359 79787 2551 0 0
70359 79866 2572 0 0
70359 79891 2584 0 0
70359 80211 2682 0 0
70359 81253 2945 0 0
70359 81328 2960 0 0
70359 83160 3394 0 0
70359 83301 3434 0 0
70359 84575 3748 0 0
70359 85492 3968 0 0
70359 85525 3984 0 0
70359 85543 3988 0 0
70359 85643 4014 0 0
70359 86134 4153 0 0
70359 86847 4356 0 0
70359 87439 4531 0 0
70359 88794 4919 0 0
70359 89291 5088 0 0
70359 92691 6039 0 0
70359 92863 6087 0 0
70359 94177 6428 0 0
70632 70664 23 0 0
70632 70767 13 0 0
70632 70832 31 0 0
70632 70906 61 0 0
70632 70915 63 0 0
70632 71116 114 0 0
70632 71301 162 0 0
70632 71333 171 0 0
70632 71506 203 0 0
70632 72988 551 0 0
70632 73331 648 0 0
70632 73425 674 0 0
70632 73754 771 0 0
70632 74032 853 0 0
70632 74096 874 0 0
70632 74175 892 0 0
70632 74530 986 0 0
70632 74598 1008 0 0
70632 77315 1756 0 0
70632 77596 1830 0 0
70632 77948 1920 0 0
70632 78035 1939 0 0
70632 78832 2166 0 0
70632 78871 2182 0 0
70632 79347 2330 0 0
70632 79435 2357 0 0
70632 80396 2638 0 0
70632 80540 2684 0 0
70632 83381 3355 0 0
70632 84203 3560 0 0
70632 85183 3804 0 0
70632 85572 3898 0 0
70632 85845 3972 0 0
70632 86439 4136 0 0
70632 88177 4634 0 0
70632 88752 4805 0 0
70632 89095 4919 0 0
70632 89763 5155 0 0
70632 91104 5526 0 0
70632 91124 5530 0 0
70632 92667 5937 0 0
70632 93901 6263 0 0
70676 77173 1732 0 0
70724 71053 98 0 0
70724 72035 308 0 0
70724 77181 1720 0 0
70724 86171 4064 0 0
70724 87707 4516 0 0
70724 92827 5978 0 0
70724 93334 6119 0 0
70890 80537 0 43 0
70924 75302 1125 0 0
71099 71128 8 0 0
71099 71167 18 0 0
71099 71169 19 0 0
71099 71197 25 0 0
71099 71199 26 0 0
71099 71216 31 0 0
71099 71220 31 0 0
71099 71227 32 0 0
71099 71271 43 0 0
71099 71277 45 0 0
71099 71329 59 0 0
71099 71341 62 0 0
71099 71354 66 0 0
71099 71366 67 0 0
71099 71385 71 0 0
71099 71408 75 0 0
71099 71417 77 0 0
71099 71459 82 0 0
71099 71473 84 0 0
71099 71480 86 0 0
71099 71562 99 0 0
71099 71581 103 0 0
71099 71608 106 0 0
71099 71669 115 0 0
71099 71725 124 0 0
71099 71728 125 0 0
71099 71804 141 0 0
71099 71865 158 0 0
71099 72001 192 0 0
71099 72046 203 0 0
71099 72056 206 0 0
71099 72068 210 0 0
71099 72159 236 0 0
71099 72166 238 0 0
71099 72204 247 0 0
71099 72232 251 0 0
71099 72331 272 0 0
71099 72351 277 0 0
71099 72392 283 0 0
71099 72424 290 0 0
71099 72466 305 0 0
71099 72662 359 0 0
71099 72785 393 0 0
71099 72886 414 0 0
71099 72968 436 0 0
71099 72978 438 0 0
71099 73061 464 0 0
71099 73180 487 0 0
71099 73220 498 0 0
71099 73281 517 0 0
71099 73295 523 0 0
71099 73339 539 0 0
71099 73418 562 0 0
71099 73473 573 0 0
71099 73513 586 0 0
71099 73660 627 0 0
71099 73662 628 0 0
71099 73743 656 0 0
71099 73776 666 0 0
71099 73782 668 0 0
71099 73869 698 0 0
71099 73936 714 0 0
71099 74006 733 0 0
71099 74104 765 0 0
71099 74294 808 0 0
71099 74796 948 0 0
71099 74886 969 0 0
71099 74975 995 0 0
71099 75074 1024 0 0
71099 75496 1134 0 0
71099 75834 1226 0 0
71099 75958 1264 0 0
71099 76008 1279 0 0
71099 76358 1378 0 0
71099 76433 1398 0 0
71099 76456 1407 0 0
71099 76898 1543 0 0
71099 76976 1562 0 0
71099 77022 1575 0 0
71099 77479 1686 0 0
71099 77677 1740 0 0
71099 77783 1767 0 0
71099 77836 1780 0 0
71099 77928 1802 0 0
71099 78491 1951 0 0
71099 78773 2033 0 0
71099 78788 2165 0 0
71099 78839 2058 0 0
71099 78939 2095 0 0
71099 79075 2132 0 0
71099 79132 2150 0 0
71099 79174 2160 0 0
71099 80147 2460 0 0
71099 80409 2529 0 0
71099 80490 2559 0 0
71099 80817 2653 0 0
71099 81417 2769 0 0
71099 81698 2827 0 0
71099 81776 2846 0 0
71099 81908 3088 0 0
71099 82037 2907 0 0
71099 82351 2983 0 0
71099 82739 3076 0 0
71099 82768 3084 0 0
71099 83459 3260 0 0
71099 83684 3311 0 0
71099 83806 3339 0 0
71099 83813 3340 0 0
71099 83898 3364 0 0
71099 84820 3602 0 0
71099 84853 3613 0 0
71099 84941 3636 0 0
71099 86056 3922 0 0
71099 86151 3949 0 0
71099 86521 4052 0 0
71099 89160 4827 0 0
71099 89250 4863 0 0
71099 89470 4938 0 0
71099 89606 4985 0 0
71099 89940 5097 0 0
71099 90563 5266 0 0
71099 90875 5346 0 0
71099 91020 5398 0 0
71099 92771 5852 0 0
71099 93254 5994 0 0
71139 72916 100 0 0
71241 73185 455 0 0
71294 73642 2003 0 0
71338 72030 173 0 0
71371 74332 752 0 0
71412 72030 122 0 0
71412 72536 247 0 0
71412 81958 2817 0 0
71432 71777 56 0 0
71432 72238 174 0 0
71432 72552 248 0 0
71432 77735 1675 0 0
71432 79646 2231 0 0
71432 86719 148 0 0
71432 87471 368 0 0
71432 93863 2182 0 0
71536 86600 17 0 0
71536 86734 54 0 0
71536 92789 1799 0 0
71541 80143 2363 0 0
71725 76062 0 198 0
72096 72319 50 0 0
72096 72609 121 0 0
72096 72778 171 0 0
72096 72992 221 0 0
72096 73392 334 0 0
72096 73505 363 0 0
72096 74635 688 0 0
72096 75408 886 0 0
72096 90620 5060 0 0
72136 72481 75 0 0
72136 72641 121 0 0
72136 72713 141 0 0
72136 73467 340 0 0
72136 74351 595 0 0
72136 74628 672 0 0
72136 75386 869 0 0
72136 79228 1940 0 0
72136 80282 2263 0 0
72136 80960 2457 0 0
72168 72524 82 0 0
72331 81528 0 1504 0
72420 77545 1416 0 0
72429 72829 111 0 0
72429 77582 1427 0 0
72429 79981 2113 0 0
72533 76062 0 78 0
72742 72941 46 0 0
72742 73158 101 0 0
72819 82722 992 0 0
72913 81635 2388 0 0
73344 85365 3191 0 0
73391 73786 115 0 0
73460 76802 950 0 0
73642 80379 568 0 0
74108 76012 515 0 0
74139 85460 2980 0 0
74196 91717 4803 0 0
74241 84072 2624 0 0
74371 74714 96 0 0
74371 76010 448 0 0
74410 79470 1413 0 0
74545 77101 711 0 0
74626 75491 228 0 0
74635 74959 0 117 0
74790 80834 0 177 0
74959 77681 93 0 0
74959 77702 100 0 0
74959 77972 168 0 0
74959 78515 311 0 0
74959 78804 397 0 0
74959 78878 427 0 0
75244 77261 569 0 0
75417 75418 0 666 0
75441 78111 0 170 0
75682 90031 3942 0 0
75726 77024 379 0 0
75897 76156 75 0 0
75898 76666 238 0 0
76062 76260 53 0 0
76066 76315 70 0 0
76364 76825 146 0 0
77787 78111 0 15 0
77789 79625 517 0 0
77792 84072 1645 0 0
77942 78031 23 0 0
77944 78921 282 0 0
77944 82249 1211 0 0
77944 84281 1660 0 0
77944 85077 1859 0 0
77944 85621 1992 0 0
77944 86849 3455 0 0
77944 87834 2648 0 0
77944 90015 3311 0 0
78075 78119 10 0 0
78075 78723 181 0 0
78075 79069 294 0 0
78075 81519 956 0 0
78076 78266 46 0 0
78111 78249 34 0 0
78111 78331 54 0 0
78111 78435 85 0 0
78111 78695 167 0 0
78111 78750 180 0 0
78111 78766 185 0 0
78111 79041 273 0 0
78111 79319 451 0 0
78111 79332 365 0 0
78111 80425 692 0 0
78111 80797 802 0 0
78111 81763 996 0 0
78111 82975 1286 0 0
78111 84152 1585 0 0
78111 84967 1793 0 0
78111 89972 3261 0 0
78111 90702 3452 0 0
78668 79195 159 0 0
79207 80088 274 0 0
79232 86410 1844 0 0
79288 84546 1339 0 0
79551 80973 0 281 0
79857 81660 455 0 0
79857 87955 2106 0 0
79980 80973 0 601 0
80570 84760 1009 0 0
80580 81971 131 0 0
80651 90716 2697 0 0
80715 80948 61 0 0
80715 80973 55 0 0
80715 80976 68 0 0
80715 80985 69 0 0
80715 81010 73 0 0
80715 81184 95 0 0
80715 81514 167 0 0
80715 83784 707 0 0
80715 84263 837 0 0
80715 84463 888 0 0
80715 85878 91 0 0
80715 85904 98 0 0
80715 86019 132 0 0
80715 86031 139 0 0
80715 86279 205 0 0
80715 86509 272 0 0
80715 86645 307 0 0
80715 86678 317 0 0
80715 86885 383 0 0
80715 87291 498 0 0
80715 87773 664 0 0
80715 87852 665 0 0
80715 87924 684 0 0
80715 88464 821 0 0
80715 89146 1047 0 0
80715 89543 1187 0 0
80715 90347 1428 0 0
80715 90377 1460 0 0
80715 91117 1640 0 0
80715 91352 1704 0 0
80715 92715 2057 0 0
80715 93418 2251 0 0
80718 80828 29 0 0
80718 91152 2797 0 0
80719 83758 698 0 0
80719 86986 1558 0 0
80719 89664 2378 0 0
80768 80769 0 1030 0
80967 81413 76 0 0
80967 91528 2842 0 0
80973 81355 63 0 0
80973 86396 1320 0 0
80973 88645 1975 0 0
80973 92076 2985 0 0
81024 84072 714 0 0
81332 83603 540 0 0
81491 81492 0 134 0
81528 81692 31 0 0
81528 82043 113 0 0
81530 83364 445 0 0
82222 88487 1666 0 0
82253 86108 984 0 0
82500 83331 0 347 0
82500 87860 1417 0 0
82533 84078 379 0 0
82894 82926 8 0 0
83109 83375 71 0 0
83149 89218 1669 0 0
83513 84059 137 0 0
83616 86763 827 0 0
84114 87090 795 0 0
84142 84979 216 0 0
84156 94121 2767 0 0
84425 85099 0 161 0
84434 85022 210 0 0
84442 85022 207 0 0
84481 85022 136 0 0
84548 85223 173 0 0
84711 85274 133 0 0
84771 89675 1420 0 0
85099 87348 622 0 0
85208 85361 30 0 0
85227 85934 179 0 0
85256 89700 1310 0 0
85256 91150 1714 0 0
85256 93346 2303 0 0
85414 86811 395 0 0
85500 86527 290 0 0
85574 85703 32 0 0
85574 85773 52 0 0
85574 85841 73 0 0
85574 86102 149 0 0
85574 86618 293 0 0
85574 86643 297 0 0
85574 86836 358 0 0
85574 89557 1181 0 0
85574 89925 1308 0 0
85574 90255 1394 0 0
85574 93566 2280 0 0
85602 86205 60 0 0
85669 85727 12 0 0
85669 86995 371 0 0
85669 88556 819 0 0
85669 88719 870 0 0
85669 90454 1419 0 0
85843 92467 1915 0 0
85903 85907 1 0 0
86087 86851 0 43 0
86200 86900 203 0 0
86200 87509 379 0 0
86200 92473 1814 0 0
86546 87200 194 0 0
86873 91317 701 0 0
87112 92632 1593 0 0
87221 87423 61 0 0
87810 89075 372 0 0
87810 91548 1107 0 0
87909 88143 59 0 0
88084 88307 48 226 0
88097 89009 279 0 0
88375 90366 914 0 0
88941 89151 62 0 0
