34 1 1 1
174 1 1 1
207 1 1 1
338 1 1 1
990 2 1 0.5
1374 1 1 1
1551 1 1 1
1955 1 1 1
2048 1 1 1
2104 3 2 0.666667
2168 1 1 1
2229 1 1 1
2233 5 5 1
2407 1 1 1
2577 3 3 1
2587 1 1 1
2637 1 1 1
2745 1 1 1
2770 1 1 1
3191 1 1 1
3683 1 1 1
3730 1 1 1
3860 1 1 1
4025 1 1 1
4076 1 1 1
4106 1 1 1
4354 1 1 1
5121 1 1 1
5208 1 1 1
5712 1 1 1
5945 1 1 1
6009 1 1 1
6033 1 1 1
6384 1 1 1
6469 1 1 1
6705 1 1 1
7083 1 1 1
7295 1 1 1
7376 1 1 1
7487 1 1 1
7574 1 1 1
7655 1 1 1
8112 1 1 1
8203 1 1 1
8575 2 2 1
8614 1 1 1
9216 1 1 1
9349 1 1 1
10259 1 1 1
10765 1 1 1
10984 1 1 1
11169 1 1 1
11414 1 1 1
11462 1 1 1
11470 2 1 0.5
11596 1 1 1
12492 4 4 1
12531 1 1 1
13001 1 1 1
13059 2 2 1
13260 2 1 0.5
13442 1 1 1
13858 1 1 1
14112 1 1 1
14654 4 4 1
14911 1 1 1
14988 1 1 1
15257 1 1 1
16092 1 1 1
16454 1 1 1
16547 1 1 1
17073 1 1 1
17912 1 1 1
18006 1 1 1
18028 2 2 1
18424 1 1 1
18864 1 1 1
19681 1 1 1
20476 1 1 1
20894 2 1 0.5
21764 2 2 1
21788 1 1 1
21909 1 1 1
22096 1 1 1
22128 1 1 1
22294 2 1 0.5
22304 2 2 1
22400 1 1 1
22553 1 1 1
23455 1 1 1
24571 1 1 1
25191 1 1 1
26128 1 1 1
26753 1 1 1
27158 1 1 1
27237 1 1 1
28470 2 1 0.5
28810 1 1 1
29150 1 1 1
29257 1 1 1
29681 2 2 1
30427 3 3 1
30461 1 1 1
31052 1 1 1
31771 1 1 1
33173 1 1 1
33206 1 1 1
33716 1 1 1
33860 1 1 1
34446 1 1 1
34898 1 1 1
34950 1 1 1
35373 1 1 1
36247 2 2 1
36282 4 4 1
36597 2 2 1
36924 3 3 1
37730 1 1 1
37915 1 1 1
38888 1 1 1
39416 1 1 1
39563 1 1 1
39649 2 1 0.5
40291 3 3 1
41126 1 1 1
42982 1 1 1
43399 3 1 0.333333
43432 1 1 1
44250 2 1 0.5
44516 1 1 1
45279 1 1 1
45997 1 1 1
46015 2 2 1
46941 2 2 1
49952 6 1 0.166667
50203 1 1 1
51822 2 2 1
52228 2 1 0.5
52652 3 2 0.666667
52761 1 1 1
53398 2 1 0.5
53634 2 1 0.5
54250 1 1 1
54673 1 1 1
54948 1 1 1
55214 1 1 1
56677 1 1 1
57243 3 3 1
57245 3 3 1
57446 1 1 1
57766 2 2 1
58184 1 1 1
58718 2 2 1
58859 1 1 1
59019 1 1 1
59040 1 1 1
59447 1 1 1
59536 1 1 1
59759 1 1 1
59821 1 1 1
60011 1 1 1
60208 2 2 1
60342 1 1 1
60363 1 1 1
60533 3 3 1
60554 1 1 1
60586 1 1 1
60588 1 1 1
60655 1 1 1
60659 3 3 1
60690 4 4 1
60750 1 1 1
60887 4 4 1
60952 2 1 0.5
61029 1 1 1
61064 1 1 1
61077 1 1 1
61097 1 1 1
61124 1 1 1
61202 1 1 1
61217 1 1 1
61223 1 1 1
61225 1 1 1
61242 4 4 1
61251 2 1 0.5
61394 1 1 1
61452 1 1 1
61512 1 1 1
61564 1 1 1
61592 1 1 1
61848 1 1 1
61853 3 3 1
61874 1 1 1
61882 1 1 1
61892 1 1 1
61955 1 1 1
62010 2 2 1
62032 1 1 1
62076 1 1 1
62125 3 3 1
62153 2 2 1
62205 1 1 1
62338 1 1 1
62393 2 2 1
62439 1 1 1
62456 1 1 1
62462 1 1 1
62464 2 2 1
62550 1 1 1
62577 2 2 1
62609 1 1 1
62612 1 1 1
62630 1 1 1
62687 1 1 1
62704 2 2 1
62711 1 1 1
62726 1 1 1
62734 3 3 1
62774 2 2 1
62803 2 2 1
62816 2 2 1
62849 1 1 1
62924 1 1 1
62962 1 1 1
63029 4 2 0.5
63063 1 1 1
63065 1 1 1
63091 1 1 1
63145 1 1 1
63212 1 1 1
63216 1 1 1
63296 1 1 1
63446 1 1 1
63470 1 1 1
63475 1 1 1
63494 1 1 1
63524 1 1 1
63532 1 1 1
63541 1 1 1
63549 1 1 1
63590 3 3 1
63609 1 1 1
63634 1 1 1
63643 1 1 1
63677 1 1 1
63713 1 1 1
63716 1 1 1
63724 1 1 1
63805 1 1 1
63818 1 1 1
63827 1 1 1
63863 2 2 1
63888 1 1 1
63993 2 2 1
64018 1 1 1
64059 1 1 1
64097 1 1 1
64107 2 2 1
64115 1 1 1
64209 3 3 1
64221 3 3 1
64236 2 2 1
64251 1 1 1
64261 4 4 1
64300 1 1 1
64341 1 1 1
64427 1 1 1
64437 1 1 1
64449 1 1 1
64478 1 1 1
64485 1 1 1
64520 3 3 1
64696 2 2 1
64780 1 1 1
64795 1 1 1
64825 2 2 1
64844 1 1 1
64860 1 1 1
64899 1 1 1
64949 1 1 1
65018 1 1 1
65024 2 2 1
65032 1 1 1
65041 1 1 1
65125 1 1 1
65164 1 1 1
65172 1 1 1
65174 2 2 1
65214 1 1 1
65241 1 1 1
65282 1 1 1
65506 2 2 1
65508 1 1 1
65531 1 1 1
65597 1 1 1
65615 1 1 1
65626 1 1 1
65628 1 1 1
65685 1 1 1
65805 1 1 1
65848 1 1 1
65861 2 2 1
65876 1 1 1
65964 2 2 1
65990 2 2 1
66013 1 1 1
66065 1 1 1
66103 2 2 1
66107 1 1 1
66127 1 1 1
66131 1 1 1
66216 2 2 1
66228 2 2 1
66287 1 1 1
66320 1 1 1
66374 1 1 1
66378 1 1 1
66429 1 1 1
66539 1 1 1
66568 1 1 1
66578 1 1 1
66637 2 2 1
66641 2 2 1
66679 1 1 1
66739 1 1 1
66836 1 1 1
66879 1 1 1
66918 1 1 1
66948 1 1 1
66957 2 2 1
67008 1 1 1
67018 1 1 1
67042 1 1 1
67134 1 1 1
67137 2 2 1
67151 1 1 1
67247 1 1 1
67257 1 1 1
67353 1 1 1
67382 1 1 1
67412 1 1 1
67440 1 1 1
67463 1 1 1
67477 1 1 1
67504 1 1 1
67506 1 1 1
67508 3 3 1
67557 1 1 1
67598 1 1 1
67600 1 1 1
67667 1 1 1
67694 1 1 1
67734 1 1 1
67765 2 2 1
67836 1 1 1
67845 2 2 1
67927 1 1 1
67936 1 1 1
67938 1 1 1
67942 1 1 1
67985 1 1 1
68044 1 1 1
68056 1 1 1
68176 1 1 1
68193 1 1 1
68215 1 1 1
68224 1 1 1
68325 1 1 1
68327 1 1 1
68377 1 1 1
68387 1 1 1
68389 1 1 1
68439 2 1 0.5
68460 1 1 1
68542 1 1 1
68570 1 1 1
68601 1 1 1
68611 1 1 1
68645 1 1 1
68754 1 1 1
68772 2 2 1
68784 1 1 1
68786 1 1 1
68842 1 1 1
68872 1 1 1
68880 2 1 0.5
68884 2 2 1
68888 1 1 1
68920 2 1 0.5
68936 1 1 1
68957 1 1 1
68971 2 2 1
68991 1 1 1
69023 1 1 1
69026 1 1 1
69072 1 1 1
69089 1 1 1
69111 1 1 1
69177 1 1 1
69229 1 1 1
69283 1 1 1
69307 1 1 1
69367 1 1 1
69392 1 1 1
69412 1 1 1
69492 2 2 1
69527 1 1 1
69545 1 1 1
69573 1 1 1
69579 2 2 1
69648 1 1 1
69671 1 1 1
69676 1 1 1
69730 2 2 1
69734 1 1 1
69743 2 1 0.5
69856 1 1 1
69879 2 2 1
69887 2 2 1
69906 1 1 1
69955 1 1 1
69960 1 1 1
69967 1 1 1
70007 2 2 1
70013 2 2 1
70048 1 1 1
70104 1 1 1
70106 1 1 1
70112 2 2 1
70116 1 1 1
70121 1 1 1
70125 1 1 1
70149 1 1 1
70151 1 1 1
70164 1 1 1
70192 3 1 0.333333
70231 1 1 1
70249 1 1 1
70253 1 1 1
70272 1 1 1
70308 1 1 1
70353 1 1 1
70374 1 1 1
70379 1 1 1
70383 1 1 1
70385 1 1 1
70396 1 1 1
70400 1 1 1
70405 1 1 1
70407 1 1 1
70409 1 1 1
70413 1 1 1
70428 1 1 1
70431 1 1 1
70435 1 1 1
70447 1 1 1
70459 1 1 1
70461 1 1 1
70471 1 1 1
70478 1 1 1
70495 1 1 1
70504 1 1 1
70516 1 1 1
70518 1 1 1
70557 1 1 1
70579 1 1 1
70581 1 1 1
70595 1 1 1
70602 1 1 1
70614 1 1 1
70618 1 1 1
70627 2 1 0.5
70645 1 1 1
70647 1 1 1
70653 1 1 1
70664 2 2 1
70674 2 2 1
70707 1 1 1
70738 3 3 1
70767 1 1 1
70769 1 1 1
70773 1 1 1
70780 2 1 0.5
70785 1 1 1
70790 3 3 1
70798 1 1 1
70815 1 1 1
70832 1 1 1
70840 1 1 1
70842 2 2 1
70844 1 1 1
70874 1 1 1
70890 4 1 0.25
70906 1 1 1
70908 1 1 1
70915 1 1 1
70921 1 1 1
70944 1 1 1
70951 1 1 1
70986 1 1 1
71016 1 1 1
71053 1 1 1
71083 2 2 1
71106 1 1 1
71116 1 1 1
71128 1 1 1
71137 1 1 1
71167 1 1 1
71169 1 1 1
71179 2 2 1
71197 1 1 1
71199 1 1 1
71216 1 1 1
71220 1 1 1
71224 1 1 1
71227 1 1 1
71235 1 1 1
71271 1 1 1
71277 1 1 1
71301 1 1 1
71305 1 1 1
71308 1 1 1
71329 2 2 1
71333 1 1 1
71341 1 1 1
71347 1 1 1
71354 1 1 1
71366 1 1 1
71385 1 1 1
71408 1 1 1
71417 1 1 1
71426 2 2 1
71437 1 1 1
71447 3 3 1
71449 1 1 1
71451 2 2 1
71455 1 1 1
71459 1 1 1
71463 1 1 1
71469 1 1 1
71473 2 2 1
71478 1 1 1
71480 1 1 1
71484 1 1 1
71490 1 1 1
71496 2 2 1
71500 1 1 1
71506 1 1 1
71511 1 1 1
71515 1 1 1
71520 2 2 1
71522 1 1 1
71524 1 1 1
71533 1 1 1
71562 1 1 1
71574 1 1 1
71579 1 1 1
71581 1 1 1
71583 1 1 1
71587 1 1 1
71591 1 1 1
71608 1 1 1
71619 1 1 1
71621 3 3 1
71627 4 4 1
71630 1 1 1
71645 1 1 1
71653 1 1 1
71655 1 1 1
71669 1 1 1
71676 1 1 1
71679 1 1 1
71682 1 1 1
71688 1 1 1
71701 3 3 1
71704 1 1 1
71714 1 1 1
71718 1 1 1
71725 5 5 1
71727 2 1 0.5
71728 1 1 1
71738 1 1 1
71761 1 1 1
71777 1 1 1
71780 1 1 1
71795 1 1 1
71804 1 1 1
71806 1 1 1
71831 1 1 1
71833 1 1 1
71849 1 1 1
71855 1 1 1
71865 2 2 1
71934 1 1 1
71938 1 1 1
71948 1 1 1
71950 1 1 1
71979 1 1 1
71993 1 1 1
71997 1 1 1
72001 1 1 1
72003 1 1 1
72014 1 1 1
72020 1 1 1
72030 2 2 1
72035 1 1 1
72046 1 1 1
72050 1 1 1
72056 1 1 1
72058 1 1 1
72068 2 1 0.5
72131 1 1 1
72141 1 1 1
72146 1 1 1
72159 1 1 1
72166 1 1 1
72200 2 1 0.5
72204 1 1 1
72216 1 1 1
72220 1 1 1
72228 1 1 1
72232 1 1 1
72236 1 1 1
72238 1 1 1
72260 1 1 1
72264 1 1 1
72267 1 1 1
72269 1 1 1
72297 1 1 1
72303 1 1 1
72316 1 1 1
72319 1 1 1
72331 2 2 1
72351 1 1 1
72365 3 1 0.333333
72382 1 1 1
72390 1 1 1
72392 1 1 1
72398 1 1 1
72402 1 1 1
72405 1 1 1
72422 2 2 1
72424 1 1 1
72432 1 1 1
72446 2 2 1
72451 1 1 1
72456 2 2 1
72466 1 1 1
72471 1 1 1
72475 1 1 1
72481 1 1 1
72524 1 1 1
72533 5 1 0.2
72536 1 1 1
72552 1 1 1
72559 2 2 1
72588 1 1 1
72599 1 1 1
72609 1 1 1
72641 1 1 1
72654 1 1 1
72662 1 1 1
72664 1 1 1
72681 1 1 1
72703 2 2 1
72713 1 1 1
72732 1 1 1
72735 1 1 1
72755 1 1 1
72775 1 1 1
72778 1 1 1
72785 1 1 1
72807 1 1 1
72815 2 1 0.5
72821 1 1 1
72829 1 1 1
72831 1 1 1
72833 1 1 1
72842 1 1 1
72854 3 3 1
72863 2 2 1
72884 3 1 0.333333
72886 1 1 1
72891 1 1 1
72907 1 1 1
72916 1 1 1
72920 1 1 1
72922 2 2 1
72928 1 1 1
72939 1 1 1
72941 1 1 1
72943 3 3 1
72949 1 1 1
72959 1 1 1
72968 1 1 1
72970 1 1 1
72978 1 1 1
72988 1 1 1
72992 1 1 1
73002 1 1 1
73030 1 1 1
73034 1 1 1
73061 1 1 1
73075 1 1 1
73112 1 1 1
73158 1 1 1
73180 1 1 1
73185 1 1 1
73192 1 1 1
73198 1 1 1
73202 1 1 1
73208 1 1 1
73220 1 1 1
73253 1 1 1
73257 1 1 1
73270 1 1 1
73281 1 1 1
73289 1 1 1
73295 1 1 1
73304 1 1 1
73318 1 1 1
73323 1 1 1
73331 1 1 1
73339 1 1 1
73350 1 1 1
73387 3 3 1
73392 1 1 1
73408 1 1 1
73414 1 1 1
73418 1 1 1
73425 1 1 1
73431 1 1 1
73463 1 1 1
73467 1 1 1
73473 1 1 1
73478 1 1 1
73494 1 1 1
73505 1 1 1
73513 1 1 1
73535 1 1 1
73539 3 3 1
73541 1 1 1
73543 1 1 1
73552 1 1 1
73568 1 1 1
73572 1 1 1
73625 1 1 1
73642 3 1 0.333333
73660 1 1 1
73662 1 1 1
73677 3 3 1
73681 1 1 1
73685 2 2 1
73695 2 2 1
73722 1 1 1
73743 1 1 1
73751 1 1 1
73754 1 1 1
73776 1 1 1
73782 1 1 1
73786 1 1 1
73804 1 1 1
73818 2 2 1
73836 1 1 1
73842 1 1 1
73852 1 1 1
73860 1 1 1
73862 1 1 1
73869 1 1 1
73873 1 1 1
73936 3 2 0.666667
73938 1 1 1
73942 1 1 1
73965 1 1 1
73992 1 1 1
73998 1 1 1
74006 1 1 1
74020 1 1 1
74022 1 1 1
74027 1 1 1
74032 1 1 1
74034 1 1 1
74050 1 1 1
74056 1 1 1
74060 1 1 1
74084 1 1 1
74096 1 1 1
74104 1 1 1
74124 1 1 1
74142 1 1 1
74153 1 1 1
74165 1 1 1
74171 2 2 1
74175 1 1 1
74196 2 1 0.5
74199 1 1 1
74204 1 1 1
74223 1 1 1
74233 1 1 1
74242 1 1 1
74254 1 1 1
74273 1 1 1
74292 1 1 1
74294 1 1 1
74332 1 1 1
74339 1 1 1
74351 1 1 1
74356 2 2 1
74363 1 1 1
74369 1 1 1
74379 1 1 1
74397 1 1 1
74408 1 1 1
74453 2 1 0.5
74457 1 1 1
74468 1 1 1
74474 1 1 1
74480 1 1 1
74483 1 1 1
74518 1 1 1
74526 1 1 1
74530 1 1 1
74584 2 2 1
74586 2 2 1
74598 1 1 1
74611 1 1 1
74619 1 1 1
74622 1 1 1
74628 1 1 1
74635 3 3 1
74639 1 1 1
74643 1 1 1
74649 1 1 1
74666 1 1 1
74668 2 1 0.5
74671 2 2 1
74673 1 1 1
74706 1 1 1
74714 1 1 1
74746 1 1 1
74766 1 1 1
74772 1 1 1
74790 2 1 0.5
74796 1 1 1
74800 1 1 1
74802 1 1 1
74809 1 1 1
74820 1 1 1
74826 2 1 0.5
74852 1 1 1
74855 1 1 1
74857 1 1 1
74861 1 1 1
74886 1 1 1
74917 1 1 1
74932 3 3 1
74952 1 1 1
74966 3 3 1
74968 1 1 1
74975 1 1 1
74996 1 1 1
75007 1 1 1
75015 1 1 1
75047 1 1 1
75049 1 1 1
75053 1 1 1
75066 2 2 1
75074 1 1 1
75076 2 2 1
75116 1 1 1
75120 1 1 1
75140 1 1 1
75146 1 1 1
75161 1 1 1
75167 2 2 1
75171 1 1 1
75173 1 1 1
75179 3 3 1
75182 1 1 1
75224 1 1 1
75226 3 3 1
75230 2 1 0.5
75242 1 1 1
75252 1 1 1
75258 1 1 1
75275 3 3 1
75297 1 1 1
75299 1 1 1
75302 1 1 1
75306 2 2 1
75315 1 1 1
75345 1 1 1
75349 2 2 1
75357 1 1 1
75359 1 1 1
75367 1 1 1
75374 1 1 1
75381 1 1 1
75386 1 1 1
75408 1 1 1
75417 1 1 1
75420 1 1 1
75441 1 1 1
75443 1 1 1
75447 1 1 1
75450 1 1 1
75476 1 1 1
75491 1 1 1
75496 1 1 1
75504 1 1 1
75512 1 1 1
75529 1 1 1
75531 1 1 1
75564 1 1 1
75570 1 1 1
75582 1 1 1
75592 2 2 1
75605 1 1 1
75609 3 1 0.333333
75628 1 1 1
75637 1 1 1
75639 1 1 1
75688 1 1 1
75699 1 1 1
75701 1 1 1
75713 1 1 1
75724 1 1 1
75742 1 1 1
75748 1 1 1
75788 1 1 1
75796 1 1 1
75798 1 1 1
75822 1 1 1
75834 1 1 1
75840 1 1 1
75846 1 1 1
75899 1 1 1
75901 2 2 1
75919 1 1 1
75924 1 1 1
75938 1 1 1
75950 1 1 1
75958 1 1 1
75960 2 2 1
75967 1 1 1
75973 1 1 1
75990 1 1 1
76001 1 1 1
76008 1 1 1
76010 1 1 1
76012 1 1 1
76030 1 1 1
76041 1 1 1
76067 2 2 1
76077 1 1 1
76111 1 1 1
76113 1 1 1
76119 1 1 1
76133 1 1 1
76145 1 1 1
76156 1 1 1
76171 1 1 1
76193 1 1 1
76198 1 1 1
76205 1 1 1
76212 1 1 1
76235 1 1 1
76239 1 1 1
76260 1 1 1
76300 1 1 1
76315 1 1 1
76329 1 1 1
76343 1 1 1
76348 2 2 1
76358 1 1 1
76360 1 1 1
76362 1 1 1
76389 1 1 1
76420 1 1 1
76433 1 1 1
76450 1 1 1
76456 1 1 1
76467 1 1 1
76512 1 1 1
76542 1 1 1
76587 1 1 1
76605 1 1 1
76632 1 1 1
76657 1 1 1
76666 1 1 1
76671 1 1 1
76678 1 1 1
76687 2 1 0.5
76693 1 1 1
76712 2 2 1
76721 1 1 1
76726 1 1 1
76732 1 1 1
76760 1 1 1
76798 1 1 1
76800 1 1 1
76802 1 1 1
76825 1 1 1
76851 1 1 1
76882 1 1 1
76898 1 1 1
76915 1 1 1
76940 1 1 1
76944 1 1 1
76946 1 1 1
76950 1 1 1
76975 2 1 0.5
76976 1 1 1
76986 1 1 1
77022 1 1 1
77024 1 1 1
77043 1 1 1
77045 2 2 1
77064 1 1 1
77101 1 1 1
77105 5 2 0.4
77133 1 1 1
77155 1 1 1
77159 2 2 1
77173 1 1 1
77181 1 1 1
77188 2 2 1
77214 2 2 1
77227 1 1 1
77255 1 1 1
77261 1 1 1
77263 1 1 1
77306 1 1 1
77315 1 1 1
77371 1 1 1
77382 1 1 1
77384 1 1 1
77388 1 1 1
77412 2 2 1
77414 2 2 1
77416 1 1 1
77428 1 1 1
77435 1 1 1
77445 1 1 1
77467 1 1 1
77469 1 1 1
77479 1 1 1
77495 1 1 1
77501 1 1 1
77513 3 3 1
77541 2 2 1
77545 1 1 1
77551 1 1 1
77553 1 1 1
77563 1 1 1
77576 1 1 1
77582 1 1 1
77584 1 1 1
77594 1 1 1
77596 1 1 1
77623 1 1 1
77642 3 2 0.666667
77671 1 1 1
77675 1 1 1
77677 1 1 1
77681 1 1 1
77687 1 1 1
77689 1 1 1
77691 1 1 1
77697 2 2 1
77699 1 1 1
77702 1 1 1
77727 1 1 1
77729 1 1 1
77735 1 1 1
77737 2 2 1
77749 1 1 1
77756 1 1 1
77773 2 2 1
77777 1 1 1
77783 1 1 1
77787 1 1 1
77809 1 1 1
77821 1 1 1
77830 1 1 1
77836 1 1 1
77881 1 1 1
77914 1 1 1
77928 1 1 1
77940 1 1 1
77948 1 1 1
77952 2 2 1
77970 1 1 1
77972 1 1 1
77977 1 1 1
77995 3 2 0.666667
77997 2 2 1
78000 1 1 1
78022 1 1 1
78031 1 1 1
78035 1 1 1
78040 1 1 1
78055 1 1 1
78060 1 1 1
78071 1 1 1
78086 1 1 1
78093 1 1 1
78095 1 1 1
78119 1 1 1
78125 1 1 1
78137 1 1 1
78151 1 1 1
78172 1 1 1
78198 1 1 1
78214 1 1 1
78222 1 1 1
78225 1 1 1
78245 1 1 1
78249 1 1 1
78266 1 1 1
78268 1 1 1
78289 1 1 1
78302 1 1 1
78324 1 1 1
78331 1 1 1
78333 1 1 1
78337 1 1 1
78347 1 1 1
78354 1 1 1
78391 3 3 1
78413 1 1 1
78426 1 1 1
78429 2 2 1
78435 1 1 1
78474 1 1 1
78484 1 1 1
78489 1 1 1
78491 1 1 1
78505 1 1 1
78515 1 1 1
78531 1 1 1
78585 1 1 1
78589 2 2 1
78654 2 2 1
78695 1 1 1
78702 1 1 1
78721 1 1 1
78723 1 1 1
78729 1 1 1
78750 1 1 1
78766 1 1 1
78769 1 1 1
78773 1 1 1
78778 1 1 1
78788 3 3 1
78804 1 1 1
78830 1 1 1
78832 1 1 1
78839 1 1 1
78854 1 1 1
78856 1 1 1
78864 1 1 1
78871 1 1 1
78878 1 1 1
78890 1 1 1
78919 2 2 1
78921 1 1 1
78939 1 1 1
78985 1 1 1
79003 1 1 1
79025 1 1 1
79041 1 1 1
79043 1 1 1
79055 1 1 1
79059 1 1 1
79061 1 1 1
79065 1 1 1
79069 1 1 1
79075 1 1 1
79124 2 2 1
79126 1 1 1
79132 1 1 1
79166 1 1 1
79174 1 1 1
79177 1 1 1
79191 1 1 1
79195 1 1 1
79224 1 1 1
79228 1 1 1
79235 1 1 1
79248 1 1 1
79274 1 1 1
79277 1 1 1
79283 1 1 1
79293 1 1 1
79319 1 1 1
79332 1 1 1
79347 1 1 1
79354 1 1 1
79399 1 1 1
79435 1 1 1
79440 1 1 1
79442 1 1 1
79444 1 1 1
79462 1 1 1
79470 1 1 1
79475 1 1 1
79480 1 1 1
79516 2 1 0.5
79551 1 1 1
79555 1 1 1
79562 1 1 1
79586 1 1 1
79623 1 1 1
79625 1 1 1
79638 1 1 1
79646 1 1 1
79651 1 1 1
79679 2 2 1
79686 1 1 1
79690 2 2 1
79702 1 1 1
79716 1 1 1
79721 1 1 1
79728 1 1 1
79737 1 1 1
79740 1 1 1
79767 1 1 1
79776 1 1 1
79787 1 1 1
79821 1 1 1
79827 1 1 1
79829 1 1 1
79832 1 1 1
79837 2 2 1
79866 1 1 1
79883 1 1 1
79891 1 1 1
79893 2 1 0.5
79899 1 1 1
79924 1 1 1
79939 2 2 1
79943 1 1 1
79963 1 1 1
79966 1 1 1
79980 3 1 0.333333
79981 1 1 1
79987 1 1 1
79994 1 1 1
80003 1 1 1
80009 1 1 1
80039 1 1 1
80068 1 1 1
80088 1 1 1
80093 2 2 1
80095 2 2 1
80110 1 1 1
80143 1 1 1
80147 1 1 1
80149 2 2 1
80155 1 1 1
80157 1 1 1
80159 1 1 1
80163 1 1 1
80183 1 1 1
80209 1 1 1
80211 1 1 1
80219 1 1 1
80221 2 2 1
80229 1 1 1
80234 1 1 1
80251 1 1 1
80282 1 1 1
80363 2 2 1
80375 1 1 1
80377 1 1 1
80379 2 2 1
80396 1 1 1
80409 1 1 1
80425 1 1 1
80436 1 1 1
80443 1 1 1
80457 1 1 1
80490 1 1 1
80540 1 1 1
80545 1 1 1
80558 1 1 1
80581 1 1 1
80597 1 1 1
80599 1 1 1
80601 2 2 1
80612 1 1 1
80621 1 1 1
80640 1 1 1
80652 1 1 1
80655 2 2 1
80667 1 1 1
80671 1 1 1
80691 1 1 1
80710 1 1 1
80764 1 1 1
80768 1 1 1
80775 1 1 1
80781 1 1 1
80788 1 1 1
80797 2 2 1
80815 3 3 1
80817 1 1 1
80828 1 1 1
80888 1 1 1
80900 1 1 1
80902 1 1 1
80909 2 2 1
80925 1 1 1
80942 1 1 1
80948 1 1 1
80960 1 1 1
80973 2 1 0.5
80976 2 1 0.5
80985 1 1 1
80989 1 1 1
81006 1 1 1
81008 1 1 1
81010 1 1 1
81012 1 1 1
81031 1 1 1
81038 2 1 0.5
81050 1 1 1
81052 1 1 1
81067 1 1 1
81069 1 1 1
81073 1 1 1
81110 2 2 1
81118 4 4 1
81121 1 1 1
81143 1 1 1
81149 1 1 1
81155 1 1 1
81158 1 1 1
81162 1 1 1
81174 2 2 1
81176 1 1 1
81184 1 1 1
81186 1 1 1
81188 2 1 0.5
81194 1 1 1
81197 1 1 1
81199 1 1 1
81218 1 1 1
81224 1 1 1
81238 1 1 1
81251 1 1 1
81253 1 1 1
81268 1 1 1
81275 1 1 1
81277 1 1 1
81280 1 1 1
81282 1 1 1
81301 1 1 1
81305 1 1 1
81323 1 1 1
81328 1 1 1
81337 1 1 1
81340 1 1 1
81347 1 1 1
81355 3 1 0.333333
81365 2 1 0.5
81367 1 1 1
81384 1 1 1
81390 2 1 0.5
81394 1 1 1
81396 1 1 1
81398 1 1 1
81413 1 1 1
81417 1 1 1
81423 1 1 1
81425 1 1 1
81432 1 1 1
81449 1 1 1
81458 1 1 1
81460 1 1 1
81470 1 1 1
81478 1 1 1
81483 1 1 1
81491 1 1 1
81493 1 1 1
81503 1 1 1
81507 1 1 1
81514 1 1 1
81519 1 1 1
81521 1 1 1
81523 1 1 1
81551 2 2 1
81559 2 2 1
81579 1 1 1
81594 1 1 1
81617 1 1 1
81632 1 1 1
81635 1 1 1
81646 2 1 0.5
81650 1 1 1
81652 1 1 1
81658 1 1 1
81660 1 1 1
81666 1 1 1
81675 1 1 1
81685 1 1 1
81687 1 1 1
81692 1 1 1
81694 1 1 1
81698 1 1 1
81704 1 1 1
81711 1 1 1
81726 1 1 1
81731 1 1 1
81735 1 1 1
81740 1 1 1
81751 1 1 1
81761 1 1 1
81763 1 1 1
81776 1 1 1
81778 1 1 1
81780 1 1 1
81788 1 1 1
81792 1 1 1
81798 1 1 1
81829 1 1 1
81835 1 1 1
81844 1 1 1
81863 1 1 1
81873 1 1 1
81877 1 1 1
81889 1 1 1
81895 1 1 1
81908 1 1 1
81918 1 1 1
81922 2 2 1
81932 1 1 1
81948 1 1 1
81958 1 1 1
81960 1 1 1
81967 1 1 1
81971 1 1 1
81983 1 1 1
82000 1 1 1
82012 1 1 1
82027 1 1 1
82037 1 1 1
82039 1 1 1
82043 1 1 1
82045 2 2 1
82047 1 1 1
82051 1 1 1
82059 1 1 1
82072 1 1 1
82074 1 1 1
82092 2 2 1
82095 1 1 1
82103 2 2 1
82108 1 1 1
82121 2 1 0.5
82126 1 1 1
82132 1 1 1
82134 1 1 1
82140 1 1 1
82142 1 1 1
82149 1 1 1
82170 1 1 1
82178 1 1 1
82192 1 1 1
82213 2 2 1
82218 1 1 1
82249 1 1 1
82258 1 1 1
82260 1 1 1
82262 1 1 1
82270 1 1 1
82277 1 1 1
82279 2 2 1
82301 2 2 1
82307 1 1 1
82311 2 2 1
82345 2 1 0.5
82346 2 1 0.5
82347 1 1 1
82349 2 2 1
82351 1 1 1
82363 3 1 0.333333
82364 1 1 1
82370 1 1 1
82381 1 1 1
82387 1 1 1
82394 3 3 1
82401 2 2 1
82403 1 1 1
82420 1 1 1
82424 1 1 1
82431 1 1 1
82433 1 1 1
82470 1 1 1
82481 2 2 1
82500 2 1 0.5
82507 1 1 1
82509 1 1 1
82511 1 1 1
82517 1 1 1
82519 2 2 1
82531 3 1 0.333333
82536 1 1 1
82538 2 2 1
82543 1 1 1
82574 1 1 1
82577 1 1 1
82593 1 1 1
82595 1 1 1
82601 1 1 1
82603 1 1 1
82609 1 1 1
82611 2 2 1
82614 1 1 1
82649 1 1 1
82696 1 1 1
82698 2 2 1
82712 1 1 1
82722 1 1 1
82739 1 1 1
82741 1 1 1
82746 2 1 0.5
82766 1 1 1
82768 1 1 1
82794 1 1 1
82801 1 1 1
82820 4 4 1
82829 1 1 1
82831 1 1 1
82837 1 1 1
82859 1 1 1
82864 1 1 1
82878 1 1 1
82919 2 2 1
82926 1 1 1
82932 1 1 1
82936 1 1 1
82944 1 1 1
82964 1 1 1
82968 1 1 1
82975 1 1 1
82996 1 1 1
83007 1 1 1
83012 1 1 1
83027 1 1 1
83031 1 1 1
83043 1 1 1
83047 1 1 1
83066 2 2 1
83070 1 1 1
83072 1 1 1
83079 1 1 1
83114 1 1 1
83116 2 2 1
83122 1 1 1
83124 1 1 1
83135 1 1 1
83147 1 1 1
83160 1 1 1
83183 1 1 1
83215 1 1 1
83239 2 2 1
83241 1 1 1
83279 1 1 1
83286 1 1 1
83288 1 1 1
83296 1 1 1
83301 1 1 1
83314 2 2 1
83348 2 2 1
83350 1 1 1
83353 1 1 1
83364 1 1 1
83372 1 1 1
83375 1 1 1
83381 1 1 1
83383 2 2 1
83385 1 1 1
83390 1 1 1
83397 1 1 1
83399 2 2 1
83402 1 1 1
83404 1 1 1
83410 1 1 1
83424 1 1 1
83428 1 1 1
83430 1 1 1
83451 5 4 0.8
83457 2 1 0.5
83459 1 1 1
83462 2 2 1
83468 1 1 1
83477 1 1 1
83479 1 1 1
83501 1 1 1
83524 1 1 1
83531 2 2 1
83534 2 2 1
83544 1 1 1
83555 1 1 1
83568 1 1 1
83583 1 1 1
83590 3 1 0.333333
83599 1 1 1
83603 1 1 1
83610 1 1 1
83625 1 1 1
83637 1 1 1
83655 1 1 1
83663 2 2 1
83666 1 1 1
83684 1 1 1
83692 2 2 1
83716 1 1 1
83726 2 2 1
83728 1 1 1
83732 2 1 0.5
83740 1 1 1
83744 1 1 1
83752 1 1 1
83758 1 1 1
83773 1 1 1
83775 2 2 1
83777 1 1 1
83784 1 1 1
83794 1 1 1
83798 1 1 1
83806 1 1 1
83808 1 1 1
83813 1 1 1
83818 1 1 1
83851 1 1 1
83860 1 1 1
83898 1 1 1
83904 1 1 1
83913 1 1 1
83920 1 1 1
83927 1 1 1
83931 1 1 1
83938 1 1 1
83940 1 1 1
83952 1 1 1
83986 1 1 1
83988 1 1 1
83992 1 1 1
84000 2 2 1
84002 1 1 1
84014 1 1 1
84018 2 2 1
84026 1 1 1
84035 2 2 1
84050 1 1 1
84059 1 1 1
84061 1 1 1
84063 1 1 1
84072 4 4 1
84078 1 1 1
84080 1 1 1
84103 1 1 1
84121 1 1 1
84136 1 1 1
84145 1 1 1
84150 1 1 1
84152 1 1 1
84167 1 1 1
84171 1 1 1
84203 1 1 1
84209 1 1 1
84219 1 1 1
84230 1 1 1
84242 1 1 1
84247 1 1 1
84263 1 1 1
84271 1 1 1
84277 1 1 1
84281 1 1 1
84304 1 1 1
84321 2 2 1
84334 1 1 1
84336 1 1 1
84340 1 1 1
84358 1 1 1
84365 2 2 1
84367 1 1 1
84391 2 2 1
84403 1 1 1
84407 1 1 1
84422 1 1 1
84425 2 1 0.5
84430 2 2 1
84432 2 2 1
84456 2 2 1
84463 1 1 1
84465 1 1 1
84473 1 1 1
84488 1 1 1
84525 1 1 1
84534 1 1 1
84546 1 1 1
84554 1 1 1
84557 1 1 1
84575 1 1 1
84596 1 1 1
84600 1 1 1
84615 1 1 1
84630 1 1 1
84638 1 1 1
84640 1 1 1
84642 1 1 1
84760 1 1 1
84764 1 1 1
84776 1 1 1
84778 1 1 1
84782 1 1 1
84784 3 3 1
84805 2 2 1
84820 1 1 1
84837 1 1 1
84839 1 1 1
84849 3 3 1
84853 1 1 1
84864 2 1 0.5
84870 1 1 1
84873 2 2 1
84896 1 1 1
84904 1 1 1
84937 1 1 1
84941 1 1 1
84947 1 1 1
84967 1 1 1
84973 1 1 1
84975 2 2 1
84979 1 1 1
84986 1 1 1
85001 1 1 1
85005 3 3 1
85017 1 1 1
85022 3 3 1
85041 1 1 1
85068 1 1 1
85077 1 1 1
85082 2 2 1
85106 1 1 1
85129 1 1 1
85131 1 1 1
85149 1 1 1
85183 1 1 1
85185 1 1 1
85190 1 1 1
85205 1 1 1
85211 1 1 1
85218 1 1 1
85223 1 1 1
85228 1 1 1
85259 1 1 1
85262 1 1 1
85266 2 2 1
85274 1 1 1
85301 1 1 1
85327 1 1 1
85331 1 1 1
85339 2 1 0.5
85345 3 3 1
85355 1 1 1
85361 1 1 1
85365 1 1 1
85390 2 1 0.5
85401 1 1 1
85415 1 1 1
85431 1 1 1
85447 2 2 1
85451 1 1 1
85455 1 1 1
85460 1 1 1
85471 1 1 1
85473 1 1 1
85492 1 1 1
85520 2 1 0.5
85525 1 1 1
85532 1 1 1
85543 1 1 1
85572 1 1 1
85577 1 1 1
85588 1 1 1
85590 2 2 1
85592 1 1 1
85598 2 2 1
85621 1 1 1
85633 1 1 1
85635 1 1 1
85643 1 1 1
85649 1 1 1
85672 1 1 1
85690 1 1 1
85703 1 1 1
85709 1 1 1
85718 1 1 1
85727 1 1 1
85759 1 1 1
85773 1 1 1
85783 1 1 1
85788 1 1 1
85796 2 1 0.5
85800 1 1 1
85809 1 1 1
85811 1 1 1
85823 1 1 1
85833 1 1 1
85841 1 1 1
85845 1 1 1
85860 1 1 1
85865 1 1 1
85878 1 1 1
85882 1 1 1
85884 1 1 1
85904 1 1 1
85907 1 1 1
85934 1 1 1
85938 1 1 1
85940 1 1 1
85942 1 1 1
85962 2 2 1
85966 1 1 1
85975 2 2 1
85996 1 1 1
86004 1 1 1
86006 2 2 1
86011 1 1 1
86019 1 1 1
86023 3 3 1
86031 1 1 1
86047 2 2 1
86056 2 2 1
86061 1 1 1
86074 2 2 1
86080 1 1 1
86082 1 1 1
86087 2 1 0.5
86102 1 1 1
86108 1 1 1
86134 1 1 1
86138 1 1 1
86149 1 1 1
86151 1 1 1
86165 2 2 1
86171 1 1 1
86179 1 1 1
86205 1 1 1
86207 1 1 1
86229 2 2 1
86242 1 1 1
86252 1 1 1
86257 1 1 1
86266 1 1 1
86271 1 1 1
86273 1 1 1
86279 1 1 1
86284 1 1 1
86297 1 1 1
86305 2 2 1
86310 1 1 1
86329 2 2 1
86368 1 1 1
86372 2 2 1
86376 2 2 1
86380 1 1 1
86386 1 1 1
86396 1 1 1
86403 5 5 1
86410 1 1 1
86427 1 1 1
86431 1 1 1
86439 1 1 1
86442 2 2 1
86445 1 1 1
86452 1 1 1
86466 2 1 0.5
86475 1 1 1
86478 1 1 1
86481 1 1 1
86509 1 1 1
86521 1 1 1
86525 1 1 1
86527 1 1 1
86555 2 2 1
86564 1 1 1
86566 1 1 1
86581 1 1 1
86593 1 1 1
86600 1 1 1
86608 1 1 1
86618 1 1 1
86624 1 1 1
86643 1 1 1
86645 1 1 1
86649 1 1 1
86660 1 1 1
86662 1 1 1
86668 1 1 1
86678 1 1 1
86697 1 1 1
86704 1 1 1
86710 1 1 1
86714 1 1 1
86719 1 1 1
86734 1 1 1
86739 1 1 1
86750 2 2 1
86763 1 1 1
86785 1 1 1
86787 2 2 1
86804 2 2 1
86806 1 1 1
86811 1 1 1
86836 1 1 1
86847 1 1 1
86849 1 1 1
86861 1 1 1
86874 1 1 1
86885 2 2 1
86897 2 2 1
86900 1 1 1
86945 1 1 1
86949 1 1 1
86986 1 1 1
86995 1 1 1
87004 1 1 1
87024 2 2 1
87026 1 1 1
87038 1 1 1
87048 1 1 1
87050 1 1 1
87054 2 1 0.5
87056 1 1 1
87090 1 1 1
87124 1 1 1
87148 2 1 0.5
87200 1 1 1
87206 1 1 1
87210 2 2 1
87216 1 1 1
87225 1 1 1
87230 1 1 1
87233 1 1 1
87235 1 1 1
87237 3 3 1
87246 1 1 1
87253 1 1 1
87264 1 1 1
87273 1 1 1
87279 1 1 1
87291 1 1 1
87318 2 1 0.5
87348 1 1 1
87353 1 1 1
87370 1 1 1
87384 1 1 1
87395 1 1 1
87406 1 1 1
87408 1 1 1
87423 1 1 1
87427 2 2 1
87431 1 1 1
87439 1 1 1
87463 1 1 1
87471 1 1 1
87477 1 1 1
87482 1 1 1
87484 1 1 1
87487 1 1 1
87492 2 2 1
87500 2 2 1
87509 1 1 1
87512 1 1 1
87514 1 1 1
87520 1 1 1
87524 1 1 1
87529 1 1 1
87541 2 2 1
87558 1 1 1
87560 1 1 1
87564 1 1 1
87566 1 1 1
87570 1 1 1
87576 1 1 1
87580 1 1 1
87599 1 1 1
87605 1 1 1
87610 1 1 1
87621 1 1 1
87623 1 1 1
87653 1 1 1
87657 1 1 1
87707 1 1 1
87718 1 1 1
87733 1 1 1
87742 1 1 1
87773 1 1 1
87783 1 1 1
87786 1 1 1
87799 1 1 1
87801 1 1 1
87804 1 1 1
87829 1 1 1
87834 1 1 1
87840 1 1 1
87843 1 1 1
87852 1 1 1
87856 1 1 1
87858 1 1 1
87860 1 1 1
87869 1 1 1
87916 1 1 1
87918 1 1 1
87924 1 1 1
87931 1 1 1
87933 2 1 0.5
87941 1 1 1
87945 1 1 1
87955 1 1 1
87971 1 1 1
87980 1 1 1
87985 1 1 1
88010 1 1 1
88016 1 1 1
88046 2 2 1
88056 1 1 1
88062 1 1 1
88066 1 1 1
88084 2 1 0.5
88091 1 1 1
88106 1 1 1
88110 1 1 1
88118 1 1 1
88121 1 1 1
88133 1 1 1
88137 1 1 1
88143 1 1 1
88158 1 1 1
88177 1 1 1
88191 1 1 1
88211 2 2 1
88233 1 1 1
88252 1 1 1
88263 1 1 1
88282 1 1 1
88284 2 2 1
88294 1 1 1
88296 1 1 1
88307 2 1 0.5
88309 2 1 0.5
88311 1 1 1
88313 2 2 1
88321 1 1 1
88359 1 1 1
88362 1 1 1
88387 1 1 1
88425 1 1 1
88430 1 1 1
88435 1 1 1
88449 1 1 1
88452 1 1 1
88459 1 1 1
88462 1 1 1
88464 1 1 1
88471 3 3 1
88487 1 1 1
88503 1 1 1
88526 3 2 0.666667
88556 1 1 1
88560 2 2 1
88570 1 1 1
88602 1 1 1
88645 1 1 1
88669 1 1 1
88672 1 1 1
88682 1 1 1
88686 1 1 1
88692 1 1 1
88699 1 1 1
88719 1 1 1
88733 1 1 1
88752 1 1 1
88754 4 2 0.5
88755 1 1 1
88765 3 3 1
88771 1 1 1
88790 1 1 1
88794 1 1 1
88799 2 2 1
88801 1 1 1
88813 1 1 1
88829 1 1 1
88835 1 1 1
88842 1 1 1
88855 1 1 1
88889 1 1 1
88926 1 1 1
88960 1 1 1
88970 1 1 1
88992 1 1 1
89009 1 1 1
89048 1 1 1
89064 1 1 1
89068 1 1 1
89075 1 1 1
89095 1 1 1
89100 1 1 1
89107 1 1 1
89119 1 1 1
89133 1 1 1
89146 1 1 1
89151 1 1 1
89155 1 1 1
89160 1 1 1
89201 1 1 1
89205 1 1 1
89216 1 1 1
89218 1 1 1
89228 1 1 1
89232 1 1 1
89243 1 1 1
89250 1 1 1
89267 1 1 1
89269 1 1 1
89271 1 1 1
89288 2 1 0.5
89291 1 1 1
89295 2 1 0.5
89299 2 2 1
89347 1 1 1
89351 1 1 1
89356 1 1 1
89360 1 1 1
89362 1 1 1
89377 1 1 1
89390 3 3 1
89420 1 1 1
89436 1 1 1
89441 1 1 1
89452 1 1 1
89466 1 1 1
89470 1 1 1
89473 1 1 1
89486 1 1 1
89492 1 1 1
89510 1 1 1
89525 1 1 1
89543 1 1 1
89547 1 1 1
89557 1 1 1
89564 1 1 1
89571 1 1 1
89606 1 1 1
89609 1 1 1
89617 1 1 1
89634 1 1 1
89640 2 2 1
89647 1 1 1
89651 1 1 1
89664 1 1 1
89675 1 1 1
89679 1 1 1
89684 1 1 1
89691 3 3 1
89700 1 1 1
89706 1 1 1
89717 1 1 1
89733 1 1 1
89763 1 1 1
89783 1 1 1
89813 1 1 1
89815 1 1 1
89823 1 1 1
89825 1 1 1
89832 1 1 1
89834 1 1 1
89837 1 1 1
89851 1 1 1
89853 1 1 1
89861 1 1 1
89877 1 1 1
89887 1 1 1
89893 1 1 1
89895 2 2 1
89925 1 1 1
89928 3 3 1
89940 1 1 1
89942 1 1 1
89955 1 1 1
89960 1 1 1
89967 1 1 1
89972 1 1 1
89974 1 1 1
89978 1 1 1
90009 1 1 1
90013 1 1 1
90015 1 1 1
90017 1 1 1
90031 1 1 1
90034 1 1 1
90042 1 1 1
90061 1 1 1
90087 1 1 1
90097 1 1 1
90101 1 1 1
90105 3 3 1
90115 2 2 1
90120 1 1 1
90128 1 1 1
90140 1 1 1
90146 1 1 1
90148 3 3 1
90174 1 1 1
90176 1 1 1
90182 1 1 1
90195 2 2 1
90199 1 1 1
90208 1 1 1
90211 1 1 1
90217 1 1 1
90219 1 1 1
90228 1 1 1
90230 1 1 1
90240 1 1 1
90255 1 1 1
90284 1 1 1
90288 1 1 1
90307 1 1 1
90310 1 1 1
90323 2 1 0.5
90334 1 1 1
90347 1 1 1
90351 1 1 1
90355 1 1 1
90366 1 1 1
90368 2 2 1
90373 2 2 1
90375 1 1 1
90377 2 1 0.5
90378 1 1 1
90389 1 1 1
90396 2 2 1
90402 1 1 1
90443 1 1 1
90450 3 3 1
90454 1 1 1
90492 2 2 1
90512 1 1 1
90514 1 1 1
90520 1 1 1
90522 3 3 1
90530 2 1 0.5
90532 1 1 1
90538 1 1 1
90557 1 1 1
90563 1 1 1
90566 1 1 1
90591 1 1 1
90598 3 3 1
90606 2 2 1
90610 1 1 1
90620 1 1 1
90632 1 1 1
90635 1 1 1
90637 1 1 1
90664 1 1 1
90670 1 1 1
90686 1 1 1
90702 1 1 1
90704 1 1 1
90712 1 1 1
90716 1 1 1
90718 1 1 1
90722 2 1 0.5
90736 1 1 1
90747 1 1 1
90754 1 1 1
90758 1 1 1
90763 1 1 1
90779 1 1 1
90781 1 1 1
90792 2 2 1
90800 1 1 1
90806 1 1 1
90817 1 1 1
90832 1 1 1
90850 1 1 1
90861 1 1 1
90867 1 1 1
90875 1 1 1
90878 1 1 1
90884 1 1 1
90888 1 1 1
90906 1 1 1
90917 1 1 1
90932 1 1 1
90937 1 1 1
90944 1 1 1
90948 2 2 1
90950 1 1 1
90954 1 1 1
90958 1 1 1
90988 1 1 1
90990 1 1 1
90994 1 1 1
91010 1 1 1
91012 1 1 1
91018 1 1 1
91020 1 1 1
91022 1 1 1
91027 2 2 1
91040 1 1 1
91046 1 1 1
91051 1 1 1
91058 2 2 1
91084 4 4 1
91104 1 1 1
91108 1 1 1
91117 1 1 1
91122 1 1 1
91124 1 1 1
91150 1 1 1
91152 1 1 1
91163 1 1 1
91176 1 1 1
91189 1 1 1
91191 1 1 1
91214 1 1 1
91243 1 1 1
91247 1 1 1
91265 3 3 1
91272 1 1 1
91285 1 1 1
91299 1 1 1
91315 1 1 1
91317 1 1 1
91339 1 1 1
91352 1 1 1
91357 1 1 1
91366 1 1 1
91384 2 2 1
91394 3 3 1
91398 1 1 1
91428 1 1 1
91433 1 1 1
91435 1 1 1
91442 1 1 1
91444 1 1 1
91462 1 1 1
91465 2 2 1
91476 1 1 1
91482 1 1 1
91487 1 1 1
91504 1 1 1
91528 1 1 1
91544 1 1 1
91548 1 1 1
91560 1 1 1
91568 1 1 1
91570 1 1 1
91572 1 1 1
91574 1 1 1
91592 1 1 1
91596 1 1 1
91598 1 1 1
91634 1 1 1
91640 1 1 1
91652 2 1 0.5
91654 2 1 0.5
91661 1 1 1
91672 1 1 1
91689 1 1 1
91717 1 1 1
91720 1 1 1
91735 3 3 1
91737 1 1 1
91752 1 1 1
91755 1 1 1
91757 2 2 1
91779 1 1 1
91791 1 1 1
91793 1 1 1
91807 2 1 0.5
91817 1 1 1
91822 1 1 1
91836 1 1 1
91842 2 2 1
91845 1 1 1
91847 1 1 1
91863 1 1 1
91874 2 2 1
91880 1 1 1
91889 1 1 1
91904 1 1 1
91906 2 2 1
91914 1 1 1
91927 1 1 1
91947 1 1 1
91951 1 1 1
91967 1 1 1
91974 1 1 1
91976 1 1 1
91988 1 1 1
91993 1 1 1
92007 1 1 1
92009 1 1 1
92019 2 2 1
92033 1 1 1
92040 1 1 1
92044 3 3 1
92069 1 1 1
92076 1 1 1
92085 1 1 1
92106 1 1 1
92116 1 1 1
92125 1 1 1
92130 1 1 1
92132 3 3 1
92138 1 1 1
92151 1 1 1
92182 1 1 1
92188 1 1 1
92193 3 3 1
92196 1 1 1
92198 1 1 1
92215 2 1 0.5
92218 1 1 1
92239 1 1 1
92242 3 3 1
92252 1 1 1
92277 1 1 1
92293 1 1 1
92297 1 1 1
92320 1 1 1
92344 1 1 1
92349 1 1 1
92369 1 1 1
92378 1 1 1
92386 1 1 1
92392 1 1 1
92404 1 1 1
92426 1 1 1
92458 1 1 1
92460 1 1 1
92463 1 1 1
92467 1 1 1
92473 1 1 1
92477 1 1 1
92479 1 1 1
92485 1 1 1
92487 1 1 1
92499 1 1 1
92505 1 1 1
92511 1 1 1
92513 1 1 1
92527 2 2 1
92554 1 1 1
92570 3 2 0.666667
92574 1 1 1
92576 1 1 1
92585 1 1 1
92600 1 1 1
92602 1 1 1
92604 1 1 1
92606 1 1 1
92608 1 1 1
92613 1 1 1
92617 1 1 1
92625 1 1 1
92632 1 1 1
92645 1 1 1
92653 1 1 1
92663 1 1 1
92665 1 1 1
92667 1 1 1
92691 1 1 1
92703 1 1 1
92711 1 1 1
92715 1 1 1
92729 1 1 1
92753 1 1 1
92757 1 1 1
92763 1 1 1
92771 2 1 0.5
92775 1 1 1
92780 1 1 1
92789 1 1 1
92791 3 3 1
92793 1 1 1
92797 1 1 1
92804 3 3 1
92815 1 1 1
92827 1 1 1
92836 1 1 1
92838 1 1 1
92840 1 1 1
92844 1 1 1
92852 1 1 1
92854 1 1 1
92859 1 1 1
92863 1 1 1
92872 3 3 1
92889 1 1 1
92907 1 1 1
92953 1 1 1
92969 2 2 1
92977 1 1 1
92987 1 1 1
93005 1 1 1
93028 1 1 1
93041 1 1 1
93055 2 2 1
93063 1 1 1
93071 3 1 0.333333
93084 1 1 1
93086 1 1 1
93093 1 1 1
93101 1 1 1
93107 1 1 1
93109 1 1 1
93118 1 1 1
93140 1 1 1
93142 1 1 1
93147 1 1 1
93151 1 1 1
93169 1 1 1
93176 1 1 1
93180 2 1 0.5
93184 1 1 1
93186 1 1 1
93207 1 1 1
93211 1 1 1
93228 1 1 1
93236 1 1 1
93254 1 1 1
93258 1 1 1
93264 1 1 1
93281 1 1 1
93304 1 1 1
93308 1 1 1
93315 1 1 1
93326 1 1 1
93330 1 1 1
93334 1 1 1
93338 1 1 1
93340 2 2 1
93346 1 1 1
93351 1 1 1
93357 1 1 1
93359 1 1 1
93362 1 1 1
93364 1 1 1
93366 1 1 1
93372 1 1 1
93374 1 1 1
93381 1 1 1
93391 1 1 1
93395 1 1 1
93402 2 1 0.5
93415 1 1 1
93418 1 1 1
93431 1 1 1
93435 1 1 1
93437 1 1 1
93445 1 1 1
93455 1 1 1
93457 1 1 1
93465 1 1 1
93468 4 4 1
93472 1 1 1
93480 1 1 1
93482 1 1 1
93486 1 1 1
93512 1 1 1
93514 1 1 1
93521 1 1 1
93527 1 1 1
93529 1 1 1
93535 1 1 1
93539 1 1 1
93542 3 3 1
93544 3 3 1
93546 1 1 1
93559 1 1 1
93561 1 1 1
93566 1 1 1
93594 1 1 1
93605 1 1 1
93613 1 1 1
93621 2 2 1
93625 1 1 1
93629 1 1 1
93637 1 1 1
93639 1 1 1
93649 1 1 1
93652 1 1 1
93655 1 1 1
93669 1 1 1
93674 1 1 1
93676 1 1 1
93680 3 3 1
93682 1 1 1
93692 1 1 1
93702 4 4 1
93704 1 1 1
93709 1 1 1
93721 1 1 1
93737 1 1 1
93744 1 1 1
93746 1 1 1
93754 1 1 1
93768 1 1 1
93784 1 1 1
93791 1 1 1
93793 1 1 1
93797 1 1 1
93801 1 1 1
93841 1 1 1
93846 1 1 1
93850 1 1 1
93860 2 2 1
93863 1 1 1
93875 1 1 1
93896 1 1 1
93898 1 1 1
93901 1 1 1
93914 1 1 1
93916 1 1 1
93918 1 1 1
93931 1 1 1
93933 1 1 1
93937 1 1 1
93950 1 1 1
93954 1 1 1
93964 1 1 1
93973 1 1 1
93975 1 1 1
93977 1 1 1
93988 1 1 1
93993 2 2 1
94002 1 1 1
94005 1 1 1
94014 1 1 1
94016 2 1 0.5
94040 1 1 1
94055 1 1 1
94075 1 1 1
94082 1 1 1
94113 1 1 1
94115 1 1 1
94121 1 1 1
94131 1 1 1
94152 1 1 1
94155 1 1 1
94177 1 1 1
94185 1 1 1
