2 1
34 4
36 1
63 2
86 3
96 3
106 1
133 1
158 2
261 1
288 1
303 2
392 1
438 1
502 1
570 1
583 1
797 1
933 1
951 1
974 1
981 3
1010 1
1112 1
1203 1
1294 1
1299 1
1309 2
1437 1
1465 1
1644 1
1701 2
1756 1
1867 1
2091 2
2096 1
2163 1
2186 1
2242 1
2335 1
2518 2
2577 2
2579 1
2625 1
2675 1
2695 1
2710 1
3082 1
3359 1
3511 1
3658 1
3868 1
3925 1
4006 1
4203 1
4222 1
4255 2
4501 1
4892 1
5000 5
5001 3
5002 1
5078 1
5279 2
5329 1
5348 1
5399 2
5422 3
5593 4
5610 1
6013 1
6064 1
6100 1
6396 1
6469 2
6611 2
6667 2
6668 2
6805 1
6917 2
6962 1
6990 2
7021 1
7079 1
7083 1
7135 1
7271 1
7303 1
7355 1
7478 1
7904 1
8068 2
8163 1
8166 1
8207 1
8470 2
8651 1
8804 1
8826 1
8853 1
8952 1
8995 1
9089 1
9102 1
9113 1
9295 1
9308 1
9538 1
9633 1
9771 1
9831 1
9854 1
10006 1
10058 1
10105 1
10411 1
10479 1
10583 1
10636 1
11288 3
11434 1
11435 1
11470 1
11692 1
11844 2
11945 1
11979 1
11998 1
12015 1
12053 2
12068 1
12175 1
12275 1
12323 1
12326 1
12410 1
12763 1
12814 1
12858 1
12905 1
12956 1
12979 1
13208 1
13221 1
13222 1
13337 1
13355 1
13473 1
13640 1
13678 1
13697 1
13717 1
13735 1
13922 1
13928 1
13937 1
13992 1
14000 1
14098 1
14134 2
14184 2
14296 1
14309 1
14371 1
14394 2
14448 1
14483 1
14601 2
14799 1
14884 1
14886 1
14900 1
14913 1
15075 1
15087 1
15103 1
15249 1
15609 1
15637 1
15661 1
15766 1
15807 1
15810 1
15853 1
15939 1
16078 1
16160 1
16546 1
16767 2
16895 1
16960 1
17168 1
17196 1
17198 2
17526 1
17528 1
17532 1
17561 1
17771 1
17793 1
17807 2
17918 1
17925 1
17933 1
17995 1
18089 1
18168 2
18315 7
18436 1
18548 3
18562 1
18591 1
18637 1
18677 1
18693 1
18694 1
18793 1
18919 1
18946 2
19107 1
19117 1
19142 3
19271 1
19292 3
19338 1
19532 1
19617 1
19643 5
19695 1
19771 1
19783 1
19785 1
19816 1
19901 2
19918 1
19958 3
19990 1
20004 1
20050 1
20072 2
20099 1
20115 1
20125 1
20234 1
20489 1
20499 1
20510 1
20512 1
20554 2
20561 4
20606 1
20748 1
20931 1
21028 1
21198 1
21362 1
21424 1
21451 1
21490 1
21534 6
21535 1
21619 5
21648 1
21649 1
21664 1
21829 1
21864 2
21909 1
21943 1
21988 1
21998 1
22024 1
22096 2
22183 1
22284 1
22362 1
22436 1
22502 1
22653 1
22740 1
22847 1
22863 1
22925 1
23122 1
23139 3
23188 1
23220 2
23229 1
23276 1
23294 1
23379 2
23593 1
23604 7
23609 1
23904 1
23947 1
23983 1
24031 1
24095 2
24109 1
24137 5
24203 1
24243 1
24254 1
24447 2
24525 1
24743 1
24754 1
24792 1
24900 1
24933 2
24963 1
24965 1
25013 1
25057 1
25120 2
25147 1
25184 1
25246 1
25405 2
25431 1
25502 1
25509 1
25516 2
25703 1
25825 1
25882 1
25947 2
25951 1
26013 1
26049 1
26128 1
26293 1
26396 1
26525 1
26649 1
26711 1
26714 1
26765 1
26792 1
26816 1
26824 1
26898 2
26917 1
26948 1
27020 1
27041 1
27073 1
27161 1
27233 1
27258 1
27268 1
27566 1
27622 1
27893 2
27953 1
27967 1
28022 1
28122 1
28169 2
28219 1
28235 1
28239 1
28376 1
28484 1
28611 1
28654 1
28660 1
28956 1
28983 1
28987 1
28997 1
29000 1
29004 1
29012 1
29023 24
29173 20
29257 2
29428 1
29444 1
29546 1
29547 1
29646 1
29663 2
29781 1
29855 1
29865 1
29992 1
30031 1
30175 2
30189 1
30193 1
30219 2
30262 2
30328 1
30337 3
30375 2
30455 1
30640 1
30689 3
30817 1
30833 1
30860 1
30992 1
31026 1
31064 1
31214 1
31371 1
31393 1
31430 1
31493 1
31797 1
31838 1
31848 1
31857 1
31868 1
32023 2
32040 1
32242 1
32245 1
32332 1
32393 2
32447 1
32481 1
32495 1
32516 1
32656 1
32658 1
32703 1
32707 2
32787 3
32905 1
32935 1
32974 1
33117 1
33161 1
33164 1
33170 1
33369 1
33373 1
33409 1
33611 1
33742 1
33755 2
33756 1
33965 1
34000 2
34152 1
34177 1
34181 1
34212 1
34297 1
34522 1
34584 2
34650 2
34672 1
34768 1
34773 1
34878 1
34886 1
34904 1
34965 1
35023 1
35081 1
35100 1
35118 1
35192 1
35421 1
35465 1
35474 1
35500 1
35550 1
35590 1
35682 1
35801 4
35877 1
35933 1
35988 1
36005 3
36132 1
36265 1
36373 1
36386 1
36428 1
36467 1
36534 1
36668 1
36687 1
36692 1
36844 1
36882 1
36960 1
36965 1
36997 1
37030 1
37098 1
37100 1
37264 1
37297 4
37318 2
37411 1
37496 2
37670 1
37709 1
37729 1
37815 1
37867 2
37953 1
38021 1
38076 1
38110 1
38203 1
38307 1
38578 1
38643 1
38649 1
38674 1
38816 1
38846 1
38904 1
38937 1
38942 1
39078 1
39144 1
39207 1
39233 1
39239 2
39344 1
39385 1
39563 1
39657 1
39721 1
39769 1
40019 1
40079 1
40089 2
40109 1
40213 1
40232 2
40273 1
40282 1
40416 1
40428 1
40493 2
40592 1
40599 1
40615 2
40617 1
40632 1
40769 1
40788 1
40807 1
40920 1
41038 1
41054 2
41065 1
41158 1
41187 3
41210 3
41261 1
41286 2
41297 1
41358 1
41365 1
41390 1
41429 1
41483 1
41549 2
41573 1
41707 1
41855 1
41877 1
41991 3
42124 1
42273 1
42377 1
42456 2
42465 1
42615 1
42865 1
42870 1
42884 1
42895 3
42947 1
42969 1
42976 1
43197 2
43229 1
43265 1
43287 2
43363 1
43383 1
43399 1
43529 1
43671 1
43703 1
43748 1
43982 1
44041 1
44155 1
44205 1
44351 1
44390 1
44391 1
44424 3
44462 1
44479 3
44493 1
44585 1
44588 1
44628 1
44709 1
44731 3
44923 1
45144 1
45211 1
45407 1
45436 1
45709 1
45894 2
45986 2
46095 1
46254 1
46289 1
46333 1
46380 1
46449 1
46507 1
46536 1
46560 1
46642 1
46697 1
46838 2
46869 1
46897 1
46933 1
47028 1
47138 1
47159 2
47165 2
47167 1
47168 1
47212 1
47410 1
47435 1
47694 1
47708 1
47714 1
47720 1
47884 1
47900 2
47968 1
47991 1
48007 1
48008 1
48011 1
48144 2
48160 1
48172 1
48315 1
48460 1
48465 1
48571 1
48588 1
48604 1
48646 1
48687 1
48690 1
48923 1
48964 1
48997 1
49032 1
49033 1
49051 1
49291 2
49301 1
49332 1
49389 1
49475 2
49595 1
49605 1
49629 1
49708 1
49732 1
49784 1
49809 1
49852 2
49884 1
50172 1
50227 1
50239 2
50339 1
50423 1
50428 1
50510 2
50597 1
50644 1
50664 1
50691 1
50708 1
50715 1
50853 2
51089 1
51146 1
51235 2
51306 1
51327 1
51336 1
51338 1
51490 1
51498 1
51505 2
51567 1
51571 1
51581 1
51608 1
51621 1
51629 1
51724 1
51822 1
52031 1
52159 1
52173 1
52184 1
52191 1
52264 1
52329 1
52335 1
52472 1
52557 2
52613 1
52635 1
52714 1
52729 1
52762 4
52768 1
52830 1
52865 5
52902 1
52967 1
53018 1
53022 1
53231 1
53240 1
53285 1
53318 1
53398 1
53469 1
53609 1
53640 1
53750 1
53782 1
53803 1
53821 1
53849 1
53903 2
53912 1
54106 1
54122 1
54138 1
54242 1
54258 1
54263 1
54316 1
54351 1
54438 1
54492 1
54520 1
54559 1
54573 1
54643 1
54669 1
54956 1
55186 1
55262 1
55745 4
55828 1
55937 2
55986 1
56010 1
56017 1
56025 1
56104 1
56209 1
56271 2
56313 1
56319 1
56329 1
56455 1
56515 1
56726 1
56893 1
56915 1
57131 1
57239 2
57267 1
57431 1
57570 1
57634 1
57680 1
57716 2
57790 1
57801 2
57825 1
57957 1
58030 1
58040 1
58076 1
58097 1
58170 1
58341 1
58346 2
58522 1
58529 1
58581 1
58642 1
58908 1
58953 1
59049 1
59124 1
59253 1
59380 1
59471 1
59643 1
59851 1
60106 2
60182 1
60184 1
60238 1
60359 1
60400 2
60463 1
60495 2
60875 1
61015 1
61270 2
61521 2
61721 1
61753 2
61796 1
61805 1
61857 1
62365 1
62499 1
63072 1
64257 1
64502 1
64545 1
64750 1
64854 1
64876 1
65072 1
65083 1
65196 1
65463 1
65640 1
66047 1
66805 1
68098 1
68219 1
68297 1
68355 1
68366 1
68750 2
69554 1
69595 1
69805 1
69870 1
70776 1
70870 2
71865 1
72214 1
72218 1
72351 1
72460 2
72662 1
72723 1
73325 1
74101 1
74406 1
74634 1
75420 1
75522 3
77146 1
78352 1
78991 1
79232 2
79323 1
80358 3
80619 1
82926 1
83426 1
84338 1
85600 2
85745 1
85746 1
85752 1
85766 1
86064 1
86410 1
86676 1
87098 1
87288 1
88040 1
88928 1
88988 2
89250 1
89385 1
89523 1
89527 1
90152 1
90402 2
90585 2
91457 1
91607 1
91888 1
91894 1
91895 1
92140 1
92507 1
92526 2
92827 2
92835 1
93426 2
94662 1
95056 1
96757 1
96758 1
96766 1
96987 1
98352 1
98882 1
98995 2
101805 1
102018 2
102610 1
102948 1
103311 1
103381 1
103409 1
103661 1
103665 1
103669 1
103684 1
104165 1
104513 1
104814 1
105072 1
105501 1
105924 1
106533 1
106696 1
106772 1
106775 1
107552 1
107772 1
108615 1
110784 2
111267 1
111366 3
111379 1
112787 2
113485 1
114666 1
115073 1
115308 2
116976 1
117821 2
118382 1
118707 1
119606 1
120920 1
121812 1
121894 1
125716 1
126026 2
126628 1
127807 1
128558 1
128804 3
129692 1
130406 1
130687 2
132371 1
133457 4
133760 1
135086 1
135175 2
135212 1
135616 2
136095 1
137383 1
139449 1
139494 1
140418 1
140673 1
141983 1
142478 1
143352 1
143682 1
145011 1
145240 1
145796 1
146938 1
147354 1
147370 1
147702 1
150040 1
150169 1
150198 2
151307 1
151337 1
151399 1
151652 1
151825 1
152762 1
153262 1
155603 1
155794 1
156873 1
157207 1
157791 1
157899 1
157910 1
158026 1
158273 1
158354 1
158540 1
160234 1
162077 3
162289 1
162757 1
162966 1
163009 1
163510 1
163769 1
163921 1
164101 1
167191 1
167318 2
167431 1
168956 1
169778 1
170029 1
170093 1
170255 1
171206 1
171356 1
171656 1
172163 1
173672 1
175287 1
175675 1
176487 1
176684 1
177161 1
178055 1
178365 1
179906 3
181019 1
182938 1
184299 2
184345 1
184906 1
184952 2
185241 1
186118 1
186765 1
186929 1
187181 1
187345 1
188729 1
189448 1
189584 1
190245 1
190622 1
190694 1
191559 1
191745 1
192012 1
192235 1
192633 1
194383 1
194613 1
195427 1
195458 1
195717 1
196209 1
196292 1
196788 1
197385 7
197930 1
198047 1
198198 1
200370 1
201013 1
201137 1
201204 1
201297 1
201730 1
202252 2
202999 1
203188 3
203678 1
204109 1
204331 1
204641 1
205266 1
206067 1
206314 1
206458 1
206584 5
206719 1
206901 2
206927 1
208421 1
209172 4
209876 1
210642 1
210657 1
210719 1
211463 1
212575 1
212984 11
213741 1
214201 1
214912 1
215221 1
215304 2
215469 1
215868 1
216403 1
216619 1
217037 1
217407 1
217496 1
217879 1
217988 1
218386 1
218544 1
218567 1
218617 1
219075 1
219766 1
219777 1
219827 1
220094 1
220593 1
220777 1
220801 2
221082 2
221379 1
221568 1
222068 1
222251 1
222647 1
223466 1
223686 1
223706 1
223782 1
224070 1
224175 1
224201 1
224408 1
224455 1
224599 1
224603 1
225867 1
226000 1
226350 1
226412 1
226449 1
226765 1
227790 1
227957 1
228300 1
228330 1
228758 1
229160 1
229494 1
229691 1
229961 1
230848 1
231225 1
231492 1
231746 1
232385 1
232610 1
232885 1
233141 1
233835 1
234146 1
234244 1
235047 1
235337 1
236165 4
236255 1
236437 1
236607 1
237064 1
237214 1
237301 1
237827 1
238093 1
238576 1
238926 1
239922 1
240508 1
241253 1
241761 1
243568 1
244539 1
244613 5
244707 2
244966 1
245085 1
245124 2
245402 1
247154 1
247452 1
247559 1
247737 1
248658 1
248730 1
248801 1
249217 1
249524 1
249759 1
251095 1
251314 1
251354 1
251360 1
251764 1
251881 3
252131 1
252164 2
252245 1
252626 1
253212 1
253229 1
253285 1
253571 1
253673 1
254340 1
255611 1
255968 1
256531 1
256800 2
257426 2
257599 1
257661 1
258294 1
259262 1
259510 1
259749 1
259777 1
260176 1
260477 1
260534 1
261259 3
261292 4
262905 1
265215 1
267056 1
267453 1
267624 4
267725 1
267842 1
267878 1
267919 1
268184 1
268202 1
268220 1
268549 1
268610 1
268887 1
268971 1
268990 1
268994 1
269065 1
269103 1
269421 1
269480 1
269517 1
269522 1
269557 1
269568 1
269816 1
269881 1
270078 1
270157 1
270179 1
270295 1
270545 1
270549 1
270665 1
270869 1
270932 2
270993 1
271066 1
271076 1
271373 1
271565 1
271618 1
271700 1
271755 1
271787 1
271803 1
271866 1
272233 1
272580 1
272606 1
272806 1
272819 1
273029 1
273277 1
273309 1
273315 1
273499 1
273616 1
274207 1
274680 1
274972 1
275030 1
275438 1
275661 1
275911 1
276080 1
276274 1
276477 1
276826 1
277165 1
277274 1
277833 1
277870 1
277955 1
278152 1
278229 1
278284 1
278639 1
278766 1
278777 1
278829 1
279489 1
279637 1
280646 1
281342 1
281400 1
281665 1
281920 2
282237 1
282510 1
282609 1
282740 1
282855 2
282966 1
283156 1
283418 1
283439 2
283603 1
283744 1
283996 1
284431 1
284564 1
284588 1
284725 1
284753 1
285557 1
285700 1
285759 1
285820 1
285852 1
285994 1
286070 1
286411 1
286521 1
286792 1
286951 1
286970 1
287085 1
287247 1
287283 1
287328 1
287374 1
287394 2
287421 1
287756 1
287928 1
288558 2
288721 1
288801 2
288950 1
289163 1
289212 1
289485 1
290264 1
290615 1
291305 1
291806 1
291869 1
291952 1
292139 1
292211 1
292578 2
293184 1
293523 1
293720 2
293874 1
294212 1
294301 1
294614 1
294950 1
294986 1
295574 1
295919 1
295930 1
296088 1
296249 1
296257 1
297829 1
297947 1
298269 1
298344 1
298404 1
298518 1
298959 1
298992 1
299233 1
299681 1
299897 1
300153 1
300717 1
302048 1
302529 1
302784 1
303322 1
303594 2
303721 1
303774 1
303809 1
304529 1
304986 1
305403 1
305578 1
305645 1
305906 1
306521 1
306655 1
306736 1
307039 1
307046 1
307408 1
308223 1
308331 1
308384 1
309055 1
309805 1
310298 1
310486 1
311214 1
311638 1
312012 1
312044 1
312271 1
312320 2
312846 1
312889 1
312939 1
312959 1
312971 1
313042 1
313078 1
313560 1
313611 1
313919 1
314141 1
314226 1
314277 1
314588 2
314988 1
315178 1
315180 1
315228 1
315412 1
315656 1
315665 1
316322 1
316343 1
316723 1
317264 1
317405 1
317462 1
317534 1
317706 1
317985 1
319883 1
320067 1
320134 1
320318 1
320683 1
320808 1
320818 1
320947 1
321124 1
321275 1
321490 1
321507 2
322099 1
322593 1
322709 1
323428 1
324136 1
324935 1
325299 1
325771 1
326254 1
326721 1
327098 1
327232 1
327262 1
327634 1
327750 1
328146 2
328532 1
329201 2
330883 1
330932 1
331295 1
331317 1
332093 1
332784 1
332847 1
333478 1
333581 1
333981 1
334293 1
334294 1
334566 1
334875 1
335070 1
335405 1
335578 1
335813 1
336282 1
336965 1
337386 1
337866 1
337899 1
338073 1
338407 1
338532 2
338755 1
340294 1
340596 1
340778 1
340917 1
340995 12
341113 1
341190 1
341532 1
341729 1
342332 1
343063 1
343236 1
343593 2
344476 1
344638 1
344870 1
345207 2
345315 1
345441 1
345977 1
346053 1
346464 1
346911 1
347559 1
348410 1
348576 1
348677 1
349019 1
349943 1
351375 1
351769 1
352227 1
352255 1
353026 1
353051 1
353331 1
353400 1
354233 1
354365 2
354522 1
355603 1
356626 1
356967 1
357055 1
357981 2
358248 1
359019 1
359101 1
360013 3
360549 1
360656 1
362116 1
362735 3
362822 1
362861 1
364286 1
364591 1
364816 1
364860 1
365043 1
365624 1
365821 1
366371 1
366658 1
367301 1
367450 1
367584 1
368752 1
369080 1
371074 1
371467 1
371855 1
371878 1
373050 1
374414 1
374540 1
375108 1
376029 1
376488 1
377295 1
378129 1
378322 1
378433 1
378480 1
378497 1
380118 1
380269 1
380365 1
380957 1
381069 1
382508 1
382770 1
382874 1
383075 1
383337 1
383455 1
383502 1
384271 1
384361 1
384557 1
384788 1
384840 1
385377 1
385595 1
386489 1
386581 1
386763 1
386897 1
387577 1
387625 1
388015 1
389456 1
389576 1
389606 2
390094 2
390455 1
390512 1
391559 1
391829 1
392224 1
392824 1
392865 1
393022 1
393590 1
396099 1
396438 1
396496 1
396967 1
397209 1
397950 1
398581 1
398989 1
399489 1
399817 1
399875 1
400290 1
400550 1
400719 1
401088 1
401493 1
401748 1
401827 1
402136 1
402221 1
402553 1
402745 1
402927 2
403189 1
403708 1
404575 2
404749 1
404933 1
406046 1
407065 1
407210 1
407329 1
407359 1
408413 1
408634 1
408677 1
409088 1
409414 1
409507 2
409538 1
409987 1
410084 1
410206 1
410214 1
410236 1
410259 1
410307 1
411427 1
411485 1
411654 1
412165 1
412545 1
412704 1
412934 1
413099 1
413394 1
413512 1
414121 1
415685 1
415815 1
416927 1
417458 1
418510 1
419016 1
419203 1
420159 1
420699 1
420926 1
421110 1
421352 1
422822 2
422948 3
423616 1
424763 2
424772 1
424864 1
425076 1
425233 1
425609 1
425692 1
426179 1
429085 1
429811 1
429963 1
429991 1
430704 1
430882 1
431185 1
431360 1
431468 2
432024 1
433129 1
433380 1
434075 1
434114 1
435074 1
435327 2
435490 4
436121 1
436687 1
436756 1
437738 1
438154 1
438523 1
438698 1
438849 1
439194 1
439485 1
439804 1
440397 1
440766 1
441162 1
441379 1
441607 1
442925 1
443018 1
443118 1
443772 1
443935 1
444002 1
444110 1
444689 1
444713 1
444990 1
445704 1
445787 1
446040 1
446842 1
447064 1
447350 1
447670 1
447752 1
447880 1
447994 3
448139 1
448910 1
448956 1
449409 1
449920 1
450255 1
450605 1
450760 1
450968 1
450978 1
451404 1
451670 1
451817 1
452298 1
452310 1
452593 2
452621 1
453193 1
453500 2
453580 1
453876 1
453915 1
454295 1
454887 1
454975 1
455649 1
456051 1
456429 1
456594 1
457117 1
457185 1
457553 1
457743 1
457899 1
458248 1
458514 1
458757 1
461827 1
461932 1
461977 1
462090 1
462286 1
462443 1
463066 1
463285 1
463378 1
463393 1
463475 1
463591 1
463866 5
464246 1
464787 1
464852 1
465129 1
465287 1
465805 1
466119 1
466382 2
466768 1
467028 1
467110 1
467201 1
467421 1
467423 1
467505 1
467559 1
468179 1
468299 1
468761 1
470453 1
471100 1
471112 1
471178 1
471557 1
471767 1
471987 1
472185 1
472622 1
472784 1
472794 1
473373 1
473426 1
473532 1
473625 1
473644 1
473881 1
474101 1
474433 1
474551 1
474790 1
474971 1
475347 1
476015 1
477214 2
477634 1
477762 1
478494 1
479200 1
479613 1
479874 1
479882 1
480704 2
480968 1
481277 1
481568 3
481649 1
481746 1
481871 1
482121 1
482854 1
483115 1
483209 1
483459 1
483652 1
483678 1
483794 1
484522 1
485835 1
486470 1
486603 1
486701 1
487102 3
487122 1
487266 1
487753 1
487777 1
487914 2
488963 1
488974 1
489388 1
490035 1
490367 1
490447 1
491050 1
491306 1
491351 1
491599 2
491639 1
491716 1
492353 1
492408 1
492526 1
492848 1
492883 1
493312 1
493335 1
493615 1
493632 1
493653 1
493846 1
493872 15
493912 1
494015 1
494473 2
494587 1
495126 1
495131 1
495175 1
495184 1
495474 1
495693 2
496743 1
496911 1
496972 1
497188 1
497306 1
497639 1
497725 1
498061 1
498198 1
498200 1
498272 2
498291 1
498405 1
498905 1
499048 1
499276 1
499442 1
499459 1
499465 1
499686 1
499786 1
499807 1
499840 1
499919 1
500066 1
500174 1
500899 6
501163 1
501695 1
501957 1
502349 1
502793 1
503071 1
503303 1
503368 1
503375 1
504038 1
504252 2
504476 1
504666 3
504801 1
504830 1
504897 1
505158 1
505703 1
505836 1
505942 1
505944 1
506546 2
506691 2
506738 1
506928 1
507057 8
507280 2
507413 1
507472 1
507572 2
507723 1
507804 1
507812 2
508057 1
508059 1
508198 1
508369 1
508382 1
508394 2
508411 1
508416 1
508419 2
508430 2
508446 1
508450 1
508467 1
508483 1
508492 1
508498 1
508501 1
508507 1
508511 1
508521 1
508540 1
508543 1
508550 1
508552 1
508559 1
508568 1
508570 1
508575 1
508578 1
508580 1
508589 1
508596 1
508599 1
508615 1
508625 1
508628 1
508629 1
508630 1
508633 1
508636 1
508642 1
508651 1
508654 1
508655 1
508658 1
508665 1
508669 1
508675 1
508677 1
508689 1
508691 1
508694 1
508699 1
508703 1
508717 1
508736 1
508743 1
508751 1
508752 1
508760 1
508763 1
508774 1
508777 2
508783 1
508806 1
508808 1
508810 1
508811 2
508832 1
508836 1
508849 1
508852 1
508856 1
508867 1
508873 1
508884 2
508893 1
508901 1
508911 1
508922 1
508924 1
508926 1
508929 1
508933 1
508934 1
508940 1
508956 1
508957 1
508967 1
508968 1
508969 1
508987 1
508991 1
509001 1
509015 1
509030 1
509037 1
509047 1
509056 1
509057 1
509073 1
509077 1
509084 1
509085 1
509095 1
509101 1
509102 1
509104 1
509109 1
509122 1
509137 1
509141 1
509142 1
509147 1
509148 1
509150 1
509153 1
509156 1
509158 1
509159 1
509170 1
509173 1
509176 1
509181 1
509192 1
509195 1
509201 1
509202 1
509204 1
509212 1
509218 1
509225 1
509228 1
509232 1
509241 1
509242 1
509250 1
509269 1
509279 1
509284 2
509295 1
509303 1
509304 1
509317 1
509334 2
509345 1
509349 1
509351 1
509362 1
509364 1
509366 1
509368 1
509381 1
509383 1
509391 1
509394 1
509410 1
509439 1
509441 1
509453 1
509473 1
509476 1
509486 1
509491 1
509493 1
509501 1
509505 1
509523 1
509528 1
509532 1
509542 1
509544 1
509545 1
509546 1
509555 1
509561 1
509570 1
509573 1
509581 1
509583 1
509587 1
509592 1
509593 12
509600 1
509616 1
509618 1
509624 1
509631 2
509636 1
509649 1
509658 1
509662 1
509667 1
509669 1
509674 1
509675 1
509683 1
509688 1
509695 1
509703 1
509734 1
509745 1
509759 1
509761 1
509764 1
509768 1
509772 1
509773 1
509774 1
509788 1
509798 1
509824 1
509825 1
509852 1
509854 1
509856 1
509861 1
509866 1
509870 1
509878 1
509883 1
509893 1
509920 1
509921 1
509922 1
509924 1
509942 1
509949 1
509953 1
509959 1
509966 1
509989 1
509994 1
510000 1
510002 1
510023 1
510042 1
510046 1
510048 1
510053 1
510066 1
510068 1
510074 3
510075 1
510077 1
510092 1
510098 1
510100 1
510101 1
510112 1
510115 1
510118 1
510122 1
510138 1
510142 1
510145 1
510147 1
510161 1
510165 1
510168 1
510174 1
510181 1
510183 1
510206 1
510210 1
510216 1
510219 1
510220 1
510240 1
510241 1
510249 1
510255 2
510263 1
510270 1
510272 1
510283 1
510284 1
510286 1
510289 1
510290 1
510294 1
510297 1
510300 1
510306 1
510312 1
510313 1
510316 1
510339 1
510342 1
510366 1
510380 1
510411 1
510416 1
510417 1
510422 2
510425 1
510427 1
510444 1
510450 1
510459 1
510466 1
510468 1
510493 2
510495 1
510512 4
510513 1
510526 1
510532 1
510534 1
510550 1
510565 1
510577 1
510578 1
510591 1
510596 2
510629 2
510638 1
510641 1
510643 2
510646 1
510653 1
510659 1
510660 1
510663 1
510668 1
510670 1
510683 1
510692 1
510701 1
510703 1
510705 1
510712 1
510713 1
510717 1
510728 1
510735 1
510736 1
510741 1
510745 1
510751 1
510765 1
510767 1
510769 1
510773 1
510774 1
510778 1
510782 1
510809 1
510811 1
510813 1
510814 1
510816 1
510826 1
510833 1
510838 1
510839 1
510842 1
510846 1
510852 1
510860 1
510862 1
510867 1
510874 1
510880 1
510895 1
510900 1
510904 1
510905 2
510906 1
510916 1
510927 1
510935 1
510936 1
510937 1
510946 1
510948 1
510950 1
510954 1
510955 1
510958 1
510965 1
510967 1
510968 1
510970 1
510971 1
510978 1
510979 1
510982 1
510985 1
510986 1
510990 1
510995 1
510999 1
511011 1
511012 1
511020 1
511025 1
511027 1
511028 1
511038 1
511042 1
511044 1
511053 1
511057 1
511059 1
511068 1
511072 1
511078 1
511081 1
511091 1
511102 1
511109 1
511110 1
511112 1
511120 1
511121 1
511123 1
511125 1
511131 2
511136 1
511145 1
511150 1
511151 1
511171 1
511172 1
511178 1
511189 1
511190 1
511191 1
511194 1
511196 1
511199 2
511213 1
511214 1
511222 1
511230 1
511231 1
511233 1
511235 1
511253 1
511257 1
511267 1
511279 1
511281 1
511283 1
511286 1
511290 1
511291 1
511292 1
511293 1
511301 1
511315 1
511319 1
511320 1
511327 1
511328 1
511335 1
511340 1
511352 1
511353 1
511356 1
511361 1
511363 1
511375 1
511378 1
511394 1
511395 3
511397 1
511402 1
511409 1
511417 1
511421 1
511423 1
511428 1
511429 1
511432 1
511434 1
511435 1
511437 1
511440 1
511442 1
511452 1
511456 1
511457 1
511471 1
511474 1
511476 1
511490 1
511495 1
511521 2
511530 1
511534 1
511536 1
511540 1
511544 1
511548 1
511550 1
511554 1
511561 1
511562 1
511564 1
511567 1
511576 1
511577 1
511584 1
511587 1
511590 1
511596 1
511599 1
511602 1
511608 1
511613 1
511615 1
511616 1
511619 1
511620 1
511630 2
511631 1
511646 1
511653 1
511655 1
511659 1
511663 1
511665 1
511666 1
511672 1
511678 1
511687 2
511694 1
511695 1
511696 1
511706 1
511707 2
511727 1
511728 1
511746 1
511751 1
511752 1
511755 1
511758 1
511764 2
511769 1
511791 1
511805 1
511808 1
511813 1
511822 1
511823 1
511825 1
511831 1
511842 1
511846 1
511853 1
511856 1
511857 1
511869 1
511870 1
511873 1
511877 1
511882 2
511895 1
511900 1
511906 1
511907 1
511936 1
511941 2
511944 1
511949 1
511952 1
511953 1
511954 1
511961 1
511965 1
511976 1
511979 1
511983 1
511985 1
511988 1
511989 1
511991 1
511994 1
511996 1
512004 1
512005 1
512018 1
512024 1
512038 1
512041 1
512051 1
512057 1
512060 1
512070 1
512080 1
512082 1
512087 1
512093 1
512103 1
512105 1
512107 1
512116 1
512121 1
512123 1
512143 1
512144 1
512151 1
512153 1
512154 1
512156 1
512162 1
512163 1
512170 1
512172 1
512178 1
512184 1
512187 1
512191 1
512192 1
512197 1
512202 1
512204 1
512208 1
512215 1
512219 1
512222 1
512225 1
512232 1
512238 1
512241 1
512243 1
512262 1
512269 1
512271 1
512274 1
512281 1
512282 1
512288 1
512289 1
512290 1
512291 1
512293 1
512296 2
512305 1
512308 1
512311 1
512318 1
512330 1
512332 1
512341 1
512346 1
512350 2
512353 1
512364 1
512368 1
512369 1
512373 1
512375 1
512377 1
512383 1
512388 1
512390 1
512396 1
512409 1
512415 1
512417 1
512429 1
512447 1
512453 1
512479 1
512502 1
512519 1
512520 2
512530 1
512535 2
512536 1
512541 1
512543 1
512544 1
512546 1
512549 1
512559 1
512562 1
512570 1
512586 1
512588 1
512606 1
512610 1
512615 1
512628 1
512629 1
512635 1
512638 2
512642 1
512650 1
512660 1
512661 1
512664 1
512677 1
512686 1
512695 1
512719 1
512729 1
512730 1
512732 1
512745 1
512764 1
512771 1
512786 1
512789 1
512790 1
512792 1
512794 1
512796 1
512802 1
512803 1
512808 1
512826 1
512830 1
512832 1
512833 1
512835 1
512837 1
512839 1
512851 1
512856 1
512860 1
512864 1
512865 1
512866 1
512886 2
512888 1
512892 1
512894 1
512908 1
512916 1
512924 2
512934 1
512940 1
512956 1
512961 1
512962 1
512978 1
512979 2
512980 1
512990 1
512991 1
512995 1
513005 1
513006 1
513016 2
513018 1
513022 1
513028 1
513029 1
513030 1
513039 1
513040 1
513041 1
513071 1
513082 1
513085 1
513086 2
513088 1
513090 1
513094 1
513095 1
513098 2
513101 1
513111 1
513119 3
513122 1
513126 1
513133 1
513135 1
513148 1
513149 1
513156 1
513158 1
513159 1
513170 1
513192 1
513194 1
513196 1
513200 1
513202 1
513205 1
513216 1
513217 1
513224 1
513225 1
513227 1
513232 1
513240 1
513243 1
513253 2
513262 1
513270 1
513285 1
513306 1
513310 1
513332 1
513337 1
513340 1
513341 1
513344 1
513346 1
513347 1
513351 1
513369 1
513375 2
513378 1
513384 1
513385 1
513391 1
513397 1
513402 1
513403 1
513419 1
513422 1
513424 1
513438 1
513442 1
513465 1
513478 1
513482 1
513486 1
513494 1
513498 1
513501 1
513506 1
513521 1
513525 1
513537 1
513545 1
513548 1
513553 1
513559 1
513562 1
513564 1
513565 1
513567 1
513568 1
513573 1
513578 1
513581 1
513584 1
513597 1
513599 1
513602 1
513615 1
513618 1
513619 1
513626 1
513628 1
513634 1
513642 1
513648 1
513656 1
513657 1
513659 1
513667 1
513672 1
513686 1
513688 1
513692 1
513698 1
513702 1
513706 1
513707 1
513709 1
513717 1
513721 1
513729 1
513734 1
513752 3
513763 1
513773 1
513778 1
513784 1
513793 1
513817 1
513820 1
513823 1
513827 1
513843 1
513844 1
513849 1
513864 1
513871 1
513878 1
513886 1
513890 1
513892 1
513897 1
513901 1
513914 1
513915 1
513918 1
513920 2
513930 1
513946 1
513948 1
513952 1
513953 1
513958 1
513978 1
513979 4
514000 1
514002 3
514007 1
514013 1
514018 1
514022 1
514024 1
514033 1
514042 1
514047 1
514051 1
514055 1
514060 1
514072 1
514088 1
514093 1
514101 1
514103 1
514104 1
514107 1
514134 1
514140 1
514148 2
514170 1
514172 2
514179 1
514189 1
514200 1
514201 1
514207 1
514214 1
514220 1
514234 1
514236 5
514252 1
514258 1
514259 1
514266 1
514269 1
514277 1
514280 1
514283 1
514286 1
514314 1
514317 1
514320 1
514327 1
514336 1
514363 1
514372 1
514387 1
514398 1
514404 1
514411 1
514412 1
514414 1
514416 1
514426 1
514434 1
514437 1
514450 1
514466 1
514471 1
514480 1
514487 1
514493 1
514497 1
514499 1
514500 1
514508 1
514509 1
514512 1
514513 1
514515 1
514516 1
514517 1
514523 1
514525 1
514538 1
514548 1
514551 2
514552 1
514554 2
514555 1
514571 1
514578 1
514583 1
514592 1
514596 1
514620 1
514630 1
514638 1
514644 1
514667 1
514685 1
514687 1
514690 1
514695 1
514710 2
514730 1
514734 1
514736 1
514737 2
514738 1
514751 1
514771 2
514772 1
514777 1
514792 2
514795 1
514798 1
514814 1
514818 1
514819 1
514822 1
514826 1
514840 1
514846 1
514862 1
514864 1
514865 1
514867 1
514869 1
514871 1
514873 1
514882 1
514886 1
514887 1
514890 1
514892 1
514894 1
514900 2
514903 1
514907 1
514910 1
514911 1
514928 1
514936 1
514937 1
514948 1
514954 1
514955 1
514958 1
514963 1
514978 1
514985 1
514986 1
515005 1
515007 1
515022 2
515028 1
515049 1
515056 1
515062 1
515065 1
515073 1
515079 1
515082 1
515084 1
515091 1
515093 1
515110 1
515117 1
515120 1
515122 1
515123 1
515126 1
515131 1
515146 1
515148 3
515151 1
515153 1
515176 1
515177 2
515183 1
515184 1
515187 1
515188 1
515189 1
515198 1
515201 1
515222 1
515251 1
515257 1
515261 1
515262 1
515266 1
515267 1
515280 1
515291 1
515295 1
515301 1
515305 1
515313 1
515315 1
515317 1
515325 1
515327 1
515335 1
515346 1
515351 1
515353 3
515357 1
515371 1
515381 1
515386 1
515392 1
515406 1
515409 1
515413 1
515423 1
515424 1
515430 1
515439 1
515441 1
515448 1
515451 1
515452 1
515469 1
515474 2
515477 1
515480 1
515490 1
515492 1
515495 1
515501 1
515502 1
515505 1
515507 1
515508 1
515513 1
515523 1
515526 1
515531 1
515545 1
515547 1
515549 1
515550 1
515552 1
515564 1
515570 1
515584 1
515593 1
515602 1
515603 1
515619 1
515621 1
515632 1
515638 1
515652 1
515653 1
515656 1
515664 1
515668 1
515671 1
515681 1
515692 1
515693 1
515697 1
515709 1
515710 1
515712 1
515716 1
515717 1
515719 1
515720 1
515721 1
515724 1
515725 1
515726 1
515731 1
515733 1
515736 1
515737 1
515738 1
515740 1
515743 1
515746 1
515753 1
515756 1
515761 1
515763 2
515768 1
515769 1
515777 1
515781 2
515784 2
515785 1
515789 2
515791 1
515808 1
515823 1
515855 1
515856 1
515867 1
515870 1
515871 1
515879 1
515884 1
515886 1
515889 1
515897 1
515905 1
515916 1
515924 1
515925 1
515934 1
515936 1
515940 1
515942 1
515944 1
515946 1
515974 1
515975 1
515978 1
515982 1
515983 2
515990 1
515992 2
515995 1
516000 1
516001 1
516003 1
516012 1
516017 1
516021 1
516022 1
516025 1
516029 1
516036 1
516038 1
516039 1
516041 1
516044 1
516049 1
516052 1
516053 1
516054 1
516062 1
516063 1
516071 1
516074 1
516081 1
516088 1
516102 1
516103 1
516112 1
516127 1
516132 1
516139 1
516144 1
516151 1
516153 1
516159 1
516166 1
516174 1
516190 1
516197 1
516201 1
516206 1
516215 1
516217 1
516227 1
516237 1
516248 1
516254 1
516260 1
516268 1
516271 1
516288 1
516298 2
516300 1
516304 1
516306 2
516313 1
516316 1
516318 1
516326 1
516345 1
516350 1
516369 1
516373 1
516389 1
516391 1
516403 1
516415 1
516434 1
516443 1
516446 1
516448 1
516449 1
516458 1
516472 1
516475 1
516484 1
516489 1
516497 1
516506 1
516510 1
516513 1
516529 1
516534 1
516540 1
516545 1
516547 1
516549 1
516558 2
516559 1
516561 1
516586 1
516591 1
516598 1
516604 1
516616 1
516618 1
516633 1
516636 1
516642 1
516645 1
516651 1
516653 2
516654 1
516656 1
516663 1
516667 1
516670 1
516678 1
516680 1
516682 1
516686 1
516689 1
516694 1
516705 1
516722 1
516735 1
516741 1
516755 1
516773 1
516776 1
516780 1
516784 1
516789 1
516791 1
516793 1
516798 1
516800 1
516802 1
516826 1
516829 1
516830 1
516847 1
516849 1
516857 1
516863 2
516875 1
516878 1
516885 1
516887 1
516891 1
516898 1
516901 1
516902 1
516921 1
516926 1
516939 1
516942 1
516953 1
516957 1
516959 1
516971 1
516973 1
516975 1
516976 1
516977 1
517000 1
517003 2
517006 1
517009 1
517012 1
517018 1
517029 1
517033 1
517042 2
517046 1
517055 1
517066 1
517070 1
517082 1
517086 1
517089 1
517091 1
517095 1
517096 1
517110 1
517118 1
517121 1
517132 1
517135 1
517139 1
517144 1
517148 1
517152 1
517161 1
517163 1
517164 1
517171 1
517178 1
517179 1
517183 1
517193 2
517202 2
517207 1
517216 1
517222 2
517223 1
517228 1
517232 1
517233 1
517234 1
517239 2
517240 1
517244 1
517257 1
517266 1
517277 1
517282 1
517323 1
517327 1
517330 1
517331 1
517333 1
517334 1
517335 1
517359 1
517363 1
517371 1
517372 1
517373 1
517394 1
517422 1
517429 1
517441 1
517453 1
517454 1
517463 1
517479 1
517480 1
517490 1
517496 1
517504 1
517516 1
517520 1
517525 8
517526 1
517532 1
517533 1
517543 1
517567 1
517615 3
517627 1
517629 1
517643 1
517647 1
517656 1
517657 1
517662 1
517663 1
517665 1
517668 1
517670 1
517672 1
517679 1
517683 1
517687 1
517708 1
517709 1
517717 1
517718 1
517724 1
517725 1
517732 1
517744 1
517746 1
517751 1
517770 1
517775 1
517779 1
517782 1
517784 1
517790 1
517791 1
517795 1
517798 1
517802 1
517811 1
517829 1
517837 1
517844 1
517866 1
517867 1
517869 2
517886 1
517888 1
517897 1
517909 1
517913 1
517918 1
517920 1
517921 1
517926 1
517930 1
517938 1
517951 1
517962 1
517967 1
517968 1
517969 1
517974 1
517977 1
517993 1
518000 1
518002 1
518013 1
518019 1
518026 1
518040 1
518045 1
518064 1
518081 1
518082 1
518098 1
518105 1
518107 1
518130 1
518133 1
518134 1
518139 1
518140 1
518143 1
518150 1
518154 1
518160 1
518164 2
518165 1
518169 1
518170 1
518183 1
518194 1
518196 1
518209 1
518215 1
518222 1
518237 2
518244 1
518254 1
518256 1
518269 1
518279 1
518286 1
518292 1
518296 1
518315 1
518317 1
518319 1
518323 1
518324 1
518326 1
518329 1
518333 1
518335 1
518346 1
518355 1
518362 1
518364 1
518376 1
518382 1
518393 1
518400 1
518401 1
518402 1
518418 1
518419 1
518426 1
518434 1
518435 1
518462 1
518472 1
518483 1
518490 1
518492 1
518503 1
518513 1
518516 1
518518 1
518519 1
528636 1
528639 1
528642 1
528650 1
528664 1
528670 1
528699 1
528707 1
528713 1
528714 1
528719 1
528727 1
528740 1
528742 1
528744 1
528749 1
528761 1
528767 1
528777 1
528778 1
528790 1
528792 1
528794 1
528796 1
528801 1
528808 1
528813 3
528821 1
528837 1
528849 1
528854 1
528862 1
528868 1
528875 1
528880 1
528882 2
528883 1
528884 1
528886 1
528891 1
528896 1
528898 1
528903 1
528908 1
528913 2
528916 2
528925 1
528932 1
528941 1
528958 1
528960 1
528964 1
528970 1
528976 1
528987 1
529005 1
529031 1
529037 1
529051 1
529055 1
529057 1
529060 2
529076 1
529078 1
529095 1
529099 1
529119 1
529122 1
529129 1
529130 1
529143 1
529147 1
529152 1
529158 2
529167 1
529170 1
529178 1
529181 1
529183 1
529202 1
529205 1
529207 1
529208 1
529225 1
529231 1
529232 1
529237 1
529248 1
529258 1
529259 1
529262 1
529267 1
529271 1
529281 1
529292 1
529299 1
529301 1
529302 1
529312 1
529315 1
529327 1
529328 1
529348 1
529355 1
529358 1
529365 1
529372 1
529374 1
529388 1
529394 1
529396 1
529397 1
529399 1
529400 1
529402 1
529408 1
529410 1
529413 1
529434 1
529445 1
529453 1
529454 1
529455 1
529458 2
529459 1
529462 1
529464 1
529467 1
529470 2
529473 1
529474 1
529479 1
529481 1
529483 1
529489 1
529490 1
529496 1
529502 1
529509 1
529511 1
529514 1
529531 1
529532 1
529533 1
529547 1
529548 1
529550 2
529553 1
529556 1
529560 1
529565 1
529566 1
529590 1
529605 1
529613 1
529614 1
529625 1
529626 1
529629 1
529633 1
529646 1
529648 3
529650 1
529651 1
529662 1
529670 1
529671 1
529675 1
529681 1
529684 1
529690 1
529695 1
529700 1
529710 1
529711 1
529712 1
529713 1
529715 1
529720 1
529726 1
529732 1
529736 1
529748 1
529749 1
529751 1
529753 1
529755 2
529761 2
529768 1
529787 1
529793 1
529795 1
529800 1
529803 1
529813 3
529825 1
529834 1
529839 1
529841 1
529844 1
529846 1
529849 1
529864 1
529870 1
529883 1
529887 1
529912 1
529927 1
529928 1
529934 1
529938 1
529942 1
529953 1
529955 1
529962 1
529974 1
529978 1
529988 1
529989 1
529995 1
530005 1
530008 1
530029 1
530032 1
530033 1
530042 1
530049 1
530050 1
530060 1
530065 2
530073 1
530083 1
530088 1
530094 2
530099 1
530103 1
530109 1
530110 1
530128 1
530177 1
530182 1
530186 1
530194 1
530200 1
530202 1
530203 1
530213 1
530215 1
530222 1
530231 1
530234 1
530235 1
530250 1
530254 1
530256 1
530258 1
530264 1
530269 1
530289 1
530295 1
530300 1
530301 1
530327 1
530328 1
530329 2
530332 1
530345 1
530348 1
530353 1
530357 1
530377 1
530383 1
530386 1
530408 1
530409 1
530411 1
530414 1
530419 1
530420 1
530424 1
530425 1
530428 1
530432 1
530434 1
530443 1
530444 1
530455 1
530459 1
530469 1
530476 1
530481 1
530483 1
530485 1
530493 1
530495 1
530501 1
530507 1
530508 1
530509 1
530515 1
530526 1
530531 1
530532 1
530558 1
530559 1
530561 1
530562 1
530563 2
530578 1
530581 1
530585 1
530592 1
530595 1
530596 1
530621 1
530622 1
530632 1
530641 1
530642 2
530645 1
530656 1
530658 1
530679 1
530683 1
530695 1
530696 1
530697 1
530706 1
530708 1
530714 1
530716 1
530717 1
530719 1
530727 1
530734 1
530738 1
530741 1
530757 1
530761 1
530771 1
530774 1
530780 1
530781 1
530784 1
530791 1
530794 1
530804 1
530807 1
530808 1
530815 1
530816 1
530820 1
530822 1
530834 1
530836 1
530857 2
530865 1
530869 1
530875 1
530887 1
530892 1
530896 1
530898 1
530906 1
530909 1
530919 1
530922 1
530928 1
530931 1
530941 1
530945 1
530946 1
530947 2
530948 1
530950 1
530952 1
530955 1
530972 1
530973 1
530976 2
530982 1
530985 1
530986 1
530997 1
530998 1
530999 2
531003 1
531005 1
531014 1
531015 1
531020 1
531035 1
531042 2
531043 1
531044 1
531047 1
531048 1
531053 1
531067 1
531075 1
531077 1
531080 1
531105 1
531108 1
531131 1
531137 1
531144 1
531146 1
531173 1
531176 1
531178 1
531180 1
531185 1
531187 1
531190 1
531195 1
531199 1
531206 1
531210 1
531215 1
531216 1
531219 2
531220 1
531222 1
531228 2
531229 1
531240 6
531247 1
531248 1
531257 2
531260 1
531266 1
531267 1
531273 1
531285 1
531303 1
531304 1
531306 1
531307 1
531314 1
531324 1
531337 1
531344 1
531350 1
531351 1
531354 1
531356 1
531361 1
531364 1
531369 1
531371 1
531390 1
531391 1
531392 4
531395 1
531398 1
531400 1
531409 1
531410 1
531416 1
531429 1
531432 1
531435 2
531436 1
531438 1
531440 1
531442 1
531443 1
531449 1
531450 1
531463 1
531464 2
531467 1
531470 1
531473 2
531475 2
531476 1
531482 1
531491 1
531497 1
531505 1
531516 1
531523 1
531532 1
531539 1
531542 1
531547 2
531548 1
531550 1
531554 1
531564 1
531568 1
531580 1
531591 1
531595 1
531599 1
531607 1
531608 1
531611 1
531614 1
531619 2
531629 1
531638 1
531643 1
531649 1
531653 1
531659 1
531660 1
531674 1
531675 1
531679 1
531688 1
531689 1
531692 1
531694 1
531717 1
531718 1
531721 1
531724 1
531727 1
531731 1
531732 1
531740 1
531741 1
531755 1
531771 1
531774 1
531776 1
531782 1
531802 1
531804 1
531808 1
531825 1
531826 1
531836 1
531840 1
531841 1
531844 1
531849 1
531850 1
531864 1
531869 1
531870 1
531873 2
531884 1
531885 1
531889 1
531905 1
531913 1
531915 2
531919 1
531926 1
531927 1
531928 1
531929 1
531960 1
531979 1
531984 1
531985 1
531990 1
532008 2
532029 1
532037 1
532039 1
532040 1
532063 1
532077 1
532081 1
532095 1
532102 1
532103 1
532110 1
532114 1
532116 1
532119 1
532121 1
532126 1
532127 1
532132 2
532133 1
532134 1
532137 1
532139 1
532142 1
532144 1
532147 1
532158 1
532165 1
532168 1
532170 1
532177 1
532182 1
532183 1
532187 1
532188 1
532189 1
532191 2
532200 1
532210 1
532222 1
532223 1
532224 1
532227 1
532247 1
532254 1
532257 1
532263 1
532271 1
532273 1
532275 1
532285 1
532288 1
532292 1
532294 1
532298 1
532302 1
532324 1
532326 1
532327 1
532332 1
532340 1
532348 1
532351 1
532356 1
532358 1
532360 1
532361 1
532363 1
532368 1
532372 2
532373 1
532390 1
532403 1
532404 1
532422 1
532423 1
532425 1
532435 1
532442 1
532452 1
532454 1
532467 1
532470 1
532477 1
532503 1
532507 1
532517 1
532523 1
532528 1
532529 1
532542 1
532549 1
532551 1
532559 1
532568 1
532576 1
532581 1
532584 1
532585 1
532587 1
532595 1
532596 1
532599 1
532605 1
532606 1
532611 1
532614 1
532618 1
532623 1
532628 1
532632 1
532634 1
532638 1
532645 1
532646 1
532647 1
532650 1
532654 1
532658 1
532671 1
532673 1
532676 1
532679 1
532682 1
532683 1
532685 1
532686 1
532693 1
532709 1
532711 1
532718 1
532731 1
532732 1
532735 1
532736 1
532742 1
532745 1
532757 1
532759 1
532765 1
532768 1
532775 1
532777 1
532786 1
532788 1
532797 1
532800 1
532807 1
532809 1
532812 1
532818 1
532820 1
532823 1
532835 1
532838 1
532841 1
532845 1
532848 1
532858 1
532859 1
532867 1
532868 1
532878 1
532885 1
532887 1
532896 1
532900 1
532905 1
532906 1
532908 1
532926 1
532927 1
532929 1
532932 1
532934 2
532939 2
532947 1
532950 1
532953 1
532959 1
532963 1
532971 1
532976 1
532982 1
532985 1
532995 3
532996 1
533003 1
533005 1
533006 1
533012 1
533013 1
533014 1
533018 1
533021 3
533027 1
533030 1
533040 1
533046 1
533061 1
533064 2
533077 1
533086 1
533089 1
533096 1
533097 1
533100 1
533102 1
533115 1
533119 1
533139 1
533142 1
533144 1
533151 1
533155 1
533169 1
533174 1
533176 2
533188 1
533189 1
533205 1
533215 1
533222 1
533227 1
533228 1
533232 1
533235 1
533237 1
533240 1
533247 1
533258 1
533259 1
533264 1
533272 1
533276 1
533287 1
533289 1
533292 1
533299 1
533303 1
533306 1
533307 1
533309 1
533315 1
533316 1
533318 1
533320 1
533321 1
533325 1
533329 2
533331 1
533333 1
533336 1
533343 1
533363 1
533365 1
533373 1
533381 1
533387 1
533390 1
533392 1
533397 1
533403 1
533408 2
533415 1
533423 1
533424 1
533426 1
533430 1
533436 1
533438 1
533445 1
533454 2
533456 1
533474 1
533478 1
533486 1
533490 1
533499 1
533501 1
533513 2
533521 1
533531 1
533548 1
533570 1
533574 1
533577 1
533579 1
533584 1
533585 1
533589 1
533601 1
533604 1
533605 1
533615 1
533617 1
533624 1
533627 1
533628 1
533638 1
533639 1
533648 1
533687 1
533699 1
533705 1
533711 1
533718 1
533728 1
533746 1
533748 1
533752 1
533767 1
533780 1
533781 1
533784 1
533791 1
533797 1
533825 1
533832 2
533844 1
533852 1
533854 1
533855 1
533857 1
533866 1
533885 1
533889 1
533893 1
533894 1
533895 1
533897 1
533904 1
533928 1
533960 1
533963 1
533965 1
533969 2
533974 1
533978 1
533983 1
533986 1
534000 1
534002 1
534015 1
534027 1
534048 1
534056 1
534074 1
534075 1
534082 1
534097 1
534098 1
534103 1
534105 1
534107 1
534108 1
534113 1
534114 1
534127 1
534138 2
534143 1
534146 1
534160 1
534162 1
534178 1
534181 1
534201 1
534209 1
534210 1
534211 1
534213 1
534220 1
534237 1
534250 1
534269 1
534278 1
534286 1
534293 3
534299 1
534304 1
534317 1
534318 1
534335 2
534336 1
534363 1
534364 1
534397 1
534405 2
534406 1
534413 1
534427 1
534432 1
534442 1
534455 1
534458 2
534459 1
534461 1
534490 1
534494 2
534511 2
534512 2
534516 1
534519 1
534523 1
534526 1
534529 1
534533 1
534547 1
534555 1
534569 1
534579 1
534582 1
534586 1
534587 1
534605 1
534611 1
534634 1
534636 1
534639 1
534644 1
534662 1
534667 1
534672 1
534673 1
534677 1
534680 1
534681 1
534687 1
534706 2
534718 1
534723 1
534728 1
534745 1
534746 1
534751 1
534760 1
534777 1
534778 1
534789 1
534797 1
534805 1
534822 1
534823 1
534828 1
534834 1
534835 2
534841 1
534844 1
534845 1
534850 1
534862 1
534863 1
534865 1
534866 1
534868 1
534870 1
534872 1
534873 1
534875 1
534876 1
534880 1
534883 1
534885 1
534886 1
534894 1
534895 1
534899 1
534902 1
534914 1
534916 1
534922 1
534931 1
534945 3
534947 1
534954 1
534957 1
534962 1
534970 1
534983 1
534984 1
534992 1
534994 1
535002 1
535008 1
535010 1
535019 1
535028 1
535033 1
535035 1
535045 1
535047 1
535053 1
535061 1
535068 1
535076 1
535077 1
535096 3
535104 1
535113 1
535118 1
535119 1
535122 2
535131 1
535133 1
535134 1
535136 1
535147 1
535158 1
535159 1
535164 1
535167 1
535180 1
535191 1
535196 1
535200 1
535201 1
535203 1
535213 1
535216 1
535223 1
535247 1
535251 1
535273 1
535274 1
535275 1
535280 1
535281 1
535283 1
535284 1
535292 1
535296 1
535300 1
535302 1
535306 1
535310 1
535313 1
535319 1
535328 1
535330 1
535341 1
535344 1
535347 1
535349 1
535350 1
535355 1
535363 1
535375 1
535376 1
535386 1
535390 1
535397 1
535406 1
535430 1
535445 1
535447 1
535452 1
535455 1
535460 1
535474 1
535480 1
535485 1
535499 1
535500 1
535506 1
535509 1
535511 1
535515 1
535525 1
535527 1
535530 1
535531 1
535532 1
535533 1
535535 1
535545 1
535555 1
535563 1
535565 1
535572 2
535573 2
535580 1
535581 1
535582 1
535591 1
535592 1
535596 1
535604 2
535608 1
535612 1
535615 1
535616 1
535618 1
535619 1
535625 1
535632 1
535637 1
535645 1
535650 1
535651 1
535658 1
535661 1
535670 1
535672 1
535673 1
535675 1
535680 1
535684 1
535686 1
535700 1
535703 1
535704 1
535710 1
535712 1
535714 1
535719 1
535721 1
535723 1
535729 1
535731 1
535735 1
535737 1
535739 2
535749 1
535751 1
535753 1
535756 1
535758 1
535762 1
535764 1
535767 1
535769 1
535771 1
535775 1
535778 1
535782 1
535784 1
535785 1
535789 1
535794 1
535795 1
535797 1
535801 1
535807 2
535809 1
535814 1
535816 1
535822 1
535828 1
535829 1
535835 1
535837 1
535843 1
535847 1
535855 1
535857 1
535861 1
535864 1
535866 1
535868 1
535870 1
535873 1
535875 1
535877 2
535879 1
535881 1
535885 1
535895 1
535897 1
535906 1
535917 1
535921 1
535923 1
535927 1
535930 1
535932 1
535943 1
535946 1
535950 1
535951 1
535954 1
535960 1
535962 1
535966 2
535971 1
535975 1
535977 1
535981 1
535987 1
535991 1
535992 1
535994 1
535996 1
535998 1
536000 1
536001 1
536003 1
536005 1
536007 1
536013 1
536019 1
536024 1
536026 1
536031 1
536033 1
536037 1
536041 1
536054 2
536062 1
536064 1
536065 1
536075 1
536078 1
536084 1
536089 1
536097 1
536099 1
536105 1
536107 1
536113 1
536115 1
536119 1
536121 1
536123 1
536128 1
536132 1
536136 1
536142 1
536147 1
536152 1
536154 1
536157 1
536161 1
536164 1
536170 1
536171 1
536172 1
536177 3
536178 1
536180 1
536184 1
536195 1
536197 1
536212 1
536214 1
536216 1
536218 2
536222 1
536223 1
536225 1
536226 1
536228 1
536234 1
536239 1
536245 1
536246 1
536247 1
536249 1
536251 1
536257 1
536261 1
536265 1
536269 1
536271 1
536277 1
536278 1
536280 1
536288 1
536296 1
536304 1
536308 1
536310 1
536314 1
536316 1
536319 1
536321 1
536326 1
536330 1
536332 1
536338 1
536342 1
536346 1
536350 1
536352 1
536358 1
536360 1
536368 1
536378 1
536382 2
536383 1
536384 1
536387 1
536389 1
536391 1
536393 1
536395 1
536397 1
536398 1
536399 1
536400 1
536403 1
536414 1
536416 1
536418 1
536430 1
536432 1
536434 1
536436 1
536438 1
536440 1
536441 1
536443 1
536453 1
536461 1
536469 1
536474 1
536476 1
536478 1
536480 1
536485 1
536487 1
536489 1
536503 1
536509 1
536511 1
536513 1
536515 1
536517 1
536519 1
536524 1
536526 1
536528 1
536530 1
536532 1
536538 1
536544 1
536547 1
536549 1
536553 1
536554 1
536558 1
536562 1
536566 1
536576 1
536577 1
536580 1
536589 1
536591 1
536594 1
536601 1
536605 1
536607 1
536608 1
536609 1
536621 1
536623 1
536627 1
536631 1
536635 1
536638 1
536640 1
536643 1
536645 1
536651 1
536655 1
536659 1
536663 1
536667 1
536669 1
536671 1
536678 1
536684 1
536688 1
536689 1
536690 1
536694 1
536698 1
536702 1
536704 1
536708 1
536716 1
536720 1
536722 1
536724 1
536730 1
536732 1
536734 1
536736 2
536739 1
536743 1
536744 3
536745 1
536749 1
536750 1
536754 1
536756 1
536757 1
536764 1
536766 1
536768 1
536770 1
536771 1
536775 1
536777 1
536779 1
536781 1
536784 1
536790 1
536794 1
536800 1
536803 1
536805 1
536809 1
536812 1
536814 1
536818 1
536823 1
536825 1
536827 1
536831 1
536836 1
536838 2
536840 1
536846 1
536849 1
536850 1
536856 1
536858 1
536862 1
536866 1
536868 2
536870 1
536874 1
536876 1
536878 1
536882 1
536883 1
536892 1
536900 1
536907 1
536910 1
536912 1
536913 1
536915 1
536921 1
536923 1
536925 1
536927 1
536929 1
536931 1
536935 1
536937 1
536941 1
536945 1
536949 1
536953 1
536960 1
536963 1
536965 1
536968 1
536970 1
536972 1
536976 1
536980 1
536984 1
536987 1
536989 1
536993 1
536997 1
536999 1
537005 1
537007 1
537016 1
537021 1
537029 1
537038 1
537039 1
537041 1
537045 1
537060 1
537069 1
537070 1
537072 1
537074 1
537079 1
537081 1
537086 2
537089 1
537099 1
537101 1
537105 1
537113 1
537115 1
537117 1
537119 1
537123 1
537125 1
537127 1
537133 1
537135 2
537137 1
537143 1
537147 1
537149 1
537159 1
537167 1
537169 1
537171 1
537183 1
537186 1
537188 1
537197 1
537199 1
537200 1
537202 1
537218 1
537219 1
537225 1
537227 1
537231 1
537234 1
537241 1
537245 1
537249 1
537254 1
537263 1
537267 1
537269 1
537271 1
537273 1
537275 1
537278 1
537284 1
537286 1
537291 1
537293 1
537295 1
537297 1
537305 1
537315 1
537331 1
537334 1
537336 1
537342 1
537343 1
537345 1
537347 1
537351 1
537353 1
537355 1
537359 1
537361 1
537365 1
537367 1
537369 1
537371 1
537373 1
537375 1
537378 1
537383 1
537385 1
537388 1
537390 1
537394 1
537398 1
537402 1
537403 1
537405 1
537412 1
537422 1
537426 1
537428 1
537430 1
537432 1
537434 1
537436 1
537438 1
537440 1
537447 1
537449 1
537456 1
537461 1
537463 1
537471 1
537473 1
537477 1
537485 1
537489 1
537491 1
537501 1
537504 1
537506 1
537508 1
537512 1
537521 1
537523 1
537525 1
537526 1
537529 1
537533 1
537541 1
537545 1
537553 1
537555 1
537557 1
537561 1
537567 1
537569 1
537574 1
537577 1
537582 1
537586 1
537588 1
537590 1
537596 1
537600 1
537606 1
537614 1
537620 1
537629 1
537641 1
537644 1
537646 1
537650 1
537654 1
537656 1
537660 1
537664 1
537667 1
537669 1
537673 1
537675 1
537677 1
537684 1
537686 1
537690 1
537695 1
537705 2
537706 1
537707 1
537708 1
537720 1
537721 2
537723 1
537729 1
537731 1
537736 1
537738 1
537743 1
537748 1
537750 1
537759 1
537763 1
537767 1
537769 2
537773 1
537775 1
537776 1
537780 1
537782 1
537784 1
537790 1
537804 1
537806 1
537814 1
537816 1
537819 1
537820 1
537821 1
537822 1
537824 1
537825 1
537828 1
537835 1
537838 1
537846 1
537851 1
537858 1
537862 1
537864 1
537865 1
537867 1
537869 1
537871 1
537875 1
537882 1
537884 1
537890 1
537897 1
537899 1
537901 1
537903 1
537909 1
537911 1
537913 1
537917 1
537921 1
537927 1
537932 1
537934 1
537936 1
537941 1
537944 1
537948 1
537952 1
537956 1
537958 1
537964 1
537972 1
537991 1
537995 1
537997 1
537999 1
538003 1
538008 1
538016 1
538020 1
538022 1
538025 1
538027 1
538032 1
538038 1
538040 1
538042 1
538049 1
538051 1
538055 1
538059 1
538064 1
538080 1
538087 1
538094 1
538098 1
538105 1
538125 1
538128 1
538130 1
538134 1
538136 1
538140 1
538142 1
538144 1
538146 1
538148 1
538149 1
538150 1
538154 1
538156 1
538158 1
538161 1
538170 1
538171 1
538172 1
538177 2
538179 1
538185 1
538187 1
538190 1
538194 1
538196 1
538202 1
538205 1
538207 1
538213 1
538215 1
538217 1
538219 1
538222 1
538224 1
538225 1
538227 1
538239 1
538241 1
538249 1
538253 1
538255 1
538257 1
538258 1
538262 1
538266 1
538268 1
538269 1
538276 1
538280 1
538283 1
538285 1
538287 1
538289 1
538291 1
538294 1
538299 1
538301 1
538305 1
538310 1
538312 1
538318 1
538321 1
538325 1
538337 1
538342 1
538344 1
538350 1
538351 1
538353 1
538354 1
538357 1
538359 1
538361 1
538363 1
538366 1
538368 1
538372 1
538375 2
538381 1
538382 1
538386 1
538387 1
538389 1
538399 2
538402 1
538407 1
538409 1
538413 2
538430 1
538432 1
538438 1
538442 1
538443 1
538453 1
538454 1
538461 1
538469 1
538471 1
538477 1
538484 1
538486 1
538488 1
538491 1
538499 1
538503 1
538508 1
538518 1
538520 1
538524 1
538532 1
538533 1
538537 1
538544 1
538551 1
538553 1
538555 1
538561 1
538564 1
538568 1
538572 1
538574 2
538575 1
538576 1
538578 1
538580 1
538584 1
538586 1
538591 1
538593 1
538597 1
538603 1
538608 1
538611 1
538621 1
538623 1
538625 1
538627 1
538633 1
538638 2
538640 1
538644 1
538651 1
538653 1
538654 1
538656 1
538660 1
538661 1
538666 1
538669 1
538675 1
538676 1
538678 1
538681 1
538682 1
538690 1
538693 1
538697 1
538701 1
538702 1
538704 1
538705 1
538709 1
538711 1
538717 1
538719 1
538720 1
538722 1
538734 1
538736 1
538743 1
538744 1
538746 1
538753 1
538759 1
538761 1
538763 1
538787 1
538789 1
538790 1
538800 1
538807 1
538811 1
538815 1
538823 1
538830 3
538832 1
538836 1
538840 1
538842 1
538848 1
538850 1
538854 1
538855 1
538857 1
538859 1
538861 1
538862 1
538866 1
538869 1
538871 1
538873 1
538877 1
538879 1
538881 1
538882 1
538888 1
538898 1
538900 1
538902 1
538906 1
538910 1
538920 1
538924 1
538930 1
538931 1
538941 1
538947 1
538955 1
538957 1
538959 1
538961 1
538963 1
538964 1
538966 1
538970 1
538981 1
538990 1
538992 1
538999 1
539001 1
539003 1
539005 1
539007 1
539011 1
539013 1
539015 1
539017 1
539019 1
539021 1
539029 1
539035 1
539036 1
539045 2
539049 1
539050 1
539061 1
539071 1
539100 1
539103 1
539111 1
539113 1
539117 1
539120 1
539121 1
539123 1
539132 1
539134 1
539136 1
539138 1
539142 1
539146 1
539148 1
539150 1
539151 1
539155 1
539157 1
539158 1
539166 1
539170 1
539172 1
539174 1
539177 1
539179 1
539183 1
539186 1
539190 1
539192 1
539206 1
539210 1
539216 1
539219 1
539222 1
539225 2
539227 1
539231 1
539233 1
539238 1
539241 1
539251 1
539252 1
539260 1
539263 1
539265 1
539269 1
539271 1
539277 1
539281 1
539285 1
539289 1
539292 1
539298 1
539302 1
539311 1
539313 1
539316 1
539324 1
539329 1
539331 1
539334 1
539336 2
539337 1
539344 1
539346 1
539351 1
539352 1
539353 1
539357 1
539363 1
539369 1
539372 1
539374 1
539377 1
539381 1
539383 1
539385 1
539402 2
539405 1
539406 1
539408 1
539409 1
539412 1
539418 1
539420 1
539429 1
539432 1
539434 1
539435 1
539440 1
539444 1
539446 1
539448 1
539454 1
539460 1
539462 1
539464 1
539466 1
539467 1
539474 1
539478 2
539483 1
539492 1
539503 1
539505 1
539515 1
539517 1
539521 1
539524 1
539526 1
539531 1
539532 1
539533 1
539534 1
539536 1
539540 1
539548 1
539551 1
539553 1
539555 1
539559 1
539561 1
539562 1
539564 1
539567 1
539570 1
539571 1
539573 1
539581 1
539586 1
539588 1
539601 1
539604 1
539606 1
539607 1
539613 3
539615 1
539621 1
539622 1
539628 1
539632 1
539635 1
539638 1
539639 1
539641 1
539644 1
539646 1
539652 1
539657 1
539661 1
539663 3
539665 1
539666 1
539668 1
539676 1
539678 1
539689 1
539690 1
539692 1
539694 1
539699 1
539704 1
539706 1
539711 1
539715 1
539724 1
539730 1
539733 1
539738 1
539739 1
539741 1
539745 1
539747 1
539753 1
539755 1
539776 1
539781 1
539790 1
539794 1
539796 1
539799 1
539800 1
539810 1
539814 1
539828 1
539832 1
539838 1
539842 1
539846 1
539849 1
539851 1
539853 1
539861 1
539867 1
539869 1
539872 1
539878 1
539879 1
539881 1
539884 1
539894 1
539899 1
539903 1
539912 1
539919 1
539927 1
539928 1
539930 1
539936 1
539940 2
539947 1
539949 1
539950 1
539958 1
539962 1
539963 1
539968 1
539969 1
539971 1
539983 1
539989 1
539996 1
540001 1
540006 1
540010 1
540011 1
540013 1
540016 1
540018 1
540019 1
540023 1
540024 1
540028 1
540030 1
540032 1
540036 1
540041 1
540043 1
540045 1
540048 1
540049 1
540052 1
540054 1
540056 1
540060 1
540062 1
540063 1
540065 1
540067 1
540069 1
540071 1
540073 1
540087 1
540090 1
540091 1
540092 1
540094 1
540096 1
540100 1
540104 1
540106 1
540108 1
540113 1
540122 1
540127 1
540129 1
540130 1
540131 1
540135 1
540137 1
540146 1
540156 1
540158 1
540160 1
540162 1
540166 1
540170 1
540173 1
540176 1
540183 1
540190 1
540192 1
540194 1
540196 1
540199 1
540202 1
540204 1
540206 1
540210 1
540212 1
540216 1
540218 1
540221 1
540230 1
540236 1
540238 1
540242 1
540250 1
540253 1
540257 1
540260 1
540261 1
540263 1
540271 1
540277 1
540279 1
540280 1
540284 1
540286 1
540290 1
540293 1
540295 1
540299 1
540301 1
540306 1
540308 1
540310 1
540324 1
540325 1
540332 1
540336 1
540340 1
540341 1
540347 1
540349 1
540353 1
540355 1
540361 1
540363 1
540365 1
540372 2
540375 1
540377 1
540383 1
540387 1
540389 1
540390 1
540392 1
540393 1
540394 1
540396 1
540398 1
540404 1
540408 2
540412 1
540416 1
540417 1
540427 1
540434 1
540438 1
540440 1
540444 1
540448 1
540450 1
540452 1
540454 1
540458 1
540461 1
540463 1
540465 1
540469 1
540475 1
540477 1
540479 1
540483 1
540487 1
540489 1
540490 1
540500 1
540503 1
540506 1
540510 1
540516 1
540521 1
540531 1
540541 1
540542 1
540544 2
540548 1
540550 1
540552 1
540556 1
540569 1
540573 1
540584 1
540593 1
540598 1
540600 1
540602 1
540604 1
540612 1
540617 1
540618 1
540630 1
540638 1
540640 1
540648 1
540651 1
540657 1
540659 1
540666 1
540668 1
540670 1
540671 1
540694 1
540697 1
540712 1
540721 1
540733 1
540739 1
540746 1
540749 1
540750 1
540759 1
540768 1
540773 1
540774 1
540775 1
540786 1
540792 1
540802 1
540804 1
540814 1
540822 1
540844 1
540860 1
540865 1
540871 1
540874 1
540882 1
540888 1
540898 2
540915 1
540929 1
540931 1
540935 1
540937 1
540939 1
540950 1
540957 1
540960 1
540965 1
540967 1
540980 1
540989 1
540996 1
541002 1
541004 1
541006 1
541009 1
541018 1
541021 1
541022 2
541025 1
541029 1
541040 1
541043 1
541049 1
541056 1
541063 1
541064 1
541075 1
541076 1
541086 1
541100 1
541105 1
541107 1
541113 1
541116 2
541118 1
541123 1
541135 1
541146 1
541150 1
541155 1
541157 1
541169 1
541171 1
541181 1
541185 1
541192 1
541206 1
541213 1
541215 2
541217 1
541222 1
541226 2
541236 1
541238 1
541246 1
541249 1
541264 1
541273 1
541276 1
541278 1
541282 1
541284 1
541291 1
541301 1
541302 1
541310 1
541314 1
541324 1
541333 1
541341 1
541355 1
541364 1
541368 1
541379 1
541383 1
541385 1
541390 1
541398 1
541409 1
541411 1
541421 1
541423 1
541427 1
541429 1
541433 1
541437 1
541442 1
541453 1
541456 1
541461 1
541465 1
541468 1
541474 1
541477 1
541478 1
541479 1
541492 1
541495 1
541505 1
541508 1
541515 1
541521 1
541523 1
541530 1
541534 1
541537 1
541541 1
541553 1
541556 1
541562 1
541566 1
541574 1
541579 1
541580 1
541585 1
541595 1
541601 1
541608 1
541614 1
541615 1
541618 1
541622 1
541624 1
541628 1
541629 1
541633 1
541634 1
541637 1
541638 1
541643 1
541644 1
541649 1
541652 1
541654 1
541660 1
541662 1
541663 1
541668 1
541674 1
541681 1
541683 1
541690 1
541691 1
541697 1
541699 1
541704 2
541712 1
541713 1
541717 1
541722 1
541746 1
541747 1
541764 1
541768 1
541771 1
541778 1
541783 1
541785 1
541789 1
541803 1
541810 1
541814 1
541827 1
541831 1
541834 1
541841 1
541843 1
541861 1
541866 1
541868 1
541877 1
541892 1
541897 2
541903 1
541948 1
541950 1
541953 1
541955 1
541958 1
541964 1
541966 1
541971 1
541972 1
541978 1
541986 1
542007 1
542016 1
542027 1
542031 1
542036 1
542037 1
542045 1
542046 1
542047 1
542049 1
542053 1
542054 2
542061 1
542076 1
542095 1
542106 1
542111 1
542116 1
542120 1
542121 1
542122 1
542124 1
542127 1
542129 1
542130 1
542134 1
542138 1
542139 1
542148 1
542153 1
542168 1
542174 1
542184 1
542187 1
542189 1
542190 1
542194 1
542204 1
542212 1
542221 1
542225 1
542229 1
542231 1
542232 1
542240 1
542242 1
542260 1
542262 1
542264 1
542271 1
542278 1
542284 1
542294 1
542304 1
542315 1
542321 1
542324 1
542330 1
542332 1
542339 1
542341 1
542347 1
542350 1
542352 1
542354 1
542358 1
542359 1
542362 1
542367 1
542368 1
542370 1
542372 1
542382 1
542387 1
542395 1
542397 1
542400 1
542404 1
542408 1
542425 1
542429 1
542436 1
542438 1
542451 1
542452 1
542453 1
542476 1
542483 1
542485 1
542490 2
542493 1
542506 1
542508 1
542514 1
542528 1
542529 1
542533 1
542543 1
542544 1
542547 1
542550 1
542555 1
542565 1
542578 1
542580 1
542587 1
542589 1
542590 1
542594 1
542600 1
542602 1
542604 1
542613 1
542616 1
542619 1
542624 1
542625 1
542632 1
542635 1
542655 1
542665 1
542671 1
542678 1
542686 1
542689 1
542693 1
542694 1
542699 1
542702 1
542704 1
542717 1
542718 1
542725 1
542737 1
542739 1
542740 1
542748 1
542752 1
542755 1
542777 1
542784 1
542803 1
542812 1
542835 1
542843 1
542845 1
542854 1
542864 1
542865 1
542871 1
542878 1
542897 1
542899 1
542902 1
542906 1
542910 1
542915 1
542917 1
542921 1
542926 1
542934 1
542936 1
542943 1
542946 1
542950 1
542962 1
542974 1
542978 1
542980 1
542982 1
542983 1
542985 1
542989 1
542993 1
543007 1
543028 1
543035 1
543038 1
543052 1
543054 1
543056 1
543058 1
543060 1
543062 1
543064 1
543072 1
543074 1
543076 1
543077 1
543086 1
543089 1
543097 1
543098 1
543100 1
543104 1
543106 1
543113 1
543114 1
543126 1
543129 1
543143 1
543144 1
543146 1
543147 1
543150 1
543152 1
543160 1
543167 1
543178 1
543187 1
543189 1
543191 1
543193 1
543194 1
543200 1
543208 1
543209 1
543213 1
543215 1
543216 1
543218 1
543222 1
544402 1
565806 1
567449 1
