96 88040 0 819 0
133 11668 1287 0 0
528 185634 442 0 0
528 580273 254 0 0
267991 580770 0 57 0
981 577447 108 0 0
90585 577663 1815 0 0
268897 568118 251 0 0
268897 568163 278 0 0
269420 579463 22 0 0
269420 579579 55 0 0
269420 579617 73 0 0
269420 579719 108 0 0
269420 579755 118 0 0
269420 579840 142 0 0
269420 580612 374 0 0
269420 581260 570 0 0
269420 582263 911 0 0
2577 19785 1305 464 0
2577 69292 0 874 0
2577 87772 0 271 0
2577 314144 0 156 0
2577 557146 0 382 0
181019 181022 1 0 0
92669 564201 0 809 0
3683 264445 0 35 0
92806 94524 0 500 0
270937 569174 0 3574 0
93129 569186 0 191 0
93129 569333 0 128 0
93371 578408 0 28 0
5307 264445 0 181 0
540392 572680 0 825 0
95340 577616 406 0 0
7680 340995 1686 0 0
96942 574030 0 2573 0
8104 9139 507 0 0
8104 13683 313 0 0
8104 29817 1560 0 0
8104 41689 291 0 0
8104 55206 1000 0 0
8104 57867 116 0 0
8104 68533 1357 0 0
8104 95600 740 0 0
8104 107479 152 0 0
8104 190805 319 0 0
8104 210710 229 0 0
8104 233149 90 0 0
8104 315495 28 0 0
8104 559125 396 0 0
8104 569563 105 0 0
8104 574405 164 0 0
8104 576696 75 0 0
8104 576927 148 0 0
8104 577728 424 0 0
8104 578145 579 0 0
8104 578806 822 0 0
8104 579664 1124 0 0
8104 580486 1373 0 0
8104 580548 1393 0 0
8104 581554 1709 0 0
8104 582116 1893 0 0
8104 582354 1981 0 0
8109 116096 1570 0 0
8109 149441 195 0 0
8109 163633 1254 0 0
8109 175644 804 0 0
8109 261601 35 0 0
8109 400191 1082 0 0
8109 576698 75 0 0
8109 577225 252 0 0
8109 577465 332 0 0
8109 577732 425 0 0
8109 578084 558 0 0
8109 578133 578 0 0
8109 578894 847 0 0
8109 580336 1325 0 0
8109 581172 1579 0 0
8109 581837 1811 0 0
8109 581883 1828 0 0
8518 569333 0 3562 0
8866 575409 0 544 0
187101 577292 0 1069 0
98331 569333 0 2072 0
543588 571248 1774 0 0
10494 47180 0 1521 0
367105 576571 0 1696 0
11781 580639 3449 0 0
11892 71124 0 1 0
11892 414277 0 623 0
192325 572770 152 0 0
103311 302884 1691 0 0
103311 577870 740 0 0
459527 575440 0 46 0
192520 569333 0 18 0
14897 562739 0 1161 0
14897 569333 0 825 0
15027 571389 0 447 0
104694 269420 0 462 0
104991 562739 0 1198 0
104991 569333 0 861 0
373155 569174 0 2221 0
462284 581898 2559 0 0
285181 575409 0 2159 0
196309 342924 698 0 0
19785 314144 0 1461 0
554219 569311 0 2088 0
465829 575640 1446 0 0
465829 576270 1692 0 0
23277 135172 0 622 0
290565 414277 0 43 0
203173 580395 0 54 0
26633 569333 0 868 0
204911 568904 828 0 0
204911 570509 1622 0 0
116007 264445 0 179 0
473036 569333 0 4483 0
562739 562937 42 0 0
562739 564627 776 0 0
562739 565263 8 75 0
562739 569012 157 0 0
562739 570062 690 0 0
562739 576131 3663 0 0
562739 581718 5382 0 0
563056 563057 0 264 0
385158 569333 0 4032 0
207284 580851 0 19 0
118290 565263 0 634 0
208024 414277 0 10 0
564201 572079 1772 0 0
564339 569322 0 167 0
564627 569012 0 1336 0
386607 571389 0 3572 0
564840 566341 0 462 0
565263 568925 35 0 0
565263 569012 149 62 0
565452 565976 0 38 0
565930 580679 6623 0 0
565970 566285 164 2374 0
477292 569174 0 1342 0
566412 566972 288 0 0
566651 566678 13 0 0
121671 340995 49 0 0
566933 570620 2043 0 0
567245 567803 318 0 0
567538 568013 301 0 0
389624 579646 63 0 0
567755 569311 0 95 0
33548 569333 0 3473 0
122607 569333 0 1513 0
567916 569411 849 0 0
33716 572515 0 844 0
33716 576425 0 821 0
568022 574114 3088 0 0
301123 579220 75 0 0
568532 569311 0 1726 0
568555 571503 1536 0 0
568649 570073 745 0 0
212668 579077 0 616 0
568879 569597 351 0 0
569174 569869 367 0 0
569174 570012 433 0 0
569174 579680 4516 0 0
569174 581176 4968 0 0
569186 569333 0 18 0
569294 569333 0 342 0
569311 570071 485 0 0
569311 570182 528 0 0
569311 570189 529 0 0
569311 570231 1565 0 0
569311 571604 1342 0 0
569311 571834 1367 0 0
569311 571836 1367 0 0
569311 571846 1371 0 0
569311 572313 1579 0 0
569311 572501 1661 0 0
569311 572620 1715 0 0
569311 576576 3441 0 0
569311 578670 4176 0 0
569311 578730 4237 0 0
569311 578866 4249 0 0
569311 578879 4251 0 0
569311 578929 4262 0 0
569311 578970 4281 0 0
569311 580181 157 0 0
569311 580631 4828 0 0
569311 581859 6079 0 0
569333 569568 116 0 0
569333 569595 130 0 0
569333 569983 331 0 0
569333 570588 642 0 0
569333 570936 821 0 0
569333 571152 917 0 0
569333 571840 1260 0 0
569333 573397 2010 0 0
569333 574073 2329 0 0
569333 576398 3393 0 0
569333 576408 3275 0 0
569333 577022 3483 0 0
569333 578184 3890 0 0
569333 578618 4053 0 0
569333 579565 4388 0 0
569333 580215 4592 0 0
569333 582212 5228 0 0
569348 570311 473 0 0
569348 570856 775 0 0
569348 575332 2852 0 0
569441 581042 3041 0 0
569636 570692 554 0 0
125529 569333 0 790 0
125714 565970 0 2509 0
571389 571485 38 0 0
571389 571549 63 0 0
571389 574022 1259 0 0
571389 575214 1763 0 0
126414 577292 0 390 0
571635 572589 443 0 0
393745 574700 0 68 0
572515 578006 2266 0 0
572689 573873 617 0 0
572689 576261 0 295 0
572732 572820 343 0 0
572732 573768 547 0 0
572770 574668 249 17 0
572770 575001 846 0 0
572770 577464 0 29 0
572847 574458 764 0 0
573417 573727 163 0 0
573473 573537 36 0 0
39276 581716 732 0 0
573534 575018 229 0 0
573548 573549 0 2738 0
573675 575009 567 0 0
39649 47180 0 404 0
574440 574509 27 0 0
574494 574648 71 0 0
574574 574932 160 0 0
574574 575541 397 0 0
574574 575936 546 0 0
574574 576043 596 0 0
574574 578710 1551 0 0
129451 569333 0 533 0
575255 575798 131 0 0
41016 47180 0 2694 0
41146 568860 0 97 0
575448 575449 0 411 0
575590 576255 256 0 0
220155 249958 0 348 0
220155 286109 0 318 0
220155 478848 0 394 0
220155 579673 0 397 0
42443 264445 0 463 0
576689 578697 709 0 0
42546 564201 0 4099 0
576795 577502 236 0 0
220801 224455 923 0 0
42982 87072 0 16 0
42982 567075 0 66 0
577292 578631 71 0 0
132193 184412 0 49 0
43197 47180 0 1195 0
577631 578149 195 0 0
133272 569333 0 1097 0
578709 581922 1052 0 0
579042 580969 621 0 0
579077 579603 182 0 0
579077 580116 337 0 0
579077 581336 716 0 0
579077 581668 829 0 0
579077 582138 981 0 0
579573 579986 133 0 0
579609 579818 70 0 0
579950 580354 118 0 0
580259 580332 18 0 0
46016 572812 2197 0 0
135172 572770 22 0 0
135172 574668 271 0 0
135172 574898 243 0 0
135172 575035 294 0 0
135172 577089 1065 0 0
135172 579370 0 110 0
135172 579626 0 26 0
313495 569348 0 404 0
47180 574600 101 0 0
47180 574715 154 0 0
47180 574871 230 0 0
47180 575031 287 0 0
47180 575369 432 0 0
47180 575527 484 0 0
47180 578104 1424 0 0
47180 578826 1688 0 0
47180 578850 1695 0 0
47180 579324 1867 0 0
47180 579696 1995 0 0
47180 579824 2032 0 0
47180 580496 2235 0 0
582111 582298 70 0 0
47928 260216 0 1004 0
226887 568463 0 5782 0
138741 569898 0 39 0
139494 260216 0 299 0
50569 565930 0 3273 0
51801 569174 0 60 0
142500 571003 0 235 0
53598 571305 12 0 0
53598 576874 167 0 0
53598 576894 170 0 0
53598 578338 2956 0 0
53765 264445 0 180 0
53768 264445 0 180 0
142920 264445 0 1878 0
410210 569333 0 2507 0
499926 573221 1678 0 0
55470 264445 0 1465 0
55828 565263 0 25 0
234409 565970 1255 0 0
56458 264445 0 1751 0
56864 264445 0 202 0
146836 149839 120 0 0
146836 149849 122 0 0
146836 150030 116 0 0
146836 150043 121 0 0
146836 150051 121 0 0
146836 150058 120 0 0
146836 150102 121 0 0
414277 416261 12 0 0
414277 432485 80 0 0
414277 445255 208 0 0
414277 579799 19 0 0
414277 579914 52 0 0
414277 581744 622 0 0
58594 575061 4555 0 0
58594 576813 5222 0 0
58895 242907 0 1273 0
148449 565970 1051 0 0
59972 569333 0 3455 0
61330 578716 11 0 0
61512 576425 0 65 0
239732 296968 67 0 0
151706 569174 0 882 0
63194 136095 397 0 0
63194 340995 107 0 0
63194 577158 1301 0 0
153061 571389 0 3221 0
242907 575187 56 0 0
242907 576896 689 0 0
65706 564201 0 1279 0
65950 576425 0 1 0
68160 113885 489 0 0
69053 565970 1015 0 0
158362 571270 0 61 0
69626 579077 0 341 0
69775 135172 0 387 0
71031 414277 0 25 0
161738 225656 0 100 0
162230 264445 0 1150 0
340995 543588 0 103 0
340995 566873 0 86 0
340995 566902 0 2116 0
340995 567812 0 107 0
340995 575255 0 44 0
340995 575329 0 48 0
340995 575334 0 55 0
340995 575352 0 51 0
164232 575513 0 54 0
164232 579866 0 63 0
164234 575513 0 53 0
164234 579866 0 64 0
164236 575513 0 53 0
164236 579866 0 63 0
164239 575513 0 53 0
164239 579866 0 63 0
164241 575513 0 53 0
164241 579866 0 63 0
164245 575513 0 53 0
164245 579866 0 64 0
164249 575513 0 53 0
164249 579866 0 63 0
164251 575513 0 53 0
164251 579866 0 64 0
75639 414277 0 10 0
253721 437691 0 1390 0
258093 264445 0 522 0
82894 82926 55 0 0
442086 580259 1947 0 0
443016 569333 0 844 0
443343 570016 42 0 0
87810 473826 2491 0 0
88040 572450 88 0 0
88497 578335 2204 0 0
