16 51452 0 1 1 0 1112 0 1 0
180 36771 1 0 1 462 0 1 0 0
180 50459 1 0 1 1880 0 1 0 0
180 55308 1 0 1 5427 0 1 0 0
322 46205 0 1 1 0 3076 0 1 0
322 46681 0 1 1 0 2789 0 1 0
322 46718 0 1 1 0 2770 0 1 0
322 46977 0 1 1 0 2582 0 1 0
322 47338 0 1 1 0 1426 0 1 0
322 47399 0 1 1 0 2248 0 1 0
322 47982 0 1 1 0 1787 0 1 0
322 48250 0 1 1 0 1512 0 1 0
322 48721 0 1 1 0 1101 0 1 0
322 49065 0 1 1 0 788 0 1 0
322 49167 0 1 1 0 693 0 1 0
322 49170 0 1 1 0 682 0 1 0
322 49551 0 1 1 0 235 0 1 0
322 49727 0 1 1 0 75 0 1 0
322 49737 0 1 1 0 59 0 1 0
438 21145 1 0 1 573 0 1 0 0
438 29929 1 0 1 166 0 1 0 0
438 33017 1 0 1 2616 0 1 0 0
438 51490 1 0 1 14 0 1 0 0
438 51498 1 0 1 21 0 1 0 0
438 51515 1 0 1 32 0 1 0 0
438 52063 1 0 1 11 0 1 0 0
438 52073 1 0 1 14 0 1 0 0
438 52076 1 0 1 15 0 1 0 0
438 52114 1 0 1 47 0 1 0 0
438 52119 1 0 1 50 0 1 0 0
438 52173 1 0 1 75 0 1 0 0
438 52387 1 0 1 237 0 1 0 0
438 52472 1 0 1 292 0 1 0 0
438 52766 1 0 1 493 0 1 0 0
438 52814 1 0 1 535 0 1 0 0
438 53231 1 0 1 820 0 1 0 0
438 53626 1 0 1 1102 0 1 0 0
438 53670 1 0 1 1135 0 1 0 0
438 53721 1 0 1 1168 0 1 0 0
438 56025 1 0 1 2945 0 1 0 0
576 52854 1 0 1 136 0 1 0 0
576 53077 1 0 1 309 0 1 0 0
576 53620 1 0 1 681 0 1 0 0
981 30689 1 0 1 2945 0 1 0 0
981 53136 0 1 1 0 358 0 1 0
1112 22096 1 0 1 374 0 1 0 0
1112 32033 2 0 2 1414 0 1.5 0 0
1112 43197 1 0 1 31 0 1 0 0
1112 52935 0 1 1 0 154 0 1 0
1112 53398 2 0 2 360 0 1.5 0 0
1112 54818 1 0 1 314 0 1 0 0
1112 54964 1 0 1 429 0 1 0 0
1112 54969 1 0 1 437 0 1 0 0
1112 55080 1 0 1 528 0 1 0 0
1112 55250 1 0 1 652 0 1 0 0
1112 55268 1 0 1 671 0 1 0 0
1112 55388 1 0 1 774 0 1 0 0
1112 55433 1 0 1 822 0 1 0 0
1112 55494 1 0 1 862 0 1 0 0
1112 55650 1 0 1 989 0 1 0 0
1112 55987 1 0 1 1269 0 1 0 0
1182 8111 1 0 1 204 0 1 0 0
1182 32968 1 0 1 1323 0 1 0 0
1182 44215 1 0 1 5085 0 1 0 0
1182 47815 1 0 1 119 0 1 0 0
1182 47956 1 0 1 220 0 1 0 0
1182 48144 1 0 1 44 0 1 0 0
1182 48248 1 0 1 152 0 1 0 0
1182 48386 1 0 1 255 0 1 0 0
1182 48677 1 0 1 449 0 1 0 0
1182 48796 1 0 1 546 0 1 0 0
1182 49086 1 0 1 749 0 1 0 0
1182 49107 1 0 1 762 0 1 0 0
1182 49154 1 0 1 794 0 1 0 0
1182 49255 1 0 1 1660 0 1 0 0
1182 49268 2 0 2 2097 0 2 0 0
1182 51684 1 0 1 2886 0 1 0 0
1182 52290 1 0 1 3260 0 1 0 0
1182 53003 1 0 1 3766 0 1 0 0
1182 53046 1 0 1 3796 0 1 0 0
1182 53344 1 0 1 3999 0 1 0 0
1182 55534 1 0 1 5626 0 1 0 0
1662 47688 0 1 1 0 863 0 1 0
1872 50997 0 1 1 0 74 0 1 0
1973 50997 0 1 1 0 180 0 1 0
2011 48783 0 1 1 0 29 0 1 0
2011 49761 0 1 1 0 45 0 1 0
2091 48783 0 1 1 0 89 0 1 0
2091 49761 0 1 1 0 125 0 1 0
2091 50997 0 1 1 0 170 0 1 0
2091 52755 0 1 1 0 42 0 1 0
2181 50622 1 0 1 96 0 1 0 0
2181 50650 1 0 1 121 0 1 0 0
2184 50997 0 1 1 0 250 0 1 0
2289 50997 0 1 1 0 225 0 1 0
2335 9077 1 0 1 32 0 1 0 0
2577 19785 0 1 1 0 419 0 1 0
2577 34059 0 1 1 0 516 0 1 0
2662 21534 0 1 1 0 275 0 1 0
4501 33404 1 0 1 2414 0 1 0 0
4501 40818 1 0 1 4020 0 1 0 0
4501 43793 1 0 1 1226 0 1 0 0
4501 45340 1 0 1 436 0 1 0 0
4501 50199 1 0 1 956 0 1 0 0
4501 52067 1 0 1 629 0 1 0 0
5938 21534 0 1 1 0 120 0 1 0
6611 52755 0 1 1 0 26 0 1 0
6678 26143 0 1 1 0 1319 0 1 0
7135 50997 0 1 1 0 96 0 1 0
7206 50997 0 1 1 0 63 0 1 0
8518 10291 0 1 1 0 158 0 1 0
9077 50883 0 1 1 0 574 0 1 0
9477 14397 1 0 1 1775 0 1 0 0
10291 10313 1 0 1 1081 0 1 0 0
10291 26277 1 0 1 197 0 1 0 0
10291 38031 1 0 1 1460 0 1 0 0
10291 53600 1 0 1 36 0 1 0 0
10291 53765 1 0 1 135 0 1 0 0
10291 53768 1 0 1 135 0 1 0 0
10291 54100 1 0 1 360 0 1 0 0
10291 55470 1 0 1 1434 0 1 0 0
10291 56042 1 0 1 1912 0 1 0 0
10326 48008 0 1 1 0 1027 0 1 0
10543 47348 0 1 1 0 795 0 1 0
10543 48221 0 1 1 0 2257 0 1 0
10543 48292 0 1 1 0 2188 0 1 0
10543 48371 0 1 1 0 2125 0 1 0
10543 48574 0 1 1 0 1995 0 1 0
11979 42884 2 0 2 1579 0 2 0 0
11979 51262 1 0 1 42 0 1 0 0
11979 51412 1 0 1 164 0 1 0 0
11979 53786 1 0 1 1774 0 1 0 0
11979 54569 2 0 2 4494 0 2 0 0
12344 51351 0 1 1 0 28 0 1 0
12344 53148 0 1 1 0 124 0 1 0
12344 54249 0 1 1 0 27 0 1 0
13678 24607 0 1 1 0 915 0 1 0
14218 47180 1 0 1 88 0 1 0 0
14218 47191 1 0 1 93 0 1 0 0
14218 47233 1 0 1 112 0 1 0 0
14218 47720 1 0 1 406 0 1 0 0
14218 48510 1 0 1 977 0 1 0 0
14606 48006 0 1 1 0 977 0 1 0
16078 25502 1 0 1 57 0 1 0 0
16078 46465 1 0 1 175 0 1 0 0
17531 50982 1 0 1 519 0 1 0 0
18562 52347 0 1 1 0 769 0 1 0
19536 52935 0 1 1 0 896 0 1 0
19735 47076 0 1 1 0 28 0 1 0
20177 50782 0 1 1 0 3540 0 1 0
20295 42982 1 0 1 44 0 1 0 0
20499 48783 0 1 1 0 190 0 1 0
21217 33999 0 1 1 0 15 0 1 0
21534 21909 1 0 1 1925 0 1 0 0
21534 22096 1 0 1 627 0 1 0 0
21534 29257 1 0 1 1339 0 1 0 0
21534 37200 1 0 1 20 0 1 0 0
21534 43197 1 0 1 36 0 1 0 0
21534 47338 1 0 1 318 0 1 0 0
21534 50038 1 0 1 170 0 1 0 0
21534 51761 1 0 1 22 0 1 0 0
21534 51818 1 0 1 54 0 1 0 0
21534 51900 1 0 1 118 0 1 0 0
21534 51946 1 0 1 145 0 1 0 0
21534 52132 1 0 1 246 0 1 0 0
21534 52217 1 0 1 296 0 1 0 0
21534 52381 1 0 1 422 0 1 0 0
21534 52396 1 0 1 432 0 1 0 0
21534 52468 1 0 1 476 0 1 0 0
21534 52523 1 0 1 508 0 1 0 0
21534 52597 1 0 1 548 0 1 0 0
21534 52660 1 0 1 593 0 1 0 0
21534 53811 1 0 1 1916 0 1 0 0
21534 53866 1 0 1 1435 0 1 0 0
21534 54444 1 0 1 1857 0 1 0 0
21534 55478 1 0 1 2672 0 1 0 0
21534 55548 1 0 1 2727 0 1 0 0
21534 55607 1 0 1 2773 0 1 0 0
21883 52228 0 1 1 0 787 0 1 0
21909 52935 0 1 1 0 956 0 1 0
22094 49053 0 1 1 0 2911 0 1 0
22149 49634 0 1 1 0 83 0 1 0
22799 22835 1 0 1 8 0 1 0 0
22799 51522 1 0 1 303 0 1 0 0
22799 52168 1 0 1 721 0 1 0 0
22799 52909 1 0 1 1239 0 1 0 0
22799 53001 1 0 1 1316 0 1 0 0
23229 54513 1 0 1 167 0 1 0 0
24137 45295 0 1 1 0 255 0 1 0
24137 52935 0 1 1 0 213 0 1 0
24238 48008 0 1 1 0 1653 0 1 0
24607 25952 3 0 3 2449 0 2 0 0
24607 49472 1 0 1 2878 0 1 0 0
24607 51680 0 1 1 0 759 0 1 0
24607 51801 1 0 1 34 0 1 0 0
24607 51857 1 0 1 75 0 1 0 0
24607 51868 1 0 1 81 0 1 0 0
24607 51896 1 0 1 105 0 1 0 0
24607 51923 1 0 1 125 0 1 0 0
24607 51937 0 1 1 0 53 0 1 0
24607 51946 1 0 1 136 0 1 0 0
24607 52440 1 0 1 453 0 1 0 0
24607 52549 1 0 1 514 0 1 0 0
24607 52574 1 0 1 524 0 1 0 0
24607 52618 1 0 1 548 0 1 0 0
24607 52717 1 0 1 621 0 1 0 0
24607 52930 1 0 1 789 0 1 0 0
24607 53022 1 0 1 878 0 1 0 0
24607 53103 1 0 1 916 0 1 0 0
24607 53127 1 0 1 928 0 1 0 0
24607 53462 1 0 1 1152 0 1 0 0
24607 53465 1 0 1 1156 0 1 0 0
24607 53772 1 0 1 1363 0 1 0 0
24607 53932 1 0 1 1472 0 1 0 0
24607 53976 1 0 1 1504 0 1 0 0
24607 54187 1 0 1 1667 0 1 0 0
24607 54346 1 0 1 1786 0 1 0 0
24607 54532 1 0 1 1914 0 1 0 0
24607 54620 1 0 1 1974 0 1 0 0
24607 54740 1 0 1 2072 0 1 0 0
24607 54836 1 0 1 2141 0 1 0 0
24607 54854 1 0 1 2148 0 1 0 0
24607 54978 1 0 1 2253 0 1 0 0
24607 55047 2 0 2 4712 0 1.5 0 0
24607 55132 1 0 1 2372 0 1 0 0
24607 55278 1 0 1 2492 0 1 0 0
24607 55304 1 0 1 2514 0 1 0 0
24607 55424 1 0 1 2629 0 1 0 0
24607 55435 1 0 1 2633 0 1 0 0
24607 55586 2 0 2 4794 0 1.5 0 0
24607 55690 1 0 1 2838 0 1 0 0
24607 55720 1 0 1 2862 0 1 0 0
24607 55724 1 0 1 2864 0 1 0 0
24607 55802 1 0 1 3061 0 1 0 0
24607 55850 1 0 1 2958 0 1 0 0
25790 55908 1 0 1 7 0 1 0 0
25948 52347 0 1 1 0 2363 0 1 0
25952 51680 0 1 1 0 1148 0 0.5 0
25952 51937 0 1 1 0 994 0 0.5 0
26156 51452 0 1 1 0 1128 0 1 0
26437 47076 0 1 1 0 251 0 1 0
27542 48118 0 1 1 0 86 0 1 0
28355 53633 0 1 1 0 190 0 1 0
28624 53474 1 0 1 1949 0 1 0 0
29017 51077 1 0 1 3032 0 1 0 0
29543 47774 1 0 1 700 0 1 0 0
30250 51146 0 1 1 0 3177 0 1 0
31564 48245 0 1 1 0 332 0 1 0
31601 43963 1 0 1 16 0 1 0 0
31601 44465 2 0 2 2101 0 2 0 0
31601 48794 1 0 1 979 0 1 0 0
31601 52482 1 0 1 282 0 1 0 0
32033 52347 0 1 1 0 1766 0 1 0
32033 52935 0 1 1 0 1355 0 0.5 0
32104 47348 0 1 1 0 1433 0 1 0
35814 48008 0 1 1 0 4465 0 1 0
37007 55760 1 0 1 3582 0 1 0 0
37062 51452 0 1 1 0 1126 0 1 0
39261 53312 0 1 1 0 77 0 1 0
40073 49349 0 1 1 0 381 0 1 0
40359 51146 0 1 1 0 1337 0 1 0
41376 52347 0 1 1 0 2015 0 1 0
41990 51452 0 1 1 0 3241 0 1 0
42895 51452 0 1 1 0 1272 0 1 0
42895 52935 0 1 1 0 258 0 1 0
42982 54590 0 1 1 0 50 0 1 0
43197 49964 0 1 1 0 1181 0 1 0
43377 47348 0 1 1 0 250 0 1 0
43564 47348 0 1 1 0 4437 0 1 0
43874 50782 0 1 1 0 913 0 1 0
44552 52136 0 1 1 0 165 0 1 0
44552 54728 0 1 1 0 44 0 1 0
45266 48088 1 0 1 418 0 1 0 0
45266 48708 1 0 1 877 0 1 0 0
45266 50048 1 0 1 1942 0 1 0 0
45266 51755 1 0 1 3332 0 1 0 0
45295 54571 1 0 1 1127 0 1 0 0
46164 46365 1 0 1 115 0 1 0 0
46203 47910 1 0 1 970 0 1 0 0
46203 49706 1 0 1 2337 0 1 0 0
46232 46484 1 0 1 128 0 1 0 0
46253 50680 1 0 1 3130 0 1 0 0
46395 46529 1 0 1 75 0 1 0 0
46395 46643 1 0 1 136 0 1 0 0
46395 46836 1 0 1 217 0 1 0 0
46395 48075 1 0 1 990 0 1 0 0
46498 47070 1 0 1 293 0 1 0 0
46533 47221 1 0 1 376 0 1 0 0
46562 47154 1 0 1 304 0 1 0 0
46916 47945 1 0 1 622 0 1 0 0
46916 50469 1 0 1 2618 0 1 0 0
46916 50695 1 0 1 2806 0 1 0 0
47076 47752 1 0 1 415 0 1 0 0
47076 48181 1 0 1 711 0 1 0 0
47076 53510 1 0 1 4751 0 1 0 0
47336 47373 1 0 1 18 0 1 0 0
47348 49610 1 0 1 318 0 1 0 0
47368 55119 1 0 1 5730 0 1 0 0
47368 55339 1 0 1 5920 0 1 0 0
47368 55405 1 0 1 5978 0 1 0 0
47453 47480 1 0 1 20 0 1 0 0
47536 47960 1 0 1 258 0 1 0 0
47536 55902 1 0 1 6273 0 1 0 0
47537 49234 1 0 1 1209 0 1 0 0
47634 48682 0 1 1 0 20 0 1 0
47701 52667 1 0 1 3758 0 1 0 0
47817 48390 1 0 1 454 0 1 0 0
47833 48049 1 0 1 151 0 1 0 0
47865 48200 1 0 1 255 0 1 0 0
47882 52347 0 1 1 0 2273 0 1 0
47930 47931 0 0 1 0 0 0 0 0
48008 48690 1 0 1 516 0 1 0 0
48008 48902 0 1 1 0 350 0 1 0
48008 49136 1 0 1 835 0 1 0 0
48008 49838 1 0 1 1397 0 1 0 0
48008 50032 1 0 1 1571 0 1 0 0
48008 51908 1 0 1 3083 0 1 0 0
48008 51995 1 0 1 3131 0 1 0 0
48008 53828 1 0 1 4373 0 1 0 0
48067 51791 1 0 1 2950 0 1 0 0
48118 48173 1 0 1 43 0 1 0 0
48150 48523 1 0 1 286 0 1 0 0
48204 49590 1 0 1 1066 0 1 0 0
48245 48257 1 0 1 7 0 1 0 0
48245 55322 1 0 1 5300 0 1 0 0
48346 51538 1 0 1 2532 0 1 0 0
48423 49007 1 0 1 398 0 1 0 0
48451 52139 1 0 1 2854 0 1 0 0
48525 48970 1 0 1 324 0 1 0 0
48562 53053 1 0 1 385 0 1 0 0
48595 49255 1 0 1 486 0 1 0 0
48682 51343 1 0 1 2168 0 1 0 0
48724 48799 1 0 1 65 0 1 0 0
48910 50898 0 1 1 0 1622 0 1 0
48995 54732 1 0 1 4310 0 1 0 0
49106 53395 1 0 1 3272 0 1 0 0
49106 55520 1 0 1 4851 0 1 0 0
49174 49663 1 0 1 409 0 1 0 0
49175 50174 1 0 1 811 0 1 0 0
49246 50533 1 0 1 1082 0 1 0 0
49306 49789 1 0 1 393 0 1 0 0
49312 49597 1 0 1 243 0 1 0 0
49408 49742 1 0 1 267 0 1 0 0
49466 49675 1 0 1 148 0 1 0 0
49557 50165 1 0 1 475 0 1 0 0
49708 49732 1 0 1 20 0 1 0 0
49737 54377 1 0 1 3455 0 1 0 0
49798 51680 0 1 1 0 137 0 1 0
49915 52656 1 0 1 1521 0 1 0 0
49915 52771 1 0 1 1621 0 1 0 0
49963 49964 0 1 1 0 631 0 1 0
49983 50383 1 0 1 321 0 1 0 0
50024 52347 0 1 1 0 975 0 1 0
50397 52935 0 1 1 0 886 0 1 0
50510 53282 1 0 1 2029 0 1 0 0
50594 51035 1 0 1 378 0 1 0 0
50594 51079 1 0 1 417 0 1 0 0
50594 51188 1 0 1 501 0 1 0 0
50594 51195 1 0 1 508 0 1 0 0
50594 51287 1 0 1 573 0 1 0 0
50594 51455 1 0 1 705 0 1 0 0
50594 51472 1 0 1 713 0 1 0 0
50594 51848 1 0 1 978 0 1 0 0
50594 51985 1 0 1 1064 0 1 0 0
50594 52157 1 0 1 1156 0 1 0 0
50624 50817 1 0 1 155 0 1 0 0
50641 50789 1 0 1 124 0 1 0 0
50665 54380 1 0 1 2668 0 1 0 0
50715 50839 1 0 1 102 0 1 0 0
50725 54714 1 0 1 2860 0 1 0 0
50767 50802 1 0 1 21 0 1 0 0
50782 51210 1 0 1 365 0 1 0 0
50782 51689 1 0 1 731 0 1 0 0
50883 50964 1 0 1 78 0 1 0 0
50883 51400 1 0 1 426 0 1 0 0
50883 51542 1 0 1 518 0 1 0 0
50883 51567 1 0 1 536 0 1 0 0
50883 51672 1 0 1 633 0 1 0 0
50883 53065 1 0 1 1569 0 1 0 0
50883 53458 1 0 1 1822 0 1 0 0
50883 54123 1 0 1 2271 0 1 0 0
50960 51153 1 0 1 166 0 1 0 0
50960 51942 1 0 1 80 0 1 0 0
50997 55828 1 0 1 68 0 1 0 0
51001 51295 1 0 1 228 0 1 0 0
51001 51305 1 0 1 615 0 1 0 0
51146 51306 1 0 1 119 0 1 0 0
51146 51675 1 0 1 404 0 1 0 0
51146 51732 1 0 1 441 0 1 0 0
51146 51780 1 0 1 1188 0 1 0 0
51146 51814 2 0 2 914 0 2 0 0
51146 51921 1 0 1 567 0 1 0 0
51146 51980 1 0 1 591 0 1 0 0
51146 52186 1 0 1 704 0 1 0 0
51146 52438 1 0 1 896 0 1 0 0
51146 52670 1 0 1 1033 0 1 0 0
51146 52685 1 0 1 1046 0 1 0 0
51146 53775 1 0 1 1806 0 1 0 0
51146 53880 1 0 1 1876 0 1 0 0
51146 54204 1 0 1 2119 0 1 0 0
51146 54812 1 0 1 2562 0 1 0 0
51146 55158 1 0 1 2836 0 1 0 0
51146 55238 1 0 1 2892 0 1 0 0
51146 55363 1 0 1 3123 0 1 0 0
51149 51392 1 1 2 187 50 1 1 0
51169 51197 1 0 1 22 0 1 0 0
51179 51661 1 0 1 369 0 1 0 0
51179 51822 1 0 1 462 0 1 0 0
51350 51519 1 0 1 116 0 1 0 0
51416 52092 1 0 1 433 0 1 0 0
51430 52644 1 0 1 861 0 1 0 0
51452 53114 1 0 1 1127 0 1 0 0
51452 53257 1 0 1 1228 0 1 0 0
51452 53733 1 0 1 1558 0 1 0 0
51452 54696 1 0 1 2251 0 1 0 0
51452 55541 1 0 1 2918 0 1 0 0
51574 52332 1 0 1 511 0 1 0 0
51680 51709 1 0 1 20 0 1 0 0
51680 51735 1 0 1 36 0 1 0 0
51680 51737 1 0 1 36 0 1 0 0
51680 51773 1 0 1 55 0 1 0 0
51680 51789 1 0 1 64 0 1 0 0
51680 51825 1 0 1 83 0 1 0 0
51680 51845 1 0 1 99 0 1 0 0
51680 51873 1 0 1 119 0 1 0 0
51680 51916 1 0 1 158 0 1 0 0
51680 52018 1 0 1 199 0 1 0 0
51680 52045 1 0 1 218 0 1 0 0
51680 52060 1 0 1 221 0 1 0 0
51680 52124 1 0 1 267 0 1 0 0
51680 52266 1 0 1 362 0 1 0 0
51680 52883 1 0 1 789 0 1 0 0
51680 53005 1 0 1 886 0 1 0 0
51680 53048 1 0 1 917 0 1 0 0
51680 53093 1 0 1 945 0 1 0 0
51680 53149 1 0 1 982 0 1 0 0
51680 53173 1 0 1 990 0 1 0 0
51680 53181 1 0 1 991 0 1 0 0
51680 53748 1 0 1 1389 0 1 0 0
51680 53939 1 0 1 1511 0 1 0 0
51680 54098 1 0 1 1621 0 1 0 0
51680 54221 1 0 1 1725 0 1 0 0
51680 54688 1 0 1 2070 0 1 0 0
51680 54861 1 0 1 2195 0 1 0 0
51680 55006 1 0 1 2315 0 1 0 0
51680 55047 1 0 1 2723 0 0.5 0 0
51680 55180 1 0 1 2445 0 1 0 0
51680 55586 1 0 1 2800 0 0.5 0 0
51822 55698 0 1 1 0 93 0 1 0
51937 52016 1 0 1 36 0 1 0 0
51937 52065 1 0 1 58 0 1 0 0
51937 52078 1 0 1 62 0 1 0 0
51937 52262 1 0 1 194 0 1 0 0
51937 52314 1 0 1 234 0 1 0 0
51937 52572 1 0 1 395 0 1 0 0
51937 52823 1 0 1 584 0 1 0 0
51937 53194 1 0 1 836 0 1 0 0
51937 54430 1 0 1 1711 0 1 0 0
51937 54494 1 0 1 1755 0 1 0 0
51937 54550 1 0 1 1793 0 1 0 0
51937 54680 1 0 1 1902 0 1 0 0
51937 55176 1 0 1 2277 0 1 0 0
51937 55325 1 0 1 2406 0 1 0 0
51937 55913 1 0 1 2889 0 1 0 0
52146 54195 1 0 1 1432 0 1 0 0
52159 52184 1 0 1 15 0 1 0 0
52181 52639 0 1 1 0 964 0 1 0
52226 54581 1 0 1 1646 0 1 0 0
52228 52306 1 0 1 57 0 1 0 0
52228 52371 1 0 1 113 0 1 0 0
52228 52787 1 0 1 388 0 1 0 0
52228 53285 1 0 1 744 0 1 0 0
52228 53437 1 0 1 844 0 1 0 0
52347 52453 1 0 1 67 0 1 0 0
52347 52623 1 0 1 162 0 1 0 0
52347 52785 1 0 1 291 0 1 0 0
52347 52793 1 0 1 295 0 1 0 0
52347 52834 1 0 1 327 0 1 0 0
52347 53411 1 0 1 730 0 1 0 0
52347 53447 1 0 1 751 0 1 0 0
52347 53454 1 0 1 753 0 1 0 0
52347 53469 1 0 1 768 0 1 0 0
52347 53476 1 0 1 773 0 1 0 0
52347 53538 1 0 1 824 0 1 0 0
52347 53544 1 0 1 827 0 1 0 0
52347 53548 1 0 1 828 0 1 0 0
52347 53556 1 0 1 833 0 1 0 0
52347 53570 1 0 1 842 0 1 0 0
52347 53575 1 0 1 845 0 1 0 0
52347 53614 1 0 1 879 0 1 0 0
52347 53631 1 0 1 889 0 1 0 0
52347 53640 1 0 1 895 0 1 0 0
52347 53677 1 0 1 921 0 1 0 0
52347 53708 1 0 1 941 0 1 0 0
52347 53723 1 0 1 952 0 1 0 0
52347 53762 1 0 1 967 0 1 0 0
52347 53791 1 0 1 984 0 1 0 0
52347 53807 1 0 1 994 0 1 0 0
52347 53830 1 0 1 1009 0 1 0 0
52347 53845 1 0 1 1019 0 1 0 0
52347 53850 1 0 1 1022 0 1 0 0
52347 53852 1 0 1 1024 0 1 0 0
52347 53943 1 0 1 1083 0 1 0 0
52347 53953 1 0 1 1092 0 1 0 0
52347 53962 1 0 1 1096 0 1 0 0
52347 54015 1 0 1 1136 0 1 0 0
52347 54037 1 0 1 1148 0 1 0 0
52347 54050 1 0 1 1158 0 1 0 0
52347 54070 1 0 1 1165 0 1 0 0
52347 54109 1 0 1 1196 0 1 0 0
52347 54127 1 0 1 1204 0 1 0 0
52347 54156 1 0 1 1244 0 1 0 0
52347 54193 1 0 1 1277 0 1 0 0
52347 54373 1 0 1 1415 0 1 0 0
52347 54387 1 0 1 1421 0 1 0 0
52347 54410 1 0 1 1437 0 1 0 0
52347 54540 1 0 1 1525 0 1 0 0
52347 54552 1 0 1 1529 0 1 0 0
52347 54599 1 0 1 1561 0 1 0 0
52347 54624 1 0 1 1583 0 1 0 0
52347 54630 1 0 1 1585 0 1 0 0
52347 54805 1 0 1 1724 0 1 0 0
52347 54868 1 0 1 1768 0 1 0 0
52347 55117 1 0 1 1967 0 1 0 0
52347 55121 1 0 1 1971 0 1 0 0
52347 55130 1 0 1 1979 0 1 0 0
52347 55230 1 0 1 2051 0 1 0 0
52347 55359 1 0 1 2174 0 1 0 0
52347 55528 1 0 1 2310 0 1 0 0
52347 55537 1 0 1 2317 0 1 0 0
52347 55546 1 0 1 2322 0 1 0 0
52347 55574 1 0 1 2350 0 1 0 0
52347 55600 1 0 1 2367 0 1 0 0
52347 55716 1 0 1 2468 0 1 0 0
52347 55747 1 0 1 2492 0 1 0 0
52347 55910 1 0 1 2622 0 1 0 0
52363 52960 1 0 1 419 0 1 0 0
52400 52621 1 0 1 128 0 1 0 0
52400 55632 1 0 1 2360 0 1 0 0
52446 52505 1 0 1 34 0 1 0 0
52747 54667 1 0 1 1366 0 1 0 0
52747 55183 1 0 1 1764 0 1 0 0
52755 53424 1 0 1 62 0 1 0 0
52755 53746 1 0 1 700 0 1 0 0
52838 52948 1 0 1 84 0 1 0 0
52935 53042 1 0 1 81 0 1 0 0
52935 53050 2 0 2 211 0 2 0 0
52935 53192 1 0 1 169 0 1 0 0
52935 53398 1 0 1 321 0 0.5 0 0
52935 53602 1 0 1 467 0 1 0 0
52935 53612 1 0 1 366 0 1 0 0
52935 54200 2 0 2 1825 0 2 0 0
52935 54304 1 0 1 957 0 1 0 0
52935 54371 1 0 1 903 0 1 0 0
52935 54673 1 0 1 1230 0 1 0 0
52935 54748 1 0 1 1284 0 1 0 0
52935 55494 1 0 1 1851 0 1 0 0
52962 54829 1 0 1 1311 0 1 0 0
52974 53215 1 0 1 156 0 1 0 0
53055 53086 1 0 1 21 0 1 0 0
53100 54298 1 0 1 834 0 1 0 0
53312 53335 1 0 1 17 0 1 0 0
53312 53361 1 0 1 36 0 1 0 0
53312 53377 1 0 1 48 0 1 0 0
53312 53393 1 0 1 57 0 1 0 0
53312 53407 1 0 1 63 0 1 0 0
53312 53445 1 0 1 85 0 1 0 0
53312 53456 1 0 1 88 0 1 0 0
53312 53499 1 0 1 132 0 1 0 0
53312 53503 1 0 1 134 0 1 0 0
53312 53568 1 0 1 175 0 1 0 0
53312 53586 1 0 1 188 0 1 0 0
53312 55069 1 0 1 1273 0 1 0 0
53397 53801 1 0 1 268 0 1 0 0
53418 54446 1 0 1 723 0 1 0 0
53495 54779 1 0 1 906 0 1 0 0
53523 53898 1 0 1 237 0 1 0 0
53696 55995 1 0 1 1746 0 1 0 0
53884 54361 1 0 1 354 0 1 0 0
53884 54479 1 0 1 426 0 1 0 0
53975 54302 1 0 1 247 0 1 0 0
54001 54072 1 0 1 38 0 1 0 0
54167 54499 1 0 1 243 0 1 0 0
54368 54698 1 0 1 289 0 1 0 0
54481 55169 1 0 1 534 0 1 0 0
54700 55344 1 0 1 512 0 1 0 0
54700 55349 1 0 1 513 0 1 0 0
54730 54893 1 0 1 114 0 1 0 0
54802 54882 1 0 1 66 0 1 0 0
54908 54980 1 0 1 67 0 1 0 0
54908 55109 1 0 1 164 0 1 0 0
54908 55135 1 0 1 184 0 1 0 0
54908 55199 1 0 1 237 0 1 0 0
54908 55463 1 0 1 464 0 1 0 0
54908 55465 1 0 1 466 0 1 0 0
54908 55539 1 0 1 520 0 1 0 0
54908 55722 1 0 1 674 0 1 0 0
54908 55790 1 0 1 728 0 1 0 0
54908 55795 1 0 1 731 0 1 0 0
54960 55018 1 0 1 57 0 1 0 0
55408 55443 1 0 1 25 0 1 0 0
55408 56004 1 0 1 484 0 1 0 0
55649 55694 1 0 1 46 0 1 0 0
55649 55787 1 0 1 118 0 1 0 0
55649 56044 1 0 1 342 0 1 0 0
