1 1 100 8.90687
2 2 100 17.0805
3 3 100 24.5993
4 4 100 30.4841
5 5 100 34.6156
6 6 100 59.589
7 7 100 67.3859
8 8 100 83.1083
9 9 100 95.9624
10 10 100 107.93
11 11 100 145.786
12 12 100 152.77
13 13 100 154.659
14 14 100 155.924
15 15 100 162.226
16 16 100 167.825
17 17 100 171.067
18 18 100 174.876
19 19 100 180.25
20 20 100 184.928
21 21 100 189.607
22 22 100 193.09
23 23 100 194.09
24 24 100 196.286
25 25 100 199.217
26 26 100 200.913
27 27 100 205.264
28 28 100 215.967
29 29 100 218.439
30 30 100 220.91
31 31 100 221.91
32 32 100 224.014
33 33 100 225.028
34 34 100 226.764
35 35 100 229.236
36 36 100 231.339
37 37 100 233.443
38 38 100 236.854
39 39 100 238.63
40 40 100 239.937
41 41 100 241.857
42 42 100 243.96
43 43 100 246.064
44 44 100 247.8
45 45 100 249.259
46 46 100 250.995
47 47 100 251.995
48 48 100 253.366
49 49 100 254.488
50 50 100 256.224
