34 1 1 1
588 1 1 1
1707 1 1 1
1916 1 1 1
2577 5 5 1
2625 1 1 1
2941 2 2 1
3108 1 1 1
3232 1 1 1
3505 1 1 1
3683 3 2 0.666667
4417 1 1 1
5307 1 1 1
5480 1 1 1
5610 2 2 1
6611 1 1 1
7083 1 1 1
7361 4 4 1
7529 1 1 1
8866 3 1 0.333333
9139 1 1 1
10494 1 1 1
11470 2 2 1
11668 1 1 1
11892 3 3 1
13681 1 1 1
13683 1 1 1
14296 1 1 1
14916 1 1 1
19785 2 1 0.5
20831 1 1 1
22366 1 1 1
23277 2 1 0.5
23504 1 1 1
24264 6 1 0.166667
24676 1 1 1
25081 2 1 0.5
25571 1 1 1
26617 1 1 1
28804 1 1 1
29817 1 1 1
29879 1 1 1
30792 1 1 1
32904 1 1 1
33081 1 1 1
33716 1 1 1
37141 1 1 1
37807 1 1 1
39559 1 1 1
39649 1 1 1
40717 1 1 1
41016 1 1 1
41293 1 1 1
41689 1 1 1
42443 1 1 1
42546 1 1 1
43197 1 1 1
44250 1 1 1
47571 1 1 1
48962 1 1 1
50500 1 1 1
51305 1 1 1
51801 1 1 1
52264 1 1 1
53765 1 1 1
53768 1 1 1
55206 1 1 1
55277 1 1 1
55470 1 1 1
55828 1 1 1
56458 1 1 1
56864 1 1 1
57867 1 1 1
58895 1 1 1
59737 1 1 1
60114 1 1 1
61512 2 2 1
62365 1 1 1
62641 1 1 1
65950 2 2 1
67772 1 1 1
68533 1 1 1
69339 2 2 1
69626 1 1 1
69775 1 1 1
71031 3 3 1
72252 1 1 1
74050 1 1 1
75639 1 1 1
76594 1 1 1
78555 1 1 1
81700 1 1 1
82678 1 1 1
83933 1 1 1
85319 1 1 1
86061 1 1 1
87112 1 1 1
87873 1 1 1
90402 1 1 1
92136 1 1 1
93371 1 1 1
94137 1 1 1
95600 1 1 1
96942 1 1 1
102681 1 1 1
103176 1 1 1
103350 1 1 1
104694 1 1 1
104989 1 1 1
105452 1 1 1
105783 1 1 1
107479 1 1 1
107519 1 1 1
108001 1 1 1
108127 2 2 1
108921 1 1 1
110557 1 1 1
111037 1 1 1
112800 1 1 1
113576 1 1 1
114725 1 1 1
116007 1 1 1
116096 1 1 1
116873 1 1 1
118276 1 1 1
119958 1 1 1
121238 1 1 1
123502 1 1 1
125093 1 1 1
125541 1 1 1
126414 1 1 1
128855 1 1 1
129290 1 1 1
130324 1 1 1
130735 1 1 1
132558 1 1 1
134221 1 1 1
135172 3 2 0.666667
135548 1 1 1
136095 1 1 1
136317 1 1 1
137528 1 1 1
139312 1 1 1
139492 1 1 1
141016 1 1 1
142920 2 2 1
149386 1 1 1
149441 1 1 1
149539 1 1 1
150294 1 1 1
152080 1 1 1
154348 1 1 1
155726 1 1 1
156806 1 1 1
161738 1 1 1
162230 1 1 1
163501 1 1 1
163633 1 1 1
164232 2 2 1
164234 2 2 1
164236 2 2 1
164239 2 2 1
164241 2 2 1
164245 2 2 1
164249 2 2 1
164251 2 2 1
164967 1 1 1
175644 1 1 1
179126 1 1 1
181022 1 1 1
181066 1 1 1
185634 1 1 1
187101 1 1 1
189897 1 1 1
190805 1 1 1
193471 1 1 1
195333 1 1 1
197634 1 1 1
199347 1 1 1
200850 1 1 1
202631 1 1 1
203173 1 1 1
207284 2 1 0.5
208024 2 2 1
210710 1 1 1
211174 1 1 1
212022 1 1 1
212668 1 1 1
214731 1 1 1
215629 1 1 1
220155 5 5 1
223068 1 1 1
224612 1 1 1
227545 2 2 1
228431 1 1 1
232182 1 1 1
233149 1 1 1
237374 1 1 1
243239 1 1 1
243572 1 1 1
246627 1 1 1
250921 1 1 1
255639 1 1 1
255955 1 1 1
256367 1 1 1
258093 1 1 1
260762 1 1 1
261116 1 1 1
261510 1 1 1
261601 1 1 1
267711 1 1 1
267991 1 1 1
268190 1 1 1
268738 1 1 1
270090 1 1 1
270937 1 1 1
271483 1 1 1
273140 1 1 1
273538 1 1 1
276155 1 1 1
276960 1 1 1
277464 1 1 1
278348 1 1 1
279850 1 1 1
281281 1 1 1
285181 1 1 1
286459 1 1 1
286866 1 1 1
290565 1 1 1
290585 1 1 1
296968 1 1 1
298147 1 1 1
300130 1 1 1
300173 1 1 1
302884 1 1 1
308704 1 1 1
313037 1 1 1
313818 1 1 1
315495 1 1 1
315635 1 1 1
321071 1 1 1
322191 1 1 1
324819 1 1 1
335042 1 1 1
336434 1 1 1
340995 11 11 1
341992 1 1 1
342163 1 1 1
342924 1 1 1
344372 1 1 1
346471 2 2 1
349603 1 1 1
350387 1 1 1
350831 1 1 1
357445 1 1 1
360959 1 1 1
362656 1 1 1
363701 1 1 1
365653 1 1 1
367105 1 1 1
377932 1 1 1
377952 1 1 1
385237 1 1 1
386366 2 1 0.5
392767 1 1 1
393743 1 1 1
393745 1 1 1
399115 1 1 1
399867 1 1 1
400191 2 2 1
403649 1 1 1
404714 1 1 1
404955 1 1 1
409419 1 1 1
412174 1 1 1
415491 1 1 1
415518 1 1 1
416261 1 1 1
420069 1 1 1
422028 1 1 1
428043 1 1 1
432396 1 1 1
432485 1 1 1
437478 1 1 1
437888 1 1 1
445255 1 1 1
447205 2 1 0.5
448788 1 1 1
448952 1 1 1
455960 1 1 1
456080 1 1 1
459527 1 1 1
464680 1 1 1
467349 1 1 1
473826 1 1 1
476237 1 1 1
480704 1 1 1
482168 1 1 1
484069 1 1 1
492762 1 1 1
493587 1 1 1
498135 1 1 1
500045 1 1 1
502359 1 1 1
503481 1 1 1
509605 1 1 1
531440 1 1 1
531659 1 1 1
539684 1 1 1
541040 1 1 1
549292 2 1 0.5
549903 1 1 1
554219 1 1 1
559125 1 1 1
560621 1 1 1
562072 1 1 1
563720 1 1 1
564337 1 1 1
564866 1 1 1
565511 1 1 1
565970 1 1 1
567430 1 1 1
569563 1 1 1
570016 1 1 1
571305 1 1 1
572689 1 1 1
572770 5 4 0.8
572820 3 2 0.666667
573441 1 1 1
573537 1 1 1
573727 1 1 1
573828 1 1 1
574383 1 1 1
574405 1 1 1
574458 1 1 1
574509 1 1 1
574600 1 1 1
574648 1 1 1
574668 2 1 0.5
574715 1 1 1
574871 1 1 1
574898 1 1 1
574932 1 1 1
575001 1 1 1
575009 1 1 1
575018 1 1 1
575031 1 1 1
575035 1 1 1
575187 1 1 1
575369 1 1 1
575448 1 1 1
575527 1 1 1
575541 1 1 1
575798 1 1 1
575936 1 1 1
576043 1 1 1
576131 1 1 1
576255 1 1 1
576425 2 1 0.5
576696 1 1 1
576698 1 1 1
576866 1 1 1
576874 1 1 1
576894 1 1 1
576896 1 1 1
576927 1 1 1
577089 1 1 1
577158 1 1 1
577225 1 1 1
577447 1 1 1
577465 1 1 1
577502 1 1 1
577616 1 1 1
577663 1 1 1
577728 1 1 1
577732 1 1 1
577870 1 1 1
577901 1 1 1
578084 1 1 1
578104 1 1 1
578133 1 1 1
578145 1 1 1
578149 1 1 1
578335 1 1 1
578631 1 1 1
578691 1 1 1
578697 1 1 1
578710 1 1 1
578716 1 1 1
578730 1 1 1
578806 1 1 1
578826 1 1 1
578850 1 1 1
578894 1 1 1
579220 1 1 1
579324 1 1 1
579463 1 1 1
579579 1 1 1
579603 1 1 1
579617 1 1 1
579646 1 1 1
579664 1 1 1
579696 1 1 1
579719 1 1 1
579755 1 1 1
579799 1 1 1
579818 3 2 0.666667
579824 1 1 1
579840 1 1 1
579914 1 1 1
579986 1 1 1
580116 1 1 1
580181 1 1 1
580259 2 1 0.5
580273 1 1 1
580332 1 1 1
580336 1 1 1
580354 1 1 1
580486 1 1 1
580496 1 1 1
580548 1 1 1
580612 1 1 1
580969 1 1 1
581042 1 1 1
581172 1 1 1
581260 1 1 1
581267 1 1 1
581336 1 1 1
581554 1 1 1
581668 1 1 1
581716 1 1 1
581744 1 1 1
581837 1 1 1
581859 1 1 1
581863 1 1 1
581883 1 1 1
581898 1 1 1
581922 2 1 0.5
582089 2 1 0.5
582116 1 1 1
582138 2 1 0.5
582263 1 1 1
582298 1 1 1
582354 1 1 1
582512 1 1 1
582525 1 1 1
582531 1 1 1
582784 1 1 1
582790 1 1 1
582866 1 1 1
582894 1 1 1
582922 1 1 1
583093 4 4 1
583127 1 1 1
583315 1 1 1
583318 1 1 1
583349 1 1 1
583459 1 1 1
583552 1 1 1
583658 1 1 1
583691 1 1 1
583769 1 1 1
583785 1 1 1
583839 1 1 1
583842 1 1 1
583849 1 1 1
583861 1 1 1
584001 1 1 1
584095 1 1 1
584120 1 1 1
584255 3 2 0.666667
584372 1 1 1
584396 1 1 1
584414 1 1 1
584418 1 1 1
584456 1 1 1
584464 1 1 1
584470 1 1 1
584501 1 1 1
584511 1 1 1
584517 1 1 1
584519 1 1 1
584524 1 1 1
584580 1 1 1
584584 1 1 1
584588 1 1 1
584614 1 1 1
584724 1 1 1
584735 1 1 1
584740 1 1 1
584752 1 1 1
584780 1 1 1
584793 1 1 1
584815 1 1 1
584825 1 1 1
584847 1 1 1
584856 1 1 1
584858 1 1 1
584864 1 1 1
584934 1 1 1
584942 1 1 1
584962 1 1 1
585055 1 1 1
585116 1 1 1
585144 1 1 1
585162 1 1 1
585172 1 1 1
585178 1 1 1
585180 1 1 1
585193 1 1 1
585212 1 1 1
585264 1 1 1
585333 1 1 1
585464 1 1 1
585485 1 1 1
585503 1 1 1
585511 1 1 1
585525 1 1 1
585557 1 1 1
585562 1 1 1
585659 1 1 1
585678 1 1 1
585724 1 1 1
585728 1 1 1
585741 1 1 1
585764 1 1 1
585767 1 1 1
585773 1 1 1
585831 1 1 1
585848 1 1 1
585898 1 1 1
585929 1 1 1
585954 1 1 1
586001 1 1 1
586048 1 1 1
586109 1 1 1
586113 1 1 1
586147 1 1 1
586205 1 1 1
586226 1 1 1
586228 1 1 1
586263 1 1 1
586269 1 1 1
586287 1 1 1
586295 1 1 1
586428 1 1 1
586463 1 1 1
586516 1 1 1
586522 1 1 1
586534 1 1 1
586536 1 1 1
586597 1 1 1
586623 1 1 1
586674 1 1 1
586678 1 1 1
586684 1 1 1
586709 1 1 1
586729 1 1 1
586731 1 1 1
586733 4 4 1
586753 1 1 1
586759 1 1 1
586762 1 1 1
586774 1 1 1
586792 1 1 1
586862 1 1 1
586870 1 1 1
586875 1 1 1
586880 1 1 1
586933 1 1 1
586994 1 1 1
587086 1 1 1
587092 1 1 1
587131 1 1 1
587133 1 1 1
587156 1 1 1
587229 1 1 1
587318 1 1 1
587415 1 1 1
587455 2 1 0.5
587461 2 1 0.5
587472 1 1 1
587519 1 1 1
587521 1 1 1
587525 1 1 1
587581 1 1 1
587593 1 1 1
587595 1 1 1
587615 1 1 1
587637 2 1 0.5
587675 1 1 1
587683 1 1 1
587737 1 1 1
587756 1 1 1
587760 1 1 1
587803 1 1 1
587817 1 1 1
587841 1 1 1
587853 1 1 1
588000 1 1 1
588147 1 1 1
588225 1 1 1
588269 1 1 1
588333 1 1 1
588436 2 2 1
588454 1 1 1
588499 1 1 1
588545 1 1 1
588555 1 1 1
588636 1 1 1
588679 1 1 1
588697 1 1 1
588713 1 1 1
588738 1 1 1
588742 1 1 1
588748 1 1 1
588900 1 1 1
588921 1 1 1
588947 1 1 1
588984 1 1 1
589057 1 1 1
589096 1 1 1
589126 1 1 1
589202 1 1 1
589223 1 1 1
589236 1 1 1
589283 1 1 1
589296 1 1 1
589304 1 1 1
589308 1 1 1
589328 1 1 1
589438 1 1 1
589459 1 1 1
589492 1 1 1
589520 1 1 1
589522 1 1 1
589622 1 1 1
589635 1 1 1
589646 1 1 1
589677 1 1 1
589681 1 1 1
589690 1 1 1
589702 1 1 1
589808 1 1 1
589825 1 1 1
589831 1 1 1
589833 1 1 1
589913 1 1 1
590079 1 1 1
590089 1 1 1
590097 1 1 1
590158 1 1 1
590210 1 1 1
590225 1 1 1
590350 1 1 1
590375 1 1 1
590395 1 1 1
590407 2 2 1
590422 1 1 1
590518 1 1 1
590577 1 1 1
590624 1 1 1
590688 1 1 1
590692 1 1 1
590697 1 1 1
590709 1 1 1
590767 1 1 1
590864 1 1 1
590872 1 1 1
590875 1 1 1
590917 1 1 1
591001 1 1 1
591008 1 1 1
591128 1 1 1
591139 1 1 1
591144 1 1 1
591175 1 1 1
591183 1 1 1
591235 1 1 1
591414 1 1 1
591416 1 1 1
591425 1 1 1
591466 1 1 1
591513 1 1 1
591538 1 1 1
591611 1 1 1
591688 2 2 1
591703 1 1 1
591797 1 1 1
591885 1 1 1
591901 1 1 1
592059 1 1 1
592096 1 1 1
592170 1 1 1
592229 1 1 1
592291 1 1 1
592305 1 1 1
592321 1 1 1
592442 1 1 1
592461 1 1 1
592480 1 1 1
592552 1 1 1
592589 1 1 1
592616 1 1 1
592650 1 1 1
592741 1 1 1
592776 1 1 1
592861 1 1 1
592965 1 1 1
592990 1 1 1
593054 1 1 1
593075 1 1 1
593117 1 1 1
593137 1 1 1
593249 1 1 1
593294 1 1 1
593298 1 1 1
593320 1 1 1
593335 1 1 1
593406 1 1 1
593495 1 1 1
593515 1 1 1
593521 1 1 1
593566 1 1 1
593654 1 1 1
593748 1 1 1
593774 1 1 1
593797 1 1 1
593801 1 1 1
593844 1 1 1
593850 1 1 1
593871 1 1 1
593879 1 1 1
593899 1 1 1
593926 1 1 1
593947 1 1 1
593984 1 1 1
594038 1 1 1
594068 1 1 1
594137 1 1 1
594181 1 1 1
594185 1 1 1
594234 1 1 1
594243 1 1 1
594270 1 1 1
594348 1 1 1
594368 1 1 1
594418 1 1 1
594428 1 1 1
594472 1 1 1
594483 1 1 1
594536 1 1 1
594548 1 1 1
594551 1 1 1
594570 1 1 1
594597 1 1 1
594601 1 1 1
594612 1 1 1
594626 1 1 1
594632 1 1 1
594650 1 1 1
594691 1 1 1
594697 1 1 1
594826 1 1 1
594901 1 1 1
594909 1 1 1
594963 1 1 1
595059 1 1 1
595061 1 1 1
595071 1 1 1
595078 1 1 1
595168 1 1 1
595172 1 1 1
595195 1 1 1
595204 1 1 1
595218 1 1 1
595265 1 1 1
595268 1 1 1
595282 1 1 1
595324 1 1 1
595326 1 1 1
595336 1 1 1
595348 1 1 1
595352 1 1 1
595358 2 1 0.5
595412 2 1 0.5
595432 1 1 1
595446 1 1 1
595472 1 1 1
595474 1 1 1
595510 1 1 1
595576 1 1 1
595580 1 1 1
595611 1 1 1
595640 1 1 1
595652 1 1 1
595719 1 1 1
595812 1 1 1
595852 1 1 1
595885 1 1 1
