1 1 100 11.8947
2 2 100 36.8682
3 3 100 43.893
4 4 100 59.6474
5 5 100 65.5322
6 6 100 103.388
7 7 100 111.562
8 8 100 120.469
9 9 100 127.988
10 10 100 134.29
11 11 100 139.888
12 12 100 140.98
13 13 100 144.698
14 14 100 149.376
15 15 100 152.619
16 16 100 157.992
17 17 100 162.671
18 18 100 166.154
19 19 100 168.349
20 20 100 181.203
21 21 100 184.134
22 22 100 185.854
23 23 100 190.205
24 24 100 192.676
25 25 100 200.473
26 26 100 211.176
27 27 100 213.647
28 28 100 215.536
29 29 100 218.008
30 30 100 220.111
31 31 100 224.243
32 32 100 226.163
33 33 100 228.266
34 34 100 229.573
35 35 100 231.349
36 36 100 233.452
37 37 100 235.556
38 38 100 237.66
39 39 100 239.395
40 40 100 240.518
41 41 100 241.888
42 42 100 243.624
43 43 100 245.36
44 44 100 247.096
45 45 100 248.831
46 46 100 252.243
47 47 100 253.64
48 48 100 255.376
49 49 100 256.928
50 50 100 258.377
