1 1 100 1
2 2 100 5.1127
3 3 100 46.7913
4 4 100 101.34
5 5 100 376.288
6 6 100 5768.3
7 7 100 5840.95
8 8 100 5846.55
9 9 100 5862.2
10 10 100 5864.1
11 11 100 5883.32
12 12 100 5896.13
13 13 100 5904.83
14 14 100 5982.62
15 15 100 6057.09
16 16 100 6102.56
17 17 100 6134.22
18 18 100 6138.31
19 19 100 6172.99
20 20 100 6195.82
21 21 100 6199.23
22 22 100 6215.74
23 23 100 6234.81
24 24 100 6256.4
25 25 100 6274.5
26 26 100 6278.08
27 27 100 6289.23
28 28 100 6303.01
29 29 100 6314.82
30 30 100 6328.34
31 31 100 6331.01
32 32 100 6342.69
33 33 100 6343.69
34 34 100 6352.71
35 35 100 6398.44
36 36 100 6408.64
37 37 100 6412.47
38 38 100 6416.28
39 39 100 6422.63
40 40 100 6429.51
41 41 100 6436.68
42 42 100 6443.87
43 43 100 6448.69
44 44 100 6464.41
45 45 100 6472.03
46 46 100 6473.32
47 47 100 6478.76
48 48 100 6482.04
49 49 100 6486.19
50 50 100 6488.75
