1 1 100 714.578
2 2 100 960.97
3 3 100 1096.76
4 4 100 1229.32
5 5 100 1310.8
6 6 100 1370.1
7 7 100 1407.36
8 8 100 1443.39
9 9 100 1477.13
10 10 100 1507.38
11 11 100 1536.8
12 12 100 1565.76
13 13 100 1591.72
14 14 100 1616.98
15 15 100 1639.81
16 16 100 1661.77
17 17 100 1683.28
18 18 100 1704.47
19 19 100 1725.21
20 20 100 1745.37
21 21 100 1763.99
22 22 100 1782.17
23 23 100 1799.73
24 24 100 1816.82
25 25 100 1832.63
26 26 100 1848.07
27 27 100 1862.6
28 28 100 1874.21
29 29 100 1885.39
30 30 100 1896.25
31 31 100 1906.82
32 32 100 1917.36
33 33 100 1927.19
34 34 100 1936.67
35 35 100 1945.43
36 36 100 1953.88
37 37 100 1962.24
38 38 100 1970.32
39 39 100 1978.5
40 40 100 1986.49
41 41 100 1987.12
42 42 100 1994.69
43 43 100 2002.02
44 44 100 2009.47
45 45 100 2016.32
46 46 100 2023.11
47 47 100 2029.93
48 48 100 2036.36
49 49 100 2042.73
50 50 100 2048.97
