47056 1 0
582486 2 1
584120 2 496
456080 2 2886
14218 3 1
82222 4 2
583691 4 361
582487 5 2
582525 5 12
582531 5 13
582784 5 90
583127 5 189
585485 5 847
592552 5 2661
80718 6 3
2941 6 3088
601955 6 4864
260670 6 4871
485114 7 4
582499 8 5
582138 9 6
582503 10 6
4966 11 9
582515 12 9
48402 13 11
582539 14 15
140862 15 16
491140 16 19
582562 17 25
582563 18 27
245720 19 29
582607 20 39
583315 20 245
582610 21 41
254066 22 44
582620 23 46
369057 24 48
582638 25 50
94449 26 51
94361 27 53
582651 28 54
431782 29 64
582685 30 67
5893 31 67
582700 32 69
591008 32 2350
582699 33 69
580271 34 72
582740 35 75
86514 36 77
221381 37 77
582755 38 79
582760 39 80
291447 40 81
582762 41 81
200241 42 82
32424 43 90
582789 44 91
582792 45 92
60241 46 95
582808 47 97
582825 48 103
582834 49 106
229672 50 109
5001 51 118
582872 52 120
583769 52 381
108001 52 401
584517 52 609
602549 52 4997
612772 52 7003
582887 53 123
582900 54 126
582903 55 128
582914 56 132
447205 56 140
181066 56 191
576866 56 236
586226 56 1033
71031 56 2827
82381 56 6029
608480 56 6249
609541 56 6673
582915 57 133
582928 58 138
583459 58 290
584095 58 486
585767 58 911
582929 59 138
582930 60 139
9966 61 141
582956 62 141
258088 63 142
582966 64 144
582967 65 144
591235 65 2317
582978 66 147
582789 67 148
583020 68 158
583061 69 167
583072 70 169
583079 71 172
340156 72 176
583119 73 186
582903 74 189
18028 75 191
593117 75 2803
583136 76 192
583145 77 195
583152 78 199
588436 78 1606
583159 79 201
48402 80 203
583171 81 203
583174 82 204
583136 83 204
149004 84 207
583191 85 209
583212 86 215
583221 87 217
583222 88 218
23981 89 220
583230 90 220
75898 91 220
90580 92 220
153143 93 225
583262 94 231
414999 95 233
583314 96 243
95194 97 244
220155 97 316
584735 97 658
377952 97 848
591466 97 2374
592305 97 2590
193471 97 3019
594068 97 3077
594243 97 3129
595472 97 3468
123739 97 4229
97365 97 4908
335260 97 5006
98210 97 5009
604675 97 5436
613248 97 7102
583338 98 251
407967 99 257
108669 100 261
119358 101 263
153143 102 263
583387 103 264
79188 104 267
549903 104 648
583393 105 267
583398 106 269
287237 107 270
124197 108 274
583425 109 276
583436 110 280
42477 111 284
583444 112 284
583455 113 287
583456 114 289
15587 115 291
30792 115 654
47900 116 293
583152 117 298
583492 118 299
84556 119 299
244707 120 301
381696 121 308
583538 122 313
583545 123 315
64922 124 316
470 125 317
583556 126 317
583557 127 318
76521 128 320
583571 129 321
312379 130 324
583583 131 324
583584 132 326
583587 133 327
149004 134 330
580406 135 334
200241 136 336
583619 137 337
64534 138 338
583625 139 338
583634 140 340
583635 141 341
583634 142 341
93778 143 344
153143 144 348
382945 145 354
583684 146 356
16026 147 362
583700 148 362
583705 149 363
583736 150 372
583749 151 375
583756 152 376
583759 153 377
64534 154 380
583771 155 383
583774 156 383
336434 156 456
350387 156 516
586522 156 1144
583799 157 390
85629 158 392
583809 159 395
318210 160 398
583841 161 406
380671 162 407
46425 163 409
349967 164 411
129290 164 599
557166 165 413
583878 166 415
272821 167 420
583893 168 421
583902 169 427
153143 170 429
249422 171 429
583921 172 432
583924 173 433
583933 174 436
583936 175 437
583936 176 439
272606 177 440
51968 178 444
245124 179 447
12065 180 448
583972 181 448
583977 182 448
583984 183 450
114464 184 454
584018 185 457
153143 186 462
584038 187 465
584067 188 474
584080 189 480
584085 190 481
584086 191 482
584101 192 489
584104 193 490
584105 194 491
584108 195 492
349498 196 493
584101 197 495
153143 198 495
39585 199 496
108663 200 498
65660 201 500
403160 202 500
232281 203 500
584147 204 501
584018 205 504
584171 206 506
584198 207 513
58368 208 514
584210 209 516
17929 210 517
584232 211 521
584233 212 523
584236 213 524
584247 214 528
584254 215 530
584255 216 530
137528 216 2142
584256 217 531
16 218 540
255639 218 569
584372 218 575
243239 218 576
539684 218 579
125093 218 580
584414 218 583
584418 218 583
276960 218 585
502359 218 589
584456 218 594
256367 218 594
584470 218 596
581267 218 602
584501 218 604
584511 218 608
584524 218 611
51801 218 615
584584 218 622
270090 218 622
584580 218 622
51305 218 623
584588 218 623
584614 218 630
134221 218 633
357445 218 636
365653 218 637
39559 218 637
83933 218 638
25081 218 639
200850 218 648
584724 218 655
281281 218 658
584752 218 661
584780 218 669
111037 218 672
573828 218 675
584793 218 675
136317 218 676
584815 218 681
584847 218 687
223068 218 689
584856 218 690
584858 218 690
584864 218 692
324819 218 706
584934 218 707
584942 218 710
273538 218 710
103350 218 711
584962 218 712
341992 218 715
509605 218 722
271483 218 724
277464 218 736
492762 218 737
50500 218 738
342163 218 738
23504 218 749
286866 218 750
585116 218 750
76594 218 753
585144 218 760
585172 218 765
581863 218 766
585180 218 767
585178 218 767
585193 218 771
585212 218 776
585264 218 788
7529 218 791
47571 218 797
585333 218 808
579818 218 810
377932 218 825
585464 218 844
211174 218 845
315635 218 855
585525 218 856
448952 218 860
585562 218 862
4417 218 875
585659 218 884
585764 218 911
585773 218 915
585831 218 929
585848 218 933
585898 218 944
260762 218 947
585929 218 951
585954 218 959
586001 218 972
498135 218 981
586048 218 984
350831 218 993
128855 218 999
586109 218 1003
586113 218 1004
279850 218 1010
586147 218 1011
108127 218 1030
586228 218 1033
149386 218 1040
586263 218 1043
586269 218 1044
586287 218 1049
586295 218 1051
415491 218 1061
215629 218 1065
409419 218 1066
112800 218 1075
150294 218 1090
586463 218 1099
586516 218 1113
586536 218 1118
586534 218 1118
86061 218 1132
476237 218 1137
586597 218 1139
586623 218 1146
399867 218 1146
37141 218 1151
586674 218 1159
586684 218 1162
232182 218 1166
586729 218 1174
586731 218 1175
586753 218 1180
586759 218 1181
586862 218 1205
586870 218 1207
586880 218 1210
586933 218 1229
268738 218 1240
587086 218 1266
587092 218 1268
587131 218 1281
587133 218 1283
123502 218 1285
243572 218 1287
587156 218 1290
321071 218 1299
313037 218 1304
113576 218 1308
587318 218 1328
155726 218 1330
290585 218 1330
587415 218 1350
202631 218 1355
587455 218 1359
587472 218 1363
587521 218 1371
587581 218 1388
587593 218 1393
587595 218 1393
587615 218 1398
286459 218 1420
587683 218 1420
107519 218 1440
587817 218 1453
574383 218 1459
587853 218 1462
549292 218 1468
149539 218 1472
564337 218 1491
41293 218 1492
587637 218 1492
588147 218 1530
82678 218 1531
67772 218 1540
214731 218 1541
588225 218 1548
437888 218 1574
588454 218 1606
276155 218 1607
588555 218 1630
531659 218 1645
588636 218 1648
588697 218 1664
588738 218 1673
588742 218 1675
588748 218 1678
92136 218 1687
564866 218 1695
588900 218 1695
588984 218 1717
228431 218 1725
589096 218 1751
589202 218 1781
589223 218 1790
589304 218 1809
589328 218 1814
589438 218 1843
589459 218 1847
589522 218 1866
156806 218 1870
565511 218 1877
404955 218 1882
467349 218 1883
589622 218 1893
589635 218 1896
589677 218 1906
589825 218 1940
589831 218 1942
589833 218 1943
268190 218 1943
20831 218 1997
590079 218 2004
590089 218 2006
590097 218 2007
590158 218 2024
590210 218 2035
590225 218 2039
590375 218 2082
590422 218 2093
590518 218 2118
590624 218 2149
590697 218 2171
590709 218 2174
590767 218 2192
59737 218 2220
267711 218 2234
270937 218 2237
1707 218 2253
237374 218 2255
591128 218 2288
591183 218 2301
591425 218 2366
139312 218 2384
591611 218 2409
362656 218 2414
591703 218 2430
130735 218 2437
591797 218 2454
591885 218 2472
360959 218 2491
592229 218 2568
592321 218 2594
392767 218 2597
592442 218 2625
592480 218 2645
278348 218 2676
464680 218 2706
592776 218 2722
308704 218 2723
87873 218 2759
24676 218 2784
593137 218 2810
484069 218 2838
593294 218 2853
593298 218 2854
141016 218 2898
593335 218 2931
593515 218 2933
24264 218 2942
322191 218 2974
593748 218 2990
593774 218 3000
593844 218 3020
593850 218 3021
593871 218 3027
78555 218 3049
403649 218 3070
298147 218 3087
594137 218 3095
594181 218 3106
197634 218 3115
2941 218 3116
593406 218 3124
594348 218 3162
594368 218 3166
386366 218 3194
110557 218 3195
594472 218 3200
594548 218 3229
594601 218 3240
594626 218 3250
594632 218 3252
594826 218 3303
130324 218 3388
595204 218 3404
14916 218 3406
595268 218 3415
595326 218 3428
595358 218 3435
246627 218 3452
52264 218 3486
595580 218 3507
432396 218 3508
595652 218 3524
595719 218 3542
595412 218 3561
23026 218 3611
596320 218 3683
596599 218 3741
9986 218 3765
340076 218 3803
231858 218 3805
597009 218 3822
159417 218 3835
279838 218 3859
597208 218 3862
28796 218 3866
597303 218 3883
597409 218 3902
597457 218 3911
68250 218 3949
597693 218 3958
597705 218 3960
597935 218 4009
598326 218 4089
598346 218 4094
598834 218 4201
599005 218 4235
599070 218 4253
249826 218 4259
599275 218 4291
599428 218 4321
474167 218 4323
599467 218 4328
599517 218 4339
599541 218 4346
599652 218 4365
599742 218 4383
170003 218 4385
16813 218 4459
600201 218 4480
600241 218 4489
600259 218 4494
306759 218 4573
600765 218 4613
600767 218 4614
600875 218 4638
601097 218 4690
403566 218 4704
162026 218 4706
401381 218 4712
110064 218 4716
601377 218 4733
601434 218 4746
600090 218 4754
7915 218 4791
601644 218 4795
107891 218 4797
200089 218 4798
601727 218 4811
518364 218 4829
601817 218 4831
408226 218 4875
602140 218 4907
104359 218 4909
33213 218 4947
30320 218 4971
602467 218 4974
602565 218 5001
271023 218 5020
79848 218 5047
532716 218 5053
335260 218 5062
602924 218 5080
164912 218 5104
603036 218 5107
603138 218 5135
123778 218 5147
603196 218 5151
603229 218 5159
298193 218 5175
603327 218 5176
603390 218 5187
546581 218 5187
7531 218 5201
603576 218 5229
604003 218 5280
604314 218 5359
303128 218 5370
4335 218 5381
604480 218 5399
99120 218 5427
454957 218 5463
604853 218 5470
605049 218 5507
605634 218 5634
605661 218 5641
605718 218 5654
277198 218 5664
11391 218 5682
12888 218 5695
606136 218 5749
606174 218 5755
606240 218 5769
606334 218 5795
516004 218 5834
320398 218 5867
606789 218 5892
75445 218 5935
205819 218 5946
267221 218 5947
28542 218 5948
607184 218 5954
607287 218 5969
607326 218 5977
38408 218 6047
607844 218 6054
117539 218 6074
394934 218 6074
605691 218 6074
271791 218 6103
394250 218 6113
608263 218 6123
608285 218 6126
608302 218 6128
608419 218 6147
608492 218 6157
117140 218 6168
79253 218 6169
608699 218 6192
332302 218 6195
608889 218 6230
609134 218 6274
473627 218 6298
153495 218 6415
110679 218 6427
609955 218 6430
610178 218 6474
610242 218 6483
596841 218 6488
610435 218 6517
298648 218 6566
170856 218 6567
610760 218 6579
85857 218 6598
610861 218 6600
610884 218 6605
611071 218 6638
611086 218 6641
610238 218 6655
611199 218 6660
611361 218 6695
611591 218 6748
611742 218 6783
408530 218 6858
612224 218 6892
612253 218 6900
113918 218 6919
237046 218 6994
70146 218 6999
612809 218 7009
613050 218 7058
613327 218 7117
613431 218 7140
583878 219 540
258772 220 541
86339 221 544
584294 222 546
318210 223 550
584308 224 555
554500 225 556
255944 226 564
584335 227 566
139126 228 567
584341 229 567
584348 230 568
560774 231 575
255100 232 577
584391 233 579
19367 234 580
215642 235 582
588436 235 1602
584434 236 586
34 236 604
78313 237 592
584462 238 594
584463 239 594
587803 239 1451
584472 240 597
584479 241 599
79276 242 602
584495 243 603
584500 244 604
11051 245 607
584508 246 607
153143 247 607
584510 248 607
61654 249 610
21502 250 611
584533 251 613
584540 252 613
584541 253 614
543588 254 617
161317 255 622
584616 256 631
116873 256 809
3546 257 633
411180 258 635
88958 259 638
89376 260 638
186286 261 639
572613 262 642
584675 263 643
584688 264 647
584701 265 649
69194 266 649
546809 267 651
584709 268 651
584708 269 651
135451 270 655
53993 271 658
584758 272 662
25081 273 666
584782 274 670
584783 275 671
403459 276 672
584680 277 676
584804 278 677
584807 279 678
584810 280 679
62356 281 681
53993 282 682
153143 283 683
274654 284 683
244613 285 683
447205 286 684
61512 286 724
586678 286 1161
208024 286 1196
72252 286 1227
587675 286 1417
578691 286 1493
250921 286 2176
346471 286 2401
114725 286 2815
71031 286 3086
594270 286 3139
246876 286 5788
584849 287 688
584874 288 693
584899 289 700
584900 290 700
584919 291 704
584932 292 706
585503 292 852
584933 293 706
12524 294 719
63194 295 720
586733 295 1368
585014 296 722
585021 297 723
585034 298 725
585035 299 725
1756 300 725
585063 301 736
585080 302 738
585083 303 741
585086 304 743
363420 305 745
42212 306 749
585111 307 749
585148 308 762
227545 308 2689
585157 309 763
78153 310 764
585171 311 765
585190 312 769
585086 313 770
42212 314 770
572613 315 772
585210 316 774
37953 317 775
278175 318 781
585227 319 781
585228 320 782
585229 321 782
78117 322 782
585249 323 785
367665 324 788
585272 325 792
585275 326 792
2186 327 793
585309 328 803
585310 329 804
55277 329 871
585347 330 811
585358 331 816
585363 332 820
11051 333 822
686 334 822
585374 335 822
42212 336 823
585384 337 825
63194 338 826
585416 339 831
63520 340 834
585432 341 834
596406 341 3701
585433 342 834
585434 343 835
9187 344 837
25571 344 928
611792 344 6794
326922 345 839
585463 346 843
79276 347 847
585487 348 847
585678 348 889
586733 348 1241
585496 349 850
585497 350 851
160339 351 851
585517 352 854
585522 353 855
86846 354 860
585552 355 861
585561 356 861
585564 357 862
585581 358 864
79276 359 866
585603 360 871
585636 361 878
411350 362 881
585644 363 881
585741 363 903
585647 364 881
585658 365 883
393764 366 884
588545 366 1626
585672 367 887
585673 368 888
587229 368 1306
31201 369 889
2625 369 930
100316 370 890
585694 371 892
531717 372 892
201556 373 894
42212 374 897
154508 375 901
13772 376 906
585758 377 910
42212 378 910
585766 379 912
457899 380 913
22873 381 915
100423 382 919
42212 383 920
585799 384 920
585800 385 920
21980 386 929
585833 387 930
585841 388 931
574925 389 931
347534 390 933
51991 391 936
585869 392 939
54967 393 940
585885 394 942
589309 395 947
589308 395 1809
585910 396 949
114904 397 950
585928 398 951
585931 399 952
585956 400 959
76905 401 960
5480 401 2814
595576 401 3506
605410 401 5583
97726 402 966
585981 403 966
585994 404 969
1595 404 4317
586003 405 973
586014 406 975
586019 407 975
586031 408 977
586733 408 1184
586028 409 977
586019 410 978
511941 411 983
586054 412 985
586065 413 989
586068 414 990
586733 414 1175
553090 415 993
586082 416 994
123202 417 1000
586108 418 1002
586119 419 1006
586126 420 1008
586151 421 1015
586154 422 1016
586157 423 1016
72428 424 1020
586189 425 1023
70090 426 1023
586195 427 1025
145093 428 1026
50563 429 1028
586224 430 1031
586225 431 1033
495975 432 1037
586246 433 1038
586245 434 1038
313830 435 1043
101327 436 1043
586277 437 1046
583314 438 1047
446493 439 1054
150199 440 1056
172886 441 1058
587525 441 1371
140019 442 1061
157434 443 1062
586350 444 1067
586359 445 1068
586366 446 1072
586389 447 1081
586398 448 1083
392737 449 1084
8267 450 1086
572613 451 1090
586432 452 1092
586445 453 1093
586446 454 1093
586449 455 1093
586366 456 1095
396050 457 1100
586470 458 1101
586471 459 1101
91475 460 1101
586479 461 1103
586490 462 1106
586498 463 1108
586497 464 1108
586503 465 1109
586510 466 1111
586366 467 1111
586524 468 1115
590872 468 2221
586529 469 1117
586554 470 1127
586565 471 1130
586566 472 1131
586569 473 1131
572613 474 1133
106112 475 1133
340995 475 1188
586582 476 1135
586593 477 1137
340995 477 1193
586594 478 1138
586599 479 1139
340995 479 1197
113908 480 1140
584997 481 1149
586642 482 1150
586659 483 1154
158085 484 1155
586642 485 1159
586680 486 1161
340995 486 1199
586642 487 1161
586642 488 1164
71678 489 1164
586642 490 1165
586713 491 1167
586642 492 1170
586717 493 1171
586718 494 1171
586721 495 1172
340995 495 1203
226362 496 1172
586642 497 1179
94284 498 1179
586757 499 1181
88597 500 1181
381696 501 1182
586802 502 1193
586815 503 1197
585644 504 1198
588 504 2724
595474 504 3468
586874 505 1208
599419 505 4320
586879 506 1209
1437 507 1212
586903 508 1218
586914 509 1222
482168 509 1674
586917 510 1223
382945 511 1228
586935 512 1230
586936 513 1230
463246 514 1234
586962 515 1235
586967 516 1237
586978 517 1240
586981 518 1240
587000 519 1245
68340 520 1246
41365 521 1249
587027 522 1249
587042 523 1253
587043 524 1254
587060 525 1259
587072 526 1261
96237 527 1261
585372 528 1263
18099 529 1270
210849 530 1272
587122 531 1277
203451 532 1287
587166 533 1291
587167 534 1291
587182 535 1295
438638 536 1308
587258 537 1313
379815 538 1315
387039 539 1316
587281 540 1318
400191 540 3280
587290 541 1321
587315 542 1325
587320 543 1328
567519 544 1331
69194 545 1332
587345 546 1333
587364 547 1340
587395 548 1345
471887 549 1345
65872 550 1348
587410 551 1349
585622 552 1350
5084 553 1355
586470 554 1357
133457 555 1358
587461 556 1361
175875 557 1361
585728 557 1453
587467 558 1361
587484 559 1365
587487 560 1365
587498 561 1367
587501 562 1368
370867 563 1370
604255 563 5343
203451 564 1373
587737 564 1437
593495 564 2931
210929 565 1375
318331 566 1377
200148 567 1390
587592 568 1391
114769 569 1398
587630 570 1406
587637 571 1407
19785 572 1408
2577 572 1812
295906 573 1411
587672 574 1416
155293 575 1421
587698 576 1422
587699 577 1423
587700 578 1423
587703 579 1423
37709 580 1427
587747 581 1439
587765 582 1442
94284 583 1442
587776 584 1443
579449 585 1444
322298 586 1446
587835 587 1457
587838 588 1458
456998 589 1460
587852 590 1460
586470 591 1462
12778 592 1465
498213 593 1467
196924 594 1469
587042 595 1475
82430 596 1477
587939 597 1478
587060 598 1479
35298 599 1481
587964 600 1483
587967 601 1483
587968 602 1484
59128 603 1486
587978 604 1488
587991 605 1493
588006 606 1496
588049 607 1508
385984 608 1509
588061 609 1511
588068 610 1514
589808 610 1936
588089 611 1517
588096 612 1518
588097 613 1518
588124 614 1526
588129 615 1527
588134 616 1527
588153 617 1531
588160 618 1532
23593 619 1534
588200 620 1539
6664 621 1540
52400 622 1543
588219 623 1544
414120 624 1545
588235 625 1550
222939 626 1551
588249 627 1553
584255 627 1604
588250 628 1553
588273 629 1559
11694 630 1560
589057 630 1742
5610 630 1931
11470 630 1932
199347 630 1946
590692 630 2292
594691 630 3269
132558 630 3596
22638 630 3655
92265 630 6788
173715 631 1561
588290 632 1562
242235 633 1564
588296 634 1564
588296 635 1565
588310 636 1566
588296 637 1566
588328 638 1573
246590 639 1576
588921 639 1700
592170 639 2547
588340 640 1576
588363 641 1583
588366 642 1583
589236 642 1793
588379 643 1588
139452 644 1588
588405 645 1594
588414 646 1596
588419 647 1597
574758 648 1599
588435 649 1601
588438 650 1603
588451 651 1606
587765 652 1607
588473 653 1610
588476 654 1611
201556 655 1612
588482 656 1613
588509 657 1619
588544 658 1626
588573 659 1634
371266 660 1636
588589 661 1637
38482 662 1646
588625 663 1646
588638 664 1649
588693 665 1663
103007 666 1664
82789 667 1664
588712 668 1666
578056 669 1672
588732 670 1673
50037 671 1673
588755 672 1681
588754 673 1681
588756 674 1681
584255 674 1725
588767 675 1683
125378 675 6705
215427 676 1688
3570 677 1688
172088 678 1691
56323 679 1694
139492 679 2353
606958 679 5923
587765 680 1695
18809 681 1695
588914 682 1698
588927 683 1700
588934 684 1702
588963 685 1707
72772 686 1708
588983 687 1717
588996 688 1722
589031 689 1734
572732 690 1735
589065 691 1742
393743 691 1743
589296 691 1808
593926 691 3041
589072 692 1744
583977 693 1750
280423 694 1751
589100 695 1751
174523 696 1754
61521 697 1757
588930 698 1759
59679 699 1759
547782 700 1762
589151 701 1765
589154 702 1766
221211 703 1766
231014 704 1766
589155 705 1766
589158 706 1766
589173 707 1771
244613 708 1772
589197 709 1780
589216 710 1786
221211 711 1791
145931 712 1800
253051 713 1800
589690 713 1911
590577 713 2132
171429 713 3618
444309 713 6230
981 714 1800
129460 715 1801
135548 715 2875
589259 716 1801
368067 717 1801
293123 718 1802
589265 719 1802
2335 720 1802
589287 721 1806
394638 722 1806
1916 722 1974
589293 723 1807
589314 724 1811
422822 725 1811
589346 726 1818
101327 727 1818
589350 728 1820
101606 729 1822
28517 730 1824
206525 731 1827
175053 732 1829
589389 733 1830
442925 734 1834
589394 735 1834
586445 736 1835
589402 737 1835
589403 738 1835
589409 739 1836
240929 740 1841
590864 740 2221
500045 740 2511
595078 740 3370
589429 741 1841
110937 742 1842
589435 743 1843
589442 744 1843
589443 745 1843
124 746 1846
589334 747 1849
589466 748 1850
589469 749 1850
589472 750 1852
589477 751 1853
11955 752 1858
589505 753 1861
589546 754 1871
133457 755 1871
83010 756 1874
589559 757 1875
589566 758 1876
589583 759 1882
162962 760 1891
59621 761 1892
41443 762 1895
79583 763 1897
382945 764 1898
589651 765 1899
432965 766 1902
587461 766 2157
589669 767 1903
589672 768 1904
159583 769 1904
589676 770 1905
589702 770 1913
589687 771 1910
8106 772 1913
8109 773 1913
591001 773 2252
591139 773 2292
595071 773 3366
598474 773 4116
162121 773 4345
599913 773 4426
67809 773 4729
605376 773 5577
8104 774 1914
3505 774 1930
589492 774 2148
590875 774 2223
591414 774 2365
85319 774 2393
26617 774 2562
592741 774 2712
593521 774 2937
595446 774 3463
598567 774 4140
111256 774 4679
91048 774 5053
604391 774 5376
606232 774 5769
607035 774 6685
589711 775 1914
589734 776 1920
589740 777 1921
589739 778 1922
589741 779 1923
589750 780 1925
589756 781 1926
184412 782 1926
589757 783 1927
589761 784 1927
586191 785 1928
589804 786 1933
589803 787 1933
589807 788 1934
589810 789 1936
264813 790 1937
590407 790 2107
9966 791 1939
589821 792 1940
8651 793 1940
432965 794 1946
589860 795 1946
22021 796 1952
590407 796 2091
589881 797 1952
589885 798 1953
589886 799 1953
936 800 1953
589894 801 1954
556416 802 1955
140862 803 1962
589935 804 1969
589960 805 1975
155546 806 1978
112378 807 1979
589979 808 1982
589980 809 1982
589991 810 1984
40939 811 1986
590015 812 1989
29321 813 1995
8441 814 1995
589217 815 1996
43287 816 2000
108751 817 2001
590093 818 2006
590094 819 2007
100228 820 2007
589896 821 2009
16546 822 2010
590114 823 2011
571238 824 2016
110327 825 2020
590145 826 2022
590166 827 2025
590177 828 2028
590178 829 2028
590179 830 2028
590186 831 2031
607365 831 5981
590191 832 2031
590194 833 2032
590195 834 2033
590204 835 2035
590209 836 2035
590216 837 2036
454692 838 2037
186810 839 2039
590233 840 2043
590234 841 2044
585758 842 2045
590266 843 2052
590275 844 2056
161291 845 2061
54138 846 2061
936 847 2061
590295 848 2062
585561 849 2067
578202 850 2071
420046 851 2073
590345 852 2075
590354 853 2078
592616 853 2679
104989 853 2756
598538 853 4133
601883 853 4848
181227 853 5173
607552 853 6008
9941 854 2078
590364 855 2081
590379 856 2084
590380 857 2084
590385 858 2085
590394 859 2088
590397 860 2088
590402 861 2089
598552 861 4137
590415 862 2091
451054 863 2094
102586 864 2094
112145 865 2095
422948 866 2103
589394 867 2106
590479 868 2107
590494 869 2111
590497 870 2112
590502 871 2113
590517 872 2118
590548 873 2126
590573 874 2131
590574 875 2131
590581 876 2134
505055 877 2136
590593 878 2137
590608 879 2143
590621 880 2147
590660 881 2160
74827 882 2163
590684 883 2166
590687 884 2167
311638 885 2169
590701 886 2172
583222 887 2173
590713 888 2174
590917 888 2235
239631 889 2175
936 890 2182
590740 891 2183
105982 892 2185
563248 892 6835
583222 893 2187
4235 894 2188
422948 895 2188
199991 896 2192
590766 897 2192
590769 898 2193
590701 899 2193
11973 900 2194
590776 901 2196
590785 902 2199
590796 903 2200
590801 904 2202
88483 905 2209
11973 906 2210
385821 907 2211
16546 908 2212
78302 908 6939
174791 909 2216
591144 909 2292
367156 910 2218
333079 911 2218
286811 912 2221
99320 913 2223
29879 913 2521
335042 913 2616
593654 913 2966
2518 913 5700
198049 914 2224
96610 915 2227
436953 916 2228
442925 917 2228
52031 918 2230
3683 918 2258
590914 919 2234
149634 920 2235
286811 921 2241
590947 922 2243
374153 923 2245
32904 923 2675
17595 924 2246
591688 924 2424
314839 925 2247
590981 926 2247
583222 927 2247
590983 928 2247
590988 929 2248
590989 930 2250
591000 931 2251
591006 932 2252
591005 933 2252
176105 934 2253
591016 935 2254
591017 936 2255
591688 936 2433
936 937 2257
590701 938 2261
591042 939 2262
583152 940 2267
591082 941 2273
591105 942 2277
5606 943 2279
590348 944 2281
560855 945 2288
590348 946 2292
591168 947 2298
591185 948 2302
589385 949 2305
50694 950 2309
591218 951 2313
591223 952 2314
591227 953 2314
591224 954 2314
396926 955 2315
591237 956 2317
501529 956 6186
591239 957 2317
88455 958 2317
591248 959 2319
591261 960 2323
591264 961 2324
936 962 2324
591278 963 2326
591278 964 2326
16546 965 2326
591283 966 2328
110795 967 2328
414079 968 2330
591298 969 2334
591309 970 2336
591310 971 2336
482053 972 2338
541135 973 2339
591349 974 2344
591350 975 2344
591416 975 2366
591351 976 2346
591360 977 2348
591369 978 2351
591376 979 2352
591352 980 2355
591384 981 2355
591407 982 2362
311638 983 2366
593249 983 2841
591433 984 2369
591434 985 2369
591443 986 2369
591444 987 2370
591459 988 2372
591492 989 2379
591519 990 2387
591520 991 2388
592059 991 2519
591523 992 2388
51645 993 2394
591545 994 2397
390293 995 2400
390283 996 2400
591590 997 2405
591619 998 2411
591630 999 2412
591444 1000 2415
591656 1001 2416
591665 1002 2417
591668 1003 2418
125239 1004 2419
119073 1005 2420
591679 1006 2422
591680 1007 2422
591687 1008 2423
591692 1009 2426
557146 1010 2433
2577 1010 2725
591716 1011 2434
578605 1012 2440
546408 1013 2441
592650 1013 2687
382945 1014 2443
591750 1015 2444
587455 1016 2450
591792 1017 2452
383076 1018 2454
89039 1019 2454
591807 1020 2456
591844 1021 2460
125239 1022 2461
591851 1023 2463
591737 1024 2476
591912 1025 2478
221211 1026 2478
449543 1027 2481
591933 1028 2482
591954 1029 2487
65682 1030 2490
591974 1031 2492
110098 1032 2498
592000 1033 2499
592005 1034 2499
19533 1035 2502
592013 1036 2502
592022 1037 2506
39078 1038 2507
592032 1039 2507
592037 1040 2510
592038 1041 2511
79674 1042 2512
592042 1043 2512
592047 1044 2514
92306 1045 2515
79674 1046 2518
592058 1047 2518
1756 1048 2525
145093 1049 2525
592083 1050 2527
575233 1051 2532
592107 1052 2532
592116 1053 2533
592121 1054 2535
33336 1055 2543
1335 1056 2543
592172 1057 2548
592589 1057 2672
592193 1058 2555
244039 1059 2558
139150 1060 2560
7561 1061 2562
592215 1062 2564
207549 1063 2567
592233 1064 2569
592238 1065 2570
224208 1066 2571
592264 1067 2575
509252 1068 2576
592268 1069 2579
94361 1070 2581
592290 1071 2584
579818 1072 2585
592302 1073 2588
592313 1074 2591
89944 1075 2592
144025 1076 2599
592354 1077 2602
592357 1078 2605
592362 1079 2607
592363 1080 2607
279662 1081 2611
94361 1082 2618
592420 1083 2619
602059 1083 4886
592433 1084 2621
398290 1085 2622
81164 1086 2623
589979 1087 2633
592453 1088 2636
592460 1089 2638
592463 1090 2639
149634 1091 2641
592477 1092 2644
592477 1093 2649
592427 1094 2649
592494 1095 2649
592511 1096 2651
592518 1097 2654
318507 1098 2654
64507 1099 2655
108921 1099 2904
24264 1100 2656
514172 1101 2656
592541 1102 2659
24264 1103 2662
592557 1104 2662
592558 1105 2662
592563 1106 2665
592584 1107 2668
592587 1108 2670
592588 1109 2671
69033 1110 2673
592624 1111 2681
592631 1112 2682
592656 1113 2688
316366 1114 2689
226152 1115 2690
592662 1116 2690
10621 1117 2690
24264 1118 2691
592676 1119 2693
425210 1120 2694
24264 1121 2704
556724 1122 2706
88320 1123 2706
592733 1124 2709
592738 1125 2710
592743 1126 2711
59679 1127 2712
592767 1128 2718
4066 1129 2724
98269 1130 2726
3108 1130 2760
229672 1131 2731
162962 1132 2734
24264 1133 2736
592873 1134 2739
22873 1135 2739
592874 1136 2740
350300 1137 2740
592881 1138 2741
279662 1139 2747
39311 1140 2750
28660 1141 2756
358267 1141 3730
33716 1141 4325
592942 1142 2762
592941 1143 2762
592951 1144 2763
593320 1144 2866
592956 1145 2765
592985 1146 2770
592996 1147 2772
578202 1148 2773
492817 1149 2775
593021 1150 2781
422948 1151 2783
593037 1152 2784
593044 1153 2786
593045 1154 2786
592961 1155 2789
229606 1156 2795
125541 1156 2843
195333 1156 2860
593100 1157 2799
106775 1158 2807
593132 1159 2807
47410 1160 2811
593162 1161 2817
593165 1162 2818
138214 1163 2825
590348 1164 2826
593196 1165 2828
593197 1166 2829
593205 1167 2830
593200 1168 2830
116976 1169 2832
593566 1169 2947
594428 1169 3191
636 1169 4224
133083 1169 4542
327965 1170 2834
593246 1171 2840
593255 1172 2842
593256 1173 2843
422539 1174 2847
593282 1175 2848
14296 1175 2849
55828 1175 2874
6611 1175 2909
480704 1175 2924
178228 1176 2852
593300 1177 2854
593307 1178 2858
593330 1179 2868
182543 1180 2868
593331 1181 2868
593345 1182 2872
599039 1182 4245
86846 1183 2885
593371 1184 2885
390818 1185 2886
593379 1186 2888
105783 1186 2962
593385 1187 2889
593384 1188 2889
593398 1189 2893
106 1190 2894
5610 1190 3014
11470 1190 3016
593984 1190 3054
363701 1190 3059
189897 1190 3181
563720 1190 3237
108127 1190 3365
60114 1190 3576
596101 1190 3639
596754 1190 3777
305312 1190 3882
280075 1190 4529
75948 1190 5021
227116 1190 6277
131743 1190 6386
276155 1190 7001
593420 1191 2901
593425 1192 2904
593434 1193 2907
3447 1194 2916
593460 1195 2918
593473 1196 2920
593486 1197 2926
593505 1198 2932
99740 1199 2932
593509 1200 2932
461420 1201 2933
10411 1202 2945
593574 1203 2948
593577 1204 2950
10784 1205 2951
593593 1206 2952
549054 1207 2953
515867 1208 2956
11973 1209 2961
593629 1210 2961
593632 1211 2962
593637 1212 2963
593644 1213 2965
587838 1214 2965
9966 1215 2967
86846 1216 2970
86846 1217 2970
593669 1218 2970
109253 1219 2972
68324 1220 2973
59679 1221 2982
381638 1222 2982
585228 1223 2982
593593 1224 2984
37339 1225 2985
593747 1226 2988
593750 1227 2990
593759 1228 2993
593797 1228 3007
593801 1228 3008
261116 1228 3017
112719 1228 4376
599746 1228 4384
16546 1229 2994
68324 1230 2994
539464 1231 2997
493456 1232 2998
594234 1232 3125
506968 1233 3000
593776 1234 3000
137633 1235 3001
593782 1236 3003
593784 1237 3003
32095 1238 3003
37807 1238 3021
50556 1239 3005
32094 1240 3006
593789 1241 3006
593792 1242 3006
593803 1243 3010
593834 1244 3017
587838 1245 3019
466330 1246 3021
593849 1247 3021
593862 1248 3025
50568 1249 3027
593876 1250 3028
593881 1251 3029
593882 1252 3030
593887 1253 3031
593888 1254 3031
551571 1255 3039
593944 1256 3043
593969 1257 3051
593978 1258 3053
84041 1259 3053
584849 1260 3054
594010 1261 3063
340995 1261 6212
239603 1262 3063
483995 1263 3064
594020 1264 3066
593951 1265 3066
594026 1266 3067
103180 1267 3071
6667 1268 3072
6668 1269 3073
594054 1270 3073
594055 1271 3074
594070 1272 3078
276518 1273 3080
594080 1274 3083
236207 1275 3084
226152 1276 3087
120578 1277 3090
314041 1278 3090
386366 1279 3098
85828 1280 3100
597329 1280 3887
584101 1281 3102
594176 1282 3104
594193 1283 3110
19201 1284 3113
288775 1285 3116
594216 1286 3119
594217 1287 3120
126792 1288 3121
365826 1289 3122
594236 1290 3126
594241 1291 3128
594242 1292 3128
594248 1293 3129
111224 1294 3129
594249 1295 3129
594256 1296 3133
594257 1297 3134
11973 1298 3135
594269 1299 3139
594280 1300 3141
584616 1301 3143
596696 1301 3764
596802 1301 3785
371720 1302 3143
602862 1302 5067
594291 1303 3144
242759 1304 3147
594307 1305 3150
594310 1306 3151
604348 1306 5366
594341 1307 3159
594159 1308 3163
594010 1309 3163
594358 1310 3164
594367 1311 3165
155025 1312 3167
181395 1313 3168
594418 1313 3188
594483 1313 3205
154348 1313 3210
594536 1313 3223
594551 1313 3230
594570 1313 3234
594597 1313 3239
594612 1313 3242
119958 1313 3286
594901 1313 3326
594909 1313 3328
594963 1313 3341
595059 1313 3363
595172 1313 3392
595195 1313 3400
595218 1313 3407
595265 1313 3415
595282 1313 3419
595336 1313 3429
595352 1313 3434
261510 1313 3465
595510 1313 3484
179126 1313 3491
595640 1313 3521
40717 1313 3521
595812 1313 3564
595852 1313 3576
273140 1313 3577
596163 1313 3653
596349 1313 3689
410996 1313 3723
596605 1313 3742
596757 1313 3777
596920 1313 3805
596982 1313 3817
597040 1313 3830
597307 1313 3883
597369 1313 3895
473763 1313 3905
578145 1313 3906
98842 1313 3988
598057 1313 4035
598147 1313 4054
598219 1313 4066
214869 1313 4153
598710 1313 4172
599028 1313 4242
599189 1313 4275
454086 1313 4277
184848 1313 4280
599281 1313 4291
599297 1313 4295
7361 1313 4306
599567 1313 4349
599629 1313 4362
599689 1313 4372
16813 1313 4506
600401 1313 4525
221065 1313 4544
600542 1313 4562
197827 1313 4564
600584 1313 4571
600622 1313 4581
600869 1313 4637
600991 1313 4664
284123 1313 4673
65652 1313 4704
601874 1313 4847
159594 1313 4859
601985 1313 4870
602136 1313 4906
602625 1313 5015
602629 1313 5015
602645 1313 5018
370190 1313 5118
603205 1313 5153
603488 1313 5206
603722 1313 5260
604380 1313 5373
75118 1313 5480
604922 1313 5483
402458 1313 5575
605571 1313 5617
606046 1313 5731
606354 1313 5798
606545 1313 5836
606592 1313 5850
534068 1313 5953
607483 1313 5997
123530 1313 6095
609121 1313 6272
609311 1313 6304
235341 1313 6438
610234 1313 6483
610238 1313 6483
356117 1313 6550
610840 1313 6596
611137 1313 6651
16170 1313 6661
1826 1313 6877
140524 1313 6979
612675 1313 6987
612843 1313 7013
416701 1313 7013
613038 1313 7057
613369 1313 7126
594374 1314 3169
594377 1315 3171
594382 1316 3174
594397 1317 3178
594398 1318 3179
594407 1319 3184
340995 1319 6208
594408 1320 3184
594415 1321 3187
594420 1322 3188
499880 1323 3190
594440 1324 3193
594443 1325 3193
594454 1326 3195
594467 1327 3198
594474 1328 3200
86514 1329 3210
594526 1330 3214
60068 1331 3216
371720 1332 3217
594538 1333 3223
215914 1334 3224
594540 1335 3225
594543 1336 3227
383396 1337 3228
595061 1337 3364
594547 1338 3229
90901 1339 3229
594565 1340 3233
594572 1341 3234
594575 1342 3235
85986 1343 3239
10291 1344 3241
57770 1344 4105
594493 1345 3241
594611 1346 3242
173963 1347 3246
184412 1348 3246
353604 1349 3247
594623 1350 3248
594640 1351 3252
26089 1352 3254
594697 1352 3270
98731 1353 3255
594467 1354 3256
115678 1355 3256
503186 1356 3257
594658 1357 3260
581372 1358 3261
211142 1359 3263
298483 1360 3268
594688 1361 3269
148495 1362 3272
468402 1363 3273
594713 1364 3275
594730 1365 3280
594737 1366 3284
594748 1367 3287
594763 1368 3289
594768 1369 3290
594771 1370 3292
594774 1371 3292
115678 1372 3295
594802 1373 3298
594803 1374 3299
594838 1375 3304
594839 1376 3305
105072 1377 3307
594851 1378 3308
68324 1379 3313
86064 1380 3315
594874 1381 3317
594875 1382 3317
60630 1383 3321
594883 1384 3321
594892 1385 3323
73180 1386 3332
594932 1387 3333
152080 1387 3421
422028 1387 3465
498103 1387 6235
609620 1387 6521
611546 1387 6739
612132 1387 6871
74785 1388 3334
594956 1389 3339
594995 1390 3351
595002 1391 3352
211658 1392 3354
595012 1393 3355
595015 1394 3356
595020 1395 3356
501941 1396 3357
595030 1397 3357
595043 1398 3359
595054 1399 3361
439227 1400 3365
595070 1401 3366
397063 1402 3368
595080 1403 3370
5001 1404 3374
454904 1405 3375
42465 1406 3376
117177 1407 3377
595120 1408 3378
595611 1408 3512
590415 1409 3383
113918 1410 3384
595147 1411 3386
159480 1412 3390
59128 1413 3392
4857 1414 3394
151536 1415 3395
595182 1416 3395
561428 1417 3403
593577 1418 3404
595210 1419 3405
595209 1420 3405
595211 1421 3405
595220 1422 3407
597126 1422 3847
599739 1422 4382
595223 1423 3407
595229 1424 3408
595226 1425 3409
595232 1426 3409
113918 1427 3409
595246 1428 3412
85477 1429 3412
595254 1430 3412
349603 1430 3492
595070 1431 3415
595274 1432 3416
595348 1432 3432
595275 1433 3417
419080 1434 3424
595311 1435 3425
595328 1436 3428
595329 1437 3428
595329 1438 3429
595343 1439 3430
595329 1440 3438
595329 1441 3439
69751 1442 3441
597016 1442 3825
595375 1443 3441
595398 1444 3446
595409 1445 3449
595412 1446 3449
595417 1447 3452
595358 1448 3452
584101 1449 3453
595440 1450 3458
10981 1451 3461
595452 1452 3464
12940 1453 3467
85460 1453 5395
594236 1454 3471
595477 1455 3472
26702 1456 3478
595495 1457 3479
595496 1458 3479
595501 1459 3481
595512 1460 3485
595070 1461 3486
595518 1462 3486
595936 1462 3602
595525 1463 3489
586718 1464 3497
57758 1465 3501
314839 1466 3502
13465 1467 3502
572732 1468 3507
595591 1469 3508
612774 1469 7004
314839 1470 3510
41717 1470 4934
82450 1471 3516
12940 1472 3517
561325 1473 3519
595664 1474 3526
595495 1475 3528
561110 1475 4376
77381 1476 3529
595689 1477 3532
595692 1478 3533
595695 1479 3533
2633 1480 3534
595701 1481 3535
543077 1482 3538
74621 1483 3538
111111 1484 3540
138738 1485 3540
286920 1485 3761
189657 1485 6545
281004 1486 3540
88296 1487 3540
266087 1488 3541
540721 1489 3543
595736 1490 3547
595741 1491 3548
19271 1492 3549
597196 1492 3859
25509 1492 4067
595771 1493 3554
188750 1494 3558
595797 1495 3559
595804 1496 3561
595807 1497 3562
202187 1498 3567
595209 1499 3569
592767 1500 3570
595847 1501 3573
296799 1502 3577
595867 1503 3580
595880 1504 3583
595883 1505 3584
595884 1506 3584
595911 1507 3592
595944 1508 3602
485114 1509 3604
441334 1510 3604
427923 1511 3605
595950 1512 3605
461932 1512 3738
208214 1513 3605
104385 1514 3607
11892 1514 3607
595354 1514 3619
596009 1514 3621
64860 1514 3623
596033 1514 3625
596031 1514 3625
60527 1514 3625
596038 1514 3626
66918 1514 3628
122235 1514 3628
81228 1514 3628
596059 1514 3629
596057 1514 3629
71165 1514 3634
596072 1514 3635
93537 1514 3635
299952 1514 3637
64635 1514 3639
105061 1514 3639
77131 1514 3641
75220 1514 3642
596121 1514 3643
396879 1514 3647
596143 1514 3649
66107 1514 3653
80766 1514 3654
323298 1514 3656
593432 1514 3656
206839 1514 3657
596210 1514 3659
77673 1514 3661
74706 1514 3662
89267 1514 3667
62483 1514 3668
596262 1514 3669
596260 1514 3669
77752 1514 3670
596270 1514 3671
60887 1514 3675
94373 1514 3680
310226 1514 3680
77840 1514 3682
67746 1514 3685
596344 1514 3687
96145 1514 3693
596361 1514 3694
4789 1514 3696
88284 1514 3699
123439 1514 3703
596418 1514 3704
134036 1514 3705
124554 1514 3706
79059 1514 3706
57128 1514 3707
157214 1514 3710
422659 1514 3711
596479 1514 3718
573980 1514 3721
596507 1514 3724
596505 1514 3724
70316 1514 3728
109035 1514 3732
158337 1514 3733
451558 1514 3733
596558 1514 3734
122266 1514 3735
596575 1514 3736
224416 1514 3737
596588 1514 3739
106620 1514 3742
80671 1514 3743
463893 1514 3744
596632 1514 3748
134700 1514 3749
341459 1514 3749
596638 1514 3749
596636 1514 3749
69317 1514 3752
78691 1514 3756
596673 1514 3760
66397 1514 3760
596688 1514 3762
596690 1514 3764
596702 1514 3765
106484 1514 3770
596726 1514 3771
123449 1514 3775
67685 1514 3775
96827 1514 3778
71248 1514 3780
596783 1514 3780
596787 1514 3781
86704 1514 3782
303360 1514 3782
108115 1514 3786
126447 1514 3787
60690 1514 3787
596839 1514 3793
62569 1514 3794
595993 1514 3797
70584 1514 3797
596834 1514 3800
596905 1514 3803
62663 1514 3803
143340 1514 3804
108434 1514 3804
181066 1514 3807
96183 1514 3809
111582 1514 3810
103867 1514 3811
81551 1514 3812
99423 1514 3814
67713 1514 3815
451931 1514 3816
329524 1514 3816
103549 1514 3819
396897 1514 3827
185017 1514 3828
597044 1514 3830
597078 1514 3834
38576 1514 3840
597119 1514 3845
597130 1514 3848
597153 1514 3852
597158 1514 3853
261693 1514 3854
46709 1514 3854
194061 1514 3859
67434 1514 3861
597202 1514 3861
92196 1514 3863
32845 1514 3869
596893 1514 3871
232578 1514 3872
597297 1514 3882
195703 1514 3889
109778 1514 3890
597355 1514 3893
84026 1514 3894
597383 1514 3897
81040 1514 3899
76420 1514 3899
597395 1514 3899
597407 1514 3902
259896 1514 3906
597446 1514 3909
433989 1514 3909
62630 1514 3910
122253 1514 3913
597468 1514 3914
346471 1514 3915
99350 1514 3919
295183 1514 3921
93055 1514 3924
157257 1514 3929
6384 1514 3931
597538 1514 3931
83399 1514 3935
597566 1514 3937
68322 1514 3937
166086 1514 3937
597607 1514 3942
85228 1514 3942
597248 1514 3942
199129 1514 3942
372019 1514 3943
597637 1514 3948
64094 1514 3949
355616 1514 3953
125587 1514 3955
321637 1514 3960
153312 1514 3962
232539 1514 3962
162694 1514 3964
597728 1514 3965
404852 1514 3965
597724 1514 3965
81728 1514 3967
597730 1514 3967
597758 1514 3970
396250 1514 3971
585421 1514 3972
80215 1514 3975
631 1514 3982
82566 1514 3983
76222 1514 3989
82364 1514 3990
473264 1514 3992
433070 1514 3993
349532 1514 3994
597861 1514 3997
289452 1514 3998
98850 1514 3998
26079 1514 4003
123044 1514 4006
240251 1514 4006
109810 1514 4006
197951 1514 4009
212126 1514 4009
66207 1514 4016
358087 1514 4016
591303 1514 4025
249226 1514 4026
370687 1514 4028
371850 1514 4029
64648 1514 4032
35925 1514 4042
9535 1514 4042
140096 1514 4050
97070 1514 4051
74472 1514 4051
598145 1514 4053
173463 1514 4057
598182 1514 4060
598190 1514 4061
113844 1514 4062
90248 1514 4063
258896 1514 4063
110920 1514 4063
152755 1514 4067
391458 1514 4069
598106 1514 4082
598305 1514 4086
73247 1514 4089
263270 1514 4097
201754 1514 4097
71031 1514 4098
170985 1514 4102
69560 1514 4107
598424 1514 4109
93308 1514 4112
69089 1514 4112
69877 1514 4113
107792 1514 4116
3191 1514 4116
577649 1514 4117
64518 1514 4124
71087 1514 4128
64015 1514 4144
131451 1514 4150
598653 1514 4158
105830 1514 4163
300619 1514 4165
429160 1514 4168
83740 1514 4170
81910 1514 4171
82039 1514 4173
94507 1514 4175
598722 1514 4175
155250 1514 4179
379550 1514 4180
598742 1514 4182
328918 1514 4185
121765 1514 4185
294876 1514 4187
467267 1514 4188
330977 1514 4191
81373 1514 4196
151789 1514 4196
73539 1514 4199
100720 1514 4199
102319 1514 4206
99993 1514 4206
598872 1514 4210
265030 1514 4213
101391 1514 4218
598822 1514 4218
598930 1514 4221
598966 1514 4227
75053 1514 4230
328328 1514 4230
599001 1514 4232
101819 1514 4238
68829 1514 4238
83422 1514 4244
599080 1514 4255
599095 1514 4259
60769 1514 4260
73766 1514 4260
67985 1514 4265
83072 1514 4266
422439 1514 4267
599150 1514 4268
235053 1514 4269
457417 1514 4277
599223 1514 4282
444770 1514 4284
17043 1514 4285
182331 1514 4290
102923 1514 4291
599288 1514 4293
109740 1514 4293
599303 1514 4296
63764 1514 4299
124689 1514 4303
599344 1514 4303
134053 1514 4304
105623 1514 4308
264190 1514 4311
597124 1514 4311
227595 1514 4315
79043 1514 4317
599415 1514 4320
63532 1514 4320
82408 1514 4323
397360 1514 4324
599453 1514 4325
100083 1514 4330
599479 1514 4331
115503 1514 4332
599493 1514 4334
392427 1514 4336
195408 1514 4337
599531 1514 4344
74751 1514 4353
599615 1514 4358
241466 1514 4363
599611 1514 4364
599638 1514 4364
82101 1514 4365
115997 1514 4379
70296 1514 4379
599735 1514 4381
76038 1514 4384
599763 1514 4386
89733 1514 4386
82260 1514 4387
111333 1514 4392
599793 1514 4394
69311 1514 4397
69648 1514 4399
599830 1514 4405
105105 1514 4406
67308 1514 4409
166977 1514 4410
114158 1514 4420
74400 1514 4420
599899 1514 4422
102230 1514 4426
489874 1514 4426
297179 1514 4426
76859 1514 4427
88273 1514 4429
80691 1514 4433
2514 1514 4433
484532 1514 4434
77532 1514 4434
599972 1514 4435
68920 1514 4435
600017 1514 4444
7060 1514 4447
255181 1514 4447
111389 1514 4453
102739 1514 4456
96335 1514 4458
64115 1514 4464
600132 1514 4465
120299 1514 4469
600147 1514 4469
101412 1514 4475
162024 1514 4475
11060 1514 4476
600205 1514 4481
339300 1514 4483
600229 1514 4486
600250 1514 4491
73533 1514 4492
71118 1514 4496
104921 1514 4498
173065 1514 4501
81788 1514 4502
32438 1514 4503
89825 1514 4507
62365 1514 4507
69879 1514 4507
585739 1514 4513
600349 1514 4513
600367 1514 4515
60575 1514 4515
600384 1514 4520
600434 1514 4533
67661 1514 4536
600447 1514 4537
305219 1514 4537
63863 1514 4539
2689 1514 4543
600392 1514 4543
77014 1514 4557
99129 1514 4557
391816 1514 4563
102955 1514 4563
65947 1514 4563
600566 1514 4566
600592 1514 4573
69277 1514 4576
324647 1514 4580
171507 1514 4584
600644 1514 4588
207897 1514 4592
99730 1514 4594
600695 1514 4597
600702 1514 4598
2330 1514 4600
600724 1514 4604
100633 1514 4606
600744 1514 4608
88191 1514 4616
600800 1514 4622
600855 1514 4633
95259 1514 4634
120613 1514 4643
155477 1514 4643
114527 1514 4644
208444 1514 4647
600936 1514 4651
62401 1514 4657
116060 1514 4660
193119 1514 4661
378071 1514 4667
63300 1514 4673
174746 1514 4678
100971 1514 4684
255908 1514 4688
187898 1514 4694
84500 1514 4694
102012 1514 4698
67547 1514 4706
105143 1514 4708
272295 1514 4711
217124 1514 4711
217126 1514 4711
217143 1514 4711
217131 1514 4711
217141 1514 4711
217139 1514 4711
217122 1514 4711
217149 1514 4711
217157 1514 4712
217145 1514 4712
217189 1514 4712
217155 1514 4712
217191 1514 4712
217193 1514 4712
217167 1514 4712
217175 1514 4712
217171 1514 4712
217137 1514 4712
217187 1514 4712
217183 1514 4712
217179 1514 4712
217161 1514 4712
217151 1514 4712
217163 1514 4712
217159 1514 4712
217173 1514 4712
217177 1514 4712
217133 1514 4712
217185 1514 4712
217181 1514 4712
217169 1514 4712
217147 1514 4712
217165 1514 4712
217135 1514 4712
232988 1514 4715
83122 1514 4718
601321 1514 4718
64020 1514 4729
256781 1514 4733
342481 1514 4734
67706 1514 4760
78850 1514 4761
562219 1514 4773
600927 1514 4790
108198 1514 4794
86368 1514 4803
65874 1514 4803
601723 1514 4810
68880 1514 4817
180171 1514 4823
91412 1514 4830
332192 1514 4831
582171 1514 4833
334959 1514 4836
601864 1514 4843
317157 1514 4851
78391 1514 4856
601942 1514 4862
269905 1514 4864
601976 1514 4867
602011 1514 4875
602009 1514 4875
96005 1514 4879
602047 1514 4883
602067 1514 4889
602073 1514 4891
602094 1514 4897
186364 1514 4900
88992 1514 4900
352981 1514 4903
332351 1514 4905
179648 1514 4908
602178 1514 4915
372067 1514 4926
602290 1514 4938
147819 1514 4944
109903 1514 4944
159436 1514 4950
324597 1514 4951
144905 1514 4955
145688 1514 4964
73387 1514 4964
13858 1514 4964
602430 1514 4968
602428 1514 4968
73688 1514 4970
85938 1514 4980
317689 1514 4991
116398 1514 4991
62724 1514 4998
341390 1514 4999
73722 1514 5002
602583 1514 5006
601539 1514 5007
63475 1514 5009
133213 1514 5015
602638 1514 5017
602661 1514 5022
602698 1514 5030
75719 1514 5033
602721 1514 5036
140441 1514 5044
142154 1514 5049
602775 1514 5051
81478 1514 5056
602835 1514 5062
97511 1514 5067
423795 1514 5077
602915 1514 5078
114144 1514 5079
77664 1514 5083
602955 1514 5089
115216 1514 5090
102269 1514 5098
306886 1514 5105
34 1514 5106
603058 1514 5113
184327 1514 5113
603072 1514 5117
86841 1514 5117
415543 1514 5130
85741 1514 5133
96165 1514 5146
336290 1514 5151
122147 1514 5152
98386 1514 5156
603224 1514 5159
603237 1514 5160
80640 1514 5160
60554 1514 5160
151695 1514 5162
603252 1514 5162
168995 1514 5174
289045 1514 5181
113051 1514 5182
425488 1514 5187
362768 1514 5187
603432 1514 5196
196668 1514 5201
153170 1514 5201
69227 1514 5207
437069 1514 5210
472702 1514 5219
357233 1514 5233
97368 1514 5233
202345 1514 5254
376725 1514 5255
474979 1514 5260
37187 1514 5260
284496 1514 5262
603743 1514 5265
330615 1514 5266
603863 1514 5272
110040 1514 5272
92791 1514 5273
90378 1514 5274
267097 1514 5279
604006 1514 5280
98959 1514 5283
104707 1514 5284
178508 1514 5300
604123 1514 5311
72139 1514 5317
604179 1514 5322
604173 1514 5322
82303 1514 5328
169285 1514 5328
236379 1514 5338
69799 1514 5339
62616 1514 5345
604279 1514 5347
79924 1514 5353
66003 1514 5354
580269 1514 5359
60943 1514 5360
79480 1514 5360
562841 1514 5362
134151 1514 5362
77785 1514 5363
69119 1514 5365
604355 1514 5367
604358 1514 5368
112026 1514 5380
66495 1514 5384
72625 1514 5388
604459 1514 5394
604337 1514 5401
64862 1514 5401
63993 1514 5406
63233 1514 5409
2575 1514 5412
604557 1514 5413
86008 1514 5415
88091 1514 5416
604627 1514 5426
604640 1514 5429
604685 1514 5437
73276 1514 5438
604718 1514 5443
604748 1514 5447
604750 1514 5448
136713 1514 5450
81559 1514 5450
604788 1514 5456
234866 1514 5464
604828 1514 5465
73675 1514 5466
107288 1514 5475
60995 1514 5475
604901 1514 5479
92969 1514 5482
77447 1514 5490
100912 1514 5491
91993 1514 5502
472399 1514 5503
605044 1514 5506
605055 1514 5508
73108 1514 5513
605089 1514 5514
81726 1514 5523
605127 1514 5523
67521 1514 5526
605238 1514 5544
605240 1514 5545
113540 1514 5547
235511 1514 5548
467868 1514 5560
162457 1514 5560
109316 1514 5575
75592 1514 5581
19273 1514 5582
605403 1514 5582
605408 1514 5583
604893 1514 5590
605460 1514 5595
578501 1514 5596
605477 1514 5598
69734 1514 5600
78983 1514 5601
127473 1514 5611
94544 1514 5615
79184 1514 5623
605604 1514 5626
605620 1514 5630
234095 1514 5633
89647 1514 5642
198541 1514 5645
206631 1514 5647
66509 1514 5650
18182 1514 5655
63665 1514 5664
395846 1514 5669
63957 1514 5672
137134 1514 5678
605926 1514 5697
605999 1514 5715
108838 1514 5727
75594 1514 5731
606082 1514 5740
185138 1514 5746
334631 1514 5753
606152 1514 5753
99783 1514 5755
605924 1514 5755
71818 1514 5761
587088 1514 5766
606224 1514 5767
606230 1514 5768
96614 1514 5774
162292 1514 5783
101220 1514 5786
3856 1514 5789
606336 1514 5795
100728 1514 5804
605166 1514 5814
111627 1514 5819
104624 1514 5821
606429 1514 5824
65811 1514 5824
606526 1514 5832
266551 1514 5833
97005 1514 5836
412480 1514 5845
212172 1514 5861
313826 1514 5869
139190 1514 5871
117678 1514 5877
605980 1514 5880
111338 1514 5883
97788 1514 5883
146030 1514 5886
132311 1514 5886
606795 1514 5893
467850 1514 5903
428365 1514 5915
63210 1514 5938
607075 1514 5940
127394 1514 5941
607152 1514 5950
301850 1514 5974
183296 1514 5979
309908 1514 5984
118567 1514 5997
361826 1514 5997
5010 1514 5998
87376 1514 6001
64227 1514 6041
79679 1514 6053
294438 1514 6055
89815 1514 6057
607909 1514 6064
277150 1514 6064
371834 1514 6069
88062 1514 6071
93554 1514 6072
129659 1514 6074
141305 1514 6080
257700 1514 6089
337275 1514 6093
608099 1514 6096
498103 1514 6116
608289 1514 6126
307050 1514 6126
606936 1514 6138
9216 1514 6138
118986 1514 6153
375779 1514 6155
608486 1514 6156
76827 1514 6165
161744 1514 6168
608632 1514 6182
64928 1514 6184
172361 1514 6191
67523 1514 6205
347351 1514 6208
608784 1514 6212
448202 1514 6226
71316 1514 6231
78884 1514 6239
123544 1514 6254
609023 1514 6256
609037 1514 6257
439706 1514 6262
308854 1514 6263
71016 1514 6282
609035 1514 6287
156869 1514 6289
609183 1514 6289
75661 1514 6295
394697 1514 6296
91659 1514 6311
590095 1514 6315
248726 1514 6320
64117 1514 6326
400593 1514 6329
150455 1514 6342
381283 1514 6351
164515 1514 6352
609584 1514 6359
66171 1514 6370
609657 1514 6371
61882 1514 6373
418117 1514 6377
96394 1514 6378
609726 1514 6380
609753 1514 6385
609764 1514 6389
152457 1514 6397
606101 1514 6401
609838 1514 6408
580618 1514 6411
609877 1514 6418
609886 1514 6420
609901 1514 6422
575427 1514 6425
609934 1514 6427
455930 1514 6429
390942 1514 6438
294188 1514 6442
610043 1514 6450
95744 1514 6451
610059 1514 6455
105749 1514 6460
174594 1514 6462
171495 1514 6464
354506 1514 6464
314281 1514 6470
12175 1514 6478
89834 1514 6490
431481 1514 6491
2597 1514 6501
422920 1514 6522
145885 1514 6524
109120 1514 6526
1529 1514 6529
351941 1514 6530
610587 1514 6546
78916 1514 6557
406379 1514 6562
77777 1514 6563
349504 1514 6568
214096 1514 6570
610721 1514 6571
272985 1514 6580
144862 1514 6584
610826 1514 6595
606289 1514 6602
281747 1514 6613
259350 1514 6614
70600 1514 6624
436750 1514 6624
611012 1514 6625
357320 1514 6625
131841 1514 6636
293055 1514 6636
248395 1514 6643
82794 1514 6646
336117 1514 6647
611112 1514 6647
101760 1514 6650
65926 1514 6650
611124 1514 6650
63750 1514 6651
76133 1514 6656
158028 1514 6667
90240 1514 6667
492797 1514 6669
167883 1514 6678
86912 1514 6684
83116 1514 6690
611355 1514 6694
396356 1514 6706
611417 1514 6706
84061 1514 6723
611599 1514 6749
7083 1514 6749
351126 1514 6756
68550 1514 6761
562878 1514 6764
611671 1514 6767
610121 1514 6779
66478 1514 6782
611740 1514 6783
368412 1514 6792
611800 1514 6796
100726 1514 6799
611823 1514 6803
41126 1514 6817
611882 1514 6820
66627 1514 6822
87558 1514 6825
611953 1514 6832
69748 1514 6835
611994 1514 6840
76416 1514 6843
612020 1514 6845
348901 1514 6856
292291 1514 6866
90736 1514 6866
612098 1514 6869
465846 1514 6873
147273 1514 6883
612244 1514 6896
106502 1514 6899
83838 1514 6907
87936 1514 6908
372145 1514 6910
589744 1514 6919
17442 1514 6921
208906 1514 6927
121324 1514 6929
312005 1514 6952
287525 1514 6957
612589 1514 6971
70274 1514 6979
80400 1514 6982
111249 1514 6988
134896 1514 6999
471025 1514 7006
612699 1514 7018
612878 1514 7019
612901 1514 7024
612777 1514 7037
613042 1514 7057
116504 1514 7060
613068 1514 7062
133219 1514 7067
9808 1514 7068
613148 1514 7080
70893 1514 7082
613165 1514 7085
64494 1514 7085
310245 1514 7094
93121 1514 7098
613245 1514 7102
613323 1514 7116
164221 1514 7123
170174 1514 7127
67672 1514 7127
101999 1514 7130
66629 1514 7136
613418 1514 7137
80678 1514 7137
613428 1514 7139
74126 1514 7144
12760 1514 7148
60869 1514 7154
613538 1514 7163
492933 1514 7165
613588 1514 7173
76033 1514 7182
11457 1514 7190
595963 1515 3608
595966 1516 3609
595967 1517 3610
595968 1518 3610
181161 1519 3610
42927 1520 3612
595981 1521 3613
595983 1522 3613
597305 1522 3883
11776 1523 3613
595984 1524 3614
595985 1525 3615
595986 1526 3616
311345 1527 3618
596232 1527 3662
272440 1528 3618
596007 1529 3619
596008 1530 3620
140182 1531 3621
158025 1532 3623
156051 1532 3775
157765 1532 3865
108580 1532 4087
215563 1533 3623
608316 1533 6174
60764 1534 3623
596035 1535 3625
596054 1536 3628
596065 1537 3631
596172 1537 3654
596066 1538 3632
596071 1539 3634
59019 1539 4303
600564 1539 4566
604066 1539 5297
596086 1540 3637
595020 1541 3640
596106 1542 3640
129090 1543 3644
80964 1544 3644
595226 1545 3647
595878 1546 3648
15587 1547 3650
596150 1548 3651
596151 1549 3651
596154 1550 3651
596155 1551 3651
102332 1552 3652
596169 1553 3653
596182 1554 3655
593256 1555 3656
596194 1556 3656
170510 1557 3659
596228 1558 3661
596229 1559 3661
204037 1560 3665
596240 1561 3665
596250 1562 3667
596255 1563 3667
596268 1564 3670
598080 1564 4041
596269 1565 3671
41297 1566 3671
197669 1567 3672
596278 1568 3674
595343 1569 3674
596214 1570 3674
244613 1571 3678
596296 1572 3679
125647 1573 3680
596314 1574 3682
255302 1575 3683
26898 1576 3683
596333 1577 3686
596348 1578 3689
596379 1579 3696
596382 1580 3697
583436 1581 3697
383651 1582 3702
592767 1583 3704
596420 1584 3704
223406 1585 3708
596454 1586 3709
32325 1587 3711
546044 1588 3713
596481 1589 3720
596485 1590 3721
596484 1591 3721
596500 1592 3723
601836 1593 3726
101433 1593 4833
596517 1594 3727
74492 1595 3729
596529 1596 3729
76620 1597 3732
66744 1598 3732
596570 1599 3735
596585 1600 3738
596590 1601 3739
598365 1601 4097
600572 1601 4567
601127 1601 4697
604572 1601 5415
604936 1601 5484
135310 1602 3744
22021 1603 3750
596645 1604 3750
596646 1605 3750
117177 1606 3751
186797 1607 3751
596652 1608 3752
595878 1609 3753
596663 1610 3755
596670 1611 3757
596683 1612 3762
596155 1613 3763
286288 1614 3764
596698 1615 3764
596701 1616 3765
596722 1617 3769
596723 1618 3769
596736 1619 3772
178664 1620 3773
358224 1621 3774
80317 1622 3775
596756 1623 3777
531717 1624 3782
596805 1625 3785
365826 1626 3785
596806 1627 3786
596807 1628 3786
12940 1629 3786
547782 1630 3789
314041 1631 3789
596831 1632 3789
596836 1633 3792
596845 1634 3793
602852 1634 5066
596850 1635 3794
596857 1636 3795
596701 1637 3799
452704 1638 3800
595878 1639 3800
596240 1640 3804
596916 1641 3805
63034 1642 3805
204238 1643 3807
383651 1644 3816
596994 1645 3819
597002 1646 3820
597001 1647 3820
309946 1648 3824
597026 1649 3826
597037 1650 3829
597049 1651 3830
40211 1652 3831
597080 1653 3834
597087 1654 3836
597088 1655 3836
287622 1656 3839
7249 1656 5480
595878 1657 3842
10411 1658 3845
597140 1659 3849
597155 1660 3852
597166 1661 3855
597185 1662 3858
597186 1663 3858
38782 1664 3859
115875 1665 3863
597215 1666 3865
75084 1667 3867
597001 1668 3868
206933 1669 3872
108152 1670 3874
597292 1671 3881
28841 1671 4016
602497 1671 4981
486160 1671 5592
269691 1671 6245
62792 1672 3883
597310 1673 3883
84292 1674 3884
597312 1675 3884
597331 1676 3887
597334 1677 3889
597359 1678 3893
597368 1679 3895
127578 1680 3895
19096 1681 3896
597386 1682 3898
10797 1683 3898
383651 1684 3899
82159 1685 3900
9647 1686 3901
597406 1687 3901
601786 1687 4825
109631 1688 3903
452575 1688 5260
271813 1689 3904
273197 1690 3904
597418 1691 3905
18809 1692 3905
231415 1693 3906
597821 1693 3986
439685 1693 4146
599179 1693 4274
599261 1693 4289
600816 1693 4624
608421 1693 6147
597433 1694 3907
597436 1695 3907
597443 1696 3909
607509 1696 6000
80773 1697 3911
597459 1698 3911
19774 1699 3915
340700 1700 3915
596240 1701 3916
597487 1702 3918
2518 1703 3921
597505 1704 3923
597510 1705 3924
597511 1706 3924
597514 1707 3926
70439 1708 3927
596850 1709 3928
433530 1710 3930
433531 1711 3931
597535 1712 3931
597550 1713 3932
597551 1714 3933
597574 1715 3937
273197 1716 3938
99368 1717 3938
597599 1718 3940
597600 1719 3941
597611 1720 3943
597620 1721 3946
85904 1722 3951
239631 1723 3952
597669 1724 3953
597674 1725 3954
589960 1726 3955
597686 1727 3957
79408 1728 3959
597700 1729 3959
97467 1730 3963
597736 1731 3966
598846 1731 4206
597745 1732 3968
102332 1733 3968
597747 1734 3969
597764 1735 3972
597767 1736 3972
597768 1737 3974
15854 1738 3975
8112 1738 4082
91706 1738 4436
109778 1739 3977
597781 1740 3978
597784 1741 3979
597785 1742 3979
129770 1743 3980
597807 1744 3983
597816 1745 3985
597869 1746 3997
597874 1747 3999
597879 1748 4000
597893 1749 4002
597886 1750 4003
597898 1751 4003
597905 1752 4005
597922 1753 4007
147083 1754 4010
596850 1755 4015
465086 1756 4018
598143 1756 4052
598444 1756 4111
597988 1757 4019
564866 1758 4019
598016 1759 4027
1595 1759 4160
24797 1760 4028
598034 1761 4030
158766 1762 4031
598046 1763 4033
598054 1764 4034
69141 1765 4034
598071 1766 4037
19491 1767 4037
75321 1768 4039
598090 1769 4043
333122 1770 4044
294200 1771 4045
598113 1772 4046
13237 1773 4050
597443 1774 4050
598140 1775 4051
186333 1776 4056
345358 1777 4066
598237 1778 4070
5792 1779 4071
312692 1780 4073
598270 1781 4077
90901 1782 4084
598300 1783 4085
598313 1784 4088
598314 1785 4088
598322 1786 4089
598321 1787 4089
588996 1788 4089
261256 1789 4090
598329 1790 4090
598344 1791 4093
464642 1792 4094
598356 1793 4095
482283 1793 4731
223307 1793 5593
598373 1794 4098
314144 1795 4099
2577 1795 4529
39751 1796 4104
5832 1797 4112
41573 1798 4113
598283 1799 4113
598467 1800 4114
135485 1801 4118
598485 1802 4119
598490 1803 4121
598495 1804 4123
598504 1805 4124
598507 1806 4125
598516 1807 4127
594942 1808 4129
598522 1809 4129
595417 1810 4129
598526 1811 4131
598537 1812 4133
368287 1813 4133
564376 1814 4136
17584 1815 4138
598589 1816 4147
598610 1817 4150
598619 1818 4151
598622 1819 4151
598623 1820 4152
214826 1821 4156
411350 1822 4159
363756 1823 4159
48160 1824 4165
598680 1825 4165
598693 1826 4168
600311 1826 4507
9261 1826 6120
130985 1826 6887
48160 1827 4171
102943 1828 4172
598726 1829 4178
463535 1830 4179
90108 1831 4182
139423 1832 4182
598752 1833 4184
598753 1834 4184
598760 1835 4186
598771 1836 4188
196925 1837 4188
598782 1838 4188
598779 1839 4188
598809 1840 4196
598816 1841 4197
598819 1842 4198
598838 1843 4204
84864 1844 4204
52902 1845 4205
5844 1846 4205
283311 1847 4206
5832 1848 4209
598883 1849 4211
598882 1850 4212
598884 1851 4212
201556 1852 4216
598910 1853 4216
598925 1854 4220
330573 1854 6283
598950 1855 4224
61721 1855 4265
598959 1856 4226
599000 1857 4232
17584 1858 4237
19491 1859 4243
599047 1860 4246
600417 1860 4529
600879 1860 4638
411636 1860 6788
69131 1861 4247
93739 1862 4248
351450 1863 4249
598957 1864 4251
599066 1865 4252
599069 1866 4253
599072 1867 4253
599079 1868 4255
599086 1869 4257
599109 1870 4261
96003 1871 4261
599273 1871 4291
599129 1872 4264
599132 1873 4265
139423 1874 4267
599152 1875 4268
403459 1876 4270
111878 1877 4272
599171 1878 4273
599178 1879 4273
599207 1880 4279
599208 1881 4279
599215 1882 4280
215563 1883 4281
175543 1884 4282
240322 1885 4283
599241 1886 4284
138046 1887 4288
599259 1888 4289
597600 1889 4289
118054 1890 4289
599906 1890 4424
599266 1891 4290
599269 1892 4290
599585 1892 4352
601499 1892 4766
604267 1892 5346
607154 1892 5950
236232 1893 4290
305931 1894 4291
599292 1895 4293
450469 1896 4298
89504 1897 4300
147083 1898 4301
244613 1899 4304
599355 1900 4304
5832 1901 4308
22873 1902 4309
599374 1903 4310
599375 1904 4311
79276 1905 4311
107138 1906 4312
599392 1907 4314
599409 1908 4318
599414 1909 4319
82159 1910 4320
598726 1911 4322
33716 1911 4808
396478 1912 4324
1756 1913 4325
242143 1914 4326
600463 1914 4542
455315 1915 4327
599471 1916 4330
66744 1917 4331
599481 1918 4332
599490 1919 4334
599499 1920 4335
599500 1921 4336
21729 1922 4347
21729 1923 4347
599579 1924 4350
113497 1925 4351
599587 1925 4352
599589 1926 4353
599606 1927 4355
599609 1928 4357
593750 1929 4357
599637 1930 4363
599657 1931 4366
599654 1932 4366
599666 1933 4369
599681 1934 4372
599684 1935 4372
434175 1936 4373
599708 1937 4376
599741 1938 4383
145093 1939 4386
361435 1940 4389
389736 1940 4427
422334 1940 5933
599774 1941 4389
599779 1942 4391
599784 1943 4392
599789 1944 4393
599792 1945 4394
599795 1946 4394
244717 1947 4395
599799 1948 4396
599800 1949 4396
605408 1949 5583
184209 1950 4397
240508 1950 6750
599840 1951 4406
599853 1952 4411
5832 1953 4412
590178 1954 4413
599858 1955 4413
547288 1956 4414
599868 1957 4417
292474 1958 4420
599886 1959 4421
19022 1960 4421
22059 1960 4429
22057 1960 4429
22061 1960 4429
599889 1961 4421
225271 1962 4421
599896 1963 4422
599903 1964 4422
394282 1965 4425
381357 1966 4427
599928 1967 4428
215563 1968 4428
22943 1969 4431
89188 1969 5423
357896 1970 4431
511091 1971 4431
599949 1972 4432
564376 1973 4433
599959 1974 4433
23651 1975 4438
599997 1976 4439
595417 1977 4440
225656 1978 4443
600009 1979 4443
602537 1979 4994
599172 1980 4451
594415 1981 4455
600081 1982 4455
600090 1983 4458
600096 1984 4459
28334 1985 4459
2463 1986 4460
600110 1987 4462
168255 1988 4465
600138 1989 4467
600141 1990 4467
405597 1991 4467
603715 1991 5257
92011 1992 4469
600162 1993 4473
600171 1994 4474
600172 1995 4474
582063 1996 4474
172884 1997 4474
600183 1998 4476
600196 1999 4478
599896 2000 4479
600200 2001 4479
600037 2002 4481
600212 2003 4484
570169 2004 4489
600246 2005 4490
80932 2006 4490
201556 2007 4490
47569 2008 4490
600254 2009 4492
600267 2010 4497
129984 2011 4501
600293 2012 4502
600298 2013 4503
5932 2013 4593
88320 2014 4506
599901 2015 4508
545169 2016 4509
600339 2017 4509
600355 2018 4513
300157 2019 4514
5001 2020 4514
600373 2021 4515
600374 2022 4516
600375 2023 4517
600398 2024 4524
74811 2025 4526
600412 2026 4528
600423 2027 4529
600426 2028 4530
600431 2029 4532
600438 2030 4535
175310 2031 4537
4258 2032 4537
600451 2033 4538
599172 2034 4542
600462 2035 4542
600470 2036 4543
600481 2037 4546
600484 2038 4547
606497 2038 5828
609842 2038 6410
589435 2039 4549
195058 2040 4549
196925 2041 4553
407246 2042 4557
37587 2043 4560
582834 2044 4560
600535 2045 4561
397938 2046 4561
600539 2047 4562
600558 2048 4564
600559 2049 4564
11247 2050 4571
144382 2051 4571
435321 2052 4577
609467 2052 6336
600613 2053 4579
600624 2054 4583
92306 2054 4602
600627 2055 4584
600636 2056 4586
600639 2057 4587
17794 2058 4588
461020 2059 4588
601003 2059 4667
603056 2059 5113
599172 2060 4590
600669 2061 4592
600669 2062 4592
600685 2063 4594
600688 2064 4596
600697 2065 4597
600704 2066 4599
600713 2067 4602
264883 2068 4602
241561 2069 4603
161456 2070 4605
584101 2071 4606
330619 2072 4606
600743 2073 4607
600749 2074 4608
600746 2075 4608
600758 2076 4611
600771 2077 4615
600784 2078 4619
600785 2079 4619
600820 2080 4625
600825 2081 4627
600830 2082 4629
600841 2083 4630
371660 2084 4632
600865 2085 4634
24793 2086 4635
600867 2087 4636
382312 2088 4636
600887 2089 4641
600888 2090 4641
600891 2091 4641
600898 2092 4643
600911 2093 4644
600918 2094 4645
600925 2095 4647
600926 2096 4648
610195 2096 6475
600931 2097 4649
70880 2098 4654
97020 2099 4658
600968 2100 4658
600746 2101 4661
600988 2102 4663
264883 2103 4672
3022 2104 4673
608103 2104 6096
601024 2105 4673
601032 2106 4673
604205 2106 5329
611947 2106 6831
601041 2107 4677
601058 2108 4681
601061 2109 4682
601086 2110 4686
601107 2111 4692
383249 2112 4693
497032 2113 4694
601120 2114 4695
6667 2115 4695
604591 2115 5418
6668 2116 4696
74400 2117 4698
340995 2117 4788
89254 2118 4699
171241 2118 4780
316835 2119 4703
601164 2120 4705
601173 2121 4706
601011 2122 4708
601207 2123 4710
594374 2124 4711
601233 2125 4711
347627 2126 4715
340995 2126 4794
545820 2127 4716
601318 2128 4717
111818 2129 4718
601581 2129 4785
606439 2129 5818
601330 2130 4718
601339 2131 4720
601344 2132 4721
340995 2132 4800
106141 2133 4725
600746 2134 4730
600147 2135 4735
73918 2136 4736
601401 2137 4737
599414 2138 4737
601415 2139 4741
601428 2140 4744
340995 2140 4807
601433 2141 4745
9966 2142 4747
601437 2143 4748
601451 2144 4751
112507 2145 4751
601452 2146 4752
601469 2147 4757
597514 2148 4763
601333 2149 4764
72819 2150 4765
74062 2151 4766
601504 2152 4766
597697 2153 4767
340995 2153 4816
221381 2154 4771
601533 2155 4776
79159 2156 4777
601561 2157 4781
6807 2158 4784
597124 2158 5388
601591 2159 4786
514172 2160 4788
601621 2161 4791
10031 2162 4792
601627 2163 4792
601648 2164 4797
601415 2165 4797
602750 2165 5044
597124 2165 5369
601651 2166 4797
601655 2167 4797
399581 2168 4798
601687 2169 4801
585758 2170 4802
5399 2171 4802
601702 2172 4805
601705 2173 4805
395186 2173 4933
295231 2174 4806
529818 2175 4816
169563 2175 4932
309665 2175 4942
602663 2175 5023
602767 2175 5041
218201 2175 5061
602858 2175 5066
602945 2175 5088
125426 2175 5179
603997 2175 5279
604239 2175 5338
240499 2175 5365
503251 2175 5462
604961 2175 5490
197024 2175 5570
606638 2175 5860
606901 2175 5914
377952 2175 5986
608591 2175 6176
608848 2175 6222
417795 2175 6227
609580 2175 6359
609747 2175 6385
400191 2175 6495
611617 2175 6753
611929 2175 6828
612203 2175 6888
612236 2175 6894
612423 2175 6933
593669 2176 4818
3073 2177 4821
601648 2178 4822
601783 2179 4824
601792 2180 4827
601803 2181 4828
601806 2182 4829
296243 2183 4831
395186 2184 4831
601819 2185 4831
267367 2186 4833
601863 2187 4840
601648 2188 4845
601870 2189 4845
110719 2190 4847
82552 2191 4850
601892 2192 4851
601895 2193 4851
601900 2194 4851
418861 2195 4855
601922 2196 4856
210702 2197 4859
601938 2198 4861
601941 2199 4862
601950 2200 4863
601969 2201 4865
601978 2202 4867
601987 2203 4870
601978 2204 4871
30824 2205 4872
602102 2205 4899
602171 2205 4914
13057 2205 4966
602006 2206 4873
601648 2207 4874
33642 2208 4875
54934 2209 4876
602024 2210 4878
84697 2211 4880
602044 2212 4882
267367 2213 4884
602054 2214 4885
402009 2215 4889
602072 2216 4890
601963 2217 4895
602086 2218 4895
602089 2219 4896
269160 2220 4898
602101 2221 4898
602114 2222 4900
68275 2223 4904
464614 2224 4907
210604 2225 4907
602160 2226 4910
602173 2227 4915
235696 2228 4917
602370 2228 4954
602185 2229 4917
602196 2230 4920
602203 2231 4920
602206 2232 4920
395186 2233 4922
15811 2234 4922
602217 2235 4923
12824 2236 4924
602231 2237 4926
212907 2238 4931
67537 2239 4931
229273 2240 4933
4648 2241 4934
602298 2242 4940
602307 2243 4942
602312 2244 4943
602329 2245 4946
602332 2246 4947
601648 2247 4948
602340 2248 4948
602345 2249 4949
601089 2250 4955
602381 2251 4957
602386 2252 4957
363756 2253 4964
155013 2254 4965
303 2255 4965
602464 2256 4973
602469 2257 4975
598760 2258 4977
737 2259 4977
602482 2260 4981
602485 2261 4982
110522 2262 4983
215563 2263 4986
608316 2263 6130
602510 2264 4988
580166 2264 6185
610918 2264 6611
611414 2264 7096
602513 2265 4989
602514 2266 4990
130246 2267 4992
2577 2267 5449
602530 2268 4993
425908 2269 4997
598693 2269 5365
602548 2270 4997
291 2271 4998
577984 2272 5000
604404 2272 5379
602579 2273 5003
602580 2274 5004
602581 2275 5004
602582 2276 5005
602587 2277 5006
444161 2278 5007
602593 2279 5007
602596 2280 5007
560342 2281 5012
603280 2281 5170
602156 2282 5013
87001 2283 5015
380881 2284 5017
602643 2285 5018
602644 2286 5018
602653 2287 5020
76435 2288 5020
602514 2289 5023
602700 2290 5031
602703 2291 5031
602708 2292 5032
602717 2293 5035
304520 2293 5307
186163 2294 5036
601089 2295 5038
602726 2296 5038
602727 2297 5039
602854 2297 5066
14462 2297 5091
589397 2297 5178
603388 2297 5187
603386 2297 5187
603398 2297 5188
603583 2297 5230
380035 2297 5233
255632 2297 5281
604115 2297 5309
604177 2297 5322
597124 2297 5343
604845 2297 5468
178453 2297 5496
605328 2297 5567
605487 2297 5600
553252 2297 5709
68362 2297 5812
606445 2297 5818
606979 2297 5927
62365 2297 5940
607561 2297 6010
607615 2297 6022
25827 2297 6038
1088 2297 6051
13723 2297 6054
195724 2297 6089
13982 2297 6090
14005 2297 6092
168497 2297 6106
1465 2297 6109
608271 2297 6124
196050 2297 6136
25923 2297 6142
26128 2297 6275
169929 2297 6283
26514 2297 6316
120622 2297 6332
124302 2297 6352
609612 2297 6362
387440 2297 6364
609861 2297 6415
609992 2297 6438
15369 2297 6462
36040 2297 6500
610397 2297 6510
172271 2297 6565
610813 2297 6591
78792 2297 6618
610683 2297 6688
173490 2297 6705
611530 2297 6732
118707 2297 6740
612186 2297 6885
612477 2297 6942
610929 2297 6960
413524 2297 7034
613466 2297 7149
291317 2298 5041
89038 2299 5041
602734 2300 5042
354557 2301 5044
602752 2302 5044
603162 2302 5142
602755 2303 5045
602762 2304 5047
153307 2305 5048
602766 2306 5049
602779 2307 5051
272014 2308 5052
110719 2309 5057
602803 2310 5057
602810 2311 5057
602812 2312 5057
602817 2313 5058
602830 2314 5061
602851 2315 5065
602868 2316 5069
298909 2317 5069
602878 2318 5071
25273 2319 5071
602888 2320 5073
602893 2321 5074
48835 2322 5076
602923 2323 5080
572732 2324 5082
602947 2325 5088
602952 2326 5089
55201 2327 5090
602962 2328 5091
602971 2329 5093
602972 2330 5094
3359 2331 5095
137538 2332 5095
602985 2333 5096
107042 2334 5097
22699 2335 5097
603006 2336 5100
131795 2337 5104
603040 2338 5107
603041 2339 5108
603050 2340 5111
264883 2341 5112
603062 2342 5114
450890 2343 5115
109213 2344 5119
603093 2345 5119
158081 2346 5121
603105 2347 5125
603114 2348 5126
603119 2349 5127
603004 2350 5130
598838 2351 5131
602554 2352 5135
47415 2353 5137
603154 2354 5140
603155 2355 5141
437425 2356 5142
116873 2356 6392
2154 2357 5144
575602 2358 5144
152675 2359 5146
603176 2360 5146
603017 2361 5147
603200 2362 5151
260143 2363 5153
603210 2364 5154
69292 2365 5156
590688 2365 5181
2577 2365 5434
603216 2366 5157
603219 2367 5157
601687 2368 5159
115956 2369 5160
603354 2369 5180
603475 2369 5203
603156 2369 5211
99194 2369 5330
76622 2369 5548
605646 2369 5637
606431 2369 5816
69739 2369 5874
607235 2369 5962
110920 2369 6472
290135 2370 5165
603162 2371 5169
438490 2372 5173
596035 2373 5174
603318 2374 5175
356474 2375 5180
603364 2376 5182
471737 2377 5183
603402 2378 5189
603407 2379 5191
603412 2380 5191
603421 2381 5193
603442 2382 5199
92711 2383 5199
337624 2384 5203
105975 2385 5205
601089 2386 5207
401075 2387 5209
603508 2388 5210
121875 2389 5212
603514 2390 5212
603533 2391 5216
38076 2392 5217
39928 2392 5654
603535 2393 5218
603546 2394 5219
604153 2394 5317
602703 2395 5221
603556 2396 5222
603504 2397 5223
603562 2398 5224
603575 2399 5228
568841 2400 5230
603641 2401 5239
603644 2402 5241
603655 2403 5243
547782 2404 5247
603665 2405 5247
75742 2406 5249
603681 2407 5249
224389 2408 5250
603689 2409 5251
154699 2410 5252
603696 2411 5252
148798 2412 5253
603703 2413 5254
190685 2414 5255
548960 2415 5259
18110 2416 5260
603733 2417 5261
411250 2418 5264
48835 2419 5265
69194 2420 5269
603761 2421 5269
603796 2422 5270
555073 2423 5276
603984 2424 5276
604522 2424 5407
604832 2424 5466
605876 2424 5686
229915 2424 5960
162741 2424 6554
604003 2425 5280
604010 2426 5281
604016 2427 5281
112 2428 5281
233611 2428 5343
253679 2428 5994
102120 2428 6722
604019 2429 5283
95199 2430 5283
604025 2431 5283
602548 2432 5284
322 2432 5925
604047 2433 5288
604054 2434 5290
588505 2435 5292
604056 2436 5292
604061 2437 5294
436975 2438 5296
322 2438 5914
604065 2439 5296
604072 2440 5299
604073 2441 5300
555073 2442 5302
322 2442 5907
569210 2443 5303
322 2443 5903
604106 2444 5306
559533 2445 5306
322 2445 5899
77381 2446 5308
604131 2447 5312
593255 2448 5315
226877 2449 5319
599414 2450 5322
603219 2451 5330
322 2451 5884
24379 2452 5333
604223 2453 5334
604232 2454 5335
3022 2455 5336
608103 2455 6113
604235 2456 5336
581119 2457 5345
604266 2458 5345
76550 2459 5346
604274 2460 5347
604283 2461 5348
604284 2462 5349
604285 2463 5350
604288 2464 5351
604295 2465 5353
604300 2466 5355
11414 2467 5355
12187 2468 5358
604307 2469 5358
604336 2470 5364
604347 2471 5366
604352 2472 5367
478991 2473 5367
404437 2474 5369
606655 2475 5369
322 2475 5865
604363 2476 5370
604364 2477 5370
16817 2478 5370
322 2478 5847
604382 2479 5374
604397 2480 5378
604408 2481 5381
604419 2482 5384
89906 2483 5387
604447 2484 5390
604448 2485 5390
604477 2486 5398
63985 2487 5400
565930 2488 5400
212015 2489 5401
606557 2489 5840
39138 2489 6512
9551 2490 5401
273071 2491 5402
604506 2492 5402
74416 2493 5405
604521 2494 5407
604525 2495 5408
604168 2496 5408
602464 2497 5408
322 2497 5830
228158 2497 6153
70874 2497 6179
59627 2497 6638
601687 2498 5408
604542 2499 5410
604545 2500 5412
63768 2501 5412
278910 2502 5414
604576 2503 5415
604607 2504 5420
322 2504 5819
604605 2505 5420
604606 2506 5420
604701 2506 5441
604618 2507 5422
322 2507 5802
604631 2508 5426
184735 2509 5427
351762 2510 5428
322 2510 5798
610349 2510 6502
604642 2511 5429
607749 2511 6041
601648 2512 5429
604644 2513 5429
604652 2514 5431
113418 2515 5431
604691 2516 5438
11057 2517 5439
105082 2518 5442
158766 2519 5442
395871 2520 5443
322 2520 5788
604717 2521 5443
22363 2522 5444
607864 2522 6056
607870 2522 6057
604726 2523 5444
604747 2524 5447
604762 2525 5450
2035 2526 5451
604775 2527 5451
163897 2528 5451
397453 2529 5455
604783 2530 5456
604790 2531 5456
613687 2531 7195
28895 2532 5458
604818 2533 5464
340778 2534 5465
604844 2535 5468
604849 2536 5469
604850 2537 5469
604867 2538 5473
604870 2539 5474
604786 2540 5477
604895 2541 5477
604905 2542 5480
604906 2543 5480
604909 2544 5480
7531 2545 5483
376501 2546 5483
601648 2547 5483
57258 2548 5483
604948 2549 5486
604977 2550 5492
89188 2551 5494
604979 2552 5494
604982 2553 5495
72819 2554 5498
605004 2555 5500
605005 2556 5501
37977 2557 5502
149282 2558 5503
605028 2559 5504
605024 2560 5505
587501 2561 5505
17702 2562 5506
605048 2563 5507
605065 2564 5509
600246 2565 5509
142362 2566 5515
605120 2567 5522
605137 2568 5525
605144 2569 5526
605145 2570 5526
605150 2571 5527
605153 2572 5527
303 2573 5528
605163 2574 5529
605172 2575 5530
600090 2576 5530
605180 2577 5534
180009 2578 5537
599490 2579 5539
605207 2580 5540
605519 2580 5605
604173 2581 5541
221354 2582 5543
588083 2583 5543
605229 2584 5544
605252 2585 5548
605259 2586 5548
605283 2587 5553
322 2587 5738
607067 2587 5939
605282 2588 5554
63692 2589 5555
600891 2590 5556
605316 2591 5563
605325 2592 5566
605794 2592 5669
355631 2593 5567
127578 2594 5568
605340 2595 5569
89188 2596 5569
16546 2597 5571
18703 2598 5572
605360 2599 5574
28517 2600 5575
605370 2601 5576
605375 2602 5577
605382 2603 5577
486160 2604 5582
4315 2605 5586
604652 2606 5586
605420 2607 5586
13946 2608 5594
605470 2609 5597
43287 2610 5601
89188 2611 5602
91706 2611 5730
11142 2611 6277
132423 2612 5602
605504 2612 5603
605512 2613 5603
605521 2614 5605
605526 2615 5606
605539 2616 5608
164232 2616 5665
164245 2616 5665
164251 2616 5665
164234 2616 5665
164236 2616 5665
164241 2616 5665
164249 2616 5665
164239 2616 5665
605540 2617 5609
605541 2618 5610
322 2618 5700
605542 2619 5610
605553 2620 5613
595246 2621 5615
74699 2622 5616
322 2622 5692
605568 2623 5616
605316 2624 5617
322 2624 5684
599414 2625 5620
467900 2626 5621
378115 2627 5624
10070 2628 5624
605601 2629 5625
605612 2630 5628
4206 2631 5630
605636 2632 5634
2878 2633 5636
465515 2634 5638
605671 2635 5643
20584 2636 5645
15408 2637 5649
590178 2638 5649
605711 2639 5652
225152 2640 5654
605717 2641 5654
146690 2642 5658
145004 2643 5659
605756 2644 5664
82138 2645 5667
605796 2646 5670
605799 2647 5670
104809 2648 5672
605821 2649 5674
562816 2650 5692
569157 2651 5693
588066 2651 5925
605914 2652 5693
73344 2653 5693
605928 2654 5697
113799 2655 5701
32095 2656 5704
118596 2657 5705
605975 2658 5706
32094 2659 5706
605982 2660 5708
606009 2661 5716
606020 2662 5719
606021 2663 5719
18612 2664 5721
110192 2665 5721
26587 2666 5723
606031 2667 5724
606050 2668 5732
76252 2669 5735
606062 2670 5735
606069 2671 5738
600867 2672 5742
245 2673 5743
24793 2674 5746
606142 2675 5750
567780 2676 5751
606190 2677 5760
3736 2678 5761
606213 2679 5764
139767 2680 5764
145093 2681 5766
5139 2682 5766
606242 2683 5770
121933 2684 5771
511442 2685 5771
606143 2686 5774
606262 2687 5775
606265 2688 5777
1690 2689 5781
606277 2690 5782
606284 2691 5783
606297 2692 5785
87772 2693 5786
76572 2694 5794
602703 2695 5799
295231 2696 5800
606372 2697 5800
606373 2698 5801
606392 2699 5805
606399 2700 5806
142786 2701 5807
143746 2701 5888
607058 2701 5938
451771 2701 6427
611368 2701 6724
606400 2702 5807
73776 2703 5810
168542 2704 5810
106289 2705 5811
182459 2706 5814
606424 2707 5815
606419 2708 5815
606435 2709 5816
606436 2710 5816
79202 2711 5817
606438 2712 5817
91810 2713 5819
198 2714 5824
606503 2715 5828
606504 2716 5829
110942 2717 5830
606536 2718 5835
606658 2718 5866
606817 2718 5899
429569 2718 5990
607982 2718 6076
606559 2719 5840
606564 2720 5843
606567 2721 5844
606573 2722 5846
606572 2723 5846
606591 2724 5849
606590 2725 5849
47536 2726 5852
55902 2726 6291
606627 2727 5857
606628 2728 5858
258950 2729 5859
606648 2730 5863
606649 2731 5864
606670 2732 5869
6399 2733 5870
2811 2734 5871
11414 2735 5871
606690 2736 5873
509389 2737 5874
188 2738 5880
607144 2738 5949
127902 2738 5963
72943 2738 5979
119084 2738 5985
607602 2738 6020
96835 2738 6021
250921 2738 6021
607624 2738 6022
7249 2738 6051
607958 2738 6092
608089 2738 6094
101423 2738 6103
104072 2738 6124
229303 2738 6125
69739 2738 6186
434625 2738 6216
608774 2738 6222
608897 2738 6231
71714 2738 6256
113394 2738 6279
114904 2738 6307
606431 2738 6346
62849 2738 6353
572121 2738 6374
609626 2738 6384
610077 2738 6458
610107 2738 6464
610182 2738 6474
599288 2738 6502
610333 2738 6515
309359 2738 6516
1529 2738 6566
141750 2738 6570
610734 2738 6577
96394 2738 6580
610953 2738 6616
61855 2738 6684
611335 2738 6690
611232 2738 6690
611513 2738 6728
167675 2738 6746
396941 2738 6746
605646 2738 6792
611891 2738 6820
106340 2738 6973
186642 2738 7013
613077 2738 7064
613193 2738 7090
613665 2738 7190
606718 2739 5882
606729 2740 5883
70628 2741 5884
456998 2742 5886
606766 2743 5888
511442 2744 5889
78313 2745 5890
91475 2746 5893
601533 2747 5893
606815 2748 5898
606816 2749 5898
606849 2750 5906
606854 2751 5906
606881 2752 5910
19454 2753 5910
16581 2753 6118
48545 2754 5911
606898 2755 5913
606917 2756 5917
606940 2757 5920
3679 2758 5922
606968 2759 5924
181466 2760 5925
606974 2761 5925
607005 2762 5930
607006 2763 5930
607051 2764 5937
607056 2765 5938
607057 2766 5938
607066 2767 5939
607077 2768 5940
607078 2769 5940
607079 2770 5941
273071 2771 5942
367622 2772 5943
607110 2773 5944
607133 2774 5948
363476 2775 5951
588247 2775 6146
607177 2776 5953
588996 2777 5954
607205 2778 5955
99183 2779 5961
607255 2780 5966
471078 2781 5966
607279 2782 5968
607282 2783 5968
607289 2784 5970
2811 2785 5975
607317 2786 5976
607330 2787 5978
609422 2787 6324
607337 2788 5978
324493 2789 5978
607369 2790 5981
607110 2791 5985
595525 2792 5987
607416 2793 5989
266725 2793 6029
266727 2793 6029
240963 2794 5989
87070 2794 6685
482990 2795 5990
487808 2796 5992
28542 2797 5994
7675 2798 5995
607468 2799 5995
156394 2800 5996
156441 2800 6035
608836 2800 6220
22873 2801 5997
69370 2802 5997
289072 2803 5998
38914 2804 6001
558031 2805 6002
607541 2806 6005
607554 2807 6008
606816 2808 6008
607560 2809 6009
607579 2810 6014
607587 2811 6016
607586 2812 6016
607590 2813 6016
611579 2813 6747
607456 2814 6020
607604 2815 6020
607619 2816 6022
607634 2817 6023
607100 2818 6027
666161 2819 6029
607110 2820 6030
140056 2821 6030
459941 2822 6031
607715 2823 6036
607742 2824 6039
273197 2825 6042
607778 2826 6044
607805 2827 6047
607820 2828 6050
113829 2829 6050
192856 2830 6051
73225 2831 6051
481168 2832 6052
604235 2833 6054
101310 2834 6055
607855 2835 6055
33754 2836 6056
607869 2837 6057
607880 2838 6057
607885 2839 6059
607894 2840 6060
607903 2841 6063
589594 2842 6063
581331 2843 6064
607932 2844 6066
609928 2844 6426
611062 2844 6636
607935 2845 6068
607938 2846 6068
604205 2847 6068
611947 2847 6909
98837 2848 6070
607944 2849 6071
607950 2850 6072
607955 2851 6072
607978 2852 6076
607981 2853 6076
607990 2854 6077
607801 2855 6077
608000 2856 6078
252320 2857 6080
607587 2858 6080
608021 2859 6081
607984 2860 6087
471221 2861 6090
608080 2862 6093
608085 2863 6093
108018 2864 6093
608151 2865 6105
608156 2866 6107
608341 2866 6136
609293 2866 6301
610015 2866 6444
607320 2866 6537
611357 2866 6694
612322 2866 6916
613528 2866 7159
605283 2867 6107
608161 2868 6107
608179 2869 6110
608184 2870 6112
607110 2871 6115
128814 2872 6118
4567 2873 6122
22943 2873 6903
192266 2874 6123
1756 2875 6125
608280 2876 6125
608297 2877 6128
442925 2878 6133
606816 2879 6133
607990 2880 6134
608245 2881 6140
608370 2882 6140
3791 2883 6142
121984 2883 6196
608736 2883 6199
5010 2883 6203
118567 2883 6216
608976 2883 6249
147125 2883 6352
599288 2883 6421
114527 2883 6613
611305 2883 6684
302417 2883 6751
81728 2883 7005
608400 2884 6145
608429 2885 6149
112152 2886 6151
568468 2887 6151
608456 2888 6152
608473 2889 6155
608494 2890 6158
608511 2891 6162
608552 2892 6168
608559 2893 6169
608564 2894 6169
395498 2895 6169
299487 2896 6171
110362 2897 6172
502926 2897 6302
192704 2898 6175
608601 2899 6177
608611 2900 6178
608610 2901 6179
99300 2902 6179
608625 2903 6180
44309 2904 6183
86916 2905 6184
609777 2905 6391
608671 2906 6184
568653 2907 6187
606555 2908 6189
609620 2908 6472
608709 2909 6194
343061 2910 6194
457910 2911 6197
381662 2912 6199
608743 2913 6200
608744 2914 6201
608755 2915 6204
608762 2916 6207
243095 2917 6208
11159 2918 6210
608781 2919 6210
319410 2920 6213
603050 2921 6218
43074 2922 6222
382296 2923 6224
163023 2924 6225
119849 2925 6225
608882 2926 6228
608907 2927 6232
180642 2928 6237
611605 2928 7123
608947 2929 6244
608956 2930 6245
608971 2931 6248
594377 2932 6251
608999 2933 6252
8101 2934 6255
609029 2935 6257
609032 2936 6257
609039 2937 6258
609056 2938 6261
609059 2939 6262
609062 2940 6262
609065 2941 6262
610702 2941 6568
68620 2942 6263
609079 2943 6265
586082 2944 6265
609085 2945 6266
609112 2946 6271
563826 2947 6272
269417 2948 6275
597124 2949 6279
609174 2950 6281
609187 2951 6283
130617 2952 6283
609198 2953 6284
161291 2954 6284
609217 2955 6288
40232 2956 6288
609229 2957 6289
609248 2958 6291
609249 2959 6291
169843 2960 6293
609255 2961 6294
609258 2962 6295
52703 2963 6296
609278 2964 6299
609758 2964 6386
609289 2965 6300
609290 2966 6300
609305 2967 6302
485114 2968 6303
88320 2969 6306
140202 2970 6306
189621 2971 6308
609338 2972 6309
575000 2973 6310
609346 2974 6311
609367 2975 6315
609424 2975 6324
385158 2975 6477
462851 2976 6317
609391 2977 6319
609408 2978 6321
609421 2979 6324
609438 2980 6327
494841 2981 6329
507800 2981 6742
609452 2982 6330
8983 2983 6336
17624 2984 6341
609499 2985 6342
609502 2986 6342
609513 2987 6345
498784 2988 6345
609540 2989 6351
550511 2990 6351
609549 2991 6352
99649 2992 6354
289893 2993 6357
609576 2994 6358
90283 2995 6359
609600 2996 6362
609605 2997 6362
4262 2998 6365
222 2998 6429
609631 2999 6367
609654 3000 6371
609683 3001 6375
609687 3002 6376
31308 3002 6593
609694 3003 6376
609686 3004 6376
609690 3005 6376
1908 3006 6376
609715 3007 6379
609738 3008 6382
189621 3009 6386
609760 3010 6386
609763 3011 6388
609776 3012 6391
609787 3013 6392
208584 3014 6397
58809 3015 6400
609816 3016 6401
609819 3017 6401
609826 3018 6403
195878 3019 6407
609848 3020 6411
105031 3021 6418
609896 3022 6421
609903 3023 6422
609904 3024 6423
117438 3025 6425
609629 3026 6426
609921 3027 6426
217869 3028 6429
611564 3028 6744
609979 3029 6436
609996 3030 6440
609999 3031 6441
610002 3032 6441
99363 3033 6442
610012 3034 6444
610021 3035 6445
610026 3036 6446
186244 3037 6446
610038 3038 6447
110362 3039 6450
58809 3040 6452
24880 3041 6456
610794 3041 6585
1908 3042 6458
602703 3043 6460
610106 3044 6463
107037 3045 6467
610146 3046 6469
110422 3047 6469
610192 3048 6475
356202 3049 6475
610194 3050 6475
564734 3051 6479
609787 3052 6485
610253 3053 6486
610254 3054 6486
289426 3055 6490
610264 3056 6490
610267 3057 6490
610294 3058 6493
96663 3059 6493
610295 3060 6494
156979 3061 6494
7531 3062 6494
610345 3063 6501
610348 3064 6502
585758 3065 6503
609305 3066 6506
610375 3067 6507
610378 3068 6507
392760 3069 6508
610616 3069 6549
262605 3070 6509
610405 3071 6510
610420 3072 6513
610431 3073 6515
548169 3074 6516
260032 3075 6519
77394 3076 6520
71449 3076 6679
37725 3076 6784
610473 3077 6524
610486 3078 6525
54486 3079 6526
610498 3080 6526
109153 3081 6527
1908 3082 6528
610517 3083 6529
9607 3084 6529
10054 3084 7068
99363 3085 6531
610536 3086 6533
1908 3087 6534
99165 3088 6535
99165 3089 6535
610552 3090 6537
610579 3091 6544
17624 3092 6545
9966 3093 6548
1908 3094 6549
610627 3095 6552
579671 3096 6554
17624 3097 6558
7180 3098 6561
610669 3099 6562
2689 3100 6564
610687 3101 6564
610690 3102 6566
464968 3103 6566
576036 3104 6570
610731 3105 6574
610738 3106 6576
58632 3107 6577
9071 3108 6577
567519 3109 6578
601987 3110 6580
407434 3111 6583
610778 3112 6583
610779 3113 6583
610782 3114 6583
610791 3115 6585
610802 3116 6587
2865 3117 6589
568037 3118 6590
610821 3119 6593
611552 3119 6741
610832 3120 6595
442925 3121 6596
394477 3122 6599
84548 3123 6604
610892 3124 6606
164232 3124 6659
164245 3124 6659
164251 3124 6659
164234 3124 6659
164236 3124 6659
164241 3124 6659
164249 3124 6659
164239 3124 6659
610897 3125 6607
610912 3126 6609
610915 3127 6610
99556 3128 6612
517384 3129 6613
610948 3130 6616
253533 3131 6623
611000 3132 6624
611011 3133 6625
611016 3134 6626
337899 3135 6626
3968 3136 6626
611020 3137 6626
247809 3138 6628
611027 3139 6628
300178 3140 6629
20132 3141 6630
363426 3142 6634
611051 3143 6635
1912 3144 6636
19200 3144 6643
22323 3145 6639
5792 3146 6642
611101 3147 6644
3968 3148 6650
212676 3149 6652
611263 3149 6676
480766 3150 6652
611146 3151 6652
392760 3152 6654
611167 3153 6657
114469 3154 6657
611201 3155 6660
611214 3156 6663
611216 3157 6663
439227 3158 6663
42456 3159 6664
611236 3160 6668
611239 3161 6669
78813 3162 6671
596240 3163 6674
611258 3164 6676
611267 3165 6677
611270 3166 6678
611275 3167 6678
611278 3168 6679
57468 3169 6682
217322 3170 6682
47250 3171 6684
80980 3172 6688
611327 3173 6688
601786 3174 6690
611341 3175 6692
538796 3176 6694
611367 3177 6695
611155 3178 6697
90472 3179 6698
611384 3180 6700
611236 3181 6702
9071 3182 6702
611401 3183 6705
133612 3184 6706
277677 3185 6707
461835 3186 6709
611447 3187 6712
47250 3188 6714
611453 3189 6714
490513 3190 6716
611465 3191 6717
611470 3192 6718
611475 3193 6720
337899 3194 6722
611499 3195 6725
130617 3196 6728
611517 3197 6729
611532 3198 6733
611533 3199 6734
611555 3200 6742
612496 3200 6946
611554 3201 6742
3637 3202 6743
611563 3203 6744
358130 3204 6744
3359 3205 6745
611572 3206 6746
40853 3207 6750
611609 3208 6751
611453 3209 6751
611612 3210 6751
351762 3211 6755
198779 3212 6755
611629 3213 6757
611632 3214 6758
611653 3215 6763
77394 3216 6763
611665 3217 6765
611666 3218 6765
582051 3219 6765
611471 3220 6766
450026 3221 6767
40101 3222 6769
611687 3223 6771
610779 3224 6774
1912 3225 6775
99637 3226 6776
611733 3227 6781
611746 3228 6785
582051 3229 6788
611778 3230 6791
612227 3230 6892
613169 3230 7086
613325 3230 7116
611779 3231 6791
112207 3232 6793
9071 3233 6793
24607 3234 6797
611864 3234 6815
611949 3234 6832
87529 3234 6851
199862 3234 6926
612524 3234 6952
142414 3234 7095
611815 3235 6799
221515 3236 6802
408040 3237 6803
611779 3238 6808
455926 3238 6961
393274 3239 6810
393602 3239 6837
611854 3240 6811
368742 3241 6812
547782 3242 6814
408040 3243 6815
611890 3244 6820
611893 3245 6821
611894 3246 6821
611907 3247 6823
611926 3248 6828
611935 3249 6829
611938 3250 6831
107042 3251 6831
98839 3252 6831
1912 3253 6834
611960 3254 6834
611973 3255 6836
611978 3256 6837
613344 3256 7123
611993 3257 6840
611998 3258 6842
354451 3259 6843
611815 3260 6843
10411 3261 6845
612025 3262 6845
612024 3263 6847
100597 3263 7175
385310 3264 6849
612047 3265 6852
612058 3266 6855
294986 3267 6857
612072 3268 6858
612083 3269 6860
123403 3270 6869
612134 3271 6871
612131 3272 6871
612144 3273 6874
102362 3274 6874
612155 3275 6877
385310 3276 6877
612165 3277 6880
612166 3278 6880
612169 3279 6882
471078 3280 6887
34 3280 6904
466447 3281 6891
74785 3282 6892
612231 3283 6893
612246 3284 6898
88857 3285 6900
612258 3286 6901
1912 3287 6905
612280 3288 6906
612285 3289 6907
612294 3290 6908
88857 3291 6909
611894 3292 6909
612307 3293 6911
154876 3294 6913
52031 3295 6914
104963 3296 6915
390679 3297 6916
572732 3298 6917
612339 3299 6918
612346 3300 6920
612355 3301 6922
490229 3302 6923
612367 3303 6924
42809 3304 6926
85504 3305 6928
291090 3306 6928
301582 3307 6932
612422 3308 6933
612427 3309 6934
612434 3310 6936
612449 3311 6939
203173 3311 7089
612450 3312 6939
242388 3313 6940
225445 3314 6942
612493 3315 6946
612518 3316 6951
18531 3317 6952
69359 3318 6955
612531 3319 6955
612538 3320 6956
612144 3321 6956
612546 3322 6957
612547 3323 6957
228587 3324 6964
612575 3325 6967
90647 3326 6970
612609 3327 6976
313562 3328 6976
612613 3329 6977
11019 3330 6977
108615 3331 6978
612648 3332 6981
16094 3333 6984
16094 3334 6986
259299 3335 6989
612688 3336 6991
22943 3336 7000
612692 3337 6991
4006 3338 6992
480766 3339 6995
4006 3340 6996
612725 3341 6997
612754 3342 7000
40101 3343 7000
612776 3344 7004
487845 3345 7004
548500 3346 7004
102362 3347 7005
612798 3348 7007
588124 3349 7009
363756 3350 7010
434932 3351 7014
612859 3352 7015
612854 3353 7016
5844 3354 7017
612877 3355 7019
612886 3356 7020
244613 3357 7025
109153 3358 7026
95641 3359 7030
4932 3360 7031
466246 3361 7036
612946 3362 7036
401989 3363 7040
264783 3364 7042
611615 3365 7044
612992 3366 7049
612995 3367 7049
612996 3368 7050
613011 3369 7051
613012 3370 7051
4932 3371 7053
110687 3372 7064
613085 3373 7066
561507 3374 7068
613103 3375 7068
397978 3376 7070
188729 3377 7076
565602 3378 7077
613143 3379 7078
175788 3380 7078
613144 3381 7078
496415 3382 7080
613155 3383 7082
103454 3384 7085
613175 3385 7086
380757 3386 7089
613184 3387 7089
613185 3388 7090
356183 3389 7090
613184 3390 7090
261435 3391 7095
264783 3392 7099
613247 3393 7102
14989 3394 7103
613255 3395 7103
613085 3396 7105
613263 3397 7105
613280 3398 7108
613289 3399 7111
288844 3400 7111
613302 3401 7112
613301 3402 7112
613305 3403 7113
93947 3404 7115
613335 3405 7119
38914 3406 7119
88763 3407 7121
613352 3408 7124
613022 3409 7124
613358 3410 7125
613373 3411 7127
66363 3412 7128
613393 3413 7132
76572 3414 7133
613401 3415 7133
613404 3415 7134
90033 3416 7134
613415 3417 7136
613460 3417 7150
613430 3418 7140
613433 3419 7140
609999 3420 7141
613453 3421 7145
407246 3422 7146
90033 3423 7147
270635 3424 7153
613497 3425 7153
613500 3426 7154
613505 3427 7155
613506 3428 7156
154699 3429 7156
611615 3430 7162
23988 3431 7163
613562 3432 7167
613563 3433 7168
85828 3434 7170
48147 3435 7170
109430 3436 7170
613587 3437 7173
613616 3438 7178
88428 3439 7179
327924 3440 7179
613620 3441 7179
613622 3442 7180
613627 3443 7180
551571 3444 7181
261567 3445 7183
609999 3446 7188
224656 3447 7191
24099 3448 7194
154699 3449 7197
613704 3450 7199
613708 3451 7199
