584120 582486 0
456080 582486 0
583691 82222 0
582525 582487 0
582531 582487 0
582784 582487 0
583127 582487 0
585485 582487 0
592552 582487 0
2941 80718 0
601955 80718 0
260670 80718 0
583315 582607 0
591008 582700 0
583769 582872 0
108001 582872 0
584517 582872 0
602549 582872 0
612772 582872 0
447205 582914 0
181066 582914 0
576866 582914 0
586226 582914 0
71031 582914 0
82381 582914 0
608480 582914 0
609541 582914 0
583459 582928 0
584095 582928 0
585767 582928 0
591235 582967 0
593117 18028 0
588436 583152 0
220155 95194 0
584735 95194 0
377952 95194 0
591466 95194 0
592305 95194 0
193471 95194 0
594068 95194 0
594243 95194 0
595472 95194 0
123739 95194 0
97365 95194 0
335260 95194 0
98210 95194 0
604675 95194 0
613248 95194 0
549903 79188 0
30792 15587 0
336434 583774 0
350387 583774 0
586522 583774 0
129290 349967 0
137528 584255 0
255639 16 0
584372 16 0
243239 16 0
539684 16 0
125093 16 0
584414 16 0
584418 16 0
276960 16 0
502359 16 0
584456 16 0
256367 16 0
584470 16 0
581267 16 0
584501 16 0
584511 16 0
584524 16 0
51801 16 0
584584 16 0
270090 16 0
584580 16 0
51305 16 0
584588 16 0
584614 16 0
134221 16 0
357445 16 0
365653 16 0
39559 16 0
83933 16 0
25081 16 0
200850 16 0
584724 16 0
281281 16 0
584752 16 0
584780 16 0
111037 16 0
573828 16 0
584793 16 0
136317 16 0
584815 16 0
584847 16 0
223068 16 0
584856 16 0
584858 16 0
584864 16 0
324819 16 0
584934 16 0
584942 16 0
273538 16 0
103350 16 0
584962 16 0
341992 16 0
509605 16 0
271483 16 0
277464 16 0
492762 16 0
50500 16 0
342163 16 0
23504 16 0
286866 16 0
585116 16 0
76594 16 0
585144 16 0
585172 16 0
581863 16 0
585180 16 0
585178 16 0
585193 16 0
585212 16 0
585264 16 0
7529 16 0
47571 16 0
585333 16 0
579818 16 0
377932 16 0
585464 16 0
211174 16 0
315635 16 0
585525 16 0
448952 16 0
585562 16 0
4417 16 0
585659 16 0
585764 16 0
585773 16 0
585831 16 0
585848 16 0
585898 16 0
260762 16 0
585929 16 0
585954 16 0
586001 16 0
498135 16 0
586048 16 0
350831 16 0
128855 16 0
586109 16 0
586113 16 0
279850 16 0
586147 16 0
108127 16 0
586228 16 0
149386 16 0
586263 16 0
586269 16 0
586287 16 0
586295 16 0
415491 16 0
215629 16 0
409419 16 0
112800 16 0
150294 16 0
586463 16 0
586516 16 0
586536 16 0
586534 16 0
86061 16 0
476237 16 0
586597 16 0
586623 16 0
399867 16 0
37141 16 0
586674 16 0
586684 16 0
232182 16 0
586729 16 0
586731 16 0
586753 16 0
586759 16 0
586862 16 0
586870 16 0
586880 16 0
586933 16 0
268738 16 0
587086 16 0
587092 16 0
587131 16 0
587133 16 0
123502 16 0
243572 16 0
587156 16 0
321071 16 0
313037 16 0
113576 16 0
587318 16 0
155726 16 0
290585 16 0
587415 16 0
202631 16 0
587455 16 0
587472 16 0
587521 16 0
587581 16 0
587593 16 0
587595 16 0
587615 16 0
286459 16 0
587683 16 0
107519 16 0
587817 16 0
574383 16 0
587853 16 0
549292 16 0
149539 16 0
564337 16 0
41293 16 0
587637 16 0
588147 16 0
82678 16 0
67772 16 0
214731 16 0
588225 16 0
437888 16 0
588454 16 0
276155 16 0
588555 16 0
531659 16 0
588636 16 0
588697 16 0
588738 16 0
588742 16 0
588748 16 0
92136 16 0
564866 16 0
588900 16 0
588984 16 0
228431 16 0
589096 16 0
589202 16 0
589223 16 0
589304 16 0
589328 16 0
589438 16 0
589459 16 0
589522 16 0
156806 16 0
565511 16 0
404955 16 0
467349 16 0
589622 16 0
589635 16 0
589677 16 0
589825 16 0
589831 16 0
589833 16 0
268190 16 0
20831 16 0
590079 16 0
590089 16 0
590097 16 0
590158 16 0
590210 16 0
590225 16 0
590375 16 0
590422 16 0
590518 16 0
590624 16 0
590697 16 0
590709 16 0
590767 16 0
59737 16 0
267711 16 0
270937 16 0
1707 16 0
237374 16 0
591128 16 0
591183 16 0
591425 16 0
139312 16 0
591611 16 0
362656 16 0
591703 16 0
130735 16 0
591797 16 0
591885 16 0
360959 16 0
592229 16 0
592321 16 0
392767 16 0
592442 16 0
592480 16 0
278348 16 0
464680 16 0
592776 16 0
308704 16 0
87873 16 0
24676 16 0
593137 16 0
484069 16 0
593294 16 0
593298 16 0
141016 16 0
593335 16 0
593515 16 0
24264 16 0
322191 16 0
593748 16 0
593774 16 0
593844 16 0
593850 16 0
593871 16 0
78555 16 0
403649 16 0
298147 16 0
594137 16 0
594181 16 0
197634 16 0
2941 16 0
593406 16 0
594348 16 0
594368 16 0
386366 16 0
110557 16 0
594472 16 0
594548 16 0
594601 16 0
594626 16 0
594632 16 0
594826 16 0
130324 16 0
595204 16 0
14916 16 0
595268 16 0
595326 16 0
595358 16 0
246627 16 0
52264 16 0
595580 16 0
432396 16 0
595652 16 0
595719 16 0
595412 16 0
23026 16 0
596320 16 0
596599 16 0
9986 16 0
340076 16 0
231858 16 0
597009 16 0
159417 16 0
279838 16 0
597208 16 0
28796 16 0
597303 16 0
597409 16 0
597457 16 0
68250 16 0
597693 16 0
597705 16 0
597935 16 0
598326 16 0
598346 16 0
598834 16 0
599005 16 0
599070 16 0
249826 16 0
599275 16 0
599428 16 0
474167 16 0
599467 16 0
599517 16 0
599541 16 0
599652 16 0
599742 16 0
170003 16 0
16813 16 0
600201 16 0
600241 16 0
600259 16 0
306759 16 0
600765 16 0
600767 16 0
600875 16 0
601097 16 0
403566 16 0
162026 16 0
401381 16 0
110064 16 0
601377 16 0
601434 16 0
600090 16 0
7915 16 0
601644 16 0
107891 16 0
200089 16 0
601727 16 0
518364 16 0
601817 16 0
408226 16 0
602140 16 0
104359 16 0
33213 16 0
30320 16 0
602467 16 0
602565 16 0
271023 16 0
79848 16 0
532716 16 0
335260 16 0
602924 16 0
164912 16 0
603036 16 0
603138 16 0
123778 16 0
603196 16 0
603229 16 0
298193 16 0
603327 16 0
603390 16 0
546581 16 0
7531 16 0
603576 16 0
604003 16 0
604314 16 0
303128 16 0
4335 16 0
604480 16 0
99120 16 0
454957 16 0
604853 16 0
605049 16 0
605634 16 0
605661 16 0
605718 16 0
277198 16 0
11391 16 0
12888 16 0
606136 16 0
606174 16 0
606240 16 0
606334 16 0
516004 16 0
320398 16 0
606789 16 0
75445 16 0
205819 16 0
267221 16 0
28542 16 0
607184 16 0
607287 16 0
607326 16 0
38408 16 0
607844 16 0
117539 16 0
394934 16 0
605691 16 0
271791 16 0
394250 16 0
608263 16 0
608285 16 0
608302 16 0
608419 16 0
608492 16 0
117140 16 0
79253 16 0
608699 16 0
332302 16 0
608889 16 0
609134 16 0
473627 16 0
153495 16 0
110679 16 0
609955 16 0
610178 16 0
610242 16 0
596841 16 0
610435 16 0
298648 16 0
170856 16 0
610760 16 0
85857 16 0
610861 16 0
610884 16 0
611071 16 0
611086 16 0
610238 16 0
611199 16 0
611361 16 0
611591 16 0
611742 16 0
408530 16 0
612224 16 0
612253 16 0
113918 16 0
237046 16 0
70146 16 0
612809 16 0
613050 16 0
613327 16 0
613431 16 0
588436 215642 0
34 584434 0
587803 584463 0
116873 584616 0
61512 447205 0
586678 447205 0
208024 447205 0
72252 447205 0
587675 447205 0
578691 447205 0
250921 447205 0
346471 447205 0
114725 447205 0
71031 447205 0
594270 447205 0
246876 447205 0
585503 584932 0
586733 63194 0
227545 585148 0
55277 585310 0
596406 585432 0
25571 9187 0
611792 9187 0
585678 585487 0
586733 585487 0
585741 585644 0
588545 393764 0
587229 585673 0
2625 31201 0
589308 589309 0
5480 76905 0
595576 76905 0
605410 76905 0
1595 585994 0
586733 586031 0
586733 586068 0
587525 172886 0
590872 586524 0
340995 106112 0
340995 586593 0
340995 586599 0
340995 586680 0
340995 586721 0
588 585644 0
595474 585644 0
599419 586874 0
482168 586914 0
400191 587281 0
585728 175875 0
604255 370867 0
587737 203451 0
593495 203451 0
2577 19785 0
589808 588068 0
584255 588249 0
589057 11694 0
5610 11694 0
11470 11694 0
199347 11694 0
590692 11694 0
594691 11694 0
132558 11694 0
22638 11694 0
92265 11694 0
588921 246590 0
592170 246590 0
589236 588366 0
584255 588756 0
125378 588767 0
139492 56323 0
606958 56323 0
393743 589065 0
589296 589065 0
593926 589065 0
589690 253051 0
590577 253051 0
171429 253051 0
444309 253051 0
135548 129460 0
1916 394638 0
590864 240929 0
500045 240929 0
595078 240929 0
587461 432965 0
589702 589676 0
591001 8109 0
591139 8109 0
595071 8109 0
598474 8109 0
162121 8109 0
599913 8109 0
67809 8109 0
605376 8109 0
3505 8104 0
589492 8104 0
590875 8104 0
591414 8104 0
85319 8104 0
26617 8104 0
592741 8104 0
593521 8104 0
595446 8104 0
598567 8104 0
111256 8104 0
91048 8104 0
604391 8104 0
606232 8104 0
607035 8104 0
590407 264813 0
590407 22021 0
607365 590186 0
592616 590354 0
104989 590354 0
598538 590354 0
601883 590354 0
181227 590354 0
607552 590354 0
598552 590402 0
590917 590713 0
563248 105982 0
78302 16546 0
591144 174791 0
29879 99320 0
335042 99320 0
593654 99320 0
2518 99320 0
3683 52031 0
32904 374153 0
591688 17595 0
591688 591017 0
501529 591237 0
591416 591350 0
593249 311638 0
592059 591520 0
2577 557146 0
592650 546408 0
592589 592172 0
602059 592420 0
108921 64507 0
3108 98269 0
358267 28660 0
33716 28660 0
593320 592951 0
125541 229606 0
195333 229606 0
593566 116976 0
594428 116976 0
636 116976 0
133083 116976 0
14296 593282 0
55828 593282 0
6611 593282 0
480704 593282 0
599039 593345 0
105783 593379 0
5610 106 0
11470 106 0
593984 106 0
363701 106 0
189897 106 0
563720 106 0
108127 106 0
60114 106 0
596101 106 0
596754 106 0
305312 106 0
280075 106 0
75948 106 0
227116 106 0
131743 106 0
276155 106 0
593797 593759 0
593801 593759 0
261116 593759 0
112719 593759 0
599746 593759 0
594234 493456 0
37807 32095 0
340995 594010 0
597329 85828 0
596696 584616 0
596802 584616 0
602862 371720 0
604348 594310 0
594418 181395 0
594483 181395 0
154348 181395 0
594536 181395 0
594551 181395 0
594570 181395 0
594597 181395 0
594612 181395 0
119958 181395 0
594901 181395 0
594909 181395 0
594963 181395 0
595059 181395 0
595172 181395 0
595195 181395 0
595218 181395 0
595265 181395 0
595282 181395 0
595336 181395 0
595352 181395 0
261510 181395 0
595510 181395 0
179126 181395 0
595640 181395 0
40717 181395 0
595812 181395 0
595852 181395 0
273140 181395 0
596163 181395 0
596349 181395 0
410996 181395 0
596605 181395 0
596757 181395 0
596920 181395 0
596982 181395 0
597040 181395 0
597307 181395 0
597369 181395 0
473763 181395 0
578145 181395 0
98842 181395 0
598057 181395 0
598147 181395 0
598219 181395 0
214869 181395 0
598710 181395 0
599028 181395 0
599189 181395 0
454086 181395 0
184848 181395 0
599281 181395 0
599297 181395 0
7361 181395 0
599567 181395 0
599629 181395 0
599689 181395 0
16813 181395 0
600401 181395 0
221065 181395 0
600542 181395 0
197827 181395 0
600584 181395 0
600622 181395 0
600869 181395 0
600991 181395 0
284123 181395 0
65652 181395 0
601874 181395 0
159594 181395 0
601985 181395 0
602136 181395 0
602625 181395 0
602629 181395 0
602645 181395 0
370190 181395 0
603205 181395 0
603488 181395 0
603722 181395 0
604380 181395 0
75118 181395 0
604922 181395 0
402458 181395 0
605571 181395 0
606046 181395 0
606354 181395 0
606545 181395 0
606592 181395 0
534068 181395 0
607483 181395 0
123530 181395 0
609121 181395 0
609311 181395 0
235341 181395 0
610234 181395 0
610238 181395 0
356117 181395 0
610840 181395 0
611137 181395 0
16170 181395 0
1826 181395 0
140524 181395 0
612675 181395 0
612843 181395 0
416701 181395 0
613038 181395 0
613369 181395 0
340995 594407 0
595061 383396 0
57770 10291 0
594697 26089 0
152080 594932 0
422028 594932 0
498103 594932 0
609620 594932 0
611546 594932 0
612132 594932 0
595611 595120 0
597126 595220 0
599739 595220 0
349603 595254 0
595348 595274 0
597016 69751 0
85460 12940 0
595936 595518 0
612774 595591 0
41717 314839 0
561110 595495 0
286920 138738 0
189657 138738 0
597196 19271 0
25509 19271 0
461932 595950 0
11892 104385 0
595354 104385 0
596009 104385 0
64860 104385 0
596033 104385 0
596031 104385 0
60527 104385 0
596038 104385 0
66918 104385 0
122235 104385 0
81228 104385 0
596059 104385 0
596057 104385 0
71165 104385 0
596072 104385 0
93537 104385 0
299952 104385 0
64635 104385 0
105061 104385 0
77131 104385 0
75220 104385 0
596121 104385 0
396879 104385 0
596143 104385 0
66107 104385 0
80766 104385 0
323298 104385 0
593432 104385 0
206839 104385 0
596210 104385 0
77673 104385 0
74706 104385 0
89267 104385 0
62483 104385 0
596262 104385 0
596260 104385 0
77752 104385 0
596270 104385 0
60887 104385 0
94373 104385 0
310226 104385 0
77840 104385 0
67746 104385 0
596344 104385 0
96145 104385 0
596361 104385 0
4789 104385 0
88284 104385 0
123439 104385 0
596418 104385 0
134036 104385 0
124554 104385 0
79059 104385 0
57128 104385 0
157214 104385 0
422659 104385 0
596479 104385 0
573980 104385 0
596507 104385 0
596505 104385 0
70316 104385 0
109035 104385 0
158337 104385 0
451558 104385 0
596558 104385 0
122266 104385 0
596575 104385 0
224416 104385 0
596588 104385 0
106620 104385 0
80671 104385 0
463893 104385 0
596632 104385 0
134700 104385 0
341459 104385 0
596638 104385 0
596636 104385 0
69317 104385 0
78691 104385 0
596673 104385 0
66397 104385 0
596688 104385 0
596690 104385 0
596702 104385 0
106484 104385 0
596726 104385 0
123449 104385 0
67685 104385 0
96827 104385 0
71248 104385 0
596783 104385 0
596787 104385 0
86704 104385 0
303360 104385 0
108115 104385 0
126447 104385 0
60690 104385 0
596839 104385 0
62569 104385 0
595993 104385 0
70584 104385 0
596834 104385 0
596905 104385 0
62663 104385 0
143340 104385 0
108434 104385 0
181066 104385 0
96183 104385 0
111582 104385 0
103867 104385 0
81551 104385 0
99423 104385 0
67713 104385 0
451931 104385 0
329524 104385 0
103549 104385 0
396897 104385 0
185017 104385 0
597044 104385 0
597078 104385 0
38576 104385 0
597119 104385 0
597130 104385 0
597153 104385 0
597158 104385 0
261693 104385 0
46709 104385 0
194061 104385 0
67434 104385 0
597202 104385 0
92196 104385 0
32845 104385 0
596893 104385 0
232578 104385 0
597297 104385 0
195703 104385 0
109778 104385 0
597355 104385 0
84026 104385 0
597383 104385 0
81040 104385 0
76420 104385 0
597395 104385 0
597407 104385 0
259896 104385 0
597446 104385 0
433989 104385 0
62630 104385 0
122253 104385 0
597468 104385 0
346471 104385 0
99350 104385 0
295183 104385 0
93055 104385 0
157257 104385 0
6384 104385 0
597538 104385 0
83399 104385 0
597566 104385 0
68322 104385 0
166086 104385 0
597607 104385 0
85228 104385 0
597248 104385 0
199129 104385 0
372019 104385 0
597637 104385 0
64094 104385 0
355616 104385 0
125587 104385 0
321637 104385 0
153312 104385 0
232539 104385 0
162694 104385 0
597728 104385 0
404852 104385 0
597724 104385 0
81728 104385 0
597730 104385 0
597758 104385 0
396250 104385 0
585421 104385 0
80215 104385 0
631 104385 0
82566 104385 0
76222 104385 0
82364 104385 0
473264 104385 0
433070 104385 0
349532 104385 0
597861 104385 0
289452 104385 0
98850 104385 0
26079 104385 0
123044 104385 0
240251 104385 0
109810 104385 0
197951 104385 0
212126 104385 0
66207 104385 0
358087 104385 0
591303 104385 0
249226 104385 0
370687 104385 0
371850 104385 0
64648 104385 0
35925 104385 0
9535 104385 0
140096 104385 0
97070 104385 0
74472 104385 0
598145 104385 0
173463 104385 0
598182 104385 0
598190 104385 0
113844 104385 0
90248 104385 0
258896 104385 0
110920 104385 0
152755 104385 0
391458 104385 0
598106 104385 0
598305 104385 0
73247 104385 0
263270 104385 0
201754 104385 0
71031 104385 0
170985 104385 0
69560 104385 0
598424 104385 0
93308 104385 0
69089 104385 0
69877 104385 0
107792 104385 0
3191 104385 0
577649 104385 0
64518 104385 0
71087 104385 0
64015 104385 0
131451 104385 0
598653 104385 0
105830 104385 0
300619 104385 0
429160 104385 0
83740 104385 0
81910 104385 0
82039 104385 0
94507 104385 0
598722 104385 0
155250 104385 0
379550 104385 0
598742 104385 0
328918 104385 0
121765 104385 0
294876 104385 0
467267 104385 0
330977 104385 0
81373 104385 0
151789 104385 0
73539 104385 0
100720 104385 0
102319 104385 0
99993 104385 0
598872 104385 0
265030 104385 0
101391 104385 0
598822 104385 0
598930 104385 0
598966 104385 0
75053 104385 0
328328 104385 0
599001 104385 0
101819 104385 0
68829 104385 0
83422 104385 0
599080 104385 0
599095 104385 0
60769 104385 0
73766 104385 0
67985 104385 0
83072 104385 0
422439 104385 0
599150 104385 0
235053 104385 0
457417 104385 0
599223 104385 0
444770 104385 0
17043 104385 0
182331 104385 0
102923 104385 0
599288 104385 0
109740 104385 0
599303 104385 0
63764 104385 0
124689 104385 0
599344 104385 0
134053 104385 0
105623 104385 0
264190 104385 0
597124 104385 0
227595 104385 0
79043 104385 0
599415 104385 0
63532 104385 0
82408 104385 0
397360 104385 0
599453 104385 0
100083 104385 0
599479 104385 0
115503 104385 0
599493 104385 0
392427 104385 0
195408 104385 0
599531 104385 0
74751 104385 0
599615 104385 0
241466 104385 0
599611 104385 0
599638 104385 0
82101 104385 0
115997 104385 0
70296 104385 0
599735 104385 0
76038 104385 0
599763 104385 0
89733 104385 0
82260 104385 0
111333 104385 0
599793 104385 0
69311 104385 0
69648 104385 0
599830 104385 0
105105 104385 0
67308 104385 0
166977 104385 0
114158 104385 0
74400 104385 0
599899 104385 0
102230 104385 0
489874 104385 0
297179 104385 0
76859 104385 0
88273 104385 0
80691 104385 0
2514 104385 0
484532 104385 0
77532 104385 0
599972 104385 0
68920 104385 0
600017 104385 0
7060 104385 0
255181 104385 0
111389 104385 0
102739 104385 0
96335 104385 0
64115 104385 0
600132 104385 0
120299 104385 0
600147 104385 0
101412 104385 0
162024 104385 0
11060 104385 0
600205 104385 0
339300 104385 0
600229 104385 0
600250 104385 0
73533 104385 0
71118 104385 0
104921 104385 0
173065 104385 0
81788 104385 0
32438 104385 0
89825 104385 0
62365 104385 0
69879 104385 0
585739 104385 0
600349 104385 0
600367 104385 0
60575 104385 0
600384 104385 0
600434 104385 0
67661 104385 0
600447 104385 0
305219 104385 0
63863 104385 0
2689 104385 0
600392 104385 0
77014 104385 0
99129 104385 0
391816 104385 0
102955 104385 0
65947 104385 0
600566 104385 0
600592 104385 0
69277 104385 0
324647 104385 0
171507 104385 0
600644 104385 0
207897 104385 0
99730 104385 0
600695 104385 0
600702 104385 0
2330 104385 0
600724 104385 0
100633 104385 0
600744 104385 0
88191 104385 0
600800 104385 0
600855 104385 0
95259 104385 0
120613 104385 0
155477 104385 0
114527 104385 0
208444 104385 0
600936 104385 0
62401 104385 0
116060 104385 0
193119 104385 0
378071 104385 0
63300 104385 0
174746 104385 0
100971 104385 0
255908 104385 0
187898 104385 0
84500 104385 0
102012 104385 0
67547 104385 0
105143 104385 0
272295 104385 0
217124 104385 0
217126 104385 0
217143 104385 0
217131 104385 0
217141 104385 0
217139 104385 0
217122 104385 0
217149 104385 0
217157 104385 0
217145 104385 0
217189 104385 0
217155 104385 0
217191 104385 0
217193 104385 0
217167 104385 0
217175 104385 0
217171 104385 0
217137 104385 0
217187 104385 0
217183 104385 0
217179 104385 0
217161 104385 0
217151 104385 0
217163 104385 0
217159 104385 0
217173 104385 0
217177 104385 0
217133 104385 0
217185 104385 0
217181 104385 0
217169 104385 0
217147 104385 0
217165 104385 0
217135 104385 0
232988 104385 0
83122 104385 0
601321 104385 0
64020 104385 0
256781 104385 0
342481 104385 0
67706 104385 0
78850 104385 0
562219 104385 0
600927 104385 0
108198 104385 0
86368 104385 0
65874 104385 0
601723 104385 0
68880 104385 0
180171 104385 0
91412 104385 0
332192 104385 0
582171 104385 0
334959 104385 0
601864 104385 0
317157 104385 0
78391 104385 0
601942 104385 0
269905 104385 0
601976 104385 0
602011 104385 0
602009 104385 0
96005 104385 0
602047 104385 0
602067 104385 0
602073 104385 0
602094 104385 0
186364 104385 0
88992 104385 0
352981 104385 0
332351 104385 0
179648 104385 0
602178 104385 0
372067 104385 0
602290 104385 0
147819 104385 0
109903 104385 0
159436 104385 0
324597 104385 0
144905 104385 0
145688 104385 0
73387 104385 0
13858 104385 0
602430 104385 0
602428 104385 0
73688 104385 0
85938 104385 0
317689 104385 0
116398 104385 0
62724 104385 0
341390 104385 0
73722 104385 0
602583 104385 0
601539 104385 0
63475 104385 0
133213 104385 0
602638 104385 0
602661 104385 0
602698 104385 0
75719 104385 0
602721 104385 0
140441 104385 0
142154 104385 0
602775 104385 0
81478 104385 0
602835 104385 0
97511 104385 0
423795 104385 0
602915 104385 0
114144 104385 0
77664 104385 0
602955 104385 0
115216 104385 0
102269 104385 0
306886 104385 0
34 104385 0
603058 104385 0
184327 104385 0
603072 104385 0
86841 104385 0
415543 104385 0
85741 104385 0
96165 104385 0
336290 104385 0
122147 104385 0
98386 104385 0
603224 104385 0
603237 104385 0
80640 104385 0
60554 104385 0
151695 104385 0
603252 104385 0
168995 104385 0
289045 104385 0
113051 104385 0
425488 104385 0
362768 104385 0
603432 104385 0
196668 104385 0
153170 104385 0
69227 104385 0
437069 104385 0
472702 104385 0
357233 104385 0
97368 104385 0
202345 104385 0
376725 104385 0
474979 104385 0
37187 104385 0
284496 104385 0
603743 104385 0
330615 104385 0
603863 104385 0
110040 104385 0
92791 104385 0
90378 104385 0
267097 104385 0
604006 104385 0
98959 104385 0
104707 104385 0
178508 104385 0
604123 104385 0
72139 104385 0
604179 104385 0
604173 104385 0
82303 104385 0
169285 104385 0
236379 104385 0
69799 104385 0
62616 104385 0
604279 104385 0
79924 104385 0
66003 104385 0
580269 104385 0
60943 104385 0
79480 104385 0
562841 104385 0
134151 104385 0
77785 104385 0
69119 104385 0
604355 104385 0
604358 104385 0
112026 104385 0
66495 104385 0
72625 104385 0
604459 104385 0
604337 104385 0
64862 104385 0
63993 104385 0
63233 104385 0
2575 104385 0
604557 104385 0
86008 104385 0
88091 104385 0
604627 104385 0
604640 104385 0
604685 104385 0
73276 104385 0
604718 104385 0
604748 104385 0
604750 104385 0
136713 104385 0
81559 104385 0
604788 104385 0
234866 104385 0
604828 104385 0
73675 104385 0
107288 104385 0
60995 104385 0
604901 104385 0
92969 104385 0
77447 104385 0
100912 104385 0
91993 104385 0
472399 104385 0
605044 104385 0
605055 104385 0
73108 104385 0
605089 104385 0
81726 104385 0
605127 104385 0
67521 104385 0
605238 104385 0
605240 104385 0
113540 104385 0
235511 104385 0
467868 104385 0
162457 104385 0
109316 104385 0
75592 104385 0
19273 104385 0
605403 104385 0
605408 104385 0
604893 104385 0
605460 104385 0
578501 104385 0
605477 104385 0
69734 104385 0
78983 104385 0
127473 104385 0
94544 104385 0
79184 104385 0
605604 104385 0
605620 104385 0
234095 104385 0
89647 104385 0
198541 104385 0
206631 104385 0
66509 104385 0
18182 104385 0
63665 104385 0
395846 104385 0
63957 104385 0
137134 104385 0
605926 104385 0
605999 104385 0
108838 104385 0
75594 104385 0
606082 104385 0
185138 104385 0
334631 104385 0
606152 104385 0
99783 104385 0
605924 104385 0
71818 104385 0
587088 104385 0
606224 104385 0
606230 104385 0
96614 104385 0
162292 104385 0
101220 104385 0
3856 104385 0
606336 104385 0
100728 104385 0
605166 104385 0
111627 104385 0
104624 104385 0
606429 104385 0
65811 104385 0
606526 104385 0
266551 104385 0
97005 104385 0
412480 104385 0
212172 104385 0
313826 104385 0
139190 104385 0
117678 104385 0
605980 104385 0
111338 104385 0
97788 104385 0
146030 104385 0
132311 104385 0
606795 104385 0
467850 104385 0
428365 104385 0
63210 104385 0
607075 104385 0
127394 104385 0
607152 104385 0
301850 104385 0
183296 104385 0
309908 104385 0
118567 104385 0
361826 104385 0
5010 104385 0
87376 104385 0
64227 104385 0
79679 104385 0
294438 104385 0
89815 104385 0
607909 104385 0
277150 104385 0
371834 104385 0
88062 104385 0
93554 104385 0
129659 104385 0
141305 104385 0
257700 104385 0
337275 104385 0
608099 104385 0
498103 104385 0
608289 104385 0
307050 104385 0
606936 104385 0
9216 104385 0
118986 104385 0
375779 104385 0
608486 104385 0
76827 104385 0
161744 104385 0
608632 104385 0
64928 104385 0
172361 104385 0
67523 104385 0
347351 104385 0
608784 104385 0
448202 104385 0
71316 104385 0
78884 104385 0
123544 104385 0
609023 104385 0
609037 104385 0
439706 104385 0
308854 104385 0
71016 104385 0
609035 104385 0
156869 104385 0
609183 104385 0
75661 104385 0
394697 104385 0
91659 104385 0
590095 104385 0
248726 104385 0
64117 104385 0
400593 104385 0
150455 104385 0
381283 104385 0
164515 104385 0
609584 104385 0
66171 104385 0
609657 104385 0
61882 104385 0
418117 104385 0
96394 104385 0
609726 104385 0
609753 104385 0
609764 104385 0
152457 104385 0
606101 104385 0
609838 104385 0
580618 104385 0
609877 104385 0
609886 104385 0
609901 104385 0
575427 104385 0
609934 104385 0
455930 104385 0
390942 104385 0
294188 104385 0
610043 104385 0
95744 104385 0
610059 104385 0
105749 104385 0
174594 104385 0
171495 104385 0
354506 104385 0
314281 104385 0
12175 104385 0
89834 104385 0
431481 104385 0
2597 104385 0
422920 104385 0
145885 104385 0
109120 104385 0
1529 104385 0
351941 104385 0
610587 104385 0
78916 104385 0
406379 104385 0
77777 104385 0
349504 104385 0
214096 104385 0
610721 104385 0
272985 104385 0
144862 104385 0
610826 104385 0
606289 104385 0
281747 104385 0
259350 104385 0
70600 104385 0
436750 104385 0
611012 104385 0
357320 104385 0
131841 104385 0
293055 104385 0
248395 104385 0
82794 104385 0
336117 104385 0
611112 104385 0
101760 104385 0
65926 104385 0
611124 104385 0
63750 104385 0
76133 104385 0
158028 104385 0
90240 104385 0
492797 104385 0
167883 104385 0
86912 104385 0
83116 104385 0
611355 104385 0
396356 104385 0
611417 104385 0
84061 104385 0
611599 104385 0
7083 104385 0
351126 104385 0
68550 104385 0
562878 104385 0
611671 104385 0
610121 104385 0
66478 104385 0
611740 104385 0
368412 104385 0
611800 104385 0
100726 104385 0
611823 104385 0
41126 104385 0
611882 104385 0
66627 104385 0
87558 104385 0
611953 104385 0
69748 104385 0
611994 104385 0
76416 104385 0
612020 104385 0
348901 104385 0
292291 104385 0
90736 104385 0
612098 104385 0
465846 104385 0
147273 104385 0
612244 104385 0
106502 104385 0
83838 104385 0
87936 104385 0
372145 104385 0
589744 104385 0
17442 104385 0
208906 104385 0
121324 104385 0
312005 104385 0
287525 104385 0
612589 104385 0
70274 104385 0
80400 104385 0
111249 104385 0
134896 104385 0
471025 104385 0
612699 104385 0
612878 104385 0
612901 104385 0
612777 104385 0
613042 104385 0
116504 104385 0
613068 104385 0
133219 104385 0
9808 104385 0
613148 104385 0
70893 104385 0
613165 104385 0
64494 104385 0
310245 104385 0
93121 104385 0
613245 104385 0
613323 104385 0
164221 104385 0
170174 104385 0
67672 104385 0
101999 104385 0
66629 104385 0
613418 104385 0
80678 104385 0
613428 104385 0
74126 104385 0
12760 104385 0
60869 104385 0
613538 104385 0
492933 104385 0
613588 104385 0
76033 104385 0
11457 104385 0
597305 595983 0
596232 311345 0
156051 158025 0
157765 158025 0
108580 158025 0
608316 215563 0
596172 596065 0
59019 596071 0
600564 596071 0
604066 596071 0
598080 596268 0
101433 601836 0
598365 596590 0
600572 596590 0
601127 596590 0
604572 596590 0
604936 596590 0
602852 596845 0
7249 287622 0
28841 597292 0
602497 597292 0
486160 597292 0
269691 597292 0
601786 597406 0
452575 109631 0
597821 231415 0
439685 231415 0
599179 231415 0
599261 231415 0
600816 231415 0
608421 231415 0
607509 597443 0
598846 597736 0
8112 15854 0
91706 15854 0
598143 465086 0
598444 465086 0
1595 598016 0
482283 598356 0
223307 598356 0
2577 314144 0
600311 598693 0
9261 598693 0
130985 598693 0
330573 598925 0
61721 598950 0
600417 599047 0
600879 599047 0
411636 599047 0
599273 96003 0
599906 118054 0
599585 599269 0
601499 599269 0
604267 599269 0
607154 599269 0
33716 598726 0
600463 242143 0
599587 113497 0
389736 361435 0
422334 361435 0
605408 599800 0
240508 184209 0
22059 19022 0
22057 19022 0
22061 19022 0
89188 22943 0
602537 600009 0
603715 405597 0
5932 600298 0
606497 600484 0
609842 600484 0
609467 435321 0
92306 600624 0
601003 461020 0
603056 461020 0
610195 600926 0
608103 3022 0
604205 601032 0
611947 601032 0
604591 6667 0
340995 74400 0
171241 89254 0
340995 347627 0
601581 111818 0
606439 111818 0
340995 601344 0
340995 601428 0
340995 597697 0
597124 6807 0
602750 601415 0
597124 601415 0
395186 601705 0
169563 529818 0
309665 529818 0
602663 529818 0
602767 529818 0
218201 529818 0
602858 529818 0
602945 529818 0
125426 529818 0
603997 529818 0
604239 529818 0
240499 529818 0
503251 529818 0
604961 529818 0
197024 529818 0
606638 529818 0
606901 529818 0
377952 529818 0
608591 529818 0
608848 529818 0
417795 529818 0
609580 529818 0
609747 529818 0
400191 529818 0
611617 529818 0
611929 529818 0
612203 529818 0
612236 529818 0
612423 529818 0
602102 30824 0
602171 30824 0
13057 30824 0
602370 235696 0
608316 215563 0
580166 602510 0
610918 602510 0
611414 602510 0
2577 130246 0
598693 425908 0
604404 577984 0
603280 560342 0
304520 602717 0
602854 602727 0
14462 602727 0
589397 602727 0
603388 602727 0
603386 602727 0
603398 602727 0
603583 602727 0
380035 602727 0
255632 602727 0
604115 602727 0
604177 602727 0
597124 602727 0
604845 602727 0
178453 602727 0
605328 602727 0
605487 602727 0
553252 602727 0
68362 602727 0
606445 602727 0
606979 602727 0
62365 602727 0
607561 602727 0
607615 602727 0
25827 602727 0
1088 602727 0
13723 602727 0
195724 602727 0
13982 602727 0
14005 602727 0
168497 602727 0
1465 602727 0
608271 602727 0
196050 602727 0
25923 602727 0
26128 602727 0
169929 602727 0
26514 602727 0
120622 602727 0
124302 602727 0
609612 602727 0
387440 602727 0
609861 602727 0
609992 602727 0
15369 602727 0
36040 602727 0
610397 602727 0
172271 602727 0
610813 602727 0
78792 602727 0
610683 602727 0
173490 602727 0
611530 602727 0
118707 602727 0
612186 602727 0
612477 602727 0
610929 602727 0
413524 602727 0
613466 602727 0
603162 602752 0
116873 437425 0
590688 69292 0
2577 69292 0
603354 115956 0
603475 115956 0
603156 115956 0
99194 115956 0
76622 115956 0
605646 115956 0
606431 115956 0
69739 115956 0
607235 115956 0
110920 115956 0
39928 38076 0
604153 603546 0
604522 603984 0
604832 603984 0
605876 603984 0
229915 603984 0
162741 603984 0
233611 112 0
253679 112 0
102120 112 0
322 602548 0
322 436975 0
322 555073 0
322 569210 0
322 559533 0
322 603219 0
608103 3022 0
322 606655 0
322 16817 0
606557 212015 0
39138 212015 0
322 602464 0
228158 602464 0
70874 602464 0
59627 602464 0
322 604607 0
604701 604606 0
322 604618 0
322 351762 0
610349 351762 0
607749 604642 0
322 395871 0
607864 22363 0
607870 22363 0
613687 604790 0
605519 605207 0
322 605283 0
607067 605283 0
605794 605325 0
91706 89188 0
11142 89188 0
605504 132423 0
164232 605539 0
164245 605539 0
164251 605539 0
164234 605539 0
164236 605539 0
164241 605539 0
164249 605539 0
164239 605539 0
322 605541 0
322 74699 0
322 605316 0
588066 569157 0
143746 142786 0
607058 142786 0
451771 142786 0
611368 142786 0
606658 606536 0
606817 606536 0
429569 606536 0
607982 606536 0
55902 47536 0
607144 188 0
127902 188 0
72943 188 0
119084 188 0
607602 188 0
96835 188 0
250921 188 0
607624 188 0
7249 188 0
607958 188 0
608089 188 0
101423 188 0
104072 188 0
229303 188 0
69739 188 0
434625 188 0
608774 188 0
608897 188 0
71714 188 0
113394 188 0
114904 188 0
606431 188 0
62849 188 0
572121 188 0
609626 188 0
610077 188 0
610107 188 0
610182 188 0
599288 188 0
610333 188 0
309359 188 0
1529 188 0
141750 188 0
610734 188 0
96394 188 0
610953 188 0
61855 188 0
611335 188 0
611232 188 0
611513 188 0
167675 188 0
396941 188 0
605646 188 0
611891 188 0
106340 188 0
186642 188 0
613077 188 0
613193 188 0
613665 188 0
16581 19454 0
588247 363476 0
609422 607330 0
266725 607416 0
266727 607416 0
87070 240963 0
156441 156394 0
608836 156394 0
611579 607590 0
609928 607932 0
611062 607932 0
611947 604205 0
608341 608156 0
609293 608156 0
610015 608156 0
607320 608156 0
611357 608156 0
612322 608156 0
613528 608156 0
22943 4567 0
121984 3791 0
608736 3791 0
5010 3791 0
118567 3791 0
608976 3791 0
147125 3791 0
599288 3791 0
114527 3791 0
611305 3791 0
302417 3791 0
81728 3791 0
502926 110362 0
609777 86916 0
609620 606555 0
611605 180642 0
610702 609065 0
609758 609278 0
609424 609367 0
385158 609367 0
507800 494841 0
222 4262 0
31308 609687 0
611564 217869 0
610794 24880 0
610616 392760 0
71449 77394 0
37725 77394 0
10054 9607 0
611552 610821 0
164232 610892 0
164245 610892 0
164251 610892 0
164234 610892 0
164236 610892 0
164241 610892 0
164249 610892 0
164239 610892 0
19200 1912 0
611263 212676 0
612496 611555 0
612227 611778 0
613169 611778 0
613325 611778 0
611864 24607 0
611949 24607 0
87529 24607 0
199862 24607 0
612524 24607 0
142414 24607 0
455926 611779 0
393602 393274 0
613344 611978 0
100597 612024 0
34 471078 0
203173 612449 0
22943 612688 0
613404 613401 0
613460 613415 0
