4 12 11 0.916667
10 1 1 1
13 1 1 1
21 1 1 1
28 1 1 1
30 1 1 1
33 1 1 1
42 1 1 1
46 1 1 1
49 1 1 1
56 1 1 1
59 1 1 1
64 1 1 1
71 1 1 1
73 1 1 1
82 1 1 1
85 3 1 0.333333
101 1 1 1
103 1 1 1
105 1 1 1
112 2 2 1
114 2 2 1
121 1 1 1
131 1 1 1
140 1 1 1
142 1 1 1
152 1 1 1
173 1 1 1
203 1 1 1
205 2 1 0.5
210 1 1 1
214 1 1 1
221 1 1 1
238 1 1 1
249 1 1 1
262 1 1 1
272 1 1 1
274 1 1 1
278 1 1 1
281 1 1 1
291 1 1 1
294 1 1 1
302 1 1 1
308 1 1 1
313 1 1 1
325 1 1 1
343 1 1 1
355 1 1 1
365 1 1 1
369 1 1 1
373 1 1 1
379 3 3 1
387 1 1 1
391 1 1 1
396 1 1 1
406 1 1 1
411 1 1 1
415 2 2 1
417 1 1 1
426 1 1 1
431 1 1 1
443 1 1 1
466 1 1 1
470 2 1 0.5
475 1 1 1
499 1 1 1
509 1 1 1
525 1 1 1
542 1 1 1
550 1 1 1
555 1 1 1
564 1 1 1
567 1 1 1
583 1 1 1
589 1 1 1
607 1 1 1
619 1 1 1
621 1 1 1
642 1 1 1
644 1 1 1
647 1 1 1
650 1 1 1
662 1 1 1
664 1 1 1
680 1 1 1
682 1 1 1
684 1 1 1
703 1 1 1
705 1 1 1
714 1 1 1
717 2 2 1
723 2 2 1
725 1 1 1
727 1 1 1
737 1 1 1
744 1 1 1
766 1 1 1
771 1 1 1
789 1 1 1
792 1 1 1
807 1 1 1
818 2 2 1
821 1 1 1
823 1 1 1
828 1 1 1
830 1 1 1
836 1 1 1
839 1 1 1
841 1 1 1
843 1 1 1
851 1 1 1
857 1 1 1
864 2 1 0.5
876 1 1 1
890 1 1 1
893 1 1 1
925 1 1 1
935 1 1 1
969 1 1 1
974 1 1 1
980 1 1 1
983 1 1 1
1007 1 1 1
1009 1 1 1
1026 1 1 1
1040 1 1 1
1056 1 1 1
1058 1 1 1
1063 1 1 1
1065 1 1 1
1072 1 1 1
1076 1 1 1
1107 1 1 1
1109 1 1 1
1112 1 1 1
1114 1 1 1
1116 1 1 1
1119 1 1 1
1121 1 1 1
1123 1 1 1
1137 3 2 0.666667
1148 1 1 1
1152 1 1 1
1157 1 1 1
1160 1 1 1
1165 1 1 1
1171 1 1 1
1175 1 1 1
1177 1 1 1
1185 1 1 1
1203 1 1 1
1208 1 1 1
1226 1 1 1
1228 1 1 1
1236 1 1 1
1249 1 1 1
1257 1 1 1
1262 1 1 1
1264 1 1 1
1271 1 1 1
1273 1 1 1
1275 1 1 1
1287 1 1 1
1315 1 1 1
1317 1 1 1
1319 1 1 1
1322 1 1 1
1324 1 1 1
1345 1 1 1
1347 1 1 1
1358 1 1 1
1366 1 1 1
1379 1 1 1
1382 1 1 1
1392 1 1 1
1399 1 1 1
1403 1 1 1
1406 1 1 1
1412 1 1 1
1434 1 1 1
1438 1 1 1
1448 1 1 1
1450 1 1 1
1463 1 1 1
1470 1 1 1
1475 1 1 1
1478 1 1 1
1480 1 1 1
1496 1 1 1
1512 1 1 1
1519 1 1 1
1521 3 1 0.333333
1534 1 1 1
1538 1 1 1
1542 1 1 1
1544 1 1 1
1549 1 1 1
1562 1 1 1
1564 1 1 1
1578 1 1 1
1594 1 1 1
1596 1 1 1
1600 1 1 1
1602 1 1 1
1604 1 1 1
1611 1 1 1
1613 1 1 1
1615 1 1 1
1626 1 1 1
1634 1 1 1
1646 2 1 0.5
1659 1 1 1
1662 1 1 1
1665 1 1 1
1673 1 1 1
1680 1 1 1
1681 2 1 0.5
1686 1 1 1
1693 1 1 1
1702 1 1 1
1704 1 1 1
1716 1 1 1
1733 1 1 1
1744 1 1 1
1752 1 1 1
1754 1 1 1
1776 1 1 1
1779 1 1 1
1782 1 1 1
1800 1 1 1
1802 1 1 1
1811 3 1 0.333333
1819 1 1 1
1821 2 2 1
1830 1 1 1
1832 1 1 1
1840 1 1 1
1856 1 1 1
1864 1 1 1
1866 1 1 1
1870 1 1 1
1873 1 1 1
1878 1 1 1
1902 1 1 1
1904 1 1 1
1923 1 1 1
1933 1 1 1
1935 1 1 1
1952 1 1 1
1960 1 1 1
1969 1 1 1
1972 1 1 1
1977 1 1 1
1991 1 1 1
1995 1 1 1
1998 1 1 1
2001 1 1 1
2004 1 1 1
2014 1 1 1
2021 1 1 1
2028 1 1 1
2036 1 1 1
2044 1 1 1
2052 1 1 1
2058 1 1 1
2061 1 1 1
2076 1 1 1
2082 1 1 1
2091 1 1 1
2097 1 1 1
2108 1 1 1
2115 1 1 1
2117 1 1 1
2125 1 1 1
2133 1 1 1
2144 1 1 1
2148 1 1 1
2153 1 1 1
2164 1 1 1
2185 1 1 1
2190 1 1 1
2202 1 1 1
2206 1 1 1
2227 1 1 1
2234 1 1 1
2250 1 1 1
2269 1 1 1
2271 1 1 1
2289 1 1 1
2297 1 1 1
2305 1 1 1
2307 1 1 1
2311 1 1 1
2313 1 1 1
2317 1 1 1
2325 1 1 1
2345 1 1 1
2347 1 1 1
2349 1 1 1
2354 1 1 1
2358 1 1 1
2361 1 1 1
2366 1 1 1
2372 1 1 1
2378 1 1 1
2382 1 1 1
2391 1 1 1
2393 1 1 1
2395 1 1 1
2401 1 1 1
2416 1 1 1
2418 1 1 1
2431 1 1 1
2436 1 1 1
2438 1 1 1
2442 1 1 1
2445 1 1 1
2451 1 1 1
2455 1 1 1
2459 1 1 1
2471 1 1 1
2476 1 1 1
2485 1 1 1
2493 1 1 1
2495 1 1 1
2497 1 1 1
2509 1 1 1
2518 1 1 1
2527 1 1 1
2530 1 1 1
2534 1 1 1
2539 1 1 1
2552 1 1 1
2560 1 1 1
2562 1 1 1
2564 2 2 1
2567 1 1 1
2573 1 1 1
2576 1 1 1
2582 1 1 1
2584 1 1 1
2586 1 1 1
2613 1 1 1
2615 1 1 1
2622 1 1 1
2653 1 1 1
2655 1 1 1
2669 1 1 1
2673 1 1 1
2680 1 1 1
2688 1 1 1
2697 1 1 1
2700 1 1 1
2713 1 1 1
2744 1 1 1
2746 1 1 1
2750 1 1 1
2754 1 1 1
2762 1 1 1
2770 1 1 1
2778 1 1 1
2781 1 1 1
2783 1 1 1
2792 1 1 1
2802 1 1 1
2804 1 1 1
2809 1 1 1
2820 1 1 1
2823 1 1 1
2826 1 1 1
2828 1 1 1
2834 1 1 1
2840 1 1 1
2854 1 1 1
2856 1 1 1
2861 1 1 1
2869 1 1 1
2875 1 1 1
2881 1 1 1
2884 1 1 1
2888 1 1 1
2900 1 1 1
2910 1 1 1
2917 1 1 1
2921 1 1 1
2931 1 1 1
2961 1 1 1
2964 1 1 1
2966 1 1 1
2968 1 1 1
2977 1 1 1
2981 1 1 1
2989 1 1 1
3015 1 1 1
3020 1 1 1
3032 1 1 1
3035 1 1 1
3038 1 1 1
3062 1 1 1
3077 1 1 1
3083 1 1 1
3088 1 1 1
3104 2 1 0.5
3110 1 1 1
3115 1 1 1
3117 1 1 1
3123 1 1 1
3126 1 1 1
3130 1 1 1
3132 1 1 1
3145 1 1 1
3153 1 1 1
3158 1 1 1
3162 1 1 1
3169 1 1 1
3175 1 1 1
3179 1 1 1
3194 1 1 1
3201 1 1 1
3208 1 1 1
3218 1 1 1
3222 2 1 0.5
3227 1 1 1
3242 1 1 1
3274 1 1 1
3277 1 1 1
3286 1 1 1
3297 1 1 1
3303 1 1 1
3308 1 1 1
3313 1 1 1
3320 1 1 1
3328 1 1 1
3332 1 1 1
3334 1 1 1
3351 1 1 1
3360 1 1 1
3364 1 1 1
3366 1 1 1
3375 1 1 1
3377 1 1 1
3385 1 1 1
3387 1 1 1
3393 1 1 1
3397 1 1 1
3407 4 3 0.75
3435 1 1 1
3446 1 1 1
3449 1 1 1
3451 1 1 1
3459 1 1 1
3463 2 1 0.5
3479 1 1 1
3483 1 1 1
3496 1 1 1
3503 1 1 1
3518 1 1 1
3520 1 1 1
3522 1 1 1
3534 1 1 1
3537 1 1 1
3555 1 1 1
3565 1 1 1
3567 1 1 1
3582 1 1 1
3584 1 1 1
3587 1 1 1
3589 1 1 1
3600 1 1 1
3603 1 1 1
3607 1 1 1
3609 1 1 1
3611 1 1 1
3613 1 1 1
3632 1 1 1
3634 1 1 1
3642 1 1 1
3658 1 1 1
3665 1 1 1
3671 1 1 1
3674 1 1 1
3688 1 1 1
3692 1 1 1
3701 2 2 1
3716 1 1 1
3724 1 1 1
3728 1 1 1
3751 1 1 1
3762 1 1 1
3772 1 1 1
3780 1 1 1
3782 2 2 1
3813 1 1 1
3832 1 1 1
3845 1 1 1
3855 6 5 0.833333
3856 1 1 1
3867 1 1 1
3872 1 1 1
3879 1 1 1
3884 1 1 1
3885 2 1 0.5
3905 1 1 1
3913 1 1 1
3921 3 3 1
3925 1 1 1
3930 1 1 1
3935 1 1 1
3937 1 1 1
3945 1 1 1
3950 1 1 1
3959 1 1 1
3974 1 1 1
3985 2 1 0.5
3988 2 2 1
4017 1 1 1
4021 1 1 1
4026 1 1 1
4029 1 1 1
4036 1 1 1
4039 1 1 1
4046 1 1 1
4065 1 1 1
4071 1 1 1
4081 1 1 1
4085 1 1 1
4092 1 1 1
4094 1 1 1
4098 1 1 1
4106 1 1 1
4137 1 1 1
4150 1 1 1
4160 1 1 1
4162 1 1 1
4164 1 1 1
4169 1 1 1
4171 5 4 0.8
4179 1 1 1
4182 4 3 0.75
4185 1 1 1
4191 1 1 1
4194 1 1 1
4203 1 1 1
4205 1 1 1
4209 1 1 1
4215 1 1 1
4217 1 1 1
4222 1 1 1
4228 1 1 1
4232 1 1 1
4246 1 1 1
4256 3 3 1
4263 1 1 1
4266 4 4 1
4273 1 1 1
4283 1 1 1
4289 1 1 1
4292 1 1 1
4295 1 1 1
4303 1 1 1
4324 1 1 1
4326 1 1 1
4330 1 1 1
4339 1 1 1
4341 1 1 1
4349 1 1 1
4381 1 1 1
4384 1 1 1
4387 1 1 1
4395 1 1 1
4405 1 1 1
4411 1 1 1
4413 1 1 1
4419 1 1 1
4422 1 1 1
4424 1 1 1
4434 1 1 1
4444 1 1 1
4446 1 1 1
4470 1 1 1
4477 1 1 1
4483 1 1 1
4487 1 1 1
4491 1 1 1
4494 1 1 1
4503 1 1 1
4506 1 1 1
4509 1 1 1
4511 1 1 1
4515 1 1 1
4527 1 1 1
4534 1 1 1
4543 1 1 1
4551 1 1 1
4555 1 1 1
4557 1 1 1
4577 1 1 1
4596 1 1 1
4609 1 1 1
4613 1 1 1
4615 1 1 1
4633 1 1 1
4643 3 3 1
4648 1 1 1
4650 1 1 1
4666 1 1 1
4673 1 1 1
4687 1 1 1
4691 1 1 1
4708 1 1 1
4724 1 1 1
4728 1 1 1
4731 1 1 1
4757 1 1 1
4776 1 1 1
4785 1 1 1
4792 1 1 1
4800 1 1 1
4814 1 1 1
4818 1 1 1
4820 1 1 1
4822 1 1 1
4827 1 1 1
4850 1 1 1
4852 1 1 1
4854 1 1 1
4863 1 1 1
4865 1 1 1
4878 1 1 1
4884 1 1 1
4889 1 1 1
4899 1 1 1
4903 1 1 1
4908 1 1 1
4920 1 1 1
4926 1 1 1
4933 1 1 1
4935 1 1 1
4945 1 1 1
4995 1 1 1
4997 4 4 1
5005 1 1 1
5008 1 1 1
5020 1 1 1
5022 5 5 1
5035 1 1 1
5039 2 2 1
5044 1 1 1
5054 1 1 1
5058 1 1 1
5066 1 1 1
5080 1 1 1
5086 1 1 1
5103 4 3 0.75
5111 1 1 1
5117 1 1 1
5122 1 1 1
5132 1 1 1
5142 1 1 1
5144 1 1 1
5146 1 1 1
5151 1 1 1
5153 1 1 1
5164 1 1 1
5170 1 1 1
5183 1 1 1
5185 1 1 1
5188 1 1 1
5219 1 1 1
5221 1 1 1
5228 1 1 1
5232 1 1 1
5235 1 1 1
5239 1 1 1
5264 1 1 1
5278 1 1 1
5280 1 1 1
5290 1 1 1
5313 1 1 1
5316 1 1 1
5334 1 1 1
5338 1 1 1
5348 1 1 1
5362 1 1 1
5387 1 1 1
5401 1 1 1
5404 1 1 1
5420 1 1 1
5423 1 1 1
5425 1 1 1
5455 1 1 1
5458 1 1 1
5474 1 1 1
5479 1 1 1
5498 1 1 1
5510 1 1 1
5515 1 1 1
5533 1 1 1
5541 1 1 1
5545 1 1 1
5549 1 1 1
5563 1 1 1
5577 1 1 1
5579 1 1 1
5581 1 1 1
5589 1 1 1
5598 1 1 1
5608 1 1 1
5613 1 1 1
5618 1 1 1
5633 1 1 1
5649 1 1 1
5651 1 1 1
5661 1 1 1
5676 1 1 1
5678 1 1 1
5685 1 1 1
5687 1 1 1
5689 1 1 1
5696 1 1 1
5711 1 1 1
5715 1 1 1
5719 1 1 1
5721 1 1 1
5723 1 1 1
5749 1 1 1
7144 1 1 1
9799 2 2 1
9974 1 1 1
19539 1 1 1
28003 1 1 1
42289 1 1 1
78558 1 1 1
89342 1 1 1
203850 1 1 1
