6 25061 1 0 1 150 0 1 0 0
16 712 1 0 1 2646 0 1 0 0
16 1047 1 0 1 1099 0 1 0 0
16 1971 1 0 1 17 0 1 0 0
16 2077 1 0 1 1102 0 1 0 0
16 2941 1 0 1 1098 0 1 0 0
16 4417 1 0 1 1321 0 1 0 0
16 6803 1 0 1 2325 0 1 0 0
16 10760 1 0 1 1982 0 1 0 0
16 12326 1 0 1 1373 0 1 0 0
16 16547 1 0 1 100 0 1 0 0
16 19948 1 0 1 37 0 1 0 0
16 25495 1 0 1 1584 0 1 0 0
16 25698 1 0 1 2342 0 1 0 0
16 27356 1 0 1 745 0 1 0 0
16 28164 1 0 1 17 0 1 0 0
16 29890 1 0 1 195 0 1 0 0
16 30259 1 0 1 444 0 1 0 0
16 31116 1 0 1 257 0 1 0 0
16 36492 1 0 1 1689 0 1 0 0
16 37100 1 0 1 273 0 1 0 0
16 38961 1 0 1 1287 0 1 0 0
16 39111 1 0 1 517 0 1 0 0
16 41483 1 0 1 243 0 1 0 0
16 41577 1 0 1 88 0 1 0 0
16 42895 1 0 1 187 0 1 0 0
16 44956 1 0 1 245 0 1 0 0
16 45205 1 0 1 59 0 1 0 0
16 45295 1 0 1 218 0 1 0 0
16 52034 1 0 1 172 0 1 0 0
16 52182 1 0 1 913 0 1 0 0
16 54542 1 0 1 627 0 1 0 0
16 56470 1 0 1 309 0 1 0 0
16 58028 1 0 1 102 0 1 0 0
16 60142 1 0 1 563 0 1 0 0
16 62704 1 0 1 29 0 1 0 0
16 67772 1 0 1 657 0 1 0 0
16 72144 1 0 1 2111 0 1 0 0
16 72398 1 0 1 470 0 1 0 0
16 81162 1 0 1 16 0 1 0 0
16 82936 1 0 1 982 0 1 0 0
16 84707 1 0 1 2459 0 1 0 0
16 93370 1 0 1 531 0 1 0 0
16 98676 1 0 1 153 0 1 0 0
16 108877 1 0 1 518 0 1 0 0
16 111037 1 0 1 351 0 1 0 0
16 119502 1 0 1 197 0 1 0 0
16 125093 1 0 1 29 0 1 0 0
16 138242 1 0 1 573 0 1 0 0
16 145720 1 0 1 130 0 1 0 0
16 152468 1 0 1 2626 0 1 0 0
16 152989 1 0 1 437 0 1 0 0
16 160070 1 0 1 24 0 1 0 0
16 163503 1 0 1 325 0 1 0 0
16 172605 1 0 1 2100 0 1 0 0
16 188830 1 0 1 1659 0 1 0 0
16 189246 1 0 1 711 0 1 0 0
16 191581 1 0 1 41 0 1 0 0
16 196942 1 0 1 1835 0 1 0 0
16 198047 1 0 1 937 0 1 0 0
16 198265 1 0 1 984 0 1 0 0
16 200545 1 0 1 2548 0 1 0 0
16 206825 1 0 1 710 0 1 0 0
16 211428 1 0 1 14 0 1 0 0
16 211973 1 0 1 2000 0 1 0 0
16 220204 1 0 1 68 0 1 0 0
16 233044 1 0 1 35 0 1 0 0
16 233829 1 0 1 16 0 1 0 0
16 245217 1 0 1 76 0 1 0 0
16 258088 1 0 1 310 0 1 0 0
16 258485 1 0 1 422 0 1 0 0
16 260670 1 0 1 1042 0 1 0 0
16 262439 1 0 1 1027 0 1 0 0
16 268818 1 0 1 306 0 1 0 0
16 269533 1 0 1 31 0 1 0 0
16 289320 1 0 1 121 0 1 0 0
16 296773 1 0 1 1272 0 1 0 0
16 302963 1 0 1 18 0 1 0 0
16 313929 1 0 1 1117 0 1 0 0
16 317706 1 0 1 523 0 1 0 0
16 340721 1 0 1 35 0 1 0 0
16 340879 1 0 1 2387 0 1 0 0
16 362958 1 0 1 231 0 1 0 0
16 374102 1 0 1 146 0 1 0 0
16 413755 1 0 1 1032 0 1 0 0
16 428015 1 0 1 78 0 1 0 0
16 434549 1 0 1 1679 0 1 0 0
16 468220 1 0 1 569 0 1 0 0
16 500658 1 0 1 263 0 1 0 0
16 513769 1 0 1 92 0 1 0 0
16 516517 1 0 1 813 0 1 0 0
16 560079 1 0 1 307 0 1 0 0
16 590930 1 0 1 133 0 1 0 0
16 594688 1 0 1 160 0 1 0 0
16 596841 1 0 1 644 0 1 0 0
16 613562 1 0 1 123 0 1 0 0
16 622952 1 0 1 162 0 1 0 0
16 624847 1 0 1 286 0 1 0 0
16 719534 1 0 1 1867 0 1 0 0
16 723587 1 0 1 144 0 1 0 0
16 741203 1 0 1 2151 0 1 0 0
16 742744 1 0 1 16 0 1 0 0
16 742780 1 0 1 23 0 1 0 0
16 742823 1 0 1 32 0 1 0 0
16 742863 1 0 1 38 0 1 0 0
16 742867 1 0 1 39 0 1 0 0
16 742889 1 0 1 42 0 1 0 0
16 742898 1 0 1 43 0 1 0 0
16 742911 1 0 1 46 0 1 0 0
16 742940 1 0 1 52 0 1 0 0
16 742958 1 0 1 57 0 1 0 0
16 742973 1 0 1 59 0 1 0 0
16 742976 1 0 1 60 0 1 0 0
16 742986 1 0 1 61 0 1 0 0
16 743001 1 0 1 64 0 1 0 0
16 743014 1 0 1 66 0 1 0 0
16 743043 1 0 1 72 0 1 0 0
16 743136 1 0 1 92 0 1 0 0
16 743189 1 0 1 105 0 1 0 0
16 743263 1 0 1 133 0 1 0 0
16 743314 1 0 1 139 0 1 0 0
16 743328 1 0 1 142 0 1 0 0
16 743415 1 0 1 926 0 1 0 0
16 743573 1 0 1 198 0 1 0 0
16 743597 1 0 1 203 0 1 0 0
16 743605 1 0 1 205 0 1 0 0
16 743800 1 0 1 258 0 1 0 0
16 743840 1 0 1 271 0 1 0 0
16 743869 1 0 1 394 0 1 0 0
16 743912 1 0 1 294 0 1 0 0
16 744093 1 0 1 336 0 1 0 0
16 744179 1 0 1 355 0 1 0 0
16 744347 1 0 1 401 0 1 0 0
16 744355 1 0 1 401 0 1 0 0
16 744368 1 0 1 403 0 1 0 0
16 744409 1 0 1 415 0 1 0 0
16 744456 1 0 1 429 0 1 0 0
16 744527 1 0 1 446 0 1 0 0
16 744559 1 0 1 456 0 1 0 0
16 744608 1 0 1 468 0 1 0 0
16 744663 1 0 1 482 0 1 0 0
16 744854 1 0 1 530 0 1 0 0
16 744890 1 0 1 539 0 1 0 0
16 744929 1 0 1 550 0 1 0 0
16 745630 1 0 1 718 0 1 0 0
16 745995 1 0 1 822 0 1 0 0
16 746129 1 0 1 855 0 1 0 0
16 746292 1 0 1 896 0 1 0 0
16 746471 1 0 1 939 0 1 0 0
16 746510 1 0 1 949 0 1 0 0
16 746683 1 0 1 1006 0 1 0 0
16 746868 1 0 1 1047 0 1 0 0
16 747247 1 0 1 1164 0 1 0 0
16 747880 1 0 1 1343 0 1 0 0
16 749007 1 0 1 1655 0 1 0 0
16 749137 1 0 1 1697 0 1 0 0
16 749472 1 0 1 1794 0 1 0 0
16 749514 1 0 1 1802 0 1 0 0
16 749920 1 0 1 1924 0 1 0 0
16 750927 1 0 1 2228 0 1 0 0
16 750993 1 0 1 2245 0 1 0 0
16 751320 1 0 1 2336 0 1 0 0
16 751473 1 0 1 2370 0 1 0 0
16 751480 1 0 1 2372 0 1 0 0
16 751847 1 0 1 2537 0 1 0 0
16 752388 1 0 1 2605 0 1 0 0
16 752477 1 0 1 2626 0 1 0 0
34 48008 0 1 1 0 1229 0 1 0
54 48008 0 1 1 0 201 0 1 0
96 2212 0 1 1 0 2032 0 1 0
96 20111 0 1 1 0 407 0 1 0
96 267252 0 1 1 0 625 0 1 0
623429 731339 0 1 1 0 25 0 1 0
623429 738798 0 1 1 0 265 0 1 0
175 8610 1 0 1 3544 0 1 0 0
175 649002 1 0 1 3136 0 1 0 0
226 738771 1 0 1 10 0 1 0 0
623540 748021 0 1 1 0 176 0 1 0
356493 425392 0 1 1 0 93 0 1 0
379 296978 0 1 1 0 322 0 1 0
534835 734516 0 1 1 0 33 0 1 0
712974 726552 1 0 1 57 0 1 0 0
695 11695 0 1 1 0 116 0 1 0
178864 734053 0 1 1 0 2725 0 1 0
1051 7361 1 0 1 722 0 1 0 0
1051 17711 1 0 1 128 0 1 0 0
1051 17930 1 0 1 60 0 1 0 0
1051 19034 1 0 1 523 0 1 0 0
1051 21979 1 0 1 508 0 1 0 0
1051 36090 1 0 1 71 0 1 0 0
1051 37100 1 0 1 1193 0 1 0 0
1051 40273 1 0 1 3145 0 1 0 0
1051 43913 1 0 1 55 0 1 0 0
1051 80147 1 0 1 517 0 1 0 0
1051 153209 1 0 1 48 0 1 0 0
1051 233389 1 0 1 1581 0 1 0 0
1051 235740 1 0 1 71 0 1 0 0
1051 253726 1 0 1 344 0 1 0 0
1051 258088 1 0 1 108 0 1 0 0
1051 293739 1 0 1 452 0 1 0 0
1051 348876 1 0 1 395 0 1 0 0
1051 411284 1 0 1 3158 0 1 0 0
1051 446166 1 0 1 137 0 1 0 0
1051 461281 1 0 1 20 0 1 0 0
1051 488218 1 0 1 2098 0 1 0 0
1051 643505 1 0 1 827 0 1 0 0
1051 645483 1 0 1 1782 0 1 0 0
1051 732587 1 0 1 378 0 1 0 0
1051 735278 1 0 1 1540 0 1 0 0
1051 739103 1 0 1 20 0 1 0 0
1051 739109 1 0 1 20 0 1 0 0
1051 739121 1 0 1 22 0 1 0 0
1051 739155 1 0 1 29 0 1 0 0
1051 739275 1 0 1 52 0 1 0 0
1051 739621 1 0 1 143 0 1 0 0
1051 739890 1 0 1 203 0 1 0 0
1051 740086 1 0 1 254 0 1 0 0
1051 740909 1 0 1 467 0 1 0 0
1051 741203 1 0 1 544 0 1 0 0
1051 741854 1 0 1 693 0 1 0 0
1051 742316 1 0 1 811 0 1 0 0
1051 744255 1 0 1 1268 0 1 0 0
1051 744320 1 0 1 1287 0 1 0 0
1051 744874 1 0 1 1429 0 1 0 0
1051 746888 1 0 1 1950 0 1 0 0
1051 747306 1 0 1 2076 0 1 0 0
1051 747520 1 0 1 2143 0 1 0 0
1051 748450 1 0 1 2406 0 1 0 0
1051 750407 1 0 1 2979 0 1 0 0
1051 750880 1 0 1 3110 0 1 0 0
1051 752334 1 0 1 3490 0 1 0 0
1051 752601 1 0 1 3562 0 1 0 0
1262 164886 1 0 1 484 0 1 0 0
1262 198844 1 0 1 393 0 1 0 0
1262 479268 1 0 1 868 0 1 0 0
1262 545222 1 0 1 37 0 1 0 0
1262 725557 1 0 1 369 0 1 0 0
1262 729413 1 0 1 1272 0 1 0 0
1262 731858 1 0 1 1888 0 1 0 0
1262 732227 1 0 1 1975 0 1 0 0
1262 737372 1 0 1 3188 0 1 0 0
1262 740196 1 0 1 3826 0 1 0 0
1262 741715 1 0 1 4201 0 1 0 0
446585 717887 0 1 1 0 264 0 1 0
1445 20623 1 0 1 989 0 1 0 0
1445 34194 1 0 1 773 0 1 0 0
1445 95336 1 0 1 910 0 1 0 0
1445 200089 1 0 1 50 0 1 0 0
1445 321741 1 0 1 2075 0 1 0 0
1445 329369 1 0 1 133 0 1 0 0
1445 444286 1 0 1 2897 0 1 0 0
1445 710370 1 0 1 3602 0 1 0 0
1445 725255 1 0 1 237 0 1 0 0
1445 731980 1 0 1 867 0 1 0 0
1445 732099 1 0 1 899 0 1 0 0
1445 732288 1 0 1 943 0 1 0 0
1445 733083 1 0 1 1146 0 1 0 0
1445 736170 1 0 1 1878 0 1 0 0
1445 738271 1 0 1 2330 0 1 0 0
1445 741066 1 0 1 3009 0 1 0 0
179635 737733 0 1 1 0 131 0 1 0
1595 735763 0 1 1 0 110 0 1 0
1641 735573 0 1 1 0 3956 0 1 0
357879 743565 0 1 1 0 1087 0 1 0
1867 8094 1 0 1 1797 0 1 0 0
1867 323425 1 0 1 76 0 1 0 0
1867 365421 1 0 1 2804 0 1 0 0
1867 729991 1 0 1 102 0 1 0 0
1867 731834 1 0 1 560 0 1 0 0
1867 744809 1 0 1 3631 0 1 0 0
1867 748797 1 0 1 4717 0 1 0 0
1872 26112 0 1 1 0 370 0 1 0
1872 738528 0 1 1 0 180 0 1 0
1908 733862 0 1 1 0 2164 0 1 0
1973 26112 0 1 1 0 297 0 1 0
1973 738528 0 1 1 0 151 0 1 0
1975 485478 0 1 1 0 2338 0 1 0
2011 742754 0 1 1 0 42 0 1 0
2034 2126 1 0 1 73 0 1 0 0
2034 623429 1 0 1 86 0 1 0 0
2047 102332 1 0 1 292 0 1 0 0
2091 26112 0 1 1 0 394 0 1 0
2091 168413 0 1 1 0 81 0 1 0
2091 529825 0 1 1 0 261 0 1 0
2091 738528 0 1 1 0 236 0 1 0
2091 742754 0 1 1 0 75 0 1 0
2091 748901 0 1 1 0 260 0 1 0
2126 26632 0 1 1 0 53 0 1 0
2184 26112 0 1 1 0 391 0 1 0
2184 738528 0 1 1 0 188 0 1 0
2191 11695 0 1 1 0 2374 0 1 0
2197 26632 0 1 1 0 78 0 1 0
2212 2541 1 0 1 172 0 1 0 0
2212 44937 1 0 1 348 0 1 0 0
2212 55956 1 0 1 645 0 1 0 0
2212 60875 1 0 1 1219 0 1 0 0
2212 211428 1 0 1 164 0 1 0 0
2212 540649 1 0 1 1336 0 1 0 0
2212 744868 1 0 1 75 0 1 0 0
2212 748651 1 0 1 1104 0 1 0 0
2212 750215 1 0 1 1555 0 1 0 0
2260 86869 0 1 1 0 433 0 1 0
2289 26112 0 1 1 0 367 0 1 0
2289 738528 0 1 1 0 288 0 1 0
2353 26632 0 1 1 0 95 0 1 0
91433 717887 0 1 1 0 1958 0 1 0
625772 731333 0 1 1 0 41 0 1 0
2577 11707 0 1 1 0 394 0 1 0
2577 303984 0 1 1 0 153 0 1 0
2577 734046 0 1 1 0 254 0 1 0
2625 399069 0 1 1 0 50 0 1 0
91706 742302 1 0 1 520 0 1 0 0
2689 104385 0 1 1 0 895 0 1 0
2836 30221 1 0 1 209 0 1 0 0
2836 92483 1 0 1 296 0 1 0 0
2836 466144 1 0 1 163 0 1 0 0
2836 751310 1 0 1 16 0 1 0 0
181022 701090 0 1 1 0 1 0 1 0
181066 643383 0 1 1 0 231 0 1 0
3015 10277 0 1 1 0 43 0 1 0
181148 481878 0 1 1 0 155 0 1 0
3252 8715 0 1 1 0 2750 0 1 0
92303 340995 1 0 1 58 0 1 0 0
3583 745639 0 1 1 0 19 0 1 0
92693 481878 0 1 1 0 1415 0 1 0
3683 740690 0 1 1 0 40 0 1 0
3712 18163 0 1 1 0 209 0 1 0
3712 52043 1 0 1 274 0 1 0 0
3712 373155 1 0 1 454 0 1 0 0
3754 96240 0 2 2 0 868 0 1.5 0
3754 199991 0 1 1 0 660 0 0.5 0
3755 96240 1 1 2 169 427 0.5 1 0
3755 199991 0 1 1 0 72 0 1 0
181926 742003 1 0 1 2405 0 1 0 0
3860 735573 0 1 1 0 749 0 1 0
4068 4069 1 0 1 313 0 1 0 0
4069 740391 1 0 1 268 0 1 0 0
182191 749279 1 0 1 69 0 1 0 0
271404 728606 1 0 1 71 0 1 0 0
4288 464600 1 0 1 61 0 1 0 0
4424 48008 0 1 1 0 530 0 1 0
360944 735573 0 1 1 0 113 0 1 0
271938 735166 0 1 1 0 116 0 1 0
4901 48008 0 1 1 0 282 0 1 0
4937 742754 0 1 1 0 724 0 1 0
4956 48008 0 1 1 0 1229 0 1 0
4972 48008 0 1 1 0 598 0 1 0
4972 485478 0 1 1 0 2626 0 1 0
94154 350239 0 1 1 0 7 0 1 0
717441 744149 0 1 1 0 271 0 1 0
5117 48008 0 1 1 0 135 0 1 0
5126 681874 1 0 1 2712 0 1 0 0
5142 177857 1 0 1 24 0 1 0 0
450406 732239 0 1 1 0 1864 0 1 0
628716 735573 0 1 1 0 3944 0 1 0
183565 735573 0 1 1 0 175 0 1 0
717887 724057 1 0 1 38 0 1 0 0
717887 724369 1 0 1 97 0 1 0 0
717887 725365 0 1 1 0 1557 0 1 0
717887 747210 1 0 1 5603 0 1 0 0
5593 60495 0 1 1 0 1261 0 1 0
361778 731790 0 1 1 0 4947 0 1 0
5902 6247 0 1 1 0 23 0 1 0
6003 743993 1 0 1 111 0 1 0 0
6114 172778 0 1 1 0 211 0 1 0
6147 8715 0 1 1 0 1287 0 1 0
6152 48008 0 1 1 0 1213 0 1 0
6174 735520 0 1 1 0 261 0 1 0
6189 731790 0 2 2 0 1319 0 2 0
6247 28800 1 0 1 52 0 1 0 0
6247 42416 1 0 1 2455 0 1 0 0
6247 278018 2 0 2 10195 0 2 0 0
6247 712103 2 0 2 1630 0 2 0 0
6247 747292 1 0 1 4974 0 1 0 0
629538 735573 0 1 1 0 1538 0 1 0
184469 737978 0 1 1 0 53 0 1 0
184479 737978 0 1 1 0 53 0 1 0
718739 725193 0 1 1 0 176 0 1 0
184502 737978 0 1 1 0 53 0 1 0
184512 737978 0 1 1 0 53 0 1 0
184516 737978 0 1 1 0 53 0 1 0
184518 737978 0 1 1 0 53 0 1 0
6437 741673 0 1 1 0 111 0 1 0
184520 737978 0 1 1 0 53 0 1 0
184524 737978 0 1 1 0 53 0 1 0
184530 737978 0 1 1 0 53 0 1 0
184536 737978 0 1 1 0 53 0 1 0
6529 10277 0 1 1 0 293 0 1 0
6611 168413 0 1 1 0 18 0 1 0
6611 529825 0 1 1 0 156 0 1 0
6611 742754 0 1 1 0 231 0 1 0
6611 748901 0 1 1 0 155 0 1 0
6645 315742 1 0 1 118 0 1 0 0
6645 741784 1 0 1 2439 0 1 0 0
6940 42503 1 1 2 338 186 1 1 0
6940 53451 1 0 1 133 0 1 0 0
6995 182372 1 0 1 987 0 1 0 0
7135 748901 0 2 2 0 238 0 2 0
96240 199991 0 1 1 0 241 0 0.5 0
719561 723179 0 1 1 0 32 0 1 0
719561 723197 0 2 2 0 51 0 2 0
719561 723763 0 1 1 0 53 0 1 0
719561 723776 0 1 1 0 49 0 1 0
719561 723937 0 1 1 0 34 0 1 0
719561 723948 0 1 1 0 31 0 1 0
719567 723197 0 1 1 0 58 0 1 0
719567 724067 0 1 1 0 60 0 1 0
719567 724306 0 1 1 0 27 0 1 0
719567 724490 0 1 1 0 31 0 1 0
7271 56104 1 0 1 524 0 1 0 0
7271 747858 1 0 1 16 0 1 0 0
7271 750746 1 0 1 861 0 1 0 0
363473 741646 1 0 1 2056 0 1 0 0
7361 8104 0 1 1 0 786 0 1 0
7361 48008 0 1 1 0 1336 0 1 0
7361 735573 0 1 1 0 1442 0 1 0
7361 737978 0 1 1 0 937 0 1 0
719732 737978 0 1 1 0 53 0 1 0
96480 604082 1 0 1 212 0 1 0 0
96480 735481 1 0 1 317 0 1 0 0
96542 726180 6 0 6 1726 0 6 0 0
719911 741335 0 1 1 0 406 0 1 0
96657 475459 0 1 1 0 1076 0 1 0
720213 725489 0 1 1 0 244 0 1 0
186020 732941 0 1 1 0 35 0 1 0
631285 735573 0 1 1 0 1257 0 1 0
8068 712103 1 0 1 889 0 1 0 0
8104 37942 1 0 1 530 0 1 0 0
8104 54542 1 0 1 1857 0 1 0 0
8104 64699 1 0 1 843 0 1 0 0
8104 185184 1 0 1 1316 0 1 0 0
8104 214735 1 0 1 174 0 1 0 0
8104 351455 1 0 1 140 0 1 0 0
8104 574405 1 0 1 120 0 1 0 0
8104 738757 1 0 1 20 0 1 0 0
8104 738873 1 0 1 50 0 1 0 0
8104 739068 1 0 1 85 0 1 0 0
8104 739226 1 0 1 117 0 1 0 0
8104 739388 1 0 1 156 0 1 0 0
8104 739446 1 0 1 175 0 1 0 0
8104 740094 1 0 1 329 0 1 0 0
8104 740156 1 0 1 344 0 1 0 0
8104 740394 1 0 1 395 0 1 0 0
8104 740763 1 0 1 501 0 1 0 0
8104 741788 1 0 1 749 0 1 0 0
8104 747154 1 0 1 2107 0 1 0 0
8105 738819 1 0 1 37 0 1 0 0
8109 8512 1 0 1 49 0 1 0 0
8109 28911 1 0 1 255 0 1 0 0
8109 34253 1 0 1 183 0 1 0 0
8109 119711 1 0 1 98 0 1 0 0
8109 196431 1 0 1 549 0 1 0 0
8109 225434 1 0 1 1867 0 1 0 0
8109 302482 1 0 1 278 0 1 0 0
8109 491995 1 0 1 1012 0 1 0 0
8109 738929 1 0 1 61 0 1 0 0
8109 739665 1 0 1 227 0 1 0 0
8109 739802 1 0 1 257 0 1 0 0
8109 740514 1 0 1 432 0 1 0 0
8109 743538 1 0 1 1156 0 1 0 0
8126 735361 0 1 1 0 743 0 1 0
364401 740792 0 1 1 0 461 0 1 0
8300 742776 1 0 1 69 0 1 0 0
8300 743121 1 0 1 17 0 1 0 0
8715 24309 1 0 1 3995 0 1 0 0
8715 26121 1 0 1 130 0 1 0 0
8715 35809 1 0 1 1140 0 1 0 0
8715 49567 1 0 1 176 0 1 0 0
8715 52089 1 0 1 45 0 1 0 0
8715 54045 1 0 1 2857 0 1 0 0
8715 72060 1 0 1 2231 0 1 0 0
8715 92621 1 0 1 170 0 1 0 0
8715 107479 1 0 1 59 0 1 0 0
8715 111149 1 0 1 1453 0 1 0 0
8715 113006 1 0 1 22 0 1 0 0
8715 145720 1 0 1 473 0 1 0 0
8715 150814 1 0 1 65 0 1 0 0
8715 155871 1 0 1 682 0 1 0 0
8715 156357 1 0 1 910 0 1 0 0
8715 164846 1 0 1 1230 0 1 0 0
8715 188176 1 0 1 67 0 1 0 0
8715 196095 1 0 1 751 0 1 0 0
8715 200891 1 0 1 477 0 1 0 0
8715 229207 1 0 1 211 0 1 0 0
8715 258228 1 0 1 1723 0 1 0 0
8715 264456 1 0 1 900 0 1 0 0
8715 334235 1 0 1 177 0 1 0 0
8715 348372 1 0 1 2743 0 1 0 0
8715 423827 1 0 1 347 0 1 0 0
8715 456136 1 0 1 274 0 1 0 0
8715 473478 1 0 1 96 0 1 0 0
8715 624763 1 0 1 60 0 1 0 0
8715 636546 1 0 1 2370 0 1 0 0
8715 685064 1 0 1 61 0 1 0 0
8715 714613 1 0 1 18 0 1 0 0
8715 715686 1 0 1 287 0 1 0 0
8715 715799 1 0 1 1988 0 1 0 0
8715 717644 1 0 1 123 0 1 0 0
8715 718261 1 0 1 1495 0 1 0 0
8715 719621 1 0 1 2289 0 1 0 0
8715 721085 1 0 1 1548 0 1 0 0
8715 729529 1 0 1 607 0 1 0 0
8715 731422 1 0 1 50 0 1 0 0
8715 731441 1 0 1 56 0 1 0 0
8715 731455 1 0 1 59 0 1 0 0
8715 731481 1 0 1 63 0 1 0 0
8715 731507 1 0 1 68 0 1 0 0
8715 731511 1 0 1 69 0 1 0 0
8715 731547 1 0 1 76 0 1 0 0
8715 731614 1 0 1 94 0 1 0 0
8715 731619 1 0 1 95 0 1 0 0
8715 731677 1 0 1 109 0 1 0 0
8715 731701 1 0 1 114 0 1 0 0
8715 731724 1 0 1 118 0 1 0 0
8715 731774 1 0 1 130 0 1 0 0
8715 731851 1 0 1 146 0 1 0 0
8715 731869 1 0 1 150 0 1 0 0
8715 731887 1 0 1 153 0 1 0 0
8715 732045 1 0 1 189 0 1 0 0
8715 732367 1 0 1 271 0 1 0 0
8715 732461 1 0 1 292 0 1 0 0
8715 732521 1 0 1 306 0 1 0 0
8715 732665 1 0 1 345 0 1 0 0
8715 732669 1 0 1 345 0 1 0 0
8715 732702 1 0 1 352 0 1 0 0
8715 732770 1 0 1 369 0 1 0 0
8715 732793 1 0 1 376 0 1 0 0
8715 732858 1 0 1 390 0 1 0 0
8715 732990 1 0 1 430 0 1 0 0
8715 733238 1 0 1 494 0 1 0 0
8715 733392 1 0 1 535 0 1 0 0
8715 733395 1 0 1 535 0 1 0 0
8715 733514 1 0 1 569 0 1 0 0
8715 733623 1 0 1 592 0 1 0 0
8715 733850 1 0 1 646 0 1 0 0
8715 733893 1 0 1 660 0 1 0 0
8715 734344 1 0 1 762 0 1 0 0
8715 735765 1 0 1 1098 0 1 0 0
8715 735918 1 0 1 1128 0 1 0 0
8715 736804 1 0 1 1321 0 1 0 0
8715 736818 1 0 1 1325 0 1 0 0
8715 739813 1 0 1 1991 0 1 0 0
8715 740815 1 0 1 2249 0 1 0 0
8715 741192 1 0 1 2344 0 1 0 0
8715 741216 1 0 1 2347 0 1 0 0
8715 741648 1 0 1 2446 0 1 0 0
8715 742071 1 0 1 2550 0 1 0 0
8715 742374 1 0 1 2631 0 1 0 0
8715 744071 1 0 1 3030 0 1 0 0
8715 746842 1 0 1 3743 0 1 0 0
8715 748420 1 0 1 4203 0 1 0 0
97851 394850 1 0 1 372 0 1 0 0
8845 34355 0 1 1 0 115 0 1 0
8866 26381 0 1 1 0 42 0 1 0
8866 130535 0 1 1 0 355 0 1 0
8866 221277 1 0 1 4215 0 1 0 0
632263 741282 1 0 1 537 0 1 0 0
8985 75639 1 0 1 1 0 1 0 0
9035 296071 1 0 1 32 0 1 0 0
9308 485478 1 1 2 235 1286 1 1 0
9314 48008 0 1 1 0 652 0 1 0
543699 729859 0 1 1 0 128 0 1 0
9483 728444 1 0 1 774 0 1 0 0
365838 729353 0 1 1 0 14 0 1 0
276836 728965 0 1 1 0 4236 0 1 0
9756 623429 1 0 1 105 0 1 0 0
722105 723197 0 2 2 0 88 0 2 0
722105 723763 0 1 1 0 68 0 1 0
722105 723776 0 1 1 0 58 0 1 0
722105 723937 0 1 1 0 82 0 1 0
722105 723948 0 1 1 0 75 0 1 0
722105 724053 0 1 1 0 24 0 1 0
722105 724067 0 1 1 0 19 0 1 0
722105 724490 0 1 1 0 66 0 1 0
722105 725013 0 1 1 0 138 0 1 0
722105 725063 0 1 1 0 100 0 1 0
722105 725529 0 1 1 0 61 0 1 0
9808 643383 0 1 1 0 1113 0 1 0
9808 738526 0 1 1 0 2876 0 1 0
722247 723197 0 1 1 0 781 0 1 0
722247 723763 0 1 1 0 1156 0 1 0
722247 723948 0 1 1 0 143 0 1 0
9985 75275 1 0 1 478 0 1 0 0
10077 126871 1 0 1 639 0 1 0 0
10277 10304 1 0 1 25 0 1 0 0
10277 10326 1 0 1 13 0 1 0 0
10277 34697 1 0 1 37 0 1 0 0
10277 37725 1 0 1 8 0 1 0 0
10277 62704 1 0 1 11 0 1 0 0
10277 63659 1 0 1 90 0 1 0 0
10277 67942 1 0 1 36 0 1 0 0
10277 70740 1 0 1 73 0 1 0 0
10277 71130 1 0 1 55 0 1 0 0
10277 74406 1 0 1 22 0 1 0 0
10277 75458 1 0 1 41 0 1 0 0
10277 78656 1 0 1 141 0 1 0 0
10277 80464 1 0 1 277 0 1 0 0
10277 82311 1 0 1 353 0 1 0 0
10277 88239 1 0 1 64 0 1 0 0
10277 88587 1 0 1 12 0 1 0 0
10277 96942 1 0 1 270 0 1 0 0
10277 152161 1 0 1 208 0 1 0 0
10277 200015 1 0 1 134 0 1 0 0
10277 259183 1 0 1 27 0 1 0 0
10277 259359 1 0 1 196 0 1 0 0
10277 260451 1 0 1 9 0 1 0 0
10277 264647 1 0 1 303 0 1 0 0
10277 300004 1 0 1 114 0 1 0 0
10277 315742 1 0 1 214 0 1 0 0
10277 347594 1 0 1 74 0 1 0 0
10277 354857 1 0 1 339 0 1 0 0
10277 408935 1 0 1 199 0 1 0 0
10277 432577 1 0 1 114 0 1 0 0
10277 441448 1 0 1 45 0 1 0 0
10277 501437 1 0 1 68 0 1 0 0
10277 607613 1 0 1 206 0 1 0 0
10277 621282 1 0 1 228 0 1 0 0
10277 627066 1 0 1 182 0 1 0 0
10277 645468 1 0 1 200 0 1 0 0
10277 654998 1 0 1 69 0 1 0 0
10277 735629 1 0 1 97 0 1 0 0
10277 751231 1 0 1 13 0 1 0 0
10277 751242 1 0 1 16 0 1 0 0
10277 751247 1 0 1 18 0 1 0 0
10277 751268 1 0 1 25 0 1 0 0
10277 751356 1 0 1 42 0 1 0 0
10277 751417 1 0 1 57 0 1 0 0
10277 751420 1 0 1 59 0 1 0 0
10277 751424 1 0 1 60 0 1 0 0
10277 751666 1 0 1 121 0 1 0 0
10277 751687 1 0 1 131 0 1 0 0
10277 751694 1 0 1 132 0 1 0 0
10277 751774 1 0 1 153 0 1 0 0
10277 751826 1 0 1 167 0 1 0 0
10277 751892 1 0 1 180 0 1 0 0
10277 751946 1 0 1 191 0 1 0 0
10277 751980 1 0 1 199 0 1 0 0
10277 752278 1 0 1 282 0 1 0 0
10277 752307 1 0 1 290 0 1 0 0
10277 752338 1 0 1 294 0 1 0 0
10277 752433 1 0 1 315 0 1 0 0
10277 752469 1 0 1 325 0 1 0 0
10277 752542 1 0 1 349 0 1 0 0
10277 752612 1 0 1 369 0 1 0 0
10277 752624 1 0 1 371 0 1 0 0
277698 739051 0 1 1 0 913 0 1 0
545062 728885 0 1 1 0 5313 0 1 0
99888 243290 1 0 1 103 0 1 0 0
10849 206948 0 1 1 0 118 0 1 0
10849 481878 0 1 1 0 170 0 1 0
723179 726074 1 0 1 976 0 1 0 0
723197 726074 2 0 2 1751 0 2 0 0
723197 727760 1 0 1 68 0 1 0 0
10984 643383 0 1 1 0 128 0 1 0
11019 17436 0 1 1 0 563 0 1 0
100175 485478 0 1 1 0 177 0 1 0
11245 16546 0 1 1 0 144 0 1 0
278472 731778 0 1 1 0 549 0 1 0
367586 643383 0 1 1 0 895 0 1 0
723763 726074 1 0 1 943 0 1 0 0
723776 726074 1 0 1 935 0 1 0 0
723806 724527 1 0 1 142 0 1 0 0
723832 734088 1 0 1 2461 0 1 0 0
723912 729146 1 0 1 1220 0 1 0 0
723915 725675 1 0 1 391 0 1 0 0
723915 726204 1 0 1 517 0 1 0 0
723915 730347 1 0 1 1509 0 1 0 0
723915 731428 1 0 1 1791 0 1 0 0
723915 732933 1 0 1 2152 0 1 0 0
723915 735101 1 0 1 2698 0 1 0 0
723937 726074 1 0 1 857 0 1 0 0
723948 726074 1 0 1 854 0 1 0 0
11695 22718 1 0 1 67 0 1 0 0
11695 25734 1 0 1 345 0 1 0 0
11695 55101 1 0 1 93 0 1 0 0
11695 60827 1 0 1 137 0 1 0 0
11695 62336 1 0 1 179 0 1 0 0
11695 74406 1 0 1 133 0 1 0 0
11695 77329 1 0 1 332 0 1 0 0
11695 113918 1 0 1 254 0 1 0 0
11695 114451 1 0 1 23 0 1 0 0
11695 179095 1 0 1 253 0 1 0 0
11695 187477 1 0 1 60 0 1 0 0
11695 326397 1 0 1 323 0 1 0 0
11695 385795 1 0 1 278 0 1 0 0
11695 463285 1 0 1 71 0 1 0 0
11695 591237 1 0 1 61 0 1 0 0
11695 628351 1 0 1 328 0 1 0 0
11695 666895 1 0 1 2453 0 1 0 0
11695 722191 1 0 1 320 0 1 0 0
11695 736028 1 0 1 22 0 1 0 0
11695 736041 1 0 1 24 0 1 0 0
11695 736059 1 0 1 28 0 1 0 0
11695 736209 1 0 1 63 0 1 0 0
11695 736288 1 0 1 87 0 1 0 0
11695 736324 1 0 1 92 0 1 0 0
11695 737149 1 0 1 270 0 1 0 0
11695 737443 1 0 1 337 0 1 0 0
11695 737885 1 0 1 425 0 1 0 0
11695 739786 1 0 1 857 0 1 0 0
11695 740202 1 0 1 958 0 1 0 0
11695 742530 1 0 1 1544 0 1 0 0
11695 742568 1 0 1 1553 0 1 0 0
11695 750576 1 0 1 3701 0 1 0 0
189779 743926 0 1 1 0 866 0 1 0
724053 726074 1 0 1 815 0 1 0 0
724067 726074 1 0 1 812 0 1 0 0
100785 242388 0 1 1 0 86 0 1 0
189848 737956 0 1 1 0 1873 0 1 0
11792 485478 0 1 1 0 3370 0 1 0
11892 643383 0 1 1 0 1 0 1 0
11892 738526 0 1 1 0 1738 0 1 0
724306 726074 1 0 1 711 0 1 0 0
724306 746671 1 0 1 5362 0 1 0 0
11979 17528 1 0 1 628 0 1 0 0
11979 42416 1 0 1 2736 0 1 0 0
11979 42884 1 0 1 153 0 1 0 0
11979 725186 1 0 1 120 0 1 0 0
11979 735382 1 0 1 2598 0 1 0 0
368271 735821 1 0 1 46 0 1 0 0
724490 726074 1 0 1 663 0 1 0 0
724556 724969 1 0 1 98 0 1 0 0
724556 726197 1 0 1 388 0 1 0 0
724556 730764 1 0 1 1493 0 1 0 0
724556 737559 1 0 1 3094 0 1 0 0
724556 751707 1 0 1 6751 0 1 0 0
724559 734308 1 0 1 2366 0 1 0 0
101412 643383 0 1 1 0 188 0 1 0
724751 725705 1 0 1 226 0 1 0 0
724839 733055 1 0 1 1990 0 1 0 0
12516 48008 0 1 1 0 353 0 1 0
12565 86869 0 1 1 0 982 0 1 0
725010 725128 1 0 1 27 0 1 0 0
725010 725576 1 0 1 135 0 1 0 0
725013 726074 1 0 1 377 0 1 0 0
725030 725339 1 0 1 80 0 1 0 0
725030 729550 1 0 1 1068 0 1 0 0
725030 734173 1 0 1 2227 0 1 0 0
725030 741760 1 0 1 3974 0 1 0 0
725030 751258 1 0 1 6523 0 1 0 0
725063 726074 1 0 1 363 0 1 0 0
12812 725030 0 1 1 0 627 0 1 0
725193 726074 1 0 1 285 0 1 0 0
725218 726074 1 0 1 274 0 1 0 0
191024 224273 2 0 2 562 0 2 0 0
12947 48214 1 0 1 1095 0 1 0 0
13057 256662 0 1 1 0 313 0 1 0
13057 388837 0 1 1 0 37 0 1 0
13145 67615 0 1 1 0 1097 0 1 0
725529 726074 1 0 1 119 0 1 0 0
369462 485478 0 1 1 0 584 0 1 0
726180 738989 0 3 3 0 1183 0 3 0
726180 738990 0 1 1 0 118 0 1 0
726180 739500 0 1 1 0 142 0 1 0
13872 78242 1 0 1 126 0 1 0 0
13872 94662 1 0 1 870 0 1 0 0
13872 110669 1 0 1 777 0 1 0 0
13872 130890 1 0 1 1139 0 1 0 0
13872 722056 1 0 1 1187 0 1 0 0
13872 738618 1 0 1 27 0 1 0 0
14144 168413 0 1 1 0 1 0 1 0
14144 742754 0 1 1 0 1 0 1 0
14296 168413 0 1 1 0 1 0 1 0
14296 529825 0 1 1 0 1 0 1 0
14296 742754 0 1 1 0 1 0 1 0
14296 748901 0 0 1 0 0 0 0 0
459527 476354 1 0 1 66 0 1 0 0
459527 502846 0 1 1 0 88 0 1 0
459527 738656 1 0 1 91 0 1 0 0
459527 741629 1 0 1 804 0 1 0 0
459527 746496 0 1 1 0 138 0 1 0
459527 751621 1 0 1 3476 0 1 0 0
548855 745909 0 1 1 0 42 0 1 0
637937 740301 0 1 1 0 47 0 1 0
192843 736413 0 1 1 0 550 0 1 0
638063 736517 0 1 1 0 1066 0 1 0
14778 48008 0 1 1 0 908 0 1 0
727296 742948 1 0 1 3738 0 1 0 0
727340 727520 1 0 1 42 0 1 0 0
15063 736902 0 1 1 0 118 0 1 0
727446 730481 1 0 1 759 0 1 0 0
727647 741153 1 0 1 3239 0 1 0 0
104385 106278 1 0 1 2906 0 1 0 0
104385 109778 1 0 1 46 0 1 0 0
104385 724284 1 0 1 132 0 1 0 0
104385 731494 1 0 1 1868 0 1 0 0
104498 743565 0 1 1 0 2062 0 1 0
727902 734286 1 0 1 1591 0 1 0 0
727935 729146 1 0 1 304 0 1 0 0
193717 734797 0 1 1 0 1949 0 1 0
104822 481878 0 1 1 0 4192 0 1 0
461256 725834 1 0 1 130 0 1 0 0
461256 744067 1 0 1 4473 0 1 0 0
461256 750519 1 0 1 6255 0 1 0 0
105103 554202 0 1 1 0 3471 0 1 0
16078 34504 1 0 1 1383 0 1 0 0
16078 58859 1 0 1 6 0 1 0 0
105128 744982 1 0 1 196 0 1 0 0
728553 730260 1 0 1 428 0 1 0 0
728553 731103 1 0 1 648 0 1 0 0
194348 735461 0 1 1 0 203 0 1 0
728606 729644 1 0 1 260 0 1 0 0
728645 729666 1 0 1 254 0 1 0 0
728709 729146 1 0 1 107 0 1 0 0
16400 554202 0 1 1 0 1043 0 1 0
105477 481878 0 1 1 0 70 0 1 0
16546 340995 1 0 1 59 0 1 0 0
728885 738142 1 0 1 2226 0 1 0 0
728959 728960 0 1 1 0 142 0 1 0
728965 737146 1 0 1 1980 0 1 0 0
728965 742532 1 0 1 3255 0 1 0 0
728965 746163 1 0 1 4148 0 1 0 0
728965 749672 1 0 1 5363 0 1 0 0
728965 752076 1 0 1 5804 0 1 0 0
16795 728306 1 0 1 229 0 1 0 0
16795 729374 1 0 1 486 0 1 0 0
283943 329369 0 1 1 0 690 0 1 0
551134 735573 0 1 1 0 671 0 1 0
729343 729416 1 0 1 20 0 1 0 0
729343 729422 1 0 1 22 0 1 0 0
729343 729674 1 0 1 92 0 1 0 0
729343 729744 1 0 1 105 0 1 0 0
729343 730585 1 0 1 321 0 1 0 0
729343 739448 1 0 1 2395 0 1 0 0
729343 742769 1 0 1 3207 0 1 0 0
729343 748088 1 0 1 4588 0 1 0 0
640470 735400 1 0 1 41 0 1 0 0
284310 735166 0 1 1 0 37 0 1 0
729539 729733 1 1 2 53 74 1 1 0
729561 729875 1 0 1 83 0 1 0 0
729565 730951 1 0 1 357 0 1 0 0
729565 745020 1 0 1 3697 0 1 0 0
17385 48008 0 1 1 0 231 0 1 0
729721 732240 1 0 1 622 0 1 0 0
17439 313082 1 0 1 5939 0 1 0 0
284657 717887 0 1 1 0 1615 0 1 0
729935 730025 1 0 1 24 0 1 0 0
729948 741465 1 0 1 2736 0 1 0 0
729977 731799 1 0 1 454 0 1 0 0
730063 731088 1 0 1 262 0 1 0 0
730097 730797 1 0 1 179 0 1 0 0
730097 732649 1 0 1 631 0 1 0 0
730102 750830 1 0 1 5190 0 1 0 0
17807 491599 0 1 1 0 92 0 1 0
17930 729343 0 1 1 0 647 0 1 0
17957 48008 0 1 1 0 4005 0 1 0
18009 37327 1 0 1 71 0 1 0 0
18009 140707 1 0 1 49 0 1 0 0
18009 258892 1 0 1 15 0 1 0 0
18009 742733 1 0 1 236 0 1 0 0
18078 735573 0 1 1 0 34 0 1 0
730413 735573 0 1 1 0 764 0 1 0
18163 52400 1 0 1 1885 0 1 0 0
18163 241673 1 0 1 2045 0 1 0 0
18163 314107 1 0 1 2157 0 1 0 0
18163 377078 1 0 1 453 0 1 0 0
18163 562954 1 0 1 60 0 1 0 0
18163 724793 1 0 1 303 0 1 0 0
18163 745206 1 0 1 89 0 1 0 0
18163 749760 1 0 1 1349 0 1 0 0
730673 745434 1 0 1 3509 0 1 0 0
730673 745483 1 0 1 3522 0 1 0 0
730706 731279 1 0 1 145 0 1 0 0
18399 742545 0 1 1 0 90 0 1 0
18444 729748 0 1 1 0 1168 0 1 0
730835 731101 1 0 1 71 0 1 0 0
18518 27375 0 1 1 0 103 0 1 0
730945 732342 1 0 1 339 0 1 0 0
18684 268976 1 1 2 185 14 1 1 0
18684 745117 1 0 1 99 0 1 0 0
18684 746005 1 0 1 328 0 1 0 0
463943 745246 1 0 1 471 0 1 0 0
107833 743245 0 1 1 0 2146 0 1 0
285932 731307 0 1 1 0 60 0 1 0
731165 731210 1 0 1 13 0 1 0 0
731165 732764 1 0 1 385 0 1 0 0
18864 744149 0 1 1 0 54 0 1 0
286088 743565 0 1 1 0 335 0 1 0
731307 731694 1 0 1 92 0 1 0 0
731307 733246 1 0 1 474 0 1 0 0
731368 734374 1 0 1 733 0 1 0 0
731372 739507 1 0 1 1881 0 1 0 0
19185 745639 0 1 1 0 293 0 1 0
464423 686166 0 1 1 0 189 0 1 0
731608 731927 1 0 1 71 0 1 0 0
731608 732059 1 0 1 103 0 1 0 0
731608 748123 1 0 1 4023 0 1 0 0
731790 731807 2 0 2 9 0 2 0 0
731790 731855 1 0 1 14 0 1 0 0
731790 731931 1 0 1 30 0 1 0 0
731790 731933 1 0 1 31 0 1 0 0
731790 731961 1 0 1 36 0 1 0 0
731790 732200 1 0 1 92 0 1 0 0
731790 732237 1 0 1 102 0 1 0 0
731790 732276 1 0 1 114 0 1 0 0
731790 732324 1 0 1 128 0 1 0 0
731790 732484 1 0 1 163 0 1 0 0
731790 732645 1 0 1 208 0 1 0 0
731790 733551 2 0 2 924 0 2 0 0
731790 734314 1 0 1 624 0 1 0 0
731790 734649 2 0 2 831 0 2 0 0
731790 736601 1 0 1 1150 0 1 0 0
731790 736697 2 0 2 4979 0 2 0 0
731790 737758 1 0 1 1389 0 1 0 0
731790 738001 1 0 1 1451 0 1 0 0
731790 741060 1 0 1 2180 0 1 0 0
731790 743443 1 0 1 2734 0 1 0 0
731790 744416 1 0 1 3876 0 1 0 0
731790 747050 2 0 2 3835 0 2 0 0
731790 747765 1 0 1 122 0 1 0 0
731790 749034 1 0 1 4233 0 1 0 0
731790 750068 1 0 1 788 0 1 0 0
731790 750513 1 0 1 4678 0 1 0 0
731790 751348 1 0 1 1153 0 1 0 0
731790 752091 2 0 2 6435 0 2 0 0
731790 752431 1 0 1 5182 0 1 0 0
108607 350239 0 1 1 0 176 0 1 0
286724 487978 0 1 1 0 74 0 1 0
731936 732190 1 0 1 58 0 1 0 0
108764 728965 0 1 1 0 3133 0 1 0
732106 738158 1 0 1 1422 0 1 0 0
197867 354679 0 1 1 0 1073 0 1 0
732249 739230 1 0 1 1513 0 1 0 0
732272 742068 1 0 1 2302 0 1 0 0
554202 580987 1 0 1 363 0 1 0 0
554202 674739 1 0 1 3320 0 1 0 0
554202 734033 1 0 1 9 0 1 0 0
554202 734125 1 0 1 33 0 1 0 0
554202 734624 1 0 1 160 0 1 0 0
554202 737132 1 0 1 713 0 1 0 0
554202 741239 1 0 1 1670 0 1 0 0
554202 743235 1 0 1 2141 0 1 0 0
554202 744681 1 0 1 2505 0 1 0 0
554202 748342 1 0 1 3500 0 1 0 0
732341 746755 1 0 1 3451 0 1 0 0
732341 746757 1 0 1 3451 0 1 0 0
20061 48008 0 1 1 0 219 0 1 0
643383 648296 1 0 1 44 0 1 0 0
643383 666935 1 0 1 281 0 1 0 0
643383 746281 1 0 1 206 0 1 0 0
643383 746673 1 0 1 311 0 1 0 0
643383 747698 1 0 1 605 0 1 0 0
643383 749247 1 0 1 1044 0 1 0 0
20111 277857 1 0 1 293 0 1 0 0
20111 436148 1 0 1 314 0 1 0 0
20111 732552 1 0 1 282 0 1 0 0
20196 741448 0 1 1 0 34 0 1 0
732581 743565 0 1 1 0 964 0 1 0
287410 736517 0 1 1 0 2637 0 1 0
465538 729768 0 1 1 0 1944 0 1 0
20439 481878 0 1 1 0 91 0 1 0
732928 733118 1 0 1 49 0 1 0 0
732928 734082 1 0 1 294 0 1 0 0
732941 732984 1 0 1 14 0 1 0 0
732941 733232 1 0 1 78 0 1 0 0
732941 734154 1 0 1 308 0 1 0 0
732941 734614 1 0 1 423 0 1 0 0
732941 735409 1 0 1 613 0 1 0 0
732941 735674 1 0 1 668 0 1 0 0
732941 735834 1 0 1 698 0 1 0 0
732941 736011 1 0 1 732 0 1 0 0
732941 736599 1 0 1 868 0 1 0 0
732941 737600 1 0 1 1076 0 1 0 0
732941 737904 1 0 1 1146 0 1 0 0
732941 738509 1 0 1 1279 0 1 0 0
732941 739085 1 0 1 1406 0 1 0 0
732941 739698 1 0 1 1553 0 1 0 0
732941 740384 1 0 1 1711 0 1 0 0
732941 740810 1 0 1 1833 0 1 0 0
732941 740900 1 0 1 1855 0 1 0 0
732941 743871 1 0 1 2567 0 1 0 0
732941 748408 1 0 1 3786 0 1 0 0
732941 748857 1 0 1 3905 0 1 0 0
732941 749934 1 0 1 4221 0 1 0 0
732941 750704 1 0 1 4449 0 1 0 0
733156 742766 1 0 1 2253 0 1 0 0
466077 554202 0 1 1 0 401 0 1 0
733204 741650 1 0 1 1788 0 1 0 0
733204 744006 1 0 1 2357 0 1 0 0
733280 746795 1 0 1 3373 0 1 0 0
110048 574069 0 1 1 0 56 0 1 0
733355 742830 1 0 1 2209 0 1 0 0
466354 735573 0 1 1 0 577 0 1 0
110217 487978 0 1 1 0 300 0 1 0
733569 733726 1 0 1 39 0 1 0 0
733756 739183 0 1 1 0 933 0 1 0
644768 735573 0 1 1 0 4205 0 1 0
734053 738860 1 0 1 1085 0 1 0 0
734053 741938 1 0 1 35 0 1 0 0
734053 744686 1 0 1 2492 0 1 0 0
734053 750023 1 0 1 3969 0 1 0 0
734177 734727 1 0 1 141 0 1 0 0
734177 736643 1 0 1 562 0 1 0 0
734177 736775 1 0 1 587 0 1 0 0
467108 746085 1 0 1 2349 0 1 0 0
199991 642711 1 0 1 296 0 1 0 0
21972 21973 0 1 1 0 885 0 1 0
21973 22416 1 0 1 1023 0 1 0 0
21973 22510 1 0 1 915 0 1 0 0
21973 38470 1 0 1 647 0 1 0 0
21973 48162 1 0 1 576 0 1 0 0
22067 731790 0 1 1 0 1885 0 1 0
734516 735810 1 0 1 301 0 1 0 0
734516 741399 1 0 1 1591 0 1 0 0
734724 734867 1 0 1 37 0 1 0 0
734797 738322 1 0 1 760 0 1 0 0
734803 735415 1 0 1 137 0 1 0 0
734827 735054 1 0 1 55 0 1 0 0
22558 485478 0 1 1 0 1647 0 1 0
734937 751117 1 0 1 4061 0 1 0 0
735006 735322 1 0 1 74 0 1 0 0
735094 738064 1 0 1 645 0 1 0 0
735166 735605 1 0 1 92 0 1 0 0
735166 735614 1 0 1 96 0 1 0 0
735166 735659 1 0 1 104 0 1 0 0
735166 735870 1 0 1 145 0 1 0 0
468097 738432 1 0 1 80 0 1 0 0
735237 735427 1 0 1 41 0 1 0 0
557189 560808 1 0 1 218 0 1 0 0
735277 745214 1 0 1 2321 0 1 0 0
735398 735725 1 0 1 68 0 1 0 0
735398 735924 1 0 1 106 0 1 0 0
735398 736510 2 0 2 448 0 2 0 0
735398 736746 2 0 2 731 0 2 0 0
735398 736925 1 0 1 327 0 1 0 0
735398 736986 1 0 1 341 0 1 0 0
735398 736994 1 0 1 428 0 1 0 0
735398 737109 1 0 1 367 0 1 0 0
735398 743235 1 0 1 2064 0 1 0 0
735398 749310 1 0 1 43 0 1 0 0
735398 749404 1 0 1 3447 0 1 0 0
735398 749452 1 0 1 87 0 1 0 0
735398 749540 1 0 1 108 0 1 0 0
735398 749710 2 0 2 3775 0 2 0 0
735399 741134 1 0 1 1308 0 1 0 0
735399 744915 1 0 1 2224 0 1 0 0
735461 736065 1 0 1 120 0 1 0 0
735461 736268 1 0 1 168 0 1 0 0
735461 743728 1 0 1 1905 0 1 0 0
735463 747017 1 0 1 2757 0 1 0 0
735463 749488 1 0 1 3459 0 1 0 0
735477 737042 1 0 1 336 0 1 0 0
735477 737959 1 0 1 533 0 1 0 0
735477 738031 1 0 1 549 0 1 0 0
735477 742581 1 0 1 1643 0 1 0 0
735477 743003 1 0 1 1724 0 1 0 0
735520 735647 1 0 1 23 0 1 0 0
735520 735939 1 0 1 82 0 1 0 0
735573 735629 1 0 1 12 0 1 0 0
735573 735693 1 0 1 26 0 1 0 0
735573 735743 1 0 1 35 0 1 0 0
735573 735914 1 0 1 67 0 1 0 0
735573 735997 1 0 1 83 0 1 0 0
735573 736050 1 0 1 94 0 1 0 0
735573 736053 1 0 1 95 0 1 0 0
735573 736135 1 0 1 115 0 1 0 0
735573 736198 1 0 1 131 0 1 0 0
735573 736215 1 0 1 132 0 1 0 0
735573 736264 1 0 1 144 0 1 0 0
735573 736477 1 0 1 199 0 1 0 0
735573 736663 1 0 1 233 0 1 0 0
735573 736777 1 0 1 255 0 1 0 0
735573 736833 1 0 1 268 0 1 0 0
735573 736881 1 0 1 280 0 1 0 0
735573 736890 1 0 1 282 0 1 0 0
735573 736979 1 0 1 304 0 1 0 0
735573 736984 1 0 1 305 0 1 0 0
735573 737051 1 0 1 319 0 1 0 0
735573 737194 1 0 1 345 0 1 0 0
735573 737497 1 0 1 411 0 1 0 0
735573 737565 1 0 1 423 0 1 0 0
735573 737634 1 0 1 436 0 1 0 0
735573 737731 1 0 1 457 0 1 0 0
735573 737943 1 0 1 511 0 1 0 0
735573 738167 1 0 1 570 0 1 0 0
735573 738419 1 0 1 610 0 1 0 0
735573 739145 1 0 1 771 0 1 0 0
735573 739153 1 0 1 773 0 1 0 0
735573 740403 1 0 1 1069 0 1 0 0
735573 741162 1 0 1 1277 0 1 0 0
735573 741341 1 0 1 1316 0 1 0 0
735573 741658 1 0 1 1389 0 1 0 0
735573 741662 1 0 1 1390 0 1 0 0
735573 745115 1 0 1 2233 0 1 0 0
735573 745979 1 0 1 2459 0 1 0 0
735573 746269 1 0 1 2531 0 1 0 0
735573 750075 1 0 1 3618 0 1 0 0
735573 750795 1 0 1 3832 0 1 0 0
735573 751550 1 0 1 4037 0 1 0 0
735579 735812 1 0 1 47 0 1 0 0
735579 736812 1 0 1 263 0 1 0 0
735579 741930 1 0 1 1461 0 1 0 0
735579 750132 1 0 1 3629 0 1 0 0
468488 718679 0 1 1 0 306 0 1 0
557658 589761 0 1 1 0 139 0 1 0
735763 738843 1 0 1 677 0 1 0 0
735763 738909 1 0 1 692 0 1 0 0
735941 736019 1 0 1 14 0 1 0 0
736018 740150 1 0 1 926 0 1 0 0
23772 223706 0 1 1 0 2894 0 1 0
736116 737711 1 0 1 341 0 1 0 0
112896 736657 1 0 1 47 0 1 0 0
736195 738936 1 0 1 602 0 1 0 0
736283 736597 1 0 1 73 0 1 0 0
736322 743171 1 0 1 1584 0 1 0 0
113065 485478 0 1 1 0 1444 0 1 0
24080 746967 2 0 2 500 0 2 0 0
24080 749354 1 0 1 898 0 1 0 0
736419 745039 1 0 1 2029 0 1 0 0
24206 206948 0 1 1 0 1039 0 1 0
736591 736894 1 0 1 63 0 1 0 0
736591 737279 1 0 1 150 0 1 0 0
736596 751634 1 0 1 3834 0 1 0 0
24393 55101 1 0 1 36 0 1 0 0
24393 110369 1 0 1 108 0 1 0 0
24393 158604 1 0 1 23 0 1 0 0
24393 172147 1 0 1 68 0 1 0 0
24393 388876 1 0 1 50 0 1 0 0
24393 451831 1 0 1 110 0 1 0 0
24393 566342 1 0 1 1378 0 1 0 0
24393 674401 1 0 1 58 0 1 0 0
24393 733521 1 0 1 257 0 1 0 0
24393 734134 1 0 1 405 0 1 0 0
380664 686166 0 1 1 0 6453 0 1 0
736836 744509 1 0 1 1813 0 1 0 0
736836 748142 1 0 1 2789 0 1 0 0
647888 737978 0 1 1 0 53 0 1 0
737024 737025 0 1 1 0 177 0 1 0
24711 27626 1 0 1 210 0 1 0 0
737074 737807 1 0 1 150 0 1 0 0
737074 746548 1 0 1 2279 0 1 0 0
737483 737895 1 0 1 89 0 1 0 0
292463 292600 0 1 1 0 87 0 1 0
737671 739500 0 15 15 0 27478 0 15 0
737692 750549 1 0 1 3315 0 1 0 0
737733 737795 1 0 1 14 0 1 0 0
737733 737893 1 0 1 39 0 1 0 0
737733 738007 1 0 1 69 0 1 0 0
737733 738090 1 0 1 91 0 1 0 0
737733 738100 1 0 1 95 0 1 0 0
737733 739405 1 0 1 36 0 1 0 0
737733 740717 1 0 1 367 0 1 0 0
737733 741199 1 0 1 488 0 1 0 0
737733 741203 1 0 1 489 0 1 0 0
737733 741686 1 0 1 599 0 1 0 0
737733 741698 1 0 1 601 0 1 0 0
292600 747390 1 0 1 6 0 1 0 0
114656 735520 0 1 1 0 141 0 1 0
737978 738185 1 0 1 53 0 1 0 0
737978 738189 1 0 1 53 0 1 0 0
737978 738197 1 0 1 53 0 1 0 0
737978 738203 1 0 1 53 0 1 0 0
737978 738211 1 0 1 53 0 1 0 0
737978 738225 1 0 1 53 0 1 0 0
737978 738227 1 0 1 53 0 1 0 0
737994 739568 1 0 1 351 0 1 0 0
737994 740120 1 0 1 482 0 1 0 0
737994 741310 1 0 1 788 0 1 0 0
25728 731790 0 1 1 0 859 0 1 0
25951 623429 1 0 1 176 0 1 0 0
26057 730124 1 0 1 103 0 1 0 0
26057 730723 1 0 1 258 0 1 0 0
26112 58299 2 0 2 161 0 2 0 0
26112 58455 1 0 1 73 0 1 0 0
26112 745220 1 0 1 205 0 1 0 0
26121 735166 0 1 1 0 90 0 1 0
649455 750659 1 0 1 1365 0 1 0 0
738528 745220 1 0 1 1625 0 1 0 0
26225 727850 0 1 1 0 182 0 1 0
26381 47338 1 0 1 2506 0 1 0 0
26381 55649 1 0 1 4255 0 1 0 0
26381 90952 1 0 1 610 0 1 0 0
26381 490283 1 0 1 2214 0 1 0 0
738761 742063 1 0 1 796 0 1 0 0
204620 741736 0 1 1 0 27 0 1 0
204663 735573 0 1 1 0 22 0 1 0
738973 749192 0 1 1 0 2427 0 1 0
26790 311766 0 1 1 0 22 0 1 0
26857 736983 0 1 1 0 80 0 1 0
26941 246181 1 0 1 62 0 1 0 0
116027 146759 1 0 1 140 0 1 0 0
116027 164886 1 0 1 183 0 1 0 0
116027 165483 1 0 1 205 0 1 0 0
116027 180331 1 0 1 2142 0 1 0 0
116027 198844 1 0 1 792 0 1 0 0
116027 362092 1 0 1 685 0 1 0 0
116027 593107 1 0 1 103 0 1 0 0
116027 655132 1 0 1 316 0 1 0 0
116027 668773 1 0 1 663 0 1 0 0
116027 740407 1 0 1 34 0 1 0 0
116027 740445 1 0 1 45 0 1 0 0
116027 740524 1 0 1 71 0 1 0 0
116027 740623 1 0 1 97 0 1 0 0
116027 747869 1 0 1 1943 0 1 0 0
472202 543699 0 1 1 0 13 0 1 0
739470 743060 1 0 1 862 0 1 0 0
27293 130535 0 1 1 0 815 0 1 0
116336 732941 0 1 1 0 791 0 1 0
739628 740172 1 0 1 130 0 1 0 0
739676 740026 1 0 1 85 0 1 0 0
739677 740756 1 0 1 270 0 1 0 0
739677 743196 1 0 1 846 0 1 0 0
27375 127346 1 0 1 1266 0 1 0 0
27375 752262 1 0 1 2673 0 1 0 0
116457 172778 0 1 1 0 94 0 1 0
116493 735181 1 0 1 59 0 1 0 0
116493 736155 1 0 1 264 0 1 0 0
27512 224273 1 0 1 2019 0 1 0 0
739858 741108 1 0 1 327 0 1 0 0
739879 740190 1 0 1 78 0 1 0 0
472772 744386 0 1 1 0 1870 0 1 0
116755 633301 1 0 1 40 0 1 0 0
116755 731039 1 0 1 294 0 1 0 0
740100 742995 1 0 1 701 0 1 0 0
116873 725070 0 1 1 0 3204 0 1 0
740301 748294 1 0 1 2063 0 1 0 0
740317 752535 1 0 1 3240 0 1 0 0
740405 750017 1 0 1 2530 0 1 0 0
28100 677119 0 1 1 0 1145 0 1 0
740438 746602 1 0 1 1608 0 1 0 0
740456 742223 1 0 1 443 0 1 0 0
740470 741070 1 0 1 166 0 1 0 0
740809 745506 1 0 1 1139 0 1 0 0
740809 749946 1 0 1 764 0 1 0 0
206585 723915 0 1 1 0 1530 0 1 0
28756 485478 0 1 1 0 329 0 1 0
206948 736554 1 0 1 289 0 1 0 0
206948 738713 1 0 1 758 0 1 0 0
206948 750877 1 0 1 3931 0 1 0 0
741196 744015 1 0 1 670 0 1 0 0
385287 743926 0 1 1 0 23 0 1 0
741469 742227 1 0 1 180 0 1 0 0
118290 738528 0 1 1 0 95 0 1 0
741690 744848 1 0 1 773 0 1 0 0
29383 62422 1 0 1 1322 0 1 0 0
118955 643383 0 1 1 0 482 0 1 0
208024 743565 0 1 1 0 743 0 1 0
386227 745375 1 0 1 118 0 1 0 0
386241 406456 2 0 2 2347 0 2 0 0
386241 669566 2 0 2 7296 0 2 0 0
386241 741364 1 0 1 47 0 1 0 0
742415 742448 1 0 1 11 0 1 0 0
742545 744119 1 0 1 366 0 1 0 0
742545 752298 1 0 1 2612 0 1 0 0
30262 481878 0 1 1 0 649 0 1 0
386510 735573 0 1 1 0 45 0 1 0
742819 743028 1 0 1 38 0 1 0 0
30567 48008 0 1 1 0 553 0 1 0
119682 481878 0 1 1 0 1272 0 1 0
743144 743310 1 0 1 46 0 1 0 0
743397 748306 1 0 1 1007 0 1 0 0
743397 748730 1 0 1 1120 0 1 0 0
743397 750739 1 0 1 2015 0 1 0 0
743485 744391 1 0 1 236 0 1 0 0
743485 744393 1 0 1 236 0 1 0 0
743485 744637 1 0 1 304 0 1 0 0
743485 744902 1 0 1 369 0 1 0 0
209262 746232 0 1 1 0 175 0 1 0
743565 743627 1 0 1 15 0 1 0 0
743565 745692 1 0 1 543 0 1 0 0
743565 745882 1 0 1 595 0 1 0 0
743565 746043 1 0 1 636 0 1 0 0
743565 746156 1 0 1 665 0 1 0 0
743565 746268 1 0 1 695 0 1 0 0
743565 747021 1 0 1 904 0 1 0 0
743565 747257 1 0 1 971 0 1 0 0
743565 750929 1 0 1 2033 0 1 0 0
743565 751017 1 0 1 2056 0 1 0 0
743565 751316 1 0 1 2139 0 1 0 0
743565 751867 1 0 1 2280 0 1 0 0
743565 752558 1 0 1 2458 0 1 0 0
743623 744098 1 0 1 128 0 1 0 0
743915 745986 1 0 1 524 0 1 0 0
743926 744341 1 0 1 101 0 1 0 0
743926 745163 1 0 1 308 0 1 0 0
743926 745198 1 0 1 317 0 1 0 0
743926 750682 1 0 1 1856 0 1 0 0
743926 751924 1 0 1 2189 0 1 0 0
743988 750554 1 0 1 1818 0 1 0 0
31722 48008 0 1 1 0 116 0 1 0
31722 717887 0 1 1 0 410 0 1 0
744066 749449 1 0 1 1458 0 1 0 0
744122 744301 1 0 1 42 0 1 0 0
744149 744411 1 0 1 68 0 1 0 0
744149 744459 1 0 1 84 0 1 0 0
744149 745562 1 0 1 347 0 1 0 0
744149 746985 1 0 1 740 0 1 0 0
744149 750413 1 0 1 1738 0 1 0 0
655276 717887 0 1 1 0 97 0 1 0
744358 745041 1 0 1 108 0 1 0 0
744361 746584 1 0 1 570 0 1 0 0
744386 745593 1 0 1 298 0 1 0 0
744567 745149 0 1 1 0 72 0 1 0
744567 747628 2 0 2 1419 0 1.5 0 0
744567 749794 1 0 1 1427 0 1 0 0
32344 48008 0 1 1 0 105 0 1 0
299470 510240 0 1 1 0 257 0 1 0
744823 747511 1 0 1 725 0 1 0 0
745019 745283 0 1 1 0 460 0 1 0
745019 746515 0 1 1 0 32 0 1 0
477938 481878 0 1 1 0 920 0 1 0
745089 746727 1 0 1 421 0 1 0 0
745149 745999 1 0 1 220 0 1 0 0
745149 747628 1 0 1 671 0 0.5 0 0
656326 666989 1 0 1 283 0 1 0 0
745575 751751 1 0 1 1749 0 1 0 0
745628 748874 1 0 1 868 0 1 0 0
745639 745850 1 0 1 58 0 1 0 0
389510 731790 0 2 2 0 4835 0 2 0
33811 199991 0 1 1 0 472 0 1 0
746206 746207 0 1 1 0 512 0 1 0
746233 746602 1 0 1 97 0 1 0 0
479283 485478 0 1 1 0 3069 0 1 0
212316 735573 0 1 1 0 61 0 1 0
34355 78266 1 0 1 146 0 1 0 0
34355 91916 1 0 1 336 0 1 0 0
34355 119468 1 0 1 247 0 1 0 0
34355 151821 1 0 1 1115 0 1 0 0
34355 172219 1 0 1 111 0 1 0 0
34355 462084 1 0 1 51 0 1 0 0
34355 515469 1 0 1 3084 0 1 0 0
34355 670117 1 0 1 240 0 1 0 0
34355 688430 1 0 1 1606 0 1 0 0
34355 729788 1 0 1 1439 0 1 0 0
34355 730116 1 0 1 10 0 1 0 0
34355 730118 1 0 1 10 0 1 0 0
34355 730134 1 0 1 13 0 1 0 0
34355 730361 1 0 1 68 0 1 0 0
34355 730670 1 0 1 154 0 1 0 0
34355 730953 1 0 1 226 0 1 0 0
34355 731058 1 0 1 255 0 1 0 0
34355 731155 1 0 1 278 0 1 0 0
34355 731385 1 0 1 338 0 1 0 0
34355 732078 1 0 1 494 0 1 0 0
34355 733697 1 0 1 905 0 1 0 0
34355 734626 1 0 1 1138 0 1 0 0
34355 738115 1 0 1 1914 0 1 0 0
34355 742175 1 0 1 2871 0 1 0 0
34355 743255 1 0 1 3125 0 1 0 0
34411 746914 1 0 1 27 0 1 0 0
746914 747490 1 0 1 170 0 1 0 0
747023 747087 1 0 1 17 0 1 0 0
124017 311462 1 0 1 40 0 1 0 0
124017 335489 1 0 1 313 0 1 0 0
747452 747597 1 0 1 40 0 1 0 0
302260 744149 0 1 1 0 104 0 1 0
747594 748733 1 0 1 317 0 1 0 0
213350 281958 1 0 1 205 0 1 0 0
391506 485478 0 1 1 0 440 0 1 0
391660 734325 1 0 1 311 0 1 0 0
480704 529825 0 1 1 0 185 0 1 0
480704 742754 0 1 1 0 51 0 1 0
480704 748901 0 1 1 0 184 0 1 0
35686 48008 0 1 1 0 2342 0 1 0
748021 748046 1 0 1 7 0 1 0 0
748021 751490 1 0 1 992 0 1 0 0
748132 748189 1 0 1 17 0 1 0 0
748132 748360 1 0 1 70 0 1 0 0
748332 749341 1 0 1 274 0 1 0 0
748416 748598 1 0 1 45 0 1 0 0
36112 172778 0 1 1 0 207 0 1 0
125378 738618 0 1 1 0 820 0 1 0
125378 743185 0 1 1 0 9 0 1 0
748719 749098 1 0 1 106 0 1 0 0
748719 750860 1 0 1 628 0 1 0 0
748741 748830 1 0 1 23 0 1 0 0
36507 43527 1 0 1 25 0 1 0 0
36507 192829 1 0 1 131 0 1 0 0
36592 557189 0 1 1 0 193 0 1 0
392784 729091 1 0 1 51 0 1 0 0
481878 533395 1 0 1 606 0 1 0 0
481878 571085 1 0 1 782 0 1 0 0
481878 621282 1 0 1 131 0 1 0 0
481878 681532 1 0 1 287 0 1 0 0
481878 726293 1 0 1 59 0 1 0 0
481878 729562 1 0 1 53 0 1 0 0
481878 731039 1 0 1 1048 0 1 0 0
481878 734955 1 0 1 6 0 1 0 0
481878 734979 1 0 1 12 0 1 0 0
481878 735003 1 0 1 16 0 1 0 0
481878 735020 1 0 1 22 0 1 0 0
481878 735024 1 0 1 25 0 1 0 0
481878 735077 1 0 1 36 0 1 0 0
481878 735111 1 0 1 42 0 1 0 0
481878 735120 1 0 1 43 0 1 0 0
481878 735185 1 0 1 57 0 1 0 0
481878 735300 1 0 1 87 0 1 0 0
481878 735318 1 0 1 90 0 1 0 0
481878 735380 1 0 1 101 0 1 0 0
481878 735390 1 0 1 103 0 1 0 0
481878 735730 1 0 1 173 0 1 0 0
481878 735749 1 0 1 177 0 1 0 0
481878 735870 1 0 1 202 0 1 0 0
481878 735908 1 0 1 206 0 1 0 0
481878 736006 1 0 1 225 0 1 0 0
481878 736081 1 0 1 241 0 1 0 0
481878 736369 1 0 1 312 0 1 0 0
481878 736477 1 0 1 383 0 1 0 0
481878 737234 1 0 1 500 0 1 0 0
481878 737852 1 0 1 627 0 1 0 0
481878 742450 1 0 1 1732 0 1 0 0
481878 752538 1 0 1 4429 0 1 0 0
214800 227034 0 1 1 0 394 0 1 0
36947 252316 0 1 1 0 10 0 1 0
126026 738576 1 0 1 19 0 1 0 0
749496 751150 1 0 1 492 0 1 0 0
126221 735579 0 1 1 0 2556 0 1 0
571485 737978 0 1 1 0 53 0 1 0
37353 130535 0 1 1 0 2242 0 1 0
482896 731790 0 1 1 0 378 0 1 0
37725 735399 0 1 1 0 2304 0 1 0
37738 735573 0 1 1 0 563 0 1 0
215960 735142 0 1 1 0 2978 0 1 0
126994 316574 0 1 1 0 687 0 1 0
483345 508071 1 0 1 134 0 1 0 0
38155 57008 0 1 1 0 97 0 1 0
216241 740809 0 2 2 0 505 0 2 0
750575 750666 1 0 1 23 0 1 0 0
750587 751855 1 0 1 343 0 1 0 0
216454 216823 1 0 1 448 0 1 0 0
216546 739944 1 0 1 300 0 1 0 0
751028 752616 1 0 1 416 0 1 0 0
573006 744122 0 1 1 0 171 0 1 0
305906 481878 0 1 1 0 1923 0 1 0
38809 61200 1 0 1 282 0 1 0 0
38809 726074 1 0 1 168 0 1 0 0
662170 737978 0 1 1 0 53 0 1 0
751429 751552 1 0 1 35 0 1 0 0
39200 44672 0 1 1 0 22 0 1 0
751552 752571 0 1 1 0 26 0 1 0
306441 742187 0 1 1 0 421 0 1 0
39345 199319 1 0 1 113 0 1 0 0
39345 731896 1 0 1 628 0 1 0 0
573669 742545 0 1 1 0 2676 0 1 0
39494 67615 0 1 1 0 1146 0 1 0
39563 399069 0 1 1 0 45 0 1 0
39563 738528 0 1 1 0 151 0 1 0
662912 737978 0 1 1 0 53 0 1 0
662921 737978 0 1 1 0 53 0 1 0
306921 723915 0 1 1 0 59 0 1 0
485033 735573 0 1 1 0 43 0 1 0
129268 717887 0 1 1 0 96 0 1 0
485478 740732 0 1 1 0 32 0 1 0
485478 741905 1 0 1 498 0 1 0 0
485478 743802 1 0 1 944 0 1 0 0
485478 750274 1 0 1 2714 0 1 0 0
485478 751644 1 0 1 3100 0 1 0 0
485478 751836 1 0 1 3153 0 1 0 0
485478 752089 1 0 1 3206 0 1 0 0
396669 743397 0 1 1 0 1270 0 1 0
40876 750281 0 1 1 0 228 0 1 0
219116 554202 0 1 1 0 3042 0 1 0
130535 224273 1 0 1 1717 0 1 0 0
130535 330191 1 0 1 68 0 1 0 0
130535 471112 1 0 1 652 0 1 0 0
130535 734472 1 0 1 78 0 1 0 0
130535 739021 1 0 1 1090 0 1 0 0
130535 741235 1 0 1 1633 0 1 0 0
130535 744895 1 0 1 2525 0 1 0 0
130535 746436 1 0 1 2916 0 1 0 0
130766 188523 1 0 1 54 0 1 0 0
41751 724929 0 1 1 0 33 0 1 0
487102 742298 1 0 1 606 0 1 0 0
131000 746232 0 1 1 0 773 0 1 0
220101 426233 0 1 1 0 328 0 1 0
220101 677119 0 1 1 0 15 0 1 0
665553 743565 0 1 1 0 2124 0 1 0
220355 731790 0 1 1 0 1978 0 1 0
42505 85365 1 0 1 493 0 1 0 0
309863 707239 0 1 1 0 5354 0 1 0
487978 721930 1 0 1 292 0 1 0 0
487978 724769 1 0 1 34 0 1 0 0
487978 724843 1 0 1 51 0 1 0 0
487978 724985 1 0 1 86 0 1 0 0
487978 725410 1 0 1 194 0 1 0 0
487978 725412 1 0 1 194 0 1 0 0
487978 725414 1 0 1 194 0 1 0 0
487978 725416 1 0 1 194 0 1 0 0
487978 725418 1 0 1 194 0 1 0 0
487978 725420 1 0 1 194 0 1 0 0
487978 725422 1 0 1 194 0 1 0 0
487978 727037 1 0 1 551 0 1 0 0
42939 220742 1 0 1 112 0 1 0 0
577335 582486 0 1 1 0 1848 0 1 0
43305 130766 0 1 1 0 3340 0 1 0
43640 717887 0 1 1 0 161 0 1 0
666935 738526 0 1 1 0 2009 0 1 0
43809 130766 0 1 1 0 39 0 1 0
133449 643383 0 1 1 0 72 0 1 0
44968 48008 0 1 1 0 98 0 1 0
490358 746073 0 1 1 0 161 0 1 0
223706 741772 1 0 1 1609 0 1 0 0
401882 554202 0 1 1 0 38 0 1 0
224519 609787 0 1 1 0 474 0 1 0
669760 746732 1 0 1 16 0 1 0 0
224633 744386 0 1 1 0 1903 0 1 0
46690 57972 1 0 1 224 0 1 0 0
46690 450026 1 0 1 62 0 1 0 0
669987 735573 0 1 1 0 393 0 1 0
135748 461256 0 1 1 0 6767 0 1 0
46781 48245 0 1 1 0 1628 0 1 0
46854 252669 0 1 1 0 16 0 1 0
492603 735477 0 1 1 0 2815 0 1 0
225750 241279 2 0 2 44 0 2 0 0
314984 723915 0 1 1 0 1372 0 1 0
48008 48902 1 0 1 199 0 1 0 0
48008 51908 1 0 1 85 0 1 0 0
48008 66105 1 0 1 293 0 1 0 0
48008 66369 1 0 1 810 0 1 0 0
48008 66905 1 0 1 759 0 1 0 0
48008 73345 1 0 1 2315 0 1 0 0
48008 74062 1 0 1 50 0 1 0 0
48008 81621 1 0 1 198 0 1 0 0
48008 86771 1 0 1 75 0 1 0 0
48008 91612 1 0 1 51 0 1 0 0
48008 101410 1 0 1 2214 0 1 0 0
48008 102915 1 0 1 30 0 1 0 0
48008 105477 1 0 1 626 0 1 0 0
48008 110669 1 0 1 1121 0 1 0 0
48008 121936 1 0 1 526 0 1 0 0
48008 130192 1 0 1 213 0 1 0 0
48008 134730 1 0 1 219 0 1 0 0
48008 156948 1 0 1 3515 0 1 0 0
48008 156968 1 0 1 600 0 1 0 0
48008 159014 1 0 1 2453 0 1 0 0
48008 172969 1 0 1 88 0 1 0 0
48008 175112 1 0 1 128 0 1 0 0
48008 184096 1 0 1 810 0 1 0 0
48008 197979 1 0 1 135 0 1 0 0
48008 209389 1 0 1 2727 0 1 0 0
48008 215221 1 0 1 872 0 1 0 0
48008 263543 1 0 1 425 0 1 0 0
48008 266460 1 0 1 1414 0 1 0 0
48008 279695 1 0 1 58 0 1 0 0
48008 284657 1 0 1 117 0 1 0 0
48008 333231 1 0 1 91 0 1 0 0
48008 348429 1 0 1 672 0 1 0 0
48008 348590 1 0 1 234 0 1 0 0
48008 371467 1 0 1 196 0 1 0 0
48008 378042 1 0 1 352 0 1 0 0
48008 414884 1 0 1 225 0 1 0 0
48008 450529 1 0 1 915 0 1 0 0
48008 459304 1 0 1 310 0 1 0 0
48008 467657 1 0 1 266 0 1 0 0
48008 482325 1 0 1 17 0 1 0 0
48008 492717 1 0 1 263 0 1 0 0
48008 495428 1 0 1 490 0 1 0 0
48008 534835 1 0 1 328 0 1 0 0
48008 551134 1 0 1 565 0 1 0 0
48008 573093 1 0 1 1671 0 1 0 0
48008 594342 1 0 1 167 0 1 0 0
48008 594942 1 0 1 916 0 1 0 0
48008 604857 1 0 1 106 0 1 0 0
48008 606950 1 0 1 206 0 1 0 0
48008 618519 1 0 1 2798 0 1 0 0
48008 655925 1 0 1 216 0 1 0 0
48008 661384 1 0 1 3250 0 1 0 0
48008 672594 1 0 1 430 0 1 0 0
48008 672889 1 0 1 3129 0 1 0 0
48008 673272 1 0 1 810 0 1 0 0
48008 694638 1 0 1 307 0 1 0 0
48008 697640 1 0 1 58 0 1 0 0
48008 710288 1 0 1 3010 0 1 0 0
48008 735120 1 0 1 165 0 1 0 0
48008 736281 1 0 1 37 0 1 0 0
48008 736392 1 0 1 65 0 1 0 0
48008 736432 1 0 1 77 0 1 0 0
48008 736452 1 0 1 79 0 1 0 0
48008 736512 1 0 1 93 0 1 0 0
48008 736545 1 0 1 100 0 1 0 0
48008 736683 1 0 1 128 0 1 0 0
48008 737138 1 0 1 224 0 1 0 0
48008 737142 1 0 1 225 0 1 0 0
48008 737384 1 0 1 277 0 1 0 0
48008 737439 1 0 1 286 0 1 0 0
48008 737443 1 0 1 287 0 0.5 0 0
48008 737495 1 0 1 299 0 1 0 0
48008 737508 1 0 1 301 0 1 0 0
48008 737589 1 0 1 316 0 1 0 0
48008 737784 1 0 1 358 0 1 0 0
48008 737984 1 0 1 408 0 1 0 0
48008 738149 1 0 1 454 0 1 0 0
48008 738179 1 0 1 460 0 1 0 0
48008 738633 1 0 1 550 0 1 0 0
48008 739883 1 0 1 834 0 1 0 0
48008 739960 1 0 1 855 0 1 0 0
48008 740088 1 0 1 887 0 1 0 0
48008 740510 1 0 1 992 0 1 0 0
48008 740681 1 0 1 1040 0 1 0 0
48008 742300 1 0 1 1440 0 1 0 0
48008 743330 1 0 1 2382 0 1 0 0
48008 744012 1 0 1 1844 0 1 0 0
48008 748771 1 0 1 3120 0 1 0 0
48008 748960 1 0 1 3174 0 1 0 0
48008 749596 1 0 1 3351 0 1 0 0
404332 469459 0 1 1 0 95 0 1 0
582442 735573 0 1 1 0 101 0 1 0
48245 54542 1 0 1 546 0 1 0 0
48245 103940 1 0 1 126 0 1 0 0
48245 227301 1 0 1 1198 0 1 0 0
48245 503972 1 0 1 1305 0 1 0 0
48245 743960 1 0 1 246 0 1 0 0
315483 716578 0 1 1 0 11 0 1 0
315742 368271 0 1 1 0 111 0 1 0
48692 172778 0 1 1 0 35 0 1 0
226841 736690 0 1 1 0 134 0 1 0
227034 227250 1 0 1 20 0 1 0 0
672364 735573 0 1 1 0 2964 0 1 0
138242 252669 0 2 2 0 2132 0 2 0
316329 316574 0 1 1 0 2918 0 1 0
316574 322681 1 0 1 1603 0 1 0 0
316574 609787 1 0 1 37 0 1 0 0
316574 686143 1 0 1 367 0 1 0 0
316574 743809 1 0 1 1252 0 1 0 0
227545 458176 1 0 1 276 0 1 0 0
227545 550494 1 0 1 215 0 1 0 0
227545 551010 1 0 1 949 0 1 0 0
583839 735573 0 1 1 0 4050 0 1 0
49852 340995 1 0 1 66 0 1 0 0
495583 495676 0 1 1 0 375 0 1 0
495851 735398 0 1 1 0 156 0 1 0
228826 733058 0 1 1 0 3169 0 1 0
228955 678902 0 1 1 0 29 0 1 0
50996 738528 0 1 1 0 877 0 1 0
318210 744149 0 1 1 0 1651 0 1 0
318885 732941 0 1 1 0 3518 0 1 0
586678 743565 0 1 1 0 301 0 1 0
319961 655143 1 0 1 45 0 1 0 0
141919 730291 0 1 1 0 3518 0 1 0
142088 187477 1 0 1 14 0 1 0 0
142088 466655 1 0 1 35 0 1 0 0
142088 514042 1 0 1 448 0 1 0 0
142088 736931 1 0 1 2588 0 1 0 0
142165 734924 1 0 1 75 0 1 0 0
142165 736103 1 0 1 323 0 1 0 0
587377 734516 0 1 1 0 897 0 1 0
320292 505286 1 0 1 1303 0 1 0 0
231705 686166 0 1 1 0 270 0 1 0
54138 746154 1 0 1 286 0 1 0 0
588559 730102 0 1 1 0 107 0 1 0
232767 485478 0 1 1 0 76 0 1 0
678355 736405 0 1 1 0 727 0 1 0
55392 57008 0 1 1 0 385 0 1 0
55443 323558 1 0 1 2808 0 1 0 0
55443 730532 1 0 1 207 0 1 0 0
233818 735573 0 1 1 0 190 0 1 0
55828 168413 0 1 1 0 305 0 1 0
412277 737978 0 1 1 0 203 0 1 0
145648 723915 0 1 1 0 4502 0 1 0
56732 738526 0 1 1 0 1737 0 1 0
145796 399069 0 1 1 0 45 0 1 0
57008 292578 1 0 1 81 0 1 0 0
235552 732492 0 1 1 0 1962 0 1 0
413642 731790 0 1 1 0 1370 0 1 0
57982 481878 0 1 1 0 2082 0 1 0
325215 737733 0 1 1 0 2220 0 1 0
58206 256662 0 4 4 0 4 0 4 0
147451 206948 0 1 1 0 1401 0 1 0
147613 252669 0 1 1 0 8 0 1 0
326820 461256 0 1 1 0 4344 0 1 0
326820 738528 0 1 1 0 1232 0 1 0
416671 735573 0 1 1 0 2646 0 1 0
60879 744386 0 1 1 0 771 0 1 0
61200 723179 0 1 1 0 85 0 1 0
61200 723197 0 2 2 0 187 0 2 0
61200 723763 0 1 1 0 55 0 1 0
61200 723776 0 1 1 0 49 0 1 0
61200 723948 0 1 1 0 171 0 1 0
61200 724053 0 1 1 0 131 0 1 0
61200 724067 0 1 1 0 125 0 1 0
61200 724306 0 1 1 0 49 0 1 0
61200 725193 0 2 2 0 173 0 2 0
61200 725218 0 1 1 0 49 0 1 0
61200 725529 0 1 1 0 19 0 1 0
61200 728145 0 1 1 0 73 0 1 0
61219 723197 0 2 2 0 254 0 2 0
61219 723763 0 1 1 0 222 0 1 0
61219 724067 0 1 1 0 63 0 1 0
61219 724306 0 1 1 0 31 0 1 0
61219 725063 0 2 2 0 338 0 2 0
61219 725193 0 2 2 0 340 0 2 0
61219 725218 0 1 1 0 137 0 1 0
61219 727303 0 1 1 0 239 0 1 0
61219 727340 0 1 1 0 230 0 1 0
61219 728145 0 1 1 0 56 0 1 0
506675 732941 0 1 1 0 235 0 1 0
595744 737978 0 1 1 0 127 0 1 0
61512 643383 0 1 1 0 35 0 1 0
61549 738524 1 0 1 37 0 1 0 0
61549 746795 1 0 1 2186 0 1 0 0
239994 746232 0 1 1 0 633 0 1 0
61974 735463 0 1 1 0 3458 0 1 0
62130 738298 1 0 1 273 0 1 0 0
329531 734053 0 1 1 0 502 0 1 0
62422 558664 0 1 1 0 1149 0 1 0
62422 720094 0 1 1 0 161 0 1 0
62422 723197 0 1 1 0 211 0 1 0
62422 723294 0 1 1 0 567 0 1 0
62422 723948 0 1 1 0 390 0 1 0
62422 725063 0 2 2 0 1605 0 2 0
62422 727340 0 2 2 0 651 0 2 0
62422 727520 0 1 1 0 921 0 1 0
62422 732123 0 1 1 0 929 0 1 0
62422 732388 0 1 1 0 660 0 1 0
62422 732914 0 1 1 0 573 0 1 0
62422 733262 0 2 2 0 777 0 2 0
62422 733572 0 1 1 0 159 0 1 0
62422 733587 0 1 1 0 149 0 1 0
62422 733650 0 1 1 0 105 0 1 0
62422 733825 0 1 1 0 44 0 1 0
62422 736484 0 1 1 0 220 0 1 0
329566 732215 1 0 1 8 0 1 0 0
596924 743565 0 1 1 0 2090 0 1 0
62704 90228 0 1 1 0 38 0 1 0
151789 643383 0 1 1 0 827 0 1 0
151789 738526 0 1 1 0 707 0 1 0
686102 729575 0 1 1 0 1541 0 1 0
686166 726587 1 0 1 109 0 1 0 0
686166 726863 1 0 1 162 0 1 0 0
686166 726867 1 0 1 162 0 1 0 0
686166 726874 1 0 1 164 0 1 0 0
686166 726955 1 0 1 182 0 1 0 0
686166 727033 1 0 1 200 0 1 0 0
686166 727717 1 0 1 360 0 1 0 0
686166 728326 1 0 1 514 0 1 0 0
686166 728675 1 0 1 598 0 1 0 0
686166 730267 1 0 1 1000 0 1 0 0
686166 730504 1 0 1 1064 0 1 0 0
686166 730517 1 0 1 1066 0 1 0 0
686166 731503 1 0 1 1314 0 1 0 0
686166 733254 1 0 1 1743 0 1 0 0
686166 735443 1 0 1 2278 0 1 0 0
686166 736068 1 0 1 2403 0 1 0 0
686166 736085 1 0 1 2407 0 1 0 0
686166 736411 1 0 1 2488 0 1 0 0
686166 737161 1 0 1 2646 0 1 0 0
686166 740710 1 0 1 3468 0 1 0 0
686166 741626 1 0 1 3688 0 1 0 0
686166 744572 1 0 1 4408 0 1 0 0
241646 735573 0 1 1 0 1314 0 1 0
241840 485478 0 1 1 0 846 0 1 0
242100 735573 0 1 1 0 939 0 1 0
420403 731790 0 1 1 0 370 0 1 0
153547 623184 0 1 1 0 302 0 1 0
153728 736517 0 1 1 0 2504 0 1 0
688277 737594 1 0 1 287 0 1 0 0
421746 737978 0 1 1 0 53 0 1 0
65595 728965 0 1 1 0 712 0 1 0
599860 677119 0 1 1 0 2262 0 1 0
65950 726180 0 1 1 0 1 0 1 0
600246 729343 0 1 1 0 790 0 1 0
66441 485478 0 1 1 0 1227 0 1 0
67615 86106 1 0 1 1442 0 1 0 0
67615 135467 1 0 1 34 0 1 0 0
67615 166925 1 0 1 291 0 1 0 0
67615 246692 1 0 1 178 0 1 0 0
67615 614669 1 0 1 268 0 1 0 0
67615 747466 1 0 1 3362 0 1 0 0
156676 725575 0 1 1 0 6315 0 1 0
156948 735142 0 1 1 0 3958 0 1 0
246181 481878 0 1 1 0 180 0 1 0
602745 734516 0 1 1 0 140 0 1 0
157543 727614 1 0 1 27 0 1 0 0
68570 81393 0 1 1 0 27 0 1 0
157873 677119 0 1 1 0 2172 0 1 0
68904 744149 0 1 1 0 1696 0 1 0
158354 181022 1 0 1 3 0 1 0 0
158604 739183 0 1 1 0 129 0 1 0
603921 737978 0 1 1 0 53 0 1 0
247908 735573 0 1 1 0 23 0 1 0
337604 748021 0 1 1 0 93 0 1 0
159644 502888 1 0 1 53 0 1 0 0
159644 706520 1 0 1 839 0 1 0 0
70874 81393 0 1 1 0 45 0 1 0
70891 743926 0 1 1 0 76 0 1 0
338617 739500 0 1 1 0 70 0 1 0
71725 76062 0 1 1 0 537 0 1 0
427890 743565 0 1 1 0 78 0 1 0
160835 727804 0 1 1 0 4196 0 1 0
428028 428029 0 1 1 0 791 0 1 0
161019 461256 0 1 1 0 56 0 1 0
250148 728965 0 1 1 0 5899 0 1 0
72252 726180 0 1 1 0 3603 0 1 0
72252 738526 0 1 1 0 1344 0 1 0
517525 740415 1 0 1 2118 0 1 0 0
339582 737733 0 1 1 0 1594 0 1 0
162024 643383 0 1 1 0 189 0 1 0
696386 735166 0 1 1 0 129 0 1 0
429336 748719 0 1 1 0 869 0 1 0
340995 487447 0 1 1 0 46 0 1 0
340995 512606 0 1 1 0 385 0 1 0
340995 677578 0 1 1 0 31 0 1 0
340995 728702 0 1 1 0 35 0 1 0
340995 728709 0 1 1 0 41 0 1 0
340995 728727 0 1 1 0 45 0 1 0
340995 728735 0 1 1 0 49 0 1 0
340995 735993 0 1 1 0 3156 0 1 0
340995 743661 0 1 1 0 63 0 1 0
73936 723606 0 1 1 0 210 0 1 0
74062 481878 0 1 1 0 131 0 1 0
341432 740258 1 0 1 18 0 1 0 0
252669 341144 1 0 1 4 0 1 0 0
252669 426233 0 1 1 0 321 0 1 0
252669 740436 1 0 1 13 0 1 0 0
430781 442646 1 0 1 3091 0 1 0 0
430781 454845 1 0 1 645 0 1 0 0
430781 553310 1 0 1 962 0 1 0 0
430781 732527 1 0 1 1054 0 1 0 0
430781 737739 1 0 1 2266 0 1 0 0
342481 743565 0 1 1 0 528 0 1 0
75463 743565 0 1 1 0 2312 0 1 0
164530 735579 0 1 1 0 2231 0 1 0
699051 731790 0 2 2 0 977 0 2 0
75867 303807 1 0 1 13 0 1 0 0
75867 303813 1 0 1 14 0 1 0 0
75867 304829 1 0 1 290 0 1 0 0
75867 327970 1 0 1 1406 0 1 0 0
75867 741113 1 0 1 194 0 1 0 0
75867 748155 1 0 1 1986 0 1 0 0
165089 737978 0 1 1 0 53 0 1 0
165129 737978 0 1 1 0 53 0 1 0
165164 737978 0 1 1 0 53 0 1 0
432374 433155 1 0 1 18 0 1 0 0
76905 294022 1 0 1 2277 0 1 0 0
76905 728452 1 0 1 83 0 1 0 0
77148 487978 0 1 1 0 899 0 1 0
611613 746046 1 0 1 1159 0 1 0 0
433775 731307 0 1 1 0 186 0 1 0
166961 736688 0 1 1 0 311 0 1 0
78111 184904 1 0 1 9 0 1 0 0
78111 736735 1 0 1 272 0 1 0 0
434417 737978 0 1 1 0 53 0 1 0
78352 623429 1 0 1 16 0 1 0 0
256662 259665 4 0 4 7346 0 4 0 0
256662 259772 3 0 3 5130 0 3 0 0
256662 260585 4 0 4 7701 0 4 0 0
256662 261192 4 0 4 7901 0 4 0 0
256662 261779 4 0 4 5783 0 4 0 0
256662 262161 3 0 3 762 0 3 0 0
256662 262317 2 0 2 3523 0 2 0 0
256662 263295 2 0 2 46 0 2 0 0
256662 418321 2 0 2 135 0 2 0 0
701882 743926 0 1 1 0 576 0 1 0
78723 736018 0 1 1 0 44 0 1 0
79069 388837 0 1 1 0 393 0 1 0
257238 730424 0 1 1 0 230 0 1 0
257238 734362 0 1 1 0 2214 0 1 0
435441 743565 0 1 1 0 1786 0 1 0
168413 480704 1 0 1 50 0 1 0 0
79384 198531 0 1 1 0 475 0 1 0
435557 743565 0 1 1 0 1998 0 1 0
346731 734562 0 1 1 0 139 0 1 0
435791 743565 0 1 1 0 387 0 1 0
435833 743065 0 1 1 0 58 0 1 0
435833 744386 0 1 1 0 27 0 1 0
347345 455018 1 0 1 87 0 1 0 0
169460 447291 0 1 1 0 232 0 1 0
258777 316574 0 1 1 0 74 0 1 0
170085 481878 0 1 1 0 875 0 1 0
259414 643383 0 1 1 0 6 0 1 0
170434 307232 1 0 1 326 0 1 0 0
170434 743697 1 0 1 3869 0 1 0 0
348590 737443 1 1 2 53 43 0.5 1 0
259784 735579 0 1 1 0 4191 0 1 0
437888 725176 0 1 1 0 468 0 1 0
438154 482325 1 0 1 33 0 1 0 0
82192 116027 0 1 1 0 563 0 1 0
438520 643383 0 1 1 0 727 0 1 0
705791 731790 0 1 1 0 788 0 1 0
171725 732941 0 1 1 0 364 0 1 0
82837 88484 0 1 1 0 162 0 1 0
82926 742545 0 1 1 0 38 0 1 0
261012 735398 0 1 1 0 530 0 1 0
172147 643383 0 1 1 0 110 0 1 0
350536 599355 1 0 1 97 0 1 0 0
617677 746687 1 0 1 306 0 1 0 0
617677 746847 1 0 1 350 0 1 0 0
617677 750361 1 0 1 1368 0 1 0 0
172630 735573 0 1 1 0 932 0 1 0
172630 737978 0 1 1 0 564 0 1 0
83661 717887 0 1 1 0 1830 0 1 0
172778 206663 1 0 1 26 0 1 0 0
172778 206769 1 0 1 69 0 1 0 0
172778 217917 1 0 1 111 0 1 0 0
172778 244438 1 0 1 83 0 1 0 0
172778 410294 1 0 1 180 0 1 0 0
172778 425675 1 0 1 36 0 1 0 0
172778 427496 1 0 1 96 0 1 0 0
172778 430693 1 0 1 123 0 1 0 0
172778 466183 1 0 1 216 0 1 0 0
172778 498417 1 0 1 169 0 1 0 0
172778 685582 1 0 1 43 0 1 0 0
172778 703447 1 0 1 38 0 1 0 0
172778 752097 1 0 1 47 0 1 0 0
172778 752174 1 0 1 70 0 1 0 0
172778 752237 1 0 1 92 0 1 0 0
618056 723915 0 1 1 0 758 0 1 0
172852 267252 0 1 1 0 176 0 1 0
261922 606648 1 0 1 378 0 1 0 0
351178 745504 1 0 1 3630 0 1 0 0
351284 744149 0 1 1 0 1347 0 1 0
351371 459527 1 0 1 11 0 1 0 0
529710 716413 1 0 1 184 0 1 0 0
707852 712573 0 1 1 0 44 0 1 0
707852 726862 0 1 1 0 50 0 1 0
84573 744299 1 0 1 159 0 1 0 0
529825 751187 1 0 1 679 0 1 0 0
619051 735573 0 1 1 0 40 0 1 0
530081 745909 0 1 1 0 486 0 1 0
441299 735504 0 1 1 0 169 0 1 0
85280 735596 0 1 1 0 412 0 1 0
174430 485478 0 1 1 0 115 0 1 0
85399 727753 0 1 1 0 414 0 1 0
85520 413106 1 0 1 723 0 1 0 0
85956 733404 0 1 1 0 263 0 1 0
86179 643383 0 1 1 0 86 0 1 0
86712 738761 0 1 1 0 255 0 1 0
86869 733019 1 0 1 355 0 1 0 0
532530 731790 0 1 1 0 632 0 1 0
710659 717887 0 1 1 0 3512 0 1 0
621864 725030 0 1 1 0 5072 0 1 0
176768 725030 0 1 1 0 5299 0 1 0
176909 746793 1 0 1 1680 0 1 0 0
88030 481878 0 1 1 0 37 0 1 0
88040 729152 0 1 1 0 18 0 1 0
444265 745717 1 0 1 26 0 1 0 0
444278 735573 0 1 1 0 282 0 1 0
444278 737978 0 1 1 0 1736 0 1 0
533395 735573 0 1 1 0 213 0 1 0
444542 735573 0 1 1 0 223 0 1 0
88484 601495 1 0 1 119 0 1 0 0
88484 746246 1 0 1 280 0 1 0 0
88484 748161 1 0 1 819 0 1 0 0
177578 362777 1 0 1 40 0 1 0 0
712211 742545 0 1 1 0 1999 0 1 0
