3 2
6 1
16 1
17 1
34 1
54 1
61 1
96 3
171 3
175 1
226 1
276 2
303 1
304 1
370 1
379 1
480 1
624 1
695 1
712 1
713 1
729 1
791 1
797 1
967 1
981 1
1005 1
1047 1
1049 1
1051 1
1085 1
1180 1
1262 1
1359 1
1387 2
1437 1
1445 1
1595 1
1603 1
1629 1
1641 2
1657 1
1707 1
1756 3
1867 1
1872 2
1874 1
1908 9
1971 1
1973 2
1975 1
1979 1
2011 1
2034 5
2047 1
2077 1
2091 6
2122 1
2126 2
2163 1
2184 2
2186 1
2191 1
2197 1
2212 2
2260 1
2289 2
2335 1
2353 1
2492 1
2541 1
2577 3
2625 1
2672 1
2675 1
2689 1
2702 2
2780 1
2836 1
2878 1
2941 1
2959 4
3015 1
3138 1
3252 1
3359 5
3497 1
3538 6
3546 1
3583 1
3637 1
3683 1
3712 2
3754 2
3755 2
3818 1
3860 1
3955 1
3980 1
4006 2
4047 4
4068 1
4069 2
4161 1
4288 1
4338 1
4417 1
4424 1
4474 1
4603 1
4899 1
4901 1
4937 1
4943 1
4956 1
4966 1
4972 2
5021 1
5117 1
5120 1
5126 3
5142 1
5255 3
5316 1
5422 1
5593 1
5606 1
5902 1
6003 2
6006 1
6114 1
6147 1
6152 1
6174 1
6189 2
6247 2
6253 1
6437 1
6469 1
6529 1
6611 4
6619 1
6628 2
6645 2
6667 2
6668 2
6803 1
6807 1
6940 6
6945 1
6995 1
7135 2
7149 1
7271 1
7361 5
7450 1
7470 1
7497 1
7498 2
7521 1
7531 1
7570 1
7923 1
8068 1
8072 1
8094 1
8104 1
8105 1
8106 1
8109 1
8126 1
8166 1
8234 1
8235 1
8256 1
8272 1
8276 1
8300 3
8441 1
8482 2
8512 1
8610 1
8651 2
8715 1
8793 1
8845 1
8866 4
8890 1
8955 4
8985 1
9035 1
9112 2
9184 1
9308 2
9314 1
9317 1
9483 1
9538 1
9603 1
9620 1
9645 1
9756 1
9783 1
9808 2
9812 1
9854 1
9894 1
9966 2
9985 7
10077 1
10277 1
10304 1
10312 1
10326 1
10411 1
10607 1
10679 1
10690 1
10760 1
10847 6
10849 2
10867 1
10984 1
11019 1
11097 1
11245 1
11337 1
11692 2
11695 2
11707 1
11792 1
11888 1
11892 2
11955 1
11979 1
12065 1
12097 1
12198 1
12236 1
12326 1
12466 1
12516 1
12565 1
12699 1
12750 1
12806 1
12812 1
12858 1
12947 1
12985 1
13057 2
13145 1
13176 1
13249 1
13400 1
13665 1
13821 1
13872 2
13904 1
14078 1
14144 2
14296 4
14554 2
14778 1
14899 1
14943 1
15008 2
15063 1
15217 1
15378 1
15458 1
15480 1
15587 1
15668 1
15736 2
15838 1
15892 1
15947 1
16006 1
16026 3
16078 1
16123 1
16204 1
16244 1
16348 2
16396 1
16400 1
16546 6
16547 1
16786 1
16795 1
16796 1
16807 1
17120 1
17324 1
17385 1
17425 1
17436 1
17439 1
17528 1
17711 1
17807 1
17930 2
17957 1
18009 1
18078 1
18163 1
18315 2
18386 1
18399 1
18427 1
18435 2
18444 1
18518 1
18523 1
18531 1
18561 1
18603 1
18684 2
18864 1
19034 1
19078 1
19185 1
19325 1
19494 1
19499 1
19759 2
19933 1
19935 1
19948 1
19955 1
20061 1
20111 2
20196 1
20439 1
20476 1
20511 1
20554 1
20623 1
20665 1
20706 1
20712 3
21028 1
21033 1
21301 1
21502 1
21528 2
21598 1
21612 1
21644 1
21833 2
21943 1
21950 1
21972 1
21973 1
21979 1
22021 1
22045 1
22067 1
22192 1
22410 1
22416 1
22476 2
22510 1
22558 1
22649 1
22675 1
22687 1
22718 1
22986 1
23062 1
23063 1
23268 1
23436 1
23482 1
23598 1
23625 1
23772 1
23776 2
23852 1
23936 1
24080 2
24128 1
24129 2
24137 2
24206 1
24221 1
24309 1
24389 1
24393 1
24452 1
24456 1
24534 1
24539 1
24711 1
24965 1
25057 1
25061 2
25184 1
25226 1
25389 1
25427 1
25449 1
25454 1
25495 1
25528 1
25698 1
25728 1
25734 1
25882 2
25933 1
25951 1
26016 1
26057 1
26112 3
26121 2
26166 1
26225 1
26381 1
26525 1
26632 2
26711 1
26790 1
26857 1
26898 1
26941 1
26970 1
27020 1
27071 1
27158 1
27293 1
27304 1
27349 1
27356 1
27375 1
27425 1
27440 1
27512 1
27626 1
28100 1
28127 1
28164 1
28236 1
28334 1
28570 1
28640 2
28685 1
28756 1
28800 1
28858 1
28900 1
28911 1
28941 1
28956 1
29000 6
29332 1
29383 1
29444 1
29542 2
29571 1
29879 1
29890 1
29974 1
29987 1
30073 1
30136 1
30193 1
30219 1
30221 3
30259 1
30262 1
30567 1
30571 1
30817 1
31063 1
31116 1
31574 1
31722 2
31868 1
32112 1
32344 1
32787 1
32994 1
33086 1
33266 1
33317 1
33410 1
33624 1
33811 1
34059 1
34194 1
34227 1
34253 1
34355 1
34366 1
34384 1
34411 1
34504 1
34584 2
34697 1
34783 1
34967 1
35222 2
35238 1
35261 1
35333 1
35536 1
35686 1
35752 1
35809 1
35874 1
36030 1
36089 1
36090 1
36112 1
36190 1
36232 1
36492 1
36507 1
36592 3
36668 1
36686 1
36832 1
36942 1
36947 1
37100 2
37116 1
37327 1
37353 1
37411 1
37471 1
37572 1
37725 2
37738 1
37942 1
37970 4
38077 1
38155 1
38181 1
38470 1
38799 1
38809 1
38961 2
39111 1
39144 1
39200 1
39239 1
39345 1
39384 2
39494 1
39530 1
39563 2
39972 1
39995 1
40019 1
40082 1
40091 1
40273 1
40476 1
40493 2
40614 1
40672 1
40876 2
40914 1
41154 1
41210 1
41449 1
41483 1
41577 1
41736 1
41751 1
41991 1
42124 1
42173 1
42377 1
42404 1
42416 2
42429 1
42430 1
42465 2
42503 2
42505 1
42773 1
42799 1
42884 1
42895 2
42938 3
42939 1
43305 1
43399 3
43527 1
43640 1
43748 1
43809 1
43867 1
43913 1
44217 1
44229 1
44391 1
44407 1
44672 1
44809 1
44937 1
44956 1
44968 1
45153 1
45205 1
45214 1
45295 1
45432 2
45546 1
45895 1
45973 1
45975 1
45986 1
46094 1
46203 1
46330 1
46690 1
46781 1
46854 1
47338 1
47541 1
47968 1
48008 1
48010 1
48070 1
48073 1
48162 1
48214 1
48245 1
48251 1
48336 1
48338 1
48648 1
48687 3
48692 1
48788 1
48902 1
48922 1
49141 1
49265 1
49389 1
49455 1
49475 2
49532 1
49567 2
49721 1
49759 1
49852 3
50106 1
50215 1
50354 1
50408 1
50504 1
50650 1
50853 2
50995 1
50996 1
51172 1
51192 1
51338 1
51387 1
51431 1
51462 1
51698 2
51842 1
51908 1
52031 2
52034 1
52043 1
52089 1
52182 1
52191 1
52209 1
52400 2
52596 1
52695 1
52714 1
53238 1
53295 2
53365 1
53451 1
54045 1
54138 1
54301 2
54403 1
54542 3
54822 1
55045 1
55101 2
55392 1
55443 1
55649 1
55713 1
55823 1
55827 1
55828 1
55956 1
56011 1
56104 1
56222 1
56366 1
56470 1
56491 1
56732 1
57008 1
57431 1
57711 1
57744 1
57793 1
57940 2
57972 1
57982 1
58028 1
58079 1
58090 1
58152 1
58168 1
58206 4
58219 1
58299 2
58318 1
58455 1
58601 1
58634 2
58770 1
58777 1
58859 1
59201 1
59378 1
59471 2
59627 1
59634 1
59690 1
60142 1
60158 1
60495 1
60547 1
60706 1
60827 1
60861 1
60875 1
60879 1
61022 1
61200 15
61219 13
61427 1
61512 1
61549 1
61974 1
62130 1
62336 1
62422 21
62506 1
62704 3
62711 1
62717 1
62792 1
62939 1
62984 1
63460 1
63659 2
63677 1
63692 1
63768 2
64117 1
64138 1
64627 1
64628 1
64644 1
64699 1
65419 1
65595 1
65950 1
66105 1
66369 1
66441 1
66789 1
66899 2
66905 1
67219 1
67615 2
67772 1
67805 2
67941 1
67942 1
68355 1
68374 1
68570 2
68576 1
68904 1
69131 1
69141 1
70149 1
70740 1
70874 1
70891 1
71130 1
71387 1
71531 1
71725 1
72060 1
72144 1
72252 2
72398 1
72430 1
72460 2
72547 1
72581 1
72819 3
73281 1
73345 1
73936 1
74062 2
74406 2
74849 1
75262 1
75275 1
75458 2
75463 1
75522 1
75639 1
75867 1
76062 1
76437 1
76810 1
76905 1
77148 1
77193 1
77329 1
77640 1
77889 1
78092 1
78111 1
78242 1
78266 1
78352 3
78428 2
78656 1
78723 1
79014 1
79069 1
79384 1
79688 1
79818 2
80147 1
80358 2
80464 1
81162 1
81164 1
81393 2
81499 1
81550 1
81621 1
81973 1
82010 1
82192 2
82202 1
82311 1
82463 1
82837 1
82926 1
82936 1
83342 1
83661 1
83740 1
83817 2
84012 1
84140 1
84338 1
84548 1
84573 1
84707 1
85280 1
85365 1
85399 1
85520 1
85778 1
85828 1
85956 1
86064 1
86074 1
86106 1
86179 2
86501 1
86666 2
86712 1
86771 1
86792 1
86809 1
86869 1
87645 1
87772 2
87847 1
88030 1
88040 1
88184 1
88185 1
88239 1
88344 1
88455 3
88484 1
88587 1
88857 1
89730 2
89921 1
90161 1
90228 1
90460 1
90952 1
91088 2
91433 1
91457 1
91612 1
91706 1
91810 1
91885 1
91916 2
92303 1
92483 2
92621 1
92693 1
92806 5
93370 1
93573 1
94128 1
94154 1
94646 1
94662 1
95199 1
95336 1
95512 1
95631 1
96002 1
96240 2
96480 1
96542 17
96610 1
96657 1
96942 1
97020 2
97102 1
97851 1
97911 1
98123 1
98676 1
98819 1
99013 1
99649 1
99711 1
99888 1
100175 1
100314 1
100716 1
100785 1
100855 1
101073 1
101153 1
101388 1
101410 1
101412 1
101570 2
101606 1
101708 1
101924 1
102332 1
102400 2
102523 1
102653 1
102915 1
103409 3
103940 1
104168 1
104385 1
104498 1
104822 1
105082 1
105103 1
105128 2
105477 2
105672 1
105730 1
106278 1
107479 1
107833 1
108249 1
108607 2
108764 1
108877 1
109778 1
109849 1
109861 1
109930 1
110048 1
110217 1
110369 1
110529 1
110669 3
110754 1
110784 1
110909 1
110915 1
111037 1
111149 1
111267 1
112128 1
112267 1
112282 1
112326 1
112896 1
112925 1
113006 1
113065 1
113176 1
113896 2
113918 1
114151 1
114451 1
114462 1
114513 1
114656 1
114742 1
114901 1
115030 1
115042 1
115875 1
116027 1
116146 2
116277 1
116336 1
116457 1
116487 1
116493 1
116704 1
116712 1
116755 1
116873 1
117250 1
117700 1
118182 1
118290 1
118728 1
118798 1
118955 1
119468 1
119502 1
119682 1
119711 1
120112 4
120262 1
121502 1
121758 1
121936 1
121940 1
121972 2
122134 1
122811 1
123131 1
123388 1
123837 1
124017 1
124185 1
124952 1
125093 1
125103 1
125113 1
125326 1
125378 2
125420 1
125647 1
126026 2
126221 1
126224 1
126588 1
126871 1
126885 1
126994 1
127346 1
127620 1
128665 1
128668 1
128743 1
128748 1
128851 1
129096 1
129268 1
129276 1
129306 1
129332 1
129770 1
129893 1
130192 1
130263 1
130346 1
130535 1
130656 1
130766 2
130890 1
131000 2
131441 1
132074 1
132924 1
132948 1
133105 1
133160 1
133449 1
133457 1
133911 1
134219 1
134730 1
134913 1
135027 1
135467 1
135488 1
135611 1
135748 1
135787 3
135811 1
135899 1
136768 1
137383 1
138046 1
138075 1
138242 3
138519 1
140277 1
140707 1
141227 1
141557 1
141919 1
142088 3
142165 1
142795 1
142980 1
143279 1
143598 1
144202 1
144578 1
144993 1
145029 1
145093 3
145112 1
145648 1
145720 2
145796 1
145931 1
146759 1
146824 1
147451 1
147613 1
147893 1
148525 1
148798 1
148879 1
150440 1
150814 1
151789 2
151821 1
152161 1
152468 1
152748 6
152989 1
153209 1
153547 1
153610 1
153681 1
153728 1
153946 1
154066 1
154508 1
154557 1
155871 1
156264 1
156326 1
156357 1
156543 1
156676 1
156948 2
156954 2
156968 1
157500 1
157543 2
157873 1
158180 1
158233 1
158273 1
158341 2
158351 1
158354 3
158366 1
158415 2
158421 2
158484 2
158604 3
158766 1
158836 1
159014 1
159644 1
160070 1
160835 1
160963 2
161019 1
161456 1
161955 1
162024 1
162962 2
163503 1
163662 2
163854 1
164045 1
164395 2
164430 1
164530 1
164846 1
164886 2
165089 1
165129 1
165164 1
165336 1
165483 1
165564 2
165580 1
165949 1
166135 1
166153 1
166807 1
166925 1
166961 1
166999 1
167211 1
168413 1
169428 1
169460 1
170085 1
170104 1
170152 1
170434 1
170895 1
170936 1
171364 1
171592 1
171725 1
172025 1
172147 2
172219 1
172499 1
172601 1
172605 1
172630 2
172778 1
172852 2
172969 1
174430 1
174521 1
175112 1
175355 3
176680 1
176710 1
176768 1
176909 1
177003 2
177216 1
177496 1
177578 1
177725 1
177857 1
178611 1
178864 1
179095 1
179401 1
179562 1
179635 1
180187 1
180331 1
180394 1
180431 1
181022 2
181066 1
181148 1
181332 1
181926 1
182191 1
182372 2
183565 1
183704 1
184096 1
184253 1
184469 1
184479 1
184502 1
184512 1
184516 1
184518 1
184520 1
184524 1
184530 1
184536 1
184904 2
185012 1
185184 1
185392 1
185616 2
185666 1
186020 1
186118 1
186251 1
187477 2
187478 1
187515 1
188176 1
188523 1
188640 1
188830 1
189181 2
189238 1
189246 1
189779 1
189848 1
190240 1
191024 2
191040 1
191132 1
191507 1
191581 1
192387 1
192585 1
192829 1
192843 1
192857 1
193065 1
193142 1
193423 1
193467 1
193717 1
193764 1
194348 1
194907 1
195419 1
195713 1
196090 4
196095 1
196395 1
196431 1
196731 1
196942 1
197097 1
197368 1
197867 2
197979 1
198047 1
198265 3
198531 2
198779 1
198844 2
199319 1
199478 1
199634 1
199818 3
199975 1
199991 1
200015 1
200089 1
200241 1
200253 1
200420 1
200545 1
200891 1
201274 1
201497 1
201521 1
201675 1
202243 1
202505 1
202696 1
202988 2
203440 2
203729 1
204620 1
204641 1
204663 1
204672 1
204869 1
205230 1
206110 2
206585 1
206663 1
206667 1
206769 1
206825 1
206933 3
206948 1
206959 1
206985 1
207736 1
208018 1
208024 1
208265 1
208472 1
208487 1
208678 2
208798 1
209262 2
209389 1
210156 1
210328 1
210942 1
211295 1
211373 1
211428 2
211631 2
211716 1
211973 1
212036 1
212316 2
212407 1
212678 1
212941 1
213285 1
213305 1
213350 1
213923 1
214344 1
214607 1
214735 1
214800 1
214968 1
214988 1
215185 1
215221 1
215687 1
215914 1
215960 1
216241 2
216355 1
216400 1
216454 1
216546 1
216823 1
216897 1
217726 1
217917 1
218080 1
218286 1
218632 2
219116 1
219536 1
219649 2
220101 2
220110 1
220204 1
220355 1
220742 1
220788 1
221114 1
221129 1
221155 1
221234 3
221273 1
221277 1
221552 1
221822 1
221838 2
222056 1
223513 1
223706 1
223958 1
224263 1
224273 4
224389 1
224519 1
224633 1
225434 1
225550 2
225750 2
225901 1
226068 1
226602 1
226610 1
226841 1
227029 1
227034 1
227043 1
227250 1
227301 1
227433 1
227545 1
228077 1
228287 1
228826 1
228955 1
229114 1
229207 1
229273 1
230770 1
231014 1
231383 1
231705 1
231746 1
232164 1
232224 1
232281 1
232767 1
233044 1
233389 1
233818 1
233829 1
235202 1
235253 1
235552 1
235740 1
236047 1
236662 1
236877 2
237230 1
237784 1
237939 1
238006 1
238711 1
239994 1
241279 2
241351 1
241553 1
241646 1
241673 1
241761 1
241766 1
241840 1
242100 1
242388 2
242465 1
242521 2
243290 1
243662 1
244228 1
244438 1
244613 1
245217 1
245410 1
246181 2
246444 1
246470 1
246646 1
246692 2
247047 2
247271 1
247442 1
247768 1
247908 1
248126 1
249524 4
250148 1
251016 1
251380 1
251435 1
251882 1
252316 1
252669 3
253193 1
253296 1
253307 1
253585 1
253726 1
254050 1
255095 1
255302 1
255306 1
255536 1
256662 5
257238 3
257393 1
257972 1
258088 2
258228 1
258485 1
258777 1
258892 1
259183 1
259359 1
259414 1
259665 4
259772 3
259784 1
259821 1
260143 1
260451 1
260585 4
260613 1
260670 1
260917 1
261012 1
261192 4
261196 1
261267 1
261630 1
261680 1
261779 4
261922 1
262161 3
262317 2
262439 1
263295 2
263543 1
263772 1
264095 1
264369 1
264456 1
264647 1
264895 2
266460 1
266488 1
267252 2
267260 1
267337 1
267471 1
267744 2
268064 1
268250 1
268529 1
268582 1
268707 2
268818 1
268831 1
268865 1
268976 2
269078 1
269379 1
269533 1
269805 1
269875 1
270175 1
270913 1
271404 1
271716 1
271938 2
272440 4
273519 1
275032 1
275098 1
275464 1
276836 1
277698 1
277857 1
278018 2
278138 1
278472 1
278473 1
278675 1
279063 2
279695 1
279720 1
279801 2
279989 1
280762 1
281001 1
281220 1
281316 1
281574 1
281958 1
282083 1
282212 1
282776 1
283882 2
283943 1
284310 1
284657 2
284860 2
285077 1
285746 2
285932 1
286088 1
286144 1
286474 2
286724 1
287311 1
287410 1
289320 1
290099 1
290264 1
291002 1
291039 1
291555 1
291805 1
292463 1
292578 2
292600 1
292620 5
293335 1
293358 1
293582 1
293739 1
294022 1
294795 1
295051 2
295231 1
295679 1
295763 1
295940 1
296071 1
296243 1
296249 2
296469 1
296773 1
296978 1
297001 1
297539 1
297758 1
297796 1
298483 1
298610 1
299091 1
299470 2
300004 1
300146 1
300157 1
300209 1
300238 1
300292 1
300315 1
300562 1
300802 1
300833 1
300874 1
301116 1
301711 1
302251 2
302260 1
302482 1
302552 1
302963 1
303118 1
303339 1
303497 1
303807 1
303813 1
303984 2
304299 1
304454 1
304829 1
304893 1
305436 1
305686 1
305906 1
306274 2
306441 1
306862 1
306921 1
307216 1
307232 1
307505 1
307758 1
307930 1
308346 1
308544 1
308684 1
308830 1
308972 1
309406 1
309863 1
309983 1
311364 1
311462 1
311463 1
311593 1
311726 1
311766 1
312127 1
312507 1
312677 1
313014 1
313082 1
313331 1
313929 1
313985 1
314107 1
314795 1
314984 1
315483 1
315710 2
315742 3
316222 1
316329 1
316351 1
316366 1
316574 1
316845 1
317010 1
317636 1
317706 1
317762 3
318210 2
318703 2
318885 1
319324 1
319961 1
320292 1
320747 1
321057 1
321309 1
321741 1
322681 1
322922 1
323026 1
323425 1
323558 1
323852 1
324080 1
325215 1
325327 1
326397 1
326820 2
327022 1
327278 1
327970 1
328424 1
329061 1
329153 1
329201 1
329369 2
329531 1
329566 1
330191 1
330421 1
331151 1
331184 1
331239 1
331810 2
331868 1
333231 1
334235 1
334876 1
335489 1
335532 1
336735 1
336972 1
337604 1
338587 1
338617 2
339149 1
339201 1
339327 2
339495 1
339582 1
339754 1
340700 1
340721 1
340879 1
340995 12
341144 1
341432 1
341579 1
341650 1
342481 1
342762 1
343050 1
344572 3
345598 2
345665 1
346378 1
346464 1
346731 1
347324 1
347345 3
347399 1
347464 1
347484 1
347594 1
347756 1
347810 2
348000 1
348040 1
348372 1
348429 1
348590 3
348631 1
348876 1
349019 1
349565 1
349968 1
350101 1
350239 2
350536 1
350576 1
350827 2
351178 1
351284 1
351371 1
351450 1
351455 1
351603 1
351710 1
351968 2
352371 1
352517 1
352737 1
353853 2
354679 1
354855 1
354857 1
355400 1
356493 1
357879 1
357897 1
360564 1
360944 1
361778 1
361904 1
362008 1
362061 1
362092 1
362433 1
362442 1
362681 1
362777 1
362958 1
363473 1
364401 3
364558 1
365174 1
365421 1
365838 2
367586 1
368221 1
368271 4
368335 1
369462 1
369821 1
371447 1
371467 1
371878 1
372393 1
373102 2
373155 1
373320 1
374073 1
374102 1
374133 3
374413 1
375413 1
375466 1
376241 1
376403 1
376789 1
376799 1
376918 1
377078 1
377172 2
377282 1
377535 1
377958 1
378042 1
378057 1
378074 1
378129 1
378679 1
380007 1
380050 1
380664 1
380823 1
380959 1
382026 1
382330 2
382605 1
382630 1
382903 1
382988 1
383687 1
383846 1
383925 1
384751 1
384811 1
385287 1
385567 1
385795 1
385842 3
385984 7
386227 1
386241 2
386510 1
387059 1
387388 1
387997 1
388018 1
388345 1
388837 2
388876 1
388929 1
389172 1
389223 1
389510 2
389752 1
390585 1
391112 2
391118 1
391138 1
391474 1
391506 1
391660 1
392208 1
392725 1
392742 1
392784 1
393197 1
393932 1
393961 1
394850 1
394914 2
395612 1
396397 1
396669 1
396673 1
396967 1
397212 2
397551 1
398671 1
399069 2
399135 1
399585 1
399900 1
399946 1
400604 1
401219 1
401882 1
402008 2
402009 4
402533 1
402804 1
403109 1
404332 1
406456 2
407644 1
408691 2
408935 1
410294 1
411012 1
411019 1
411284 1
412165 1
412277 1
412456 1
412712 1
413106 1
413412 2
413564 1
413642 1
413755 1
414370 1
414884 1
414948 1
416330 1
416671 1
417155 1
418321 2
420403 1
421073 2
421484 2
421604 1
421746 1
421908 1
423209 1
423827 1
424390 1
425028 1
425392 3
425675 1
426233 1
426284 1
426708 1
426949 1
427496 1
427890 1
428015 1
428028 1
428029 1
428176 1
429146 1
429326 1
429336 1
429536 1
429744 1
430693 1
430781 1
430846 3
431164 1
432374 1
432577 1
432903 1
433093 1
433155 1
433271 1
433295 1
433320 1
433775 1
434104 1
434417 1
434549 1
434880 1
434881 1
435416 2
435441 1
435557 1
435791 1
435833 2
436094 11
436148 1
436975 1
437888 1
437898 1
437930 1
438154 1
438520 1
439066 1
439627 1
439657 1
440244 1
440510 1
441165 2
441299 1
441448 1
442646 1
443935 1
444092 1
444265 1
444278 2
444286 1
444503 1
444542 1
444667 2
445592 1
446166 1
446493 2
446585 1
447291 1
447994 2
448449 1
449556 1
450026 1
450406 1
450529 1
451379 1
451529 1
451831 1
453284 1
453634 1
454085 1
454625 1
454845 1
454986 1
455018 1
455649 1
455755 1
456059 1
456136 1
457629 1
457989 1
458064 1
458176 1
458374 1
458454 1
458468 1
458804 2
458986 1
459028 1
459304 1
459527 4
459978 1
461175 1
461256 1
461281 1
461946 1
462084 1
463285 2
463897 1
463943 1
464423 1
464600 1
465538 1
465545 1
465805 1
466077 1
466144 2
466150 1
466183 1
466354 1
466433 1
466655 1
466746 1
467108 1
467559 1
467657 1
468097 1
468220 1
468224 1
468488 1
469459 2
469485 1
469657 1
470786 1
471001 1
471112 1
471557 1
472111 1
472202 1
472772 1
473442 1
473478 1
475140 2
475459 1
476354 1
476735 1
477938 1
478055 1
479268 1
479283 1
479293 1
480704 4
480968 1
481147 1
481878 1
482315 1
482325 2
482896 1
483345 1
483516 1
484181 1
485033 1
485114 1
485329 1
485478 3
486462 1
487102 1
487291 1
487447 1
487978 1
488177 1
488218 1
488420 1
490035 1
490283 1
490358 1
491141 1
491411 1
491599 1
491995 1
492603 1
492717 1
493076 1
493817 1
494764 1
495358 1
495428 1
495583 1
495676 2
495837 1
495851 1
496088 2
496111 1
496225 1
497398 1
498417 1
500617 1
500658 1
500979 2
501160 1
501187 1
501303 1
501329 1
501437 1
501512 1
502534 1
502846 1
502888 1
503934 1
503966 1
503972 1
504546 1
505286 1
505427 1
506075 2
506657 1
506675 1
507451 2
507963 1
508071 1
508262 2
508303 1
508873 1
508956 2
509624 1
510240 1
510512 1
511042 1
511789 1
511846 1
512123 1
512606 1
513133 1
513548 1
513769 1
514042 1
515469 1
516517 2
516653 1
516902 1
517226 1
517520 1
517525 1
517691 1
529566 1
529613 1
529710 1
529825 2
530081 1
530658 1
530906 1
531020 1
531240 1
531905 1
532187 1
532529 1
532530 1
533395 2
533426 1
533728 1
534458 1
534835 2
535511 1
538702 1
539392 1
539446 1
539665 1
539700 1
539733 1
540196 1
540649 1
542544 1
543233 1
543530 1
543587 1
543699 2
543935 1
544146 2
544273 1
544276 1
544926 1
545062 1
545211 1
545222 1
545541 1
545710 1
545715 1
546453 1
546591 1
546940 1
547167 1
548855 1
549097 1
549517 2
549651 1
550302 1
550494 1
551010 1
551134 2
552270 1
553310 1
554202 1
554462 1
554643 1
555030 2
555112 1
555782 1
557189 1
557287 1
557658 1
558303 1
558598 2
558664 1
558849 1
560079 1
560163 1
560538 1
560808 1
561664 1
562016 1
562954 1
563112 1
563768 1
563779 1
565728 1
566342 1
566387 1
567877 2
568413 1
568748 1
569518 1
570016 1
571085 1
571150 1
571485 1
572222 1
572388 1
572613 1
572838 1
573006 1
573066 1
573093 1
573669 1
574069 1
574405 1
575319 1
575326 1
576580 1
577072 1
577222 1
577335 1
577659 1
578208 1
578356 1
578584 1
580987 1
581278 1
581320 1
581450 1
582051 2
582227 2
582361 1
582442 1
582486 1
582904 1
582967 1
583839 1
584733 1
585603 1
586678 1
587377 1
588089 1
588559 1
588996 1
589566 1
589669 1
589761 1
590930 2
591237 1
592588 1
592767 2
593107 1
593918 1
594342 1
594538 1
594688 1
594942 1
595343 1
595525 1
595576 1
595744 1
596841 1
596924 1
597001 1
597329 1
597745 1
597768 1
597905 1
598771 1
599355 1
599390 1
599684 1
599853 1
599860 1
600246 1
600431 1
600470 2
600475 1
601089 1
601495 1
602024 1
602464 1
602497 1
602745 1
603921 1
604010 1
604082 1
604131 1
604352 1
604857 1
605748 1
605914 1
606648 1
606950 1
607613 1
608555 1
609605 1
609787 2
610607 1
610778 1
611216 1
611613 1
612546 1
612605 1
612995 1
613562 1
613752 1
613912 1
614669 1
615362 1
615417 1
617677 1
617946 1
618056 1
618519 1
619051 1
620776 1
621282 2
621864 1
621968 1
622804 1
622952 1
623184 1
623429 8
623540 1
623955 1
624537 1
624593 1
624763 1
624847 1
625772 1
625871 1
625884 1
627066 1
628351 2
628716 1
629430 1
629538 1
630288 1
631285 1
631611 1
631637 1
632263 1
633301 1
635417 1
636525 1
636546 1
636863 4
637024 1
637057 2
637937 1
638063 1
639981 2
640470 1
640624 2
642640 1
642711 1
643114 1
643189 1
643197 1
643383 1
643441 1
643505 1
643911 1
644768 1
645191 1
645284 1
645468 1
645483 1
646447 1
646563 1
647122 1
647191 1
647888 1
648296 1
649002 1
649230 1
649336 1
649337 1
649455 1
649670 1
649736 1
649916 1
651057 1
652515 1
653673 1
653809 1
653958 1
654027 1
654998 1
655132 1
655143 1
655276 1
655579 2
655925 1
656121 1
656326 1
656892 1
656930 1
657039 1
659589 1
659600 1
660190 1
660573 3
660697 1
661303 1
661384 1
661998 1
662170 1
662912 1
662921 1
663786 1
664133 1
665302 1
665477 1
665553 1
666640 1
666895 1
666935 2
666989 1
667248 1
668773 1
669032 1
669100 1
669566 2
669760 1
669792 1
669960 8
669987 1
670117 1
670658 1
670682 1
670810 1
671555 1
672364 1
672594 1
672824 1
672889 1
673020 1
673068 1
673272 1
674015 1
674020 1
674401 1
674667 2
674699 1
674739 1
674838 1
675708 2
676384 1
676907 1
677119 1
677360 1
677578 1
678004 1
678121 1
678355 1
678632 2
678897 1
678902 1
679033 1
681460 1
681532 1
681625 1
681874 1
681973 1
682053 1
682332 1
682623 1
683273 2
683545 1
683850 2
685064 1
685288 1
685360 1
685404 1
685582 1
686102 1
686143 1
686166 2
686216 2
687639 4
687835 1
688277 2
688430 1
688749 1
689292 1
689377 1
689483 1
690007 1
693425 2
693917 1
694246 1
694638 1
694644 1
695252 1
695624 1
695771 1
695961 1
696067 1
696386 1
697640 1
697999 1
699011 3
699051 2
699767 1
699779 1
699912 1
700016 1
701090 1
701882 1
702190 1
702292 4
702587 1
702748 1
703365 1
703447 1
703776 1
704884 1
704914 1
705050 1
705128 1
705791 1
706062 1
706142 1
706148 1
706168 1
706234 1
706520 1
706981 2
707053 1
707110 1
707239 1
707414 1
707728 1
707761 1
707775 1
707852 2
708591 2
708677 1
708750 1
708901 2
709074 1
709240 1
709537 1
709648 1
710180 1
710288 1
710370 1
710659 1
711152 1
711423 1
712103 3
712211 1
712443 1
712573 1
712974 1
713260 2
713366 1
714127 3
714457 1
714613 1
714683 1
714949 1
715686 1
715755 1
715799 1
716413 1
716578 1
716602 1
717441 1
717603 1
717644 1
717797 1
717887 2
718261 1
718567 1
718679 1
718702 1
718739 1
718974 1
719089 1
719534 1
719561 7
719567 4
719621 1
719732 1
719911 1
720094 1
720213 1
720233 1
720363 2
721085 1
721106 2
721372 1
721418 1
721750 1
721791 1
721930 1
722056 1
722105 12
722191 1
722239 2
722247 3
722350 1
723010 2
723116 2
723134 1
723179 1
723197 8
723204 2
723257 1
723294 1
723564 1
723572 1
723587 1
723601 1
723605 1
723606 1
723618 1
723631 1
723641 1
723654 1
723678 1
723690 1
723692 1
723703 1
723708 1
723711 1
723723 1
723733 1
723736 1
723743 1
723759 1
723762 2
723763 2
723764 1
723769 2
723770 1
723775 1
723776 1
723795 1
723798 1
723803 1
723806 1
723811 1
723832 1
723848 1
723849 1
723850 1
723857 1
723865 1
723874 1
723880 2
723912 1
723915 1
723935 1
723937 1
723942 1
723946 1
723948 3
723957 1
723984 1
723988 1
723997 1
724052 1
724053 1
724057 1
724059 2
724060 1
724067 1
724077 1
724144 1
724153 1
724195 1
724202 1
724211 1
724227 1
724236 1
724252 1
724253 1
724254 2
724255 1
724258 1
724261 1
724270 2
724275 1
724284 1
724301 1
724304 1
724306 1
724309 1
724323 1
724324 1
724342 1
724355 1
724369 1
724375 1
724379 1
724398 1
724401 1
724417 1
724453 1
724463 1
724464 1
724477 1
724485 1
724490 1
724502 1
724510 2
724527 1
724529 1
724538 1
724556 1
724559 1
724571 1
724574 1
724603 1
724618 1
724621 1
724643 1
724662 1
724705 1
724731 1
724751 1
724752 1
724753 1
724763 1
724768 1
724769 1
724771 1
724788 1
724793 2
724798 1
724801 2
724816 2
724819 2
724827 1
724828 1
724831 1
724836 2
724839 1
724840 1
724843 1
724847 1
724848 1
724867 1
724874 1
724877 1
724885 1
724886 1
724911 1
724912 1
724920 3
724926 1
724929 1
724953 1
724954 1
724955 1
724964 1
724969 1
724973 1
724984 1
724985 1
724999 1
725010 1
725013 1
725018 1
725030 1
725031 1
725053 1
725060 1
725063 4
725070 1
725092 2
725125 1
725128 1
725132 1
725151 1
725154 1
725174 1
725176 1
725177 1
725181 1
725185 1
725186 1
725188 1
725193 3
725196 2
725217 1
725218 1
725221 1
725229 1
725254 1
725255 1
725274 1
725275 1
725280 1
725299 1
725339 1
725341 1
725347 1
725356 2
725365 1
725374 1
725386 1
725389 1
725396 1
725410 1
725412 1
725414 1
725416 1
725418 1
725420 1
725422 1
725430 1
725431 1
725440 1
725464 1
725479 1
725488 1
725489 1
725500 1
725507 1
725520 1
725529 1
725530 1
725544 1
725556 1
725557 1
725561 1
725575 1
725576 1
725586 1
725660 1
725675 1
725679 1
725680 1
725683 1
725698 1
725705 1
725709 1
725718 1
725723 2
725724 1
725742 1
725762 1
725763 1
725778 1
725787 1
725800 1
725823 1
725829 1
725834 1
725865 1
725900 1
725930 2
725953 1
725972 1
725979 1
725992 1
726021 1
726022 1
726027 1
726028 1
726039 1
726060 1
726074 17
726092 1
726095 1
726100 1
726103 1
726112 1
726158 1
726163 1
726169 1
726178 1
726180 29
726188 1
726197 1
726204 1
726218 1
726231 1
726248 1
726254 1
726255 1
726279 1
726293 1
726346 1
726375 1
726376 1
726435 1
726444 1
726447 1
726465 1
726474 1
726497 1
726537 1
726542 1
726548 1
726552 1
726559 1
726562 1
726580 1
726587 1
726600 1
726603 1
726604 1
726612 1
726625 2
726626 1
726641 1
726650 1
726715 1
726722 1
726723 1
726740 1
726760 3
726761 1
726788 1
726836 1
726839 1
726840 1
726862 1
726863 1
726867 1
726873 2
726874 1
726876 1
726877 1
726927 1
726935 1
726954 1
726955 1
726991 1
727006 1
727020 1
727022 1
727033 1
727037 1
727048 1
727053 1
727078 1
727090 1
727091 1
727114 1
727115 1
727139 1
727142 1
727149 1
727169 1
727201 1
727214 1
727217 2
727222 1
727225 1
727270 1
727290 1
727296 1
727297 2
727300 2
727303 1
727309 1
727310 1
727317 1
727326 1
727329 1
727336 1
727339 1
727340 3
727341 1
727392 1
727400 1
727414 1
727417 1
727424 2
727437 1
727446 1
727449 1
727459 1
727477 2
727490 1
727492 1
727493 1
727506 1
727520 2
727528 1
727549 1
727570 1
727573 1
727607 1
727611 1
727614 1
727616 1
727647 1
727652 1
727659 1
727660 1
727661 1
727683 1
727706 1
727710 1
727717 1
727730 1
727753 1
727760 1
727762 1
727769 1
727784 1
727792 1
727797 1
727798 1
727803 1
727804 1
727844 1
727845 1
727850 1
727855 1
727856 1
727883 1
727888 2
727896 1
727902 1
727923 1
727927 1
727928 1
727930 1
727935 1
727938 1
727964 2
728015 1
728020 1
728060 1
728074 2
728082 1
728083 1
728089 1
728095 1
728108 1
728115 1
728116 1
728118 1
728145 1
728153 1
728186 1
728200 1
728218 1
728225 1
728246 1
728247 1
728286 1
728306 1
728315 1
728316 1
728326 1
728345 1
728356 1
728375 1
728393 1
728408 1
728409 1
728415 1
728426 1
728432 1
728442 1
728444 1
728452 1
728454 1
728457 1
728472 1
728489 1
728490 1
728491 1
728500 1
728509 1
728518 1
728525 1
728534 1
728553 1
728556 1
728559 1
728562 1
728568 1
728598 1
728603 1
728606 2
728620 1
728628 1
728644 1
728645 1
728653 1
728672 1
728675 1
728679 1
728682 1
728702 1
728709 1
728718 2
728726 1
728727 1
728735 1
728744 1
728755 1
728779 1
728780 2
728787 1
728794 1
728801 1
728826 1
728854 1
728885 1
728888 2
728898 1
728901 1
728934 1
728939 1
728952 1
728955 1
728959 1
728960 1
728965 1
728973 1
728974 1
728986 1
729016 1
729018 1
729019 1
729020 2
729031 1
729037 1
729048 1
729052 1
729060 1
729061 1
729072 1
729084 1
729091 1
729106 1
729109 1
729116 1
729131 1
729146 3
729148 1
729152 1
729153 1
729154 1
729163 1
729167 1
729175 1
729182 1
729206 1
729251 1
729256 1
729276 1
729296 1
729305 1
729312 1
729323 1
729324 1
729336 1
729343 1
729344 1
729353 1
729360 1
729365 1
729374 1
729376 1
729379 2
729382 1
729413 1
729415 1
729416 1
729422 1
729427 1
729434 1
729448 2
729455 1
729466 1
729498 1
729523 1
729528 1
729529 1
729539 3
729550 1
729558 1
729561 1
729562 2
729565 1
729575 1
729603 1
729604 2
729613 2
729614 1
729619 1
729628 1
729630 1
729644 1
729653 3
729660 1
729661 1
729666 1
729668 1
729674 1
729685 1
729686 1
729687 1
729689 1
729701 1
729706 1
729707 1
729721 1
729727 1
729733 2
729744 1
729746 1
729747 1
729748 1
729768 1
729772 1
729788 2
729794 1
729820 1
729825 1
729829 1
729833 2
729854 2
729859 1
729862 1
729863 1
729872 1
729875 1
729877 1
729878 1
729882 1
729888 1
729903 2
729912 1
729913 1
729920 1
729925 1
729927 1
729928 1
729935 1
729948 1
729966 1
729977 1
729990 1
729991 1
730005 1
730017 1
730018 1
730022 1
730025 1
730031 1
730043 1
730058 1
730063 1
730072 1
730081 1
730086 1
730097 1
730102 1
730116 1
730118 1
730124 1
730126 1
730129 1
730134 1
730146 1
730147 1
730172 1
730194 1
730210 1
730213 1
730236 1
730240 1
730243 2
730246 1
730247 1
730248 1
730252 1
730260 1
730263 1
730267 1
730291 1
730321 1
730329 1
730343 1
730344 2
730347 1
730361 1
730367 1
730388 1
730413 2
730424 1
730481 1
730488 1
730497 1
730504 1
730506 1
730517 1
730523 1
730532 1
730539 1
730559 1
730575 1
730584 1
730585 1
730589 1
730601 1
730604 2
730622 1
730641 1
730649 1
730655 1
730662 1
730665 1
730670 1
730672 2
730673 1
730676 1
730677 1
730681 1
730682 1
730689 1
730691 1
730700 1
730706 1
730717 1
730720 1
730723 1
730737 1
730759 1
730764 1
730782 1
730792 1
730797 1
730816 1
730820 1
730835 1
730849 1
730857 1
730867 1
730896 1
730899 2
730904 1
730927 1
730945 1
730951 1
730953 1
730967 1
730968 1
730975 2
730978 1
730987 1
731008 1
731029 1
731039 2
731058 1
731066 1
731076 1
731084 1
731088 1
731101 1
731103 1
731107 1
731116 1
731148 1
731155 1
731162 1
731165 1
731168 1
731186 1
731191 1
731192 1
731208 1
731210 1
731219 1
731226 1
731251 1
731254 2
731264 1
731279 1
731282 1
731290 1
731307 1
731310 1
731317 1
731331 1
731332 1
731333 1
731339 1
731356 1
731359 1
731367 1
731368 1
731372 1
731385 1
731397 1
731400 1
731402 1
731409 1
731422 1
731428 1
731441 1
731455 1
731469 1
731481 1
731494 1
731498 1
731503 1
731507 1
731511 1
731519 1
731530 1
731547 1
731557 1
731572 1
731594 1
731608 1
731614 1
731616 1
731619 1
731677 1
731694 1
731701 1
731713 1
731724 1
731726 1
731738 2
731745 1
731762 1
731765 1
731774 1
731778 1
731781 1
731790 2
731792 1
731799 1
731807 2
731809 1
731819 1
731822 1
731832 1
731834 1
731839 1
731848 1
731851 1
731855 1
731857 1
731858 1
731869 1
731871 1
731874 1
731880 1
731885 2
731887 1
731896 1
731898 1
731899 1
731902 1
731909 1
731914 1
731924 2
731927 1
731929 1
731930 1
731931 1
731933 1
731936 1
731941 1
731961 1
731973 1
731980 1
731994 1
731995 1
732019 1
732028 1
732029 1
732039 1
732044 1
732045 1
732047 1
732052 1
732059 1
732061 1
732068 1
732075 1
732078 1
732080 1
732099 1
732106 1
732123 1
732126 1
732159 1
732190 1
732192 1
732200 1
732214 1
732215 1
732224 1
732227 1
732237 1
732239 1
732240 1
732248 1
732249 2
732250 1
732251 1
732254 1
732257 1
732272 1
732275 1
732276 1
732283 1
732288 1
732304 1
732312 1
732320 1
732324 1
732338 1
732341 1
732342 1
732348 1
732367 1
732381 1
732388 2
732391 1
732405 1
732416 1
732438 1
732461 1
732484 1
732487 1
732492 1
732496 1
732506 1
732511 1
732518 1
732520 1
732521 1
732527 2
732538 1
732539 1
732546 1
732552 1
732554 1
732555 1
732560 3
732566 1
732567 1
732568 1
732581 1
732587 1
732591 1
732604 1
732605 1
732608 1
732631 1
732633 1
732642 1
732645 1
732649 1
732659 1
732662 1
732665 1
732669 1
732676 1
732687 1
732692 1
732695 1
732696 1
732702 1
732709 1
732720 1
732734 1
732752 1
732753 1
732764 1
732770 1
732793 1
732795 1
732804 1
732818 1
732858 1
732860 1
732865 1
732870 1
732876 1
732887 1
732888 1
732906 1
732913 1
732914 1
732921 2
732928 1
732933 1
732941 1
732942 1
732952 2
732963 1
732964 1
732984 1
732990 1
733010 1
733019 1
733031 1
733038 1
733039 1
733045 2
733055 1
733058 2
733065 1
733083 1
733089 1
733109 2
733118 1
733120 1
733133 1
733143 1
733156 1
733177 1
733178 1
733190 1
733204 2
733215 1
733219 1
733228 1
733232 1
733238 1
733246 1
733254 1
733256 1
733262 2
733280 1
733290 1
733334 1
733335 2
733348 1
733354 1
733355 1
733392 1
733394 1
733395 1
733399 1
733404 1
733408 1
733414 1
733426 1
733429 1
733452 1
733469 1
733483 1
733486 1
733494 1
733496 1
733506 1
733511 1
733514 1
733516 1
733521 1
733532 1
733551 2
733569 1
733572 1
733575 1
733580 1
733581 1
733587 2
733592 1
733594 1
733600 1
733603 1
733619 2
733622 1
733623 1
733625 1
733641 2
733642 1
733647 1
733650 1
733651 1
733652 1
733659 1
733664 1
733669 1
733678 1
733684 1
733687 1
733690 1
733697 1
733699 1
733717 1
733726 1
733730 1
733733 1
733742 1
733747 1
733748 1
733751 1
733752 1
733756 1
733772 1
733777 1
733800 2
733815 1
733825 1
733826 1
733827 1
733850 1
733854 1
733855 1
733862 1
733881 1
733893 1
733903 1
733904 1
733909 1
733913 1
733921 1
733929 1
733935 3
733956 1
733969 1
733982 1
733987 1
733994 1
733995 1
733996 1
733999 1
734002 1
734029 1
734030 1
734033 1
734035 1
734038 1
734040 1
734046 1
734053 3
734063 1
734075 1
734076 1
734082 1
734088 2
734096 1
734114 1
734121 1
734125 1
734129 1
734134 1
734140 1
734148 1
734154 1
734158 1
734159 1
734170 1
734173 1
734177 1
734202 1
734203 1
734209 1
734214 1
734230 1
734242 1
734243 1
734247 1
734263 1
734269 1
734276 1
734281 2
734286 1
734308 1
734314 1
734325 1
734344 1
734362 1
734374 1
734383 1
734389 1
734396 1
734405 2
734418 2
734419 1
734432 1
734446 1
734449 1
734452 1
734453 1
734454 1
734472 1
734515 1
734516 1
734523 1
734537 1
734540 1
734562 4
734574 1
734581 1
734582 1
734583 1
734594 1
734614 1
734616 1
734619 1
734622 1
734623 1
734624 1
734626 1
734632 1
734649 2
734661 1
734678 1
734679 1
734697 2
734700 1
734701 1
734724 1
734727 1
734757 1
734765 1
734773 1
734794 1
734797 1
734800 1
734803 1
734822 1
734827 1
734836 1
734854 1
734859 1
734863 1
734867 1
734879 1
734882 1
734888 1
734892 1
734899 1
734900 1
734921 1
734924 1
734937 1
734940 1
734955 1
734957 1
734970 1
734971 1
734979 1
734987 1
734988 1
734993 1
734996 1
735003 1
735006 1
735020 1
735023 1
735024 2
735030 1
735032 1
735037 1
735051 1
735054 1
735065 1
735066 1
735067 1
735077 1
735092 1
735094 1
735095 1
735101 1
735111 1
735120 2
735124 1
735142 1
735148 1
735152 1
735161 1
735166 1
735181 1
735185 1
735187 1
735188 1
735204 1
735205 1
735214 1
735222 1
735225 1
735232 1
735236 1
735237 1
735238 1
735250 1
735276 1
735277 1
735278 2
735284 1
735290 1
735296 1
735297 1
735300 1
735304 1
735311 1
735318 1
735322 1
735332 1
735333 1
735349 1
735360 1
735361 1
735377 1
735380 1
735382 1
735390 1
735396 1
735398 2
735399 1
735400 1
735408 1
735409 1
735411 1
735414 1
735415 1
735427 1
735443 1
735458 1
735461 1
735463 1
735470 1
735474 1
735477 1
735481 1
735485 1
735494 1
735499 1
735504 1
735520 1
735523 1
735525 1
735534 1
735537 1
735546 1
735573 1
735579 1
735596 1
735604 1
735605 1
735613 1
735614 1
735629 2
735638 1
735647 1
735653 1
735659 1
735674 1
735693 1
735709 1
735716 1
735717 1
735722 1
735725 1
735730 1
735734 1
735743 1
735749 1
735751 1
735752 1
735753 1
735754 1
735755 1
735756 1
735763 1
735764 1
735765 1
735769 1
735784 1
735791 2
735798 1
735809 1
735810 1
735812 1
735821 1
735828 1
735834 1
735857 1
735870 2
735905 1
735908 1
735914 1
735916 1
735918 1
735920 1
735923 1
735924 1
735932 1
735935 1
735936 2
735939 1
735941 1
735942 1
735947 1
735955 1
735965 1
735972 1
735993 1
735997 1
736001 1
736006 1
736008 1
736011 1
736018 2
736019 1
736026 1
736027 1
736028 1
736041 1
736043 1
736050 1
736052 1
736053 1
736059 1
736065 1
736068 1
736081 1
736085 1
736098 2
736102 1
736103 1
736116 2
736117 1
736122 1
736126 1
736131 2
736134 1
736135 1
736139 1
736142 1
736147 2
736149 1
736155 1
736157 1
736163 1
736164 1
736169 2
736170 1
736172 1
736176 1
736194 1
736195 1
736198 1
736208 1
736209 1
736215 1
736220 1
736254 1
736264 1
736268 1
736280 1
736281 1
736283 1
736288 2
736290 1
736316 1
736318 1
736319 1
736322 1
736323 1
736324 1
736330 1
736337 1
736349 1
736357 1
736369 1
736373 1
736382 1
736383 1
736391 1
736392 1
736397 1
736402 1
736405 1
736408 1
736411 1
736413 2
736419 1
736421 1
736428 1
736431 1
736432 1
736451 1
736452 1
736459 1
736466 1
736477 2
736479 1
736484 1
736489 1
736494 1
736509 1
736510 2
736512 1
736514 1
736517 1
736521 1
736522 1
736525 1
736542 1
736545 1
736551 1
736554 1
736563 1
736564 1
736590 1
736591 1
736596 1
736597 1
736599 1
736601 1
736629 1
736634 1
736643 1
736647 1
736648 1
736649 1
736650 1
736654 1
736657 1
736663 1
736665 1
736674 1
736675 1
736683 1
736685 1
736688 1
736690 1
736695 1
736697 2
736712 1
736713 1
736714 1
736734 1
736735 1
736739 1
736743 1
736746 2
736758 1
736769 1
736775 1
736777 1
736796 1
736804 1
736806 1
736811 1
736812 1
736817 1
736818 1
736828 1
736833 1
736836 1
736841 1
736851 2
736878 1
736881 1
736889 1
736890 1
736894 1
736896 1
736899 1
736902 1
736925 1
736931 1
736933 1
736936 1
736937 1
736974 1
736977 1
736978 1
736979 2
736983 3
736984 1
736986 1
736994 3
737008 1
737009 1
737010 1
737017 1
737024 1
737025 1
737027 1
737030 1
737042 1
737044 1
737051 1
737053 1
737062 1
737074 1
737077 1
737085 1
737096 1
737109 1
737111 1
737132 1
737138 1
737142 1
737146 1
737148 1
737149 1
737153 1
737154 1
737161 1
737172 1
737178 1
737179 1
737194 1
737205 1
737210 1
737218 1
737233 1
737234 1
737253 1
737266 1
737271 1
737276 2
737279 1
737282 1
737283 1
737292 1
737297 1
737301 1
737302 1
737303 1
737335 1
737351 1
737360 1
737365 1
737369 1
737372 1
737384 1
737400 1
737412 1
737439 1
737443 3
737445 1
737452 1
737462 1
737471 1
737480 1
737483 1
737494 1
737495 1
737497 1
737508 1
737548 1
737559 1
737565 1
737572 1
737573 1
737579 1
737580 1
737582 1
737589 1
737594 1
737600 1
737608 1
737611 1
737634 1
737640 1
737641 1
737668 1
737670 1
737671 17
737675 1
737691 1
737692 1
737695 1
737696 1
737701 1
737710 1
737711 1
737723 1
737724 1
737731 1
737733 2
737739 1
737758 1
737763 1
737766 1
737777 1
737778 1
737784 1
737792 1
737793 1
737794 1
737795 1
737807 1
737814 1
737817 1
737820 1
737821 1
737827 1
737830 1
737833 1
737852 1
737871 1
737876 1
737885 1
737887 1
737891 1
737892 1
737893 1
737895 1
737904 1
737911 2
737933 1
737936 1
737939 1
737943 1
737955 1
737956 1
737959 1
737967 1
737971 1
737978 1
737984 1
737994 1
737995 1
738000 1
738001 1
738006 1
738007 1
738029 1
738031 1
738034 1
738064 1
738078 1
738079 1
738084 1
738085 1
738090 1
738096 1
738100 1
738112 1
738113 1
738115 1
738127 1
738130 1
738133 10
738136 2
738141 1
738142 1
738148 1
738149 1
738151 1
738158 1
738164 1
738165 1
738167 1
738171 1
738179 1
738185 1
738189 1
738197 1
738203 1
738211 1
738225 1
738227 1
738246 1
738265 1
738271 1
738279 1
738291 1
738298 1
738300 1
738303 1
738316 2
738322 1
738328 1
738329 1
738330 1
738355 1
738360 1
738378 1
738383 1
738419 1
738432 1
738436 1
738440 1
738473 1
738475 2
738476 1
738479 1
738492 2
738499 1
738509 1
738518 4
738519 1
738524 1
738526 1
738527 1
738528 1
738555 1
738562 1
738569 1
738576 1
738596 1
738618 2
738626 1
738633 1
738647 1
738652 1
738653 1
738655 1
738656 1
738666 1
738669 1
738670 1
738683 1
738712 1
738713 1
738719 1
738743 1
738744 1
738746 1
738757 1
738761 1
738771 1
738782 1
738783 1
738798 1
738806 1
738809 1
738810 1
738819 1
738823 1
738825 1
738833 1
738839 1
738843 1
738850 1
738851 1
738859 1
738860 1
738862 1
738872 1
738873 1
738877 1
738889 1
738894 1
738909 1
738917 1
738929 1
738935 1
738936 1
738946 1
738964 1
738965 1
738971 1
738973 2
738979 1
738989 11
738990 17
738995 1
739021 1
739041 1
739044 1
739046 1
739051 1
739058 1
739063 1
739068 1
739078 1
739085 1
739087 1
739088 1
739093 1
739099 1
739103 1
739109 1
739120 2
739121 1
739125 1
739128 1
739129 2
739130 1
739132 1
739145 1
739149 1
739150 1
739153 1
739155 1
739158 1
739163 1
739173 1
739183 1
739193 1
739194 1
739195 1
739200 1
739213 1
739220 1
739226 1
739230 1
739237 1
739242 1
739247 1
739265 1
739267 1
739275 1
739281 1
739302 1
739319 1
739322 1
739337 1
739349 1
739382 1
739383 1
739384 1
739387 1
739388 1
739394 1
739402 1
739405 1
739409 1
739410 1
739415 1
739419 1
739431 1
739434 1
739437 1
739446 1
739448 1
739457 1
739470 1
739489 1
739492 1
739500 15
739507 1
739518 1
739530 1
739533 1
739559 1
739568 1
739594 1
739601 1
739605 1
739606 1
739612 1
739616 1
739621 1
739628 2
739665 1
739671 1
739676 1
739677 1
739681 1
739698 1
739715 1
739745 1
739757 1
739758 1
739771 1
739772 1
739774 1
739786 1
739788 1
739801 1
739802 1
739813 1
739815 1
739838 1
739852 1
739856 1
739857 1
739858 1
739861 1
739862 1
739879 1
739883 1
739885 1
739890 1
739892 1
739893 1
739898 1
739901 1
739905 1
739909 1
739912 1
739935 1
739944 1
739946 2
739949 1
739960 1
739979 1
740023 1
740025 1
740026 1
740042 1
740067 1
740086 1
740088 1
740094 1
740099 1
740100 1
740106 1
740120 1
740122 1
740150 1
740155 1
740156 1
740163 1
740169 2
740172 1
740190 1
740196 1
740202 1
740204 1
740211 1
740235 1
740252 1
740258 1
740290 1
740301 1
740304 1
740317 1
740318 1
740319 1
740326 1
740333 1
740341 1
740348 1
740373 1
740384 1
740391 1
740394 1
740402 1
740403 1
740405 1
740406 1
740407 1
740409 1
740415 1
740419 1
740436 1
740438 1
740442 1
740445 1
740455 1
740456 1
740457 1
740458 1
740470 1
740494 1
740499 1
740509 1
740510 1
740514 1
740524 1
740547 1
740553 1
740563 1
740566 1
740567 1
740581 1
740588 1
740612 1
740615 1
740623 1
740625 1
740633 1
740634 1
740654 1
740659 1
740669 1
740670 1
740675 1
740676 1
740677 1
740681 1
740687 1
740690 1
740697 1
740698 1
740710 1
740712 1
740717 1
740732 1
740737 1
740750 1
740755 1
740756 1
740763 1
740765 1
740785 1
740791 1
740792 2
740798 1
740803 1
740809 2
740810 1
740812 1
740815 1
740824 1
740841 1
740842 1
740843 1
740850 1
740863 1
740878 1
740886 1
740891 1
740900 1
740909 1
740916 1
740926 1
740929 1
740937 1
740956 1
740988 1
741000 1
741001 1
741016 1
741021 1
741031 1
741032 1
741037 1
741045 1
741054 1
741055 1
741060 1
741066 1
741070 1
741072 1
741075 1
741108 1
741113 1
741123 1
741134 1
741144 1
741153 1
741155 1
741162 1
741170 1
741174 1
741192 1
741196 1
741199 1
741203 3
741215 1
741216 1
741222 1
741235 1
741239 1
741249 1
741251 1
741257 2
741277 2
741282 1
741288 1
741291 1
741309 1
741310 1
741330 2
741335 1
741341 1
741347 1
741350 1
741355 1
741364 2
741371 1
741372 1
741375 1
741394 1
741399 1
741414 1
741422 1
741448 1
741460 1
741465 1
741469 1
741475 1
741501 1
741508 1
741522 1
741543 1
741550 1
741555 1
741556 1
741557 1
741560 1
741561 1
741571 1
741591 1
741594 1
741621 1
741626 1
741628 2
741629 1
741631 1
741646 1
741648 1
741650 1
741658 1
741662 1
741673 1
741678 1
741683 1
741686 1
741690 1
741698 1
741702 1
741715 1
741717 1
741736 1
741760 1
741772 1
741779 1
741784 1
741788 1
741795 1
741813 1
741818 1
741824 1
741828 1
741829 13
741832 1
741854 1
741856 1
741878 1
741884 1
741886 1
741887 1
741892 1
741898 1
741905 1
741910 1
741915 1
741930 1
741938 2
741949 1
741955 1
741960 1
741985 1
742003 1
742057 1
742063 1
742068 1
742071 1
742075 1
742087 1
742090 2
742095 1
742107 1
742121 1
742124 1
742131 1
742132 1
742139 1
742157 1
742160 1
742162 1
742175 1
742178 1
742183 1
742187 1
742192 1
742199 1
742202 1
742220 1
742223 1
742227 1
742232 1
742243 1
742244 1
742250 1
742252 2
742261 1
742264 2
742265 1
742284 1
742285 1
742298 1
742300 1
742302 1
742304 1
742309 1
742316 1
742327 1
742330 1
742335 1
742339 1
742360 1
742361 1
742373 1
742374 1
742392 1
742395 1
742407 1
742415 1
742418 1
742430 1
742447 1
742448 1
742450 1
742460 1
742467 1
742484 1
742488 1
742503 1
742530 1
742532 1
742541 3
742544 1
742545 1
742548 1
742567 1
742568 1
742579 1
742580 1
742581 1
742599 1
742602 1
742611 1
742619 1
742627 1
742628 1
742633 1
742637 1
742657 1
742704 1
742714 1
742733 1
742735 1
742739 1
742744 1
742754 1
742765 1
742766 1
742769 1
742776 1
742780 1
742786 1
742787 1
742810 1
742811 1
742814 1
742818 1
742819 1
742820 1
742823 1
742827 1
742830 1
742844 1
742849 1
742852 1
742863 1
742867 1
742871 1
742882 1
742884 1
742889 1
742891 1
742898 1
742911 1
742939 2
742940 1
742946 1
742948 1
742955 1
742957 1
742958 1
742973 1
742975 2
742976 1
742983 1
742986 1
742995 1
742997 1
743001 2
743003 1
743013 1
743014 1
743028 1
743030 1
743043 1
743060 1
743065 1
743070 1
743073 1
743081 1
743096 1
743101 1
743102 1
743104 1
743105 1
743121 1
743123 1
743124 1
743136 1
743144 1
743154 1
743157 1
743169 1
743171 1
743185 1
743189 1
743196 1
743208 1
743215 1
743227 1
743229 2
743235 2
743239 1
743245 1
743255 1
743263 1
743276 1
743279 1
743285 1
743293 1
743294 1
743310 1
743314 1
743328 1
743330 1
743338 1
743339 1
743347 1
743367 1
743372 1
743373 1
743390 1
743397 2
743414 1
743415 1
743431 2
743432 1
743443 1
743445 1
743446 1
743470 1
743485 1
743486 1
743508 1
743509 1
743538 1
743547 1
743564 1
743565 1
743573 1
743595 1
743596 1
743597 1
743605 1
743611 1
743623 1
743627 1
743656 2
743661 1
743673 1
743674 1
743693 1
743697 1
743727 1
743728 1
743730 1
743740 1
743747 1
743771 1
743779 1
743785 1
743797 1
743800 1
743802 1
743808 3
743809 1
743811 1
743825 1
743840 1
743854 1
743857 1
743869 1
743871 1
743877 1
743880 1
743887 1
743890 1
743891 1
743902 4
743912 1
743915 1
743926 1
743931 1
743960 1
743988 1
743993 1
744006 1
744012 1
744015 1
744023 1
744034 1
744050 1
744055 1
744058 1
744063 1
744066 1
744067 1
744071 1
744073 1
744082 1
744084 1
744092 3
744093 1
744098 2
744100 1
744101 1
744104 1
744117 1
744119 1
744122 1
744123 1
744143 1
744144 2
744149 1
744159 1
744175 1
744179 1
744181 1
744195 1
744196 1
744198 1
744207 1
744226 1
744235 1
744244 1
744252 1
744255 1
744274 1
744279 1
744285 1
744286 1
744299 1
744301 1
744320 1
744333 1
744334 12
744341 1
744347 1
744355 1
744357 1
744358 2
744361 1
744368 1
744372 1
744382 1
744385 1
744386 1
744391 1
744393 1
744395 1
744409 1
744411 1
744415 1
744416 1
744420 1
744444 1
744445 1
744451 2
744456 1
744458 1
744459 1
744472 1
744476 1
744491 1
744509 1
744519 1
744527 1
744535 1
744549 1
744559 1
744563 1
744567 2
744571 1
744572 1
744574 1
744601 1
744605 1
744608 1
744615 1
744637 1
744663 1
744665 1
744678 1
744681 1
744683 1
744686 1
744701 1
744719 1
744735 1
744751 1
744779 1
744793 1
744794 1
744802 1
744809 1
744823 1
744848 1
744851 1
744854 1
744862 1
744865 1
744868 1
744874 1
744876 1
744878 1
744890 1
744895 1
744902 1
744906 1
744907 1
744910 2
744915 1
744921 1
744922 1
744929 1
744931 1
744955 1
744974 1
744977 1
744979 1
744982 1
744986 1
744989 1
744998 1
745000 1
745007 1
745019 3
745020 1
745027 1
745036 2
745039 1
745041 1
745044 1
745057 1
745075 1
745081 1
745086 1
745089 1
745091 1
745102 1
745106 1
745110 1
745115 1
745117 1
745122 1
745140 1
745143 1
745146 1
745149 1
745150 1
745154 1
745163 1
745179 1
745182 1
745185 1
745188 1
745193 1
745198 1
745206 1
745212 1
745214 1
745220 2
745222 1
745223 1
745230 1
745238 1
745246 1
745283 1
745288 1
745332 1
745335 1
745372 1
745375 1
745384 1
745385 1
745398 1
745421 1
745428 1
745433 1
745434 1
745439 1
745440 1
745445 1
745446 1
745457 1
745458 1
745459 1
745478 1
745483 1
745494 1
745495 1
745497 1
745498 1
745504 1
745506 1
745508 1
745514 1
745531 1
745555 1
745562 1
745575 1
745577 1
745578 1
745579 1
745585 2
745593 1
745604 1
745628 1
745630 1
745632 1
745639 1
745642 1
745648 1
745667 1
745668 1
745683 1
745690 1
745692 1
745698 1
745717 1
745719 1
745756 1
745793 1
745829 1
745843 1
745850 1
745882 1
745896 1
745908 1
745909 1
745923 1
745926 1
745938 1
745947 1
745954 1
745979 1
745983 1
745986 1
745995 1
745999 1
746005 1
746043 1
746046 1
746071 1
746073 1
746085 1
746094 1
746100 1
746115 1
746125 1
746129 1
746132 1
746137 1
746154 1
746156 1
746163 1
746181 1
746191 2
746196 1
746200 1
746201 1
746205 1
746206 1
746207 1
746220 1
746231 1
746232 1
746233 1
746245 1
746246 1
746255 1
746268 2
746269 1
746271 1
746281 1
746287 1
746290 1
746291 1
746292 1
746294 1
746295 1
746296 1
746304 1
746314 1
746320 1
746321 1
746324 1
746347 2
746363 1
746374 1
746383 1
746384 1
746387 1
746388 1
746427 1
746436 1
746444 1
746450 1
746468 1
746471 1
746477 1
746478 1
746485 1
746495 1
746496 1
746507 1
746510 1
746515 1
746520 1
746524 1
746531 1
746532 1
746548 1
746583 1
746584 1
746593 1
746596 1
746602 2
746635 1
746636 1
746647 1
746648 1
746670 1
746671 1
746673 1
746683 1
746687 1
746694 1
746703 1
746706 1
746720 1
746727 2
746730 1
746731 1
746732 1
746744 1
746745 1
746750 1
746755 1
746757 1
746759 1
746763 1
746765 1
746774 1
746780 1
746781 1
746786 1
746792 1
746793 1
746795 3
746809 1
746813 1
746819 1
746834 1
746842 1
746844 1
746847 1
746868 1
746883 1
746886 1
746887 1
746888 1
746895 1
746914 2
746937 1
746964 1
746967 2
746977 1
746985 1
747002 1
747011 1
747016 1
747017 1
747019 1
747021 1
747023 1
747024 1
747027 1
747034 1
747050 2
747087 1
747092 1
747106 1
747124 1
747154 1
747158 1
747176 1
747183 1
747184 1
747197 1
747204 1
747210 1
747218 1
747219 1
747228 1
747247 1
747257 1
747262 1
747267 1
747284 1
747292 1
747294 1
747295 1
747299 1
747305 1
747306 1
747310 1
747320 1
747327 1
747330 1
747331 1
747337 1
747342 1
747343 1
747345 1
747365 1
747389 1
747390 1
747398 1
747414 1
747424 1
747451 1
747452 1
747455 1
747457 1
747462 1
747465 1
747466 1
747475 2
747481 1
747490 1
747492 1
747511 1
747519 1
747520 1
747534 1
747549 1
747557 1
747563 1
747566 1
747581 1
747589 2
747594 1
747597 1
747599 1
747604 1
747618 1
747628 2
747649 1
747656 1
747668 1
747675 1
747682 1
747689 2
747694 1
747695 1
747698 1
747702 1
747724 1
747737 1
747749 1
747750 1
747765 1
747767 1
747778 1
747785 1
747790 1
747804 1
747807 1
747810 1
747816 1
747844 2
747854 1
747857 1
747858 1
747861 1
747869 1
747873 1
747874 1
747880 1
747889 1
747901 2
747902 1
747917 1
747929 1
747930 3
747933 1
747935 1
747948 1
747961 1
747971 1
747974 1
747988 1
747999 1
748004 1
748013 1
748016 1
748021 1
748027 1
748032 1
748035 1
748039 1
748045 1
748046 1
748054 1
748057 1
748058 1
748073 1
748085 1
748088 1
748094 1
748097 1
748123 1
748131 1
748132 1
748142 1
748155 1
748161 1
748165 1
748177 1
748189 1
748206 1
748211 1
748218 1
748221 1
748239 1
748258 1
748272 1
748273 1
748276 1
748294 1
748296 1
748306 1
748315 1
748318 1
748327 1
748329 1
748332 1
748342 1
748344 1
748359 1
748360 1
748366 1
748368 2
748380 1
748381 1
748382 1
748397 1
748398 1
748401 1
748402 1
748403 1
748408 1
748410 1
748416 1
748420 1
748447 1
748449 1
748450 1
748488 1
748491 1
748523 1
748536 1
748538 1
748549 1
748550 1
748574 1
748586 1
748589 1
748598 1
748604 1
748639 1
748640 1
748645 1
748651 1
748691 1
748694 1
748718 1
748719 1
748730 1
748732 1
748733 1
748737 1
748741 1
748744 1
748745 1
748748 1
748752 1
748768 1
748771 1
748780 1
748787 1
748796 1
748797 1
748801 1
748809 1
748829 2
748830 1
748839 2
748842 1
748857 1
748866 1
748867 1
748874 1
748876 1
748901 2
748908 1
748915 1
748916 1
748921 1
748933 1
748945 1
748960 1
748966 1
748986 1
748995 1
749007 1
749017 1
749029 1
749034 1
749044 1
749065 1
749070 1
749076 1
749089 3
749098 1
749111 1
749129 1
749130 1
749137 1
749153 1
749167 1
749183 1
749192 1
749197 1
749204 1
749205 1
749206 1
749245 1
749247 1
749257 1
749270 1
749277 2
749279 1
749297 1
749298 1
749310 1
749322 1
749327 1
749337 1
749341 1
749347 1
749348 1
749354 1
749356 1
749372 1
749375 1
749388 1
749403 1
749404 1
749408 1
749421 1
749426 1
749431 1
749446 1
749449 1
749451 1
749452 1
749454 1
749464 1
749472 1
749474 1
749481 1
749488 1
749494 1
749495 1
749496 1
749514 1
749518 1
749525 1
749530 1
749539 1
749540 1
749552 1
749563 1
749564 1
749589 1
749596 1
749606 1
749624 1
749634 1
749641 1
749649 1
749662 1
749663 1
749666 2
749671 1
749672 2
749674 1
749681 2
749700 1
749707 2
749710 2
749730 1
749745 1
749746 1
749757 1
749758 1
749760 1
749764 1
749770 1
749779 1
749782 1
749785 2
749794 1
749806 1
749807 1
749828 1
749829 1
749836 1
749842 1
749869 1
749870 1
749875 1
749893 1
749911 1
749920 1
749926 1
749929 1
749934 1
749942 1
749945 1
749946 1
749952 1
749971 1
749986 1
749999 1
750010 1
750017 1
750021 1
750022 1
750023 1
750067 1
750068 1
750070 1
750075 1
750079 1
750085 1
750099 1
750102 1
750127 1
750131 1
750132 1
750143 1
750144 1
750158 1
750159 1
750162 1
750176 2
750193 1
750207 1
750210 1
750215 1
750222 1
750232 1
750274 1
750277 1
750281 1
750286 1
750291 1
750306 1
750309 1
750329 1
750338 1
750349 1
750358 1
750361 1
750378 1
750385 1
750403 1
750406 1
750407 1
750413 1
750431 1
750437 1
750444 1
750448 1
750482 1
750489 1
750490 1
750498 1
750513 1
750519 1
750542 1
750549 1
750553 1
750554 1
750568 1
750575 1
750576 1
750582 1
750587 1
750591 1
750635 1
750642 1
750648 1
750651 2
750658 1
750659 1
750665 1
750666 1
750668 1
750682 1
750694 1
750704 1
750712 1
750717 1
750724 1
750727 1
750728 1
750739 1
750742 1
750746 1
750750 1
750751 1
750760 1
750761 1
750770 1
750773 1
750774 1
750780 1
750795 1
750799 1
750803 1
750811 1
750830 1
750840 1
750841 1
750846 1
750860 1
750864 1
750877 1
750880 1
750886 1
750894 1
750902 1
750903 1
750904 1
750914 1
750915 1
750920 1
750927 1
750929 1
750966 1
750973 1
750988 1
750993 1
751013 1
751014 1
751017 1
751028 1
751032 1
751037 1
751044 1
751051 1
751059 1
751061 1
751064 1
751078 1
751102 1
751112 2
751117 1
751135 2
751136 1
751150 1
751164 1
751170 1
751173 1
751179 2
751184 1
751187 1
751198 1
751231 1
751234 1
751242 1
751246 1
751247 1
751250 1
751251 1
751252 1
751257 1
751258 1
751268 1
751276 1
751289 1
751294 1
751297 1
751305 1
751310 1
751316 1
751320 1
751347 1
751348 1
751350 1
751356 1
751397 1
751404 1
751416 2
751417 1
751419 1
751420 1
751424 1
751426 1
751429 1
751430 1
751466 1
751473 1
751480 1
751490 1
751511 1
751525 1
751534 1
751541 1
751543 1
751550 1
751552 2
751571 1
751582 1
751583 1
751603 1
751616 1
751621 1
751623 1
751634 1
751644 1
751646 1
751649 1
751659 1
751666 1
751673 1
751678 1
751681 1
751682 1
751687 1
751694 1
751698 1
751705 1
751707 1
751735 1
751744 1
751749 1
751751 1
751753 1
751774 1
751776 1
751779 1
751785 1
751804 1
751822 1
751825 1
751826 1
751836 1
751842 1
751846 1
751847 1
751855 1
751862 1
751863 2
751867 1
751871 3
751883 1
751889 1
751892 1
751896 1
751924 1
751946 1
751952 1
751966 1
751973 1
751980 1
751982 1
752058 1
752062 1
752076 1
752078 5
752089 1
752091 2
752097 1
752107 1
752116 1
752119 1
752147 1
752148 1
752164 1
752168 1
752169 1
752174 1
752198 1
752214 1
752224 1
752237 1
752239 1
752249 1
752262 1
752277 1
752278 1
752282 1
752288 1
752295 1
752298 1
752307 1
752313 1
752334 1
752338 1
752343 1
752356 1
752372 1
752377 1
752380 1
752382 1
752388 1
752412 1
752431 1
752433 1
752457 1
752458 1
752469 1
752477 1
752479 1
752481 1
752486 1
752487 1
752493 1
752501 1
752503 1
752510 1
752511 1
752521 1
752522 1
752523 2
752524 1
752535 1
752538 1
752542 1
752544 1
752558 1
752565 1
752568 1
752571 1
752582 1
752584 1
752600 1
752601 1
752612 1
752616 1
752618 1
752624 1
752638 1
752641 1
752644 1
752657 1
752666 1
752667 1
752697 1
752702 1
752938 1
766997 1
841029 1
