16 4
27 1
34 3
62 1
86 1
92 1
106 1
112 1
143 1
170 1
174 1
194 1
234 1
286 1
338 1
463 1
528 1
663 1
669 1
737 1
881 1
936 2
988 1
990 1
1144 1
1354 1
1362 2
1437 3
1486 1
1551 1
1589 1
1603 5
1652 1
1756 1
1808 1
1838 1
1875 1
1908 12
1955 1
2050 1
2062 1
2119 1
2186 1
2233 1
2311 1
2335 2
2337 4
2348 1
2407 1
2463 2
2486 1
2518 1
2577 3
2587 1
2633 1
2635 1
2637 1
2745 2
2941 3
2959 2
3015 1
3119 1
3149 1
3227 1
3359 2
3421 1
3442 1
3683 2
3712 1
3736 1
3755 1
3868 2
3925 2
4022 3
4025 1
4066 1
4069 1
4076 1
4106 1
4173 2
4191 1
4235 1
4255 1
4258 2
4360 2
4377 1
4501 2
4670 1
4675 2
4799 1
4937 2
4974 1
4998 1
5121 1
5126 2
5166 1
5167 1
5208 1
5218 1
5387 1
5610 2
5876 1
5989 1
6009 1
6033 2
6174 1
6384 1
6444 1
6667 2
6668 2
6705 1
6763 1
6803 1
6847 1
6946 1
7083 1
7158 1
7189 2
7213 2
7295 1
7361 2
7432 1
7459 1
7487 1
7492 2
7574 1
7618 2
7655 1
7675 3
7818 1
7890 2
7923 2
7940 1
7951 2
8028 2
8104 1
8112 1
8183 1
8203 1
8234 4
8272 1
8285 2
8301 1
8307 1
8333 1
8364 2
8441 1
8560 1
8575 2
8614 1
8651 1
8662 1
8774 2
8849 1
9020 1
9103 1
9120 2
9216 1
9334 1
9335 1
9425 2
9854 1
9890 1
9966 3
9975 1
10134 1
10252 1
10259 1
10328 2
10411 1
10653 2
10661 1
10765 1
10784 1
10926 1
10984 1
11051 1
11169 1
11247 1
11308 2
11462 1
11467 1
11468 1
11470 5
11505 4
11633 1
11885 1
11973 1
11998 3
12007 1
12138 1
12163 1
12197 1
12203 1
12224 1
12528 2
12531 1
12786 1
12803 1
12814 1
12940 2
12970 1
12977 1
13001 1
13041 1
13059 1
13145 1
13260 3
13367 1
13442 1
13543 1
13624 1
13740 2
14071 1
14112 1
14218 1
14316 1
14483 1
14654 2
14664 1
14908 1
14911 1
14988 1
14991 2
15050 1
15125 2
15182 2
15391 1
15417 1
15493 1
15528 1
15537 1
15539 2
15564 1
15811 1
15854 1
15906 1
16026 3
16072 1
16092 1
16237 1
16349 1
16355 1
16396 1
16546 1
16547 1
16581 1
16956 1
16983 1
17004 1
17073 1
17669 1
17756 4
17879 1
17905 1
17912 1
18028 5
18040 1
18398 1
18434 1
18441 1
18476 1
18489 1
18561 1
18607 1
18684 1
18780 5
18783 1
18860 1
18864 2
18909 1
19022 1
19087 5
19161 1
19201 1
19288 1
19442 1
19480 1
19491 1
19550 1
19636 2
19643 2
19681 1
19867 1
19955 1
19958 1
20023 1
20061 1
20099 1
20115 1
20263 1
20561 1
20706 1
21076 1
21189 2
21343 1
21377 2
21391 1
21446 1
21502 1
21684 1
21729 1
21764 2
21802 1
21909 1
21949 1
21958 1
21959 1
22073 1
22115 1
22123 1
22128 1
22167 1
22294 2
22304 1
22313 2
22362 1
22400 2
22476 1
22486 3
22553 1
22901 1
23032 1
23183 1
23197 1
23207 1
23341 1
23349 1
23543 1
23674 1
23852 1
23929 2
24070 1
24098 2
24099 2
24237 1
24264 1
24306 1
24334 1
24416 1
24434 1
24479 1
24539 2
24743 1
24888 1
24892 1
24918 1
25120 1
25191 1
25215 2
25245 1
25273 2
25389 1
25467 1
25655 2
25816 2
25847 1
25863 3
25941 1
25988 1
25991 1
26096 1
26128 1
26146 1
26358 1
26426 1
26437 1
26468 3
26569 1
26617 1
26740 1
26745 1
26753 1
26840 1
26896 1
26898 1
27071 1
27155 1
27158 1
27542 1
27649 1
27890 3
27913 1
27972 1
28047 1
28094 1
28164 1
28190 2
28192 1
28343 1
28470 2
28733 1
28810 1
28839 1
28854 1
28923 1
29141 1
29194 1
29321 1
29373 1
29443 2
29479 1
29505 2
29541 1
29543 1
29773 1
29784 2
29891 2
29896 1
29928 1
29942 1
29993 1
29997 1
30051 1
30166 1
30427 1
30523 1
30532 1
30631 1
30745 1
30810 1
30879 1
31052 1
31071 1
31275 1
31601 2
31602 2
31675 2
31868 2
31979 1
32223 1
32253 1
32365 1
32424 1
32737 3
32845 1
32952 1
33108 1
33173 1
33245 1
33338 1
33908 1
34370 1
34950 1
34954 1
34995 1
35048 1
35373 1
35986 1
35988 1
36030 2
36247 2
36282 2
36536 1
36597 2
36668 1
36924 1
36935 1
36955 1
36997 1
37093 1
37139 1
37187 4
37705 1
37915 1
38076 1
38078 1
38249 1
38408 2
38452 1
38576 1
38650 1
38837 1
39003 2
39120 1
39200 1
39207 1
39618 1
39649 1
39823 1
39905 1
39928 1
39972 1
40001 1
40079 1
40101 1
40145 1
40211 1
40291 1
40575 2
40588 1
40707 1
40912 1
40939 2
41126 1
41210 1
41573 2
41602 1
41672 1
41674 1
41855 1
42093 2
42156 1
42732 1
42982 2
43183 1
43287 2
43432 1
43968 1
44250 2
44424 7
45069 1
45328 2
45623 1
45633 1
46250 2
46273 2
46590 1
46941 1
47033 1
47159 3
47168 3
47194 1
47305 1
47400 1
47416 1
47446 1
47515 1
47618 1
47681 1
47682 1
47684 1
47759 1
47817 1
47955 1
48157 1
48217 1
48273 2
48341 1
48370 1
48483 1
48570 1
49084 1
49293 1
49539 1
49650 1
49711 1
49952 1
50020 3
50203 1
50267 1
50325 1
50523 4
50694 1
50995 1
51172 2
51223 1
51269 1
51614 1
51680 2
51709 2
51743 1
51773 2
51822 2
51853 1
51854 1
51968 1
52031 1
52143 1
52228 1
52229 1
52311 1
52390 1
52417 1
52582 4
52652 2
52695 1
52729 1
52841 1
52883 2
53048 1
53093 2
53149 2
53309 1
53939 2
53989 1
54256 1
54555 1
54859 1
54960 1
55038 1
55186 3
55189 1
55278 1
55477 1
55646 1
55993 1
56222 1
56608 1
56679 2
56836 1
56892 1
57040 2
57258 2
57268 1
57341 1
57441 2
57506 1
57539 1
57756 2
57758 1
57867 1
57876 1
57991 2
58184 1
58459 1
59019 1
59040 2
59049 1
59271 1
59298 1
59416 1
59434 1
59438 1
59440 1
59471 2
59487 1
59536 1
59544 1
59604 2
59611 1
59626 1
59662 2
59663 1
59665 1
59666 1
59681 1
59707 1
59901 1
59922 1
59923 2
59924 2
59956 1
60064 2
60088 1
60129 1
60132 1
60159 1
60179 1
60241 1
60289 1
60297 1
60310 2
60369 1
60396 1
60459 1
60533 3
60554 1
60586 1
60611 1
60655 2
60659 1
60690 3
60746 2
60755 1
60772 1
60815 1
60875 1
60887 3
60927 2
60983 1
61029 1
61064 1
61077 1
61111 1
61113 1
61124 1
61202 1
61215 1
61217 3
61223 1
61225 1
61242 4
61251 2
61396 1
61416 1
61420 1
61452 1
61512 1
61533 1
61564 1
61566 2
61573 1
61592 2
61615 1
61640 1
61721 1
61848 1
61853 2
61874 1
61882 1
61885 1
61892 1
62010 1
62099 1
62110 1
62125 3
62153 1
62160 1
62180 1
62225 1
62243 1
62247 1
62259 1
62330 2
62338 2
62345 1
62393 1
62395 1
62404 1
62439 1
62451 1
62462 1
62464 1
62520 1
62533 1
62577 2
62612 1
62630 2
62669 1
62687 1
62704 1
62711 3
62726 1
62734 4
62772 1
62774 1
62803 1
62816 1
62897 1
62903 1
62924 1
62931 1
62962 2
62976 1
63020 2
63024 1
63029 3
63053 2
63065 1
63104 1
63145 1
63147 1
63157 1
63159 1
63205 1
63212 1
63260 1
63269 1
63280 1
63296 1
63347 1
63361 1
63470 1
63502 1
63524 1
63532 1
63555 1
63590 1
63611 4
63617 1
63634 1
63639 1
63669 2
63677 2
63724 1
63743 4
63750 1
63817 1
63818 1
63863 1
63865 1
63888 1
63903 1
63985 1
63991 1
63993 2
64018 2
64063 1
64097 1
64107 1
64115 1
64195 1
64209 3
64221 2
64236 3
64243 2
64251 1
64261 2
64300 1
64325 2
64341 1
64427 1
64437 1
64449 1
64485 1
64492 1
64502 1
64518 1
64520 3
64525 1
64569 2
64696 1
64706 1
64780 1
64788 1
64795 1
64803 1
64825 2
64844 1
64899 2
64949 1
64955 1
65018 1
65024 3
65032 1
65041 1
65070 1
65072 1
65111 2
65141 1
65164 1
65172 1
65174 1
65214 2
65241 1
65334 1
65398 1
65432 1
65446 1
65463 1
65506 1
65508 1
65524 1
65526 1
65531 1
65590 1
65615 1
65626 1
65628 1
65685 2
65737 1
65793 2
65818 1
65823 1
65827 1
65861 1
65890 1
65962 1
65964 1
65990 3
65999 1
66013 1
66065 1
66103 1
66107 1
66131 1
66210 1
66216 2
66228 1
66236 1
66287 1
66320 1
66339 1
66385 2
66429 1
66459 1
66543 1
66568 1
66627 1
66629 4
66637 2
66653 1
66679 1
66739 1
66789 1
66839 1
66845 1
66851 1
66855 1
66879 1
66918 1
66948 1
66957 1
66973 1
67008 1
67014 1
67042 1
67094 2
67134 1
67137 1
67151 1
67174 1
67247 1
67281 2
67353 1
67382 1
67398 1
67412 1
67440 1
67477 1
67483 1
67504 1
67506 1
67508 1
67557 1
67563 2
67608 1
67667 1
67670 1
67674 1
67734 1
67765 2
67836 1
67845 1
67847 1
67927 1
68010 1
68044 1
68056 1
68107 1
68199 4
68215 2
68224 1
68325 1
68327 1
68354 1
68430 1
68533 1
68542 1
68635 1
68645 1
68714 1
68772 1
68818 3
68884 1
68886 1
68909 1
68918 1
68920 3
68936 1
68971 2
68991 1
69089 1
69091 1
69125 2
69127 1
69129 1
69131 1
69133 1
69135 1
69137 1
69139 1
69141 1
69170 2
69177 1
69242 1
69244 1
69248 2
69283 2
69292 1
69301 2
69307 1
69492 3
69503 1
69527 1
69543 3
69601 1
69671 2
69720 1
69734 1
69743 1
69753 2
69764 1
69852 1
69856 1
69868 1
69879 2
69887 1
69921 1
69935 1
70007 1
70013 1
70048 1
70072 1
70118 1
70149 1
70160 1
70181 1
70192 3
70209 1
70267 1
70300 1
70308 1
70403 1
70474 1
70538 1
70555 1
70611 1
70614 1
70638 1
70674 2
70738 2
70760 1
70763 1
70769 2
70790 2
70828 1
70842 2
70890 1
70921 1
71003 2
71016 2
71061 2
71083 1
71106 1
71179 3
71295 3
71305 1
71343 1
71347 2
71375 1
71387 1
71432 1
71447 1
71451 1
71511 1
71520 1
71536 1
71560 1
71621 1
71627 1
71634 1
71682 2
71718 1
71725 2
71806 2
71861 1
71886 1
71906 1
71966 1
71997 1
72010 1
72016 3
72018 2
72020 1
72058 1
72104 1
72117 1
72234 1
72282 1
72297 1
72331 1
72336 1
72365 1
72392 1
72405 1
72411 1
72422 1
72451 1
72456 1
72530 1
72547 1
72550 1
72559 1
72582 1
72588 1
72625 1
72630 1
72652 2
72693 3
72703 1
72705 1
72723 1
72760 1
72833 1
72842 3
72854 2
72863 1
72874 1
72884 1
72922 1
72943 1
72970 1
73002 1
73046 1
73067 1
73091 1
73151 1
73192 1
73320 1
73349 1
73350 1
73387 1
73408 1
73422 1
73427 1
73494 1
73508 2
73522 2
73539 2
73550 1
73642 1
73657 1
73658 2
73677 1
73685 1
73695 1
73804 1
73818 1
73938 1
73992 1
74040 1
74056 1
74066 1
74130 1
74152 1
74171 1
74175 1
74231 1
74246 1
74290 2
74356 1
74369 1
74371 1
74408 2
74453 2
74474 1
74480 1
74543 1
74584 2
74586 1
74611 1
74626 1
74639 1
74649 1
74668 1
74671 1
74673 3
74700 1
74720 1
74746 1
74751 1
74766 1
74772 1
74790 1
74800 1
74820 1
74822 1
74857 1
74902 2
74932 2
74936 1
74966 2
74987 1
75047 1
75049 1
75066 1
75076 1
75140 1
75146 1
75171 1
75173 1
75179 4
75182 1
75226 2
75258 1
75275 1
75306 1
75312 2
75349 1
75374 1
75476 1
75582 1
75592 1
75605 1
75729 2
75735 1
75748 1
75763 1
75796 1
75800 1
75840 1
75846 2
75899 1
75901 1
75919 1
75924 1
75938 1
75950 3
75960 1
75977 2
75990 2
75994 1
76001 1
76062 1
76067 1
76077 1
76133 1
76145 1
76197 1
76198 1
76205 1
76212 1
76222 2
76241 1
76252 1
76272 1
76300 1
76304 1
76329 1
76331 1
76348 1
76381 1
76420 4
76496 1
76515 1
76521 1
76572 3
76598 2
76632 2
76657 1
76712 1
76721 1
76800 1
76830 1
76849 1
76859 1
76889 2
76915 1
76944 2
76952 1
76975 1
76986 2
76998 1
77045 1
77064 2
77105 5
77188 1
77193 1
77200 1
77263 1
77293 1
77329 1
77358 1
77360 2
77371 1
77384 2
77412 3
77416 1
77501 1
77513 3
77534 2
77541 1
77553 1
77563 1
77576 1
77623 1
77642 2
77664 1
77671 1
77706 1
77727 1
77737 4
77743 1
77749 1
77756 1
77773 1
77777 1
77809 1
77830 2
77848 2
77864 1
77881 1
77952 1
77970 2
77995 1
77997 1
78018 1
78040 1
78055 5
78060 1
78071 1
78085 1
78143 1
78151 1
78170 1
78172 2
78210 1
78225 1
78240 1
78245 2
78268 1
78313 1
78318 2
78337 1
78354 1
78391 4
78395 1
78426 1
78429 1
78437 1
78481 2
78531 1
78589 1
78721 1
78775 1
78788 1
78830 1
78850 2
78852 1
78854 2
78856 1
78864 1
78890 1
78906 1
78954 1
79025 1
79055 1
79059 1
79065 1
79107 2
79124 3
79191 1
79248 1
79274 1
79277 1
79283 1
79323 1
79352 4
79399 1
79413 1
79440 1
79459 1
79462 1
79488 1
79516 1
79551 1
79655 1
79657 1
79679 1
79686 1
79690 1
79702 1
79716 1
79721 1
79733 1
79767 1
79832 1
79837 1
79858 1
79924 1
79939 1
79943 1
79966 1
79980 2
79987 1
80009 2
80074 1
80080 1
80090 1
80135 3
80149 1
80159 1
80163 1
80203 4
80209 1
80221 1
80234 1
80299 1
80363 1
80375 1
80377 1
80379 1
80404 1
80440 1
80450 13
80457 1
80520 1
80545 1
80558 1
80580 2
80597 1
80607 2
80612 1
80639 1
80640 2
80642 1
80655 1
80661 2
80671 1
80691 1
80706 1
80714 1
80715 3
80718 1
80719 1
80732 1
80739 1
80746 1
80764 1
80773 2
80779 1
80780 1
80781 1
80783 1
80788 1
80793 1
80794 1
80797 1
80808 1
80814 1
80815 2
80822 1
80827 1
80828 1
80832 1
80834 1
80852 1
80855 1
80868 3
80869 1
80874 1
80880 1
80902 1
80906 1
80909 1
80934 1
80935 1
80942 2
80948 1
80953 1
80964 1
80967 2
80968 1
80971 1
80972 1
80973 2
80976 2
80980 1
80985 1
80989 1
81006 1
81008 1
81010 1
81012 1
81020 1
81024 1
81025 1
81031 1
81038 2
81042 1
81043 1
81050 1
81063 1
81064 1
81067 1
81069 1
81073 1
81075 2
81076 1
81080 1
81085 1
81100 1
81109 1
81110 1
81112 1
81115 1
81118 2
81120 1
81121 1
81138 1
81143 1
81149 1
81155 1
81158 1
81164 1
81174 1
81176 1
81182 1
81184 1
81186 1
81188 2
81191 1
81192 1
81193 1
81194 1
81196 1
81197 1
81199 1
81205 1
81218 1
81234 1
81238 1
81242 2
81251 1
81268 1
81270 1
81275 1
81277 1
81279 1
81280 1
81282 1
81296 1
81301 1
81305 1
81323 1
81325 1
81332 1
81337 1
81339 1
81340 1
81344 1
81345 1
81347 1
81355 3
81365 2
81367 1
81373 1
81384 1
81390 2
81392 1
81394 1
81396 1
81398 1
81406 2
81409 1
81412 1
81413 1
81423 1
81425 1
81429 1
81432 1
81434 1
81441 1
81448 1
81449 1
81458 1
81460 1
81470 1
81474 1
81475 2
81478 1
81482 1
81491 1
81492 1
81493 1
81499 1
81502 1
81503 1
81505 2
81507 1
81509 1
81514 1
81518 1
81521 1
81523 1
81528 1
81530 1
81535 1
81546 1
81549 2
81550 1
81551 1
81559 1
81571 1
81579 1
81581 1
81594 3
81602 1
81617 1
81630 1
81631 1
81634 1
81643 1
81646 2
81652 1
81658 1
81666 1
81674 1
81675 1
81680 1
81685 1
81687 1
81689 1
81692 1
81694 1
81704 1
81726 1
81730 1
81731 1
81735 1
81739 1
81740 3
81750 1
81751 1
81760 1
81761 1
81769 1
81778 1
81780 1
81788 1
81798 1
81813 1
81829 1
81832 1
81835 1
81844 1
81856 1
81863 1
81871 1
81872 1
81873 1
81889 1
81899 1
81901 1
81916 1
81922 1
81932 1
81934 1
81941 1
81948 1
81960 1
81962 1
81967 2
81971 1
81973 1
81978 1
81983 1
81987 1
81988 2
82000 1
82012 1
82014 1
82023 1
82027 1
82039 1
82043 1
82045 1
82051 1
82059 2
82063 1
82072 1
82074 1
82082 3
82089 3
82092 1
82095 1
82103 2
82110 1
82121 2
82123 1
82126 1
82132 1
82140 1
82142 1
82148 1
82149 1
82155 2
82156 3
82159 1
82166 1
82168 1
82169 2
82170 1
82178 1
82182 1
82187 3
82192 1
82202 1
82211 1
82213 1
82215 2
82218 1
82222 1
82232 1
82233 1
82236 1
82253 1
82256 1
82257 1
82258 1
82260 1
82262 1
82270 1
82274 1
82277 1
82279 3
82285 1
82298 1
82301 2
82303 1
82306 1
82307 1
82311 2
82314 1
82317 1
82328 1
82345 2
82346 2
82347 1
82349 1
82357 1
82358 1
82360 1
82363 3
82364 1
82366 1
82369 2
82370 1
82381 1
82387 1
82393 2
82394 1
82400 1
82401 1
82403 1
82405 1
82420 1
82424 1
82430 1
82431 1
82435 1
82438 1
82442 1
82444 1
82449 1
82450 1
82462 1
82465 1
82470 1
82476 1
82481 1
82485 1
82487 2
82500 2
82507 1
82509 1
82511 1
82517 1
82519 1
82531 3
82533 1
82536 1
82538 1
82540 1
82543 1
82547 2
82568 1
82574 1
82577 1
82587 1
82590 1
82593 1
82595 1
82601 1
82603 1
82609 1
82611 2
82613 1
82614 1
82629 1
82640 1
82646 1
82649 1
82651 2
82652 1
82659 1
82662 1
82663 1
82670 1
82682 1
82698 2
82712 1
82719 1
82720 1
82728 1
82733 3
82738 1
82741 1
82745 1
82746 2
82747 1
82749 1
82752 1
82754 1
82763 2
82778 1
82779 1
82789 1
82794 1
82801 1
82807 1
82814 1
82820 3
82826 1
82829 1
82831 1
82833 1
82837 2
82859 1
82864 1
82872 1
82877 2
82878 1
82880 1
82883 1
82888 1
82891 2
82894 2
82901 1
82907 1
82911 1
82919 1
82923 1
82926 1
82932 1
82944 1
82946 1
82962 2
82964 1
82974 1
82983 1
82996 1
82998 1
83009 1
83010 2
83011 1
83012 1
83022 1
83030 1
83031 1
83043 1
83047 1
83050 1
83066 1
83070 1
83072 2
83076 1
83079 1
83081 1
83083 1
83093 1
83100 1
83109 1
83114 1
83116 1
83122 1
83124 1
83149 1
83183 1
83189 1
83197 1
83200 1
83207 1
83209 1
83215 1
83219 1
83226 1
83231 1
83238 1
83239 1
83241 1
83249 1
83264 1
83270 1
83279 2
83286 1
83288 1
83296 1
83303 1
83304 1
83309 1
83314 2
83318 1
83325 2
83331 1
83332 2
83348 1
83350 1
83353 1
83355 1
83363 1
83364 1
83372 1
83374 1
83375 1
83377 1
83378 1
83383 2
83385 1
83387 1
83397 1
83399 3
83401 1
83402 1
83404 1
83410 1
83424 2
83428 1
83430 1
83433 1
83434 1
83437 2
83448 1
83451 3
83453 1
83454 1
83456 1
83457 2
83461 1
83462 1
83464 1
83468 1
83476 1
83477 1
83479 1
83485 1
83500 1
83501 1
83513 1
83524 1
83528 1
83531 1
83534 2
83538 1
83543 1
83544 1
83548 1
83555 1
83568 1
83583 1
83589 1
83590 3
83594 2
83599 1
83603 1
83605 2
83610 1
83616 1
83625 1
83627 1
83634 1
83637 1
83648 1
83649 1
83650 1
83655 1
83663 1
83665 2
83666 1
83672 1
83675 1
83692 1
83695 1
83698 1
83699 1
83700 1
83705 1
83716 1
83726 1
83728 1
83732 1
83736 1
83737 1
83740 1
83744 1
83748 1
83749 1
83752 1
83754 1
83755 1
83758 1
83773 3
83775 1
83777 1
83781 1
83784 1
83798 1
83803 1
83808 1
83817 2
83818 1
83820 1
83821 1
83832 1
83837 1
83850 1
83851 1
83862 1
83867 1
83878 1
83881 1
83883 1
83889 1
83904 2
83913 1
83919 1
83920 1
83926 1
83927 1
83931 1
83938 1
83940 1
83946 1
83948 1
83951 1
83959 1
83966 1
83969 1
83986 1
83988 1
83992 1
83994 1
83995 1
83996 1
84000 1
84002 1
84010 1
84014 1
84018 1
84021 1
84026 1
84028 1
84035 1
84041 1
84050 1
84058 1
84059 1
84061 1
84065 1
84072 2
84078 1
84080 1
84090 1
84091 1
84098 1
84103 1
84111 1
84114 1
84115 1
84121 1
84136 1
84142 1
84145 1
84149 1
84150 1
84156 1
84157 1
84162 2
84167 1
84171 1
84179 1
84188 1
84209 1
84214 1
84219 1
84221 1
84226 1
84234 1
84247 1
84249 1
84258 1
84263 1
84271 1
84277 1
84285 1
84292 1
84304 1
84311 1
84314 1
84321 2
84323 1
84334 1
84338 2
84339 1
84340 1
84342 1
84350 1
84355 1
84358 1
84365 1
84379 1
84390 1
84391 1
84393 1
84398 1
84403 1
84407 1
84409 1
84422 1
84425 2
84428 1
84430 1
84432 1
84434 2
84441 1
84442 1
84443 1
84456 1
84458 1
84463 1
84465 1
84473 1
84481 1
84488 1
84494 1
84499 1
84507 1
84518 1
84522 1
84525 1
84527 1
84534 1
84540 1
84543 1
84548 1
84549 1
84554 1
84556 1
84557 1
84567 1
84577 1
84582 1
84583 1
84596 1
84600 1
84602 1
84613 1
84619 1
84620 1
84630 1
84638 1
84640 1
84642 1
84655 1
84662 1
84677 1
84687 1
84694 1
84711 1
84738 1
84764 3
84770 1
84771 1
84773 1
84776 1
84778 1
84782 1
84784 2
84805 1
84813 1
84827 1
84837 1
84839 1
84845 1
84848 1
84849 1
84861 1
84864 2
84870 1
84872 1
84873 1
84879 1
84880 1
84890 1
84891 2
84893 1
84896 1
84898 3
84901 5
84902 1
84908 1
84932 2
84937 1
84961 1
84962 1
84973 1
84975 1
84979 1
84986 1
84996 1
85001 1
85005 3
85022 3
85036 2
85041 1
85068 1
85076 1
85081 1
85082 1
85087 1
85094 1
85099 1
85106 1
85110 1
85121 1
85126 2
85129 1
85131 1
85136 1
85141 1
85146 1
85149 1
85163 2
85169 1
85177 1
85185 1
85190 1
85196 1
85205 1
85207 1
85208 1
85211 1
85218 1
85222 1
85223 1
85227 1
85228 1
85230 1
85231 1
85246 1
85247 2
85248 1
85255 1
85256 1
85259 1
85262 1
85266 2
85274 1
85298 1
85301 1
85309 1
85314 1
85315 1
85318 1
85336 1
85339 2
85341 2
85345 2
85347 1
85348 1
85355 1
85357 1
85358 1
85361 1
85363 1
85375 1
85390 2
85394 1
85401 1
85403 1
85404 1
85414 1
85415 1
85421 1
85424 1
85425 1
85431 1
85433 1
85446 1
85447 1
85451 1
85455 1
85466 1
85471 1
85473 1
85489 1
85491 1
85500 1
85501 1
85504 1
85511 1
85512 2
85515 1
85520 2
85523 1
85524 1
85527 1
85532 1
85547 1
85552 1
85574 1
85583 1
85588 1
85590 3
85592 1
85598 1
85602 2
85612 1
85629 1
85633 1
85635 1
85649 1
85651 1
85653 1
85669 1
85672 1
85674 1
85687 1
85690 1
85703 1
85709 1
85718 1
85727 1
85745 1
85746 1
85752 1
85759 1
85765 1
85766 1
85771 1
85772 1
85773 1
85778 1
85781 2
85782 1
85783 1
85785 1
85788 1
85796 2
85798 1
85799 1
85809 1
85811 1
85815 1
85823 1
85825 2
85826 1
85827 1
85828 2
85833 1
85841 1
85843 1
85844 1
85859 1
85860 1
85864 1
85865 1
85878 1
85882 1
85884 1
85903 1
85904 1
85906 1
85907 1
85915 3
85921 1
85934 1
85938 1
85940 1
85942 1
85948 1
85955 1
85960 1
85961 1
85962 1
85964 1
85965 1
85966 1
85968 1
85975 2
85986 1
85988 1
85996 1
86002 1
86004 1
86006 1
86019 1
86023 2
86030 1
86031 1
86039 1
86040 1
86047 1
86049 1
86058 1
86063 1
86064 3
86067 1
86070 1
86071 1
86074 2
86080 1
86082 1
86084 1
86087 2
86088 2
86102 1
86108 1
86114 1
86115 1
86116 1
86146 1
86149 1
86157 1
86162 1
86165 5
86173 1
86179 1
86181 5
86198 1
86199 1
86200 1
86201 1
86202 1
86205 1
86207 1
86221 2
86228 1
86229 1
86233 1
86242 1
86248 1
86249 1
86250 1
86252 1
86256 1
86257 1
86259 1
86266 1
86270 1
86271 1
86273 1
86279 1
86281 1
86284 1
86288 1
86292 2
86297 1
86305 1
86309 1
86310 1
86320 1
86322 1
86329 1
86331 1
86339 1
86368 1
86372 2
86376 1
86380 1
86383 1
86386 1
86396 1
86402 1
86403 2
86424 1
86425 2
86427 1
86431 1
86433 1
86436 1
86441 1
86442 1
86445 1
86447 1
86452 1
86456 1
86465 1
86466 2
86470 1
86473 1
86477 1
86478 1
86480 1
86481 1
86492 1
86501 1
86509 1
86513 1
86514 1
86519 1
86520 1
86525 1
86527 1
86541 1
86546 1
86555 1
86557 1
86558 1
86559 1
86563 1
86564 1
86566 1
86572 1
86583 1
86592 1
86600 1
86606 1
86607 1
86608 1
86618 1
86624 1
86641 1
86643 1
86645 1
86649 1
86651 1
86658 1
86660 1
86662 1
86668 1
86672 1
86675 2
86678 1
86690 3
86694 1
86697 1
86699 1
86704 1
86714 1
86718 1
86719 1
86721 1
86726 1
86729 1
86734 1
86736 1
86739 1
86741 1
86746 2
86747 1
86750 1
86752 1
86755 2
86763 1
86785 1
86787 1
86792 1
86795 1
86804 1
86806 1
86808 1
86809 1
86810 1
86811 1
86824 1
86829 1
86835 1
86836 1
86840 1
86843 1
86846 3
86851 1
86855 1
86860 1
86861 1
86867 1
86870 2
86873 2
86874 1
86885 2
86897 1
86900 1
86916 1
86918 1
86919 1
86924 19
86930 1
86937 1
86945 1
86948 2
86952 1
86966 1
86979 1
86986 3
86995 1
87000 1
87001 1
87003 2
87004 1
87011 1
87012 1
87017 1
87020 1
87023 1
87024 1
87036 1
87038 1
87040 1
87048 1
87050 1
87054 2
87056 1
87058 1
87069 2
87070 1
87072 1
87077 1
87078 1
87090 1
87096 1
87105 1
87112 1
87120 1
87124 1
87128 1
87135 1
87144 1
87147 1
87148 2
87150 1
87165 1
87168 1
87177 1
87198 2
87199 1
87200 1
87202 1
87203 1
87206 1
87208 1
87210 1
87216 2
87220 1
87221 1
87225 1
87227 1
87230 1
87233 1
87235 1
87237 1
87241 1
87246 1
87250 1
87253 3
87263 1
87264 3
87268 1
87271 1
87273 1
87279 1
87287 1
87288 1
87291 1
87295 1
87302 1
87310 1
87316 1
87318 2
87320 1
87321 1
87346 1
87347 1
87348 1
87350 1
87353 1
87359 1
87364 1
87365 1
87370 1
87386 1
87395 1
87401 1
87406 1
87408 1
87412 1
87423 1
87427 1
87431 1
87433 1
87441 1
87450 1
87455 1
87462 1
87463 1
87471 1
87473 1
87476 1
87477 1
87481 1
87484 1
87486 1
87487 1
87492 1
87499 1
87500 1
87508 1
87509 1
87511 1
87512 1
87514 1
87520 1
87524 1
87528 1
87529 1
87541 1
87549 1
87558 1
87560 1
87564 1
87568 2
87569 1
87570 1
87576 1
87580 1
87586 1
87587 1
87589 1
87596 1
87605 1
87610 1
87614 1
87621 1
87623 2
87627 1
87632 1
87641 1
87644 2
87645 1
87648 1
87657 1
87665 1
87668 1
87677 1
87687 1
87715 1
87718 1
87732 1
87733 1
87737 1
87742 1
87752 1
87772 1
87773 1
87780 1
87781 1
87782 2
87783 1
87785 1
87786 1
87788 2
87791 1
87792 1
87798 1
87801 1
87803 1
87804 1
87806 1
87810 1
87815 1
87817 1
87826 1
87827 1
87828 1
87829 1
87840 1
87842 1
87843 1
87847 2
87852 1
87855 1
87856 1
87858 1
87860 1
87862 1
87863 1
87864 1
87867 1
87868 1
87869 1
87875 1
87876 1
87885 2
87890 1
87891 1
87892 1
87898 1
87899 3
87900 1
87901 1
87904 1
87909 1
87913 1
87914 2
87916 1
87918 1
87924 1
87930 2
87931 1
87933 2
87935 1
87941 1
87947 1
87952 1
87967 1
87973 1
87979 1
87980 1
87982 1
87985 1
87989 1
87990 1
87997 1
87998 1
88003 1
88010 1
88016 1
88028 1
88038 1
88039 1
88046 3
88056 3
88062 2
88066 1
88084 2
88087 1
88090 1
88091 1
88097 1
88100 1
88103 1
88106 1
88110 1
88118 1
88120 1
88121 1
88133 1
88137 1
88143 1
88148 1
88151 2
88158 1
88170 1
88173 1
88174 1
88181 1
88184 1
88191 2
88203 1
88206 1
88211 1
88221 1
88232 1
88233 1
88242 1
88245 1
88263 1
88277 1
88278 1
88279 1
88282 1
88284 1
88288 2
88291 1
88294 1
88296 1
88306 1
88307 2
88309 2
88310 1
88311 1
88313 1
88320 1
88321 1
88324 1
88344 1
88356 1
88359 1
88361 1
88362 1
88368 1
88375 1
88386 1
88387 1
88393 1
88402 1
88405 2
88416 1
88417 1
88425 1
88427 1
88430 1
88435 1
88438 1
88449 1
88454 1
88455 1
88456 1
88459 1
88462 1
88464 1
88467 1
88470 1
88471 2
88475 1
88483 1
88487 1
88497 1
88498 1
88499 1
88500 1
88503 1
88521 1
88526 2
88529 1
88540 1
88553 1
88555 1
88556 1
88560 1
88567 1
88570 1
88574 1
88575 1
88576 1
88584 1
88591 1
88592 1
88597 1
88602 1
88604 1
88607 1
88610 1
88615 1
88616 1
88627 1
88633 1
88640 1
88641 1
88642 1
88645 1
88649 1
88650 2
88657 2
88658 1
88663 1
88668 1
88669 1
88672 1
88681 2
88682 1
88691 1
88692 1
88696 1
88699 1
88719 1
88727 1
88728 1
88733 1
88748 1
88749 1
88754 3
88763 1
88765 2
88771 1
88784 1
88787 1
88790 1
88797 1
88798 1
88799 1
88813 1
88821 1
88822 1
88823 1
88824 1
88827 2
88828 1
88829 1
88837 1
88842 1
88848 1
88857 6
88858 1
88863 2
88866 2
88879 1
88882 1
88883 1
88884 1
88889 1
88893 1
88896 1
88904 1
88907 1
88908 2
88911 1
88919 1
88921 1
88926 1
88941 1
88942 3
88946 1
88949 1
88960 1
88965 1
88966 2
88970 3
88976 1
88978 1
88985 1
88986 1
88987 1
88992 1
88998 2
89009 1
89031 1
89038 1
89039 1
89040 1
89048 1
89050 1
89064 1
89066 2
89068 1
89070 1
89075 1
89077 1
89090 1
89091 1
89094 1
89097 1
89100 1
89102 1
89103 1
89104 1
89106 1
89107 1
89110 1
89111 1
89118 1
89119 2
89122 1
89128 1
89129 1
89133 1
89139 1
89140 1
89146 1
89150 1
89151 1
89155 1
89157 1
89168 2
89171 3
89172 1
89173 1
89174 1
89188 3
89191 1
89201 1
89205 1
89207 1
89216 2
89218 1
89228 1
89232 1
89238 1
89254 2
89260 1
89263 1
89267 1
89269 1
89275 1
89276 2
89277 1
89279 1
89288 2
89295 2
89299 1
89322 1
89327 1
89335 1
89339 1
89340 1
89347 1
89351 1
89356 1
89360 2
89362 2
89376 1
89377 1
89385 1
89389 2
89390 3
89396 1
89398 1
89399 1
89418 2
89420 1
89433 1
89434 1
89435 1
89436 1
89438 2
89441 1
89443 1
89447 1
89452 1
89455 1
89456 1
89466 1
89472 2
89473 1
89477 1
89485 1
89486 1
89492 1
89497 1
89498 1
89500 1
89504 1
89509 1
89510 1
89514 1
89516 1
89519 1
89522 1
89523 1
89524 1
89525 3
89533 1
89534 2
89540 1
89543 1
89547 1
89551 1
89557 1
89561 1
89564 1
89571 1
89577 2
89583 1
89593 1
89594 1
89609 1
89617 1
89621 1
89622 1
89623 1
89624 1
89628 1
89629 1
89634 1
89639 1
89640 1
89646 1
89647 1
89651 1
89654 1
89657 1
89662 1
89664 1
89666 4
89669 1
89672 1
89675 1
89679 1
89681 1
89684 1
89687 1
89688 1
89691 2
89698 1
89700 1
89706 1
89709 1
89716 1
89717 1
89719 2
89720 1
89725 1
89730 2
89733 1
89744 1
89745 1
89746 1
89751 1
89762 1
89776 1
89783 1
89791 1
89808 1
89813 1
89815 1
89817 1
89823 1
89825 1
89829 1
89832 1
89834 1
89836 2
89837 1
89839 1
89840 1
89850 4
89853 1
89857 1
89858 1
89859 1
89860 1
89867 1
89870 1
89874 1
89877 1
89883 1
89886 1
89887 1
89895 1
89899 1
89900 1
89905 1
89906 1
89923 1
89924 1
89925 1
89927 1
89928 1
89936 2
89942 1
89944 1
89954 1
89955 1
89960 1
89962 1
89967 1
89971 1
89978 1
89982 1
89983 2
89992 2
90009 1
90013 1
90017 1
90019 1
90020 1
90028 1
90033 3
90034 1
90037 1
90041 1
90042 2
90044 1
90057 1
90058 1
90061 1
90073 1
90087 1
90097 1
90101 1
90105 2
90107 1
90108 1
90115 1
90117 1
90120 1
90128 1
90135 1
90140 1
90142 1
90146 1
90148 3
90151 1
90152 1
90153 1
90161 1
90164 1
90173 1
90174 1
90176 1
90182 1
90195 2
90199 1
90208 1
90211 1
90213 1
90214 1
90217 1
90219 1
90225 1
90228 1
90230 1
90234 2
90239 1
90240 2
90242 1
90255 1
90283 1
90284 1
90286 1
90288 1
90294 1
90300 1
90307 1
90310 1
90323 2
90329 1
90334 1
90342 1
90347 1
90351 1
90355 1
90359 1
90366 1
90368 1
90373 2
90375 1
90377 3
90378 1
90389 1
90395 1
90396 2
90402 1
90404 1
90405 2
90414 1
90420 1
90437 1
90443 1
90450 2
90454 1
90460 1
90469 1
90482 1
90488 1
90489 1
90492 1
90500 1
90512 1
90514 1
90517 1
90520 1
90522 2
90526 1
90530 2
90532 1
90538 1
90552 1
90553 1
90557 1
90566 1
90572 1
90573 1
90578 1
90580 1
90585 1
90590 1
90591 1
90597 1
90598 2
90606 1
90610 1
90618 1
90619 1
90622 1
90632 1
90634 1
90635 1
90637 1
90643 1
90644 2
90646 1
90647 1
90664 1
90670 1
90674 1
90675 2
90686 1
90690 1
90706 1
90709 1
90712 1
90718 1
90720 1
90721 1
90722 5
90728 1
90733 1
90736 1
90738 1
90749 1
90750 1
90754 1
90762 2
90767 1
90768 1
90769 1
90774 1
90779 1
90781 1
90791 1
90792 1
90794 1
90797 1
90800 1
90804 1
90805 1
90806 1
90810 1
90817 1
90821 1
90822 1
90825 1
90826 1
90832 1
90834 1
90847 1
90850 1
90852 1
90853 2
90856 1
90861 1
90863 1
90866 1
90867 1
90877 1
90878 1
90884 1
90888 1
90890 1
90893 2
90898 1
90901 1
90904 2
90906 4
90911 1
90914 1
90917 1
90932 1
90934 1
90937 1
90939 1
90940 1
90944 1
90948 2
90950 1
90954 1
90958 1
90986 1
90988 1
90990 1
90994 1
90996 1
91000 1
91005 1
91006 1
91010 1
91012 1
91016 1
91018 1
91022 1
91026 1
91027 2
91029 1
91040 1
91046 1
91051 1
91055 1
91058 2
91062 1
91066 1
91067 1
91074 1
91081 1
91082 1
91083 1
91084 2
91088 1
91090 1
91091 1
91092 2
91097 1
91108 1
91110 1
91111 1
91114 1
91117 1
91121 1
91122 1
91142 1
91149 1
91150 1
91152 1
91156 1
91160 1
91163 1
91168 1
91173 1
91174 1
91175 1
91176 1
91182 1
91186 1
91187 1
91188 1
91189 1
91191 1
91199 1
91208 1
91209 1
91211 1
91214 1
91216 1
91218 1
91238 2
91243 1
91247 2
91253 1
91260 1
91264 1
91265 2
91267 1
91272 1
91276 1
91285 4
91287 1
91294 1
91299 2
91301 1
91315 1
91317 1
91320 3
91331 1
91338 2
91339 1
91342 1
91343 1
91352 1
91357 1
91363 1
91366 1
91374 1
91375 1
91384 2
91388 1
91394 1
91398 1
91400 1
91403 1
91404 1
91405 1
91416 1
91418 1
91421 1
91426 1
91427 1
91428 1
91432 1
91433 2
91435 1
91442 1
91455 2
91457 1
91462 1
91464 1
91465 2
91467 1
91470 1
91475 3
91476 1
91482 1
91484 1
91487 1
91489 1
91500 1
91503 1
91504 1
91510 1
91511 1
91528 1
91536 1
91544 1
91548 1
91550 1
91555 1
91560 1
91570 1
91572 1
91574 1
91580 1
91581 1
91586 2
91587 1
91590 1
91591 1
91592 1
91596 1
91604 1
91609 1
91612 1
91623 1
91633 2
91634 1
91636 1
91639 1
91652 2
91653 1
91654 2
91658 1
91661 1
91671 2
91672 1
91674 1
91683 1
91684 1
91689 1
91697 1
91708 1
91719 1
91720 1
91729 1
91732 1
91735 2
91737 1
91741 1
91752 1
91755 1
91757 2
91762 1
91768 1
91779 1
91791 1
91793 1
91807 2
91810 1
91811 1
91812 1
91814 1
91817 1
91819 1
91822 1
91836 1
91842 1
91845 1
91847 2
91850 1
91863 2
91867 1
91874 2
91880 1
91882 1
91885 3
91886 1
91887 1
91888 1
91889 1
91893 1
91894 1
91895 1
91896 1
91897 1
91898 2
91903 1
91904 1
91906 2
91914 2
91927 1
91935 1
91936 1
91940 1
91947 2
91951 1
91967 1
91974 1
91976 1
91988 1
91990 1
91993 1
92004 1
92007 1
92009 1
92011 1
92012 1
92019 1
92021 1
92022 1
92023 1
92030 2
92033 1
92037 1
92040 1
92044 2
92046 1
92047 2
92050 1
92051 1
92053 1
92054 1
92055 1
92068 1
92069 2
92076 1
92084 1
92085 1
92087 1
92097 1
92106 1
92112 2
92116 1
92122 1
92125 1
92130 1
92132 1
92136 1
92138 1
92140 1
92147 1
92151 1
92155 1
92158 1
92161 1
92162 1
92171 1
92177 2
92182 1
92184 1
92188 1
92192 1
92193 2
92196 1
92198 2
92204 1
92208 1
92215 2
92218 2
92228 1
92235 1
92236 1
92239 1
92241 1
92242 1
92246 1
92247 1
92248 1
92252 1
92262 1
92277 1
92281 1
92284 1
92287 1
92288 1
92292 1
92293 1
92297 1
92301 1
92305 1
92316 1
92320 1
92329 1
92341 1
92344 1
92346 1
92349 1
92351 1
92357 1
92360 1
92365 1
92366 1
92368 1
92369 1
92378 1
92380 1
92383 1
92386 1
92392 1
92404 1
92411 1
92424 1
92425 1
92426 1
92428 1
92434 1
92454 1
92457 1
92458 1
92460 1
92462 1
92463 1
92467 2
92473 1
92477 1
92479 1
92485 1
92487 2
92499 1
92505 1
92511 1
92513 1
92526 1
92527 2
92531 1
92537 1
92543 1
92549 1
92554 2
92560 1
92563 1
92570 3
92574 1
92576 1
92580 2
92585 1
92599 1
92600 1
92602 1
92604 1
92606 1
92608 1
92610 1
92613 1
92617 1
92625 1
92629 4
92632 1
92634 2
92645 1
92647 1
92648 1
92653 2
92657 1
92663 1
92665 1
92675 1
92699 1
92702 1
92703 1
92711 1
92715 1
92729 1
92731 1
92736 1
92747 1
92752 1
92753 1
92757 1
92761 1
92762 1
92763 1
92770 1
92771 1
92775 1
92780 1
92782 1
92785 1
92788 1
92789 1
92791 2
92793 1
92795 1
92796 1
92797 1
92799 1
92804 2
92806 5
92807 1
92810 1
92811 1
92812 1
92815 1
92822 1
92823 1
92824 1
92825 1
92831 1
92835 1
92836 1
92838 1
92840 1
92844 1
92846 1
92852 1
92854 2
92858 1
92859 1
92865 1
92872 2
92877 2
92886 1
92889 1
92893 1
92894 1
92902 1
92907 1
92909 1
92916 1
92920 1
92948 1
92951 1
92953 1
92969 1
92973 1
92977 1
92981 1
92984 1
92986 2
92987 1
92992 2
92998 2
93001 1
93005 1
93015 1
93021 1
93028 1
93041 1
93045 3
93054 1
93055 1
93063 1
93065 1
93066 1
93071 3
93072 1
93073 1
93084 1
93086 1
93088 1
93093 1
93100 1
93101 2
93103 1
93106 1
93107 1
93117 1
93118 1
93120 1
93121 1
93128 1
93133 1
93140 1
93142 1
93147 1
93151 1
93159 1
93162 1
93169 1
93173 1
93176 1
93178 1
93179 1
93180 2
93184 1
93186 1
93194 1
93207 1
93211 1
93213 1
93216 1
93228 1
93235 1
93236 1
93238 1
93241 1
93244 1
93251 1
93252 1
93253 1
93258 1
93264 1
93281 1
93291 1
93304 1
93308 1
93310 1
93315 1
93317 1
93326 1
93328 1
93330 1
93338 1
93340 2
93346 1
93351 1
93357 1
93359 1
93361 1
93362 1
93364 1
93366 1
93370 1
93371 1
93372 1
93374 1
93381 1
93387 1
93388 1
93391 1
93395 1
93397 1
93402 2
93415 1
93417 1
93418 1
93426 1
93435 1
93437 1
93445 1
93449 1
93452 1
93457 1
93465 1
93468 2
93472 1
93477 1
93480 1
93482 1
93486 1
93488 1
93512 1
93514 1
93520 1
93521 1
93527 1
93529 1
93535 1
93539 1
93542 2
93544 2
93546 1
93552 1
93556 1
93559 1
93561 1
93566 1
93570 1
93593 1
93594 1
93596 1
93605 1
93611 1
93613 1
93621 2
93625 1
93629 1
93637 1
93639 1
93649 1
93651 1
93652 1
93654 1
93655 1
93657 1
93662 1
93664 3
93669 1
93673 1
93674 1
93676 1
93680 2
93682 1
93691 1
93692 1
93702 2
93704 1
93708 1
93709 1
93717 1
93720 2
93721 1
93723 1
93734 1
93737 1
93739 1
93744 2
93746 1
93753 1
93754 1
93758 1
93759 1
93768 1
93770 1
93771 1
93774 1
93777 1
93778 1
93791 1
93793 1
93797 1
93801 1
93803 1
93810 1
93816 1
93817 1
93820 1
93821 1
93830 1
93835 1
93838 1
93839 1
93841 1
93843 1
93845 1
93846 4
93850 1
93857 1
93860 1
93862 1
93863 1
93875 1
93878 1
93891 2
93896 1
93898 1
93909 1
93914 1
93916 1
93918 1
93920 1
93931 1
93933 1
93937 1
93947 1
93949 1
93950 1
93954 1
93964 1
93973 1
93975 1
93983 1
93988 2
93993 1
93995 1
94002 1
94004 1
94005 1
94010 1
94013 1
94014 1
94016 2
94021 4
94040 1
94054 2
94055 1
94065 1
94068 1
94075 1
94077 1
94082 1
94086 1
94109 1
94110 1
94113 1
94115 1
94121 1
94123 1
94124 1
94127 1
94128 1
94131 1
94141 1
94144 1
94152 1
94154 2
94155 1
94157 1
94169 1
94183 1
94185 1
94197 1
94198 1
94200 1
94211 1
94215 1
94217 1
94224 1
94228 1
94229 1
94234 1
94237 1
94241 1
94247 1
94249 1
94250 1
94252 1
94257 2
94264 1
94271 1
94275 1
94276 1
94277 1
94283 1
94284 1
94287 1
94290 1
94292 1
94298 1
94302 1
94307 1
94309 1
94320 1
94322 1
94326 1
94343 1
94346 1
94350 1
94352 1
94353 1
94360 1
94361 1
94362 1
94367 1
94373 2
94378 1
94384 1
94385 1
94386 1
94389 1
94398 1
94401 1
94407 1
94408 1
94412 1
94413 1
94416 1
94421 1
94426 1
94434 1
94436 1
94441 1
94443 1
94445 1
94449 1
94450 1
94457 1
94461 1
94470 1
94490 1
94494 1
94496 1
94497 2
94499 1
94500 1
94501 1
94503 1
94511 1
94518 1
94520 1
94524 1
94525 1
94526 1
94530 1
94531 1
94532 1
94537 1
94539 1
94544 1
94548 2
94554 1
94556 1
94561 1
94564 1
94566 1
94577 1
94586 1
94613 1
94614 1
94621 1
94624 1
94627 1
94629 1
94631 1
94639 1
94640 1
94641 1
94646 1
94647 1
94664 1
94668 1
94678 1
94680 1
94688 1
94690 1
94697 1
94699 1
94700 1
94705 1
94714 1
94715 1
94721 1
94723 1
94726 1
94732 2
94737 1
94738 1
94740 1
94742 1
94745 1
94747 1
94749 1
94751 1
94755 3
94757 2
94761 1
94762 1
94763 1
94765 1
94769 1
94772 1
94773 2
94782 1
94784 1
94790 1
94794 1
94796 1
94810 1
94811 1
94813 1
94819 1
94830 1
94833 1
94841 1
94843 1
94844 1
94851 1
94853 1
94866 1
94868 1
94872 1
94875 1
94877 1
94884 1
94901 1
94902 2
94904 1
94911 1
94913 2
94923 1
94928 1
94930 1
94934 1
94941 1
94942 1
94944 1
94948 1
94950 1
94951 1
94955 2
94962 1
94964 1
94966 2
94978 1
94982 1
94993 1
94997 1
95008 1
95010 1
95014 1
95017 1
95028 1
95029 2
95038 1
95040 1
95041 1
95043 1
95048 1
95051 1
95052 1
95056 1
95061 1
95070 1
95080 1
95087 1
95088 1
95092 1
95093 1
95102 1
95103 1
95105 1
95107 1
95109 1
95114 1
95124 1
95126 1
95129 1
95132 1
95136 1
95137 1
95146 1
95157 1
95159 1
95161 2
95162 1
95171 1
95172 1
95176 1
95186 1
95188 1
95194 1
95197 1
95199 1
95200 1
95203 2
95214 1
95221 1
95224 1
95226 1
95227 1
95231 1
95233 1
95235 1
95255 1
95259 1
95263 1
95265 2
95269 2
95272 2
95275 1
95285 1
95288 1
95292 1
95296 1
95297 1
95307 1
95311 1
95314 2
95315 1
95317 1
95318 1
95320 1
95329 1
95331 1
95353 1
95368 1
95369 1
95378 1
95379 1
95384 1
95385 1
95393 1
95394 1
95400 1
95401 1
95405 1
95415 1
95416 1
95419 1
95423 1
95425 1
95428 1
95429 1
95432 1
95439 1
95440 1
95451 2
95454 1
95463 1
95465 1
95473 1
95478 2
95482 1
95484 1
95486 1
95488 1
95489 1
95493 1
95498 1
95509 1
95512 6
95513 1
95519 1
95521 1
95529 1
95543 1
95547 1
95553 1
95587 1
95588 1
95593 1
95594 1
95602 1
95608 1
95610 1
95612 2
95626 1
95627 1
95630 1
95637 1
95638 1
95639 2
95640 1
95641 1
95644 1
95654 1
95658 1
95666 1
95668 1
95670 1
95675 1
95680 1
95683 1
95685 1
95689 1
95702 1
95708 1
95717 1
95725 1
95728 1
95731 1
95736 1
95740 1
95744 2
95746 1
95751 1
95763 1
95768 1
95769 1
95780 1
95781 1
95789 2
95795 1
95805 1
95806 1
95813 2
95815 1
95816 1
95822 1
95829 1
95833 1
95839 1
95842 1
95843 1
95854 1
95868 1
95872 1
95878 1
95880 1
95886 1
95888 2
95896 1
95902 1
95933 1
95942 1
95944 1
95947 1
95953 1
95957 1
95959 3
95963 1
95964 1
95968 1
95975 3
95976 1
95978 1
95989 1
95995 1
96002 1
96003 2
96004 1
96005 1
96007 2
96009 1
96013 5
96016 1
96034 1
96040 1
96042 1
96051 1
96054 1
96055 1
96058 1
96066 1
96076 1
96081 1
96083 1
96086 1
96089 1
96101 1
96107 1
96108 1
96110 1
96119 2
96121 1
96128 1
96132 1
96136 1
96142 1
96143 1
96151 1
96163 1
96165 1
96170 1
96171 1
96173 1
96175 1
96180 1
96181 2
96183 2
96187 1
96189 1
96191 1
96205 1
96210 1
96218 1
96226 3
96228 2
96230 1
96233 1
96235 1
96237 1
96242 1
96243 3
96263 1
96265 1
96268 1
96273 1
96277 1
96292 2
96294 1
96300 1
96305 1
96312 1
96337 1
96343 1
96344 1
96348 1
96350 2
96352 1
96355 1
96360 1
96364 1
96368 1
96374 1
96381 1
96384 1
96385 2
96387 1
96394 1
96400 1
96411 1
96416 1
96430 1
96431 2
96435 1
96443 1
96444 1
96448 1
96451 1
96456 1
96457 1
96461 1
96462 3
96469 2
96474 1
96475 1
96480 1
96483 1
96485 1
96488 1
96498 1
96511 1
96516 2
96522 1
96524 1
96525 1
96526 1
96531 1
96533 1
96539 1
96542 1
96549 1
96556 1
96557 1
96562 1
96563 1
96580 1
96583 1
96584 1
96585 2
96590 1
96591 1
96597 1
96610 1
96613 1
96616 1
96619 1
96621 1
96623 1
96629 1
96632 1
96636 1
96646 1
96663 1
96666 1
96669 1
96670 1
96675 1
96680 1
96682 1
96683 1
96685 1
96696 2
96707 1
96708 1
96709 1
96717 1
96723 1
96726 1
96735 1
96736 1
96737 1
96752 1
96754 2
96755 1
96757 1
96758 1
96761 1
96762 1
96766 1
96769 1
96776 1
96778 2
96784 1
96787 1
96789 1
96796 2
96800 1
96802 1
96810 1
96812 1
96817 1
96819 1
96821 1
96831 1
96832 2
96835 1
96837 1
96842 1
96855 1
96858 1
96869 1
96874 1
96878 1
96885 2
96886 1
96887 1
96889 1
96892 1
96900 1
96901 1
96909 1
96910 1
96920 1
96922 1
96923 2
96929 2
96936 1
96941 1
96942 2
96950 1
96957 1
96961 1
96973 1
96979 1
96984 1
96987 2
96988 1
96989 1
96990 1
96991 1
96995 1
96997 1
97001 1
97005 1
97009 1
97020 1
97021 1
97027 1
97030 1
97034 2
97036 1
97037 1
97039 1
97051 1
97053 1
97054 1
97058 1
97061 1
97066 1
97068 1
97074 1
97075 1
97076 1
97079 1
97080 1
97086 1
97090 1
97092 1
97096 1
97102 1
97108 1
97109 1
97111 1
97142 2
97144 1
97150 1
97171 1
97172 1
97179 1
97186 1
97188 1
97194 1
97198 1
97205 1
97221 3
97233 1
97236 1
97237 1
97240 1
97246 1
97251 1
97252 1
97255 1
97258 1
97259 1
97261 1
97265 1
97277 1
97280 1
97283 1
97284 2
97291 2
97293 2
97304 1
97312 1
97313 2
97317 1
97318 1
97322 1
97327 1
97332 1
97335 2
97336 1
97342 1
97349 1
97352 1
97353 1
97354 1
97356 1
97357 2
97361 1
97365 1
97367 1
97368 1
97375 1
97387 1
97391 1
97393 1
97398 1
97408 2
97412 1
97417 1
97419 1
97425 1
97429 2
97441 2
97445 1
97457 1
97462 1
97466 1
97467 1
97472 1
97474 2
97480 1
97489 1
97492 1
97495 1
97498 1
97502 1
97504 1
97513 1
97515 1
97526 1
97528 2
97534 1
97536 1
97547 1
97552 1
97553 1
97554 1
97562 1
97565 1
97576 2
97580 2
97585 1
97588 1
97592 2
97594 1
97599 1
97600 1
97601 2
97603 1
97604 1
97609 1
97612 1
97616 1
97624 1
97626 1
97627 1
97629 1
97639 1
97641 1
97643 1
97644 1
97645 1
97660 1
97666 1
97671 1
97672 1
97676 1
97679 1
97685 1
97686 1
97687 2
97691 1
97692 1
97694 1
97702 1
97717 1
97721 1
97722 1
97726 1
97729 1
97732 2
97734 1
97787 1
97788 1
97790 1
97795 1
97796 1
97824 2
97844 1
97857 1
97858 1
97867 1
97873 1
97880 1
97884 1
97886 1
97899 1
97903 1
97904 1
97910 1
97911 1
97917 1
97921 1
97929 1
97937 1
97939 1
97948 1
97956 1
97957 1
97958 1
97959 1
97961 1
97966 1
97969 1
97971 1
97972 1
97973 1
97974 1
97982 1
97994 1
97995 1
97998 1
98001 1
98006 2
98007 1
98011 1
98014 2
98026 1
98030 1
98041 1
98043 2
98045 1
98046 1
98048 1
98053 1
98065 1
98066 1
98067 1
98070 1
98081 1
98085 1
98095 1
98096 2
98097 1
98107 1
98109 1
98120 2
98122 1
98123 1
98126 1
98128 1
98131 1
98132 1
98137 1
98142 1
98146 1
98167 1
98172 1
98176 1
98177 1
98181 2
98183 1
98184 1
98186 1
98189 1
98195 1
98203 1
98207 1
98208 1
98210 1
98216 1
98217 1
98219 1
98228 1
98230 1
98234 1
98242 1
98246 1
98252 1
98256 1
98257 1
98262 1
98263 1
98265 1
98269 1
98278 1
98282 1
98312 1
98318 1
98319 1
98329 1
98330 1
98336 2
98350 1
98352 1
98353 2
98359 1
98361 1
98366 2
98381 1
98385 1
98386 1
98392 2
98395 1
98404 1
98406 1
98408 1
98410 1
98413 1
98426 1
98429 3
98433 1
98450 1
98451 1
98453 1
98470 2
98472 1
98476 1
98483 2
98487 1
98492 1
98493 1
98497 1
98500 2
98502 2
98504 1
98505 1
98508 1
98510 1
98512 2
98513 1
98515 4
98519 1
98520 1
98524 1
98525 1
98532 1
98536 1
98537 1
98541 1
98545 1
98548 1
98554 4
98560 1
98561 1
98563 1
98572 1
98573 1
98589 1
98604 1
98612 1
98621 1
98624 1
98625 1
98631 1
98632 1
98636 1
98638 1
98643 1
98646 1
98675 1
98676 2
98686 2
98692 1
98694 1
98700 1
98719 1
98721 1
98722 2
98731 1
98740 1
98742 1
98749 1
98760 1
98800 1
98804 2
98808 3
98812 1
98813 1
98815 1
98819 1
98827 2
98829 2
98839 1
98848 1
98849 1
98854 1
98859 1
98881 1
98884 1
98890 3
98899 3
98903 2
98907 1
98909 1
98913 1
98919 1
98924 1
98946 1
98947 1
98949 1
98954 1
98959 1
98961 1
98969 1
98971 1
98973 1
98980 1
98981 1
98987 3
98992 1
98993 1
98995 2
98999 1
99013 1
99016 1
99018 1
99022 1
99027 2
99029 1
99051 1
99064 2
99070 1
99082 1
99089 1
99095 1
99101 1
99102 1
99104 1
99106 1
99108 1
99109 1
99115 1
99117 1
99119 1
99128 1
99135 1
99141 1
99145 4
99148 1
99151 1
99153 1
99159 1
99162 1
99164 1
99165 2
99172 1
99187 1
99196 1
99199 1
99205 1
99210 1
99213 1
99215 1
99216 1
99221 2
99223 3
99224 1
99229 1
99230 1
99232 1
99239 1
99240 1
99241 1
99242 1
99244 1
99252 2
99254 1
99258 1
99259 1
99264 1
99266 1
99267 1
99268 4
99272 1
99275 1
99278 1
99280 1
99284 1
99298 1
99300 1
99303 1
99304 1
99307 1
99318 1
99319 1
99320 1
99324 1
99336 2
99338 1
99344 2
99346 1
99350 7
99362 1
99363 4
99368 1
99380 1
99386 1
99390 1
99394 1
99396 2
99401 1
99402 2
99407 1
99411 1
99427 1
99429 1
99432 2
99437 1
99442 4
99451 1
99458 3
99464 1
99472 1
99476 1
99481 1
99482 1
99483 1
99491 1
99493 2
99494 1
99509 1
99520 1
99521 1
99522 1
99543 1
99545 1
99546 1
99547 1
99550 1
99556 1
99559 2
99565 1
99575 1
99577 1
99578 1
99582 1
99587 1
99596 1
99604 1
99609 1
99617 1
99625 1
99635 1
99637 1
99642 2
99644 1
99647 1
99648 1
99651 1
99656 1
99664 2
99665 1
99674 1
99678 1
99682 1
99686 1
99693 1
99694 1
99706 1
99711 1
99724 1
99732 1
99740 2
99741 3
99743 1
99747 1
99754 1
99756 1
99768 1
99780 3
99783 1
99789 1
99793 1
99798 1
99802 1
99803 1
99805 1
99808 1
99813 1
99818 1
99820 1
99832 1
99833 1
99841 1
99847 1
99854 1
99855 1
99857 1
99858 1
99861 1
99865 1
99879 1
99882 1
99888 1
99897 1
99899 1
99903 1
99907 1
99908 1
99910 1
99923 1
99930 1
99931 2
99932 1
99939 1
99943 1
99946 3
99951 1
99961 1
99975 1
99979 1
99989 1
99993 1
100003 1
100006 1
100007 1
100015 1
100016 1
100017 1
100019 1
100026 1
100029 1
100033 1
100041 1
100043 1
100045 1
100046 1
100049 2
100062 1
100063 2
100069 1
100073 1
100078 1
100079 1
100083 2
100092 1
100096 1
100098 1
100105 2
100107 1
100108 1
100119 1
100123 1
100127 1
100136 1
100138 1
100163 1
100164 4
100168 1
100187 1
100200 1
100212 1
100214 1
100217 1
100219 1
100224 2
100227 1
100228 1
100237 1
100239 1
100240 1
100242 1
100243 3
100247 1
100250 1
100254 1
100256 1
100262 1
100266 2
100273 1
100296 1
100310 1
100312 1
100314 1
100315 1
100316 1
100321 1
100325 1
100326 1
100334 1
100375 1
100377 1
100380 1
100387 1
100389 1
100391 1
100393 1
100395 2
100403 1
100404 1
100422 1
100423 1
100424 1
100432 1
100435 2
100443 1
100463 1
100472 1
100476 2
100485 1
100490 1
100491 1
100499 1
100502 1
100505 3
100514 1
100517 1
100525 2
100527 1
100534 1
100535 1
100537 1
100543 1
100544 1
100550 1
100552 1
100560 1
100566 1
100567 1
100568 2
100572 1
100575 2
100576 1
100582 1
100597 1
100601 1
100611 1
100612 2
100614 3
100631 2
100633 2
100635 1
100644 1
100648 1
100651 1
100654 1
100656 1
100661 2
100665 3
100667 1
100670 1
100674 3
100675 1
100680 1
100682 2
100685 1
100687 1
100690 2
100694 1
100697 1
100705 1
100709 1
100710 1
100712 1
100716 1
100719 1
100720 1
100726 2
100742 1
100747 2
100751 1
100753 3
100770 2
100772 1
100779 1
100781 2
100785 1
100786 1
100790 1
100794 1
100795 1
100797 1
100799 1
100819 1
100820 1
100829 1
100840 1
100842 1
100846 1
100847 1
100850 1
100855 1
100858 1
100863 1
100866 2
100881 1
100890 1
100898 1
100899 1
100900 1
100901 1
100914 1
100915 1
100922 1
100925 1
100927 2
100931 1
100939 2
100941 1
100945 1
100948 1
100957 1
100963 1
100971 2
100983 1
100987 1
100988 1
100994 1
101004 1
101024 2
101026 1
101028 1
101037 1
101038 1
101042 1
101046 1
101052 1
101059 1
101060 1
101067 1
101069 1
101073 2
101074 1
101084 1
101088 1
101094 2
101103 1
101108 1
101113 1
101119 2
101121 3
101127 1
101129 1
101136 1
101137 2
101140 1
101146 2
101148 1
101149 1
101152 1
101153 1
101157 1
101172 1
101173 1
101174 1
101176 1
101178 1
101182 1
101184 2
101186 2
101188 1
101191 1
101200 1
101215 1
101218 1
101219 1
101220 1
101222 1
101223 1
101224 1
101233 2
101237 1
101238 1
101242 1
101245 1
101247 1
101253 1
101255 1
101257 1
101261 1
101264 1
101265 1
101283 2
101289 1
101290 1
101297 1
101299 2
101302 1
101303 1
101310 1
101313 1
101316 1
101318 1
101325 1
101327 2
101329 1
101333 1
101337 1
101340 1
101344 1
101354 1
101360 1
101364 1
101365 1
101366 1
101379 1
101380 1
101384 1
101388 1
101390 1
101393 1
101394 1
101396 1
101397 1
101404 1
101410 2
101412 1
101422 1
101423 2
101427 1
101433 1
101438 1
101441 2
101446 1
101449 1
101453 3
101457 1
101459 2
101466 1
101473 1
101474 1
101483 1
101484 1
101489 1
101490 1
101491 1
101493 1
101497 1
101501 1
101504 1
101506 1
101513 1
101525 1
101536 1
101541 1
101544 1
101557 1
101570 1
101572 1
101577 1
101588 1
101599 1
101603 1
101606 1
101613 1
101617 2
101625 1
101627 1
101628 1
101634 1
101652 1
101655 1
101656 4
101665 1
101672 1
101673 2
101674 1
101682 1
101689 1
101701 1
101702 1
101703 1
101706 1
101707 1
101708 1
101720 1
101722 1
101723 1
101726 2
101728 2
101745 1
101754 1
101755 4
101756 1
101757 1
101760 1
101767 1
101770 1
101771 1
101774 1
101778 1
101781 1
101791 1
101796 1
101801 1
101805 1
101806 1
101809 1
101816 2
101817 1
101819 1
101821 1
101831 1
101838 1
101849 1
101853 1
101855 1
101858 1
101859 1
101863 2
101869 1
101870 1
101879 1
101881 1
101882 1
101893 2
101900 1
101901 1
101902 1
101923 1
101924 1
101931 1
101933 1
101939 1
101942 1
101946 1
101947 1
101948 1
101951 1
101957 1
101967 1
101978 1
101981 1
101984 1
101985 1
101986 1
101987 1
101988 1
101995 1
101999 1
102005 1
102011 1
102012 1
102014 2
102017 1
102018 1
102023 1
102025 1
102036 1
102038 1
102039 1
102041 1
102042 1
102052 1
102057 1
102078 1
102086 1
102098 2
102102 1
102103 1
102109 1
102110 1
102113 3
102115 1
102118 2
102120 1
102124 2
102126 1
102128 2
102131 1
102133 1
102147 1
102150 1
102152 2
102159 1
102161 1
102166 1
102168 1
102172 1
102179 1
102181 1
102182 1
102186 1
102192 1
102205 1
102208 4
102213 1
102215 1
102216 1
102228 1
102229 1
102230 1
102236 1
102238 1
102247 1
102253 1
102261 1
102264 1
102267 1
102269 1
102277 1
102280 1
102284 1
102286 1
102287 2
102288 1
102296 1
102298 1
102302 1
102308 1
102310 2
102313 1
102314 1
102319 2
102324 1
102332 1
102337 1
102342 1
102348 1
102351 1
102354 1
102361 1
102362 2
102367 1
102374 1
102378 2
102380 1
102385 1
102393 1
102394 2
102400 2
102407 4
102409 1
102410 1
102411 1
102413 1
102414 1
102415 1
102416 1
102430 1
102433 1
102437 1
102442 1
102449 1
102452 1
102453 1
102454 1
102468 1
102473 1
102474 2
102485 1
102489 1
102492 1
102498 1
102501 1
102503 1
102507 1
102508 1
102509 1
102521 1
102523 1
102524 1
102526 1
102530 1
102537 1
102543 1
102544 1
102547 1
102568 1
102571 1
102572 1
102575 1
102586 1
102593 1
102600 1
102603 1
102604 1
102605 1
102606 2
102610 1
102611 1
102612 1
102624 1
102625 1
102626 1
102633 1
102635 1
102637 1
102641 1
102642 1
102651 1
102653 1
102655 1
102656 1
102657 1
102659 1
102668 1
102670 1
102671 1
102674 1
102676 1
102677 1
102680 1
102681 1
102683 1
102686 2
102688 1
102695 1
102705 1
102716 1
102719 1
102726 1
102729 1
102731 1
102733 1
102739 2
102749 1
102750 1
102760 1
102763 1
102764 1
102771 1
102774 1
102775 1
102776 1
102790 1
102794 1
102796 1
102810 1
102812 1
102815 1
102816 1
102817 1
102825 1
102830 1
102831 1
102835 1
102836 1
102839 1
102847 1
102851 1
102856 1
102859 1
102860 1
102871 1
102873 1
102875 1
102885 1
102894 1
102904 1
102906 1
102917 1
102920 1
102923 1
102935 1
102936 1
102937 3
102946 1
102955 1
102959 1
102961 1
102963 1
102965 1
102973 1
102976 1
102979 1
102980 1
102982 1
102993 1
102996 1
103000 1
103001 1
103007 1
103008 1
103017 1
103018 1
103026 1
103033 2
103034 2
103038 1
103042 1
103048 1
103066 1
103075 1
103085 2
103089 1
103091 2
103096 2
103100 1
103101 1
103104 1
103108 1
103111 1
103122 1
103126 2
103130 1
103139 1
103140 1
103143 1
103150 1
103156 1
103158 1
103161 1
103162 1
103165 2
103175 1
103178 1
103180 1
103183 1
103193 1
103195 1
103197 1
103199 1
103201 2
103202 1
103205 1
103211 1
103213 2
103214 1
103215 2
103219 1
103220 1
103221 1
103222 1
103223 1
103226 1
103227 1
103230 1
103234 1
103237 1
103238 1
103240 1
103242 1
103245 2
103247 1
103248 1
103252 2
103254 1
103261 1
103265 1
103267 1
103272 1
103274 1
103279 1
103280 2
103287 1
103289 1
103293 1
103299 1
103301 1
103306 1
103311 1
103316 1
103317 1
103327 1
103337 1
103340 1
103341 3
103344 1
103349 1
103354 1
103355 1
103360 1
103373 1
103380 1
103381 1
103384 1
103387 1
103397 1
103404 1
103406 1
103407 1
103408 1
103409 1
103412 1
103413 1
103421 1
103428 1
103431 1
103433 1
103434 1
103437 1
103440 1
103442 1
103449 1
103453 1
103454 1
103457 1
103459 1
103467 1
103470 1
103472 1
103476 1
103481 1
103483 4
103484 1
103491 2
103497 1
103499 3
103501 1
103507 1
103514 1
103516 1
103522 1
103523 1
103527 1
103533 3
103539 1
103540 1
103541 1
103543 1
103548 1
103551 1
103553 1
103570 4
103571 1
103575 1
103582 1
103585 1
103587 1
103589 1
103593 1
103600 2
103602 1
103603 1
103610 1
103615 1
103621 1
103622 4
103624 2
103625 2
103629 1
103637 1
103643 1
103645 1
103655 1
103656 2
103657 1
103658 1
103659 1
103660 1
103661 1
103665 1
103668 1
103669 1
103670 2
103674 1
103679 2
103684 1
103692 1
103695 1
103699 1
103700 1
103710 2
103711 1
103713 1
103723 1
103726 1
103727 1
103729 1
103730 1
103741 1
103743 2
103749 3
103751 1
103752 2
103754 1
103757 1
103762 1
103766 1
103768 1
103769 1
103775 1
103776 1
103777 1
103781 1
103787 2
103792 1
103799 1
103801 1
103803 1
103807 1
103808 1
103809 1
103811 2
103817 1
103830 1
103833 1
103837 1
103839 2
103848 1
103852 1
103854 1
103855 1
103861 2
103865 2
103866 2
103867 2
103871 1
103872 1
103877 1
103880 1
103888 1
103895 1
103902 1
103904 2
103906 2
103910 1
103915 1
103923 1
103933 1
103934 1
103935 1
103940 1
103946 1
103951 1
103953 1
103956 1
103961 1
103963 1
103965 1
103967 1
103969 1
103971 1
103974 1
103975 1
103978 2
103981 1
103983 1
103988 1
103989 1
103992 1
103993 1
104004 2
104020 1
104026 1
104028 1
104030 1
104031 2
104039 1
104042 1
104047 2
104048 1
104057 2
104058 1
104060 2
104062 1
104064 1
104072 2
104076 1
104086 1
104087 1
104093 1
104094 1
104095 1
104105 1
104107 1
104108 1
104112 1
104113 1
104115 1
104116 1
104118 1
104119 1
104120 1
104121 1
104123 1
104127 1
104128 1
104129 1
104130 1
104132 2
104135 1
104140 1
104143 1
104147 1
104154 1
104155 1
104158 1
104160 1
104164 1
104165 1
104168 1
104172 1
104188 1
104202 1
104204 1
104205 1
104208 1
104217 1
104221 2
104223 1
104228 1
104232 1
104237 1
104241 1
104245 1
104246 1
104248 1
104253 1
104264 1
104266 1
104270 1
104271 1
104274 1
104276 1
104280 2
104281 1
104283 2
104287 1
104289 2
104293 1
104294 1
104295 1
104298 1
104300 1
104304 1
104309 1
104315 3
104327 1
104330 1
104331 1
104337 1
104341 1
104344 1
104351 3
104359 1
104362 1
104384 1
104385 1
104390 1
104392 1
104394 1
104396 1
104400 1
104402 1
104405 2
104410 1
104422 4
104425 1
104432 1
104434 1
104443 3
104454 2
104461 1
104468 1
104470 1
104472 1
104480 1
104481 1
104482 1
104483 1
104488 1
104495 1
104497 1
104500 2
104506 1
104507 1
104510 1
104512 1
104513 1
104517 1
104521 1
104526 2
104528 1
104534 1
104536 1
104538 1
104557 1
104559 2
104561 1
104563 1
104574 1
104578 1
104580 1
104581 1
104585 1
104590 1
104591 1
104603 1
104604 1
104608 1
104612 1
104613 1
104624 1
104625 1
104626 1
104630 1
104632 1
104636 1
104642 1
104645 1
104647 1
104649 1
104651 1
104653 1
104661 1
104666 1
104673 1
104675 1
104680 1
104684 1
104687 1
104688 1
104691 1
104694 1
104695 1
104697 1
104698 1
104702 1
104707 1
104709 1
104711 1
104719 1
104721 1
104726 1
104734 1
104736 1
104739 1
104745 1
104746 1
104757 1
104760 1
104768 1
104770 1
104778 1
104780 1
104783 1
104798 1
104802 1
104809 1
104814 1
104816 1
104818 3
104850 1
104853 3
104855 1
104857 2
104859 1
104861 1
104863 1
104873 1
104875 1
104876 1
104879 1
104880 1
104891 1
104893 1
104895 1
104897 1
104902 1
104909 1
104919 1
104925 1
104929 1
104936 1
104947 1
104949 1
104953 1
104955 3
104965 1
104967 1
104979 1
104982 1
104983 1
104986 1
104989 1
105001 1
105003 1
105004 1
105019 1
105026 1
105031 1
105036 2
105037 1
105048 1
105049 1
105050 2
105056 1
105060 1
105061 1
105065 1
105066 1
105069 1
105070 1
105072 1
105073 1
105075 2
105078 1
105082 1
105089 1
105092 1
105095 1
105097 1
105101 1
105103 1
105105 1
105109 1
105113 1
105125 1
105127 1
105128 1
105129 1
105130 1
105137 1
105139 1
105140 2
105151 1
105155 1
105156 1
105166 1
105167 1
105169 1
105177 1
105180 1
105185 1
105201 1
105204 1
105206 2
105211 1
105213 1
105221 1
105222 1
105226 1
105231 1
105232 1
105233 1
105234 1
105236 1
105237 1
105238 1
105240 1
105243 1
105244 1
105255 1
105259 1
105263 1
105265 1
105267 1
105268 1
105274 1
105275 1
105276 1
105284 1
105294 1
105295 1
105301 1
105303 1
105306 1
105310 1
105316 1
105331 1
105337 1
105339 1
105346 1
105351 1
105353 1
105355 1
105359 1
105364 1
105365 1
105372 1
105373 1
105375 1
105380 1
105395 1
105396 1
105401 2
105409 1
105410 2
105419 1
105421 1
105432 3
105433 1
105435 1
105437 1
105439 1
105441 1
105447 1
105451 1
105454 1
105455 1
105456 1
105458 1
105459 1
105460 1
105461 2
105463 1
105465 1
105469 1
105471 1
105481 1
105482 1
105489 1
105495 3
105500 1
105505 1
105507 1
105508 1
105519 1
105521 1
105522 1
105524 1
105528 1
105533 1
105534 1
105538 1
105543 1
105550 1
105554 1
105556 1
105557 1
105562 1
105566 1
105575 1
105583 2
105591 1
105600 1
105606 1
105611 1
105615 1
105620 1
105621 1
105627 2
105633 1
105640 1
105641 1
105643 1
105646 1
105649 1
105651 1
105655 1
105672 1
105675 1
105679 2
105683 1
105684 1
105685 1
105686 1
105690 1
105691 1
105693 1
105698 2
105700 1
105703 1
105718 1
105720 1
105725 1
105729 1
105740 1
105743 1
105748 1
105749 3
105754 1
105759 1
105761 1
105770 1
105779 1
105783 1
105787 1
105788 1
105798 1
105802 1
105805 1
105807 1
105813 1
105823 1
105824 1
105825 1
105829 1
105830 2
105832 1
105834 1
105849 1
105855 1
105858 1
105860 1
105861 1
105862 1
105864 1
105868 1
105870 1
105871 1
105873 1
105874 2
105880 2
105892 1
105893 1
105895 1
105898 1
105911 1
105918 1
105921 1
105924 1
105936 1
105937 1
105945 1
105946 1
105948 1
105952 1
105963 1
105973 1
105975 1
105981 1
105982 1
105990 1
105992 1
105997 1
106002 1
106003 1
106005 1
106014 1
106015 1
106016 1
106021 1
106022 3
106035 1
106038 1
106045 1
106048 1
106054 2
106064 1
106065 1
106067 1
106069 1
106072 1
106073 1
106082 1
106088 1
106090 1
106091 1
106093 1
106096 1
106105 1
106112 1
106116 1
106118 1
106123 1
106124 1
106127 1
106130 1
106132 1
106135 1
106138 1
106139 2
106141 1
106142 3
106144 2
106145 1
106147 1
106152 1
106154 1
106158 1
106170 3
106175 1
106179 1
106180 1
106182 1
106184 2
106188 1
106189 1
106190 1
106194 1
106195 1
106200 1
106211 1
106219 1
106220 1
106230 1
106231 1
106235 2
106238 1
106239 1
106240 1
106243 1
106246 1
106258 1
106263 1
106273 1
106276 1
106278 1
106280 1
106286 1
106288 1
106289 1
106290 1
106297 2
106302 1
106304 1
106310 1
106311 2
106327 1
106340 2
106350 1
106351 1
106352 1
106353 1
106354 1
106362 1
106370 1
106373 1
106376 1
106378 1
106381 1
106389 1
106392 1
106398 1
106406 1
106408 1
106413 1
106416 1
106422 1
106424 1
106430 1
106432 1
106437 1
106439 1
106456 1
106459 1
106465 1
106473 1
106474 1
106478 1
106484 1
106495 3
106504 1
106508 1
106513 1
106525 1
106528 1
106529 1
106533 1
106534 1
106543 1
106544 1
106552 1
106560 1
106561 1
106565 1
106567 1
106568 1
106579 2
106587 1
106598 1
106601 1
106603 1
106608 1
106618 1
106620 1
106624 1
106625 1
106630 1
106634 1
106640 1
106643 1
106649 1
106651 1
106654 1
106655 1
106666 1
106671 2
106673 1
106679 1
106680 1
106681 1
106684 1
106686 2
106688 1
106696 1
106701 1
106710 1
106713 1
106718 1
106723 1
106724 1
106730 1
106731 1
106735 1
106737 1
106741 1
106744 1
106746 1
106747 1
106749 1
106752 1
106761 1
106762 1
106763 1
106772 1
106775 1
106783 1
106793 1
106800 1
106804 1
106805 2
106806 1
106808 1
106816 1
106819 1
106820 1
106828 2
106832 1
106836 1
106848 1
106851 1
106855 1
106858 1
106862 3
106871 1
106872 1
106877 1
106882 1
106892 1
106894 1
106896 1
106898 1
106899 1
106904 1
106912 2
106915 1
106920 1
106926 1
106930 1
106933 1
106938 1
106940 1
106945 4
106951 1
106952 1
106955 1
106958 1
106959 1
106964 1
106969 1
106979 1
106985 1
106995 1
106996 1
106999 1
107001 1
107007 1
107008 1
107012 1
107018 1
107021 1
107023 1
107027 1
107037 2
107039 1
107040 1
107042 1
107045 2
107046 3
107051 1
107054 1
107067 1
107068 1
107071 1
107074 1
107076 3
107084 1
107088 1
107091 1
107094 1
107097 1
107100 1
107102 1
107103 1
107106 1
107110 1
107111 1
107121 1
107124 1
107137 1
107144 1
107147 1
107149 1
107157 1
107162 1
107168 1
107172 1
107178 1
107182 1
107184 1
107186 1
107187 1
107193 1
107201 1
107206 1
107208 1
107209 1
107212 1
107223 1
107227 1
107229 1
107231 1
107236 1
107238 1
107240 1
107245 1
107251 1
107253 1
107256 1
107258 1
107262 1
107267 1
107271 1
107272 1
107276 1
107282 1
107283 1
107287 1
107288 2
107293 1
107297 2
107299 1
107300 1
107303 1
107304 1
107309 1
107317 1
107321 1
107327 1
107328 2
107336 1
107347 1
107370 1
107371 1
107372 1
107378 1
107379 1
107380 1
107388 1
107396 1
107398 2
107402 1
107404 1
107411 1
107422 1
107423 1
107425 1
107430 1
107432 1
107440 1
107444 1
107450 1
107452 1
107456 1
107459 1
107463 1
107464 2
107465 1
107470 1
107471 1
107472 1
107473 1
107481 1
107490 1
107498 1
107503 1
107509 1
107514 1
107519 1
107524 1
107525 1
107527 1
107530 1
107531 1
107534 1
107536 1
107537 1
107538 1
107541 1
107550 1
107552 1
107556 2
107558 2
107571 1
107578 1
107579 1
107582 1
107583 2
107584 1
107598 1
107602 1
107610 1
107617 1
107618 1
107619 1
107627 1
107628 1
107631 1
107635 1
107651 1
107653 1
107654 1
107655 3
107659 1
107661 1
107663 1
107668 1
107673 1
107674 3
107698 1
107701 1
107702 1
107703 1
107710 1
107720 1
107723 2
107729 1
107732 1
107734 1
107738 1
107741 1
107746 1
107748 1
107750 1
107755 1
107771 1
107772 1
107790 1
107792 1
107798 1
107807 1
107808 1
107813 1
107816 1
107821 1
107828 1
107830 1
107842 1
107845 1
107847 1
107848 1
107853 1
107856 1
107858 1
107859 1
107862 1
107869 1
107874 1
107882 1
107891 1
107894 1
107896 1
107899 1
107903 1
107904 1
107905 1
107913 1
107915 1
107916 1
107921 1
107931 1
107933 1
107935 1
107939 1
107942 1
107948 1
107955 1
107959 1
107965 1
107970 1
107976 1
107983 1
107993 1
107997 1
108001 1
108010 1
108013 1
108018 1
108019 1
108020 2
108027 1
108032 1
108040 1
108048 1
108049 1
108051 1
108062 1
108063 1
108066 1
108074 1
108077 1
108082 1
108088 1
108090 1
108096 2
108098 1
108105 1
108108 1
108111 1
108112 1
108119 1
108121 1
108123 1
108124 1
108126 1
108127 1
108143 1
108144 1
108150 1
108154 1
108156 1
108159 1
108160 1
108169 1
108170 1
108172 1
108187 1
108188 1
108204 1
108208 1
108210 1
111621 1
175310 1
