1 1 100 301.967
2 2 100 988.178
3 3 100 993.131
4 4 100 1011.35
5 5 100 1020.94
6 6 100 1056.61
7 7 100 1145.8
8 8 100 1147.57
9 9 100 1153.06
10 10 100 1191.42
11 11 100 1228.71
12 12 100 1240.56
13 13 100 1243.73
14 14 100 1246.81
15 15 100 1263.52
16 16 100 1279.81
17 17 100 1282.42
18 18 100 1293.44
19 19 100 1303.21
20 20 100 1305.08
21 21 100 1313.81
22 22 100 1321.87
23 23 100 1328.24
24 24 100 1334.67
25 25 100 1337.14
26 26 100 1343.29
27 27 100 1349.08
28 28 100 1354.86
29 29 100 1360.28
30 30 100 1365.69
31 31 100 1371.11
32 32 100 1376.15
33 33 100 1380.27
34 34 100 1384.45
35 35 100 1388.76
36 36 100 1390.87
37 37 100 1392.97
38 38 100 1394.62
39 39 100 1398.56
40 40 100 1402.6
41 41 100 1406.17
42 42 100 1409.75
43 43 100 1413.33
44 44 100 1416.9
45 45 100 1420.48
46 46 100 1423.68
47 47 100 1426.19
48 48 100 1429.39
49 49 100 1432.6
50 50 100 1435.44
