34 2337 0 2554 0
34 89719 0 1805 0
62 92665 2135 0 0
62 107498 5957 0 0
86 75275 61 0 0
86 85811 139 0 0
86 86427 312 0 0
106 5610 309 0 0
106 7158 917 0 0
106 11470 310 0 0
106 20706 260 0 0
106 24888 414 0 0
106 62110 783 0 0
106 70192 733 0 0
106 71682 176 0 0
106 88151 545 0 0
106 89472 393 0 0
106 98043 237 0 0
106 103033 158 0 0
106 103967 639 0 0
106 103978 200 0 0
106 104031 45 0 0
106 104058 56 0 0
106 104076 59 0 0
106 104123 67 0 0
106 104228 100 0 0
106 104248 106 0 0
106 104264 112 0 0
106 104281 117 0 0
106 104283 117 0 0
106 104298 124 0 0
106 104327 131 0 0
106 104331 132 0 0
106 104359 142 0 0
106 104390 152 0 0
106 104432 163 0 0
106 104495 177 0 0
106 104507 181 0 0
106 104513 183 0 0
106 104517 184 0 0
106 104534 189 0 0
106 104536 190 0 0
106 104538 190 0 0
106 104591 205 0 0
106 104630 213 0 0
106 104636 213 0 0
106 104770 239 0 0
106 104783 244 0 0
106 104814 253 0 0
106 104897 272 0 0
106 104919 276 0 0
106 104965 286 0 0
106 105001 295 0 0
106 105109 316 0 0
106 105137 324 0 0
106 105234 351 0 0
106 105255 361 0 0
106 105339 388 0 0
106 105353 392 0 0
106 105359 394 0 0
106 105621 461 0 0
106 105649 477 0 0
106 105798 520 0 0
106 105825 527 0 0
106 105832 528 0 0
106 105893 544 0 0
106 105924 546 0 0
106 105982 566 0 0
106 106048 588 0 0
106 106116 602 0 0
106 106142 608 0 0
106 106145 608 0 0
106 106304 656 0 0
106 106534 717 0 0
106 106649 745 0 0
106 106651 745 0 0
106 106892 810 0 0
106 106920 819 0 0
106 106938 821 0 0
106 106969 831 0 0
106 106979 834 0 0
106 107162 884 0 0
106 107168 885 0 0
106 107193 889 0 0
106 107206 1034 0 0
106 107276 911 0 0
106 107388 937 0 0
106 107534 977 0 0
106 107651 1010 0 0
106 107661 1014 0 0
106 107720 1030 0 0
106 107830 1057 0 0
106 108210 1143 0 0
112 18864 83 0 0
112 102120 8 0 0
112 102213 32 0 0
112 103833 479 0 0
143 2587 151 0 0
143 86885 36 0 0
143 92485 18 0 0
143 92499 20 0 0
143 93063 181 0 0
143 93258 235 0 0
143 93605 317 0 0
143 93875 387 0 0
143 93931 397 0 0
143 94075 427 0 0
143 94131 443 0 0
143 94794 605 0 0
143 94811 609 0 0
143 98854 1622 0 0
143 99483 1760 0 0
174 2337 0 3466 0
89295 91211 0 65 0
89360 89719 0 1339 0
338 2337 0 1217 0
463 17905 0 1242 0
89561 90781 352 0 0
528 98694 130 0 0
528 104645 1678 0 0
89622 91191 447 0 0
89623 90530 266 0 0
89657 92040 667 0 0
89688 95463 1520 0 0
89688 95513 1534 0 0
89688 95708 1585 0 0
89688 96132 1672 0 0
89688 96810 1830 0 0
89688 100644 2792 0 0
89688 103969 3694 0 0
89719 90195 147 0 0
89719 90240 1189 0 0
89719 90906 3187 0 0
89719 91182 1386 0 0
89719 91247 1071 0 0
89719 91272 434 0 0
89719 91285 1827 0 0
89719 91847 1135 0 0
89719 91914 1516 0 0
89719 92069 1142 0 0
89719 92198 1128 0 0
89719 92218 1702 0 0
89719 92248 1328 0 0
89719 92634 1690 0 0
89719 92653 341 0 0
89719 92854 1739 0 0
89719 92894 1272 0 0
89719 92916 1407 0 0
89719 93744 2255 0 0
89719 93846 3290 0 0
89719 94373 2794 0 0
89719 94443 51 0 0
89719 94490 64 0 0
89719 94511 73 0 0
89719 94678 113 0 0
89719 94738 127 0 0
89719 94964 184 0 0
89719 95088 1511 0 0
89719 95478 1319 0 0
89719 95744 1398 0 0
89719 96226 1767 0 0
89719 96776 1260 0 0
89719 96787 1298 0 0
89719 96796 1300 0 0
89719 97144 1127 0 0
89719 97313 1656 0 0
89719 97335 1240 0 0
89719 97408 1085 0 0
89719 97429 2190 0 0
89719 97513 817 0 0
89719 97641 1237 0 0
89719 97824 1037 0 0
89719 98120 1104 0 0
89719 98208 2203 0 0
89719 98353 1051 0 0
89719 98366 1048 0 0
89719 98386 1052 0 0
89719 98392 1053 0 0
89719 98451 1070 0 0
89719 98470 1075 0 0
89719 98472 1075 0 0
89719 98483 1360 0 0
89719 98500 1084 0 0
89719 98502 1084 0 0
89719 98515 1275 0 0
89719 98554 1204 0 0
89719 98719 1129 0 0
89719 98722 1130 0 0
89719 98827 1151 0 0
89719 98829 1152 0 0
89719 98859 1157 0 0
89719 98947 1175 0 0
89719 98981 1183 0 0
89719 99027 1189 0 0
89719 99064 1199 0 0
89719 99230 1237 0 0
89719 99252 1241 0 0
89719 99268 1502 0 0
89719 99336 1505 0 0
89719 99432 2357 0 0
89719 99442 1604 0 0
89719 99741 1396 0 0
89719 99855 1619 0 0
89719 99908 1392 0 0
89719 99993 1410 0 0
89719 100092 1439 0 0
89719 100164 1473 0 0
89719 100243 1542 0 0
89719 100326 1500 0 0
89719 100391 1531 0 0
89719 100395 2793 0 0
89719 100661 1895 0 0
89719 100680 1591 0 0
89719 100685 1592 0 0
89719 100712 1669 0 0
89719 100751 1607 0 0
89719 100781 1615 0 0
89719 100957 1659 0 0
89719 100971 1748 0 0
89719 101046 1680 0 0
89719 101184 1847 0 0
89719 101233 1736 0 0
89719 101283 1784 0 0
89719 101410 1782 0 0
89719 101453 2052 0 0
89719 101863 1912 0 0
89719 102012 2172 0 0
89719 102118 1993 0 0
89719 102124 2009 0 0
89719 102128 2353 0 0
89719 102182 1991 0 0
89719 102186 1991 0 0
89719 102208 1998 0 0
89719 102230 2003 0 0
89719 102269 2010 0 0
89719 102319 2057 0 0
89719 102324 2025 0 0
89719 102378 2111 0 0
89719 102407 2162 0 0
89719 102626 2116 0 0
89719 102839 2183 0 0
89719 103122 2254 0 0
89719 103165 2267 0 0
89719 103252 2334 0 0
89719 103470 2482 0 0
89719 103491 2386 0 0
89719 103570 2926 0 0
89719 103622 2436 0 0
89719 103752 2424 0 0
89719 103787 2795 0 0
89719 103811 3272 0 0
89719 103861 2454 0 0
89719 103906 2462 0 0
89719 104004 2495 0 0
89719 104060 2858 0 0
89719 104147 2528 0 0
89719 104280 4135 0 0
89719 104443 2633 0 0
89719 104483 2733 0 0
89719 104526 2644 0 0
89719 104559 2688 0 0
89719 104653 2673 0 0
89719 104726 2687 0 0
89719 105050 2768 0 0
89719 105310 2838 0 0
89719 105401 2904 0 0
89719 105419 2869 0 0
89719 105437 2873 0 0
89719 105830 3069 0 0
89719 105874 2994 0 0
89719 106139 3063 0 0
89719 106422 3138 0 0
89719 106544 3174 0 0
89719 106671 3292 0 0
89719 106945 3458 0 0
89719 107288 3551 0 0
89719 107452 3410 0 0
89719 107558 3474 0 0
89719 107655 3467 0 0
89719 107790 3507 0 0
89719 107798 3508 0 0
89719 107993 3552 0 0
89719 108121 3580 0 0
89745 89783 12 0 0
89745 92703 796 0 0
89745 93086 908 0 0
89905 90017 32 0 0
881 62125 321 0 0
881 104202 355 0 0
89936 91027 173 0 0
988 71375 0 569 0
990 85864 0 140 0
1362 2337 0 4770 0
90404 95235 1258 0 0
1486 89719 0 2711 0
1589 104385 0 221 0
90847 92840 533 0 0
90853 91504 60 0 0
1875 90460 0 3488 0
1908 96218 363 0 0
1955 2337 0 679 0
91092 92977 98 0 0
91111 91163 10 0 0
91111 97639 1666 0 0
91111 98107 1786 0 0
2119 8112 1074 0 0
2119 16581 3681 0 0
91188 92188 269 0 0
2233 2337 0 1038 0
2337 2348 6349 0 0
2337 2407 716 0 0
2337 2637 120 0 0
2337 2745 4497 0 0
2337 3442 7049 0 0
2337 4025 201 0 0
2337 4076 3238 0 0
2337 4106 2469 0 0
2337 4191 201 0 0
2337 4360 4068 0 0
2337 5121 893 0 0
2337 5208 566 0 0
2337 6009 1511 0 0
2337 6033 252 0 0
2337 6384 1373 0 0
2337 6705 1000 0 0
2337 6946 3665 0 0
2337 7295 1841 0 0
2337 7655 3083 0 0
2337 7951 72 0 0
2337 8203 2788 0 0
2337 8575 5459 0 0
2337 8614 806 0 0
2337 8774 258 0 0
2337 9103 5358 0 0
2337 9120 9168 0 0
2337 9216 2602 0 0
2337 9975 7028 0 0
2337 10259 20 0 0
2337 10653 4477 0 0
2337 10765 2478 0 0
2337 10984 20 0 0
2337 11169 52 0 0
2337 11308 6697 0 0
2337 11885 4138 0 0
2337 12531 237 0 0
2337 12803 6212 0 0
2337 12977 5790 0 0
2337 13059 485 0 0
2337 13442 2851 0 0
2337 14112 2540 0 0
2337 14911 3261 0 0
2337 14988 2652 0 0
2337 15906 5940 0 0
2337 16092 339 0 0
2337 17073 227 0 0
2337 17912 1825 0 0
2337 19288 5082 0 0
2337 19681 185 0 0
2337 21764 2862 0 0
2337 21959 3638 0 0
2337 22294 1855 0 0
2337 22304 906 0 0
2337 22400 2885 0 0
2337 23929 4626 0 0
2337 24416 6000 0 0
2337 24892 4691 0 0
2337 25191 1386 0 0
2337 26753 1051 0 0
2337 28470 426 0 0
2337 28810 353 0 0
2337 28923 4992 0 0
2337 29505 5045 0 0
2337 30427 1943 0 0
2337 31052 2875 0 0
2337 33173 597 0 0
2337 34950 3101 0 0
2337 35373 1710 0 0
2337 36282 3137 0 0
2337 36597 3984 0 0
2337 37187 6345 0 0
2337 37915 423 0 0
2337 38576 3852 0 0
2337 39003 5506 0 0
2337 40291 43 0 0
2337 41126 2033 0 0
2337 44250 2135 0 0
2337 46941 1694 0 0
2337 47305 3565 0 0
2337 48341 5991 0 0
2337 51822 495 0 0
2337 52582 8682 0 0
2337 54555 4101 0 0
2337 55993 4964 0 0
2337 58184 2376 0 0
2337 59487 6271 0 0
2337 60289 5008 0 0
2337 60533 59 0 0
2337 60554 2706 0 0
2337 60586 2246 0 0
2337 60655 3550 0 0
2337 60659 210 0 0
2337 60690 422 0 0
2337 60746 6589 0 0
2337 60755 6191 0 0
2337 60815 6937 0 0
2337 60887 549 0 0
2337 61029 196 0 0
2337 61064 34 0 0
2337 61077 34 0 0
2337 61113 6536 0 0
2337 61124 396 0 0
2337 61202 62 0 0
2337 61215 4018 0 0
2337 61217 785 0 0
2337 61223 2294 0 0
2337 61225 151 0 0
2337 61242 951 0 0
2337 61251 171 0 0
2337 61420 7129 0 0
2337 61452 35 0 0
2337 61512 449 0 0
2337 61533 6055 0 0
2337 61564 893 0 0
2337 61592 11617 0 0
2337 61848 594 0 0
2337 61853 1435 0 0
2337 61874 3142 0 0
2337 61882 152 0 0
2337 61892 759 0 0
2337 62010 2782 0 0
2337 62125 774 0 0
2337 62153 74 0 0
2337 62180 6282 0 0
2337 62330 112 0 0
2337 62338 146 0 0
2337 62345 3551 0 0
2337 62393 3736 0 0
2337 62395 6718 0 0
2337 62404 4471 0 0
2337 62439 3174 0 0
2337 62462 74 0 0
2337 62464 1871 0 0
2337 62520 4308 0 0
2337 62533 6975 0 0
2337 62577 5678 0 0
2337 62612 5710 0 0
2337 62669 6816 0 0
2337 62687 556 0 0
2337 62711 3999 0 0
2337 62726 158 0 0
2337 62734 1460 0 0
2337 62772 5343 0 0
2337 62774 241 0 0
2337 62803 567 0 0
2337 62816 768 0 0
2337 62924 218 0 0
2337 62931 5991 0 0
2337 62962 9599 0 0
2337 62976 3902 0 0
2337 63020 5818 0 0
2337 63024 4698 0 0
2337 63029 1432 0 0
2337 63065 261 0 0
2337 63104 4285 0 0
2337 63145 3508 0 0
2337 63159 5240 0 0
2337 63212 478 0 0
2337 63269 5384 0 0
2337 63296 2534 0 0
2337 63470 2429 0 0
2337 63524 363 0 0
2337 63532 2782 0 0
2337 63555 4355 0 0
2337 63590 233 0 0
2337 63611 7984 0 0
2337 63634 569 0 0
2337 63639 3878 0 0
2337 63669 5464 0 0
2337 63677 2571 0 0
2337 63724 699 0 0
2337 63743 9454 0 0
2337 63750 4953 0 0
2337 63817 4666 0 0
2337 63818 53 0 0
2337 63863 1477 0 0
2337 63865 4483 0 0
2337 63888 72 0 0
2337 63993 4657 0 0
2337 64018 173 0 0
2337 64097 6595 0 0
2337 64107 26 0 0
2337 64115 1706 0 0
2337 64195 5666 0 0
2337 64209 1714 0 0
2337 64221 6154 0 0
2337 64236 6043 0 0
2337 64243 3868 0 0
2337 64251 1818 0 0
2337 64261 2700 0 0
2337 64300 1729 0 0
2337 64325 4586 0 0
2337 64341 622 0 0
2337 64427 155 0 0
2337 64437 45 0 0
2337 64449 753 0 0
2337 64485 1625 0 0
2337 64492 7089 0 0
2337 64518 5224 0 0
2337 64520 3814 0 0
2337 64569 4730 0 0
2337 64696 476 0 0
2337 64780 25 0 0
2337 64788 6253 0 0
2337 64795 3317 0 0
2337 64803 7125 0 0
2337 64825 1619 0 0
2337 64844 2055 0 0
2337 64899 697 0 0
2337 64949 652 0 0
2337 64955 5362 0 0
2337 65018 2495 0 0
2337 65024 1366 0 0
2337 65032 1686 0 0
2337 65041 1484 0 0
2337 65070 560 0 0
2337 65111 9040 0 0
2337 65164 365 0 0
2337 65172 2693 0 0
2337 65174 2008 0 0
2337 65214 202 0 0
2337 65241 2528 0 0
2337 65432 4854 0 0
2337 65506 1796 0 0
2337 65508 2738 0 0
2337 65524 4934 0 0
2337 65531 628 0 0
2337 65615 807 0 0
2337 65626 1042 0 0
2337 65628 247 0 0
2337 65685 1720 0 0
2337 65737 4433 0 0
2337 65818 1638 0 0
2337 65861 1782 0 0
2337 65964 639 0 0
2337 65990 7569 0 0
2337 65999 7069 0 0
2337 66013 861 0 0
2337 66065 41 0 0
2337 66103 80 0 0
2337 66107 576 0 0
2337 66131 1357 0 0
2337 66216 4057 0 0
2337 66228 548 0 0
2337 66236 4999 0 0
2337 66287 1789 0 0
2337 66320 2850 0 0
2337 66385 63 0 0
2337 66429 2312 0 0
2337 66459 3638 0 0
2337 66568 108 0 0
2337 66627 5636 0 0
2337 66629 9432 0 0
2337 66637 3191 0 0
2337 66653 4004 0 0
2337 66679 109 0 0
2337 66739 1269 0 0
2337 66839 4654 0 0
2337 66851 3600 0 0
2337 66879 989 0 0
2337 66918 1543 0 0
2337 66948 3074 0 0
2337 66957 667 0 0
2337 67008 3092 0 0
2337 67014 1156 0 0
2337 67042 1441 0 0
2337 67094 961 0 0
2337 67134 419 0 0
2337 67137 24 0 0
2337 67151 1048 0 0
2337 67247 715 0 0
2337 67281 7099 0 0
2337 67353 810 0 0
2337 67382 1210 0 0
2337 67398 3669 0 0
2337 67412 448 0 0
2337 67477 876 0 0
2337 67483 4369 0 0
2337 67504 5710 0 0
2337 67506 800 0 0
2337 67508 78 0 0
2337 67557 66 0 0
2337 67563 4894 0 0
2337 67667 1805 0 0
2337 67670 6527 0 0
2337 67674 6545 0 0
2337 67734 1597 0 0
2337 67765 11707 0 0
2337 67836 1992 0 0
2337 67845 1532 0 0
2337 67927 438 0 0
2337 68044 108 0 0
2337 68056 1862 0 0
2337 68199 6031 0 0
2337 68215 3641 0 0
2337 68224 17 0 0
2337 68325 265 0 0
2337 68327 782 0 0
2337 68430 6326 0 0
2337 68542 1743 0 0
2337 68635 3768 0 0
2337 68645 1211 0 0
2337 68714 584 0 0
2337 68772 506 0 0
2337 68818 6197 0 0
2337 68884 1113 0 0
2337 68886 6308 0 0
2337 68918 5546 0 0
2337 68920 1842 0 0
2337 68936 384 0 0
2337 68971 1892 0 0
2337 68991 1730 0 0
2337 69089 1992 0 0
2337 69091 4709 0 0
2337 69125 6927 0 0
2337 69127 6927 0 0
2337 69129 6927 0 0
2337 69131 6927 0 0
2337 69133 6927 0 0
2337 69135 6927 0 0
2337 69137 6927 0 0
2337 69139 6927 0 0
2337 69141 6927 0 0
2337 69170 4340 0 0
2337 69177 2712 0 0
2337 69242 3542 0 0
2337 69248 6524 0 0
2337 69283 2399 0 0
2337 69307 2187 0 0
2337 69492 5239 0 0
2337 69503 6599 0 0
2337 69527 1755 0 0
2337 69543 11892 0 0
2337 69601 1764 0 0
2337 69671 2168 0 0
2337 69734 1706 0 0
2337 69852 4794 0 0
2337 69856 1251 0 0
2337 69868 7042 0 0
2337 69879 3427 0 0
2337 69887 2584 0 0
2337 69921 7051 0 0
2337 69935 3650 0 0
2337 70007 606 0 0
2337 70013 41 0 0
2337 70048 1806 0 0
2337 70072 4680 0 0
2337 70149 1202 0 0
2337 70160 6935 0 0
2337 70181 4647 0 0
2337 70209 5709 0 0
2337 70308 3000 0 0
2337 70538 5048 0 0
2337 70555 3692 0 0
2337 70611 5530 0 0
2337 70614 2505 0 0
2337 70638 5834 0 0
2337 70674 5456 0 0
2337 70738 2689 0 0
2337 70760 5283 0 0
2337 70763 6284 0 0
2337 70769 602 0 0
2337 70790 26 0 0
2337 70842 3049 0 0
2337 70921 22 0 0
2337 71016 2250 0 0
2337 71083 190 0 0
2337 71106 624 0 0
2337 71179 7266 0 0
2337 71295 9853 0 0
2337 71305 554 0 0
2337 71347 2460 0 0
2337 71447 284 0 0
2337 71451 378 0 0
2337 71511 1116 0 0
2337 71520 10 0 0
2337 71560 5852 0 0
2337 71621 841 0 0
2337 71627 30 0 0
2337 71634 4826 0 0
2337 71718 3199 0 0
2337 71806 1281 0 0
2337 71861 4705 0 0
2337 71886 7077 0 0
2337 71997 2204 0 0
2337 72016 6910 0 0
2337 72018 3826 0 0
2337 72020 1029 0 0
2337 72058 61 0 0
2337 72282 4838 0 0
2337 72297 1003 0 0
2337 72336 5520 0 0
2337 72365 69 0 0
2337 72405 2498 0 0
2337 72411 5512 0 0
2337 72422 3386 0 0
2337 72451 71 0 0
2337 72456 95 0 0
2337 72559 3219 0 0
2337 72588 461 0 0
2337 72625 4455 0 0
2337 72630 3781 0 0
2337 72652 6633 0 0
2337 72703 1116 0 0
2337 72705 3785 0 0
2337 72760 4645 0 0
2337 72833 3027 0 0
2337 72842 261 0 0
2337 72854 2324 0 0
2337 72863 1036 0 0
2337 72922 651 0 0
2337 72943 558 0 0
2337 72970 236 0 0
2337 73002 424 0 0
2337 73046 4710 0 0
2337 73151 2610 0 0
2337 73192 6302 0 0
2337 73350 804 0 0
2337 73387 1842 0 0
2337 73408 355 0 0
2337 73494 924 0 0
2337 73508 6276 0 0
2337 73522 5904 0 0
2337 73539 322 0 0
2337 73550 1243 0 0
2337 73658 5320 0 0
2337 73677 498 0 0
2337 73685 323 0 0
2337 73695 408 0 0
2337 73804 2906 0 0
2337 73818 285 0 0
2337 73938 552 0 0
2337 73992 2936 0 0
2337 74056 1418 0 0
2337 74066 6593 0 0
2337 74171 498 0 0
2337 74290 6580 0 0
2337 74356 2904 0 0
2337 74369 520 0 0
2337 74408 10706 0 0
2337 74474 1253 0 0
2337 74480 154 0 0
2337 74584 709 0 0
2337 74586 2762 0 0
2337 74611 1367 0 0
2337 74639 30 0 0
2337 74649 118 0 0
2337 74671 433 0 0
2337 74673 1977 0 0
2337 74700 5618 0 0
2337 74746 140 0 0
2337 74751 4588 0 0
2337 74766 1403 0 0
2337 74772 11 0 0
2337 74800 543 0 0
2337 74820 398 0 0
2337 74822 5940 0 0
2337 74857 94 0 0
2337 74932 671 0 0
2337 74936 5113 0 0
2337 74966 1256 0 0
2337 75047 6585 0 0
2337 75049 860 0 0
2337 75066 1840 0 0
2337 75076 856 0 0
2337 75140 2296 0 0
2337 75146 562 0 0
2337 75171 737 0 0
2337 75179 703 0 0
2337 75182 276 0 0
2337 75226 1557 0 0
2337 75258 278 0 0
2337 75306 1325 0 0
2337 75349 1831 0 0
2337 75374 4129 0 0
2337 75476 530 0 0
2337 75582 2174 0 0
2337 75592 8 0 0
2337 75605 7026 0 0
2337 75729 4387 0 0
2337 75735 3683 0 0
2337 75748 116 0 0
2337 75763 4170 0 0
2337 75796 3427 0 0
2337 75840 2951 0 0
2337 75846 9900 0 0
2337 75899 199 0 0
2337 75901 768 0 0
2337 75919 505 0 0
2337 75924 130 0 0
2337 75938 1560 0 0
2337 75950 6137 0 0
2337 75990 6162 0 0
2337 76001 312 0 0
2337 76067 648 0 0
2337 76077 734 0 0
2337 76133 3441 0 0
2337 76145 2386 0 0
2337 76198 303 0 0
2337 76205 1103 0 0
2337 76212 21 0 0
2337 76222 5775 0 0
2337 76241 5461 0 0
2337 76272 6283 0 0
2337 76300 109 0 0
2337 76304 4528 0 0
2337 76329 1324 0 0
2337 76348 443 0 0
2337 76381 6028 0 0
2337 76420 13980 0 0
2337 76515 7048 0 0
2337 76598 11427 0 0
2337 76632 6115 0 0
2337 76657 2910 0 0
2337 76712 2090 0 0
2337 76721 2092 0 0
2337 76800 781 0 0
2337 76830 5343 0 0
2337 76849 4575 0 0
2337 76859 5880 0 0
2337 76889 5181 0 0
2337 76915 229 0 0
2337 76944 1161 0 0
2337 76975 639 0 0
2337 76986 12 0 0
2337 76998 4530 0 0
2337 77045 928 0 0
2337 77064 7850 0 0
2337 77105 3593 0 0
2337 77188 441 0 0
2337 77263 1233 0 0
2337 77329 4414 0 0
2337 77371 548 0 0
2337 77384 7900 0 0
2337 77412 3487 0 0
2337 77416 1366 0 0
2337 77501 3117 0 0
2337 77513 1933 0 0
2337 77534 1524 0 0
2337 77541 959 0 0
2337 77576 2425 0 0
2337 77623 2134 0 0
2337 77642 1304 0 0
2337 77664 3986 0 0
2337 77671 96 0 0
2337 77706 4226 0 0
2337 77727 3052 0 0
2337 77737 4071 0 0
2337 77749 223 0 0
2337 77756 1365 0 0
2337 77773 108 0 0
2337 77777 1031 0 0
2337 77809 204 0 0
2337 77830 3667 0 0
2337 77864 4806 0 0
2337 77881 525 0 0
2337 77952 3275 0 0
2337 77970 132 0 0
2337 77995 2572 0 0
2337 77997 1556 0 0
2337 78018 2465 0 0
2337 78040 47 0 0
2337 78055 7844 0 0
2337 78060 534 0 0
2337 78071 3151 0 0
2337 78143 6525 0 0
2337 78151 1725 0 0
2337 78170 3564 0 0
2337 78172 86 0 0
2337 78225 598 0 0
2337 78245 593 0 0
2337 78268 72 0 0
2337 78318 238 0 0
2337 78337 1854 0 0
2337 78354 2993 0 0
2337 78391 3290 0 0
2337 78395 5993 0 0
2337 78426 2587 0 0
2337 78429 77 0 0
2337 78437 6880 0 0
2337 78481 6753 0 0
2337 78531 3070 0 0
2337 78589 723 0 0
2337 78721 899 0 0
2337 78775 6413 0 0
2337 78830 304 0 0
2337 78850 363 0 0
2337 78852 4962 0 0
2337 78854 69 0 0
2337 78856 559 0 0
2337 78864 131 0 0
2337 78890 357 0 0
2337 78954 4172 0 0
2337 79025 114 0 0
2337 79055 529 0 0
2337 79059 1164 0 0
2337 79065 830 0 0
2337 79124 3001 0 0
2337 79191 734 0 0
2337 79248 3015 0 0
2337 79274 308 0 0
2337 79277 1105 0 0
2337 79283 835 0 0
2337 79399 352 0 0
2337 79413 3755 0 0
2337 79440 1133 0 0
2337 79462 857 0 0
2337 79516 236 0 0
2337 79655 6392 0 0
2337 79679 151 0 0
2337 79686 683 0 0
2337 79690 432 0 0
2337 79702 2837 0 0
2337 79716 695 0 0
2337 79721 315 0 0
2337 79767 3482 0 0
2337 79832 1128 0 0
2337 79837 1610 0 0
2337 79858 4522 0 0
2337 79924 2777 0 0
2337 79939 23 0 0
2337 79943 78 0 0
2337 79966 1889 0 0
2337 79987 679 0 0
2337 80009 205 0 0
2337 80074 4425 0 0
2337 80080 3658 0 0
2337 80149 176 0 0
2337 80159 188 0 0
2337 80163 1058 0 0
2337 80209 3510 0 0
2337 80221 410 0 0
2337 80234 2001 0 0
2337 80299 6033 0 0
2337 80363 114 0 0
2337 80375 284 0 0
2337 80377 253 0 0
2337 80457 29 0 0
2337 80545 1577 0 0
2337 80558 225 0 0
2337 80597 834 0 0
2337 80612 520 0 0
2337 80640 3472 0 0
2337 80655 130 0 0
2337 80671 217 0 0
2337 80691 174 0 0
2337 80764 250 0 0
2337 80781 3309 0 0
2337 80788 15 0 0
2337 80797 3208 0 0
2337 80815 4365 0 0
2337 80902 1396 0 0
2337 80909 275 0 0
2337 80942 3476 0 0
2337 80989 9 0 0
2337 81006 12 0 0
2337 81008 12 0 0
2337 81012 12 0 0
2337 81025 3633 0 0
2337 81031 14 0 0
2337 81038 15 0 0
2337 81050 17 0 0
2337 81067 18 0 0
2337 81069 19 0 0
2337 81073 19 0 0
2337 81110 86 0 0
2337 81118 724 0 0
2337 81121 25 0 0
2337 81143 28 0 0
2337 81149 30 0 0
2337 81155 31 0 0
2337 81158 31 0 0
2337 81174 79 0 0
2337 81176 34 0 0
2337 81186 335 0 0
2337 81188 113 0 0
2337 81194 35 0 0
2337 81197 198 0 0
2337 81199 36 0 0
2337 81218 42 0 0
2337 81238 45 0 0
2337 81251 48 0 0
2337 81268 53 0 0
2337 81275 54 0 0
2337 81277 54 0 0
2337 81280 55 0 0
2337 81282 55 0 0
2337 81301 58 0 0
2337 81305 60 0 0
2337 81323 62 0 0
2337 81337 782 0 0
2337 81340 163 0 0
2337 81347 68 0 0
2337 81365 71 0 0
2337 81367 72 0 0
2337 81384 777 0 0
2337 81390 76 0 0
2337 81394 76 0 0
2337 81396 77 0 0
2337 81398 77 0 0
2337 81423 83 0 0
2337 81425 85 0 0
2337 81432 125 0 0
2337 81449 90 0 0
2337 81458 94 0 0
2337 81460 94 0 0
2337 81470 95 0 0
2337 81478 998 0 0
2337 81493 101 0 0
2337 81503 105 0 0
2337 81507 105 0 0
2337 81521 189 0 0
2337 81523 788 0 0
2337 81551 197 0 0
2337 81559 161 0 0
2337 81579 115 0 0
2337 81594 174 0 0
2337 81617 120 0 0
2337 81646 127 0 0
2337 81652 129 0 0
2337 81658 129 0 0
2337 81666 131 0 0
2337 81675 196 0 0
2337 81685 137 0 0
2337 81687 137 0 0
2337 81694 139 0 0
2337 81704 141 0 0
2337 81726 148 0 0
2337 81731 149 0 0
2337 81735 150 0 0
2337 81740 1956 0 0
2337 81751 277 0 0
2337 81761 156 0 0
2337 81778 159 0 0
2337 81780 182 0 0
2337 81788 163 0 0
2337 81798 165 0 0
2337 81829 175 0 0
2337 81835 177 0 0
2337 81844 342 0 0
2337 81863 304 0 0
2337 81873 188 0 0
2337 81889 190 0 0
2337 81922 214 0 0
2337 81932 200 0 0
2337 81948 203 0 0
2337 81960 206 0 0
2337 81967 207 0 0
2337 81983 208 0 0
2337 82000 543 0 0
2337 82012 239 0 0
2337 82027 218 0 0
2337 82039 220 0 0
2337 82045 239 0 0
2337 82051 223 0 0
2337 82059 347 0 0
2337 82072 228 0 0
2337 82074 228 0 0
2337 82092 230 0 0
2337 82095 930 0 0
2337 82103 1205 0 0
2337 82121 234 0 0
2337 82126 389 0 0
2337 82132 236 0 0
2337 82140 237 0 0
2337 82142 237 0 0
2337 82149 239 0 0
2337 82170 246 0 0
2337 82178 248 0 0
2337 82192 251 0 0
2337 82213 274 0 0
2337 82218 258 0 0
2337 82258 269 0 0
2337 82260 327 0 0
2337 82262 271 0 0
2337 82270 272 0 0
2337 82277 275 0 0
2337 82279 321 0 0
2337 82301 3503 0 0
2337 82307 323 0 0
2337 82311 342 0 0
2337 82345 298 0 0
2337 82346 305 0 0
2337 82347 296 0 0
2337 82349 296 0 0
2337 82364 303 0 0
2337 82370 304 0 0
2337 82381 306 0 0
2337 82387 307 0 0
2337 82394 309 0 0
2337 82401 322 0 0
2337 82403 311 0 0
2337 82420 316 0 0
2337 82424 317 0 0
2337 82431 320 0 0
2337 82470 433 0 0
2337 82481 338 0 0
2337 82507 343 0 0
2337 82509 343 0 0
2337 82511 344 0 0
2337 82517 346 0 0
2337 82519 346 0 0
2337 82531 354 0 0
2337 82536 349 0 0
2337 82538 365 0 0
2337 82543 351 0 0
2337 82574 390 0 0
2337 82577 357 0 0
2337 82593 360 0 0
2337 82595 362 0 0
2337 82603 362 0 0
2337 82609 364 0 0
2337 82611 460 0 0
2337 82614 414 0 0
2337 82649 370 0 0
2337 82698 1063 0 0
2337 82712 384 0 0
2337 82741 390 0 0
2337 82746 395 0 0
2337 82794 403 0 0
2337 82801 405 0 0
2337 82820 2626 0 0
2337 82829 411 0 0
2337 82831 411 0 0
2337 82837 413 0 0
2337 82859 418 0 0
2337 82864 510 0 0
2337 82878 423 0 0
2337 82919 482 0 0
2337 82932 436 0 0
2337 82944 439 0 0
2337 82964 528 0 0
2337 82996 451 0 0
2337 83012 457 0 0
2337 83031 464 0 0
2337 83043 467 0 0
2337 83047 469 0 0
2337 83066 518 0 0
2337 83070 473 0 0
2337 83072 479 0 0
2337 83079 475 0 0
2337 83083 11 0 0
2337 83114 486 0 0
2337 83116 504 0 0
2337 83122 610 0 0
2337 83124 488 0 0
2337 83183 519 0 0
2337 83215 736 0 0
2337 83239 700 0 0
2337 83241 525 0 0
2337 83264 6917 0 0
2337 83279 866 0 0
2337 83286 535 0 0
2337 83288 535 0 0
2337 83296 544 0 0
2337 83314 2710 0 0
2337 83348 562 0 0
2337 83350 676 0 0
2337 83353 551 0 0
2337 83372 554 0 0
2337 83383 574 0 0
2337 83385 587 0 0
2337 83397 558 0 0
2337 83399 2616 0 0
2337 83402 559 0 0
2337 83404 560 0 0
2337 83410 561 0 0
2337 83424 632 0 0
2337 83428 563 0 0
2337 83430 564 0 0
2337 83451 1311 0 0
2337 83457 573 0 0
2337 83462 752 0 0
2337 83468 584 0 0
2337 83477 576 0 0
2337 83479 629 0 0
2337 83501 584 0 0
2337 83524 587 0 0
2337 83531 611 0 0
2337 83534 3925 0 0
2337 83544 593 0 0
2337 83555 598 0 0
2337 83568 598 0 0
2337 83583 601 0 0
2337 83590 676 0 0
2337 83599 604 0 0
2337 83610 605 0 0
2337 83625 608 0 0
2337 83637 610 0 0
2337 83655 617 0 0
2337 83663 636 0 0
2337 83666 620 0 0
2337 83692 883 0 0
2337 83716 629 0 0
2337 83726 630 0 0
2337 83728 665 0 0
2337 83740 635 0 0
2337 83744 646 0 0
2337 83752 637 0 0
2337 83773 3445 0 0
2337 83775 721 0 0
2337 83777 645 0 0
2337 83798 842 0 0
2337 83808 676 0 0
2337 83818 668 0 0
2337 83851 903 0 0
2337 83904 716 0 0
2337 83913 681 0 0
2337 83920 683 0 0
2337 83927 683 0 0
2337 83931 770 0 0
2337 83938 757 0 0
2337 83940 689 0 0
2337 83986 951 0 0
2337 83988 703 0 0
2337 83992 787 0 0
2337 84000 737 0 0
2337 84002 707 0 0
2337 84010 1967 0 0
2337 84014 712 0 0
2337 84018 736 0 0
2337 84026 716 0 0
2337 84035 718 0 0
2337 84050 731 0 0
2337 84061 724 0 0
2337 84080 780 0 0
2337 84103 793 0 0
2337 84121 736 0 0
2337 84136 1106 0 0
2337 84145 1187 0 0
2337 84150 744 0 0
2337 84167 1029 0 0
2337 84171 753 0 0
2337 84209 765 0 0
2337 84219 766 0 0
2337 84247 773 0 0
2337 84271 834 0 0
2337 84277 779 0 0
2337 84304 813 0 0
2337 84321 4483 0 0
2337 84334 793 0 0
2337 84340 795 0 0
2337 84358 802 0 0
2337 84365 863 0 0
2337 84391 831 0 0
2337 84403 829 0 0
2337 84407 1261 0 0
2337 84422 814 0 0
2337 84430 842 0 0
2337 84432 817 0 0
2337 84456 881 0 0
2337 84465 827 0 0
2337 84473 1053 0 0
2337 84488 832 0 0
2337 84534 861 0 0
2337 84554 847 0 0
2337 84557 849 0 0
2337 84596 1260 0 0
2337 84600 2884 0 0
2337 84630 869 0 0
2337 84640 872 0 0
2337 84642 872 0 0
2337 84764 904 0 0
2337 84776 907 0 0
2337 84778 907 0 0
2337 84782 1005 0 0
2337 84784 1503 0 0
2337 84805 1887 0 0
2337 84837 934 0 0
2337 84839 919 0 0
2337 84849 1020 0 0
2337 84864 951 0 0
2337 84870 1014 0 0
2337 84873 1268 0 0
2337 84891 4476 0 0
2337 84896 1090 0 0
2337 84937 948 0 0
2337 84973 963 0 0
2337 84975 957 0 0
2337 84986 1025 0 0
2337 85001 962 0 0
2337 85005 4431 0 0
2337 85041 969 0 0
2337 85068 3448 0 0
2337 85082 1000 0 0
2337 85106 988 0 0
2337 85129 994 0 0
2337 85131 994 0 0
2337 85149 2152 0 0
2337 85185 1007 0 0
2337 85190 1008 0 0
2337 85205 1012 0 0
2337 85211 1033 0 0
2337 85218 1016 0 0
2337 85228 1018 0 0
2337 85259 1187 0 0
2337 85262 2453 0 0
2337 85266 4401 0 0
2337 85301 1029 0 0
2337 85339 1038 0 0
2337 85345 1138 0 0
2337 85355 1043 0 0
2337 85390 1049 0 0
2337 85401 1092 0 0
2337 85415 1131 0 0
2337 85431 1058 0 0
2337 85447 1062 0 0
2337 85451 1062 0 0
2337 85455 1486 0 0
2337 85471 1069 0 0
2337 85520 1176 0 0
2337 85532 1102 0 0
2337 85590 4429 0 0
2337 85592 1572 0 0
2337 85598 1121 0 0
2337 85635 1121 0 0
2337 85649 1119 0 0
2337 85672 1159 0 0
2337 85690 1130 0 0
2337 85709 1142 0 0
2337 85718 1242 0 0
2337 85759 1147 0 0
2337 85783 1155 0 0
2337 85788 1156 0 0
2337 85809 1162 0 0
2337 85823 1164 0 0
2337 85860 1176 0 0
2337 85865 1177 0 0
2337 85882 1183 0 0
2337 85884 1183 0 0
2337 85938 1197 0 0
2337 85940 1310 0 0
2337 85942 1197 0 0
2337 85962 1296 0 0
2337 85966 1218 0 0
2337 85975 1697 0 0
2337 85996 1217 0 0
2337 86004 1220 0 0
2337 86006 1273 0 0
2337 86023 1736 0 0
2337 86047 1234 0 0
2337 86074 4429 0 0
2337 86080 1255 0 0
2337 86082 1317 0 0
2337 86149 1329 0 0
2337 86165 1430 0 0
2337 86179 1270 0 0
2337 86207 1307 0 0
2337 86229 1301 0 0
2337 86242 1284 0 0
2337 86252 2779 0 0
2337 86257 1349 0 0
2337 86266 1290 0 0
2337 86271 1292 0 0
2337 86273 1293 0 0
2337 86284 1292 0 0
2337 86297 1300 0 0
2337 86305 1482 0 0
2337 86310 1304 0 0
2337 86329 1425 0 0
2337 86368 1319 0 0
2337 86372 1446 0 0
2337 86376 1331 0 0
2337 86380 1322 0 0
2337 86386 1325 0 0
2337 86403 1493 0 0
2337 86431 1335 0 0
2337 86442 1438 0 0
2337 86445 1340 0 0
2337 86452 1344 0 0
2337 86466 1348 0 0
2337 86478 1351 0 0
2337 86481 1353 0 0
2337 86525 1365 0 0
2337 86555 1398 0 0
2337 86564 1379 0 0
2337 86566 1617 0 0
2337 86608 1391 0 0
2337 86624 1394 0 0
2337 86649 1398 0 0
2337 86660 1403 0 0
2337 86662 1403 0 0
2337 86668 1404 0 0
2337 86690 4941 0 0
2337 86697 1450 0 0
2337 86704 1418 0 0
2337 86714 1421 0 0
2337 86739 1427 0 0
2337 86750 1537 0 0
2337 86785 1454 0 0
2337 86787 1441 0 0
2337 86804 1482 0 0
2337 86806 1506 0 0
2337 86861 1465 0 0
2337 86874 1468 0 0
2337 86897 1485 0 0
2337 86945 1510 0 0
2337 87004 1502 0 0
2337 87024 1533 0 0
2337 87036 4520 0 0
2337 87038 1511 0 0
2337 87048 1538 0 0
2337 87050 1549 0 0
2337 87054 1517 0 0
2337 87056 1517 0 0
2337 87078 6522 0 0
2337 87124 1585 0 0
2337 87148 1548 0 0
2337 87206 1670 0 0
2337 87210 1581 0 0
2337 87216 1566 0 0
2337 87225 1596 0 0
2337 87230 1570 0 0
2337 87233 1570 0 0
2337 87235 1583 0 0
2337 87237 1601 0 0
2337 87246 1575 0 0
2337 87253 7715 0 0
2337 87264 1707 0 0
2337 87273 1583 0 0
2337 87279 1616 0 0
2337 87318 1598 0 0
2337 87353 1608 0 0
2337 87370 1611 0 0
2337 87395 1618 0 0
2337 87406 1671 0 0
2337 87408 1624 0 0
2337 87427 1872 0 0
2337 87431 1631 0 0
2337 87463 1641 0 0
2337 87477 1643 0 0
2337 87484 2729 0 0
2337 87487 1645 0 0
2337 87492 1658 0 0
2337 87500 1652 0 0
2337 87512 1746 0 0
2337 87514 1656 0 0
2337 87520 1658 0 0
2337 87524 1659 0 0
2337 87541 1792 0 0
2337 87558 1671 0 0
2337 87560 1671 0 0
2337 87570 1674 0 0
2337 87576 1674 0 0
2337 87580 1696 0 0
2337 87605 1690 0 0
2337 87610 1691 0 0
2337 87621 1692 0 0
2337 87623 1714 0 0
2337 87657 1705 0 0
2337 87718 1733 0 0
2337 87733 1727 0 0
2337 87742 1730 0 0
2337 87783 1740 0 0
2337 87786 1740 0 0
2337 87801 1751 0 0
2337 87804 1742 0 0
2337 87829 1761 0 0
2337 87840 1766 0 0
2337 87843 1845 0 0
2337 87856 1756 0 0
2337 87858 1757 0 0
2337 87869 1759 0 0
2337 87916 1880 0 0
2337 87918 1782 0 0
2337 87931 1776 0 0
2337 87933 1776 0 0
2337 87941 2528 0 0
2337 87980 1790 0 0
2337 87985 1791 0 0
2337 88010 1799 0 0
2337 88016 1802 0 0
2337 88046 3461 0 0
2337 88056 1809 0 0
2337 88062 1810 0 0
2337 88066 1811 0 0
2337 88091 1892 0 0
2337 88106 1820 0 0
2337 88110 1832 0 0
2337 88118 1824 0 0
2337 88121 1872 0 0
2337 88133 1827 0 0
2337 88137 1828 0 0
2337 88158 1887 0 0
2337 88191 2174 0 0
2337 88211 1901 0 0
2337 88233 1848 0 0
2337 88263 1876 0 0
2337 88282 1875 0 0
2337 88284 2118 0 0
2337 88294 2071 0 0
2337 88296 1861 0 0
2337 88309 2028 0 0
2337 88311 1864 0 0
2337 88313 2036 0 0
2337 88321 1866 0 0
2337 88359 1878 0 0
2337 88362 1880 0 0
2337 88387 1887 0 0
2337 88425 1898 0 0
2337 88430 2502 0 0
2337 88435 1900 0 0
2337 88449 1904 0 0
2337 88459 1909 0 0
2337 88462 1911 0 0
2337 88471 4805 0 0
2337 88503 1931 0 0
2337 88526 2041 0 0
2337 88560 1954 0 0
2337 88570 1952 0 0
2337 88602 2020 0 0
2337 88672 1996 0 0
2337 88682 2004 0 0
2337 88692 1992 0 0
2337 88699 1999 0 0
2337 88733 2001 0 0
2337 88754 148 0 0
2337 88765 2153 0 0
2337 88771 2012 0 0
2337 88790 2020 0 0
2337 88799 2035 0 0
2337 88813 2100 0 0
2337 88829 2035 0 0
2337 88842 177 0 0
2337 88889 2052 0 0
2337 88926 2105 0 0
2337 88960 2081 0 0
2337 88970 4453 0 0
2337 88992 2101 0 0
2337 89048 2109 0 0
2337 89064 2112 0 0
2337 89068 2113 0 0
2337 89100 2136 0 0
2337 89107 2126 0 0
2337 89119 2253 0 0
2337 89133 2163 0 0
2337 89155 2138 0 0
2337 89201 2163 0 0
2337 89205 2171 0 0
2337 89228 2277 0 0
2337 89232 2171 0 0
2337 89267 2183 0 0
2337 89269 2185 0 0
2337 89288 2269 0 0
2337 89299 2199 0 0
2337 89347 2832 0 0
2337 89351 2218 0 0
2337 89356 2300 0 0
2337 89360 2211 0 0
2337 89362 3995 0 0
2337 89377 2215 0 0
2337 89390 2707 0 0
2337 89420 2229 0 0
2337 89436 2238 0 0
2337 89441 2239 0 0
2337 89452 2245 0 0
2337 89466 2249 0 0
2337 89486 2342 0 0
2337 89492 2261 0 0
2337 89510 2396 0 0
2337 89547 2278 0 0
2337 89564 2288 0 0
2337 89571 2287 0 0
2337 89609 2299 0 0
2337 89617 2302 0 0
2337 89634 2410 0 0
2337 89640 2308 0 0
2337 89647 2312 0 0
2337 89651 2313 0 0
2337 89679 2326 0 0
2337 89684 2350 0 0
2337 89691 2354 0 0
2337 89706 2336 0 0
2337 89717 2343 0 0
2337 89733 2427 0 0
2337 89813 2371 0 0
2337 89815 2450 0 0
2337 89823 2452 0 0
2337 89825 2375 0 0
2337 89832 2376 0 0
2337 89834 2377 0 0
2337 89837 2393 0 0
2337 89853 2380 0 0
2337 89877 2390 0 0
2337 89887 2513 0 0
2337 89895 2396 0 0
2337 89928 2409 0 0
2337 89942 2410 0 0
2337 89955 2414 0 0
2337 89960 2416 0 0
2337 89967 2420 0 0
2337 89978 2422 0 0
2337 90009 2475 0 0
2337 90013 2431 0 0
2337 90042 12 0 0
2337 90061 2445 0 0
2337 90087 18 0 0
2337 90097 2452 0 0
2337 90101 2849 0 0
2337 90105 2872 0 0
2337 90115 2456 0 0
2337 90120 2549 0 0
2337 90128 2458 0 0
2337 90140 2462 0 0
2337 90146 2464 0 0
2337 90148 3894 0 0
2337 90174 38 0 0
2337 90176 2473 0 0
2337 90182 2476 0 0
2337 90195 45 0 0
2337 90199 46 0 0
2337 90208 47 0 0
2337 90211 2481 0 0
2337 90217 2482 0 0
2337 90219 49 0 0
2337 90228 2485 0 0
2337 90230 2486 0 0
2337 90240 2486 0 0
2337 90284 2498 0 0
2337 90288 2501 0 0
2337 90307 2535 0 0
2337 90310 2509 0 0
2337 90323 2513 0 0
2337 90334 2516 0 0
2337 90351 2519 0 0
2337 90355 2537 0 0
2337 90368 2526 0 0
2337 90373 2632 0 0
2337 90375 2527 0 0
2337 90378 2530 0 0
2337 90389 2529 0 0
2337 90396 5014 0 0
2337 90443 2542 0 0
2337 90450 3114 0 0
2337 90492 3279 0 0
2337 90500 5140 0 0
2337 90512 2563 0 0
2337 90514 2564 0 0
2337 90520 133 0 0
2337 90522 2760 0 0
2337 90538 138 0 0
2337 90557 2577 0 0
2337 90566 146 0 0
2337 90591 2586 0 0
2337 90598 2798 0 0
2337 90606 2607 0 0
2337 90610 2589 0 0
2337 90632 2597 0 0
2337 90635 2597 0 0
2337 90637 2597 0 0
2337 90664 170 0 0
2337 90670 2604 0 0
2337 90712 184 0 0
2337 90718 2618 0 0
2337 90722 275 0 0
2337 90736 2622 0 0
2337 90754 2626 0 0
2337 90779 2637 0 0
2337 90792 2638 0 0
2337 90800 2640 0 0
2337 90806 2642 0 0
2337 90817 2644 0 0
2337 90832 215 0 0
2337 90850 2653 0 0
2337 90861 2656 0 0
2337 90867 2658 0 0
2337 90878 2717 0 0
2337 90888 2666 0 0
2337 90906 8249 0 0
2337 90917 2746 0 0
2337 90932 249 0 0
2337 90937 2684 0 0
2337 90948 3268 0 0
2337 90950 2689 0 0
2337 90954 257 0 0
2337 90958 2692 0 0
2337 90988 2703 0 0
2337 90990 2703 0 0
2337 90994 2704 0 0
2337 91012 2709 0 0
2337 91016 6411 0 0
2337 91018 2711 0 0
2337 91027 2713 0 0
2337 91040 2946 0 0
2337 91046 2715 0 0
2337 91051 2716 0 0
2337 91058 3072 0 0
2337 91084 3014 0 0
2337 91108 2729 0 0
2337 91122 299 0 0
2337 91176 2763 0 0
2337 91189 2750 0 0
2337 91214 2760 0 0
2337 91243 2766 0 0
2337 91247 2767 0 0
2337 91265 3604 0 0
2337 91285 5397 0 0
2337 91299 3575 0 0
2337 91315 2782 0 0
2337 91339 2790 0 0
2337 91357 2796 0 0
2337 91366 366 0 0
2337 91384 3287 0 0
2337 91394 2827 0 0
2337 91398 2810 0 0
2337 91428 2819 0 0
2337 91433 2820 0 0
2337 91435 2841 0 0
2337 91442 2822 0 0
2337 91462 2828 0 0
2337 91465 3877 0 0
2337 91476 2832 0 0
2337 91482 2848 0 0
2337 91487 2834 0 0
2337 91544 2849 0 0
2337 91570 2854 0 0
2337 91572 2855 0 0
2337 91574 2925 0 0
2337 91592 2861 0 0
2337 91634 2875 0 0
2337 91652 459 0 0
2337 91654 2884 0 0
2337 91661 2992 0 0
2337 91672 2887 0 0
2337 91689 2893 0 0
2337 91720 2915 0 0
2337 91735 3440 0 0
2337 91737 2908 0 0
2337 91752 2911 0 0
2337 91755 837 0 0
2337 91757 3418 0 0
2337 91779 2918 0 0
2337 91791 2922 0 0
2337 91793 2922 0 0
2337 91807 2954 0 0
2337 91817 2927 0 0
2337 91836 2933 0 0
2337 91842 2940 0 0
2337 91845 502 0 0
2337 91847 2935 0 0
2337 91863 4628 0 0
2337 91874 7431 0 0
2337 91880 2941 0 0
2337 91889 2944 0 0
2337 91904 2947 0 0
2337 91906 3480 0 0
2337 91914 3081 0 0
2337 91927 2959 0 0
2337 91947 2971 0 0
2337 91951 526 0 0
2337 91967 2963 0 0
2337 91974 3118 0 0
2337 91976 2966 0 0
2337 91988 2968 0 0
2337 91993 2969 0 0
2337 92007 2973 0 0
2337 92009 2973 0 0
2337 92019 3100 0 0
2337 92033 2979 0 0
2337 92044 4032 0 0
2337 92069 2990 0 0
2337 92085 2992 0 0
2337 92106 2997 0 0
2337 92116 2999 0 0
2337 92125 3001 0 0
2337 92130 3001 0 0
2337 92132 3002 0 0
2337 92138 3003 0 0
2337 92151 3007 0 0
2337 92182 3016 0 0
2337 92193 3609 0 0
2337 92196 3088 0 0
2337 92198 587 0 0
2337 92215 3025 0 0
2337 92218 3084 0 0
2337 92239 3032 0 0
2337 92242 3071 0 0
2337 92252 3035 0 0
2337 92277 3038 0 0
2337 92293 609 0 0
2337 92297 3054 0 0
2337 92320 3050 0 0
2337 92344 3052 0 0
2337 92349 3055 0 0
2337 92366 3486 0 0
2337 92369 3062 0 0
2337 92386 3066 0 0
2337 92392 3067 0 0
2337 92404 3071 0 0
2337 92463 3120 0 0
2337 92477 3115 0 0
2337 92479 3089 0 0
2337 92487 3960 0 0
2337 92511 3145 0 0
2337 92513 3099 0 0
2337 92527 3776 0 0
2337 92554 3375 0 0
2337 92570 4494 0 0
2337 92574 3116 0 0
2337 92576 3150 0 0
2337 92585 3117 0 0
2337 92600 3123 0 0
2337 92602 3123 0 0
2337 92604 3265 0 0
2337 92606 3124 0 0
2337 92613 3130 0 0
2337 92617 3138 0 0
2337 92634 5735 0 0
2337 92645 3133 0 0
2337 92653 3135 0 0
2337 92757 729 0 0
2337 92763 3163 0 0
2337 92775 3167 0 0
2337 92780 3168 0 0
2337 92791 3939 0 0
2337 92804 3980 0 0
2337 92815 3178 0 0
2337 92838 3209 0 0
2337 92852 3188 0 0
2337 92854 3203 0 0
2337 92859 3366 0 0
2337 92872 3995 0 0
2337 92889 3200 0 0
2337 92907 3206 0 0
2337 92953 3511 0 0
2337 92969 3279 0 0
2337 93028 3242 0 0
2337 93041 3245 0 0
2337 93055 3266 0 0
2337 93071 3316 0 0
2337 93084 3257 0 0
2337 93093 3259 0 0
2337 93107 3264 0 0
2337 93121 3841 0 0
2337 93140 3271 0 0
2337 93142 3271 0 0
2337 93147 3275 0 0
2337 93151 3354 0 0
2337 93169 3279 0 0
2337 93176 3300 0 0
2337 93180 3396 0 0
2337 93184 3287 0 0
2337 93186 3288 0 0
2337 93207 3294 0 0
2337 93228 3300 0 0
2337 93236 3302 0 0
2337 93264 3309 0 0
2337 93281 3312 0 0
2337 93304 3316 0 0
2337 93308 3316 0 0
2337 93315 3339 0 0
2337 93326 3320 0 0
2337 93328 4594 0 0
2337 93330 3322 0 0
2337 93340 4232 0 0
2337 93359 3329 0 0
2337 93374 3382 0 0
2337 93415 3340 0 0
2337 93445 3348 0 0
2337 93468 4563 0 0
2337 93486 3361 0 0
2337 93512 3367 0 0
2337 93529 3369 0 0
2337 93542 4505 0 0
2337 93544 4401 0 0
2337 93561 3435 0 0
2337 93613 3393 0 0
2337 93621 4917 0 0
2337 93629 3392 0 0
2337 93637 3395 0 0
2337 93639 3395 0 0
2337 93649 3500 0 0
2337 93680 4466 0 0
2337 93702 4446 0 0
2337 93709 3416 0 0
2337 93744 3424 0 0
2337 93746 3433 0 0
2337 93768 3429 0 0
2337 93791 1002 0 0
2337 93839 3568 0 0
2337 93843 3539 0 0
2337 93846 4765 0 0
2337 93860 3461 0 0
2337 93933 3470 0 0
2337 93950 3474 0 0
2337 93954 3474 0 0
2337 93964 3535 0 0
2337 93973 3477 0 0
2337 93975 1128 0 0
2337 93988 3586 0 0
2337 93993 3488 0 0
2337 94002 3484 0 0
2337 94005 3484 0 0
2337 94016 3513 0 0
2337 94055 1065 0 0
2337 94113 3513 0 0
2337 94115 3532 0 0
2337 94144 3600 0 0
2337 94152 3525 0 0
2337 94155 3526 0 0
2337 94185 3534 0 0
2337 94198 3548 0 0
2337 94217 3540 0 0
2337 94224 1107 0 0
2337 94247 3658 0 0
2337 94271 3551 0 0
2337 94290 4205 0 0
2337 94307 3559 0 0
2337 94350 3570 0 0
2337 94373 3633 0 0
2337 94378 3579 0 0
2337 94389 3580 0 0
2337 94398 3580 0 0
2337 94408 3612 0 0
2337 94416 3583 0 0
2337 94421 3583 0 0
2337 94426 3586 0 0
2337 94434 3598 0 0
2337 94436 3590 0 0
2337 94445 1161 0 0
2337 94457 3626 0 0
2337 94497 4810 0 0
2337 94501 3610 0 0
2337 94503 3610 0 0
2337 94518 3639 0 0
2337 94544 3621 0 0
2337 94548 4817 0 0
2337 94554 3623 0 0
2337 94556 3623 0 0
2337 94561 3662 0 0
2337 94566 3626 0 0
2337 94647 3643 0 0
2337 94680 3654 0 0
2337 94721 3663 0 0
2337 94747 3668 0 0
2337 94755 6137 0 0
2337 94757 5083 0 0
2337 94765 3686 0 0
2337 94773 4943 0 0
2337 94782 3676 0 0
2337 94784 1255 0 0
2337 94796 3775 0 0
2337 94833 3686 0 0
2337 94841 3687 0 0
2337 94844 3702 0 0
2337 94866 3695 0 0
2337 94868 3696 0 0
2337 94875 3697 0 0
2337 94902 3707 0 0
2337 94913 5019 0 0
2337 94923 3712 0 0
2337 94942 3731 0 0
2337 94944 3717 0 0
2337 94948 3717 0 0
2337 94978 3750 0 0
2337 94993 3730 0 0
2337 95008 3793 0 0
2337 95038 3742 0 0
2337 95041 3743 0 0
2337 95070 1315 0 0
2337 95080 3752 0 0
2337 95093 3754 0 0
2337 95103 3756 0 0
2337 95105 3756 0 0
2337 95114 3760 0 0
2337 95132 3790 0 0
2337 95137 3766 0 0
2337 95146 3767 0 0
2337 95157 3771 0 0
2337 95159 3901 0 0
2337 95172 3937 0 0
2337 95186 3788 0 0
2337 95197 3782 0 0
2337 95221 3816 0 0
2337 95227 3789 0 0
2337 95231 3935 0 0
2337 95255 3793 0 0
2337 95259 4086 0 0
2337 95263 3793 0 0
2337 95265 5899 0 0
2337 95269 3824 0 0
2337 95275 1364 0 0
2337 95288 3871 0 0
2337 95292 1368 0 0
2337 95314 3852 0 0
2337 95315 3808 0 0
2337 95379 3825 0 0
2337 95385 3826 0 0
2337 95405 3843 0 0
2337 95454 1414 0 0
2337 95478 3853 0 0
2337 95482 3956 0 0
2337 95484 3929 0 0
2337 95519 3866 0 0
2337 95547 3870 0 0
2337 95594 3880 0 0
2337 95612 538 0 0
2337 95654 3901 0 0
2337 95666 3904 0 0
2337 95668 3905 0 0
2337 95683 3911 0 0
2337 95702 3923 0 0
2337 95717 3918 0 0
2337 95731 3921 0 0
2337 95736 3922 0 0
2337 95744 3924 0 0
2337 95806 3935 0 0
2337 95813 4603 0 0
2337 95816 3972 0 0
2337 95833 3938 0 0
2337 95854 3959 0 0
2337 95868 3947 0 0
2337 95872 3947 0 0
2337 95888 3952 0 0
2337 95942 3973 0 0
2337 95947 4109 0 0
2337 95959 6134 0 0
2337 95964 3966 0 0
2337 95976 3967 0 0
2337 95989 3980 0 0
2337 96005 3975 0 0
2337 96007 3261 0 0
2337 96016 3976 0 0
2337 96040 4067 0 0
2337 96042 3980 0 0
2337 96058 4128 0 0
2337 96066 4011 0 0
2337 96076 3988 0 0
2337 96101 3994 0 0
2337 96108 3996 0 0
2337 96128 4001 0 0
2337 96143 4005 0 0
2337 96151 4019 0 0
2337 96171 4011 0 0
2337 96181 5633 0 0
2337 96183 5697 0 0
2337 96189 4016 0 0
2337 96210 4037 0 0
2337 96226 7963 0 0
2337 96228 5630 0 0
2337 96233 4025 0 0
2337 96235 4025 0 0
2337 96243 5701 0 0
2337 96263 4034 0 0
2337 96268 4035 0 0
2337 96273 4035 0 0
2337 96292 4038 0 0
2337 96337 4049 0 0
2337 96350 5740 0 0
2337 96364 4070 0 0
2337 96368 4057 0 0
2337 96385 5712 0 0
2337 96394 4159 0 0
2337 96400 4083 0 0
2337 96416 4138 0 0
2337 96435 4118 0 0
2337 96457 4080 0 0
2337 96483 4084 0 0
2337 96531 4096 0 0
2337 96533 4097 0 0
2337 96585 4782 0 0
2337 96623 4120 0 0
2337 96632 4122 0 0
2337 96670 4129 0 0
2337 96675 4129 0 0
2337 96683 4130 0 0
2337 96717 4783 0 0
2337 96762 4159 0 0
2337 96778 5911 0 0
2337 96796 4157 0 0
2337 96800 4159 0 0
2337 96817 4162 0 0
2337 96819 4163 0 0
2337 96832 4842 0 0
2337 96835 4169 0 0
2337 96874 1746 0 0
2337 96892 4190 0 0
2337 96901 1752 0 0
2337 96920 4188 0 0
2337 96923 4197 0 0
2337 96957 4201 0 0
2337 96973 4241 0 0
2337 96991 4217 0 0
2337 96997 4211 0 0
2337 97001 4237 0 0
2337 97005 4218 0 0
2337 97009 4213 0 0
2337 97021 4217 0 0
2337 97030 4220 0 0
2337 97034 6060 0 0
2337 97037 4300 0 0
2337 97054 4227 0 0
2337 97090 4237 0 0
2337 97092 4237 0 0
2337 97096 4244 0 0
2337 97109 4242 0 0
2337 97111 4242 0 0
2337 97142 6898 0 0
2337 97186 4284 0 0
2337 97194 4411 0 0
2337 97221 673 0 0
2337 97237 4277 0 0
2337 97246 4279 0 0
2337 97291 6344 0 0
2337 97304 4297 0 0
2337 97313 4311 0 0
2337 97318 4304 0 0
2337 97322 4306 0 0
2337 97336 4313 0 0
2337 97354 4480 0 0
2337 97357 4319 0 0
2337 97361 4319 0 0
2337 97368 4321 0 0
2337 97375 4323 0 0
2337 97387 4341 0 0
2337 97408 36 0 0
2337 97417 4446 0 0
2337 97429 4338 0 0
2337 97441 6367 0 0
2337 97462 4343 0 0
2337 97472 4365 0 0
2337 97474 6470 0 0
2337 97528 4359 0 0
2337 97576 4374 0 0
2337 97588 4382 0 0
2337 97592 4400 0 0
2337 97601 6364 0 0
2337 97612 4387 0 0
2337 97629 4439 0 0
2337 97672 4455 0 0
2337 97692 4410 0 0
2337 97722 4421 0 0
2337 97732 6605 0 0
2337 97734 4419 0 0
2337 97796 4424 0 0
2337 97824 2011 0 0
2337 97873 4484 0 0
2337 97884 4444 0 0
2337 97969 4465 0 0
2337 97974 4469 0 0
2337 98007 4476 0 0
2337 98041 4488 0 0
2337 98046 4639 0 0
2337 98053 4497 0 0
2337 98067 4578 0 0
2337 98070 4502 0 0
2337 98109 4685 0 0
2337 98120 2227 0 0
2337 98137 4716 0 0
2337 98142 4559 0 0
2337 98181 6742 0 0
2337 98189 4637 0 0
2337 98195 4539 0 0
2337 98217 4655 0 0
2337 98228 4560 0 0
2337 98234 4548 0 0
2337 98246 4549 0 0
2337 98252 4550 0 0
2337 98263 4553 0 0
2337 98312 4566 0 0
2337 98336 6920 0 0
2337 98350 4580 0 0
2337 98353 9 0 0
2337 98359 4583 0 0
2337 98366 41 0 0
2337 98392 36 0 0
2337 98404 4596 0 0
2337 98406 24 0 0
2337 98408 25 0 0
2337 98413 4610 0 0
2337 98429 7223 0 0
2337 98470 57 0 0
2337 98483 4689 0 0
2337 98493 4627 0 0
2337 98500 4684 0 0
2337 98502 4696 0 0
2337 98508 4624 0 0
2337 98510 4634 0 0
2337 98515 7261 0 0
2337 98525 4628 0 0
2337 98548 4631 0 0
2337 98554 7265 0 0
2337 98561 4633 0 0
2337 98625 75 0 0
2337 98632 2215 0 0
2337 98636 4847 0 0
2337 98722 4790 0 0
2337 98804 7156 0 0
2337 98813 4687 0 0
2337 98827 122 0 0
2337 98829 4731 0 0
2337 98890 7201 0 0
2337 98903 7088 0 0
2337 98907 4708 0 0
2337 98913 4709 0 0
2337 98959 4733 0 0
2337 98969 4717 0 0
2337 98993 4738 0 0
2337 99016 4727 0 0
2337 99018 4728 0 0
2337 99027 4753 0 0
2337 99064 172 0 0
2337 99070 4744 0 0
2337 99095 4744 0 0
2337 99102 4746 0 0
2337 99104 4877 0 0
2337 99106 5079 0 0
2337 99115 4828 0 0
2337 99117 4765 0 0
2337 99135 4751 0 0
2337 99141 4752 0 0
2337 99145 7243 0 0
2337 99151 184 0 0
2337 99153 4756 0 0
2337 99187 4765 0 0
2337 99199 4787 0 0
2337 99213 4773 0 0
2337 99216 2353 0 0
2337 99221 6054 0 0
2337 99242 4779 0 0
2337 99252 222 0 0
2337 99254 4780 0 0
2337 99264 4785 0 0
2337 99268 7998 0 0
2337 99284 4789 0 0
2337 99298 4800 0 0
2337 99336 4810 0 0
2337 99344 5242 0 0
2337 99350 8146 0 0
2337 99380 4807 0 0
2337 99390 4847 0 0
2337 99394 4810 0 0
2337 99411 4847 0 0
2337 99432 4820 0 0
2337 99442 7965 0 0
2337 99458 7150 0 0
2337 99472 2396 0 0
2337 99494 4876 0 0
2337 99550 4900 0 0
2337 99575 4855 0 0
2337 99596 4880 0 0
2337 99609 4863 0 0
2337 99625 4866 0 0
2337 99635 4869 0 0
2337 99642 5238 0 0
2337 99678 4878 0 0
2337 99694 4910 0 0
2337 99741 5233 0 0
2337 99743 4934 0 0
2337 99768 2506 0 0
2337 99780 4906 0 0
2337 99783 2469 0 0
2337 99820 4913 0 0
2337 99861 2508 0 0
2337 99882 4928 0 0
2337 99897 4989 0 0
2337 99903 4930 0 0
2337 99910 4984 0 0
2337 99932 4936 0 0
2337 99961 5009 0 0
2337 99975 4958 0 0
2337 99979 4945 0 0
2337 99989 4947 0 0
2337 100007 4955 0 0
2337 100017 5316 0 0
2337 100041 5151 0 0
2337 100043 4960 0 0
2337 100069 4969 0 0
2337 100083 5012 0 0
2337 100119 5065 0 0
2337 100123 4988 0 0
2337 100164 5488 0 0
2337 100200 5016 0 0
2337 100212 5015 0 0
2337 100217 5013 0 0
2337 100237 5017 0 0
2337 100240 2585 0 0
2337 100243 5518 0 0
2337 100250 5021 0 0
2337 100256 5022 0 0
2337 100262 5107 0 0
2337 100266 5027 0 0
2337 100296 3302 0 0
2337 100321 5037 0 0
2337 100334 468 0 0
2337 100375 5057 0 0
2337 100387 634 0 0
2337 100389 538 0 0
2337 100395 5177 0 0
2337 100404 5162 0 0
2337 100443 5082 0 0
2337 100472 5072 0 0
2337 100485 5099 0 0
2337 100505 8350 0 0
2337 100514 5136 0 0
2337 100525 7754 0 0
2337 100527 5087 0 0
2337 100535 5270 0 0
2337 100568 5692 0 0
2337 100582 5103 0 0
2337 100601 5230 0 0
2337 100612 7978 0 0
2337 100614 5117 0 0
2337 100631 6878 0 0
2337 100633 8151 0 0
2337 100635 5473 0 0
2337 100648 5150 0 0
2337 100654 5257 0 0
2337 100661 5127 0 0
2337 100665 8422 0 0
2337 100667 5127 0 0
2337 100670 5128 0 0
2337 100690 6078 0 0
2337 100697 5133 0 0
2337 100705 5134 0 0
2337 100710 5317 0 0
2337 100720 5137 0 0
2337 100726 7892 0 0
2337 100770 5754 0 0
2337 100779 5154 0 0
2337 100781 5851 0 0
2337 100790 5158 0 0
2337 100795 5159 0 0
2337 100797 5173 0 0
2337 100840 5167 0 0
2337 100927 8136 0 0
2337 100939 7997 0 0
2337 100963 628 0 0
2337 100971 5257 0 0
2337 100983 5209 0 0
2337 101024 8897 0 0
2337 101026 5228 0 0
2337 101042 2784 0 0
2337 101052 5270 0 0
2337 101074 654 0 0
2337 101094 5230 0 0
2337 101121 5275 0 0
2337 101127 5248 0 0
2337 101140 5393 0 0
2337 101182 2819 0 0
2337 101184 5445 0 0
2337 101186 3645 0 0
2337 101220 5350 0 0
2337 101233 695 0 0
2337 101247 5269 0 0
2337 101255 5273 0 0
2337 101257 5273 0 0
2337 101283 710 0 0
2337 101297 5285 0 0
2337 101316 718 0 0
2337 101327 8710 0 0
2337 101329 5294 0 0
2337 101333 5295 0 0
2337 101340 5308 0 0
2337 101360 5300 0 0
2337 101380 5306 0 0
2337 101388 5308 0 0
2337 101404 5372 0 0
2337 101410 5315 0 0
2337 101412 744 0 0
2337 101423 8404 0 0
2337 101453 6341 0 0
2337 101484 5335 0 0
2337 101491 5337 0 0
2337 101493 5337 0 0
2337 101525 5365 0 0
2337 101599 5360 0 0
2337 101625 5376 0 0
2337 101634 797 0 0
2337 101674 5379 0 0
2337 101708 5392 0 0
2337 101726 8447 0 0
2337 101760 5530 0 0
2337 101781 5461 0 0
2337 101801 5441 0 0
2337 101819 5429 0 0
2337 101831 5505 0 0
2337 101838 5433 0 0
2337 101853 3061 0 0
2337 101863 870 0 0
2337 101879 5448 0 0
2337 101931 5494 0 0
2337 101933 5470 0 0
2337 101981 3048 0 0
2337 101999 5486 0 0
2337 102005 5487 0 0
2337 102039 5509 0 0
2337 102057 5510 0 0
2337 102098 5510 0 0
2337 102113 9639 0 0
2337 102115 5514 0 0
2337 102118 943 0 0
2337 102124 5516 0 0
2337 102128 5516 0 0
2337 102131 984 0 0
2337 102159 5541 0 0
2337 102161 5523 0 0
2337 102168 1926 0 0
2337 102179 5611 0 0
2337 102208 12034 0 0
2337 102216 5539 0 0
2337 102236 5542 0 0
2337 102253 5547 0 0
2337 102267 5548 0 0
2337 102280 5552 0 0
2337 102284 5771 0 0
2337 102288 5554 0 0
2337 102302 5558 0 0
2337 102319 5562 0 0
2337 102342 5570 0 0
2337 102378 5582 0 0
2337 102385 5595 0 0
2337 102394 8883 0 0
2337 102407 9930 0 0
2337 102411 5592 0 0
2337 102485 5618 0 0
2337 102503 5756 0 0
2337 102509 5622 0 0
2337 102521 5626 0 0
2337 102524 5627 0 0
2337 102575 5648 0 0
2337 102633 5657 0 0
2337 102635 5658 0 0
2337 102637 5659 0 0
2337 102677 5670 0 0
2337 102688 5673 0 0
2337 102729 5687 0 0
2337 102731 5736 0 0
2337 102739 6811 0 0
2337 102790 2110 0 0
2337 102794 5727 0 0
2337 102847 5723 0 0
2337 102871 5730 0 0
2337 102873 5727 0 0
2337 102904 5745 0 0
2337 102920 5861 0 0
2337 102923 5741 0 0
2337 102937 10322 0 0
2337 102955 6557 0 0
2337 102961 5752 0 0
2337 102963 5753 0 0
2337 103034 5777 0 0
2337 103048 5780 0 0
2337 103089 5786 0 0
2337 103096 7043 0 0
2337 103101 5788 0 0
2337 103108 5866 0 0
2337 103111 5790 0 0
2337 103126 5807 0 0
2337 103130 5794 0 0
2337 103156 5803 0 0
2337 103165 5812 0 0
2337 103178 5810 0 0
2337 103193 5812 0 0
2337 103195 5812 0 0
2337 103205 5845 0 0
2337 103215 5817 0 0
2337 103238 5910 0 0
2337 103245 9455 0 0
2337 103252 5832 0 0
2337 103254 5832 0 0
2337 103265 5835 0 0
2337 103289 5841 0 0
2337 103327 5852 0 0
2337 103431 5881 0 0
2337 103434 5884 0 0
2337 103449 5887 0 0
2337 103457 5889 0 0
2337 103476 5893 0 0
2337 103481 1322 0 0
2337 103491 5897 0 0
2337 103499 10839 0 0
2337 103516 5907 0 0
2337 103527 5913 0 0
2337 103533 10770 0 0
2337 103541 5947 0 0
2337 103543 5916 0 0
2337 103570 7358 0 0
2337 103571 5924 0 0
2337 103600 5933 0 0
2337 103615 2576 0 0
2337 103622 10838 0 0
2337 103637 5941 0 0
2337 103643 5965 0 0
2337 103727 5959 0 0
2337 103749 11037 0 0
2337 103752 5982 0 0
2337 103757 5966 0 0
2337 103777 3540 0 0
2337 103787 6072 0 0
2337 103792 5978 0 0
2337 103811 6743 0 0
2337 103830 5986 0 0
2337 103852 5992 0 0
2337 103861 6203 0 0
2337 103867 9596 0 0
2337 103872 5994 0 0
2337 103877 5995 0 0
2337 103902 6001 0 0
2337 103904 7435 0 0
2337 103906 6013 0 0
2337 103915 6004 0 0
2337 103923 6009 0 0
2337 103951 6047 0 0
2337 103963 1451 0 0
2337 103965 1451 0 0
2337 104004 6221 0 0
2337 104026 6038 0 0
2337 104048 6095 0 0
2337 104062 6118 0 0
2337 104072 5136 0 0
2337 104095 6057 0 0
2337 104105 6066 0 0
2337 104113 6061 0 0
2337 104116 6176 0 0
2337 104121 6062 0 0
2337 104130 6064 0 0
2337 104155 6069 0 0
2337 104158 6070 0 0
2337 104160 6071 0 0
2337 104274 6191 0 0
2337 104276 6111 0 0
2337 104287 6114 0 0
2337 104289 6114 0 0
2337 104315 8033 0 0
2337 104337 6144 0 0
2337 104362 6138 0 0
2337 104392 6164 0 0
2337 104394 6149 0 0
2337 104400 6223 0 0
2337 104410 6169 0 0
2337 104422 12064 0 0
2337 104443 7784 0 0
2337 104468 6168 0 0
2337 104500 9930 0 0
2337 104510 6178 0 0
2337 104528 6183 0 0
2337 104557 3758 0 0
2337 104559 6202 0 0
2337 104563 6192 0 0
2337 104578 6197 0 0
2337 104604 3771 0 0
2337 104608 6205 0 0
2337 104626 6207 0 0
2337 104647 6211 0 0
2337 104649 6211 0 0
2337 104651 6211 0 0
2337 104695 6222 0 0
2337 104698 6334 0 0
2337 104707 6229 0 0
2337 104719 6226 0 0
2337 104721 6231 0 0
2337 104734 6244 0 0
2337 104760 6484 0 0
2337 104778 6763 0 0
2337 104818 13678 0 0
2337 104853 11861 0 0
2337 104855 6256 0 0
2337 104859 6261 0 0
2337 104861 6258 0 0
2337 104863 6450 0 0
2337 104891 6266 0 0
2337 104893 6266 0 0
2337 104895 6266 0 0
2337 104925 6272 0 0
2337 104947 6480 0 0
2337 104949 6277 0 0
2337 105019 6292 0 0
2337 105050 1729 0 0
2337 105056 6310 0 0
2337 105061 2704 0 0
2337 105070 6311 0 0
2337 105073 6306 0 0
2337 105078 6307 0 0
2337 105101 6335 0 0
2337 105105 6311 0 0
2337 105113 6312 0 0
2337 105125 1833 0 0
2337 105140 6320 0 0
2337 105151 6332 0 0
2337 105167 6330 0 0
2337 105169 6330 0 0
2337 105180 6331 0 0
2337 105211 6337 0 0
2337 105238 6348 0 0
2337 105244 6352 0 0
2337 105259 1785 0 0
2337 105284 1797 0 0
2337 105295 6371 0 0
2337 105373 6395 0 0
2337 105380 6397 0 0
2337 105401 6404 0 0
2337 105461 5948 0 0
2337 105469 6420 0 0
2337 105519 6430 0 0
2337 105522 6448 0 0
2337 105524 6478 0 0
2337 105534 6436 0 0
2337 105550 6457 0 0
2337 105562 6444 0 0
2337 105566 6445 0 0
2337 105583 10527 0 0
2337 105611 6454 0 0
2337 105641 6476 0 0
2337 105679 11161 0 0
2337 105698 10574 0 0
2337 105718 6489 0 0
2337 105720 6489 0 0
2337 105725 6492 0 0
2337 105749 12560 0 0
2337 105759 6542 0 0
2337 105761 6502 0 0
2337 105779 6653 0 0
2337 105807 6517 0 0
2337 105830 6840 0 0
2337 105834 6523 0 0
2337 105849 6636 0 0
2337 105862 6529 0 0
2337 105864 6531 0 0
2337 105963 6553 0 0
2337 105973 6558 0 0
2337 105990 6562 0 0
2337 106022 6573 0 0
2337 106067 6586 0 0
2337 106088 6590 0 0
2337 106093 6592 0 0
2337 106112 6596 0 0
2337 106132 6640 0 0
2337 106158 6607 0 0
2337 106170 11783 0 0
2337 106175 6612 0 0
2337 106184 6613 0 0
2337 106190 6614 0 0
2337 106220 6814 0 0
2337 106243 6633 0 0
2337 106276 6640 0 0
2337 106286 6722 0 0
2337 106302 6656 0 0
2337 106311 11273 0 0
2337 106340 10901 0 0
2337 106362 6679 0 0
2337 106392 6813 0 0
2337 106398 6671 0 0
2337 106406 6760 0 0
2337 106416 6686 0 0
2337 106424 6715 0 0
2337 106430 6679 0 0
2337 106437 6693 0 0
2337 106465 6691 0 0
2337 106484 6856 0 0
2337 106495 6698 0 0
2337 106504 6702 0 0
2337 106529 6711 0 0
2337 106561 6716 0 0
2337 106565 6733 0 0
2337 106579 6721 0 0
2337 106620 6740 0 0
2337 106630 6740 0 0
2337 106643 6739 0 0
2337 106671 6779 0 0
2337 106684 6751 0 0
2337 106686 11078 0 0
2337 106735 6765 0 0
2337 106744 6767 0 0
2337 106747 6769 0 0
2337 106783 6921 0 0
2337 106800 6890 0 0
2337 106806 6782 0 0
2337 106828 11170 0 0
2337 106851 6795 0 0
2337 106862 13427 0 0
2337 106872 6799 0 0
2337 106899 6808 0 0
2337 106904 6809 0 0
2337 106912 11255 0 0
2337 106926 6867 0 0
2337 106945 13717 0 0
2337 107012 6839 0 0
2337 107021 6840 0 0
2337 107027 6840 0 0
2337 107046 13579 0 0
2337 107100 6862 0 0
2337 107106 6862 0 0
2337 107147 6877 0 0
2337 107178 6893 0 0
2337 107182 2310 0 0
2337 107184 2311 0 0
2337 107187 6883 0 0
2337 107227 6894 0 0
2337 107229 6895 0 0
2337 107236 6943 0 0
2337 107238 6898 0 0
2337 107240 6898 0 0
2337 107251 6959 0 0
2337 107267 6905 0 0
2337 107272 6951 0 0
2337 107288 6925 0 0
2337 107297 11701 0 0
2337 107317 6920 0 0
2337 107321 6922 0 0
2337 107380 6930 0 0
2337 107396 6933 0 0
2337 107398 10414 0 0
2337 107402 6938 0 0
2337 107423 7004 0 0
2337 107432 6943 0 0
2337 107444 6945 0 0
2337 107450 6953 0 0
2337 107490 6960 0 0
2337 107525 6970 0 0
2337 107538 6974 0 0
2337 107552 6977 0 0
2337 107556 6978 0 0
2337 107598 7002 0 0
2337 107631 7010 0 0
2337 107655 9468 0 0
2337 107663 7009 0 0
2337 107674 15086 0 0
2337 107748 7035 0 0
2337 107792 7046 0 0
2337 107828 7051 0 0
2337 107845 7091 0 0
2337 107874 7069 0 0
2337 107894 7074 0 0
2337 107921 7109 0 0
2337 107935 7081 0 0
2337 107955 7086 0 0
2337 107959 7089 0 0
2337 107997 7092 0 0
2337 108010 7094 0 0
2337 108020 7094 0 0
2337 108032 7125 0 0
2337 108082 7107 0 0
2337 108088 7109 0 0
2337 108090 7110 0 0
2337 108096 11822 0 0
2337 108119 7119 0 0
2337 108124 7120 0 0
2337 108144 7126 0 0
2337 108154 7128 0 0
2337 108160 3529 0 0
2337 108170 7131 0 0
2337 108172 7132 0 0
2337 108208 7138 0 0
91510 94215 698 0 0
2486 7361 1652 0 0
2486 8333 2120 0 0
2486 50203 536 0 0
2486 74668 50 0 0
2486 78788 1012 0 0
2486 82601 18 0 0
2486 90884 50 0 0
2486 90944 73 0 0
2486 91010 95 0 0
2486 91560 239 0 0
2486 91596 247 0 0
2486 92378 450 0 0
2486 92426 461 0 0
2486 92458 472 0 0
2486 92460 472 0 0
2486 92505 483 0 0
2486 92608 511 0 0
2486 92663 525 0 0
2486 92729 536 0 0
2486 92753 547 0 0
2486 92797 558 0 0
2486 92836 569 0 0
2486 93005 621 0 0
2486 93101 648 0 0
2486 93211 682 0 0
2486 93801 824 0 0
2486 94532 1006 0 0
2486 94697 1043 0 0
2486 95233 1176 0 0
2486 95423 1226 0 0
2486 95486 1242 0 0
2486 99172 2146 0 0
2486 100799 2546 0 0
2486 103459 3275 0 0
2486 105651 3859 0 0
2486 106894 4191 0 0
2486 107732 4414 0 0
2518 85473 671 0 0
2577 69292 0 490 0
2577 87772 0 30 0
2577 89744 0 320 0
2745 89719 0 887 0
91819 91822 1 0 0
91882 94629 696 0 0
91947 93173 0 845 0
2941 7618 0 1206 0
2941 80718 0 5039 0
2941 100915 0 460 0
92050 93559 392 0 0
92136 95194 0 138 0
92161 92711 137 0 0
92171 95194 0 636 0
3149 13041 0 19 0
92281 102133 2478 0 0
92305 92625 83 0 0
92305 105441 3368 0 0
92305 106459 3642 0 0
92380 95602 816 0 0
92380 96081 924 0 0
92380 98513 1560 0 0
92380 99162 1693 0 0
92380 104172 3008 0 0
92424 101995 2412 0 0
92424 105813 3445 0 0
92425 92844 112 0 0
92580 94726 522 0 0
3683 99363 0 93 0
3683 107262 0 93 0
3712 15417 0 149 0
92788 94441 419 0 0
92825 99899 1749 0 0
93101 103540 0 105 0
4069 92793 1276 0 0
4069 93594 1493 0 0
93173 104422 2919 0 0
93173 106601 3447 0 0
4173 84525 658 0 0
4255 75960 107 0 0
4255 90402 38 0 0
4255 90686 113 0 0
4255 91022 218 0 0
93310 93338 9 0 0
93310 93351 10 0 0
93310 93357 11 0 0
93310 93362 13 0 0
93310 93364 14 0 0
93310 93366 14 0 0
93310 93372 14 0 0
93310 93381 16 0 0
93310 93391 18 0 0
93310 93395 19 0 0
93310 93402 25 0 0
93310 93435 29 0 0
93310 93437 29 0 0
93310 93457 35 0 0
93310 93465 37 0 0
93310 93472 38 0 0
93310 93480 42 0 0
93310 93482 42 0 0
93310 93514 50 0 0
93310 93521 51 0 0
93310 93527 52 0 0
93310 93535 53 0 0
93310 93539 54 0 0
93310 93546 55 0 0
93310 93625 74 0 0
93310 93652 82 0 0
93310 93655 83 0 0
93310 93669 88 0 0
93310 93674 90 0 0
93310 93676 91 0 0
93310 93682 94 0 0
93310 93692 97 0 0
93310 93704 98 0 0
93310 93721 102 0 0
93310 93737 105 0 0
93310 93754 109 0 0
93310 93793 118 0 0
93310 93797 120 0 0
93310 93841 134 0 0
93310 93896 147 0 0
93310 93898 147 0 0
93310 93914 151 0 0
93310 93916 151 0 0
93310 93918 151 0 0
93310 93937 154 0 0
93310 94014 170 0 0
93310 94040 176 0 0
93310 94082 188 0 0
93310 94250 230 0 0
93310 94367 258 0 0
93310 94401 263 0 0
93310 94537 304 0 0
93310 94564 308 0 0
93310 94627 319 0 0
93310 94664 333 0 0
93310 94688 338 0 0
93310 94715 344 0 0
93310 94745 351 0 0
93310 94790 360 0 0
93310 94851 373 0 0
93310 94911 392 0 0
93310 94928 396 0 0
93310 94930 396 0 0
93310 95052 429 0 0
93310 95353 503 0 0
93310 95401 517 0 0
93310 95610 567 0 0
93310 95675 612 0 0
93310 95763 611 0 0
93310 95896 636 0 0
93310 96009 658 0 0
93310 96089 674 0 0
93310 96136 685 0 0
93310 96444 758 0 0
93310 96522 777 0 0
93310 96597 798 0 0
93310 96636 974 0 0
93310 96680 813 0 0
93310 96726 821 0 0
93310 96752 827 0 0
93310 96887 865 0 0
93310 97066 915 0 0
93310 97080 918 0 0
93310 97480 1029 0 0
93310 97534 1045 0 0
93310 97694 1094 0 0
93310 97899 1130 0 0
93310 97921 1136 0 0
93310 98097 1192 0 0
93310 98184 1218 0 0
93310 98203 1223 0 0
93310 98230 1230 0 0
93310 98537 1313 0 0
93310 98604 1326 0 0
93310 98815 1370 0 0
93310 98971 1400 0 0
93310 99109 1429 0 0
93310 99841 1735 0 0
93310 100925 1877 0 0
93310 101427 2002 0 0
93310 101791 2104 0 0
93310 102166 2207 0 0
93310 102492 2302 0 0
93310 103001 2450 0 0
93310 103197 2496 0 0
93310 103472 2575 0 0
93310 104028 2722 0 0
93310 104300 2802 0 0
93310 104632 2891 0 0
93310 105432 3499 0 0
93310 107372 3611 0 0
93317 95795 616 0 0
4360 89719 0 1076 0
4501 108188 1195 0 0
4670 71725 132 0 0
4670 84638 10 0 0
4670 85588 243 0 0
4670 87564 810 0 0
93753 93850 28 0 0
93857 97188 812 0 0
4937 103201 0 2154 0
94010 107430 3458 0 0
4974 89719 0 826 0
94154 99747 1368 0 0
94154 104709 2698 0 0
5126 7675 0 1047 0
5126 27542 823 0 0
5166 5167 0 32 0
94229 98532 1089 0 0
94229 101113 1697 0 0
5218 37093 1086 0 0
5218 97959 74 0 0
5218 100941 807 0 0
5218 105538 2050 0 0
94298 105788 2955 0 0
94386 97982 891 0 0
94386 106376 3086 0 0
94413 101178 1678 0 0
94496 94813 76 0 0
94496 96737 534 0 0
5610 94229 0 139 0
94700 96821 507 0 0
94761 94763 1 0 0
94962 103221 0 360 0
6033 89719 0 3379 0
95092 96191 262 0 0
95092 100560 1343 0 0
95109 95829 179 0 0
95109 95902 196 0 0
95109 96344 294 0 0
95109 97554 608 0 0
95109 101224 1506 0 0
95129 106552 2950 0 0
95194 95644 118 0 0
95194 97365 540 0 0
95194 97627 612 0 0
95194 98026 701 0 0
95194 98210 762 0 0
95194 98800 904 0 0
95194 101067 1445 0 0
95194 101849 1657 0 0
95194 103940 2236 0 0
95194 106152 2824 0 0
95194 106513 2923 0 0
95329 96498 0 48 0
95394 97086 406 0 0
95725 103589 2008 0 0
7083 89719 0 2304 0
7213 24099 0 34 0
7361 80715 0 3169 0
96443 96621 44 0 0
96451 96942 117 0 0
96462 97880 0 635 0
96462 99427 0 346 0
7432 7574 422 0 0
96526 97051 131 0 0
96526 97717 321 0 0
96526 98740 579 0 0
96526 99324 702 0 0
96526 102733 1594 0 0
7487 91160 0 277 0
7618 27890 1146 0 0
7618 96755 210 0 0
7618 98676 821 0 0
96709 98006 2173 0 0
7675 40101 332 0 0
7675 99363 797 0 0
7675 101942 1 0 0
7675 103180 185 0 0
7675 103484 270 0 0
7675 106195 991 0 0
96858 97425 163 0 0
96858 97492 177 0 0
96942 98172 0 180 0
7923 98812 0 302 0
7923 99647 0 72 0
8104 57867 1205 0 0
8104 72392 150 0 0
8104 92992 1729 0 0
8104 98242 47 0 0
8104 98676 156 0 0
8104 98909 206 0 0
8104 99578 356 0 0
8104 101004 709 0 0
8104 104064 1549 0 0
8104 105185 1830 0 0
8104 105911 2041 0 0
8104 106003 2063 0 0
97251 97645 118 0 0
8301 80203 0 99 0
97643 97644 0 180 0
97644 103817 1767 0 0
8774 89719 0 1289 0
97929 98081 47 0 0
98006 100096 504 0 0
98128 103781 253 0 0
98172 107746 1292 0 0
98282 105489 1865 0 0
98612 100312 390 0 0
98675 103801 1321 0 0
98731 99320 125 0 0
98848 98849 0 201 0
98919 99674 169 0 0
98919 101344 588 0 0
98919 103553 1209 0 0
98919 103809 1272 0 0
98919 106896 2097 0 0
98919 107084 2147 0 0
9890 89719 0 1210 0
99089 102657 921 0 0
99232 99939 161 0 0
99303 100597 316 0 0
10328 18864 97 0 0
10328 89473 366 0 0
99686 99754 14 0 0
99793 100273 120 0 0
99946 100866 282 0 0
100108 101245 286 0 0
100108 101384 324 0 0
100422 101084 169 0 0
11462 80973 0 258 0
11467 94229 0 138 0
11468 94700 0 427 0
11470 80973 0 367 0
11470 94229 0 185 0
11470 94700 0 432 0
100534 101069 135 0 0
11505 51680 0 965 0
11505 80718 0 4489 0
11505 98919 0 1268 0
11633 89719 0 2493 0
100785 104060 895 0 0
100785 104217 934 0 0
100915 101613 174 0 0
100915 101689 193 0 0
100915 102547 443 0 0
100915 106354 1470 0 0
12007 89719 0 2146 0
101222 102501 357 0 0
101222 106820 1523 0 0
101237 101238 0 19 0
12197 89719 0 2497 0
101238 101394 62 0 0
101299 102606 368 0 0
101299 102653 376 0 0
101299 102686 606 0 0
101299 103799 519 0 0
101313 102810 426 0 0
101707 103199 423 0 0
101707 105946 1159 0 0
101707 107223 1502 0 0
101947 103293 369 0 0
12970 89719 0 1160 0
13001 83030 0 69 0
102287 104461 94 0 0
13260 80715 0 743 0
13260 80973 0 66 0
13367 88669 115 0 0
13367 90034 564 0 0
13367 92987 1356 0 0
13367 99617 2993 0 0
13367 100988 3334 0 0
13367 107602 5116 0 0
102413 106378 1073 0 0
102568 103497 254 0 0
102815 102816 0 177 0
103075 103413 64 0 0
103100 103440 98 0 0
14071 73091 565 0 0
14071 92467 424 0 0
14071 95944 734 0 0
14071 96619 891 0 0
14071 102668 2439 0 0
103213 103540 0 309 0
103221 103261 16 0 0
103221 103551 100 0 0
103221 103610 118 0 0
103221 103981 209 0 0
103221 104221 859 0 0
103221 105204 518 0 0
103221 105435 594 0 0
103221 106091 774 0 0
103221 106327 837 0 0
103221 106731 945 0 0
103272 104798 409 0 0
103299 104351 362 0 0
103311 105103 462 0 0
103340 104955 625 0 0
103467 103625 50 0 0
103540 103585 13 0 0
103540 103741 47 0 0
103540 103837 74 0 0
103540 103880 82 0 0
103540 104108 146 0 0
103540 104434 245 0 0
103540 104472 255 0 0
103540 104768 320 0 0
103540 104989 373 0 0
103540 105276 451 0 0
103540 105421 494 0 0
103540 106474 779 0 0
103540 107023 926 0 0
103540 107074 940 0 0
103540 107550 1063 0 0
103540 108204 1223 0 0
103621 104561 254 0 0
103621 104711 287 0 0
103621 105868 594 0 0
103625 103658 0 1 0
14654 84481 0 907 0
14654 84711 0 839 0
103710 104470 212 0 0
103710 104802 290 0 0
103710 104876 307 0 0
103710 106130 590 0 0
103888 104351 145 0 0
103956 104351 114 0 0
103992 103993 0 736 0
104135 105095 244 0 0
104143 104873 197 0 0
104283 107842 0 65 0
104385 106154 459 0 0
104385 106278 707 0 0
104405 105337 230 0 0
104488 105301 201 0 0
104506 104955 103 0 0
104580 105600 254 0 0
104580 105858 331 0 0
104603 104680 15 0 0
104603 106381 463 0 0
15564 106568 424 0 0
104613 105447 208 0 0
104880 105410 141 0 0
104880 105898 275 0 0
104955 105693 0 5173 0
105294 106439 311 0 0
105331 106065 1 0 0
16355 89525 42 0 0
105521 105675 49 0 0
16547 80715 0 158 0
105606 105783 57 0 0
105627 106608 0 107 0
105829 107121 345 0 0
106231 106752 140 0 0
106696 107172 127 0 0
17756 107509 2 0 0
106898 107037 36 0 0
17905 30166 31 0 0
17905 99278 12 0 0
17905 99280 12 0 0
17905 99338 22 0 0
17905 99346 23 0 0
17905 99464 50 0 0
17905 99565 76 0 0
17905 99724 112 0 0
17905 99803 132 0 0
17905 99818 135 0 0
17905 100105 205 0 0
17905 100576 325 0 0
17905 105097 1533 0 0
17905 105997 1786 0 0
17905 106182 1836 0 0
107068 107283 55 0 0
18028 26840 0 847 0
18028 89295 0 2557 0
18028 91211 0 2601 0
107258 107473 53 0 0
107303 107933 166 0 0
107370 107371 0 209 0
107411 107465 18 0 0
107411 108066 170 0 0
107425 107856 122 0 0
107842 107931 23 0 0
107842 107942 24 0 0
107842 107976 31 0 0
107842 108049 43 0 0
107842 108127 63 0 0
107842 108150 70 0 0
107896 108001 18 0 0
107896 108156 54 0 0
19201 107983 2156 0 0
19480 103248 1327 0 0
19550 28190 261 0 0
19550 97398 76 0 0
19636 84072 160 0 0
21446 90532 469 0 0
21909 93720 0 96 0
22128 40588 0 1139 0
22400 89719 0 1142 0
22476 89719 0 61 0
22553 80719 0 586 0
22901 99789 202 0 0
23207 95203 0 2839 0
23929 89719 0 1152 0
24099 26128 494 0 0
24099 89216 13 0 0
24099 107659 216 0 0
24306 85833 163 0 0
24334 94154 0 190 0
25816 102332 0 213 0
25991 59040 1575 0 0
25991 87529 15 0 0
26358 71725 172 0 0
26358 105575 6340 0 0
26437 80639 0 1975 0
27155 106999 2244 0 0
28164 80715 0 2793 0
28190 95842 0 237 0
28192 89719 0 1749 0
28854 66845 107 0 0
28854 66855 92 0 0
28854 68010 1424 0 0
28854 69720 682 0 0
28854 70828 1908 0 0
28854 72874 19 0 0
28854 73427 1384 0 0
28854 87316 1554 0 0
28854 94690 10 0 0
28854 94749 33 0 0
28854 94819 37 0 0
28854 94853 45 0 0
28854 94872 51 0 0
28854 95107 112 0 0
28854 95224 142 0 0
28854 95318 164 0 0
28854 95465 205 0 0
28854 95685 265 0 0
28854 96591 468 0 0
28854 98760 1032 0 0
28854 99386 1162 0 0
28854 100491 1433 0 0
28854 100550 1449 0 0
28854 101466 1682 0 0
28854 101817 1782 0 0
28854 102150 1874 0 0
28854 102980 2112 0 0
28854 104246 2455 0 0
28854 105871 2907 0 0
28854 107440 3298 0 0
29479 100915 0 1781 0
32253 94229 0 63 0
32845 89719 0 1868 0
33908 82880 0 3401 0
36247 80874 0 431 0
36247 81115 0 374 0
36924 90517 0 2446 0
37187 89719 0 374 0
37705 80715 0 11 0
38076 95109 0 793 0
38408 85669 0 5301 0
38408 103540 0 505 0
39003 89719 0 1989 0
39120 81750 0 4663 0
39928 95109 0 1466 0
40211 51680 0 777 0
40588 80379 95 0 0
40588 82363 43 0 0
40588 85796 463 0 0
42732 89719 0 1424 0
42982 89666 0 47 0
42982 103421 0 121 0
43432 89867 0 236 0
43968 53989 2161 0 0
45633 105265 20 0 0
45633 105805 176 0 0
46250 77743 0 56 0
47416 103221 0 204 0
48483 95109 0 29 0
49711 103140 1073 0 0
51680 51709 1051 0 0
51680 51773 843 0 0
51680 52883 4063 0 0
51680 53048 2477 0 0
51680 53093 3431 0 0
51680 53149 337 0 0
51680 53939 3684 0 0
51680 57441 4300 0 0
51680 57756 209 0 0
51680 59040 124 0 0
51680 59604 3004 0 0
51680 65793 5293 0 0
51680 69301 504 0 0
51680 95878 21 0 0
51680 96119 91 0 0
51680 97536 435 0 0
51680 97687 947 0 0
51680 99543 1008 0 0
51680 99798 980 0 0
51680 99865 926 0 0
51680 101108 1306 0 0
51680 101119 2572 0 0
51680 101174 1322 0 0
51680 101325 1367 0 0
51680 101617 2813 0 0
51680 101821 1430 0 0
51680 102023 1494 0 0
51680 102086 1509 0 0
51680 102965 1755 0 0
51680 103679 3978 0 0
51680 103961 2096 0 0
51680 105463 2491 0 0
51680 107328 6015 0 0
51680 107913 3151 0 0
51822 59440 0 1422 0
52582 89719 0 1388 0
52652 80973 0 901 0
52695 99559 1795 0 0
54960 85633 809 0 0
55646 100254 133 0 0
56836 59440 0 641 0
59019 92305 0 473 0
59271 59440 0 41 0
59434 59440 0 777 0
59438 59440 0 781 0
59440 63347 273 0 0
59440 102036 152 0 0
59440 102172 184 0 0
59440 102298 213 0 0
59440 102836 378 0 0
59440 104857 913 0 0
59440 106478 1350 0 0
59440 107293 1569 0 0
59440 107899 1731 0 0
59536 84090 0 427 0
60690 89719 0 1628 0
60887 89719 0 3016 0
61111 89719 0 1576 0
61217 89719 0 1245 0
61242 89719 0 1677 0
61416 105948 433 0 0
61721 96736 0 61 0
62099 88965 0 4376 0
62330 89719 0 1167 0
62630 89719 0 1110 0
62630 94004 0 51 0
62704 84314 0 66 0
63053 89719 0 192 0
63205 89719 0 2909 0
63260 89719 0 1788 0
63361 93118 1824 0 0
63611 89719 0 864 0
63743 89719 0 2041 0
64209 89719 0 2487 0
64706 89719 0 1983 0
64825 89719 0 2677 0
64899 89719 0 2762 0
65024 89719 0 1300 0
65141 95194 0 12 0
65398 71432 0 3040 0
65446 97327 0 2094 0
65526 89719 0 2133 0
65962 105294 0 207 0
66210 89719 0 1139 0
66339 89719 0 1520 0
66629 89719 0 2018 0
67094 89719 0 1989 0
67281 89719 0 3566 0
67440 88310 0 89 0
68199 89719 0 849 0
69283 89719 0 1283 0
69671 89719 0 1065 0
69743 93310 0 72 0
69764 89719 0 3084 0
70192 103540 0 862 0
70769 89719 0 3219 0
71016 89719 0 1056 0
71347 89719 0 3030 0
71375 72234 56 0 0
71375 98541 304 0 0
71375 106673 2423 0 0
71432 86719 148 0 0
71432 87471 368 0 0
71432 93863 2182 0 0
71432 95953 2691 0 0
71536 86600 17 0 0
71536 86734 54 0 0
71536 92789 1799 0 0
71536 100517 3712 0 0
71806 89719 0 1157 0
72010 89719 0 2109 0
72016 89719 0 1841 0
72018 89719 0 1304 0
72104 94496 0 15 0
72117 89719 0 1331 0
72331 81528 0 1504 0
72530 89719 0 1699 0
72550 89719 0 3401 0
72582 89719 0 3120 0
72723 93387 0 1212 0
72842 89719 0 1259 0
73522 89719 0 2328 0
74130 92030 0 3809 0
74175 103221 0 564 0
74290 89719 0 3193 0
74371 95307 262 0 0
74673 89719 0 1372 0
74790 80834 0 177 0
75173 89719 0 1516 0
75179 89719 0 1716 0
75950 93173 0 1031 0
75977 89719 0 1705 0
75994 89719 0 1869 0
76222 89719 0 2291 0
76252 97937 14 0 0
76331 80715 0 2864 0
76420 89719 0 3509 0
76496 89719 0 1949 0
76889 89719 0 1685 0
76944 89719 0 2204 0
76986 89719 0 1071 0
77105 89719 0 1117 0
77293 89719 0 3317 0
77358 93310 0 1900 0
77513 89719 0 2942 0
77534 89719 0 2589 0
77553 89719 0 1657 0
77563 89719 0 1093 0
77737 89719 0 1326 0
78055 89719 0 1375 0
78172 89719 0 1261 0
78245 89719 0 2692 0
78318 89719 0 1343 0
78391 89719 0 498 0
78481 89719 0 3420 0
78854 89719 0 3182 0
79551 80973 0 281 0
79657 89719 0 1832 0
79980 80973 0 601 0
80009 89719 0 1232 0
80580 81971 131 0 0
80640 89719 0 90 0
80715 80948 61 0 0
80715 80973 55 0 0
80715 80976 68 0 0
80715 80985 69 0 0
80715 81010 73 0 0
80715 81184 95 0 0
80715 81514 167 0 0
80715 83784 707 0 0
80715 84263 837 0 0
80715 84463 888 0 0
80715 85878 91 0 0
80715 85904 98 0 0
80715 86019 132 0 0
80715 86031 139 0 0
80715 86279 205 0 0
80715 86509 272 0 0
80715 86645 307 0 0
80715 86678 317 0 0
80715 86885 383 0 0
80715 87291 498 0 0
80715 87773 664 0 0
80715 87852 665 0 0
80715 87924 684 0 0
80715 88464 821 0 0
80715 89146 1047 0 0
80715 89543 1187 0 0
80715 90347 1428 0 0
80715 90377 1460 0 0
80715 91117 1640 0 0
80715 91352 1704 0 0
80715 92715 2057 0 0
80715 93418 2251 0 0
80715 97502 3263 0 0
80715 101176 4160 0 0
80715 101457 4235 0 0
80715 102606 43 0 0
80715 102959 39 0 0
80715 102996 53 0 0
80715 103038 66 0 0
80715 103211 103 0 0
80715 103240 116 0 0
80715 103355 150 0 0
80715 103523 198 0 0
80715 103587 216 0 0
80715 103803 267 0 0
80715 104020 324 0 0
80715 104221 379 0 0
80715 104309 410 0 0
80715 104739 517 0 0
80715 105456 5326 0 0
80715 105471 708 0 0
80715 107862 1354 0 0
80718 80828 29 0 0
80718 91152 2797 0 0
80718 96995 4271 0 0
80718 105351 6446 0 0
80719 83758 698 0 0
80719 86986 1558 0 0
80719 89664 2378 0 0
80719 94740 3726 0 0
80719 102705 5739 0 0
80942 89719 0 2327 0
80967 81413 76 0 0
80967 91528 2842 0 0
80973 81355 63 0 0
80973 86396 1320 0 0
80973 88645 1975 0 0
80973 92076 2985 0 0
81024 84072 714 0 0
81332 83603 540 0 0
81345 103287 4010 0 0
81491 81492 0 134 0
81505 89719 0 1439 0
81528 81692 31 0 0
81528 82043 113 0 0
81528 95543 3762 0 0
81528 106373 6556 0 0
81530 83364 445 0 0
81594 89719 0 1099 0
81740 89719 0 2830 0
81967 89719 0 1053 0
82023 103540 0 321 0
82059 89719 0 1388 0
82156 99813 0 57 0
82222 88487 1666 0 0
82222 100105 4761 0 0
82253 86108 984 0 0
82279 107842 0 37 0
82369 105554 57 0 0
82442 89719 0 1296 0
82500 83331 0 347 0
82500 87860 1417 0 0
82533 84078 379 0 0
82837 89719 0 332 0
82894 82926 8 0 0
83030 102674 5206 0 0
83072 89719 0 2734 0
83109 83375 71 0 0
83149 89218 1669 0 0
83270 97419 3804 0 0
83399 89719 0 2973 0
83424 89719 0 3452 0
83513 84059 137 0 0
83616 86763 827 0 0
83904 89719 0 81 0
84114 87090 795 0 0
84142 84979 216 0 0
84156 94121 2767 0 0
84425 85099 0 161 0
84434 85022 210 0 0
84442 85022 207 0 0
84481 85022 136 0 0
84548 85223 173 0 0
84548 98319 3723 0 0
84620 107842 0 34 0
84711 85274 133 0 0
84771 89675 1420 0 0
85099 87348 622 0 0
85208 85361 30 0 0
85227 85934 179 0 0
85256 89700 1310 0 0
85256 91150 1714 0 0
85256 93346 2303 0 0
85256 97259 3259 0 0
85414 86811 395 0 0
85500 86527 290 0 0
85574 85703 32 0 0
85574 85773 52 0 0
85574 85841 73 0 0
85574 86102 149 0 0
85574 86618 293 0 0
85574 86643 297 0 0
85574 86836 358 0 0
85574 89557 1181 0 0
85574 89925 1308 0 0
85574 90255 1394 0 0
85574 93566 2280 0 0
85574 94586 2529 0 0
85602 86205 60 0 0
85651 103306 0 33 0
85669 85727 12 0 0
85669 86995 371 0 0
85669 88556 819 0 0
85669 88719 870 0 0
85669 90454 1419 0 0
85669 99244 3651 0 0
85669 105439 5285 0 0
85843 92467 1915 0 0
85864 106618 5558 0 0
85903 85907 1 0 0
86070 97790 3181 0 0
86071 102681 4430 0 0
86087 86851 0 43 0
86114 95608 2631 0 0
86198 96802 2884 0 0
86200 86900 203 0 0
86200 87509 379 0 0
86200 92473 1814 0 0
86546 87200 194 0 0
86690 89719 0 1709 0
86721 89719 0 1177 0
86851 101146 3784 0 0
86873 91317 701 0 0
87112 92632 1593 0 0
87203 97265 2720 0 0
87216 89719 0 1249 0
87221 87423 61 0 0
87264 89719 0 1165 0
87623 89719 0 1201 0
87627 106054 4914 0 0
87798 102764 3958 0 0
87810 89075 372 0 0
87810 91548 1107 0 0
87815 100310 3289 0 0
87909 88143 59 0 0
87982 98589 2850 0 0
88056 89719 0 940 0
88062 89719 0 1122 0
88084 88307 48 226 0
88097 89009 279 0 0
88097 97068 2413 0 0
88375 90366 914 0 0
88467 102885 3816 0 0
88657 89719 0 1691 0
88727 103404 3874 0 0
88941 89151 62 0 0
88970 89719 0 3339 0
88998 102308 90 0 0
