1 1 100 226.892
2 2 100 439.906
3 3 100 453.012
4 4 100 457.203
5 5 100 914.657
6 6 100 919.612
7 7 100 970.568
8 8 100 974.51
9 9 100 976.439
10 10 100 978.955
11 11 100 983.053
12 12 100 986.168
13 13 100 989.416
14 14 100 994.156
15 15 100 1080.17
16 16 100 1092.19
17 17 100 1093.77
18 18 100 1096.06
19 19 100 1097.86
20 20 100 1102.05
21 21 100 1103.89
22 22 100 1105.53
23 23 100 1107.18
24 24 100 1113.75
25 25 100 1115.33
26 26 100 1117.43
27 27 100 1119.21
28 28 100 1121.94
29 29 100 1314.81
30 30 100 1316.14
31 31 100 1319.71
32 32 100 1334.31
33 33 100 1366.73
34 34 100 1368.42
35 35 100 1369.41
36 36 100 1371.98
37 37 100 1373.19
38 38 100 1374.9
39 39 100 1376.19
40 40 100 1378.38
41 41 100 1380.16
42 42 100 1381.59
43 43 100 1382.8
44 44 100 1384.57
45 45 100 1393.13
46 46 100 1394.87
47 47 100 1396.6
48 48 100 1398.34
49 49 100 1400.07
50 50 100 1401.07
