87810 1 0
473826 1 2491
509544 2 0
572838 3 1
94292 4 5
572847 5 8
574458 5 772
466345 6 10
572857 7 12
572866 8 20
572867 9 20
64857 10 26
88497 11 28
578335 11 2232
572886 12 29
61071 13 29
572896 14 34
572897 15 34
572898 16 36
572899 17 36
572902 18 37
572907 19 38
572912 20 40
572917 21 42
64706 22 43
557166 23 44
516316 24 48
572937 25 52
572940 26 53
572943 27 55
81434 28 59
184412 29 69
572970 30 76
323915 31 84
569441 32 86
581042 32 3127
572476 33 90
573004 34 97
573005 35 97
573016 36 100
573004 37 101
572068 38 103
573049 39 110
573051 40 111
8866 41 111
9637 42 113
573063 43 116
573066 44 123
573067 45 124
69771 46 125
573097 47 132
215500 48 137
202721 49 143
572770 50 159
575001 50 1005
573165 51 167
110719 52 168
90585 53 168
577663 53 1983
573177 54 173
573180 55 175
573189 56 179
573192 57 179
509544 58 179
87715 59 185
18715 60 187
107965 61 187
572831 62 187
573095 63 188
86064 64 198
573240 65 201
573242 66 201
205821 67 202
50597 68 205
348702 69 206
71124 70 207
11892 70 208
573256 71 210
573259 72 211
158273 73 215
158354 74 215
570421 75 231
573301 76 236
573312 77 242
132540 78 242
573322 79 246
573333 80 254
573352 81 268
573357 82 272
503481 82 5143
573366 83 276
166474 84 277
573372 85 277
573375 86 279
573376 87 280
589126 87 5358
573379 88 281
573388 89 290
573393 90 291
573394 91 292
573403 92 296
77751 93 297
573411 94 299
76575 95 302
573417 96 304
573727 96 467
110097 97 307
573443 98 312
573444 99 312
573449 100 314
573464 101 323
338455 102 324
573470 103 326
573473 104 328
573537 104 364
573488 105 334
298806 106 340
47968 107 345
83951 108 356
573534 109 363
565219 110 365
573556 111 374
573557 112 374
573568 113 380
573571 114 384
573580 115 390
573593 116 395
29000 117 396
573595 118 399
111726 119 404
573605 120 404
153952 121 410
573615 122 413
573630 123 422
573643 124 429
2914 125 430
388950 126 430
573654 127 432
224289 128 434
573666 129 438
573675 130 439
575009 130 1006
4801 131 444
573683 132 446
573686 133 448
26898 134 459
82662 135 460
573630 136 466
82662 137 466
73398 138 472
572291 139 473
573749 140 474
573752 141 476
375855 142 477
442925 143 480
573765 144 482
567473 145 482
573473 146 484
573782 147 487
573783 148 487
153952 149 490
573789 150 491
573798 151 494
63194 152 509
136095 152 906
577158 152 1810
573832 153 516
56800 154 519
212984 155 526
95978 156 537
501081 157 541
573891 158 542
573894 159 544
573905 160 549
379028 161 551
573444 162 556
386052 163 558
573961 164 569
574000 165 579
574017 166 589
574030 167 594
96942 167 3167
287041 168 596
574038 169 598
573444 170 603
50597 171 605
574079 172 614
22313 173 618
574095 174 620
127305 175 629
215687 176 631
574134 177 635
42909 178 642
574152 179 643
574153 180 644
86846 181 652
86846 182 652
8866 183 660
4104 184 661
23852 185 663
19935 186 667
181019 187 668
181022 187 669
573686 188 678
574260 189 683
574275 190 690
574288 191 691
573626 192 697
83951 193 708
372032 194 711
64088 195 714
574339 196 718
135172 197 720
572770 197 742
574898 197 963
574668 197 991
575035 197 1014
69775 197 1107
23277 197 1342
577089 197 1785
574347 198 724
1756 199 724
47180 200 725
574600 200 826
574715 200 879
574871 200 955
575031 200 1012
39649 200 1129
575369 200 1157
575527 200 1209
43197 200 1920
578104 200 2149
10494 200 2246
578826 200 2413
578850 200 2420
579324 200 2592
579696 200 2720
579824 200 2757
580496 200 2960
41016 200 3419
560621 200 4322
541040 200 4373
586709 200 4767
589646 200 5497
594185 200 6706
96 201 736
574375 202 738
574376 203 739
26740 204 745
572820 205 746
68257 206 748
335574 207 751
314144 208 752
2577 208 908
19785 208 2213
574418 209 754
215969 210 758
574432 211 759
41210 212 761
574440 213 761
574509 213 788
114597 214 763
137413 215 763
574445 216 763
574456 217 770
574457 218 770
96 219 773
574465 220 773
575449 221 774
575448 221 1185
12224 222 775
574477 223 776
574480 224 777
573534 225 779
575018 225 1008
574494 226 783
574648 226 854
574501 227 785
574419 228 787
449738 229 789
574522 230 792
61700 231 794
574530 232 797
574537 233 799
311345 234 800
574217 235 802
511941 236 803
574555 237 808
574562 238 810
7680 239 811
574574 240 816
574932 240 976
575541 240 1213
575936 240 1362
576043 240 1412
578710 240 2367
592461 240 6239
595324 240 7027
574456 241 817
574584 242 821
574597 243 824
574608 244 828
407072 245 828
54956 246 835
574627 247 838
574628 248 839
78352 249 843
574644 250 850
574645 251 851
51489 252 853
574647 253 853
462284 254 856
581898 254 3415
69053 255 863
565970 255 1878
574668 256 866
572770 256 883
376789 257 874
574700 258 875
393745 258 943
574701 259 875
226412 260 876
6667 261 881
6668 262 881
574723 263 882
21958 264 890
574749 265 893
574758 266 897
2335 267 903
574782 268 903
145093 269 904
112282 270 905
52031 271 909
574806 272 913
574809 273 920
7680 274 922
340995 274 2608
574823 275 925
538190 276 927
574829 277 932
574840 278 937
574841 279 937
83448 280 941
574853 281 944
574868 282 951
574883 283 958
574888 284 959
16026 285 962
574916 286 969
574925 287 972
425353 288 978
574947 289 981
574862 290 984
574969 291 988
5586 292 989
449738 293 989
574976 294 991
188487 295 995
575000 296 1005
575015 297 1006
575024 298 1010
575039 299 1018
575052 300 1025
575055 301 1026
575058 302 1026
311345 303 1028
592291 303 6185
575072 304 1029
242907 305 1032
575187 305 1088
576896 305 1721
58895 305 2305
404714 305 5222
575076 306 1036
574959 307 1039
570772 308 1042
575097 309 1048
575104 310 1053
575133 311 1066
575136 312 1068
459178 313 1070
575152 314 1072
575155 315 1073
575166 316 1077
251643 317 1082
251646 318 1083
575191 319 1088
434652 320 1090
575197 321 1090
575228 322 1103
575231 323 1103
186909 324 1104
575233 325 1105
575236 326 1106
575237 327 1106
575246 328 1108
575255 329 1114
575278 330 1121
575289 331 1125
300157 332 1128
575297 333 1128
212984 334 1130
24005 335 1130
46028 336 1132
575319 337 1134
575326 338 1138
575329 339 1140
340995 339 1188
575334 340 1141
340995 340 1196
575341 341 1145
175509 342 1149
575351 343 1149
595885 343 7184
575352 344 1150
340995 344 1201
159480 345 1152
575364 346 1155
121671 347 1161
340995 347 1210
575380 348 1163
58340 349 1163
575255 350 1170
340995 350 1214
575798 350 1301
575409 351 1172
557633 352 1173
575419 353 1175
551671 354 1177
27551 355 1179
575440 356 1181
459527 356 1227
575442 357 1183
575441 358 1183
12639 359 1185
529804 360 1186
567147 361 1187
52400 362 1188
575460 363 1188
74492 364 1193
575485 365 1195
575488 366 1196
455960 366 6519
22873 367 1196
575496 368 1198
575513 369 1204
164245 369 1257
164251 369 1257
164234 369 1257
164236 369 1257
164241 369 1257
164249 369 1257
164239 369 1257
164232 369 1258
45126 370 1204
266067 371 1206
64063 372 1208
575539 373 1212
572831 374 1212
575581 375 1227
575590 376 1230
576255 376 1486
87112 376 4233
590350 376 5677
98183 377 1234
575602 378 1236
575603 379 1236
575294 380 1237
32584 381 1238
63768 382 1241
49650 383 1244
388116 384 1250
575000 385 1251
404306 386 1255
575653 387 1257
575654 388 1257
562739 389 1258
576131 389 1445
3683 390 1260
575687 391 1263
509328 392 1266
96271 393 1273
575744 394 1283
568091 395 1286
575409 396 1286
8866 396 1830
285181 396 3445
23229 397 1292
441162 398 1293
575785 399 1299
77226 400 1303
369179 401 1305
575816 402 1311
42909 403 1315
575832 404 1317
103311 405 1323
577870 405 2063
302884 405 3014
102610 406 1323
239129 407 1324
575854 408 1327
86339 409 1331
575808 410 1331
575870 411 1332
373060 412 1335
215219 413 1348
80317 414 1348
12919 415 1349
442086 416 1351
580259 416 3298
385595 417 1353
575920 418 1355
575921 419 1355
537927 420 1364
59433 421 1367
575954 422 1368
367252 423 1370
575958 424 1370
575744 425 1376
80773 426 1382
575981 427 1383
575986 428 1384
52400 429 1391
575994 430 1393
575998 431 1393
277815 432 1393
576003 433 1394
576004 434 1395
576013 435 1399
576036 436 1409
576053 437 1414
57749 438 1415
576067 439 1419
576076 440 1424
576099 441 1431
576102 442 1432
173040 443 1456
576180 444 1458
575759 445 1463
576198 446 1466
90585 447 1466
576206 448 1467
530946 449 1482
576252 450 1484
68101 451 1488
576261 452 1488
572689 452 1783
576263 453 1489
133457 454 1501
80449 455 1502
300363 456 1503
576289 457 1503
17720 458 1505
42909 459 1514
576308 460 1517
576323 461 1523
192325 462 1525
572770 462 1677
576341 463 1534
355686 464 1535
10291 465 1538
576351 466 1538
576355 467 1538
576366 468 1545
576367 469 1546
269985 470 1548
53598 471 1550
576874 471 1717
576894 471 1720
584519 471 4209
571305 471 5701
576388 472 1553
576395 473 1556
95340 474 1559
577616 474 1965
576425 475 1560
65950 475 1561
61512 475 1625
33716 475 2381
121238 475 3710
11892 475 3711
69339 475 3748
142920 475 3835
32594 476 1562
26111 477 1564
576438 478 1565
576439 479 1565
576446 480 1568
442086 481 1568
26111 482 1571
576388 483 1573
576462 484 1574
576465 485 1579
8104 486 1582
315495 486 1610
576696 486 1657
233149 486 1672
569563 486 1687
57867 486 1698
576927 486 1730
107479 486 1734
574405 486 1746
210710 486 1811
41689 486 1873
13683 486 1895
190805 486 1901
559125 486 1978
577728 486 2006
9139 486 2089
578145 486 2161
95600 486 2322
578806 486 2404
55206 486 2582
579664 486 2706
68533 486 2939
580486 486 2955
580548 486 2975
29817 486 3142
581554 486 3291
582116 486 3475
582354 486 3563
13681 486 3706
582922 486 3736
385237 486 3842
583349 486 3853
584396 486 4180
7361 486 4307
344372 486 4401
585511 486 4454
94137 486 6337
592990 486 6371
593075 486 6394
163501 486 6540
595168 486 6992
8106 487 1582
8109 488 1582
261601 488 1617
576698 488 1657
149441 488 1777
577225 488 1834
577465 488 1914
577732 488 2007
578084 488 2140
578133 488 2160
175644 488 2386
578894 488 2429
400191 488 2664
163633 488 2836
580336 488 2907
116096 488 3152
581172 488 3161
581837 488 3393
581883 488 3410
582790 488 3691
582866 488 3720
7361 488 4312
585055 488 4333
586762 488 4782
586875 488 4809
562072 488 5021
420069 488 5513
212022 488 6209
8105 489 1582
576482 490 1584
576505 491 1594
86607 492 1598
54734 493 1602
149060 494 1602
576547 495 1607
576550 496 1607
576555 497 1609
576570 498 1614
576571 499 1614
367105 499 3310
576580 500 1619
576589 501 1622
225656 502 1622
161738 502 1722
264445 503 1623
3683 503 1658
116007 503 1802
53765 503 1803
53768 503 1803
5307 503 1804
56864 503 1825
42443 503 2086
258093 503 2145
162230 503 2773
55470 503 3088
56458 503 3374
142920 503 3501
224612 503 3781
118276 503 4230
7361 503 4320
588000 503 5261
105452 503 5657
48962 503 6429
576604 504 1626
576603 505 1626
184171 506 1630
307509 507 1634
215563 508 1635
146263 509 1635
576523 510 1635
508248 511 1638
428529 512 1639
576652 513 1641
576659 514 1643
576382 515 1645
114533 516 1650
52400 517 1650
576689 518 1652
578697 518 2361
576692 519 1654
133 520 1654
11668 520 2941
576700 521 1657
69292 522 1658
562937 523 1659
576723 524 1664
576730 525 1669
576761 526 1676
576778 527 1679
576789 528 1683
554500 529 1684
576795 530 1687
577502 530 1923
584464 530 4195
576812 531 1693
8441 532 1697
576830 533 1700
173839 534 1703
576868 535 1714
562286 536 1717
209735 537 1718
264005 538 1720
576892 539 1720
576893 540 1720
576906 541 1723
77889 542 1728
576916 543 1728
299361 544 1729
23528 545 1730
212406 546 1742
39308 547 1744
576493 548 1744
184412 549 1745
572732 550 1745
572820 550 2030
576980 551 1751
442086 552 1751
577002 553 1760
576730 554 1763
300363 555 1772
577043 556 1774
577072 557 1780
577073 558 1782
80661 559 1784
577091 560 1787
577104 561 1789
577123 562 1798
981 563 1800
577447 563 1908
57268 564 1802
577140 565 1802
32595 566 1802
176352 567 1802
577143 568 1805
577150 569 1807
577155 570 1809
122607 571 1810
77059 572 1817
62506 573 1827
577211 574 1831
577222 575 1833
577248 576 1841
557309 577 1841
41432 578 1842
69292 579 1845
2577 579 2719
48196 580 1849
577278 581 1850
577283 582 1851
577292 583 1854
126414 583 2244
187101 583 2923
577297 584 1855
381019 585 1860
577315 586 1860
16026 587 1862
577325 588 1864
577328 589 1865
124640 590 1866
577358 591 1874
63768 592 1877
577364 593 1877
21949 594 1879
577374 595 1880
577385 596 1882
549292 597 1885
573441 597 5439
216149 598 1891
180436 599 1895
576493 600 1895
557896 601 1899
577034 602 1900
83951 603 1900
401075 604 1912
577464 605 1913
572770 605 1942
58822 606 1914
123920 607 1921
577497 608 1922
577510 609 1926
442086 610 1926
576353 611 1931
152669 612 1937
78352 613 1938
577557 614 1940
27476 615 1940
577564 616 1943
575581 617 1944
591538 617 5994
8651 618 1950
577585 619 1954
440092 620 1954
577599 621 1958
446493 622 1967
577631 623 1967
578149 623 2162
577640 624 1972
577659 625 1981
22167 626 1982
577671 627 1985
21949 628 1987
577687 629 1991
577690 630 1991
544625 631 1993
23277 632 1998
90294 633 1998
43287 634 2002
577721 635 2005
85076 636 2005
577725 637 2005
577736 638 2007
9966 639 2013
577754 640 2014
577759 641 2017
577764 642 2018
258 643 2020
260959 644 2021
361044 645 2023
577778 646 2024
577783 647 2026
577794 648 2029
190889 649 2032
577810 650 2033
52339 651 2041
577846 652 2048
577853 653 2055
577900 654 2071
574647 655 2073
577906 656 2074
577907 657 2074
443343 658 2076
570016 658 2118
577919 659 2080
577924 660 2081
577927 661 2082
577840 662 2082
577943 663 2086
577952 664 2089
577975 665 2095
577982 666 2101
133457 667 2101
577984 668 2102
577985 669 2102
577990 670 2105
577997 671 2110
146263 672 2113
117976 673 2116
578028 674 2118
260705 675 2119
578038 676 2120
87875 677 2121
578056 678 2128
578063 679 2135
578066 680 2136
578081 681 2139
578092 682 2143
239129 683 2145
578096 684 2145
578103 685 2149
482975 686 2152
46028 687 2152
168065 688 2159
578139 689 2161
578142 690 2161
41432 691 2163
89038 692 2165
578165 693 2166
578178 694 2170
578183 695 2171
18531 696 2176
578197 697 2177
578202 698 2178
578203 699 2179
578208 700 2181
578211 701 2181
578220 702 2185
578096 703 2185
578081 704 2190
221155 705 2193
578258 706 2198
578259 707 2199
578266 708 2201
4173 709 2201
578270 710 2202
578273 711 2203
225280 712 2203
22486 713 2203
19022 714 2221
578315 715 2222
578326 716 2227
393343 717 2230
578330 718 2231
557896 719 2232
578342 720 2235
311345 721 2235
60764 722 2236
578353 723 2238
578356 724 2241
578387 725 2252
152969 726 2253
551262 727 2255
578408 728 2259
93371 728 2287
578415 729 2261
578270 730 2263
578419 731 2264
578430 732 2269
577292 733 2270
578631 733 2341
578440 734 2272
578455 735 2276
578458 736 2277
578475 737 2284
578478 738 2284
578481 739 2285
161300 740 2285
578507 741 2294
312127 742 2298
209917 743 2302
578546 744 2310
578555 745 2310
132284 746 2311
578552 747 2311
132284 748 2312
196309 749 2316
342924 749 3014
578580 750 2322
189701 751 2323
461575 752 2325
578584 753 2325
578594 754 2328
578615 755 2336
11414 756 2338
145093 757 2348
578654 758 2348
573984 759 2351
578672 760 2353
394874 761 2355
578688 762 2358
61330 763 2358
578716 763 2369
578687 764 2358
516316 765 2359
14908 766 2360
90020 767 2363
69292 768 2364
590688 768 5768
578709 769 2367
581922 769 3419
576789 770 2376
578739 771 2376
133457 772 2379
50307 773 2381
62451 774 2386
568653 775 2390
27618 776 2407
548065 777 2410
233975 778 2411
27618 779 2412
173839 780 2419
557166 781 2420
43228 782 2421
578859 783 2421
578864 784 2423
429622 785 2424
578868 786 2425
578893 787 2429
87772 788 2435
2577 788 2706
578919 789 2436
578928 790 2438
578933 791 2439
578936 792 2441
179024 793 2443
11414 794 2443
578943 795 2444
86071 796 2444
102681 796 3672
111115 797 2446
578974 798 2460
239732 799 2462
296968 799 2529
578594 800 2463
578991 801 2466
578994 802 2468
578997 803 2471
244613 804 2472
301123 805 2480
579220 805 2555
579030 806 2485
66243 807 2486
579042 808 2490
580969 808 3111
579045 809 2491
579054 810 2494
85960 811 2495
579074 812 2500
579078 813 2502
579077 814 2502
579603 814 2684
580116 814 2839
69626 814 2843
212668 814 3118
581336 814 3218
581668 814 3331
582138 814 3483
583552 814 3917
586205 814 4627
588947 814 5304
83817 815 2512
989 816 2517
27618 817 2521
59858 818 2523
1756 819 2525
579123 820 2526
103341 821 2527
270731 822 2531
42546 822 3628
62641 822 3683
33081 822 3863
27618 823 2532
579154 824 2532
579157 825 2534
579160 826 2534
83817 827 2536
579174 828 2540
91216 829 2543
257142 830 2546
579209 831 2550
578997 832 2557
420798 833 2558
579240 834 2563
579257 835 2572
579264 836 2577
87310 837 2579
241902 838 2579
579293 839 2582
190301 840 2585
579306 841 2587
579305 842 2587
579307 843 2587
227545 843 6327
563884 844 2591
70571 845 2591
212716 846 2593
579333 847 2595
579338 848 2598
579365 849 2603
579370 850 2607
135172 850 2717
579154 851 2611
579384 852 2611
39276 853 2614
581716 853 3346
579390 854 2616
579393 855 2618
269420 856 2620
579463 856 2642
579579 856 2675
579617 856 2693
579719 856 2728
579755 856 2738
579840 856 2762
580612 856 2994
104694 856 3082
581260 856 3190
582263 856 3531
582512 856 3608
582894 856 3724
300130 856 3871
493587 856 3981
583839 856 4005
583861 856 4013
584001 856 4053
164967 856 4203
584825 856 4282
7361 856 4330
585557 856 4461
585724 856 4498
586774 856 4785
586792 856 4790
587519 856 4970
576425 856 5040
587841 856 5059
531440 856 5127
588333 856 5175
588499 856 5216
589283 856 5405
590395 856 5688
591513 856 5985
103176 856 6057
591901 856 6074
448788 856 6116
592096 856 6131
592861 856 6336
593054 856 6388
593899 856 6633
593947 856 6644
594650 856 6855
579405 857 2622
312127 858 2623
579419 859 2626
579424 860 2629
579437 861 2633
579442 862 2633
579449 863 2635
579452 864 2636
579453 865 2637
579454 866 2637
389624 867 2639
579646 867 2702
528 868 2640
580273 868 2894
185634 868 3082
437478 868 3640
399115 868 3723
586428 868 4691
255955 868 5172
579471 869 2643
517520 870 2644
579475 871 2647
4069 872 2647
579483 873 2648
579498 874 2650
579507 875 2653
133677 876 2658
589681 876 5509
595432 876 7055
579531 877 2660
579534 878 2662
209735 879 2663
579540 880 2664
558748 881 2665
579560 882 2670
579573 883 2673
579986 883 2806
579578 884 2675
579591 885 2680
418719 886 2680
579609 887 2687
579818 887 2757
579614 888 2691
579619 889 2694
579626 890 2694
135172 890 2720
579639 891 2697
222939 892 2698
579643 893 2699
569311 894 2704
578730 894 2742
580181 894 2861
581859 894 3401
567430 894 3871
587756 894 5040
554219 894 5264
589520 894 5465
589913 894 5563
5134 895 2704
112282 896 2706
478848 897 2707
220155 897 3101
579673 898 2709
220155 898 3106
135966 899 2722
258 900 2723
93778 901 2728
579725 902 2730
414277 903 2732
75639 903 2742
208024 903 2742
416261 903 2744
579799 903 2751
71031 903 2757
290565 903 2775
579914 903 2784
432485 903 2812
445255 903 2940
581744 903 3354
11892 903 3355
62365 903 3632
7083 903 3679
415518 903 3838
583849 903 4041
428043 903 4109
583318 903 4175
583842 903 4337
346471 903 4802
69339 903 4849
44250 903 4892
300173 903 5206
65950 903 5206
3232 903 5261
588679 903 5315
74050 903 5365
22366 903 5547
577901 903 5719
313818 903 6327
592965 903 6367
594038 903 6672
579732 904 2732
579736 905 2733
579761 906 2739
311379 907 2742
579767 908 2742
579792 909 2747
67216 910 2756
579832 911 2758
268529 912 2760
579842 913 2762
579845 914 2763
579866 915 2770
164232 915 2833
164236 915 2833
164241 915 2833
164249 915 2833
164239 915 2833
164245 915 2834
164251 915 2834
164234 915 2834
74492 916 2774
579906 917 2780
579913 918 2783
579940 919 2793
579941 920 2793
579950 921 2795
580354 921 2913
579967 922 2799
264369 923 2800
226626 924 2803
579994 925 2808
286109 926 2808
220155 926 3126
580008 927 2811
580011 928 2813
579384 929 2813
18809 930 2818
580044 931 2822
225116 932 2825
580058 933 2826
580061 934 2827
580072 935 2831
580073 936 2831
66243 937 2833
580107 938 2836
22873 939 2844
580143 940 2848
580154 941 2851
460583 942 2852
580158 943 2853
580165 944 2855
580176 945 2860
11097 946 2861
96831 947 2861
132349 948 2878
580236 949 2879
580247 950 2882
114860 951 2883
446493 952 2885
194066 953 2887
580259 954 2889
580332 954 2907
32981 955 2891
580281 956 2895
4542 957 2896
580298 958 2898
580297 959 2898
580321 960 2904
580340 961 2908
580353 962 2911
582089 962 6979
178394 963 2916
13377 964 2916
583093 964 3948
580372 965 2916
580377 966 2920
291269 967 2921
580395 968 2924
203173 968 2978
580396 969 2925
580397 970 2925
13377 971 2930
583093 971 3965
580425 972 2936
13377 973 2940
583093 973 3968
104118 974 2942
580458 975 2948
207284 976 2949
63768 977 2949
580471 978 2951
69248 979 2956
580489 980 2957
580500 981 2961
588713 981 5268
234044 982 2961
4255 983 2965
90402 983 4235
588269 983 5158
580529 984 2970
580550 985 2975
580555 986 2978
580587 987 2986
30064 988 2987
580588 989 2987
13377 990 2988
583093 990 3974
228428 991 2991
249958 992 2993
220155 992 3341
580626 993 3004
51528 994 3010
580658 995 3012
50499 996 3023
580686 997 3025
580687 998 3026
580716 999 3037
580745 1000 3045
75522 1001 3047
580753 1002 3048
580770 1003 3053
267991 1003 3110
580775 1004 3055
580790 1005 3058
580423 1006 3060
369057 1007 3061
369057 1008 3061
580798 1009 3063
579736 1010 3063
50499 1011 3065
580815 1012 3067
580816 1013 3068
580827 1014 3072
223958 1015 3076
580851 1016 3080
207284 1016 3099
593879 1016 6629
68874 1017 3082
81700 1017 4564
580863 1018 3082
580864 1019 3083
369057 1020 3085
106772 1021 3090
568091 1022 3098
420815 1023 3100
580925 1024 3101
580942 1025 3106
44252 1026 3107
580838 1027 3108
580971 1028 3111
580980 1029 3113
581005 1030 3118
581006 1031 3118
581009 1032 3119
584740 1032 4258
581050 1033 3130
50314 1034 3132
454485 1035 3136
581079 1036 3139
214160 1037 3140
581119 1038 3146
581134 1039 3152
586994 1039 4843
581139 1040 3154
581140 1041 3154
581141 1042 3156
311345 1043 3156
51614 1044 3158
581178 1045 3164
531044 1046 3168
12778 1047 3177
132549 1048 3179
581226 1049 3183
581231 1050 3184
578202 1051 3187
296738 1052 3188
581248 1053 3189
581251 1054 3189
581264 1055 3191
581277 1056 3195
52031 1057 3199
581297 1058 3205
581320 1059 3216
581331 1060 3217
563248 1061 3225
581363 1062 3230
224289 1063 3231
104118 1064 3231
481456 1065 3233
581383 1066 3235
581392 1067 3240
581393 1068 3240
581393 1069 3240
383701 1070 3244
548090 1071 3244
581421 1072 3245
581422 1073 3246
581435 1074 3250
581468 1075 3260
581501 1076 3269
581504 1077 3270
581505 1078 3270
371720 1079 3276
581543 1080 3284
581552 1081 3286
581553 1082 3288
581558 1083 3294
60068 1084 3295
215962 1085 3297
581573 1086 3299
197419 1087 3299
581583 1088 3302
581600 1089 3307
252403 1090 3310
398649 1091 3311
104118 1092 3314
237313 1093 3315
155025 1094 3317
84355 1095 3318
581661 1096 3327
581682 1097 3338
581683 1098 3339
581692 1099 3341
581699 1100 3343
581702 1101 3345
581705 1102 3345
581760 1103 3358
47820 1104 3360
19078 1105 3360
581775 1106 3366
557633 1107 3374
583785 1107 3986
412174 1107 4525
139608 1108 3377
581808 1109 3382
11247 1110 3385
42465 1111 3385
139601 1112 3387
52695 1113 3388
400716 1114 3390
581643 1115 3390
581849 1116 3397
45617 1117 3398
581873 1118 3406
581880 1119 3409
400733 1120 3413
581906 1121 3417
581915 1122 3418
581926 1123 3420
581927 1124 3421
581932 1125 3421
27606 1126 3423
28804 1126 3957
581954 1127 3426
581922 1128 3431
581958 1129 3432
381696 1130 3432
186507 1131 3441
227886 1132 3445
583658 1132 3947
585162 1132 4364
591175 1132 5900
32799 1133 3446
582029 1134 3450
60436 1135 3454
582051 1136 3455
582054 1137 3455
582081 1138 3466
582086 1139 3467
582089 1140 3468
582094 1141 3471
582094 1142 3472
582100 1143 3472
582111 1144 3473
582298 1144 3543
587760 1144 5041
582112 1145 3474
582115 1146 3475
380308 1147 3476
582125 1148 3477
582132 1149 3478
582137 1150 3483
184412 1151 3485
399550 1152 3494
577778 1153 3498
582177 1154 3499
582185 1155 3500
582184 1156 3501
582194 1157 3504
582195 1158 3504
209735 1159 3509
166403 1160 3510
210088 1161 3514
582227 1162 3515
452710 1163 3516
582235 1164 3517
379877 1165 3519
318210 1166 3521
582248 1167 3523
439431 1168 3532
582270 1169 3533
582281 1170 3535
408040 1171 3542
572732 1172 3542
572820 1172 3627
582302 1173 3544
428529 1174 3545
581906 1175 3545
145093 1176 3547
582312 1177 3548
582313 1178 3548
580340 1179 3551
95902 1180 3562
582360 1181 3564
582361 1182 3566
479300 1183 3572
582387 1184 3574
582392 1185 3575
413694 1186 3579
571699 1187 3580
502027 1188 3584
582442 1189 3590
582443 1190 3590
582444 1191 3591
250125 1192 3591
47056 1193 3600
582486 1194 3601
584120 1194 4096
456080 1194 6486
14218 1195 3601
82222 1196 3602
583691 1196 3961
582487 1197 3602
582525 1197 3612
582531 1197 3613
582784 1197 3690
583127 1197 3789
585485 1197 4447
592552 1197 6261
80718 1198 3603
2941 1198 6688
485114 1199 3604
582499 1200 3605
582138 1201 3606
582503 1202 3606
4966 1203 3609
582515 1204 3609
48402 1205 3611
582539 1206 3615
140862 1207 3616
491140 1208 3619
582562 1209 3625
582563 1210 3627
245720 1211 3629
582607 1212 3639
583315 1212 3845
582610 1213 3641
254066 1214 3644
582620 1215 3646
369057 1216 3648
582638 1217 3650
94449 1218 3651
94361 1219 3653
582651 1220 3654
431782 1221 3664
582685 1222 3667
5893 1223 3667
582700 1224 3669
591008 1224 5950
582699 1225 3669
580271 1226 3672
582740 1227 3675
86514 1228 3677
221381 1229 3677
582755 1230 3679
582760 1231 3680
291447 1232 3681
582762 1233 3681
200241 1234 3682
32424 1235 3690
582789 1236 3691
582792 1237 3692
60241 1238 3695
582808 1239 3697
582825 1240 3703
582834 1241 3706
229672 1242 3709
5001 1243 3718
582872 1244 3720
583769 1244 3981
108001 1244 4001
584517 1244 4209
582887 1245 3723
582900 1246 3726
582903 1247 3728
582914 1248 3732
447205 1248 3740
181066 1248 3791
576866 1248 3836
586226 1248 4633
71031 1248 6427
582915 1249 3733
582928 1250 3738
583459 1250 3890
584095 1250 4086
585767 1250 4511
582929 1251 3738
582930 1252 3739
9966 1253 3741
582956 1254 3741
258088 1255 3742
582966 1256 3744
582967 1257 3744
591235 1257 5917
582978 1258 3747
582789 1259 3748
583020 1260 3758
583061 1261 3767
583072 1262 3769
583079 1263 3772
340156 1264 3776
583119 1265 3786
582903 1266 3789
18028 1267 3791
593117 1267 6403
583136 1268 3792
583145 1269 3795
583152 1270 3799
588436 1270 5206
583159 1271 3801
48402 1272 3803
583171 1273 3803
583174 1274 3804
583136 1275 3804
149004 1276 3807
583191 1277 3809
583212 1278 3815
583221 1279 3817
583222 1280 3818
23981 1281 3820
583230 1282 3820
75898 1283 3820
90580 1284 3820
153143 1285 3825
583262 1286 3831
414999 1287 3833
583314 1288 3843
95194 1289 3844
220155 1289 3916
584735 1289 4258
377952 1289 4448
591466 1289 5974
592305 1289 6190
193471 1289 6619
594068 1289 6677
594243 1289 6729
595472 1289 7068
583338 1290 3851
407967 1291 3857
108669 1292 3861
119358 1293 3863
153143 1294 3863
583387 1295 3864
79188 1296 3867
549903 1296 4248
583393 1297 3867
583398 1298 3869
287237 1299 3870
124197 1300 3874
583425 1301 3876
583436 1302 3880
42477 1303 3884
583444 1304 3884
583455 1305 3887
583456 1306 3889
15587 1307 3891
30792 1307 4254
47900 1308 3893
583152 1309 3898
583492 1310 3899
84556 1311 3899
244707 1312 3901
381696 1313 3908
583538 1314 3913
583545 1315 3915
64922 1316 3916
470 1317 3917
583556 1318 3917
583557 1319 3918
76521 1320 3920
583571 1321 3921
312379 1322 3924
583583 1323 3924
583584 1324 3926
583587 1325 3927
149004 1326 3930
580406 1327 3934
200241 1328 3936
583619 1329 3937
64534 1330 3938
583625 1331 3938
583634 1332 3940
583635 1333 3941
583634 1334 3941
93778 1335 3944
153143 1336 3948
382945 1337 3954
583684 1338 3956
16026 1339 3962
583700 1340 3962
583705 1341 3963
583736 1342 3972
583749 1343 3975
583756 1344 3976
583759 1345 3977
64534 1346 3980
583771 1347 3983
583774 1348 3983
336434 1348 4056
350387 1348 4116
586522 1348 4744
583799 1349 3990
85629 1350 3992
583809 1351 3995
318210 1352 3998
583841 1353 4006
380671 1354 4007
46425 1355 4009
349967 1356 4011
129290 1356 4199
557166 1357 4013
583878 1358 4015
272821 1359 4020
583893 1360 4021
583902 1361 4027
153143 1362 4029
249422 1363 4029
583921 1364 4032
583924 1365 4033
583933 1366 4036
583936 1367 4037
583936 1368 4039
272606 1369 4040
51968 1370 4044
245124 1371 4047
12065 1372 4048
583972 1373 4048
583977 1374 4048
583984 1375 4050
114464 1376 4054
584018 1377 4057
153143 1378 4062
584038 1379 4065
584067 1380 4074
584080 1381 4080
584085 1382 4081
584086 1383 4082
584101 1384 4089
584104 1385 4090
584105 1386 4091
584108 1387 4092
349498 1388 4093
584101 1389 4095
153143 1390 4095
39585 1391 4096
108663 1392 4098
65660 1393 4100
403160 1394 4100
232281 1395 4100
584147 1396 4101
584018 1397 4104
584171 1398 4106
584198 1399 4113
58368 1400 4114
584210 1401 4116
17929 1402 4117
584232 1403 4121
584233 1404 4123
584236 1405 4124
584247 1406 4128
584254 1407 4130
584255 1408 4130
137528 1408 5742
584256 1409 4131
16 1410 4140
255639 1410 4169
584372 1410 4175
243239 1410 4176
539684 1410 4179
125093 1410 4180
584414 1410 4183
584418 1410 4183
276960 1410 4185
502359 1410 4189
584456 1410 4194
256367 1410 4194
584470 1410 4196
581267 1410 4202
584501 1410 4204
584511 1410 4208
584524 1410 4211
51801 1410 4215
584584 1410 4222
270090 1410 4222
584580 1410 4222
51305 1410 4223
584588 1410 4223
584614 1410 4230
134221 1410 4233
357445 1410 4236
365653 1410 4237
39559 1410 4237
83933 1410 4238
25081 1410 4239
200850 1410 4248
584724 1410 4255
281281 1410 4258
584752 1410 4261
584780 1410 4269
111037 1410 4272
573828 1410 4275
584793 1410 4275
136317 1410 4276
584815 1410 4281
584847 1410 4287
223068 1410 4289
584856 1410 4290
584858 1410 4290
584864 1410 4292
324819 1410 4306
584934 1410 4307
584942 1410 4310
273538 1410 4310
103350 1410 4311
584962 1410 4312
341992 1410 4315
509605 1410 4322
271483 1410 4324
277464 1410 4336
492762 1410 4337
50500 1410 4338
342163 1410 4338
23504 1410 4349
286866 1410 4350
585116 1410 4350
76594 1410 4353
585144 1410 4360
585172 1410 4365
581863 1410 4366
585180 1410 4367
585178 1410 4367
585193 1410 4371
585212 1410 4376
585264 1410 4388
7529 1410 4391
47571 1410 4397
585333 1410 4408
579818 1410 4410
377932 1410 4425
585464 1410 4444
211174 1410 4445
315635 1410 4455
585525 1410 4456
448952 1410 4460
585562 1410 4462
4417 1410 4475
585659 1410 4484
585764 1410 4511
585773 1410 4515
585831 1410 4529
585848 1410 4533
585898 1410 4544
260762 1410 4547
585929 1410 4551
585954 1410 4559
586001 1410 4572
498135 1410 4581
586048 1410 4584
350831 1410 4593
128855 1410 4599
586109 1410 4603
586113 1410 4604
279850 1410 4610
586147 1410 4611
108127 1410 4630
586228 1410 4633
149386 1410 4640
586263 1410 4643
586269 1410 4644
586287 1410 4649
586295 1410 4651
415491 1410 4661
215629 1410 4665
409419 1410 4666
112800 1410 4675
150294 1410 4690
586463 1410 4699
586516 1410 4713
586536 1410 4718
586534 1410 4718
86061 1410 4732
476237 1410 4737
586597 1410 4739
586623 1410 4746
399867 1410 4746
37141 1410 4751
586674 1410 4759
586684 1410 4762
232182 1410 4766
586729 1410 4774
586731 1410 4775
586753 1410 4780
586759 1410 4781
586862 1410 4805
586870 1410 4807
586880 1410 4810
586933 1410 4829
268738 1410 4840
587086 1410 4866
587092 1410 4868
587131 1410 4881
587133 1410 4883
123502 1410 4885
243572 1410 4887
587156 1410 4890
321071 1410 4899
313037 1410 4904
113576 1410 4908
587318 1410 4928
155726 1410 4930
290585 1410 4930
587415 1410 4950
202631 1410 4955
587455 1410 4959
587472 1410 4963
587521 1410 4971
587581 1410 4988
587593 1410 4993
587595 1410 4993
587615 1410 4998
286459 1410 5020
587683 1410 5020
107519 1410 5040
587817 1410 5053
574383 1410 5059
587853 1410 5062
549292 1410 5068
149539 1410 5072
564337 1410 5091
41293 1410 5092
587637 1410 5092
588147 1410 5130
82678 1410 5131
67772 1410 5140
214731 1410 5141
588225 1410 5148
437888 1410 5174
588454 1410 5206
276155 1410 5207
588555 1410 5230
531659 1410 5245
588636 1410 5248
588697 1410 5264
588738 1410 5273
588742 1410 5275
588748 1410 5278
92136 1410 5287
564866 1410 5295
588900 1410 5295
588984 1410 5317
228431 1410 5325
589096 1410 5351
589202 1410 5381
589223 1410 5390
589304 1410 5409
589328 1410 5414
589438 1410 5443
589459 1410 5447
589522 1410 5466
156806 1410 5470
565511 1410 5477
404955 1410 5482
467349 1410 5483
589622 1410 5493
589635 1410 5496
589677 1410 5506
589825 1410 5540
589831 1410 5542
589833 1410 5543
268190 1410 5543
20831 1410 5597
590079 1410 5604
590089 1410 5606
590097 1410 5607
590158 1410 5624
590210 1410 5635
590225 1410 5639
590375 1410 5682
590422 1410 5693
590518 1410 5718
590624 1410 5749
590697 1410 5771
590709 1410 5774
590767 1410 5792
59737 1410 5820
267711 1410 5834
270937 1410 5837
1707 1410 5853
237374 1410 5855
591128 1410 5888
591183 1410 5901
591425 1410 5966
139312 1410 5984
591611 1410 6009
362656 1410 6014
591703 1410 6030
130735 1410 6037
591797 1410 6054
591885 1410 6072
360959 1410 6091
592229 1410 6168
592321 1410 6194
392767 1410 6197
592442 1410 6225
592480 1410 6245
278348 1410 6276
464680 1410 6306
592776 1410 6322
308704 1410 6323
87873 1410 6359
24676 1410 6384
593137 1410 6410
484069 1410 6438
593294 1410 6453
593298 1410 6454
141016 1410 6498
593335 1410 6531
593515 1410 6533
24264 1410 6542
322191 1410 6574
593748 1410 6590
593774 1410 6600
593844 1410 6620
593850 1410 6621
593871 1410 6627
78555 1410 6649
403649 1410 6670
298147 1410 6687
594137 1410 6695
594181 1410 6706
197634 1410 6715
2941 1410 6716
593406 1410 6724
594348 1410 6762
594368 1410 6766
386366 1410 6794
110557 1410 6795
594472 1410 6800
594548 1410 6829
594601 1410 6840
594626 1410 6850
594632 1410 6852
594826 1410 6903
130324 1410 6988
595204 1410 7004
14916 1410 7006
595268 1410 7015
595326 1410 7028
595358 1410 7035
246627 1410 7052
52264 1410 7086
595580 1410 7107
432396 1410 7108
595652 1410 7124
595719 1410 7142
595412 1410 7161
583878 1411 4140
258772 1412 4141
86339 1413 4144
584294 1414 4146
318210 1415 4150
584308 1416 4155
554500 1417 4156
255944 1418 4164
584335 1419 4166
139126 1420 4167
584341 1421 4167
584348 1422 4168
560774 1423 4175
255100 1424 4177
584391 1425 4179
19367 1426 4180
215642 1427 4182
588436 1427 5202
584434 1428 4186
34 1428 4204
78313 1429 4192
584462 1430 4194
584463 1431 4194
587803 1431 5051
584472 1432 4197
584479 1433 4199
79276 1434 4202
584495 1435 4203
584500 1436 4204
11051 1437 4207
584508 1438 4207
153143 1439 4207
584510 1440 4207
61654 1441 4210
21502 1442 4211
584533 1443 4213
584540 1444 4213
584541 1445 4214
543588 1446 4217
161317 1447 4222
584616 1448 4231
116873 1448 4409
3546 1449 4233
411180 1450 4235
88958 1451 4238
89376 1452 4238
186286 1453 4239
572613 1454 4242
584675 1455 4243
584688 1456 4247
584701 1457 4249
69194 1458 4249
546809 1459 4251
584709 1460 4251
584708 1461 4251
135451 1462 4255
53993 1463 4258
584758 1464 4262
25081 1465 4266
584782 1466 4270
584783 1467 4271
403459 1468 4272
584680 1469 4276
584804 1470 4277
584807 1471 4278
584810 1472 4279
62356 1473 4281
53993 1474 4282
153143 1475 4283
274654 1476 4283
244613 1477 4283
447205 1478 4284
61512 1478 4324
586678 1478 4761
208024 1478 4796
72252 1478 4827
587675 1478 5017
578691 1478 5093
250921 1478 5776
346471 1478 6001
114725 1478 6415
71031 1478 6686
594270 1478 6739
584849 1479 4288
584874 1480 4293
584899 1481 4300
584900 1482 4300
584919 1483 4304
584932 1484 4306
585503 1484 4452
584933 1485 4306
12524 1486 4319
63194 1487 4320
586733 1487 4968
585014 1488 4322
585021 1489 4323
585034 1490 4325
585035 1491 4325
1756 1492 4325
585063 1493 4336
585080 1494 4338
585083 1495 4341
585086 1496 4343
363420 1497 4345
42212 1498 4349
585111 1499 4349
585148 1500 4362
227545 1500 6289
585157 1501 4363
78153 1502 4364
585171 1503 4365
585190 1504 4369
585086 1505 4370
42212 1506 4370
572613 1507 4372
585210 1508 4374
37953 1509 4375
278175 1510 4381
585227 1511 4381
585228 1512 4382
585229 1513 4382
78117 1514 4382
585249 1515 4385
367665 1516 4388
585272 1517 4392
585275 1518 4392
2186 1519 4393
585309 1520 4403
585310 1521 4404
55277 1521 4471
585347 1522 4411
585358 1523 4416
585363 1524 4420
11051 1525 4422
686 1526 4422
585374 1527 4422
42212 1528 4423
585384 1529 4425
63194 1530 4426
585416 1531 4431
63520 1532 4434
585432 1533 4434
585433 1534 4434
585434 1535 4435
9187 1536 4437
25571 1536 4528
326922 1537 4439
585463 1538 4443
79276 1539 4447
585487 1540 4447
585678 1540 4489
586733 1540 4841
585496 1541 4450
585497 1542 4451
160339 1543 4451
585517 1544 4454
585522 1545 4455
86846 1546 4460
585552 1547 4461
585561 1548 4461
585564 1549 4462
585581 1550 4464
79276 1551 4466
585603 1552 4471
585636 1553 4478
411350 1554 4481
585644 1555 4481
585741 1555 4503
585647 1556 4481
585658 1557 4483
393764 1558 4484
588545 1558 5226
585672 1559 4487
585673 1560 4488
587229 1560 4906
31201 1561 4489
2625 1561 4530
100316 1562 4490
585694 1563 4492
531717 1564 4492
201556 1565 4494
42212 1566 4497
154508 1567 4501
13772 1568 4506
585758 1569 4510
42212 1570 4510
585766 1571 4512
457899 1572 4513
22873 1573 4515
100423 1574 4519
42212 1575 4520
585799 1576 4520
585800 1577 4520
21980 1578 4529
585833 1579 4530
585841 1580 4531
574925 1581 4531
347534 1582 4533
51991 1583 4536
585869 1584 4539
54967 1585 4540
585885 1586 4542
589309 1587 4547
589308 1587 5409
585910 1588 4549
114904 1589 4550
585928 1590 4551
585931 1591 4552
585956 1592 4559
76905 1593 4560
5480 1593 6414
595576 1593 7106
97726 1594 4566
585981 1595 4566
585994 1596 4569
586003 1597 4573
586014 1598 4575
586019 1599 4575
586031 1600 4577
586733 1600 4784
586028 1601 4577
586019 1602 4578
511941 1603 4583
586054 1604 4585
586065 1605 4589
586068 1606 4590
586733 1606 4775
553090 1607 4593
586082 1608 4594
123202 1609 4600
586108 1610 4602
586119 1611 4606
586126 1612 4608
586151 1613 4615
586154 1614 4616
586157 1615 4616
72428 1616 4620
586189 1617 4623
70090 1618 4623
586195 1619 4625
145093 1620 4626
50563 1621 4628
586224 1622 4631
586225 1623 4633
495975 1624 4637
586246 1625 4638
586245 1626 4638
313830 1627 4643
101327 1628 4643
586277 1629 4646
583314 1630 4647
446493 1631 4654
150199 1632 4656
172886 1633 4658
587525 1633 4971
140019 1634 4661
157434 1635 4662
586350 1636 4667
586359 1637 4668
586366 1638 4672
586389 1639 4681
586398 1640 4683
392737 1641 4684
8267 1642 4686
572613 1643 4690
586432 1644 4692
586445 1645 4693
586446 1646 4693
586449 1647 4693
586366 1648 4695
396050 1649 4700
586470 1650 4701
586471 1651 4701
91475 1652 4701
586479 1653 4703
586490 1654 4706
586498 1655 4708
586497 1656 4708
586503 1657 4709
586510 1658 4711
586366 1659 4711
586524 1660 4715
590872 1660 5821
586529 1661 4717
586554 1662 4727
586565 1663 4730
586566 1664 4731
586569 1665 4731
572613 1666 4733
106112 1667 4733
340995 1667 4788
586582 1668 4735
586593 1669 4737
340995 1669 4793
586594 1670 4738
586599 1671 4739
340995 1671 4797
113908 1672 4740
584997 1673 4749
586642 1674 4750
586659 1675 4754
158085 1676 4755
586642 1677 4759
586680 1678 4761
340995 1678 4799
586642 1679 4761
586642 1680 4764
71678 1681 4764
586642 1682 4765
586713 1683 4767
586642 1684 4770
586717 1685 4771
586718 1686 4771
586721 1687 4772
340995 1687 4803
226362 1688 4772
586642 1689 4779
94284 1690 4779
586757 1691 4781
88597 1692 4781
381696 1693 4782
586802 1694 4793
586815 1695 4797
585644 1696 4798
588 1696 6324
595474 1696 7068
586874 1697 4808
586879 1698 4809
1437 1699 4812
586903 1700 4818
586914 1701 4822
482168 1701 5274
586917 1702 4823
382945 1703 4828
586935 1704 4830
586936 1705 4830
463246 1706 4834
586962 1707 4835
586967 1708 4837
586978 1709 4840
586981 1710 4840
587000 1711 4845
68340 1712 4846
41365 1713 4849
587027 1714 4849
587042 1715 4853
587043 1716 4854
587060 1717 4859
587072 1718 4861
96237 1719 4861
585372 1720 4863
18099 1721 4870
210849 1722 4872
587122 1723 4877
203451 1724 4887
587166 1725 4891
587167 1726 4891
587182 1727 4895
438638 1728 4908
587258 1729 4913
379815 1730 4915
387039 1731 4916
587281 1732 4918
400191 1732 6880
587290 1733 4921
587315 1734 4925
587320 1735 4928
567519 1736 4931
69194 1737 4932
587345 1738 4933
587364 1739 4940
587395 1740 4945
471887 1741 4945
65872 1742 4948
587410 1743 4949
585622 1744 4950
5084 1745 4955
586470 1746 4957
133457 1747 4958
587461 1748 4961
175875 1749 4961
585728 1749 5053
587467 1750 4961
587484 1751 4965
587487 1752 4965
587498 1753 4967
587501 1754 4968
370867 1755 4970
203451 1756 4973
587737 1756 5037
593495 1756 6531
210929 1757 4975
318331 1758 4977
200148 1759 4990
587592 1760 4991
114769 1761 4998
587630 1762 5006
587637 1763 5007
19785 1764 5008
2577 1764 5412
295906 1765 5011
587672 1766 5016
155293 1767 5021
587698 1768 5022
587699 1769 5023
587700 1770 5023
587703 1771 5023
37709 1772 5027
587747 1773 5039
587765 1774 5042
94284 1775 5042
587776 1776 5043
579449 1777 5044
322298 1778 5046
587835 1779 5057
587838 1780 5058
456998 1781 5060
587852 1782 5060
586470 1783 5062
12778 1784 5065
498213 1785 5067
196924 1786 5069
587042 1787 5075
82430 1788 5077
587939 1789 5078
587060 1790 5079
35298 1791 5081
587964 1792 5083
587967 1793 5083
587968 1794 5084
59128 1795 5086
587978 1796 5088
587991 1797 5093
588006 1798 5096
588049 1799 5108
385984 1800 5109
588061 1801 5111
588068 1802 5114
589808 1802 5536
588089 1803 5117
588096 1804 5118
588097 1805 5118
588124 1806 5126
588129 1807 5127
588134 1808 5127
588153 1809 5131
588160 1810 5132
23593 1811 5134
588200 1812 5139
6664 1813 5140
52400 1814 5143
588219 1815 5144
414120 1816 5145
588235 1817 5150
222939 1818 5151
588249 1819 5153
584255 1819 5204
588250 1820 5153
588273 1821 5159
11694 1822 5160
589057 1822 5342
5610 1822 5531
11470 1822 5532
199347 1822 5546
590692 1822 5892
594691 1822 6869
132558 1822 7196
173715 1823 5161
588290 1824 5162
242235 1825 5164
588296 1826 5164
588296 1827 5165
588310 1828 5166
588296 1829 5166
588328 1830 5173
246590 1831 5176
588921 1831 5300
592170 1831 6147
588340 1832 5176
588363 1833 5183
588366 1834 5183
589236 1834 5393
588379 1835 5188
139452 1836 5188
588405 1837 5194
588414 1838 5196
588419 1839 5197
574758 1840 5199
588435 1841 5201
588438 1842 5203
588451 1843 5206
587765 1844 5207
588473 1845 5210
588476 1846 5211
201556 1847 5212
588482 1848 5213
588509 1849 5219
588544 1850 5226
588573 1851 5234
371266 1852 5236
588589 1853 5237
38482 1854 5246
588625 1855 5246
588638 1856 5249
588693 1857 5263
103007 1858 5264
82789 1859 5264
588712 1860 5266
578056 1861 5272
588732 1862 5273
50037 1863 5273
588755 1864 5281
588754 1865 5281
588756 1866 5281
584255 1866 5325
588767 1867 5283
215427 1868 5288
3570 1869 5288
172088 1870 5291
56323 1871 5294
139492 1871 5953
587765 1872 5295
18809 1873 5295
588914 1874 5298
588927 1875 5300
588934 1876 5302
588963 1877 5307
72772 1878 5308
588983 1879 5317
588996 1880 5322
589031 1881 5334
572732 1882 5335
589065 1883 5342
393743 1883 5343
589296 1883 5408
593926 1883 6641
589072 1884 5344
583977 1885 5350
280423 1886 5351
589100 1887 5351
174523 1888 5354
61521 1889 5357
588930 1890 5359
59679 1891 5359
547782 1892 5362
589151 1893 5365
589154 1894 5366
221211 1895 5366
231014 1896 5366
589155 1897 5366
589158 1898 5366
589173 1899 5371
244613 1900 5372
589197 1901 5380
589216 1902 5386
221211 1903 5391
145931 1904 5400
253051 1905 5400
589690 1905 5511
590577 1905 5732
981 1906 5400
129460 1907 5401
135548 1907 6475
589259 1908 5401
368067 1909 5401
293123 1910 5402
589265 1911 5402
2335 1912 5402
589287 1913 5406
394638 1914 5406
1916 1914 5574
589293 1915 5407
589314 1916 5411
422822 1917 5411
589346 1918 5418
101327 1919 5418
589350 1920 5420
101606 1921 5422
28517 1922 5424
206525 1923 5427
175053 1924 5429
589389 1925 5430
442925 1926 5434
589394 1927 5434
586445 1928 5435
589402 1929 5435
589403 1930 5435
589409 1931 5436
240929 1932 5441
590864 1932 5821
500045 1932 6111
595078 1932 6970
589429 1933 5441
110937 1934 5442
589435 1935 5443
589442 1936 5443
589443 1937 5443
124 1938 5446
589334 1939 5449
589466 1940 5450
589469 1941 5450
589472 1942 5452
589477 1943 5453
11955 1944 5458
589505 1945 5461
589546 1946 5471
133457 1947 5471
83010 1948 5474
589559 1949 5475
589566 1950 5476
589583 1951 5482
162962 1952 5491
59621 1953 5492
41443 1954 5495
79583 1955 5497
382945 1956 5498
589651 1957 5499
432965 1958 5502
587461 1958 5757
589669 1959 5503
589672 1960 5504
159583 1961 5504
589676 1962 5505
589702 1962 5513
589687 1963 5510
8106 1964 5513
8109 1965 5513
591001 1965 5852
591139 1965 5892
595071 1965 6966
8104 1966 5514
3505 1966 5530
589492 1966 5748
590875 1966 5823
591414 1966 5965
85319 1966 5993
26617 1966 6162
592741 1966 6312
593521 1966 6537
595446 1966 7063
589711 1967 5514
589734 1968 5520
589740 1969 5521
589739 1970 5522
589741 1971 5523
589750 1972 5525
589756 1973 5526
184412 1974 5526
589757 1975 5527
589761 1976 5527
586191 1977 5528
589804 1978 5533
589803 1979 5533
589807 1980 5534
589810 1981 5536
264813 1982 5537
590407 1982 5707
9966 1983 5539
589821 1984 5540
8651 1985 5540
432965 1986 5546
589860 1987 5546
22021 1988 5552
590407 1988 5691
589881 1989 5552
589885 1990 5553
589886 1991 5553
936 1992 5553
589894 1993 5554
556416 1994 5555
140862 1995 5562
589935 1996 5569
589960 1997 5575
155546 1998 5578
112378 1999 5579
589979 2000 5582
589980 2001 5582
589991 2002 5584
40939 2003 5586
590015 2004 5589
29321 2005 5595
8441 2006 5595
589217 2007 5596
43287 2008 5600
108751 2009 5601
590093 2010 5606
590094 2011 5607
100228 2012 5607
589896 2013 5609
16546 2014 5610
590114 2015 5611
571238 2016 5616
110327 2017 5620
590145 2018 5622
590166 2019 5625
590177 2020 5628
590178 2021 5628
590179 2022 5628
590186 2023 5631
590191 2024 5631
590194 2025 5632
590195 2026 5633
590204 2027 5635
590209 2028 5635
590216 2029 5636
454692 2030 5637
186810 2031 5639
590233 2032 5643
590234 2033 5644
585758 2034 5645
590266 2035 5652
590275 2036 5656
161291 2037 5661
54138 2038 5661
936 2039 5661
590295 2040 5662
585561 2041 5667
578202 2042 5671
420046 2043 5673
590345 2044 5675
590354 2045 5678
592616 2045 6279
104989 2045 6356
9941 2046 5678
590364 2047 5681
590379 2048 5684
590380 2049 5684
590385 2050 5685
590394 2051 5688
590397 2052 5688
590402 2053 5689
590415 2054 5691
451054 2055 5694
102586 2056 5694
112145 2057 5695
422948 2058 5703
589394 2059 5706
590479 2060 5707
590494 2061 5711
590497 2062 5712
590502 2063 5713
590517 2064 5718
590548 2065 5726
590573 2066 5731
590574 2067 5731
590581 2068 5734
505055 2069 5736
590593 2070 5737
590608 2071 5743
590621 2072 5747
590660 2073 5760
74827 2074 5763
590684 2075 5766
590687 2076 5767
311638 2077 5769
590701 2078 5772
583222 2079 5773
590713 2080 5774
590917 2080 5835
239631 2081 5775
936 2082 5782
590740 2083 5783
105982 2084 5785
583222 2085 5787
4235 2086 5788
422948 2087 5788
199991 2088 5792
590766 2089 5792
590769 2090 5793
590701 2091 5793
11973 2092 5794
590776 2093 5796
590785 2094 5799
590796 2095 5800
590801 2096 5802
88483 2097 5809
11973 2098 5810
385821 2099 5811
16546 2100 5812
174791 2101 5816
591144 2101 5892
367156 2102 5818
333079 2103 5818
286811 2104 5821
99320 2105 5823
29879 2105 6121
335042 2105 6216
593654 2105 6566
198049 2106 5824
96610 2107 5827
436953 2108 5828
442925 2109 5828
52031 2110 5830
3683 2110 5858
590914 2111 5834
149634 2112 5835
286811 2113 5841
590947 2114 5843
374153 2115 5845
32904 2115 6275
17595 2116 5846
591688 2116 6024
314839 2117 5847
590981 2118 5847
583222 2119 5847
590983 2120 5847
590988 2121 5848
590989 2122 5850
591000 2123 5851
591006 2124 5852
591005 2125 5852
176105 2126 5853
591016 2127 5854
591017 2128 5855
591688 2128 6033
936 2129 5857
590701 2130 5861
591042 2131 5862
583152 2132 5867
591082 2133 5873
591105 2134 5877
5606 2135 5879
590348 2136 5881
560855 2137 5888
590348 2138 5892
591168 2139 5898
591185 2140 5902
589385 2141 5905
50694 2142 5909
591218 2143 5913
591223 2144 5914
591227 2145 5914
591224 2146 5914
396926 2147 5915
591237 2148 5917
591239 2149 5917
88455 2150 5917
591248 2151 5919
591261 2152 5923
591264 2153 5924
936 2154 5924
591278 2155 5926
591278 2156 5926
16546 2157 5926
591283 2158 5928
110795 2159 5928
414079 2160 5930
591298 2161 5934
591309 2162 5936
591310 2163 5936
482053 2164 5938
541135 2165 5939
591349 2166 5944
591350 2167 5944
591416 2167 5966
591351 2168 5946
591360 2169 5948
591369 2170 5951
591376 2171 5952
591352 2172 5955
591384 2173 5955
591407 2174 5962
311638 2175 5966
593249 2175 6441
591433 2176 5969
591434 2177 5969
591443 2178 5969
591444 2179 5970
591459 2180 5972
591492 2181 5979
591519 2182 5987
591520 2183 5988
592059 2183 6119
591523 2184 5988
51645 2185 5994
591545 2186 5997
390293 2187 6000
390283 2188 6000
591590 2189 6005
591619 2190 6011
591630 2191 6012
591444 2192 6015
591656 2193 6016
591665 2194 6017
591668 2195 6018
125239 2196 6019
119073 2197 6020
591679 2198 6022
591680 2199 6022
591687 2200 6023
591692 2201 6026
557146 2202 6033
2577 2202 6325
591716 2203 6034
578605 2204 6040
546408 2205 6041
592650 2205 6287
382945 2206 6043
591750 2207 6044
587455 2208 6050
591792 2209 6052
383076 2210 6054
89039 2211 6054
591807 2212 6056
591844 2213 6060
125239 2214 6061
591851 2215 6063
591737 2216 6076
591912 2217 6078
221211 2218 6078
449543 2219 6081
591933 2220 6082
591954 2221 6087
65682 2222 6090
591974 2223 6092
110098 2224 6098
592000 2225 6099
592005 2226 6099
19533 2227 6102
592013 2228 6102
592022 2229 6106
39078 2230 6107
592032 2231 6107
592037 2232 6110
592038 2233 6111
79674 2234 6112
592042 2235 6112
592047 2236 6114
92306 2237 6115
79674 2238 6118
592058 2239 6118
1756 2240 6125
145093 2241 6125
592083 2242 6127
575233 2243 6132
592107 2244 6132
592116 2245 6133
592121 2246 6135
33336 2247 6143
1335 2248 6143
592172 2249 6148
592589 2249 6272
592193 2250 6155
244039 2251 6158
139150 2252 6160
7561 2253 6162
592215 2254 6164
207549 2255 6167
592233 2256 6169
592238 2257 6170
224208 2258 6171
592264 2259 6175
509252 2260 6176
592268 2261 6179
94361 2262 6181
592290 2263 6184
579818 2264 6185
592302 2265 6188
592313 2266 6191
89944 2267 6192
144025 2268 6199
592354 2269 6202
592357 2270 6205
592362 2271 6207
592363 2272 6207
279662 2273 6211
94361 2274 6218
592420 2275 6219
592433 2276 6221
398290 2277 6222
81164 2278 6223
589979 2279 6233
592453 2280 6236
592460 2281 6238
592463 2282 6239
149634 2283 6241
592477 2284 6244
592477 2285 6249
592427 2286 6249
592494 2287 6249
592511 2288 6251
592518 2289 6254
318507 2290 6254
64507 2291 6255
108921 2291 6504
24264 2292 6256
514172 2293 6256
592541 2294 6259
24264 2295 6262
592557 2296 6262
592558 2297 6262
592563 2298 6265
592584 2299 6268
592587 2300 6270
592588 2301 6271
69033 2302 6273
592624 2303 6281
592631 2304 6282
592656 2305 6288
316366 2306 6289
226152 2307 6290
592662 2308 6290
10621 2309 6290
24264 2310 6291
592676 2311 6293
425210 2312 6294
24264 2313 6304
556724 2314 6306
88320 2315 6306
592733 2316 6309
592738 2317 6310
592743 2318 6311
59679 2319 6312
592767 2320 6318
4066 2321 6324
98269 2322 6326
3108 2322 6360
229672 2323 6331
162962 2324 6334
24264 2325 6336
592873 2326 6339
22873 2327 6339
592874 2328 6340
350300 2329 6340
592881 2330 6341
279662 2331 6347
39311 2332 6350
28660 2333 6356
592942 2334 6362
592941 2335 6362
592951 2336 6363
593320 2336 6466
592956 2337 6365
592985 2338 6370
592996 2339 6372
578202 2340 6373
492817 2341 6375
593021 2342 6381
422948 2343 6383
593037 2344 6384
593044 2345 6386
593045 2346 6386
592961 2347 6389
229606 2348 6395
125541 2348 6443
195333 2348 6460
593100 2349 6399
106775 2350 6407
593132 2351 6407
47410 2352 6411
593162 2353 6417
593165 2354 6418
138214 2355 6425
590348 2356 6426
593196 2357 6428
593197 2358 6429
593205 2359 6430
593200 2360 6430
116976 2361 6432
593566 2361 6547
594428 2361 6791
327965 2362 6434
593246 2363 6440
593255 2364 6442
593256 2365 6443
422539 2366 6447
593282 2367 6448
14296 2367 6449
55828 2367 6474
6611 2367 6509
480704 2367 6524
178228 2368 6452
593300 2369 6454
593307 2370 6458
593330 2371 6468
182543 2372 6468
593331 2373 6468
593345 2374 6472
86846 2375 6485
593371 2376 6485
390818 2377 6486
593379 2378 6488
105783 2378 6562
593385 2379 6489
593384 2380 6489
593398 2381 6493
106 2382 6494
5610 2382 6614
11470 2382 6616
593984 2382 6654
363701 2382 6659
189897 2382 6781
563720 2382 6837
108127 2382 6965
60114 2382 7176
593420 2383 6501
593425 2384 6504
593434 2385 6507
3447 2386 6516
593460 2387 6518
593473 2388 6520
593486 2389 6526
593505 2390 6532
99740 2391 6532
593509 2392 6532
461420 2393 6533
10411 2394 6545
593574 2395 6548
593577 2396 6550
10784 2397 6551
593593 2398 6552
549054 2399 6553
515867 2400 6556
11973 2401 6561
593629 2402 6561
593632 2403 6562
593637 2404 6563
593644 2405 6565
587838 2406 6565
9966 2407 6567
86846 2408 6570
86846 2409 6570
593669 2410 6570
109253 2411 6572
68324 2412 6573
59679 2413 6582
381638 2414 6582
585228 2415 6582
593593 2416 6584
37339 2417 6585
593747 2418 6588
593750 2419 6590
593759 2420 6593
593797 2420 6607
593801 2420 6608
261116 2420 6617
16546 2421 6594
68324 2422 6594
539464 2423 6597
493456 2424 6598
594234 2424 6725
506968 2425 6600
593776 2426 6600
137633 2427 6601
593782 2428 6603
593784 2429 6603
32095 2430 6603
37807 2430 6621
50556 2431 6605
32094 2432 6606
593789 2433 6606
593792 2434 6606
593803 2435 6610
593834 2436 6617
587838 2437 6619
466330 2438 6621
593849 2439 6621
593862 2440 6625
50568 2441 6627
593876 2442 6628
593881 2443 6629
593882 2444 6630
593887 2445 6631
593888 2446 6631
551571 2447 6639
593944 2448 6643
593969 2449 6651
593978 2450 6653
84041 2451 6653
584849 2452 6654
594010 2453 6663
239603 2454 6663
483995 2455 6664
594020 2456 6666
593951 2457 6666
594026 2458 6667
103180 2459 6671
6667 2460 6672
6668 2461 6673
594054 2462 6673
594055 2463 6674
594070 2464 6678
276518 2465 6680
594080 2466 6683
236207 2467 6684
226152 2468 6687
120578 2469 6690
314041 2470 6690
386366 2471 6698
85828 2472 6700
584101 2473 6702
594176 2474 6704
594193 2475 6710
19201 2476 6713
288775 2477 6716
594216 2478 6719
594217 2479 6720
126792 2480 6721
365826 2481 6722
594236 2482 6726
594241 2483 6728
594242 2484 6728
594248 2485 6729
111224 2486 6729
594249 2487 6729
594256 2488 6733
594257 2489 6734
11973 2490 6735
594269 2491 6739
594280 2492 6741
584616 2493 6743
371720 2494 6743
594291 2495 6744
242759 2496 6747
594307 2497 6750
594310 2498 6751
594341 2499 6759
594159 2500 6763
594010 2501 6763
594358 2502 6764
594367 2503 6765
155025 2504 6767
181395 2505 6768
594418 2505 6788
594483 2505 6805
154348 2505 6810
594536 2505 6823
594551 2505 6830
594570 2505 6834
594597 2505 6839
594612 2505 6842
119958 2505 6886
594901 2505 6926
594909 2505 6928
594963 2505 6941
595059 2505 6963
595172 2505 6992
595195 2505 7000
595218 2505 7007
595265 2505 7015
595282 2505 7019
595336 2505 7029
595352 2505 7034
261510 2505 7065
595510 2505 7084
179126 2505 7091
595640 2505 7121
40717 2505 7121
595812 2505 7164
595852 2505 7176
273140 2505 7177
594374 2506 6769
594377 2507 6771
594382 2508 6774
594397 2509 6778
594398 2510 6779
594407 2511 6784
594408 2512 6784
594415 2513 6787
594420 2514 6788
499880 2515 6790
594440 2516 6793
594443 2517 6793
594454 2518 6795
594467 2519 6798
594474 2520 6800
86514 2521 6810
594526 2522 6814
60068 2523 6816
371720 2524 6817
594538 2525 6823
215914 2526 6824
594540 2527 6825
594543 2528 6827
383396 2529 6828
595061 2529 6964
594547 2530 6829
90901 2531 6829
594565 2532 6833
594572 2533 6834
594575 2534 6835
85986 2535 6839
10291 2536 6841
594493 2537 6841
594611 2538 6842
173963 2539 6846
184412 2540 6846
353604 2541 6847
594623 2542 6848
594640 2543 6852
26089 2544 6854
594697 2544 6870
98731 2545 6855
594467 2546 6856
115678 2547 6856
503186 2548 6857
594658 2549 6860
581372 2550 6861
211142 2551 6863
298483 2552 6868
594688 2553 6869
148495 2554 6872
468402 2555 6873
594713 2556 6875
594730 2557 6880
594737 2558 6884
594748 2559 6887
594763 2560 6889
594768 2561 6890
594771 2562 6892
594774 2563 6892
115678 2564 6895
594802 2565 6898
594803 2566 6899
594838 2567 6904
594839 2568 6905
105072 2569 6907
594851 2570 6908
68324 2571 6913
86064 2572 6915
594874 2573 6917
594875 2574 6917
60630 2575 6921
594883 2576 6921
594892 2577 6923
73180 2578 6932
594932 2579 6933
152080 2579 7021
422028 2579 7065
74785 2580 6934
594956 2581 6939
594995 2582 6951
595002 2583 6952
211658 2584 6954
595012 2585 6955
595015 2586 6956
595020 2587 6956
501941 2588 6957
595030 2589 6957
595043 2590 6959
595054 2591 6961
439227 2592 6965
595070 2593 6966
397063 2594 6968
595080 2595 6970
5001 2596 6974
454904 2597 6975
42465 2598 6976
117177 2599 6977
595120 2600 6978
595611 2600 7112
590415 2601 6983
113918 2602 6984
595147 2603 6986
159480 2604 6990
59128 2605 6992
4857 2606 6994
151536 2607 6995
595182 2608 6995
561428 2609 7003
593577 2610 7004
595210 2611 7005
595209 2612 7005
595211 2613 7005
595220 2614 7007
595223 2615 7007
595229 2616 7008
595226 2617 7009
595232 2618 7009
113918 2619 7009
595246 2620 7012
85477 2621 7012
595254 2622 7012
349603 2622 7092
595070 2623 7015
595274 2624 7016
595348 2624 7032
595275 2625 7017
419080 2626 7024
595311 2627 7025
595328 2628 7028
595329 2629 7028
595329 2630 7029
595343 2631 7030
595329 2632 7038
595329 2633 7039
69751 2634 7041
595375 2635 7041
595398 2636 7046
595409 2637 7049
595412 2638 7049
595417 2639 7052
595358 2640 7052
584101 2641 7053
595440 2642 7058
10981 2643 7061
595452 2644 7064
12940 2645 7067
594236 2646 7071
595477 2647 7072
26702 2648 7078
595495 2649 7079
595496 2650 7079
595501 2651 7081
595512 2652 7085
595070 2653 7086
595518 2654 7086
595525 2655 7089
586718 2656 7097
57758 2657 7101
314839 2658 7102
13465 2659 7102
572732 2660 7107
595591 2661 7108
314839 2662 7110
82450 2663 7116
12940 2664 7117
561325 2665 7119
595664 2666 7126
595495 2667 7128
77381 2668 7129
595689 2669 7132
595692 2670 7133
595695 2671 7133
2633 2672 7134
595701 2673 7135
543077 2674 7138
74621 2675 7138
111111 2676 7140
138738 2677 7140
281004 2678 7140
88296 2679 7140
266087 2680 7141
540721 2681 7143
595736 2682 7147
595741 2683 7148
19271 2684 7149
595771 2685 7154
188750 2686 7158
595797 2687 7159
595804 2688 7161
595807 2689 7162
202187 2690 7167
595209 2691 7169
592767 2692 7170
595847 2693 7173
296799 2694 7177
595867 2695 7180
595880 2696 7183
595883 2697 7184
595884 2698 7184
595911 2699 7192
