1 1 100 646.236
2 2 100 676.894
3 3 100 864.076
4 4 100 948.157
5 5 100 1023
6 6 100 1053.89
7 7 100 1055.01
8 8 100 1056.04
9 9 100 1071.43
10 10 100 1080.55
11 11 100 1081.6
12 12 100 1090.71
13 13 100 1091.6
14 14 100 1095.73
15 15 100 1098.47
16 16 100 1105.07
17 17 100 1332.19
18 18 100 1336.02
19 19 100 1353.76
20 20 100 1359.13
21 21 100 1364.27
22 22 100 1367.9
23 23 100 1374.42
24 24 100 1384.67
25 25 100 1386.4
26 26 100 1393.05
27 27 100 1443.67
28 28 100 1563.37
29 29 100 1567.41
30 30 100 1587.53
31 31 100 1591.4
32 32 100 1595.43
33 33 100 1604.53
34 34 100 1607.43
35 35 100 1613.36
36 36 100 1620.52
37 37 100 1627.14
38 38 100 1630.8
39 39 100 1635.88
40 40 100 1639.54
41 41 100 1708.78
42 42 100 1712.72
43 43 100 1714.64
44 44 100 1715.76
45 45 100 1717.37
46 46 100 1718.45
47 47 100 1719.56
48 48 100 1722.21
49 49 100 1724.98
50 50 100 1742.7
