8 12839 1 0 1 2309 0 1 0 0
8 82759 1 0 1 514 0 1 0 0
8 229975 1 0 1 1170 0 1 0 0
84 7666 0 1 1 0 16 0 1 0
86 893 1 0 1 3064 0 1 0 0
86 2415 1 0 1 3522 0 1 0 0
86 3284 1 0 1 633 0 1 0 0
86 4409 1 0 1 75 0 1 0 0
86 5962 1 0 1 1783 0 1 0 0
86 6275 1 0 1 322 0 1 0 0
86 6962 1 0 1 1926 0 1 0 0
86 19974 1 0 1 5377 0 1 0 0
86 32224 2 0 2 798 0 2 0 0
86 40124 0 1 1 0 571 0 0.5 0
86 52836 1 0 1 142 0 1 0 0
86 64126 1 1 2 48 492 1 0.5 0
86 75420 1 0 1 50 0 1 0 0
86 80219 1 0 1 41 0 1 0 0
86 132659 1 0 1 1207 0 1 0 0
86 143344 1 0 1 501 0 1 0 0
86 228809 1 0 1 2441 0 1 0 0
86 243837 1 0 1 253 0 1 0 0
86 255606 1 0 1 76 0 1 0 0
86 256367 1 0 1 907 0 1 0 0
86 259132 1 0 1 398 0 1 0 0
86 300333 1 0 1 824 0 1 0 0
86 309606 1 0 1 1844 0 1 0 0
86 359639 2 0 2 198 0 1.5 0 0
86 362143 1 0 1 31 0 1 0 0
86 375897 1 0 1 445 0 1 0 0
86 381373 2 0 2 5082 0 1.5 0 0
86 408111 1 0 1 525 0 1 0 0
86 438554 1 0 1 140 0 1 0 0
86 440450 1 0 1 166 0 1 0 0
86 443478 2 0 2 11 0 1.5 0 0
86 443846 1 0 1 56 0 1 0 0
86 443857 1 0 1 59 0 1 0 0
86 444006 1 0 1 193 0 1 0 0
86 444274 1 0 1 118 0 1 0 0
86 444286 1 0 1 119 0 1 0 0
86 446453 1 0 1 420 0 1 0 0
86 448500 1 0 1 711 0 1 0 0
86 448632 1 0 1 729 0 1 0 0
86 450735 1 0 1 1034 0 1 0 0
86 450782 1 0 1 1040 0 1 0 0
86 452611 1 0 1 1278 0 1 0 0
86 455311 1 0 1 1604 0 1 0 0
86 455942 1 0 1 1718 0 1 0 0
86 461675 1 0 1 2741 0 1 0 0
86 463114 1 0 1 3004 0 1 0 0
86 466478 1 0 1 3539 0 1 0 0
86 469240 1 0 1 4035 0 1 0 0
86 475031 1 0 1 5004 0 1 0 0
86 475481 1 0 1 5106 0 1 0 0
96 826 0 1 1 0 2538 0 1 0
96 2181 0 1 1 0 73 0 1 0
96 80827 0 1 1 0 218 0 1 0
106 1697 1 0 1 1375 0 1 0 0
106 5610 1 0 1 1176 0 1 0 0
106 6966 1 0 1 993 0 1 0 0
106 8589 1 0 1 4646 0 1 0 0
106 11821 1 0 1 5016 0 1 0 0
106 19617 1 0 1 1492 0 1 0 0
106 45229 1 0 1 2108 0 1 0 0
106 52342 1 0 1 34 0 1 0 0
106 57798 1 0 1 10 0 1 0 0
106 60184 1 0 1 3724 0 1 0 0
106 104283 1 0 1 11 0 1 0 0
106 104513 1 0 1 170 0 1 0 0
106 110675 1 0 1 2075 0 1 0 0
106 116317 1 0 1 2180 0 1 0 0
106 138191 1 0 1 1625 0 1 0 0
106 140286 1 0 1 622 0 1 0 0
106 144574 1 0 1 60 0 1 0 0
106 149046 1 0 1 648 0 1 0 0
106 151652 1 0 1 2042 0 1 0 0
106 200545 1 0 1 1711 0 1 0 0
106 217418 1 0 1 134 0 1 0 0
106 219915 1 0 1 8 0 1 0 0
106 258328 1 0 1 2012 0 1 0 0
106 260862 1 0 1 753 0 1 0 0
106 261601 1 0 1 14 0 1 0 0
106 269019 1 0 1 284 0 1 0 0
106 327769 1 0 1 634 0 1 0 0
106 356266 1 0 1 187 0 1 0 0
106 377952 1 0 1 227 0 1 0 0
106 387909 1 0 1 1658 0 1 0 0
106 432900 1 0 1 48 0 1 0 0
106 438469 1 0 1 15 0 1 0 0
106 438523 1 0 1 21 0 1 0 0
106 438698 1 0 1 45 0 1 0 0
106 438864 1 0 1 66 0 1 0 0
106 439733 1 0 1 169 0 1 0 0
106 439889 1 0 1 186 0 1 0 0
106 440074 1 0 1 212 0 1 0 0
106 440246 1 0 1 234 0 1 0 0
106 440277 1 0 1 239 0 1 0 0
106 440608 1 0 1 386 0 1 0 0
106 440862 1 0 1 289 0 1 0 0
106 442669 1 0 1 568 0 1 0 0
106 442704 1 0 1 573 0 1 0 0
106 443412 1 0 1 671 0 1 0 0
106 443443 1 0 1 676 0 1 0 0
106 444949 1 0 1 887 0 1 0 0
106 448277 1 0 1 1356 0 1 0 0
106 449434 1 0 1 1547 0 1 0 0
106 453776 1 0 1 2091 0 1 0 0
106 456192 1 0 1 2421 0 1 0 0
106 458013 1 0 1 2677 0 1 0 0
106 458773 1 0 1 2921 0 1 0 0
106 461620 1 0 1 3409 0 1 0 0
106 468110 1 0 1 4465 0 1 0 0
106 474905 1 0 1 5658 0 1 0 0
106 475283 1 0 1 5732 0 1 0 0
106 475781 1 0 1 5838 0 1 0 0
267257 455699 0 1 1 0 596 0 1 0
166 11754 1 0 1 33 0 1 0 0
166 190038 1 0 1 418 0 1 0 0
166 214301 1 0 1 1063 0 1 0 0
166 468861 1 0 1 95 0 1 0 0
166 469791 1 0 1 20 0 1 0 0
166 469793 1 0 1 20 0 1 0 0
166 470425 1 0 1 109 0 1 0 0
166 471023 1 0 1 270 0 1 0 0
166 471636 1 0 1 359 0 1 0 0
166 473423 1 0 1 621 0 1 0 0
166 473509 1 0 1 634 0 1 0 0
175 215960 1 0 1 379 0 1 0 0
175 476139 1 0 1 201 0 1 0 0
445394 446637 1 0 1 172 0 1 0 0
194 724 1 0 1 11 0 1 0 0
194 442577 1 0 1 435 0 1 0 0
89247 116873 0 1 1 0 1272 0 1 0
209 3683 1 0 1 772 0 1 0 0
209 4547 1 0 1 1510 0 1 0 0
209 7361 1 0 1 721 0 1 0 0
209 20476 1 0 1 14 0 1 0 0
209 28907 1 0 1 18 0 1 0 0
209 29111 1 0 1 409 0 1 0 0
209 29483 2 0 2 410 0 2 0 0
209 29510 2 0 2 28 0 2 0 0
209 29607 1 0 1 1826 0 1 0 0
209 29638 1 0 1 77 0 1 0 0
209 29917 1 0 1 3211 0 1 0 0
209 31464 2 0 2 1677 0 2 0 0
209 31708 2 0 2 35 0 2 0 0
209 41842 1 0 1 3254 0 1 0 0
209 43138 1 0 1 6260 0 1 0 0
209 43197 1 0 1 774 0 1 0 0
209 47513 1 0 1 744 0 1 0 0
209 49106 1 0 1 2252 0 1 0 0
209 59821 1 0 1 1277 0 1 0 0
209 70039 1 0 1 1535 0 1 0 0
209 73281 1 0 1 525 0 1 0 0
209 80147 1 0 1 804 0 1 0 0
209 85651 1 0 1 831 0 1 0 0
209 86056 1 0 1 1028 0 1 0 0
209 96657 2 0 2 2219 0 2 0 0
209 97408 1 0 1 373 0 1 0 0
209 123357 1 0 1 1161 0 1 0 0
209 126013 1 0 1 2286 0 1 0 0
209 146499 1 0 1 28 0 1 0 0
209 253326 1 0 1 37 0 1 0 0
209 292476 1 0 1 259 0 1 0 0
209 340442 1 0 1 1533 0 1 0 0
209 362280 1 0 1 246 0 1 0 0
209 366114 1 0 1 2632 0 1 0 0
209 402835 1 0 1 27 0 1 0 0
209 429797 1 0 1 4009 0 1 0 0
209 430930 1 0 1 19 0 1 0 0
209 430983 1 0 1 24 0 1 0 0
209 431051 1 0 1 35 0 1 0 0
209 431245 1 0 1 60 0 1 0 0
209 431605 1 0 1 105 0 1 0 0
209 431946 1 0 1 146 0 1 0 0
209 432074 1 0 1 161 0 1 0 0
209 432952 1 0 1 273 0 1 0 0
209 433065 1 0 1 286 0 1 0 0
209 433390 1 0 1 325 0 1 0 0
209 433957 1 0 1 401 0 1 0 0
209 434233 1 0 1 435 0 1 0 0
209 434874 1 0 1 499 0 1 0 0
209 435084 1 0 1 525 0 1 0 0
209 437499 1 0 1 924 0 1 0 0
209 441721 1 0 1 1521 0 1 0 0
209 441797 1 0 1 1533 0 1 0 0
209 442127 1 0 1 1579 0 1 0 0
209 442188 1 0 1 1587 0 1 0 0
209 442683 1 0 1 1652 0 1 0 0
209 443336 1 0 1 1738 0 1 0 0
209 444255 1 0 1 1873 0 1 0 0
209 444693 1 0 1 1931 0 1 0 0
209 446884 1 0 1 2235 0 1 0 0
209 448870 1 0 1 2799 0 1 0 0
209 460196 1 0 1 17 0 1 0 0
209 460365 1 0 1 27 0 1 0 0
209 460709 1 0 1 68 0 1 0 0
209 460803 1 0 1 75 0 1 0 0
209 460805 1 0 1 75 0 1 0 0
209 461085 1 0 1 151 0 1 0 0
209 461136 1 0 1 160 0 1 0 0
209 461156 1 0 1 163 0 1 0 0
209 461191 1 0 1 170 0 1 0 0
209 461281 1 0 1 4441 0 1 0 0
209 461449 1 0 1 208 0 1 0 0
209 461532 1 0 1 219 0 1 0 0
209 461559 1 0 1 224 0 1 0 0
209 461975 1 0 1 283 0 1 0 0
209 462225 1 0 1 4581 0 1 0 0
209 462413 1 0 1 348 0 1 0 0
209 462893 1 0 1 477 0 1 0 0
209 464311 1 0 1 753 0 1 0 0
209 465047 1 0 1 849 0 1 0 0
209 465336 1 0 1 890 0 1 0 0
209 466014 1 0 1 981 0 1 0 0
209 467339 1 0 1 1185 0 1 0 0
209 467392 1 0 1 1193 0 1 0 0
209 469109 1 0 1 1471 0 1 0 0
209 471019 1 0 1 1813 0 1 0 0
209 471858 1 0 1 1933 0 1 0 0
209 471932 1 0 1 1963 0 1 0 0
209 475582 1 0 1 2621 0 1 0 0
270 1374 1 0 1 1607 0 1 0 0
270 23205 1 0 1 1966 0 1 0 0
270 90595 1 0 1 2288 0 1 0 0
270 138242 1 0 1 576 0 1 0 0
270 189930 1 0 1 318 0 1 0 0
270 214706 1 0 1 1743 0 1 0 0
270 255383 1 0 1 321 0 1 0 0
270 273104 1 0 1 12 0 1 0 0
270 463703 1 0 1 52 0 1 0 0
270 475554 1 0 1 2087 0 1 0 0
445483 446806 1 0 1 182 0 1 0 0
322 212015 0 1 1 0 34 0 1 0
322 256406 0 1 1 0 58 0 1 0
322 312706 0 1 1 0 68 0 1 0
322 385984 0 1 1 0 43 0 1 0
322 389625 0 1 1 0 62 0 1 0
322 409437 0 1 1 0 25 0 1 0
322 435543 0 1 1 0 51 0 1 0
322 435844 0 1 1 0 91 0 1 0
322 436022 0 1 1 0 33 0 1 0
322 436026 0 1 1 0 27 0 1 0
322 436029 0 1 1 0 21 0 1 0
322 436272 0 1 1 0 128 0 1 0
322 436280 0 1 1 0 115 0 1 0
322 436835 0 1 1 0 113 0 1 0
322 436862 0 1 1 0 103 0 1 0
322 436892 0 1 1 0 92 0 1 0
322 436928 0 1 1 0 77 0 1 0
322 437102 0 1 1 0 25 0 1 0
356493 425392 0 1 1 0 233 0 1 0
379 9030 0 1 1 0 44 0 1 0
392 463 2 0 2 63 0 2 0 0
392 757 1 0 1 2612 0 1 0 0
392 769 1 0 1 2105 0 1 0 0
392 783 1 0 1 867 0 1 0 0
392 4501 1 0 1 90 0 1 0 0
392 6559 1 0 1 3119 0 1 0 0
392 6993 1 0 1 412 0 1 0 0
392 7361 2 0 2 3595 0 2 0 0
392 14654 1 0 1 4051 0 1 0 0
392 14897 1 0 1 321 0 1 0 0
392 16528 1 0 1 140 0 1 0 0
392 17930 2 0 2 1664 0 2 0 0
392 27927 1 0 1 2285 0 1 0 0
392 30126 1 0 1 386 0 1 0 0
392 31464 1 0 1 2101 0 1 0 0
392 36540 1 0 1 118 0 1 0 0
392 41842 1 0 1 412 0 1 0 0
392 71513 1 0 1 67 0 1 0 0
392 118647 1 0 1 3609 0 1 0 0
392 143968 1 0 1 114 0 1 0 0
392 149216 1 0 1 94 0 1 0 0
392 152550 1 0 1 115 0 1 0 0
392 175439 1 0 1 373 0 1 0 0
392 181537 1 0 1 307 0 1 0 0
392 182302 1 0 1 1134 0 1 0 0
392 183136 1 0 1 366 0 1 0 0
392 224870 1 0 1 1674 0 1 0 0
392 226086 1 0 1 1860 0 1 0 0
392 228158 1 0 1 3694 0 1 0 0
392 236244 1 0 1 3640 0 1 0 0
392 240072 1 0 1 3852 0 1 0 0
392 240772 1 0 1 3018 0 1 0 0
392 240866 1 0 1 3690 0 1 0 0
392 241051 1 0 1 1653 0 1 0 0
392 244545 1 0 1 1781 0 1 0 0
392 247241 1 0 1 131 0 1 0 0
392 247296 1 0 1 73 0 1 0 0
392 249284 1 0 1 39 0 1 0 0
392 253322 1 0 1 2412 0 1 0 0
392 255176 1 0 1 889 0 1 0 0
392 255694 1 0 1 592 0 1 0 0
392 256250 1 0 1 4214 0 1 0 0
392 256367 1 0 1 281 0 1 0 0
392 263162 1 0 1 2508 0 1 0 0
392 263580 1 0 1 26 0 1 0 0
392 264058 1 0 1 640 0 1 0 0
392 266149 1 0 1 973 0 1 0 0
392 267752 1 0 1 121 0 1 0 0
392 268089 1 0 1 154 0 1 0 0
392 269610 1 0 1 1823 0 1 0 0
392 273317 1 0 1 722 0 1 0 0
392 273401 1 0 1 343 0 1 0 0
392 274535 1 0 1 741 0 1 0 0
392 275885 1 0 1 523 0 1 0 0
392 283595 1 0 1 2489 0 1 0 0
392 285915 1 0 1 1106 0 1 0 0
392 288685 1 0 1 2663 0 1 0 0
392 289712 1 0 1 74 0 1 0 0
392 296064 1 0 1 2537 0 1 0 0
392 305401 1 0 1 16 0 1 0 0
392 311531 1 0 1 142 0 1 0 0
392 324404 1 0 1 27 0 1 0 0
392 325848 1 0 1 292 0 1 0 0
392 326313 1 0 1 1075 0 1 0 0
392 329451 1 0 1 24 0 1 0 0
392 329475 1 0 1 151 0 1 0 0
392 367412 1 0 1 406 0 1 0 0
392 397434 1 0 1 363 0 1 0 0
392 398866 1 0 1 247 0 1 0 0
392 415085 1 0 1 270 0 1 0 0
392 421449 1 0 1 115 0 1 0 0
392 439200 1 0 1 1162 0 1 0 0
392 447782 1 0 1 446 0 1 0 0
392 448053 2 0 2 53 0 2 0 0
392 448055 2 0 2 76 0 2 0 0
392 448133 1 0 1 27 0 1 0 0
392 448164 2 0 2 403 0 2 0 0
392 448212 1 0 1 37 0 1 0 0
392 448266 1 0 1 128 0 1 0 0
392 448294 2 0 2 112 0 2 0 0
392 448339 1 0 1 54 0 1 0 0
392 448344 1 0 1 56 0 1 0 0
392 448373 1 0 1 60 0 1 0 0
392 448406 1 0 1 63 0 1 0 0
392 448527 1 0 1 80 0 1 0 0
392 448564 1 0 1 84 0 1 0 0
392 448586 1 0 1 86 0 1 0 0
392 448595 1 0 1 64 0 1 0 0
392 448731 1 0 1 112 0 1 0 0
392 448790 2 0 2 268 0 2 0 0
392 448823 1 0 1 124 0 1 0 0
392 448870 1 0 1 393 0 1 0 0
392 449055 1 0 1 192 0 1 0 0
392 449321 1 0 1 226 0 1 0 0
392 449355 1 0 1 229 0 1 0 0
392 449432 1 0 1 238 0 1 0 0
392 449475 1 0 1 243 0 1 0 0
392 449525 2 0 2 2424 0 2 0 0
392 449641 1 0 1 266 0 1 0 0
392 450079 1 0 1 80 0 1 0 0
392 450118 1 0 1 84 0 1 0 0
392 450236 1 0 1 342 0 1 0 0
392 450288 1 0 1 108 0 1 0 0
392 450297 1 0 1 108 0 1 0 0
392 450394 1 0 1 119 0 1 0 0
392 450453 1 0 1 126 0 1 0 0
392 450458 1 0 1 127 0 1 0 0
392 450462 1 0 1 128 0 1 0 0
392 450707 1 0 1 157 0 1 0 0
392 450810 1 0 1 170 0 1 0 0
392 451014 1 0 1 194 0 1 0 0
392 451385 1 0 1 248 0 1 0 0
392 451472 1 0 1 261 0 1 0 0
392 451533 1 0 1 271 0 1 0 0
392 451626 2 0 2 1067 0 2 0 0
392 451664 1 0 1 286 0 1 0 0
392 452092 1 0 1 340 0 1 0 0
392 452116 1 0 1 344 0 1 0 0
392 452135 1 0 1 585 0 1 0 0
392 452156 1 0 1 350 0 1 0 0
392 452394 1 0 1 375 0 1 0 0
392 452724 1 0 1 419 0 1 0 0
392 452969 1 0 1 453 0 1 0 0
392 452996 1 0 1 456 0 1 0 0
392 453004 1 0 1 457 0 1 0 0
392 453913 1 0 1 561 0 1 0 0
392 453937 1 0 1 564 0 1 0 0
392 454306 1 0 1 607 0 1 0 0
392 455053 1 0 1 700 0 1 0 0
392 455424 1 0 1 747 0 1 0 0
392 455529 1 0 1 758 0 1 0 0
392 457559 1 0 1 1024 0 1 0 0
392 458445 1 0 1 1181 0 1 0 0
392 458549 1 0 1 1193 0 1 0 0
392 458562 1 0 1 1236 0 1 0 0
392 459423 1 0 1 1596 0 1 0 0
392 462913 1 0 1 2109 0 1 0 0
392 464773 1 0 1 2441 0 1 0 0
392 466836 1 0 1 2748 0 1 0 0
392 468024 1 0 1 2904 0 1 0 0
392 468557 1 0 1 2976 0 1 0 0
392 468581 1 0 1 2980 0 1 0 0
392 469181 1 0 1 3111 0 1 0 0
392 469808 1 0 1 3195 0 1 0 0
392 470261 1 0 1 3260 0 1 0 0
392 474167 1 0 1 3970 0 1 0 0
392 474876 1 0 1 4186 0 1 0 0
267606 401951 1 0 1 88 0 1 0 0
267606 465197 1 0 1 137 0 1 0 0
267606 467981 1 0 1 537 0 1 0 0
267631 443474 1 0 1 4858 0 1 0 0
267631 448365 1 0 1 1440 0 1 0 0
267631 468631 1 0 1 4611 0 1 0 0
267631 475335 1 0 1 5819 0 1 0 0
554 455699 0 1 1 0 283 0 1 0
615 5221 0 1 1 0 18 0 1 0
712 455699 0 1 1 0 1241 0 1 0
713 440996 1 0 1 208 0 1 0 0
713 469616 1 0 1 4624 0 1 0 0
445935 447409 1 0 1 204 0 1 0 0
445964 449729 1 0 1 417 0 1 0 0
791 242572 1 0 1 349 0 1 0 0
791 466445 1 0 1 53 0 1 0 0
446044 448964 1 0 1 453 0 1 0 0
969 2111 1 0 1 1771 0 1 0 0
969 57547 1 0 1 3085 0 1 0 0
969 457430 1 0 1 41 0 1 0 0
969 460158 1 0 1 668 0 1 0 0
1051 36601 1 0 1 1259 0 1 0 0
1051 38203 1 0 1 2441 0 1 0 0
1051 460350 1 0 1 1926 0 1 0 0
1051 460690 1 0 1 9 0 1 0 0
1051 461058 1 0 1 89 0 1 0 0
1051 461152 1 0 1 104 0 1 0 0
1051 462011 1 0 1 233 0 1 0 0
1051 462019 1 0 1 235 0 1 0 0
1051 462108 1 0 1 249 0 1 0 0
1051 462901 1 0 1 420 0 1 0 0
1051 466467 1 0 1 977 0 1 0 0
1051 466723 1 0 1 1046 0 1 0 0
1051 475008 1 0 1 2438 0 1 0 0
179159 455699 0 1 1 0 1769 0 1 0
268202 306521 0 1 1 0 16 0 1 0
1112 445008 0 1 1 0 50 0 1 0
1182 5530 1 0 1 3159 0 1 0 0
1182 456590 1 0 1 33 0 1 0 0
1182 456751 1 0 1 52 0 1 0 0
1182 457120 1 0 1 89 0 1 0 0
1182 457687 1 0 1 158 0 1 0 0
1182 458765 1 0 1 486 0 1 0 0
1182 460045 1 0 1 738 0 1 0 0
1182 465588 1 0 1 1661 0 1 0 0
1182 468889 1 0 1 2138 0 1 0 0
1182 473720 1 0 1 3092 0 1 0 0
1182 475499 1 0 1 3350 0 1 0 0
446387 448108 1 0 1 249 0 1 0 0
357397 458657 0 1 1 0 1380 0 1 0
446448 446449 0 1 1 0 70 0 1 0
446609 464956 0 1 1 0 2304 0 1 0
1465 313737 0 1 1 0 2537 0 1 0
1488 472904 1 0 1 1159 0 1 0 0
1662 5938 1 0 1 328 0 1 0 0
447061 447833 1 0 1 117 0 1 0 0
447061 448013 1 0 1 142 0 1 0 0
447061 448363 1 0 1 190 0 1 0 0
447061 450488 1 0 1 502 0 1 0 0
447061 450774 0 1 1 0 169 0 1 0
447061 450934 1 0 1 554 0 1 0 0
447061 451330 1 0 1 611 0 1 0 0
447061 452525 1 0 1 767 0 1 0 0
447061 452604 1 0 1 840 0 1 0 0
447061 453339 1 0 1 867 0 1 0 0
447061 454109 1 0 1 957 0 1 0 0
447061 460645 1 0 1 2062 0 1 0 0
447061 462582 1 0 1 2377 0 1 0 0
447061 464453 1 0 1 2773 0 1 0 0
447061 464782 1 0 1 2813 0 1 0 0
447061 471309 1 0 1 3857 0 1 0 0
447061 473539 1 0 1 4224 0 1 0 0
447061 475178 1 0 1 4533 0 1 0 0
447061 476641 1 0 1 4818 0 1 0 0
447061 476786 1 0 1 4856 0 1 0 0
179942 448928 1 0 1 19 0 1 0 0
90911 464356 0 1 1 0 628 0 1 0
1906 261292 0 1 1 0 2668 0 1 0
1916 450658 0 1 1 0 305 0 1 0
447172 472719 1 0 1 4039 0 1 0 0
2035 11470 1 0 1 438 0 1 0 0
2035 22149 1 0 1 2175 0 1 0 0
2091 465461 0 1 1 0 87 0 1 0
2102 232576 1 0 1 1422 0 1 0 0
2102 247252 1 0 1 370 0 1 0 0
2102 340927 1 0 1 26 0 1 0 0
2102 354191 1 0 1 17 0 1 0 0
2102 397365 1 0 1 12 0 1 0 0
2102 398227 1 0 1 167 0 1 0 0
2102 398451 1 0 1 171 0 1 0 0
2102 399631 1 0 1 41 0 1 0 0
2102 469523 1 0 1 22 0 1 0 0
2102 469782 1 0 1 58 0 1 0 0
2102 469797 1 0 1 60 0 1 0 0
2102 472570 1 0 1 532 0 1 0 0
2102 472700 1 0 1 552 0 1 0 0
2102 472705 1 0 1 553 0 1 0 0
2102 474939 1 0 1 980 0 1 0 0
2126 18028 0 1 1 0 255 0 1 0
2126 21644 0 1 1 0 115 0 1 0
2181 25224 1 0 1 1714 0 1 0 0
2181 50622 1 0 1 34 0 1 0 0
2181 460250 1 0 1 69 0 1 0 0
2181 466929 1 0 1 1187 0 1 0 0
2197 21644 0 1 1 0 364 0 1 0
2220 435833 0 1 1 0 22 0 1 0
447477 461185 1 0 1 2108 0 1 0 0
447491 451186 0 1 1 0 303 0 1 0
2337 93512 1 0 1 2251 0 1 0 0
2337 97408 1 0 1 610 0 1 0 0
2337 121236 1 0 1 127 0 1 0 0
2337 149316 1 0 1 136 0 1 0 0
2337 208319 1 0 1 14 0 1 0 0
2337 217808 1 0 1 141 0 1 0 0
2337 470577 1 0 1 2272 0 1 0 0
2337 474976 1 0 1 3334 0 1 0 0
358516 458657 0 1 1 0 1202 0 1 0
2353 18028 0 1 1 0 268 0 1 0
2353 21644 0 1 1 0 385 0 1 0
2381 256980 1 0 1 42 0 1 0 0
2518 94387 1 0 1 128 0 1 0 0
2518 429248 1 0 1 12 0 1 0 0
2518 452330 1 0 1 14 0 1 0 0
2577 391538 0 1 1 0 55 0 1 0
2577 465564 0 1 1 0 257 0 1 0
2625 391538 0 1 1 0 39 0 1 0
447926 448652 1 0 1 98 0 1 0 0
2764 3348 1 0 1 97 0 1 0 0
2764 444602 1 0 1 31 0 1 0 0
448059 448060 0 1 1 0 1430 0 1 0
448060 459377 1 0 1 3196 0 1 0 0
448113 448114 0 2 2 0 90 0 2 0
448371 448372 0 1 1 0 1285 0 1 0
92213 261292 0 2 2 0 2441 0 2 0
448430 454887 0 1 1 0 460 0 1 0
448496 449708 1 0 1 197 0 1 0 0
3377 32503 1 0 1 173 0 1 0 0
3377 461344 1 0 1 406 0 1 0 0
3377 463941 1 0 1 285 0 1 0 0
3377 468865 1 0 1 1021 0 1 0 0
3377 476741 1 0 1 2476 0 1 0 0
181537 441300 0 1 1 0 103 0 1 0
92507 162289 0 1 1 0 30 0 1 0
448690 448785 0 1 1 0 728 0 1 0
3597 12463 0 1 1 0 2032 0 1 0
448807 454887 0 1 1 0 413 0 1 0
3613 162289 0 1 1 0 644 0 1 0
3613 313737 0 1 1 0 185 0 1 0
3683 431843 0 1 1 0 26 0 1 0
3683 434026 0 1 1 0 47 0 1 0
3694 196118 0 1 1 0 67 0 1 0
271021 459920 1 0 1 38 0 1 0 0
271021 470676 1 0 1 1747 0 1 0 0
3909 261292 0 1 1 0 2141 0 1 0
449135 449258 1 0 1 18 0 1 0 0
449135 449338 1 0 1 28 0 1 0 0
449135 451611 2 0 2 324 0 2 0 0
449135 452324 1 0 1 93 0 1 0 0
449135 452328 1 0 1 94 0 1 0 0
449141 454367 1 0 1 653 0 1 0 0
3991 4299 1 0 1 1603 0 1 0 0
3991 9846 1 0 1 247 0 1 0 0
3991 26633 1 0 1 1053 0 1 0 0
3991 41707 1 0 1 125 0 1 0 0
3991 42443 1 0 1 97 0 1 0 0
3991 93484 1 0 1 432 0 1 0 0
3991 195479 2 0 2 3992 0 2 0 0
3991 244328 1 0 1 83 0 1 0 0
3991 274054 2 0 2 570 0 2 0 0
3991 454663 1 0 1 37 0 1 0 0
3991 462866 1 0 1 65 0 1 0 0
3991 462868 2 0 2 226 0 2 0 0
3991 462883 2 0 2 118 0 2 0 0
3991 462889 1 0 1 68 0 1 0 0
3991 462917 2 0 2 557 0 2 0 0
3991 462929 2 0 2 559 0 2 0 0
3991 462941 2 0 2 119 0 2 0 0
3991 462945 1 0 1 74 0 1 0 0
3991 462954 1 0 1 76 0 1 0 0
3991 462960 1 0 1 77 0 1 0 0
3991 462966 1 0 1 77 0 1 0 0
3991 462980 2 0 2 250 0 2 0 0
3991 462998 2 0 2 528 0 2 0 0
3991 463016 1 0 1 83 0 1 0 0
3991 463018 2 0 2 117 0 2 0 0
3991 463028 2 0 2 575 0 2 0 0
3991 464415 1 0 1 359 0 1 0 0
3991 464420 2 0 2 410 0 2 0 0
3991 464433 1 0 1 362 0 1 0 0
3991 464457 1 0 1 364 0 1 0 0
3991 464461 1 0 1 365 0 1 0 0
3991 464465 1 0 1 365 0 1 0 0
3991 464479 2 0 2 858 0 2 0 0
3991 464494 2 0 2 417 0 2 0 0
3991 464501 1 0 1 370 0 1 0 0
3991 464503 1 0 1 370 0 1 0 0
3991 464539 2 0 2 554 0 2 0 0
3991 464550 1 0 1 377 0 1 0 0
3991 464578 1 0 1 379 0 1 0 0
3991 464580 1 0 1 379 0 1 0 0
3991 464589 1 0 1 380 0 1 0 0
3991 464596 1 0 1 381 0 1 0 0
3991 464606 2 0 2 562 0 2 0 0
3991 464612 2 0 2 859 0 2 0 0
3991 464617 1 0 1 385 0 1 0 0
3991 464627 1 0 1 385 0 1 0 0
3991 464633 2 0 2 538 0 2 0 0
3991 464669 1 0 1 390 0 1 0 0
3991 464672 1 0 1 391 0 1 0 0
3991 464677 2 0 2 834 0 2 0 0
3991 464722 1 0 1 395 0 1 0 0
3991 464735 1 0 1 396 0 1 0 0
3991 464741 1 0 1 397 0 1 0 0
3991 464767 1 0 1 402 0 1 0 0
3991 464771 1 0 1 403 0 1 0 0
3991 464775 2 0 2 892 0 2 0 0
3991 464790 2 0 2 873 0 2 0 0
3991 464807 1 0 1 406 0 1 0 0
3991 464823 2 0 2 581 0 2 0 0
3991 464833 2 0 2 898 0 2 0 0
3991 464840 2 0 2 458 0 2 0 0
3991 464864 2 0 2 864 0 2 0 0
3991 464885 1 0 1 417 0 1 0 0
3991 464961 1 0 1 427 0 1 0 0
3991 464969 1 0 1 429 0 1 0 0
3991 466525 1 0 1 29 0 1 0 0
3991 466542 1 0 1 31 0 1 0 0
3991 466551 1 0 1 33 0 1 0 0
3991 466553 1 0 1 34 0 1 0 0
3991 466620 1 0 1 40 0 1 0 0
3991 466624 1 0 1 41 0 1 0 0
3991 466638 1 0 1 41 0 1 0 0
3991 466667 1 0 1 44 0 1 0 0
3991 466682 1 0 1 45 0 1 0 0
3991 466713 1 0 1 49 0 1 0 0
3991 466725 1 0 1 50 0 1 0 0
3991 466743 1 0 1 51 0 1 0 0
3991 466766 1 0 1 54 0 1 0 0
3991 466961 1 0 1 82 0 1 0 0
3991 467513 1 0 1 153 0 1 0 0
3991 467533 1 0 1 155 0 1 0 0
3991 467551 1 0 1 157 0 1 0 0
3991 467577 1 0 1 161 0 1 0 0
3991 467581 1 0 1 161 0 1 0 0
3991 467612 1 0 1 166 0 1 0 0
3991 467618 1 0 1 166 0 1 0 0
3991 467655 1 0 1 169 0 1 0 0
3991 467683 1 0 1 172 0 1 0 0
3991 467701 1 0 1 174 0 1 0 0
3991 467709 1 0 1 175 0 1 0 0
3991 467734 1 0 1 177 0 1 0 0
3991 467760 1 0 1 179 0 1 0 0
3991 468643 1 0 1 950 0 1 0 0
3991 469304 1 0 1 446 0 1 0 0
3991 469308 1 0 1 447 0 1 0 0
3991 469346 1 0 1 452 0 1 0 0
3991 469392 1 0 1 457 0 1 0 0
3991 469411 1 0 1 459 0 1 0 0
3991 469419 1 0 1 460 0 1 0 0
3991 469432 1 0 1 462 0 1 0 0
3991 469461 1 0 1 466 0 1 0 0
3991 469463 1 0 1 466 0 1 0 0
3991 469470 1 0 1 467 0 1 0 0
3991 469476 1 0 1 468 0 1 0 0
3991 469508 1 0 1 471 0 1 0 0
3991 469521 1 0 1 472 0 1 0 0
3991 469543 1 0 1 474 0 1 0 0
3991 469586 1 0 1 479 0 1 0 0
3991 469629 1 0 1 485 0 1 0 0
3991 471263 1 0 1 794 0 1 0 0
3991 472644 1 0 1 1013 0 1 0 0
3991 472753 1 0 1 1676 0 1 0 0
3991 473036 1 0 1 1054 0 1 0 0
3991 475938 1 0 1 2283 0 1 0 0
449227 453193 1 0 1 507 0 1 0 0
449257 451648 1 0 1 306 0 1 0 0
449257 460476 1 0 1 1691 0 1 0 0
4108 267252 0 1 1 0 257 0 1 0
449319 452366 1 0 1 386 0 1 0 0
4125 47688 0 1 1 0 185 0 1 0
4163 12463 0 1 1 0 2414 0 1 0
4288 464600 1 0 1 3020 0 1 0 0
4299 162289 0 1 1 0 2419 0 1 0
93371 436374 0 1 1 0 39 0 1 0
93371 454807 1 0 1 341 0 1 0 0
93371 466000 1 0 1 467 0 1 0 0
93371 467260 1 0 1 2475 0 1 0 0
93371 472113 1 2 3 330 539 1 2 0
93371 472572 1 0 1 3339 0 1 0 0
4419 12463 0 1 1 0 466 0 1 0
4501 11629 0 1 1 0 13 0 1 0
4501 14664 2 0 2 9023 0 2 0 0
4501 52305 1 0 1 1048 0 1 0 0
4501 59926 1 0 1 345 0 1 0 0
4501 78788 8 0 8 2174 0 8 0 0
4501 79384 1 0 1 720 0 1 0 0
4501 94697 1 0 1 22 0 1 0 0
4501 113006 7 0 7 19013 0 7 0 0
4501 173332 1 0 1 3101 0 1 0 0
4501 179159 1 0 1 1694 0 1 0 0
4501 210651 1 0 1 321 0 1 0 0
4501 218705 2 0 2 1276 0 2 0 0
4501 269019 2 0 2 9208 0 2 0 0
4501 327769 5 0 5 6626 0 5 0 0
4501 329411 1 0 1 92 0 1 0 0
4501 371749 1 0 1 752 0 1 0 0
4501 396848 1 0 1 4477 0 1 0 0
4501 441021 1 0 1 40 0 1 0 0
4501 447922 1 0 1 111 0 1 0 0
4501 449838 1 0 1 316 0 1 0 0
4501 450043 1 0 1 344 0 1 0 0
4501 451679 1 0 1 555 0 1 0 0
4501 460101 1 0 1 1898 0 1 0 0
4501 461661 1 0 1 2134 0 1 0 0
4501 461787 1 0 1 912 0 1 0 0
4501 463131 1 0 1 2402 0 1 0 0
4501 465221 1 0 1 2771 0 1 0 0
4501 465890 1 0 1 399 0 1 0 0
4501 468076 3 0 3 11356 0 3 0 0
4501 470986 1 0 1 2427 0 1 0 0
4501 472376 1 0 1 2663 0 1 0 0
449808 449809 0 1 1 0 1230 0 1 0
449809 459585 1 0 1 2754 0 1 0 0
4627 449135 0 2 2 0 116 0 2 0
182879 437973 0 1 1 0 529 0 1 0
182879 443561 0 1 1 0 4183 0 1 0
93845 340995 1 0 1 42 0 1 0 0
182924 476445 1 0 1 3494 0 1 0 0
4853 11288 1 0 1 5 0 1 0 0
4853 15389 1 0 1 1581 0 1 0 0
4853 470064 1 0 1 384 0 1 0 0
4853 471580 1 0 1 677 0 1 0 0
4860 5104 1 0 1 4998 0 1 0 0
93909 462509 0 1 1 0 264 0 1 0
4907 439031 0 1 1 0 1329 0 1 0
4937 116873 0 1 1 0 3575 0 1 0
450181 450256 1 0 1 11 0 1 0 0
5284 12463 0 1 1 0 153 0 1 0
450622 450623 0 1 1 0 1320 0 1 0
450623 451101 1 0 1 1381 0 1 0 0
272557 445008 0 1 1 0 31 0 1 0
450658 454666 1 0 1 499 0 1 0 0
450658 455830 1 0 1 683 0 1 0 0
450658 458117 1 0 1 988 0 1 0 0
450680 450681 0 1 1 0 1943 0 1 0
450737 454056 1 0 1 419 0 1 0 0
5610 11694 0 3 3 0 4545 0 3 0
5610 441300 0 1 1 0 841 0 1 0
450873 451490 1 0 1 87 0 1 0 0
5774 12463 0 1 1 0 2006 0 1 0
451054 461332 1 0 1 1619 0 1 0 0
451063 464729 1 0 1 2231 0 1 0 0
451066 461605 1 0 1 1656 0 1 0 0
94951 433606 1 0 1 294 0 1 0 0
5919 457329 1 0 1 1617 0 1 0 0
5919 457623 1 0 1 1655 0 1 0 0
5919 457833 1 0 1 1685 0 1 0 0
5932 309309 2 0 2 1280 0 2 0 0
5932 463758 1 0 1 504 0 1 0 0
5932 465357 1 0 1 1102 0 1 0 0
5938 185122 0 1 1 0 450 0 1 0
451186 451266 1 0 1 12 0 1 0 0
451186 451769 1 0 1 80 0 1 0 0
451186 451935 1 0 1 103 0 1 0 0
451186 453370 1 0 1 279 0 1 0 0
451186 454088 1 0 1 364 0 1 0 0
451186 454244 1 0 1 380 0 1 0 0
451186 465118 1 0 1 2266 0 1 0 0
451186 465137 1 0 1 2269 0 1 0 0
451186 468132 1 0 1 2700 0 1 0 0
451186 474796 1 0 1 3871 0 1 0 0
273146 443818 1 0 1 136 0 1 0 0
451255 451705 1 0 1 61 0 1 0 0
451255 456497 1 0 1 677 0 1 0 0
6058 175355 0 1 1 0 5009 0 1 0
6158 46801 0 1 1 0 166 0 1 0
6174 319048 0 1 1 0 84 0 1 0
6175 162289 0 1 1 0 3687 0 1 0
6183 162289 0 1 1 0 977 0 1 0
6183 220040 0 1 1 0 1693 0 1 0
6183 313737 0 1 1 0 318 0 1 0
6183 438824 0 1 1 0 5 0 1 0
6241 11892 1 0 1 888 0 1 0 0
6241 93340 1 0 1 701 0 1 0 0
6241 200739 1 0 1 888 0 1 0 0
6241 470579 1 0 1 329 0 1 0 0
451457 465740 1 0 1 2310 0 1 0 0
6274 267252 0 1 1 0 178 0 1 0
6275 12463 0 1 1 0 350 0 1 0
273505 458657 0 1 1 0 2990 0 1 0
6396 458651 0 1 1 0 1109 0 1 0
6453 438473 0 1 1 0 220 0 1 0
451750 452812 1 0 1 133 0 1 0 0
451750 453628 1 0 1 230 0 1 0 0
451752 465154 1 0 1 2195 0 1 0 0
451752 470730 1 0 1 3024 0 1 0 0
451752 473747 1 0 1 3594 0 1 0 0
95593 455699 0 1 1 0 3546 0 1 0
6611 465461 0 1 1 0 2 0 1 0
95658 454904 0 1 1 0 206 0 1 0
184848 454887 0 1 1 0 131 0 1 0
6983 368711 1 0 1 52 0 1 0 0
6990 85574 0 1 1 0 3079 0 1 0
6993 12463 0 1 1 0 112 0 1 0
6993 162289 0 2 2 0 934 0 2 0
363180 390151 1 0 1 680 0 1 0 0
363180 457779 1 0 1 128 0 1 0 0
185122 471947 1 0 1 838 0 1 0 0
185122 475885 1 0 1 1598 0 1 0 0
96103 454887 0 1 1 0 298 0 1 0
452382 454495 1 0 1 256 0 1 0 0
452382 455103 1 0 1 331 0 1 0 0
7271 464356 0 1 1 0 80 0 1 0
7301 454887 0 1 1 0 217 0 1 0
7361 261292 0 1 1 0 981 0 1 0
7361 454887 0 1 1 0 980 0 1 0
7361 455699 0 1 1 0 928 0 1 0
452686 452971 1 0 1 39 0 1 0 0
452686 453648 1 0 1 115 0 1 0 0
452710 471945 1 0 1 3157 0 1 0 0
452789 464356 0 1 1 0 1282 0 1 0
452798 455771 1 0 1 356 0 1 0 0
7666 442403 1 0 1 1322 0 1 0 0
7752 473125 1 0 1 4687 0 1 0 0
96796 319048 0 2 2 0 1139 0 2 0
7800 7891 1 0 1 23 0 1 0 0
7867 8298 0 1 1 0 113 0 1 0
7940 162289 0 1 1 0 1485 0 1 0
7951 475092 0 1 1 0 51 0 1 0
8068 466338 1 0 1 3408 0 1 0 0
453335 471745 1 0 1 3052 0 1 0 0
8282 460572 1 0 1 705 0 1 0 0
97502 441300 0 1 1 0 651 0 1 0
453707 454073 1 0 1 47 0 1 0 0
453707 463180 1 0 1 1606 0 1 0 0
453769 454902 1 0 1 140 0 1 0 0
453780 460065 1 0 1 1083 0 1 0 0
8610 319048 0 1 1 0 23 0 1 0
8661 467479 0 1 1 0 420 0 1 0
364852 458657 0 1 1 0 2733 0 1 0
454102 454938 1 0 1 101 0 1 0 0
454102 454940 1 0 1 101 0 1 0 0
8955 435833 0 1 1 0 26 0 1 0
454172 456127 1 0 1 275 0 1 0 0
9030 87030 1 0 1 1504 0 1 0 0
187224 462445 0 1 1 0 207 0 1 0
9161 455174 1 0 1 871 0 1 0 0
9161 455362 1 0 1 894 0 1 0 0
9184 464250 1 0 1 3447 0 1 0 0
9214 435833 0 1 1 0 436 0 1 0
454457 461187 1 0 1 1173 0 1 0 0
9327 9494 0 1 1 0 258 0 1 0
9455 12463 0 1 1 0 341 0 1 0
454698 476394 1 0 1 3752 0 1 0 0
9494 78302 1 0 1 859 0 1 0 0
9494 99818 1 0 1 3722 0 1 0 0
9494 285406 1 0 1 3448 0 1 0 0
9494 306006 1 0 1 70 0 1 0 0
9494 462274 1 0 1 1171 0 1 0 0
365749 455699 0 1 1 0 107 0 1 0
454887 455119 1 0 1 29 0 1 0 0
454887 455179 1 0 1 37 0 1 0 0
454887 455392 1 0 1 63 0 1 0 0
454887 455398 1 0 1 33 0 1 0 0
454887 455465 1 0 1 40 0 1 0 0
454887 455714 1 0 1 70 0 1 0 0
454887 456083 1 0 1 153 0 1 0 0
454887 456607 1 0 1 211 0 1 0 0
454887 456676 1 0 1 220 0 1 0 0
454887 456689 1 0 1 222 0 1 0 0
454887 456878 1 0 1 240 0 1 0 0
454887 456887 1 0 1 240 0 1 0 0
454887 457191 1 0 1 272 0 1 0 0
454887 457248 1 0 1 309 0 1 0 0
454887 457289 1 0 1 282 0 1 0 0
454887 458314 1 0 1 455 0 1 0 0
454887 458771 1 0 1 663 0 1 0 0
454887 459187 1 0 1 812 0 1 0 0
454887 459262 1 0 1 820 0 1 0 0
454887 459646 1 0 1 865 0 1 0 0
454887 460328 1 0 1 941 0 1 0 0
454887 460548 2 0 2 2075 0 2 0 0
454887 464486 1 0 1 1696 0 1 0 0
454887 464492 1 0 1 1696 0 1 0 0
454887 464982 1 0 1 1855 0 1 0 0
454887 465176 1 0 1 1784 0 1 0 0
454887 465624 1 0 1 1842 0 1 0 0
454887 465715 1 0 1 1855 0 1 0 0
454887 466704 1 0 1 2053 0 1 0 0
454887 466945 1 0 1 2054 0 1 0 0
454887 467809 1 0 1 2162 0 1 0 0
454887 468344 1 0 1 2238 0 1 0 0
454887 468368 1 0 1 2240 0 1 0 0
454887 469231 1 0 1 2409 0 1 0 0
454887 470299 1 0 1 2555 0 1 0 0
454887 471354 2 0 2 5660 0 2 0 0
454887 471638 1 0 1 2822 0 1 0 0
454887 472675 1 0 1 2973 0 1 0 0
454887 473615 1 0 1 3153 0 1 0 0
454900 454901 0 1 1 0 1442 0 1 0
454904 455535 1 0 1 77 0 1 0 0
454904 456148 1 0 1 188 0 1 0 0
9774 441300 0 1 1 0 5419 0 1 0
454997 468796 1 0 1 2317 0 1 0 0
10036 25247 0 1 1 0 2692 0 1 0
455455 456201 1 0 1 127 0 1 0 0
455455 470252 1 0 1 2510 0 1 0 0
99318 463873 1 0 1 3483 0 1 0 0
99520 242572 1 0 1 151 0 1 0 0
455699 455738 1 0 1 6 0 1 0 0
455699 455860 1 0 1 61 0 1 0 0
455699 455884 1 0 1 64 0 1 0 0
455699 455886 1 0 1 64 0 1 0 0
455699 455922 1 0 1 67 0 1 0 0
455699 455926 1 0 1 70 0 1 0 0
455699 455938 1 0 1 69 0 1 0 0
455699 455979 1 0 1 73 0 1 0 0
455699 456004 1 0 1 76 0 1 0 0
455699 456097 1 0 1 88 0 1 0 0
455699 456181 1 0 1 97 0 1 0 0
455699 456243 1 0 1 104 0 1 0 0
455699 456252 1 0 1 105 0 1 0 0
455699 456348 1 0 1 115 0 1 0 0
455699 456424 1 0 1 124 0 1 0 0
455699 456443 1 0 1 126 0 1 0 0
455699 456448 1 0 1 127 0 1 0 0
455699 456552 1 0 1 138 0 1 0 0
455699 456579 1 0 1 141 0 1 0 0
455699 456753 1 0 1 163 0 1 0 0
455699 456841 1 0 1 171 0 1 0 0
455699 456867 1 0 1 172 0 1 0 0
455699 456956 1 0 1 180 0 1 0 0
455699 457224 1 0 1 209 0 1 0 0
455699 457285 1 0 1 216 0 1 0 0
455699 457320 1 0 1 219 0 1 0 0
455699 457500 1 0 1 241 0 1 0 0
455699 457609 1 0 1 256 0 1 0 0
455699 457618 1 0 1 257 0 1 0 0
455699 457665 1 0 1 265 0 1 0 0
455699 457702 1 0 1 271 0 1 0 0
455699 457871 1 0 1 296 0 1 0 0
455699 458496 1 0 1 411 0 1 0 0
455699 458515 1 0 1 413 0 1 0 0
455699 458602 1 0 1 525 0 1 0 0
455699 458626 1 0 1 528 0 1 0 0
455699 459324 1 0 1 761 0 1 0 0
455699 459436 1 0 1 775 0 1 0 0
455699 459458 1 0 1 778 0 1 0 0
455699 459500 1 0 1 784 0 1 0 0
455699 459841 1 0 1 823 0 1 0 0
455699 459960 1 0 1 838 0 1 0 0
455699 459983 1 0 1 840 0 1 0 0
455699 460322 1 0 1 875 0 1 0 0
455699 460392 1 0 1 883 0 1 0 0
455699 460537 1 0 1 899 0 1 0 0
455699 460931 1 0 1 983 0 1 0 0
455699 461128 1 0 1 1012 0 1 0 0
455699 461175 1 0 1 1019 0 1 0 0
455699 461336 1 0 1 1045 0 1 0 0
455699 461540 1 0 1 1074 0 1 0 0
455699 461553 1 0 1 1075 0 1 0 0
455699 461949 1 0 1 1133 0 1 0 0
455699 462044 1 0 1 1150 0 1 0 0
455699 462079 1 0 1 1156 0 1 0 0
455699 462115 1 0 1 1161 0 1 0 0
455699 462161 1 0 1 1167 0 1 0 0
455699 462344 1 0 1 1191 0 1 0 0
455699 462576 1 0 1 1228 0 1 0 0
455699 462903 1 0 1 1331 0 1 0 0
455699 462970 1 0 1 1339 0 1 0 0
455699 463927 1 0 1 1504 0 1 0 0
455699 464064 1 0 1 1523 0 1 0 0
455699 464088 1 0 1 1527 0 1 0 0
455699 464202 1 0 1 1589 0 1 0 0
455699 465782 1 0 1 1800 0 1 0 0
455699 466646 1 0 1 1950 0 1 0 0
455699 466789 1 0 1 1964 0 1 0 0
455699 467349 1 0 1 2039 0 1 0 0
455699 467530 1 0 1 2062 0 1 0 0
455699 468751 1 0 1 2225 0 1 0 0
455699 469496 1 0 1 2378 0 1 0 0
455699 469593 1 0 1 2387 0 1 0 0
455699 470858 1 0 1 2603 0 1 0 0
455699 471028 1 0 1 2667 0 1 0 0
455699 472788 1 0 1 2922 0 1 0 0
455699 472798 1 0 1 2923 0 1 0 0
455699 473249 1 0 1 2991 0 1 0 0
455699 473720 1 0 1 3108 0 1 0 0
455699 474391 1 0 1 3235 0 1 0 0
455699 474658 1 0 1 3285 0 1 0 0
455699 474792 1 0 1 3313 0 1 0 0
455699 474960 1 0 1 3342 0 1 0 0
455699 475073 1 0 1 3363 0 1 0 0
455699 475144 1 0 1 3379 0 1 0 0
455699 475647 1 0 1 3485 0 1 0 0
455699 476447 1 0 1 3640 0 1 0 0
455699 476494 1 0 1 3648 0 1 0 0
455699 476898 1 0 1 3733 0 1 0 0
455738 474018 0 1 1 0 39 0 0.5 0
455845 456847 2 0 2 236 0 2 0 0
455845 458146 1 0 1 308 0 1 0 0
188733 462349 0 1 1 0 56 0 1 0
455950 456312 1 0 1 42 0 1 0 0
456097 474018 0 1 1 0 14 0 1 0
456135 456738 1 0 1 70 0 1 0 0
278152 450647 0 1 1 0 63 0 1 0
100078 458657 0 1 1 0 1508 0 1 0
278169 313737 0 1 1 0 2040 0 1 0
189181 242572 1 0 1 61 0 1 0 0
189356 458007 1 0 1 766 0 1 0 0
189356 458678 1 0 1 1000 0 1 0 0
11319 12463 0 1 1 0 2431 0 1 0
11464 441300 0 1 1 0 441 0 1 0
11467 441300 0 1 1 0 444 0 1 0
11470 11694 0 3 3 0 919 0 3 0
11505 441300 0 1 1 0 4298 0 1 0
11560 12463 0 1 1 0 2026 0 1 0
11668 18427 0 1 1 0 501 0 1 0
11668 380636 0 1 1 0 1528 0 1 0
11693 454887 0 1 1 0 194 0 1 0
11694 33098 1 0 1 39 0 1 0 0
11694 319418 1 0 1 18 0 1 0 0
11694 333439 1 0 1 102 0 1 0 0
11694 461164 1 0 1 166 0 1 0 0
11694 461515 1 0 1 217 0 1 0 0
11694 464170 1 0 1 12 0 1 0 0
11694 465860 1 0 1 57 0 1 0 0
11694 472774 1 0 1 2068 0 1 0 0
11695 474967 0 1 1 0 1062 0 1 0
456934 458294 1 0 1 209 0 1 0 0
11788 12463 0 1 1 0 1505 0 1 0
11791 196144 2 0 2 89 0 2 0 0
11791 453855 2 0 2 3446 0 2 0 0
11792 261292 0 1 1 0 916 0 1 0
11792 467022 1 0 1 882 0 1 0 0
278930 279811 1 0 1 119 0 1 0 0
11821 477086 0 1 1 0 12 0 1 0
457047 473946 1 0 1 2963 0 1 0 0
457047 474196 1 0 1 3008 0 1 0 0
11892 75594 0 0 1 0 0 0 0 0
368191 474018 0 1 1 0 72 0 0.5 0
457233 457482 1 0 1 29 0 1 0 0
457396 459794 1 0 1 586 0 1 0 0
457400 458123 1 0 1 134 0 1 0 0
12462 12463 0 1 1 0 175 0 1 0
12463 14945 1 0 1 1150 0 1 0 0
12463 15132 1 0 1 862 0 1 0 0
12463 15428 1 0 1 1366 0 1 0 0
12463 16414 1 0 1 292 0 1 0 0
12463 16596 1 0 1 528 0 1 0 0
12463 18837 1 0 1 751 0 1 0 0
12463 21631 1 0 1 551 0 1 0 0
12463 23046 1 0 1 1702 0 1 0 0
12463 23298 1 0 1 1709 0 1 0 0
12463 24934 1 0 1 1478 0 1 0 0
12463 26156 1 0 1 299 0 1 0 0
12463 27093 1 0 1 22 0 1 0 0
12463 27307 1 0 1 78 0 1 0 0
12463 27944 1 0 1 2111 0 1 0 0
12463 28125 1 0 1 1717 0 1 0 0
12463 30850 1 0 1 2390 0 1 0 0
12463 32397 1 0 1 1361 0 1 0 0
12463 32831 1 0 1 2492 0 1 0 0
12463 33705 1 0 1 1291 0 1 0 0
12463 36941 1 0 1 376 0 1 0 0
12463 39887 1 0 1 271 0 1 0 0
12463 41229 1 0 1 150 0 1 0 0
12463 42127 1 0 1 1911 0 1 0 0
12463 53847 1 0 1 22 0 1 0 0
12463 66935 1 0 1 153 0 1 0 0
12463 72811 1 0 1 218 0 1 0 0
12463 73821 1 0 1 2806 0 1 0 0
12463 75118 1 0 1 1005 0 1 0 0
12463 75155 1 0 1 495 0 1 0 0
12463 82841 1 0 1 468 0 1 0 0
12463 89619 1 0 1 1361 0 1 0 0
12463 92786 1 0 1 1707 0 1 0 0
12463 96680 1 0 1 74 0 1 0 0
12463 101016 1 0 1 1434 0 1 0 0
12463 104195 1 0 1 468 0 1 0 0
12463 119661 1 0 1 1241 0 1 0 0
12463 122479 1 0 1 305 0 1 0 0
12463 122875 1 0 1 142 0 1 0 0
12463 123300 1 0 1 930 0 1 0 0
12463 128713 1 0 1 2531 0 1 0 0
12463 138069 1 0 1 182 0 1 0 0
12463 141012 1 0 1 149 0 1 0 0
12463 148940 1 0 1 294 0 1 0 0
12463 155899 1 0 1 938 0 1 0 0
12463 158579 1 0 1 2032 0 1 0 0
12463 169780 1 0 1 2888 0 1 0 0
12463 185210 1 0 1 3079 0 1 0 0
12463 188364 1 0 1 1112 0 1 0 0
12463 193371 1 0 1 1022 0 1 0 0
12463 194613 1 0 1 1815 0 1 0 0
12463 223295 1 0 1 1246 0 1 0 0
12463 229239 1 0 1 44 0 1 0 0
12463 233325 1 0 1 1142 0 1 0 0
12463 237708 1 0 1 44 0 1 0 0
12463 237751 1 0 1 190 0 1 0 0
12463 237858 1 0 1 1360 0 1 0 0
12463 240136 1 0 1 159 0 1 0 0
12463 241481 1 0 1 1295 0 1 0 0
12463 241566 1 0 1 1743 0 1 0 0
12463 243545 1 0 1 3065 0 1 0 0
12463 243742 1 0 1 120 0 1 0 0
12463 244545 1 0 1 271 0 1 0 0
12463 245659 1 0 1 2295 0 1 0 0
12463 246505 1 0 1 1142 0 1 0 0
12463 246527 1 0 1 363 0 1 0 0
12463 246886 1 0 1 332 0 1 0 0
12463 248135 1 0 1 714 0 1 0 0
12463 250927 1 0 1 501 0 1 0 0
12463 255742 1 0 1 1306 0 1 0 0
12463 259152 1 0 1 1543 0 1 0 0
12463 259603 1 0 1 346 0 1 0 0
12463 259892 1 0 1 446 0 1 0 0
12463 261561 1 0 1 993 0 1 0 0
12463 262639 1 0 1 170 0 1 0 0
12463 263226 1 0 1 1778 0 1 0 0
12463 266149 1 0 1 2072 0 1 0 0
12463 267174 1 0 1 1075 0 1 0 0
12463 268887 1 0 1 1814 0 1 0 0
12463 269039 1 0 1 2750 0 1 0 0
12463 277797 1 0 1 228 0 1 0 0
12463 281386 1 0 1 163 0 1 0 0
12463 283053 1 0 1 1366 0 1 0 0
12463 283503 1 0 1 1073 0 1 0 0
12463 289476 1 0 1 371 0 1 0 0
12463 290435 1 0 1 383 0 1 0 0
12463 294112 1 0 1 2556 0 1 0 0
12463 298837 1 0 1 126 0 1 0 0
12463 303390 1 0 1 2626 0 1 0 0
12463 307414 1 0 1 1405 0 1 0 0
12463 312481 1 0 1 101 0 1 0 0
12463 315863 1 0 1 861 0 1 0 0
12463 319898 1 0 1 511 0 1 0 0
12463 320128 1 0 1 641 0 1 0 0
12463 321126 1 0 1 1423 0 1 0 0
12463 323015 1 0 1 2257 0 1 0 0
12463 330027 1 0 1 538 0 1 0 0
12463 336977 1 0 1 2565 0 1 0 0
12463 343278 1 0 1 184 0 1 0 0
12463 351639 1 0 1 427 0 1 0 0
12463 361352 1 0 1 676 0 1 0 0
12463 370305 1 0 1 2393 0 1 0 0
12463 375770 1 0 1 930 0 1 0 0
12463 377264 1 0 1 2617 0 1 0 0
12463 383194 1 0 1 685 0 1 0 0
12463 398746 1 0 1 745 0 1 0 0
12463 404233 1 0 1 81 0 1 0 0
12463 414565 1 0 1 348 0 1 0 0
12463 416208 1 0 1 475 0 1 0 0
12463 428975 1 0 1 44 0 1 0 0
12463 429077 1 0 1 2368 0 1 0 0
12463 433666 1 0 1 289 0 1 0 0
12463 436732 1 0 1 2724 0 1 0 0
12463 438698 1 0 1 41 0 1 0 0
12463 440176 1 0 1 3009 0 1 0 0
12463 443632 1 0 1 357 0 1 0 0
12463 444002 1 0 1 141 0 1 0 0
12463 447079 1 0 1 1713 0 1 0 0
12463 450453 1 0 1 90 0 1 0 0
12463 450464 1 0 1 79 0 1 0 0
12463 455181 1 0 1 149 0 1 0 0
12463 459034 1 0 1 15 0 1 0 0
12463 459062 1 0 1 19 0 1 0 0
12463 459066 1 0 1 20 0 1 0 0
12463 459100 1 0 1 25 0 1 0 0
12463 459126 1 0 1 30 0 1 0 0
12463 459155 1 0 1 33 0 1 0 0
12463 459161 1 0 1 34 0 1 0 0
12463 459249 1 0 1 44 0 1 0 0
12463 459278 1 0 1 47 0 1 0 0
12463 459282 1 0 1 47 0 1 0 0
12463 459322 1 0 1 51 0 1 0 0
12463 459375 1 0 1 58 0 1 0 0
12463 459391 1 0 1 61 0 1 0 0
12463 459558 1 0 1 81 0 1 0 0
12463 459579 1 0 1 84 0 1 0 0
12463 459634 1 0 1 89 0 1 0 0
12463 459667 1 0 1 93 0 1 0 0
12463 459671 1 0 1 93 0 1 0 0
12463 459689 1 0 1 96 0 1 0 0
12463 459763 1 0 1 103 0 1 0 0
12463 459787 1 0 1 108 0 1 0 0
12463 459805 1 0 1 110 0 1 0 0
12463 459814 1 0 1 111 0 1 0 0
12463 459843 1 0 1 109 0 1 0 0
12463 459847 1 0 1 115 0 1 0 0
12463 459888 1 0 1 120 0 1 0 0
12463 459924 1 0 1 125 0 1 0 0
12463 459937 1 0 1 126 0 1 0 0
12463 459964 1 0 1 129 0 1 0 0
12463 459995 1 0 1 132 0 1 0 0
12463 460002 1 0 1 134 0 1 0 0
12463 460006 1 0 1 134 0 1 0 0
12463 460008 1 0 1 135 0 1 0 0
12463 460075 1 0 1 142 0 1 0 0
12463 460104 1 0 1 145 0 1 0 0
12463 460113 1 0 1 147 0 1 0 0
12463 460125 1 0 1 149 0 1 0 0
12463 460218 1 0 1 156 0 1 0 0
12463 460223 1 0 1 156 0 1 0 0
12463 460229 1 0 1 157 0 1 0 0
12463 460243 1 0 1 158 0 1 0 0
12463 460246 1 0 1 158 0 1 0 0
12463 460338 1 0 1 167 0 1 0 0
12463 460447 1 0 1 182 0 1 0 0
12463 460467 1 0 1 184 0 1 0 0
12463 460472 1 0 1 184 0 1 0 0
12463 460478 1 0 1 184 0 1 0 0
12463 460493 1 0 1 186 0 1 0 0
12463 460506 1 0 1 188 0 1 0 0
12463 460629 1 0 1 204 0 1 0 0
12463 460685 1 0 1 211 0 1 0 0
12463 460734 1 0 1 214 0 1 0 0
12463 460824 1 0 1 221 0 1 0 0
12463 460838 1 0 1 329 0 1 0 0
12463 460850 1 0 1 223 0 1 0 0
12463 460899 1 0 1 270 0 1 0 0
12463 461005 1 0 1 285 0 1 0 0
12463 461011 1 0 1 285 0 1 0 0
12463 461061 1 0 1 292 0 1 0 0
12463 461095 1 0 1 297 0 1 0 0
12463 461103 1 0 1 299 0 1 0 0
12463 461116 1 0 1 301 0 1 0 0
12463 461118 1 0 1 301 0 1 0 0
12463 461120 1 0 1 302 0 1 0 0
12463 461201 1 0 1 315 0 1 0 0
12463 461207 1 0 1 315 0 1 0 0
12463 461226 1 0 1 318 0 1 0 0
12463 461289 1 0 1 328 0 1 0 0
12463 461359 1 0 1 339 0 1 0 0
12463 461455 1 0 1 353 0 1 0 0
12463 461538 1 0 1 364 0 1 0 0
12463 461547 1 0 1 365 0 1 0 0
12463 461579 1 0 1 370 0 1 0 0
12463 461597 1 0 1 372 0 1 0 0
12463 461637 1 0 1 378 0 1 0 0
12463 461671 1 0 1 383 0 1 0 0
12463 461679 1 0 1 383 0 1 0 0
12463 461742 1 0 1 391 0 1 0 0
12463 461794 1 0 1 400 0 1 0 0
12463 461796 1 0 1 400 0 1 0 0
12463 461809 1 0 1 403 0 1 0 0
12463 461894 1 0 1 416 0 1 0 0
12463 461991 1 0 1 430 0 1 0 0
12463 462090 1 0 1 446 0 1 0 0
12463 462104 1 0 1 450 0 1 0 0
12463 462175 1 0 1 460 0 1 0 0
12463 462194 1 0 1 462 0 1 0 0
12463 462209 1 0 1 464 0 1 0 0
12463 462264 1 0 1 471 0 1 0 0
12463 462278 1 0 1 474 0 1 0 0
12463 462431 1 0 1 494 0 1 0 0
12463 462446 1 0 1 497 0 1 0 0
12463 462481 1 0 1 503 0 1 0 0
12463 462520 1 0 1 510 0 1 0 0
12463 462570 1 0 1 517 0 1 0 0
12463 462625 1 0 1 531 0 1 0 0
12463 462637 1 0 1 532 0 1 0 0
12463 462697 1 0 1 541 0 1 0 0
12463 462719 1 0 1 544 0 1 0 0
12463 462723 1 0 1 545 0 1 0 0
12463 462729 1 0 1 546 0 1 0 0
12463 462747 1 0 1 549 0 1 0 0
12463 462873 1 0 1 619 0 1 0 0
12463 463020 1 0 1 637 0 1 0 0
12463 463026 1 0 1 637 0 1 0 0
12463 463135 1 0 1 650 0 1 0 0
12463 463139 1 0 1 650 0 1 0 0
12463 463289 1 0 1 673 0 1 0 0
12463 463300 1 0 1 674 0 1 0 0
12463 463330 1 0 1 676 0 1 0 0
12463 463368 1 0 1 680 0 1 0 0
12463 463443 1 0 1 687 0 1 0 0
12463 463491 1 0 1 696 0 1 0 0
12463 463651 1 0 1 718 0 1 0 0
12463 463687 1 0 1 724 0 1 0 0
12463 463705 1 0 1 726 0 1 0 0
12463 463795 1 0 1 740 0 1 0 0
12463 463831 1 0 1 744 0 1 0 0
12463 463919 1 0 1 795 0 1 0 0
12463 464134 1 0 1 1153 0 1 0 0
12463 464357 1 0 1 905 0 1 0 0
12463 464441 1 0 1 916 0 1 0 0
12463 464468 1 0 1 925 0 1 0 0
12463 464648 1 0 1 940 0 1 0 0
12463 464720 1 0 1 947 0 1 0 0
12463 465016 1 0 1 988 0 1 0 0
12463 465127 1 0 1 1003 0 1 0 0
12463 465189 1 0 1 1012 0 1 0 0
12463 465415 1 0 1 1041 0 1 0 0
12463 465496 1 0 1 1051 0 1 0 0
12463 465586 1 0 1 1062 0 1 0 0
12463 465726 1 0 1 1082 0 1 0 0
12463 465776 1 0 1 1090 0 1 0 0
12463 465812 1 0 1 1095 0 1 0 0
12463 465992 1 0 1 1122 0 1 0 0
12463 466064 1 0 1 1131 0 1 0 0
12463 466303 1 0 1 1159 0 1 0 0
12463 466352 1 0 1 1164 0 1 0 0
12463 466383 1 0 1 1169 0 1 0 0
12463 466499 1 0 1 1183 0 1 0 0
12463 466563 1 0 1 1233 0 1 0 0
12463 466671 1 0 1 1244 0 1 0 0
12463 466756 1 0 1 1251 0 1 0 0
12463 466852 1 0 1 1265 0 1 0 0
12463 467020 1 0 1 1288 0 1 0 0
12463 467072 1 0 1 1295 0 1 0 0
12463 467230 1 0 1 1314 0 1 0 0
12463 467243 1 0 1 1315 0 1 0 0
12463 467334 1 0 1 1328 0 1 0 0
12463 467386 1 0 1 1336 0 1 0 0
12463 467434 1 0 1 1341 0 1 0 0
12463 467510 1 0 1 1352 0 1 0 0
12463 467590 1 0 1 1361 0 1 0 0
12463 467699 1 0 1 1372 0 1 0 0
12463 467766 1 0 1 1379 0 1 0 0
12463 467769 1 0 1 1379 0 1 0 0
12463 467776 1 0 1 1380 0 1 0 0
12463 467785 1 0 1 1405 0 1 0 0
12463 467805 1 0 1 1387 0 1 0 0
12463 467857 1 0 1 1394 0 1 0 0
12463 467870 1 0 1 1395 0 1 0 0
12463 467976 1 0 1 1413 0 1 0 0
12463 467983 1 0 1 1414 0 1 0 0
12463 468049 1 0 1 1421 0 1 0 0
12463 468146 1 0 1 1436 0 1 0 0
12463 468377 1 0 1 1466 0 1 0 0
12463 468428 1 0 1 1473 0 1 0 0
12463 468831 1 0 1 1529 0 1 0 0
12463 469083 1 0 1 1610 0 1 0 0
12463 469171 1 0 1 1625 0 1 0 0
12463 469186 1 0 1 1626 0 1 0 0
12463 469240 1 0 1 1760 0 1 0 0
12463 469359 1 0 1 1652 0 1 0 0
12463 469485 1 0 1 1667 0 1 0 0
12463 469514 1 0 1 1671 0 1 0 0
12463 469566 1 0 1 1675 0 1 0 0
12463 469663 1 0 1 1688 0 1 0 0
12463 470106 1 0 1 1751 0 1 0 0
12463 470311 1 0 1 1781 0 1 0 0
12463 470588 1 0 1 1818 0 1 0 0
12463 470715 1 0 1 1845 0 1 0 0
12463 470722 1 0 1 1835 0 1 0 0
12463 470937 1 0 1 1906 0 1 0 0
12463 470997 1 0 1 1955 0 1 0 0
12463 471044 1 0 1 1960 0 1 0 0
12463 471054 1 0 1 1961 0 1 0 0
12463 471060 1 0 1 1962 0 1 0 0
12463 471062 1 0 1 1963 0 1 0 0
12463 471094 1 0 1 1966 0 1 0 0
12463 471098 1 0 1 1966 0 1 0 0
12463 471137 1 0 1 1970 0 1 0 0
12463 471295 1 0 1 1999 0 1 0 0
12463 471548 1 0 1 2033 0 1 0 0
12463 471615 1 0 1 2045 0 1 0 0
12463 471728 1 0 1 2059 0 1 0 0
12463 471771 1 0 1 2065 0 1 0 0
12463 471786 1 0 1 2067 0 1 0 0
12463 471963 1 0 1 2091 0 1 0 0
12463 471997 1 0 1 2097 0 1 0 0
12463 472090 1 0 1 2110 0 1 0 0
12463 472293 1 0 1 2136 0 1 0 0
12463 472325 1 0 1 2141 0 1 0 0
12463 472370 1 0 1 2148 0 1 0 0
12463 472459 1 0 1 2162 0 1 0 0
12463 472508 1 0 1 2172 0 1 0 0
12463 472940 1 0 1 2236 0 1 0 0
12463 473196 1 0 1 2277 0 1 0 0
12463 473562 1 0 1 2460 0 1 0 0
12463 473698 1 0 1 2493 0 1 0 0
12463 473716 1 0 1 2399 0 1 0 0
12463 473824 1 0 1 2418 0 1 0 0
12463 473904 1 0 1 2437 0 1 0 0
12463 473912 1 0 1 2439 0 1 0 0
12463 473927 1 0 1 2442 0 1 0 0
12463 473967 1 0 1 2448 0 1 0 0
12463 474052 1 0 1 2463 0 1 0 0
12463 474115 1 0 1 2473 0 1 0 0
12463 474180 1 0 1 2488 0 1 0 0
12463 474221 1 0 1 2495 0 1 0 0
12463 474727 1 0 1 2590 0 1 0 0
12463 474748 1 0 1 2595 0 1 0 0
12463 474876 1 0 1 2622 0 1 0 0
12463 475045 1 0 1 2649 0 1 0 0
12463 475114 1 0 1 2662 0 1 0 0
12463 475123 1 0 1 2662 0 1 0 0
12463 475150 1 0 1 2672 0 1 0 0
12463 475159 1 0 1 2673 0 1 0 0
12463 475169 1 0 1 2676 0 1 0 0
12463 475273 1 0 1 2696 0 1 0 0
12463 475358 1 0 1 2719 0 1 0 0
12463 475699 1 0 1 2790 0 1 0 0
12463 475878 1 0 1 2823 0 1 0 0
12463 476049 1 0 1 2853 0 1 0 0
12463 476280 1 0 1 2902 0 1 0 0
12463 476382 1 0 1 2920 0 1 0 0
12463 476589 1 0 1 2976 0 1 0 0
12463 476809 1 0 1 3004 0 1 0 0
12463 476911 1 0 1 3027 0 1 0 0
457731 461835 0 1 1 0 722 0 1 0
12531 65391 0 1 1 0 31 0 1 0
279695 465750 1 0 1 812 0 1 0 0
190696 451114 0 1 1 0 174 0 1 0
457890 458823 1 0 1 307 0 1 0 0
190788 439539 0 1 1 0 479 0 1 0
190870 319284 1 0 1 165 0 1 0 0
190870 472207 1 1 2 919 10 1 1 0
280094 459036 1 0 1 2906 0 1 0 0
458296 459214 0 1 1 0 668 0 1 0
458306 464356 0 1 1 0 1200 0 1 0
369425 452649 0 1 1 0 466 0 1 0
458584 458585 0 1 1 0 2431 0 1 0
458650 458651 0 1 1 0 35 0 1 0
458651 459212 1 0 1 255 0 1 0 0
458651 459544 1 0 1 294 0 1 0 0
458651 459628 1 0 1 303 0 1 0 0
458651 460371 1 0 1 386 0 1 0 0
458651 461346 1 0 1 551 0 1 0 0
458651 465430 1 0 1 1257 0 1 0 0
458651 465818 1 0 1 1310 0 1 0 0
458651 475829 1 0 1 3029 0 1 0 0
458652 459870 0 1 1 0 357 0 1 0
458656 458657 0 1 1 0 93 0 1 0
458657 458746 1 0 1 156 0 1 0 0
458657 458775 1 0 1 160 0 1 0 0
458657 458861 1 0 1 172 0 1 0 0
458657 458883 1 0 1 176 0 1 0 0
458657 458934 1 0 1 233 0 1 0 0
458657 459021 1 0 1 287 0 1 0 0
458657 459351 1 0 1 328 0 1 0 0
458657 459379 1 0 1 331 0 1 0 0
458657 459433 1 0 1 338 0 1 0 0
458657 459807 1 0 1 382 0 1 0 0
458657 459997 1 0 1 404 0 1 0 0
458657 460188 1 0 1 426 0 1 0 0
458657 460207 1 0 1 427 0 1 0 0
458657 460316 1 0 1 437 0 1 0 0
458657 460503 1 0 1 459 0 1 0 0
458657 460820 1 0 1 493 0 1 0 0
458657 460956 1 0 1 550 0 1 0 0
458657 461078 1 0 1 567 0 1 0 0
458657 461148 1 0 1 578 0 1 0 0
458657 461167 1 0 1 581 0 1 0 0
458657 461428 1 0 1 622 0 1 0 0
458657 461577 1 0 1 641 0 1 0 0
458657 461767 1 0 1 666 0 1 0 0
458657 461827 1 0 1 679 0 1 0 0
458657 461862 1 0 1 683 0 1 0 0
458657 461930 1 0 1 693 0 1 0 0
458657 462870 1 0 1 891 0 1 0 0
458657 462994 1 0 1 906 0 1 0 0
458657 463338 1 0 1 949 0 1 0 0
458657 463441 1 0 1 962 0 1 0 0
458657 463456 1 0 1 963 0 1 0 0
458657 463533 1 0 1 973 0 1 0 0
458657 463917 1 0 1 1067 0 1 0 0
458657 464044 1 0 1 1083 0 1 0 0
458657 464797 1 0 1 1230 0 1 0 0
458657 465025 1 0 1 1261 0 1 0 0
458657 465292 1 0 1 1300 0 1 0 0
458657 465746 1 0 1 1381 0 1 0 0
458657 466399 1 0 1 1444 0 1 0 0
458657 467211 1 0 1 1582 0 1 0 0
458657 467517 1 0 1 1624 0 1 0 0
458657 467887 1 0 1 1671 0 1 0 0
458657 468396 1 0 1 1741 0 1 0 0
458657 468731 1 0 1 1786 0 1 0 0
458657 468871 1 0 1 1807 0 1 0 0
458657 469606 1 0 1 1953 0 1 0 0
458657 469863 1 0 1 1991 0 1 0 0
458657 469865 1 0 1 1991 0 1 0 0
458657 470175 1 0 1 2035 0 1 0 0
458657 470543 1 0 1 2084 0 1 0 0
458657 470620 1 0 1 2095 0 1 0 0
458657 470827 1 0 1 2121 0 1 0 0
458657 471349 1 0 1 2278 0 1 0 0
458657 471434 1 0 1 2290 0 1 0 0
458657 471872 1 0 1 2351 0 1 0 0
458657 472224 1 0 1 2399 0 1 0 0
458657 472228 1 0 1 2400 0 1 0 0
458657 472547 1 0 1 2450 0 1 0 0
458657 472710 1 0 1 2475 0 1 0 0
458657 472874 1 0 1 2496 0 1 0 0
458657 473765 1 0 1 2681 0 1 0 0
458657 474153 1 0 1 2753 0 1 0 0
458657 474509 1 0 1 2826 0 1 0 0
458657 474513 1 0 1 2823 0 1 0 0
458657 474909 1 0 1 2897 0 1 0 0
458657 475134 1 0 1 2938 0 1 0 0
458657 476007 1 0 1 3118 0 1 0 0
458657 476467 1 0 1 3206 0 1 0 0
458657 476516 1 0 1 3215 0 1 0 0
458689 458690 0 1 1 0 574 0 1 0
458867 458868 0 1 1 0 29 0 1 0
13717 162289 0 1 1 0 229 0 1 0
13797 18443 1 0 1 471 0 1 0 0
459027 459028 0 1 1 0 1674 0 1 0
102906 454398 1 0 1 73 0 1 0 0
459106 459445 1 0 1 42 0 1 0 0
459106 468413 1 0 1 1445 0 1 0 0
459168 459169 0 1 1 0 31 0 1 0
459253 459441 1 0 1 23 0 1 0 0
14167 445008 0 1 1 0 119 0 1 0
459403 459655 1 0 1 30 0 1 0 0
103311 468284 1 0 1 121 0 1 0 0
103311 468733 1 0 1 181 0 1 0 0
14291 59246 1 0 1 36 0 1 0 0
459527 462033 0 1 1 0 31 0 1 0
459527 476354 1 0 1 2839 0 1 0 0
14359 435119 0 1 1 0 2288 0 1 0
103426 110016 0 1 1 0 291 0 1 0
459622 459623 0 1 1 0 249 0 1 0
459655 459977 0 1 1 0 65 0 1 0
14462 162289 0 1 1 0 3770 0 1 0
459799 460581 1 0 1 9 0 1 0 0
459870 464381 1 0 1 856 0 1 0 0
459870 472253 1 0 1 2015 0 1 0 0
459952 470724 1 0 1 1707 0 1 0 0
281958 342775 0 1 1 0 603 0 1 0
460091 466739 1 0 1 1106 0 1 0 0
460205 460206 0 1 1 0 304 0 1 0
15051 460841 0 1 1 0 903 0 1 0
104121 460874 0 1 1 0 2807 0 1 0
193205 440370 0 1 1 0 624 0 1 0
193315 261292 0 1 1 0 3482 0 1 0
104283 291858 0 1 1 0 104 0 1 0
460509 460510 0 1 1 0 176 0 1 0
460510 473720 1 0 1 2401 0 1 0 0
460658 461355 1 0 1 130 0 1 0 0
460658 462124 1 0 1 253 0 1 0 0
460658 474008 1 0 1 2248 0 1 0 0
15587 30792 1 0 1 690 0 1 0 0
371878 432939 0 1 1 0 3112 0 1 0
461019 461020 0 1 1 0 2945 0 1 0
461020 466156 1 0 1 3800 0 1 0 0
461256 461963 1 0 1 186 0 1 0 0
461256 466148 1 0 1 900 0 1 0 0
461256 469726 1 0 1 1457 0 1 0 0
461256 475013 1 0 1 2401 0 1 0 0
16078 457442 1 0 1 27 0 1 0 0
16078 473247 1 0 1 2783 0 1 0 0
461384 463002 1 0 1 291 0 1 0 0
16193 261292 0 2 2 0 3297 0 2 0
461517 467911 1 0 1 1044 0 1 0 0
461716 466677 1 0 1 360 0 1 0 0
461716 466957 1 0 1 396 0 1 0 0
194613 313737 0 1 1 0 2271 0 1 0
461835 461858 1 0 1 3 0 1 0 0
461899 465886 1 0 1 689 0 1 0 0
461946 462789 1 0 1 133 0 1 0 0
461946 463691 1 0 1 301 0 1 0 0
461946 469378 1 0 1 43 0 1 0 0
461946 470146 1 0 1 148 0 1 0 0
16808 359373 1 0 1 738 0 1 0 0
16808 440488 1 0 1 1036 0 1 0 0
462068 469612 1 0 1 1236 0 1 0 0
373060 442403 2 0 2 3121 0 2 0 0
17071 450196 1 0 1 103 0 1 0 0
462349 462649 1 0 1 52 0 1 0 0
462445 465825 1 0 1 806 0 1 0 0
462445 467366 1 0 1 1044 0 1 0 0
462445 474421 1 0 1 2366 0 1 0 0
462508 462509 0 1 1 0 123 0 1 0
17531 435331 1 0 1 13 0 1 0 0
17531 455541 0 1 1 0 202 0 1 0
17531 471929 0 1 1 0 99 0 1 0
17660 435833 0 1 1 0 235 0 1 0
462877 462878 0 1 1 0 101 0 1 0
462926 464289 1 0 1 269 0 1 0 0
17979 28039 0 1 1 0 464 0 1 0
463252 463462 1 0 1 25 0 1 0 0
374299 442662 0 1 1 0 34 0 1 0
18144 261292 0 1 1 0 881 0 1 0
463431 463432 0 1 1 0 244 0 1 0
463476 463681 1 0 1 30 0 1 0 0
463514 467095 1 0 1 598 0 1 0 0
463514 474609 1 0 1 1868 0 1 0 0
463590 463591 0 1 1 0 99 0 1 0
463750 463869 1 0 1 15 0 1 0 0
463790 467722 1 0 1 635 0 1 0 0
463921 464356 0 1 1 0 403 0 1 0
285906 441300 0 1 1 0 237 0 1 0
18892 445008 0 1 1 0 188 0 1 0
197037 261292 1 0 1 60 0 1 0 0
197037 471865 1 0 1 518 0 1 0 0
197073 441851 0 1 1 0 53 0 1 0
464255 464256 0 1 1 0 53 0 1 0
464256 465487 1 0 1 213 0 1 0 0
464256 465734 1 0 1 245 0 1 0 0
464256 465877 1 0 1 268 0 1 0 0
464256 465954 1 0 1 278 0 1 0 0
464256 466831 1 0 1 425 0 1 0 0
464256 471881 1 0 1 1244 0 1 0 0
464292 465037 1 0 1 96 0 1 0 0
464356 467519 1 0 1 528 0 1 0 0
464356 469322 1 0 1 835 0 1 0 0
464356 473130 1 0 1 1445 0 1 0 0
464356 476232 1 0 1 2080 0 1 0 0
19163 455560 1 0 1 294 0 1 0 0
19200 439685 1 0 1 86 0 1 0 0
19460 291660 0 1 1 0 790 0 1 0
464787 467819 0 1 1 0 279 0 1 0
464955 464956 0 1 1 0 1107 0 1 0
464956 475021 1 0 1 2770 0 1 0 0
465060 469759 1 0 1 709 0 1 0 0
19867 104828 1 0 1 251 0 1 0 0
19867 106703 1 0 1 763 0 1 0 0
19867 451474 1 0 1 13 0 1 0 0
19867 451939 1 0 1 75 0 1 0 0
19867 453224 1 0 1 235 0 1 0 0
465106 465107 0 1 1 0 177 0 1 0
465191 465192 0 1 1 0 174 0 1 0
198084 452163 1 0 1 296 0 1 0 0
465231 465232 0 1 1 0 449 0 1 0
109162 443561 0 1 1 0 146 0 1 0
465461 465705 1 0 1 32 0 1 0 0
109322 452680 0 1 1 0 11 0 1 0
109698 261292 0 2 2 0 2859 0 2 0
198873 313737 0 1 1 0 349 0 1 0
20867 82926 1 0 1 34 0 1 0 0
466077 470807 1 0 1 713 0 1 0 0
110016 450196 1 0 1 60 0 1 0 0
110016 451826 1 0 1 268 0 1 0 0
466236 466237 0 1 1 0 680 0 1 0
199128 457995 1 0 1 59 0 1 0 0
199128 458250 1 0 1 88 0 1 0 0
199128 464725 1 0 1 1365 0 1 0 0
199128 467778 1 0 1 1797 0 1 0 0
199128 469094 1 0 1 2029 0 1 0 0
466329 466330 0 1 1 0 3752 0 1 0
21143 363171 1 0 1 86 0 1 0 0
110206 455949 0 1 1 0 30 0 1 0
288312 291660 0 1 1 0 253 0 1 0
21203 313737 0 1 1 0 6738 0 1 0
21210 455699 0 1 1 0 81 0 1 0
466490 466965 1 0 1 100 0 1 0 0
466490 467963 1 0 1 230 0 1 0 0
466490 471234 1 0 1 808 0 1 0 0
466490 471799 1 0 1 888 0 1 0 0
466708 468039 1 0 1 33 0 1 0 0
466708 468241 1 0 1 62 0 1 0 0
466708 468405 1 0 1 82 0 1 0 0
466708 471157 1 0 1 588 0 1 0 0
466754 466755 0 1 1 0 38 0 1 0
21644 464600 1 0 1 356 0 1 0 0
466879 471974 1 0 1 826 0 1 0 0
466945 468576 1 0 1 97 0 1 0 0
466945 470074 1 0 1 351 0 1 0 0
466945 471256 1 0 1 595 0 1 0 0
466945 471477 1 0 1 628 0 1 0 0
466945 471959 1 0 1 694 0 1 0 0
466945 472732 1 0 1 808 0 1 0 0
466945 473021 1 0 1 854 0 1 0 0
467080 471855 1 0 1 620 0 1 0 0
467149 467324 1 0 1 25 0 1 0 0
467156 474131 1 0 1 1173 0 1 0 0
200187 447849 1 0 1 3581 0 1 0 0
200187 474989 1 0 1 4078 0 1 0 0
22150 458454 1 0 1 86 0 1 0 0
22150 467614 1 0 1 1754 0 1 0 0
289320 455699 0 1 1 0 64 0 1 0
22284 22564 1 0 1 310 0 1 0 0
467681 467682 0 1 1 0 4660 0 1 0
467711 467880 1 0 1 23 0 1 0 0
467929 468542 1 0 1 84 0 1 0 0
467943 468402 1 0 1 68 0 1 0 0
289929 313737 0 1 1 0 4126 0 1 0
468058 468059 0 1 1 0 17 0 1 0
379171 442627 0 1 1 0 1024 0 1 0
468278 468279 0 1 1 0 3984 0 1 0
468451 468631 1 0 1 32 0 1 0 0
112354 434644 0 1 1 0 2451 0 1 0
201518 448060 0 1 1 0 3775 0 1 0
468715 468716 0 1 1 0 4741 0 1 0
468727 468729 1 0 1 2 0 1 0 0
468728 475107 1 0 1 1147 0 1 0 0
468770 473377 1 0 1 783 0 1 0 0
201876 261292 0 2 2 0 4365 0 2 0
380155 459813 0 1 1 0 925 0 1 0
469208 469939 1 0 1 97 0 1 0 0
291346 454390 1 0 1 188 0 1 0 0
24299 474018 0 1 1 0 24 0 1 0
24334 96480 0 1 1 0 460 0 1 0
469702 469837 1 0 1 22 0 1 0 0
113576 447061 0 1 1 0 606 0 1 0
291660 294338 1 0 1 3257 0 1 0 0
291660 298180 1 0 1 5294 0 1 0 0
291660 357819 1 0 1 1757 0 1 0 0
291660 364173 1 0 1 422 0 1 0 0
291660 438797 1 0 1 371 0 1 0 0
291660 442983 1 0 1 292 0 1 0 0
291660 444053 1 0 1 22 0 1 0 0
291660 444093 1 0 1 28 0 1 0 0
291660 444577 1 0 1 97 0 1 0 0
291660 445992 1 0 1 773 0 1 0 0
291660 446810 1 0 1 405 0 1 0 0
291660 447814 1 0 1 552 0 1 0 0
291660 448443 1 0 1 637 0 1 0 0
291660 451164 1 0 1 1026 0 1 0 0
291660 452387 1 0 1 1183 0 1 0 0
291660 453428 1 0 1 1314 0 1 0 0
291660 460134 1 0 1 2444 0 1 0 0
291660 461684 1 0 1 2678 0 1 0 0
291660 461866 1 0 1 2705 0 1 0 0
291660 464322 1 0 1 3193 0 1 0 0
291660 469778 1 0 1 4001 0 1 0 0
291660 475660 1 0 1 5114 0 1 0 0
291660 476248 1 0 1 5189 0 1 0 0
291660 476380 1 0 1 5214 0 1 0 0
469810 469811 0 1 1 0 1777 0 1 0
24612 472859 1 0 1 3283 0 1 0 0
469907 469945 1 0 1 6 0 1 0 0
469912 470966 1 0 1 188 0 1 0 0
291858 452500 1 0 1 236 0 1 0 0
469944 471660 1 0 1 322 0 1 0 0
25247 47718 1 0 1 392 0 1 0 0
25247 437949 1 0 1 311 0 1 0 0
470481 470482 0 1 1 0 2201 0 1 0
25331 466490 0 1 1 0 305 0 1 0
470629 476772 1 0 1 1172 0 1 0 0
470699 471457 1 0 1 191 0 1 0 0
470814 471324 1 0 1 156 0 1 0 0
470814 471459 1 0 1 176 0 1 0 0
470814 472388 1 0 1 302 0 1 0 0
470963 474467 3 0 3 654 0 2 0 0
470963 474741 0 2 2 0 37 0 2 0
471112 471113 0 1 1 0 1711 0 1 0
293194 442953 0 1 1 0 1340 0 1 0
26111 66391 0 1 1 0 91 0 1 0
26277 313737 0 1 1 0 5177 0 1 0
115357 125378 1 0 1 97 0 1 0 0
115357 436819 1 0 1 408 0 1 0 0
115357 439795 1 0 1 844 0 1 0 0
204403 254951 1 0 1 132 0 1 0 0
204403 477015 1 0 1 2892 0 1 0 0
26358 64698 1 0 1 1400 0 1 0 0
26358 105575 1 0 1 333 0 1 0 0
471849 473082 0 1 1 0 672 0 1 0
471849 476475 0 1 1 0 998 0 1 0
471874 473175 1 0 1 194 0 1 0 0
471874 473299 1 0 1 210 0 1 0 0
471874 473645 1 0 1 307 0 1 0 0
471874 475610 1 0 1 691 0 1 0 0
471874 475916 1 0 1 751 0 1 0 0
471874 476840 1 0 1 931 0 1 0 0
471874 477155 1 0 1 999 0 1 0 0
471999 474838 1 0 1 532 0 1 0 0
472125 472126 0 1 1 0 2308 0 1 0
115989 267631 0 1 1 0 4610 0 1 0
205070 247159 1 0 1 5529 0 1 0 0
205070 442851 1 0 1 35 0 1 0 0
205070 445031 1 0 1 326 0 1 0 0
472207 472611 1 0 1 43 0 1 0 0
27014 33464 1 0 1 458 0 1 0 0
27014 36040 1 0 1 39 0 1 0 0
27014 42640 1 0 1 4196 0 1 0 0
27014 378754 1 0 1 12 0 1 0 0
27014 407891 1 0 1 187 0 1 0 0
27014 452241 1 0 1 67 0 1 0 0
27014 453195 1 0 1 180 0 1 0 0
27014 455478 1 0 1 464 0 1 0 0
27014 456986 1 0 1 660 0 1 0 0
27014 458926 1 0 1 1144 0 1 0 0
27014 460334 1 0 1 1351 0 1 0 0
27014 463150 1 0 1 1837 0 1 0 0
27014 465472 1 0 1 2237 0 1 0 0
27014 469883 1 0 1 2905 0 1 0 0
27014 474045 1 0 1 3794 0 1 0 0
27014 474405 1 0 1 3717 0 1 0 0
27014 475393 1 0 1 3910 0 1 0 0
472427 472428 0 1 1 0 226 0 1 0
472428 472997 1 0 1 316 0 1 0 0
472450 472506 1 0 1 12 0 1 0 0
383472 455699 0 1 1 0 586 0 1 0
294544 474474 1 0 1 538 0 1 0 0
294544 474838 1 0 1 610 0 1 0 0
205819 457324 0 1 1 0 2648 0 1 0
472963 472964 0 1 1 0 3824 0 1 0
116873 117228 1 0 1 99 0 1 0 0
116873 437425 1 0 1 248 0 1 0 0
116873 438036 0 1 1 0 59 0 1 0
116873 438481 0 1 1 0 11 0 1 0
116873 438878 1 0 1 486 0 1 0 0
116873 439266 1 0 1 535 0 1 0 0
116873 449676 1 0 1 1996 0 1 0 0
116873 451556 1 0 1 2239 0 1 0 0
116873 453291 1 0 1 2481 0 1 0 0
116873 457333 0 1 1 0 714 0 1 0
116873 459184 0 1 1 0 90 0 1 0
116873 463994 1 0 1 4254 0 1 0 0
116873 464039 1 0 1 4266 0 0.5 0 0
116873 468175 0 1 1 0 341 0 1 0
116873 468770 0 1 1 0 271 0 1 0
116873 475187 1 0 1 6129 0 1 0 0
473047 473226 1 0 1 26 0 1 0 0
473047 473515 1 0 1 69 0 1 0 0
28039 448684 1 0 1 335 0 1 0 0
473249 474018 0 1 1 0 8 0 1 0
473266 473320 1 0 1 7 0 1 0 0
28071 261292 0 1 1 0 979 0 1 0
473330 473331 0 1 1 0 2455 0 1 0
117310 261292 0 1 1 0 1584 0 1 0
28499 455699 0 1 1 0 1198 0 1 0
117718 291858 0 1 1 0 250 0 1 0
473973 474010 1 0 1 8 0 1 0 0
474018 474399 1 0 1 69 0 1 0 0
474018 474542 1 0 1 96 0 1 0 0
474018 474737 1 0 1 133 0 1 0 0
474018 475422 1 0 1 275 0 1 0 0
474018 475536 1 0 1 298 0 1 0 0
474018 475831 1 0 1 356 0 1 0 0
474018 476371 1 0 1 459 0 1 0 0
474018 476881 1 0 1 561 0 1 0 0
474097 474370 1 0 1 52 0 1 0 0
474097 474831 1 0 1 145 0 1 0 0
474097 477141 1 0 1 606 0 1 0 0
474211 474663 1 0 1 85 0 1 0 0
29023 327924 0 1 1 0 1185 0 1 0
29023 459158 0 1 1 0 114 0 1 0
29099 459032 1 0 1 2692 0 1 0 0
474467 474741 0 2 2 0 59 0 1 0
474585 476796 1 0 1 439 0 1 0 0
29428 239389 1 0 1 2673 0 1 0 0
29444 469076 1 0 1 181 0 1 0 0
29468 56104 0 1 1 0 656 0 1 0
29632 291660 0 1 1 0 400 0 1 0
207729 261292 0 1 1 0 1056 0 1 0
118707 162289 0 1 1 0 23 0 1 0
474898 474946 1 0 1 5 0 1 0 0
29728 472000 1 0 1 3032 0 1 0 0
29728 477061 1 0 1 190 0 1 0 0
29855 459870 0 1 1 0 237 0 1 0
475099 477143 1 0 1 418 0 1 0 0
29917 66391 0 1 1 0 3048 0 1 0
475139 475259 1 0 1 25 0 1 0 0
29995 467136 0 1 1 0 1464 0 1 0
386241 440574 0 1 1 0 1064 0 1 0
386293 458657 0 1 1 0 2304 0 1 0
297329 435296 0 1 1 0 3068 0 1 0
30305 394667 0 1 1 0 13 0 1 0
208404 438569 0 1 1 0 2125 0 1 0
119404 473264 1 0 1 4750 0 1 0 0
297547 474060 1 0 1 366 0 1 0 0
297547 474476 1 0 1 445 0 1 0 0
297547 476390 1 0 1 824 0 1 0 0
30573 449703 1 0 1 117 0 1 0 0
30584 95626 0 1 1 0 250 0 1 0
30584 110614 0 1 1 0 154 0 1 0
30584 464483 0 1 1 0 262 0 1 0
30584 466356 0 1 1 0 118 0 1 0
30589 227545 0 2 2 0 197 0 1.5 0
30589 455699 0 1 1 0 133 0 1 0
30589 474018 0 1 1 0 97 0 0.5 0
475833 476378 1 0 1 105 0 1 0 0
30796 110016 0 1 1 0 329 0 1 0
386984 435833 0 1 1 0 532 0 1 0
120047 458606 1 0 1 22 0 1 0 0
209360 291660 0 1 1 0 174 0 1 0
31375 455699 0 1 1 0 1998 0 1 0
209578 443509 0 1 1 0 25 0 1 0
120622 313737 0 1 1 0 6544 0 1 0
209838 471929 0 1 1 0 151 0 1 0
388699 455699 0 1 1 0 3406 0 1 0
210937 474744 1 0 1 214 0 1 0 0
33127 238059 0 1 1 0 559 0 1 0
211434 261292 1 1 2 47 742 1 1 0
122430 449227 0 1 1 0 528 0 1 0
33464 162289 0 1 1 0 266 0 1 0
33464 464356 0 1 1 0 795 0 1 0
33634 313737 0 1 1 0 181 0 1 0
211723 460998 0 1 1 0 21 0 1 0
33716 436206 0 1 1 0 114 0 1 0
33716 442273 0 1 1 0 214 0 1 0
33716 459403 0 1 1 0 291 0 1 0
122773 458049 1 0 1 2234 0 1 0 0
33742 198466 1 0 1 694 0 1 0 0
33742 448690 1 0 1 44 0 1 0 0
390017 393650 0 1 1 0 142 0 1 0
390028 435833 0 1 1 0 42 0 1 0
212015 435828 2 0 2 32 0 2 0 0
212015 437568 2 0 2 441 0 2 0 0
212015 449107 1 0 1 1926 0 1 0 0
212015 466977 1 0 1 4736 0 1 0 0
123048 186726 1 0 1 46 0 1 0 0
123048 442051 1 0 1 149 0 1 0 0
123048 442159 1 0 1 165 0 1 0 0
123048 442407 1 0 1 198 0 1 0 0
123048 448172 1 0 1 12 0 1 0 0
123246 291660 0 1 1 0 5357 0 1 0
212610 445312 0 1 1 0 125 0 1 0
34868 458657 0 1 1 0 391 0 1 0
34886 466227 1 0 1 1795 0 1 0 0
35024 435833 0 1 1 0 4030 0 1 0
302165 443563 0 1 1 0 54 0 1 0
213235 460751 0 1 1 0 1182 0 1 0
35341 471874 0 1 1 0 388 0 1 0
302506 440194 0 1 1 0 1276 0 1 0
35477 162289 0 1 1 0 473 0 1 0
302798 440194 0 1 1 0 1266 0 1 0
391970 435430 0 1 1 0 12 0 1 0
391970 439496 0 1 1 0 631 0 1 0
214406 454887 0 1 1 0 965 0 1 0
125378 130200 0 1 1 0 42 0 1 0
125378 439446 0 1 1 0 130 0 1 0
125378 445353 0 1 1 0 46 0 1 0
125378 450737 0 1 1 0 44 0 1 0
125378 453061 0 1 1 0 111 0 1 0
125620 438569 0 1 1 0 473 0 1 0
303811 435833 0 1 1 0 3084 0 1 0
303984 459494 1 0 1 1228 0 1 0 0
37193 204403 0 1 1 0 729 0 1 0
37193 426709 0 1 1 0 941 0 1 0
37224 458657 0 1 1 0 3151 0 1 0
393413 435833 0 1 1 0 350 0 1 0
393547 474097 0 1 1 0 47 0 1 0
393650 433732 1 0 1 47 0 1 0 0
393650 435258 1 0 1 224 0 1 0 0
393650 457105 1 0 1 3281 0 1 0 0
393650 458113 1 0 1 3447 0 1 0 0
37581 38203 1 0 1 640 0 1 0 0
37581 433596 1 0 1 330 0 1 0 0
305127 313737 0 1 1 0 2261 0 1 0
394371 467042 0 1 1 0 94 0 1 0
38556 457963 0 1 1 0 25 0 1 0
38619 162289 0 1 1 0 169 0 1 0
395067 455699 0 1 1 0 247 0 1 0
306441 475463 0 1 1 0 7 0 1 0
217407 435833 0 1 1 0 282 0 1 0
306521 306736 1 0 1 404 0 1 0 0
306521 401181 1 0 1 168 0 1 0 0
39563 426709 0 0 1 0 0 0 0 0
39614 107901 1 0 1 112 0 1 0 0
39614 469402 1 0 1 25 0 1 0 0
39614 469558 1 0 1 42 0 1 0 0
39614 470078 1 0 1 116 0 1 0 0
39630 40124 0 1 1 0 667 0 1 0
39649 439728 0 1 1 0 482 0 1 0
396114 455699 0 1 1 0 146 0 1 0
40124 64126 1 0 1 79 0 1 0 0
40124 359639 1 0 1 685 0 0.5 0 0
40124 365712 1 0 1 593 0 1 0 0
40124 381373 1 0 1 2914 0 0.5 0 0
40124 443380 1 0 1 177 0 1 0 0
40124 443478 1 0 1 576 0 0.5 0 0
40124 446316 1 0 1 586 0 1 0 0
40124 446704 1 0 1 640 0 1 0 0
40124 447245 1 0 1 718 0 1 0 0
307487 458657 0 1 1 0 349 0 1 0
397047 455201 1 0 1 359 0 1 0 0
129985 454887 0 1 1 0 132 0 1 0
41267 437130 0 1 1 0 107 0 1 0
219976 454887 0 1 1 0 3242 0 1 0
130954 466932 1 0 1 113 0 1 0 0
220009 466490 0 1 1 0 332 0 1 0
220040 254045 1 0 1 346 0 1 0 0
220040 308165 1 0 1 4756 0 1 0 0
220040 446747 1 0 1 893 0 1 0 0
220040 447511 1 0 1 1002 0 1 0 0
220040 459295 1 0 1 2839 0 1 0 0
220040 460968 1 0 1 3069 0 1 0 0
220220 437973 0 1 1 0 212 0 1 0
309568 441300 0 1 1 0 446 0 1 0
220563 464880 1 0 1 161 0 1 0 0
220563 468808 1 0 1 673 0 1 0 0
309680 462333 0 1 1 0 1778 0 1 0
42818 446806 1 0 1 178 0 1 0 0
42982 59471 0 1 1 0 18 0 1 0
42982 157498 0 1 1 0 30 0 1 0
310233 464356 0 1 1 0 497 0 1 0
221277 335804 0 1 1 0 152 0 1 0
311056 444723 0 1 1 0 3155 0 1 0
132993 454887 0 1 1 0 2738 0 1 0
400283 443424 0 1 1 0 114 0 1 0
44186 141919 1 0 1 1319 0 1 0 0
311372 471874 0 1 1 0 94 0 1 0
222449 463285 1 0 1 1255 0 1 0 0
44512 464256 0 1 1 0 798 0 1 0
400691 458657 0 1 1 0 1298 0 1 0
44785 271021 0 1 1 0 1435 0 1 0
133993 463293 0 1 1 0 278 0 1 0
312263 466490 0 1 1 0 300 0 1 0
223356 449227 0 1 1 0 499 0 1 0
45610 52555 1 0 1 41 0 1 0 0
224040 224113 0 1 1 0 47 0 1 0
224069 443815 0 1 1 0 293 0 1 0
46043 110016 0 1 1 0 213 0 1 0
46099 470214 0 1 1 0 32 0 1 0
224186 476832 1 0 1 1001 0 1 0 0
46344 436272 0 1 1 0 119 0 1 0
46601 460519 1 0 1 358 0 1 0 0
313737 313929 1 0 1 15 0 1 0 0
313737 314430 1 0 1 2613 0 1 0 0
313737 314505 1 0 1 436 0 1 0 0
313737 321122 1 0 1 562 0 1 0 0
313737 327182 1 0 1 5343 0 1 0 0
313737 331719 1 0 1 6988 0 1 0 0
313737 354171 1 0 1 1553 0 1 0 0
313737 377009 1 0 1 1280 0 1 0 0
313737 391375 1 0 1 984 0 1 0 0
313737 396455 1 0 1 607 0 1 0 0
313737 407891 1 0 1 7006 0 1 0 0
313737 411534 1 0 1 724 0 1 0 0
313737 431406 1 0 1 8 0 1 0 0
313737 431528 1 0 1 22 0 1 0 0
313737 431963 1 0 1 75 0 1 0 0
313737 432195 1 0 1 105 0 1 0 0
313737 432489 1 0 1 140 0 1 0 0
313737 432722 1 0 1 170 0 1 0 0
313737 432904 1 0 1 194 0 1 0 0
313737 433056 1 0 1 212 0 1 0 0
313737 433239 1 0 1 233 0 1 0 0
313737 433303 1 0 1 239 0 1 0 0
313737 433854 1 0 1 316 0 1 0 0
313737 433864 1 0 1 317 0 1 0 0
313737 433870 1 0 1 317 0 1 0 0
313737 434250 1 0 1 364 0 1 0 0
313737 435120 1 0 1 457 0 1 0 0
313737 435127 1 0 1 457 0 1 0 0
313737 435893 1 0 1 616 0 1 0 0
313737 436412 1 0 1 689 0 1 0 0
313737 436953 1 0 1 771 0 1 0 0
313737 437405 1 0 1 837 0 1 0 0
313737 437485 1 0 1 849 0 1 0 0
313737 437608 1 0 1 864 0 1 0 0
313737 437664 1 0 1 871 0 1 0 0
313737 437759 1 0 1 887 0 1 0 0
313737 437780 1 0 1 889 0 1 0 0
313737 437888 1 0 1 906 0 1 0 0
313737 437956 1 0 1 960 0 1 0 0
313737 438484 1 0 1 1025 0 1 0 0
313737 438758 1 0 1 1063 0 1 0 0
313737 438816 1 0 1 1068 0 1 0 0
313737 439264 1 0 1 1126 0 1 0 0
313737 439299 1 0 1 1684 0 1 0 0
313737 441421 1 0 1 1403 0 1 0 0
313737 442558 1 0 1 1561 0 1 0 0
313737 442774 1 0 1 1593 0 1 0 0
313737 443235 1 0 1 1654 0 1 0 0
313737 443769 1 0 1 1732 0 1 0 0
313737 443916 1 0 1 1750 0 1 0 0
313737 444947 1 0 1 2004 0 1 0 0
313737 445599 1 0 1 1987 0 1 0 0
313737 447079 1 0 1 2189 0 1 0 0
313737 447432 1 0 1 2241 0 1 0 0
313737 447446 1 0 1 2243 0 1 0 0
313737 447551 1 0 1 2258 0 1 0 0
313737 447619 1 0 1 2270 0 1 0 0
313737 448262 1 0 1 2363 0 1 0 0
313737 448555 1 0 1 2401 0 1 0 0
313737 449071 1 0 1 2511 0 1 0 0
313737 449296 1 0 1 2539 0 1 0 0
313737 449650 1 0 1 2669 0 1 0 0
313737 450553 1 0 1 2696 0 1 0 0
313737 450584 1 0 1 2699 0 1 0 0
313737 451205 1 0 1 2781 0 1 0 0
313737 452789 1 0 1 3428 0 1 0 0
313737 455076 1 0 1 3259 0 1 0 0
313737 455262 1 0 1 3282 0 1 0 0
313737 456562 1 0 1 3472 0 1 0 0
313737 457643 1 0 1 3594 0 1 0 0
313737 457724 1 0 1 3608 0 1 0 0
313737 458248 1 0 1 4421 0 1 0 0
313737 458923 1 0 1 4222 0 1 0 0
313737 460694 1 0 1 4253 0 1 0 0
313737 461342 1 0 1 4411 0 1 0 0
313737 461688 1 0 1 4426 0 1 0 0
313737 461940 1 0 1 4465 0 1 0 0
313737 464372 1 0 1 4948 0 1 0 0
313737 464394 1 0 1 4952 0 1 0 0
313737 465193 1 0 1 5054 0 1 0 0
313737 465888 1 0 1 5148 0 1 0 0
313737 468022 1 0 1 5460 0 1 0 0
313737 468282 1 0 1 5497 0 1 0 0
313737 474091 1 0 1 6510 0 1 0 0
313737 475111 1 0 1 6703 0 1 0 0
313737 475801 1 0 1 6851 0 1 0 0
313737 476120 1 0 1 6908 0 1 0 0
313737 476589 1 0 1 7048 0 1 0 0
135748 461256 0 1 1 0 463 0 1 0
46934 435833 0 1 1 0 266 0 1 0
135999 313737 0 1 1 0 442 0 1 0
314091 455699 0 1 1 0 2761 0 1 0
225369 460442 0 1 1 0 1595 0 1 0
47688 244328 1 0 1 166 0 1 0 0
47688 463173 1 0 1 326 0 1 0 0
225840 469418 0 1 1 0 868 0 1 0
48245 447061 0 1 1 0 30 0 1 0
137538 220563 0 1 1 0 2134 0 1 0
316177 440870 0 1 1 0 4435 0 1 0
138141 443069 1 0 1 65 0 1 0 0
138141 443818 1 0 1 168 0 1 0 0
316322 441965 0 1 1 0 647 0 1 0
405409 461946 0 1 1 0 27 0 1 0
49312 470586 1 0 1 3188 0 1 0 0
227545 249133 1 0 1 91 0 1 0 0
227545 368191 2 0 2 150 0 1.5 0 0
227545 389434 1 0 1 457 0 1 0 0
227545 455738 2 0 2 25 0 1.5 0 0
227545 456443 1 0 1 128 0 1 0 0
227545 472788 1 0 1 346 0 1 0 0
227545 474018 0 1 1 0 28 0 1 0
227545 474019 1 0 1 26 0 1 0 0
227545 474182 1 0 1 54 0 1 0 0
227545 474258 1 0 1 68 0 1 0 0
227545 475247 1 0 1 257 0 1 0 0
227545 475479 1 0 1 315 0 1 0 0
227545 476104 1 0 1 430 0 1 0 0
227545 476494 1 0 1 566 0 1 0 0
227545 476759 1 0 1 560 0 1 0 0
227545 477063 1 0 1 629 0 1 0 0
227545 477181 1 0 1 649 0 1 0 0
227999 455699 0 1 1 0 233 0 1 0
50510 65364 1 0 1 19 0 1 0 0
317685 447061 0 1 1 0 2501 0 1 0
407004 464356 0 1 1 0 463 0 1 0
139953 162289 0 1 1 0 107 0 1 0
318524 454887 0 1 1 0 452 0 1 0
319048 342481 2 0 2 253 0 2 0 0
319048 422167 1 0 1 649 0 1 0 0
319048 431994 1 0 1 424 0 1 0 0
319048 435441 1 0 1 34 0 1 0 0
319048 435557 2 0 2 122 0 2 0 0
319048 435594 2 0 2 939 0 2 0 0
319048 435791 1 0 1 138 0 1 0 0
319048 436016 1 0 1 717 0 1 0 0
319048 436442 1 0 1 229 0 1 0 0
319048 437830 1 0 1 434 0 1 0 0
319048 440107 1 0 1 238 0 1 0 0
319048 441626 1 0 1 448 0 1 0 0
319048 441839 1 0 1 479 0 1 0 0
319048 443852 1 0 1 755 0 1 0 0
319048 445131 1 0 1 936 0 1 0 0
319048 451666 1 0 1 2284 0 1 0 0
141019 454887 0 1 1 0 2068 0 1 0
52073 65576 0 1 1 0 14 0 1 0
52073 383502 1 0 1 370 0 1 0 0
408618 455699 0 1 1 0 87 0 1 0
52560 441300 0 1 1 0 141 0 1 0
230690 435833 0 1 1 0 20 0 1 0
52647 84716 1 0 1 1370 0 1 0 0
52647 247549 1 0 1 3294 0 1 0 0
52647 457370 1 0 1 421 0 1 0 0
52647 476118 1 0 1 3770 0 1 0 0
230868 445008 0 1 1 0 618 0 1 0
52859 445008 0 1 1 0 3236 0 1 0
141919 440149 0 1 1 0 1 0 1 0
231475 448657 1 0 1 2263 0 1 0 0
53474 454887 0 1 1 0 558 0 1 0
142682 162289 0 1 1 0 3087 0 1 0
54075 431455 0 1 1 0 5792 0 1 0
321448 445008 0 1 1 0 387 0 1 0
233574 313737 0 1 1 0 111 0 1 0
234135 261292 0 1 1 0 1134 0 1 0
56104 309568 1 0 1 681 0 1 0 0
56104 448825 1 0 1 1903 0 1 0 0
56402 219686 0 0 1 0 0 0 0 0
145796 426709 0 1 1 0 199 0 1 0
145847 467080 0 1 1 0 518 0 1 0
235196 445008 0 1 1 0 24 0 1 0
57205 162289 0 1 1 0 2334 0 1 0
146263 467026 0 1 1 0 806 0 1 0
57534 454887 0 1 1 0 295 0 1 0
413775 458868 0 1 1 0 173 0 1 0
235716 291660 0 1 1 0 2616 0 1 0
57716 470720 1 0 1 1242 0 1 0 0
58215 451037 1 0 1 59 0 1 0 0
58238 313737 0 1 1 0 506 0 1 0
58796 125378 1 0 1 197 0 1 0 0
415273 464356 0 1 1 0 419 0 1 0
59358 444670 0 1 1 0 1773 0 1 0
415704 435365 0 1 1 0 2701 0 1 0
59561 434320 0 1 1 0 90 0 1 0
59673 215960 0 1 1 0 75 0 1 0
59832 435833 0 1 1 0 19 0 1 0
60184 261292 0 1 1 0 1579 0 1 0
60342 461946 0 2 2 0 1196 0 2 0
327867 459870 0 1 1 0 219 0 1 0
328004 467098 1 0 1 592 0 1 0 0
60959 435833 0 1 1 0 1956 0 1 0
61512 440356 0 1 1 0 82 0 1 0
61803 313737 0 1 1 0 9 0 1 0
61803 433199 0 1 1 0 8 0 1 0
329134 441300 0 1 1 0 151 0 1 0
240257 291660 0 1 1 0 48 0 1 0
240338 430704 1 0 1 600 0 1 0 0
418522 435833 0 1 1 0 1634 0 1 0
151976 152940 1 0 1 57 0 1 0 0
151976 155339 1 0 1 377 0 1 0 0
63079 76905 0 1 1 0 1608 0 1 0
63079 445008 0 1 1 0 2299 0 1 0
63341 470676 1 0 1 284 0 1 0 0
152645 454887 0 1 1 0 40 0 1 0
420236 438057 0 1 1 0 161 0 1 0
242434 397047 0 1 1 0 2268 0 1 0
242572 469207 0 1 1 0 355 0 1 0
331715 441300 0 1 1 0 273 0 1 0
242888 245699 1 0 1 260 0 1 0 0
242888 433139 1 0 1 174 0 1 0 0
243450 327483 0 1 1 0 597 0 1 0
65391 158604 1 0 1 74 0 1 0 0
65576 212180 1 0 1 731 0 1 0 0
65576 253229 1 0 1 897 0 1 0 0
65576 474461 1 0 1 6647 0 1 0 0
65755 439909 0 1 1 0 1729 0 1 0
332919 439031 0 1 1 0 1198 0 1 0
243893 313737 0 1 1 0 267 0 1 0
333388 438569 0 1 1 0 4267 0 1 0
66391 68586 1 0 1 4837 0 1 0 0
66391 71513 1 0 1 6 0 1 0 0
66391 80147 1 0 1 5065 0 1 0 0
66391 81744 1 0 1 153 0 1 0 0
66391 95002 1 0 1 2467 0 1 0 0
66391 98434 1 0 1 4487 0 1 0 0
66391 123357 1 0 1 314 0 1 0 0
66391 345612 1 0 1 86 0 1 0 0
66391 384944 1 0 1 37 0 1 0 0
66391 402308 1 0 1 3458 0 1 0 0
66391 403482 1 0 1 260 0 1 0 0
66391 411211 1 0 1 31 0 1 0 0
66391 432287 1 0 1 10 0 1 0 0
66391 432329 1 0 1 16 0 1 0 0
66391 432366 1 0 1 20 0 1 0 0
66391 432406 1 0 1 25 0 1 0 0
66391 432469 1 0 1 33 0 1 0 0
66391 432543 1 0 1 42 0 1 0 0
66391 432547 1 0 1 42 0 1 0 0
66391 432561 1 0 1 44 0 1 0 0
66391 432564 1 0 1 44 0 1 0 0
66391 432727 1 0 1 66 0 1 0 0
66391 432744 1 0 1 68 0 1 0 0
66391 432756 1 0 1 70 0 1 0 0
66391 432778 1 0 1 71 0 1 0 0
66391 432794 1 0 1 74 0 1 0 0
66391 432800 1 0 1 75 0 1 0 0
66391 432851 1 0 1 81 0 1 0 0
66391 432884 1 0 1 85 0 1 0 0
66391 432981 1 0 1 99 0 1 0 0
66391 433068 1 0 1 110 0 1 0 0
66391 433153 1 0 1 119 0 1 0 0
66391 433195 1 0 1 123 0 1 0 0
66391 433392 1 0 1 147 0 1 0 0
66391 433488 1 0 1 159 0 1 0 0
66391 433649 1 0 1 180 0 1 0 0
66391 433843 1 0 1 210 0 1 0 0
66391 433911 1 0 1 216 0 1 0 0
66391 434019 1 0 1 231 0 1 0 0
66391 434084 1 0 1 239 0 1 0 0
66391 434211 1 0 1 255 0 1 0 0
66391 434957 1 0 1 332 0 1 0 0
66391 435012 1 0 1 339 0 1 0 0
66391 435030 1 0 1 341 0 1 0 0
66391 435453 1 0 1 395 0 1 0 0
66391 436556 1 0 1 607 0 1 0 0
66391 440520 1 0 1 1171 0 1 0 0
66391 441110 1 0 1 1220 0 1 0 0
66391 441609 1 0 1 1326 0 1 0 0
66391 441748 1 0 1 1346 0 1 0 0
66391 447484 1 0 1 2144 0 1 0 0
66391 448286 1 0 1 2262 0 1 0 0
66391 448850 1 0 1 2341 0 1 0 0
66391 449497 1 0 1 2461 0 1 0 0
66391 456247 1 0 1 3332 0 1 0 0
66391 457187 1 0 1 3434 0 1 0 0
66391 460196 1 0 1 4092 0 1 0 0
66391 462094 1 0 1 4386 0 1 0 0
66391 462362 1 0 1 4423 0 1 0 0
66391 462525 1 0 1 4448 0 1 0 0
66391 466049 1 0 1 5065 0 1 0 0
66391 466422 1 0 1 5111 0 1 0 0
66391 466709 1 0 1 5184 0 1 0 0
66391 466943 1 0 1 5215 0 1 0 0
66391 467557 1 0 1 5297 0 1 0 0
66391 467730 1 0 1 5313 0 1 0 0
66391 468407 1 0 1 5407 0 1 0 0
66391 469125 1 0 1 5554 0 1 0 0
66391 469684 1 0 1 5628 0 1 0 0
66391 470445 1 0 1 5738 0 1 0 0
66391 470582 1 0 1 5755 0 1 0 0
66391 471357 1 0 1 5945 0 1 0 0
66391 471858 1 0 1 6063 0 1 0 0
66391 471932 1 0 1 6025 0 1 0 0
66391 473602 1 0 1 6314 0 1 0 0
66391 475720 1 0 1 6732 0 1 0 0
244541 463246 0 1 1 0 199 0 1 0
244707 437114 1 0 1 568 0 1 0 0
244966 448940 1 0 1 770 0 1 0 0
244966 454923 1 0 1 1514 0 1 0 0
67235 166961 0 1 1 0 1753 0 1 0
67242 434320 0 1 1 0 310 0 1 0
67286 261292 0 1 1 0 214 0 1 0
156765 170913 1 0 1 2315 0 1 0 0
334910 457890 0 1 1 0 762 0 1 0
246121 451186 0 1 1 0 96 0 1 0
335331 444294 0 1 1 0 124 0 1 0
424497 438569 0 1 1 0 4721 0 1 0
424678 464158 0 1 1 0 2097 0 1 0
246733 451750 0 1 1 0 14 0 1 0
425037 436341 1 1 2 11 149 1 1 0
68980 445008 0 1 1 0 127 0 1 0
247159 297547 0 1 1 0 836 0 1 0
69117 436004 0 1 1 0 117 0 1 0
69143 329710 0 1 1 0 134 0 1 0
425492 463925 1 0 1 2815 0 1 0 0
69339 319048 0 2 2 0 201 0 2 0
158604 436004 0 1 1 0 3927 0 1 0
69688 429248 1 0 1 1922 0 1 0 0
69955 462068 0 1 1 0 588 0 1 0
248274 429696 1 0 1 1058 0 1 0 0
426709 436663 1 0 1 185 0 1 0 0
426709 445976 1 0 1 1988 0 1 0 0
426709 461587 1 0 1 259 0 1 0 0
426860 445008 0 1 1 0 608 0 1 0
249133 455699 0 1 1 0 2424 0 1 0
71310 162289 0 1 1 0 203 0 1 0
71952 443561 0 1 1 0 1165 0 1 0
161019 461256 0 1 1 0 82 0 1 0
339124 458657 0 1 1 0 377 0 1 0
428508 458657 0 1 1 0 657 0 1 0
72357 166961 0 1 1 0 222 0 1 0
250582 469372 1 0 1 432 0 1 0 0
251215 466490 0 1 1 0 829 0 1 0
162289 178803 1 0 1 161 0 1 0 0
162289 194613 1 0 1 2830 0 1 0 0
162289 225840 1 0 1 4074 0 1 0 0
162289 233739 1 0 1 939 0 1 0 0
162289 233829 1 0 1 2970 0 1 0 0
162289 237751 1 0 1 2506 0 1 0 0
162289 242998 1 0 1 116 0 1 0 0
162289 310233 1 0 1 1963 0 1 0 0
162289 320111 1 0 1 39 0 1 0 0
162289 333922 1 0 1 2781 0 1 0 0
162289 368209 1 0 1 3837 0 1 0 0
162289 376871 1 0 1 10 0 1 0 0
162289 393785 1 0 1 2389 0 1 0 0
162289 446797 1 0 1 19 0 1 0 0
162289 449529 1 0 1 437 0 1 0 0
162289 453302 1 0 1 12 0 1 0 0
162289 453318 1 0 1 14 0 1 0 0
162289 453336 1 0 1 16 0 1 0 0
162289 453343 1 0 1 17 0 1 0 0
162289 453387 1 0 1 22 0 1 0 0
162289 453412 1 0 1 24 0 1 0 0
162289 453635 1 0 1 48 0 1 0 0
162289 453639 1 0 1 49 0 1 0 0
162289 453825 1 0 1 70 0 1 0 0
162289 453860 1 0 1 73 0 1 0 0
162289 453976 1 0 1 89 0 1 0 0
162289 454064 1 0 1 102 0 1 0 0
162289 454096 1 0 1 105 0 1 0 0
162289 454135 1 0 1 109 0 1 0 0
162289 454173 1 0 1 113 0 1 0 0
162289 454288 1 0 1 126 0 1 0 0
162289 454304 1 0 1 128 0 1 0 0
162289 454386 1 0 1 136 0 1 0 0
162289 454597 1 0 1 163 0 1 0 0
162289 454723 1 0 1 178 0 1 0 0
162289 454855 1 0 1 196 0 1 0 0
162289 454898 1 0 1 201 0 1 0 0
162289 454934 1 0 1 206 0 1 0 0
162289 455002 1 0 1 213 0 1 0 0
162289 455029 1 0 1 216 0 1 0 0
162289 455368 1 0 1 260 0 1 0 0
162289 455504 1 0 1 276 0 1 0 0
162289 455575 1 0 1 282 0 1 0 0
162289 456071 1 0 1 382 0 1 0 0
162289 456635 1 0 1 446 0 1 0 0
162289 456950 1 0 1 477 0 1 0 0
162289 457970 1 0 1 646 0 1 0 0
162289 458030 1 0 1 652 0 1 0 0
162289 458814 1 0 1 902 0 1 0 0
162289 458923 1 0 1 966 0 1 0 0
162289 459476 1 0 1 1078 0 1 0 0
162289 460382 1 0 1 1179 0 1 0 0
162289 462117 1 0 1 1458 0 1 0 0
162289 462381 1 0 1 1494 0 1 0 0
162289 463150 1 0 1 2282 0 1 0 0
162289 463415 1 0 1 1692 0 1 0 0
162289 463608 1 0 1 1719 0 1 0 0
162289 463951 1 0 1 2709 0 1 0 0
162289 465020 1 0 1 1994 0 1 0 0
162289 465639 1 0 1 2075 0 1 0 0
162289 466833 1 0 1 2268 0 1 0 0
162289 467526 1 0 1 2359 0 1 0 0
162289 468782 1 0 1 2528 0 1 0 0
162289 472109 1 0 1 3117 0 1 0 0
162289 472822 1 0 1 3224 0 1 0 0
162289 474435 1 0 1 3540 0 1 0 0
162289 474480 1 0 1 3550 0 1 0 0
162289 475411 1 0 1 3737 0 1 0 0
251879 252902 1 0 1 2052 0 1 0 0
251879 255215 1 0 1 449 0 1 0 0
251879 457981 1 0 1 14 0 1 0 0
251879 458857 1 0 1 273 0 1 0 0
251879 459009 1 0 1 345 0 1 0 0
251879 459120 1 0 1 402 0 1 0 0
251879 459705 1 0 1 470 0 1 0 0
251879 460403 1 0 1 549 0 1 0 0
251879 460667 1 0 1 582 0 1 0 0
251879 464166 1 0 1 1247 0 1 0 0
251879 465329 1 0 1 1406 0 1 0 0
251879 466125 1 0 1 1511 0 1 0 0
251879 466320 1 0 1 1534 0 1 0 0
251879 468454 1 0 1 1850 0 1 0 0
251879 470624 1 0 1 2197 0 1 0 0
251879 471696 1 0 1 2427 0 1 0 0
251879 474511 1 0 1 2927 0 1 0 0
340995 367349 0 1 1 0 27 0 1 0
340995 435962 0 1 1 0 1899 0 1 0
340995 438936 0 1 1 0 30 0 1 0
340995 438950 0 1 1 0 37 0 1 0
340995 438988 0 1 1 0 38 0 1 0
340995 463078 0 1 1 0 27 0 1 0
340995 463099 0 1 1 0 34 0 1 0
340995 463123 0 1 1 0 34 0 1 0
340995 463147 0 1 1 0 36 0 1 0
340995 471273 0 1 1 0 97 0 1 0
73946 445008 0 1 1 0 43 0 1 0
74184 443561 0 1 1 0 2160 0 1 0
430751 433726 1 0 1 372 0 1 0 0
430781 442646 1 0 1 1645 0 1 0 0
430781 454845 1 0 1 3303 0 1 0 0
430798 435783 1 0 1 668 0 1 0 0
163706 261292 0 1 1 0 224 0 1 0
74796 457047 0 1 1 0 2126 0 1 0
74960 438057 0 1 1 0 604 0 1 0
253141 465031 1 0 1 374 0 1 0 0
431278 438894 1 0 1 1090 0 1 0 0
253231 441965 0 1 1 0 5192 0 1 0
431364 448169 0 1 1 0 677 0 1 0
431454 437222 1 0 1 796 0 1 0 0
431454 438768 1 0 1 1076 0 1 0 0
431454 452287 1 0 1 2967 0 1 0 0
431688 434725 1 0 1 366 0 1 0 0
431737 434623 1 0 1 350 0 1 0 0
431737 460653 1 0 1 4204 0 1 0 0
253689 473086 1 0 1 143 0 1 0 0
431794 473369 1 0 1 6292 0 1 0 0
75898 281346 1 0 1 1949 0 1 0 0
432116 449148 1 0 1 2426 0 1 0 0
432116 449831 1 0 1 2511 0 1 0 0
432116 469636 1 0 1 5634 0 1 0 0
432374 433155 1 0 1 98 0 1 0 0
432374 433963 1 0 1 202 0 1 0 0
432493 444110 0 1 1 0 266 0 1 0
432592 441202 1 0 1 1183 0 1 0 0
432609 432847 1 0 1 30 0 1 0 0
432609 433330 1 0 1 86 0 1 0 0
432939 435426 1 0 1 297 0 1 0 0
432939 437011 1 0 1 914 0 1 0 0
432939 437214 1 0 1 610 0 1 0 0
432939 439477 1 0 1 952 0 1 0 0
432939 451703 1 0 1 2650 0 1 0 0
432939 475730 1 0 1 6641 0 1 0 0
76905 177251 1 0 1 726 0 1 0 0
76905 214845 1 0 1 51 0 1 0 0
76905 449900 1 0 1 13 0 1 0 0
76905 450348 1 0 1 71 0 1 0 0
76905 450354 1 0 1 72 0 1 0 0
76905 450766 1 0 1 122 0 1 0 0
76905 451514 1 0 1 226 0 1 0 0
76905 452575 1 0 1 359 0 1 0 0
76905 453747 1 0 1 497 0 1 0 0
76905 462131 1 0 1 1896 0 1 0 0
76905 464241 1 0 1 2331 0 1 0 0
76905 465547 1 0 1 2499 0 1 0 0
76905 465557 1 0 1 2501 0 1 0 0
433171 457625 1 0 1 3365 0 1 0 0
255135 458657 0 1 1 0 466 0 1 0
77205 319048 0 1 1 0 148 0 1 0
255322 438271 1 0 1 537 0 1 0 0
433480 438057 0 1 1 0 83 0 1 0
433480 438114 0 1 1 0 46 0 1 0
433480 442384 0 1 1 0 116 0 1 0
433480 463359 0 1 1 0 23 0 1 0
433540 435137 1 0 1 189 0 1 0 0
77394 250867 1 0 1 86 0 1 0 0
77394 434768 1 0 1 48 0 1 0 0
77394 456260 1 0 1 3079 0 1 0 0
433680 454764 1 0 1 2929 0 1 0 0
433836 434112 1 0 1 33 0 1 0 0
166961 460832 1 0 1 261 0 1 0 0
345132 462919 1 0 1 137 0 1 0 0
78111 138522 1 0 1 27 0 1 0 0
78111 451277 1 0 1 2126 0 1 0 0
78111 461236 1 0 1 3696 0 1 0 0
434320 435445 1 0 1 125 0 1 0 0
256406 257914 1 0 1 14 0 1 0 0
256406 445376 1 0 1 1185 0 1 0 0
256406 454128 1 0 1 2375 0 1 0 0
434644 450716 1 0 1 2317 0 1 0 0
434868 435149 1 0 1 35 0 1 0 0
434880 472274 1 0 1 307 0 1 0 0
435122 435408 1 0 1 36 0 1 0 0
435136 462772 1 0 1 4137 0 1 0 0
435198 435484 1 0 1 37 0 1 0 0
435201 466633 1 0 1 4815 0 1 0 0
435378 456776 1 0 1 3009 0 1 0 0
79384 454887 0 1 1 0 220 0 1 0
435832 435833 0 1 1 0 243 0 1 0
435833 436113 1 0 1 282 0 1 0 0
435833 436366 1 0 1 315 0 1 0 0
435833 436401 1 0 1 322 0 1 0 0
435833 437904 1 0 1 545 0 1 0 0
435833 437983 1 0 1 599 0 1 0 0
435833 438406 1 0 1 652 0 1 0 0
435833 438768 1 0 1 706 0 1 0 0
435833 439031 0 1 1 0 713 0 1 0
435833 439254 1 0 1 1026 0 1 0 0
435833 439305 1 0 1 764 0 1 0 0
435833 440480 1 0 1 908 0 1 0 0
435833 443668 1 0 1 1351 0 1 0 0
435833 444098 2 0 2 2097 0 2 0 0
435833 445877 1 0 1 1659 0 1 0 0
435833 446876 1 0 1 1797 0 1 0 0
435833 450258 2 0 2 3348 0 1.5 0 0
435833 451767 1 0 1 2491 0 1 0 0
435833 452502 1 0 1 2582 0 1 0 0
435833 453159 1 0 1 2668 0 1 0 0
435833 455163 1 0 1 2906 0 1 0 0
435833 455544 1 0 1 2950 0 1 0 0
435833 460233 1 0 1 3834 0 1 0 0
435833 465803 1 0 1 4772 0 1 0 0
435833 470467 1 0 1 20 0 1 0 0
435833 470487 1 0 1 23 0 1 0 0
435833 470496 1 0 1 24 0 1 0 0
435833 470680 1 0 1 49 0 1 0 0
435833 470713 1 0 1 52 0 1 0 0
435833 470890 1 0 1 117 0 1 0 0
435833 471009 1 0 1 174 0 1 0 0
435833 471021 1 0 1 175 0 1 0 0
435833 471100 1 0 1 185 0 1 0 0
435833 471155 1 0 1 192 0 1 0 0
435833 471216 1 0 1 204 0 1 0 0
435833 471260 1 0 1 211 0 1 0 0
435833 471307 1 0 1 218 0 1 0 0
435833 471375 1 0 1 227 0 1 0 0
435833 471411 1 0 1 232 0 1 0 0
435833 471542 1 0 1 251 0 1 0 0
435833 471610 1 0 1 262 0 1 0 0
435833 471909 1 0 1 302 0 1 0 0
435833 472064 1 0 1 324 0 1 0 0
435833 472130 1 0 1 332 0 1 0 0
435833 472177 1 0 1 339 0 1 0 0
435833 472193 1 0 1 340 0 1 0 0
435833 472264 1 0 1 352 0 1 0 0
435833 472320 1 0 1 358 0 1 0 0
435833 472382 1 0 1 367 0 1 0 0
435833 472410 1 0 1 371 0 1 0 0
435833 472494 1 0 1 388 0 1 0 0
435833 472512 1 0 1 390 0 1 0 0
435833 472524 1 0 1 393 0 1 0 0
435833 472529 1 0 1 395 0 1 0 0
435833 472620 1 0 1 407 0 1 0 0
435833 472738 1 0 1 423 0 1 0 0
435833 472772 1 0 1 429 0 1 0 0
435833 473201 1 0 1 496 0 1 0 0
435833 473392 1 0 1 524 0 1 0 0
435833 473660 1 0 1 608 0 1 0 0
435833 473668 1 0 1 609 0 1 0 0
435833 473707 1 0 1 614 0 1 0 0
435833 473759 1 0 1 626 0 1 0 0
435833 473788 1 0 1 630 0 1 0 0
435833 473859 1 0 1 645 0 1 0 0
435833 473881 1 0 1 650 0 1 0 0
435833 474185 1 0 1 707 0 1 0 0
435833 474393 1 0 1 744 0 1 0 0
435833 474650 1 0 1 793 0 1 0 0
435833 474684 1 0 1 798 0 1 0 0
435833 474709 1 0 1 804 0 1 0 0
435833 474790 1 0 1 822 0 1 0 0
435833 474903 1 0 1 843 0 1 0 0
435833 474973 1 0 1 854 0 1 0 0
435833 475037 1 0 1 865 0 1 0 0
435833 475185 1 0 1 896 0 1 0 0
435833 475206 1 0 1 899 0 1 0 0
435833 475265 1 0 1 912 0 1 0 0
435833 475269 1 0 1 914 0 1 0 0
435833 475350 1 0 1 935 0 1 0 0
435833 475380 1 0 1 942 0 1 0 0
435833 475431 1 0 1 954 0 1 0 0
435833 475552 1 0 1 978 0 1 0 0
435833 475962 1 0 1 1056 0 1 0 0
435833 475980 1 0 1 1060 0 1 0 0
435833 476060 1 0 1 1074 0 1 0 0
435833 476062 1 0 1 1281 0 1 0 0
435833 476068 1 0 1 1075 0 1 0 0
435833 476200 1 0 1 1104 0 1 0 0
435833 476272 1 0 1 1119 0 1 0 0
435833 476299 1 0 1 1124 0 1 0 0
435833 476301 1 0 1 1124 0 1 0 0
435833 476842 1 0 1 1228 0 1 0 0
435833 476903 1 0 1 1242 0 1 0 0
435833 476930 1 0 1 1249 0 1 0 0
435833 476992 1 0 1 1264 0 1 0 0
435833 477019 1 0 1 1269 0 1 0 0
435833 477173 1 0 1 1299 0 1 0 0
435842 435843 0 1 1 0 88 0 1 0
435977 462189 1 0 1 3877 0 1 0 0
436004 436744 1 0 1 108 0 1 0 0
436004 437098 1 0 1 160 0 1 0 0
436004 457462 1 0 1 2940 0 1 0 0
436004 462641 1 0 1 3944 0 1 0 0
436077 470210 1 0 1 5166 0 1 0 0
347050 394667 0 1 1 0 154 0 1 0
436103 443130 1 0 1 996 0 1 0 0
436272 437159 1 0 1 135 0 1 0 0
436273 437691 0 1 1 0 156 0 1 0
169241 340995 1 0 1 33 0 1 0 0
169502 340995 1 0 1 34 0 1 0 0
436928 441178 1 0 1 568 0 1 0 0
437083 455699 0 1 1 0 605 0 1 0
170040 261292 0 1 1 0 185 0 1 0
437250 437880 1 0 1 92 0 1 0 0
437257 467024 1 0 1 1088 0 1 0 0
170208 451560 1 0 1 1079 0 1 0 0
437425 464039 1 1 2 4018 632 0.5 1 0
437907 438617 1 0 1 94 0 1 0 0
437907 441665 1 0 1 489 0 1 0 0
437922 438617 1 0 1 90 0 1 0 0
437941 437942 0 1 1 0 128 0 1 0
437942 446915 1 0 1 1337 0 1 0 0
437942 454559 1 0 1 2364 0 1 0 0
437942 454701 1 0 1 2382 0 1 0 0
437942 462964 1 0 1 3842 0 1 0 0
437973 451831 1 0 1 2113 0 1 0 0
437973 457989 1 0 1 2933 0 1 0 0
437973 464900 1 0 1 4264 0 1 0 0
437973 471630 1 0 1 5339 0 1 0 0
438022 441064 1 0 1 350 0 1 0 0
438280 438707 1 0 1 53 0 1 0 0
349416 443229 1 0 1 447 0 1 0 0
438466 441166 1 0 1 310 0 1 0 0
171364 313737 0 1 1 0 257 0 1 0
438490 441895 1 0 1 447 0 1 0 0
438496 450914 1 0 1 1711 0 1 0 0
260463 464585 0 1 1 0 725 0 1 0
438569 438980 1 0 1 59 0 1 0 0
438569 439190 1 0 1 83 0 1 0 0
438569 441934 1 0 1 444 0 1 0 0
438569 442595 1 0 1 531 0 1 0 0
438569 442991 1 0 1 589 0 1 0 0
438569 443441 1 0 1 650 0 1 0 0
438569 445022 1 0 1 873 0 1 0 0
438569 445135 1 0 1 887 0 1 0 0
438569 445764 1 0 1 973 0 1 0 0
438569 445825 1 0 1 983 0 1 0 0
438569 446945 1 0 1 1135 0 1 0 0
438569 449117 1 0 1 1481 0 1 0 0
438569 449409 1 0 1 1517 0 1 0 0
438569 450411 1 0 1 1643 0 1 0 0
438569 450686 1 0 1 1677 0 1 0 0
438569 451215 1 0 1 1747 0 1 0 0
438569 453939 1 0 1 2086 0 1 0 0
438569 456680 1 0 1 2452 0 1 0 0
438569 459289 1 0 1 3056 0 1 0 0
438569 463267 1 0 1 3676 0 1 0 0
438569 463936 1 0 1 3804 0 1 0 0
438569 468823 1 0 1 4535 0 1 0 0
438569 470228 1 0 1 4777 0 1 0 0
438569 471442 1 0 1 5027 0 1 0 0
438679 442986 1 0 1 572 0 1 0 0
349794 458657 0 1 1 0 3022 0 1 0
82676 449041 0 1 1 0 755 0 1 0
82759 437907 0 1 1 0 1380 0 1 0
438950 468171 1 0 1 4393 0 1 0 0
439031 450258 1 0 1 1562 0 0.5 0 0
82926 449135 0 1 1 0 59 0 1 0
439147 454075 1 0 1 2027 0 1 0 0
439196 455699 0 1 1 0 1264 0 1 0
439260 440001 1 0 1 86 0 1 0 0
439260 450953 1 0 1 1618 0 1 0 0
172219 455699 0 1 1 0 102 0 1 0
261292 282377 1 0 1 1002 0 1 0 0
261292 339354 1 0 1 2901 0 1 0 0
261292 360644 1 0 1 748 0 1 0 0
261292 389883 1 0 1 2274 0 1 0 0
261292 390568 1 1 2 1510 41 1 1 0
261292 393606 1 0 1 801 0 1 0 0
261292 400666 1 0 1 84 0 1 0 0
261292 419959 1 0 1 62 0 1 0 0
261292 443563 1 0 1 919 0 1 0 0
261292 446533 1 0 1 2459 0 0.5 0 0
261292 455382 1 0 1 23 0 1 0 0
261292 455471 1 0 1 33 0 1 0 0
261292 456386 1 0 1 176 0 1 0 0
261292 456740 1 0 1 219 0 1 0 0
261292 458725 1 0 1 1752 0 1 0 0
261292 459194 1 0 1 805 0 1 0 0
261292 459370 1 0 1 825 0 1 0 0
261292 460669 1 0 1 976 0 1 0 0
261292 460780 1 0 1 984 0 1 0 0
261292 460790 1 0 1 985 0 1 0 0
261292 461309 1 0 1 1099 0 1 0 0
261292 461422 1 0 1 111 0 1 0 0
261292 462135 1 0 1 1222 0 1 0 0
261292 462510 1 0 1 1276 0 1 0 0
261292 463143 1 0 1 412 0 1 0 0
261292 463203 1 0 1 1425 0 1 0 0
261292 463907 0 1 1 0 159 0 1 0
261292 464629 1 0 1 700 0 1 0 0
261292 465408 1 0 1 802 0 1 0 0
261292 465918 1 0 1 1876 0 1 0 0
261292 466011 1 0 1 1891 0 1 0 0
261292 466058 1 0 1 1897 0 1 0 0
261292 466212 1 0 1 909 0 1 0 0
261292 466569 2 0 2 2999 0 2 0 0
261292 467407 2 0 2 3216 0 2 0 0
261292 467624 1 0 1 1128 0 1 0 0
261292 467657 1 0 1 2135 0 1 0 0
261292 467919 1 0 1 2172 0 1 0 0
261292 468014 1 0 1 2185 0 1 0 0
261292 468080 2 0 2 3413 0 2 0 0
261292 468259 1 0 1 2218 0 1 0 0
261292 469043 1 0 1 1325 0 1 0 0
261292 469804 1 0 1 2477 0 1 0 0
261292 470070 2 0 2 4027 0 2 0 0
261292 470504 1 0 1 2573 0 1 0 0
261292 471073 2 0 2 4461 0 2 0 0
261292 471226 1 0 1 1749 0 1 0 0
261292 471598 2 0 2 4630 0 2 0 0
261292 471777 1 0 1 2833 0 1 0 0
261292 472408 1 0 1 2920 0 1 0 0
261292 472438 1 0 1 2925 0 1 0 0
261292 472834 1 0 1 2986 0 1 0 0
261292 473191 1 0 1 3043 0 1 0 0
261292 473560 1 0 1 2132 0 1 0 0
261292 473897 1 0 1 3202 0 1 0 0
261292 474075 1 0 1 2229 0 1 0 0
261292 475355 1 0 1 3485 0 1 0 0
261292 476743 1 0 1 3757 0 1 0 0
350493 435833 0 1 1 0 3046 0 1 0
439628 447421 1 0 1 1073 0 1 0 0
83513 84059 1 0 1 2328 0 1 0 0
439693 441040 0 1 1 0 587 0 1 0
439693 448224 1 0 1 1185 0 1 0 0
439693 461305 1 0 1 3233 0 1 0 0
439726 439737 0 1 1 0 426 0 1 0
439737 452380 1 0 1 2178 0 1 0 0
439737 472865 1 0 1 5513 0 1 0 0
439844 452087 1 0 1 1708 0 1 0 0
439909 440242 1 0 1 46 0 1 0 0
439909 444583 1 0 1 649 0 1 0 0
439909 447811 1 0 1 1103 0 1 0 0
439909 448452 1 0 1 1190 0 1 0 0
440149 449054 0 1 1 0 70 0 1 0
262397 454887 0 1 1 0 66 0 1 0
440845 457939 1 0 1 2383 0 1 0 0
351807 440631 1 0 1 279 0 1 0 0
351807 449842 1 0 1 1598 0 1 0 0
440870 442617 1 0 1 272 0 1 0 0
262932 449749 0 1 1 0 147 0 1 0
441037 446124 1 0 1 746 0 1 0 0
263120 435833 0 1 1 0 64 0 1 0
441299 441300 0 1 1 0 20 0 1 0
441300 441380 1 0 1 29 0 1 0 0
441300 441423 1 0 1 33 0 1 0 0
441300 442020 1 0 1 119 0 1 0 0
441300 442145 1 0 1 139 0 1 0 0
441300 442631 1 0 1 203 0 1 0 0
441300 443907 1 0 1 381 0 1 0 0
441300 446111 1 0 1 689 0 1 0 0
441300 448297 1 0 1 999 0 1 0 0
441300 449551 1 0 1 1204 0 1 0 0
441300 454468 1 0 1 1814 0 1 0 0
441300 455512 1 0 1 1944 0 1 0 0
441300 457920 1 0 1 2306 0 1 0 0
441300 459170 1 0 1 2708 0 1 0 0
441300 459534 1 0 1 2753 0 1 0 0
441300 461751 1 0 1 3065 0 1 0 0
441300 468142 1 0 1 4109 0 1 0 0
441339 442016 1 0 1 96 0 1 0 0
441376 448572 1 0 1 1005 0 1 0 0
441382 442283 1 0 1 127 0 1 0 0
441619 441620 0 1 1 0 69 0 1 0
85574 85841 1 0 1 2688 0 1 0 0
85574 96472 1 0 1 1809 0 1 0 0
85574 218388 1 0 1 3378 0 1 0 0
85574 406610 1 0 1 2616 0 1 0 0
85574 422713 1 0 1 531 0 1 0 0
85574 448916 1 0 1 80 0 1 0 0
85574 451387 1 0 1 392 0 1 0 0
85574 453675 1 0 1 674 0 1 0 0
85574 465545 1 0 1 2684 0 1 0 0
85574 466073 1 0 1 2762 0 1 0 0
85574 467961 1 0 1 3039 0 1 0 0
85574 468253 1 0 1 3079 0 1 0 0
85574 468272 1 0 1 3081 0 1 0 0
85574 468461 1 0 1 3105 0 1 0 0
85574 470124 1 0 1 3382 0 1 0 0
352726 455699 0 1 1 0 3511 0 1 0
85647 115411 1 0 1 46 0 1 0 0
85766 465830 1 0 1 398 0 1 0 0
441931 442011 0 1 1 0 734 0 1 0
441965 448391 1 0 1 896 0 1 0 0
441965 452306 1 0 1 1438 0 1 0 0
441965 452456 1 0 1 1456 0 1 0 0
441965 456845 1 0 1 2020 0 1 0 0
441974 442514 1 0 1 70 0 1 0 0
441974 443284 1 0 1 175 0 1 0 0
441974 443590 1 0 1 219 0 1 0 0
441974 443795 1 0 1 250 0 1 0 0
441974 475883 1 0 1 5381 0 1 0 0
85841 435833 0 1 1 0 525 0 1 0
85841 468952 0 1 1 0 1064 0 1 0
442011 469498 1 0 1 4956 0 1 0 0
442662 443257 1 0 1 81 0 1 0 0
442662 459413 1 0 1 2531 0 1 0 0
353714 445008 0 1 1 0 165 0 1 0
264934 441300 0 1 1 0 798 0 1 0
443150 443498 1 0 1 48 0 1 0 0
354199 462445 0 1 1 0 256 0 1 0
443318 464883 1 0 1 3348 0 1 0 0
443343 454778 1 0 1 1728 0 1 0 0
443540 468402 1 0 1 3827 0 1 0 0
443561 444265 1 0 1 100 0 1 0 0
443561 444766 1 0 1 168 0 1 0 0
443561 445953 1 0 1 335 0 1 0 0
443561 456911 1 0 1 1808 0 1 0 0
443563 446533 2 0 2 2008 0 1.5 0 0
443563 448232 1 0 1 712 0 1 0 0
443563 462297 1 0 1 241 0 1 0 0
443563 463354 1 0 1 707 0 1 0 0
443563 472478 1 0 1 1931 0 1 0 0
443571 444990 1 0 1 201 0 1 0 0
443571 451018 1 0 1 1050 0 1 0 0
443571 458977 1 0 1 2308 0 1 0 0
443571 465713 1 0 1 3421 0 1 0 0
443673 444112 1 0 1 62 0 1 0 0
444065 444066 0 1 1 0 43 0 1 0
444066 450123 1 0 1 911 0 1 0 0
444294 451494 1 0 1 1018 0 1 0 0
444294 452853 1 0 1 1191 0 1 0 0
444294 456542 1 0 1 1666 0 1 0 0
444480 444481 0 1 1 0 14 0 1 0
444515 444516 0 1 1 0 162 0 1 0
444670 445743 1 0 1 150 0 1 0 0
444670 447165 1 0 1 350 0 1 0 0
444670 462671 1 0 1 2729 0 1 0 0
444723 467436 1 0 1 3521 0 1 0 0
177635 443571 0 1 1 0 72 0 1 0
444759 449584 1 0 1 710 0 1 0 0
444759 449777 1 0 1 731 0 1 0 0
445008 445402 1 0 1 54 0 1 0 0
445008 445839 1 0 1 114 0 1 0 0
445008 445999 1 0 1 136 0 1 0 0
445008 447250 1 0 1 311 0 1 0 0
445008 447999 1 0 1 421 0 1 0 0
445008 448119 1 0 1 439 0 1 0 0
445008 449428 1 0 1 650 0 1 0 0
445008 450220 1 0 1 1007 0 1 0 0
445008 450246 1 0 1 756 0 1 0 0
445008 452171 1 0 1 1002 0 1 0 0
445008 452808 1 0 1 1081 0 1 0 0
445008 454196 1 0 1 1246 0 1 0 0
445008 460024 1 0 1 2273 0 1 0 0
445008 460031 1 0 1 2274 0 1 0 0
445008 466250 1 0 1 3289 0 1 0 0
445008 469350 1 0 1 3788 0 1 0 0
445008 471108 1 0 1 4104 0 1 0 0
445095 445190 1 0 1 89 0 1 0 0
445155 455004 1 0 1 1323 0 1 0 0
