8 1
9 1
47 1
84 1
86 4
96 4
106 1
166 1
171 2
175 1
194 2
209 2
270 1
304 1
322 18
347 3
379 1
392 2
463 2
554 1
615 1
712 1
713 4
724 1
737 1
757 1
769 1
783 1
791 2
797 3
826 1
893 1
969 2
990 1
1051 1
1085 1
1112 1
1182 1
1202 1
1255 1
1335 4
1374 1
1452 1
1462 1
1465 1
1488 2
1589 1
1662 1
1697 1
1756 2
1808 1
1815 1
1834 1
1904 1
1906 1
1916 1
1946 2
1954 1
1979 1
2026 1
2035 1
2047 1
2052 4
2091 1
2102 1
2111 3
2126 2
2151 1
2181 1
2197 1
2220 1
2335 3
2337 1
2353 2
2381 1
2415 1
2448 1
2463 2
2518 4
2577 2
2625 1
2633 1
2753 1
2764 1
2783 1
2811 1
2879 3
2963 3
3030 1
3054 1
3138 1
3240 1
3284 1
3348 1
3359 4
3377 2
3477 2
3497 1
3511 1
3597 1
3611 1
3613 2
3683 3
3694 1
3727 1
3868 1
3895 2
3909 1
3954 1
3960 1
3991 2
4006 1
4027 2
4066 1
4108 1
4125 1
4163 1
4191 1
4198 1
4235 1
4269 1
4288 1
4299 2
4382 2
4409 1
4419 1
4474 1
4501 14
4534 2
4547 1
4627 2
4763 1
4801 2
4848 1
4853 2
4860 3
4892 1
4907 1
4932 1
4937 1
4983 2
5010 1
5088 1
5104 1
5124 1
5126 1
5134 1
5221 1
5255 8
5284 3
5293 1
5316 1
5374 1
5387 1
5422 1
5530 1
5558 2
5610 5
5726 1
5774 1
5844 1
5919 1
5932 2
5938 2
5962 1
6058 1
6064 1
6158 1
6174 1
6175 1
6183 4
6241 2
6253 1
6274 1
6275 2
6396 1
6453 1
6457 1
6458 1
6559 1
6611 1
6619 1
6641 1
6667 2
6668 2
6917 1
6962 1
6966 1
6983 1
6990 1
6993 4
6995 1
7056 1
7152 1
7227 1
7271 1
7301 1
7361 8
7531 1
7561 1
7642 1
7650 1
7666 1
7752 1
7800 1
7818 1
7820 1
7867 1
7891 2
7900 1
7918 1
7940 1
7951 1
7980 1
8036 1
8068 1
8166 1
8224 1
8282 2
8285 1
8298 1
8482 1
8504 1
8589 1
8610 1
8651 2
8661 1
8683 1
8955 3
9030 1
9126 1
9161 1
9184 1
9214 1
9295 2
9322 1
9327 1
9335 1
9455 1
9459 1
9494 1
9538 1
9622 1
9645 1
9710 1
9726 1
9774 1
9829 1
9833 1
9846 2
9894 2
9910 1
9952 1
9955 1
9956 3
10006 1
10036 1
10064 1
10242 1
10291 4
10411 2
10435 1
10479 1
10501 1
10679 1
10784 1
10847 1
10867 1
10957 1
11057 1
11097 1
11149 1
11288 1
11319 1
11414 1
11464 1
11467 1
11470 4
11505 1
11560 1
11629 1
11668 2
11693 1
11694 3
11695 1
11698 2
11754 1
11769 1
11776 1
11788 1
11791 3
11792 2
11821 2
11844 1
11892 2
12015 1
12042 2
12068 1
12073 1
12187 2
12233 1
12462 1
12463 1
12531 2
12546 1
12639 1
12719 1
12725 1
12737 1
12819 1
12839 1
13144 2
13221 1
13251 1
13452 1
13595 1
13640 2
13651 1
13717 1
13751 1
13782 1
13797 1
13821 1
13928 1
13937 1
13952 1
14167 1
14168 1
14291 1
14359 1
14462 1
14483 1
14630 1
14654 1
14664 2
14702 2
14733 1
14824 1
14897 1
14913 2
14945 1
14988 1
15008 2
15035 2
15051 1
15132 1
15270 1
15328 1
15329 1
15378 3
15389 1
15397 1
15413 1
15428 1
15477 1
15587 1
15637 1
15668 1
15736 3
15742 1
15772 1
15931 3
15947 1
15990 2
16078 1
16094 3
16184 1
16193 2
16203 1
16314 1
16322 2
16370 1
16372 1
16414 2
16528 1
16546 1
16596 1
16608 1
16774 1
16786 2
16808 1
16971 1
17059 1
17071 1
17129 1
17158 1
17277 1
17397 1
17531 3
17532 1
17624 1
17660 2
17776 2
17829 1
17930 2
17961 1
17979 1
17993 1
17995 1
18017 1
18028 1
18144 1
18200 1
18291 1
18297 1
18398 1
18427 1
18443 1
18531 1
18561 1
18613 2
18715 1
18780 1
18837 1
18892 1
19013 1
19022 2
19087 1
19090 2
19096 1
19104 1
19163 1
19191 2
19200 1
19331 1
19460 1
19468 1
19616 1
19617 1
19635 1
19643 1
19653 19
19767 1
19785 1
19839 1
19844 2
19867 1
19935 2
19958 1
19974 1
20006 2
20061 1
20072 2
20073 1
20081 1
20096 1
20132 1
20138 1
20476 1
20510 1
20554 1
20712 1
20795 1
20838 1
20867 2
20931 1
21113 1
21143 1
21203 1
21210 1
21320 1
21362 2
21498 1
21607 1
21619 1
21631 1
21644 5
21648 1
21685 1
22065 1
22123 1
22149 1
22150 1
22284 1
22323 1
22360 1
22476 1
22564 1
22999 1
23032 1
23046 1
23181 2
23205 1
23298 1
23397 1
23482 1
23528 1
23593 1
23604 1
23625 2
23837 1
24005 1
24060 2
24299 1
24334 1
24389 1
24434 4
24447 1
24473 1
24612 1
24681 1
24753 1
24770 1
24802 1
24918 1
24927 1
24934 1
25061 1
25224 1
25247 1
25331 1
25460 1
25502 1
25759 1
25974 1
26016 1
26049 1
26066 1
26099 1
26111 1
26149 1
26156 1
26188 1
26200 1
26277 1
26358 2
26633 1
26667 1
26669 2
26939 1
26943 1
27014 1
27062 1
27093 1
27118 1
27257 1
27307 1
27330 1
27365 1
27370 1
27645 1
27662 2
27927 1
27944 1
28038 1
28039 1
28071 1
28080 1
28125 1
28236 1
28412 1
28436 1
28499 1
28578 1
28624 1
28747 1
28776 1
28868 1
28907 1
29000 1
29023 6
29056 1
29099 1
29111 1
29132 1
29194 1
29428 2
29433 2
29444 1
29468 1
29483 2
29510 2
29555 1
29607 1
29632 2
29638 1
29728 2
29819 1
29855 1
29891 2
29917 2
29995 1
30012 1
30126 1
30305 1
30320 1
30478 1
30573 1
30584 4
30589 3
30792 2
30796 1
30831 1
30837 1
30850 1
30860 1
31327 1
31367 1
31375 1
31437 2
31464 3
31575 1
31708 2
31797 1
31979 1
32003 1
32083 1
32153 1
32224 2
32245 1
32397 1
32503 1
32589 2
32707 1
32831 1
32859 1
32952 1
33098 1
33127 1
33149 1
33319 2
33403 1
33424 1
33464 3
33634 1
33705 1
33709 1
33716 3
33742 1
33934 1
33965 1
34238 2
34313 1
34366 1
34725 1
34773 1
34841 1
34868 1
34886 1
34954 1
35024 1
35045 1
35072 2
35201 1
35208 1
35238 1
35240 1
35341 2
35460 1
35477 1
35694 3
35844 1
36024 1
36040 1
36265 1
36282 1
36328 1
36468 1
36469 1
36503 1
36507 1
36540 1
36601 1
36646 1
36856 2
36941 1
36961 1
37074 1
37149 1
37193 2
37224 1
37493 1
37528 1
37581 1
37669 1
37725 1
37846 1
37946 1
37991 1
38061 1
38106 1
38132 1
38203 2
38275 1
38452 1
38556 1
38619 1
38674 2
38844 1
38926 1
38942 1
39131 1
39179 1
39252 1
39563 1
39614 1
39630 1
39649 1
39707 1
39709 1
39710 1
39751 1
39823 2
39887 1
40002 1
40088 1
40124 2
40232 1
40258 1
40395 1
40470 1
40493 1
40788 2
40914 1
40999 2
41154 1
41158 2
41166 1
41210 2
41229 1
41267 1
41365 1
41552 1
41707 1
41842 2
42024 1
42127 1
42357 1
42437 1
42443 1
42490 1
42510 1
42640 1
42818 2
42939 1
42982 2
43138 1
43197 1
43287 2
43304 1
43313 1
43582 1
43703 1
43885 1
44186 1
44205 1
44289 1
44495 1
44512 1
44785 1
44889 1
44927 1
45229 1
45491 1
45610 1
46043 1
46099 1
46344 1
46420 1
46425 1
46450 1
46467 1
46477 1
46481 1
46536 1
46601 1
46739 1
46771 1
46801 1
46934 1
47076 1
47168 3
47175 1
47513 1
47536 1
47618 1
47688 1
47718 1
47895 2
48135 1
48245 1
48369 1
48617 1
48923 1
48964 1
49012 1
49106 1
49161 1
49206 1
49312 1
49471 1
49566 1
49761 1
49852 1
49893 1
49922 1
49952 1
50056 1
50130 1
50215 2
50227 2
50339 2
50510 1
50622 1
50644 1
50650 1
50664 2
50717 1
50782 1
50841 1
50881 1
50942 1
51335 1
51548 1
51627 1
51630 1
51679 1
52073 2
52305 1
52342 1
52402 1
52442 1
52452 1
52555 1
52557 2
52560 1
52563 1
52613 1
52647 2
52768 1
52830 1
52836 1
52859 1
52902 1
53147 1
53474 1
53517 1
53554 1
53584 1
53656 1
53764 1
53782 1
53821 1
53847 1
54075 1
54106 1
54727 1
54822 1
54956 1
55377 1
55652 1
55733 1
56104 1
56159 1
56222 1
56271 2
56313 2
56402 1
56726 1
57108 1
57131 1
57178 1
57205 1
57534 1
57547 1
57716 2
57798 1
57991 1
58131 1
58170 1
58215 1
58238 1
58653 3
58791 1
58796 1
58852 1
58908 1
59114 1
59167 1
59177 1
59246 1
59358 1
59471 2
59561 1
59673 1
59821 1
59832 1
59859 1
59926 1
59966 1
60038 1
60184 2
60342 2
60611 1
60681 2
60727 2
60959 1
61512 1
61549 1
61603 1
61700 1
61803 2
62505 1
62711 2
62815 1
62873 1
62934 1
63079 2
63341 1
63366 1
63676 1
64117 1
64126 2
64396 1
64434 1
64553 1
64583 1
64594 1
64698 2
64896 1
65114 1
65196 1
65254 1
65364 1
65391 2
65408 1
65576 1
65667 1
65755 1
66032 2
66316 1
66391 1
66454 1
66593 1
66935 1
67235 1
67242 1
67286 1
68233 1
68241 1
68249 1
68257 1
68274 1
68586 1
68980 1
69117 1
69143 1
69194 1
69339 2
69688 1
69751 1
69955 1
70039 1
70635 1
70756 1
70975 1
71307 1
71310 1
71513 2
71644 1
71645 1
71952 1
72357 1
72811 1
72884 1
73168 1
73281 1
73643 1
73648 2
73729 1
73821 1
73946 2
74000 2
74184 1
74386 1
74418 1
74785 1
74796 1
74960 1
75084 1
75091 1
75118 1
75155 1
75420 1
75594 1
75898 3
76484 1
76905 1
77154 1
77205 1
77280 1
77394 2
77536 1
77885 1
78111 1
78210 1
78248 1
78302 1
78768 1
78788 8
79157 1
79323 1
79384 2
79959 1
80018 1
80147 2
80219 1
80827 1
81396 1
81744 1
82552 1
82676 1
82678 1
82759 2
82766 1
82841 1
82894 1
82926 2
82983 1
83135 1
83226 1
83513 1
84059 1
84697 1
84716 1
85314 1
85395 1
85574 1
85647 1
85651 1
85746 1
85752 1
85766 1
85841 3
86056 1
86779 1
86855 2
87030 1
87221 1
87644 2
87817 1
87827 1
87898 1
87997 1
88455 1
88763 2
88879 1
88942 2
89171 1
89247 1
89308 3
89485 1
89619 1
89716 1
90161 1
90595 1
90805 1
90911 3
91375 1
91812 1
91888 1
91894 1
92087 1
92213 2
92329 1
92354 1
92507 1
92786 1
93279 1
93340 1
93371 8
93484 1
93512 1
93845 1
93909 1
94075 1
94161 1
94353 1
94387 1
94639 1
94697 1
94951 1
95002 1
95102 1
95512 1
95593 1
95626 1
95658 1
96003 1
96103 2
96352 1
96472 1
96480 1
96657 2
96663 1
96680 1
96686 1
96796 2
96808 1
97408 2
97466 1
97502 1
97585 1
97956 1
98030 1
98434 1
98839 1
98995 1
99318 1
99520 1
99789 1
99818 1
99855 1
100078 1
100810 1
101016 1
101073 1
101191 1
101396 1
101708 1
101805 1
102593 1
102610 1
102860 1
102906 1
103007 1
103311 1
103397 1
103426 1
104121 1
104195 1
104283 2
104402 1
104513 1
104809 1
104828 1
104875 1
104880 1
105072 1
105575 1
105672 1
106124 1
106220 1
106465 1
106603 2
106655 1
106703 1
106940 1
107007 1
107067 1
107208 1
107231 1
107479 1
107571 1
107651 1
107834 1
107901 1
107983 1
108479 1
108609 2
108642 1
108650 1
108919 1
109162 1
109322 1
109698 2
110016 1
110206 1
110268 1
110614 1
110675 1
111198 1
111228 1
111267 1
111365 1
111739 1
112354 1
112834 1
113006 7
113576 1
113818 1
114772 1
115357 1
115411 2
115989 1
116161 1
116317 1
116873 8
117077 1
117228 1
117310 1
117447 1
117480 1
117528 1
117539 1
117659 1
117718 1
117754 1
118647 1
118707 1
119114 1
119404 1
119481 1
119661 1
120047 1
120609 1
120622 1
120795 1
121236 1
122178 2
122430 1
122479 1
122773 1
122875 1
123048 2
123202 1
123246 1
123300 1
123357 2
123655 1
124193 1
124254 1
125349 1
125378 7
125620 1
125791 1
125809 1
125851 1
126013 1
127254 1
127318 1
127575 2
127901 1
128412 1
128509 1
128558 1
128713 1
129015 1
129047 1
129227 1
129719 1
129797 1
129985 1
130067 1
130200 1
130954 3
131374 2
132349 1
132659 1
132806 1
132808 1
132993 1
133186 1
133276 1
133303 1
133457 5
133663 1
133993 1
134730 1
134902 1
135212 1
135662 1
135748 1
135999 2
136515 1
137538 1
137666 2
138069 1
138141 1
138183 1
138191 1
138242 1
138253 1
138522 1
138718 1
138736 1
139423 6
139953 1
140286 1
140495 1
140862 1
141012 1
141019 1
141119 1
141776 1
141854 3
141897 1
141919 2
142682 1
143184 1
143344 1
143352 1
143968 1
144051 3
144574 1
144830 1
145796 1
145847 1
146157 2
146186 1
146263 1
146279 1
146499 1
147294 1
148401 1
148940 1
149046 1
149216 1
149316 1
150542 1
150689 1
151633 1
151652 1
151676 1
151976 2
152550 1
152645 1
152768 1
152940 1
153084 1
153775 1
154778 1
154858 1
155025 1
155339 1
155485 1
155794 1
155899 1
156765 1
156865 1
157154 1
157498 1
158054 1
158273 1
158354 1
158579 1
158604 2
160398 1
160514 1
161019 1
162289 2
162966 1
163218 1
163706 1
163974 1
164101 1
164229 1
165580 1
166001 1
166961 1
167025 1
167485 1
167956 1
168189 1
168410 1
168454 1
168931 1
169241 1
169502 1
169780 1
170040 1
170208 1
170469 1
170767 1
170874 1
170913 1
170994 1
171364 1
171531 1
171592 1
172163 1
172219 1
172238 1
173332 1
173350 1
173691 1
173724 1
175355 1
175439 1
175493 1
176104 2
176807 1
177251 1
177257 1
177432 1
177569 1
177635 1
178803 1
179159 2
179908 1
179942 1
180040 1
180131 1
181162 1
181360 1
181374 1
181537 2
182302 1
182879 2
182924 1
183136 1
183229 1
183828 1
184096 1
184144 1
184345 1
184813 1
184848 1
184886 1
185122 2
185210 1
185392 1
186419 1
186583 1
186626 1
186726 1
186855 1
187224 1
187259 2
187557 1
187584 1
188364 1
188733 1
189181 1
189356 2
189388 1
189435 1
189930 1
190038 1
190546 1
190696 1
190788 1
190870 3
191217 1
191848 1
192354 1
192874 2
193064 1
193205 1
193315 1
193371 1
193436 1
193937 1
194233 1
194613 3
194754 1
195479 2
195824 1
196095 1
196118 1
196144 2
196211 1
196397 1
196629 1
197037 1
197073 1
197385 2
197666 1
197908 1
198084 1
198113 1
198159 1
198466 1
198684 1
198779 1
198873 1
198949 1
199128 1
199452 1
200187 2
200545 1
200739 1
201518 1
201876 2
202190 1
202886 1
202914 1
203415 1
203710 1
203934 1
204403 1
204502 1
204641 2
204663 1
205070 1
205482 2
205657 1
205819 1
206051 1
206100 2
206229 1
206369 1
206985 2
207135 1
207448 1
207729 1
207932 1
208319 1
208404 1
209292 1
209360 1
209578 2
209779 1
209838 1
209917 1
209929 2
210281 1
210329 1
210651 1
210684 1
210937 2
211434 2
211578 1
211723 1
212015 2
212180 1
212493 2
212610 1
212703 1
213069 1
213099 1
213235 1
213289 1
214034 1
214301 1
214406 1
214456 2
214528 1
214706 1
214845 1
215107 1
215239 1
215309 1
215604 1
215640 1
215960 2
217407 1
217418 1
217808 1
218388 1
218705 2
218913 1
219391 1
219535 1
219617 1
219651 1
219686 1
219915 1
219950 1
219976 1
219990 1
220009 1
220040 1
220220 1
220563 1
220984 1
220985 1
221082 1
221277 1
221863 1
221900 2
222217 1
222302 1
222363 1
222449 1
222579 2
222796 2
223149 1
223219 1
223289 1
223295 1
223356 1
223531 1
223706 1
223928 1
224001 1
224003 1
224040 1
224069 1
224113 1
224186 1
224658 1
224699 1
224870 1
225174 1
225369 1
225840 2
226086 1
226094 1
227229 2
227424 1
227545 2
227638 1
227790 1
227795 1
227952 1
227999 1
228099 2
228158 1
228809 1
228811 1
229114 2
229160 1
229239 1
229397 1
229951 1
229975 1
230186 1
230210 2
230284 1
230554 1
230581 1
230639 1
230690 1
230717 1
230868 1
231183 1
231222 1
231475 1
231874 1
231987 1
232224 1
232497 4
232576 1
232765 1
233325 1
233574 1
233674 1
233739 1
233829 1
234135 1
235196 1
235337 1
235716 1
236104 1
236178 1
236244 1
236264 1
236302 1
236449 1
236662 1
236696 1
237008 1
237691 1
237708 1
237751 2
237858 1
237995 2
238059 1
238522 1
238870 1
239389 1
239441 1
240072 1
240136 1
240257 1
240338 1
240705 1
240772 1
240866 1
240944 1
241051 1
241146 1
241481 1
241566 1
241890 2
242039 1
242060 1
242434 1
242501 1
242572 4
242888 1
242998 1
243239 1
243450 1
243545 1
243702 1
243729 2
243742 1
243837 1
243893 1
243954 1
244328 2
244541 1
244545 2
244613 1
244670 1
244707 1
244966 1
245124 1
245659 1
245699 1
245784 1
246058 1
246121 1
246377 1
246502 1
246505 1
246527 1
246646 1
246733 1
246874 1
246886 2
247092 1
247097 1
247159 2
247241 1
247252 1
247296 1
247442 1
247549 1
247790 1
248135 1
248274 1
248710 1
249133 2
249284 1
250582 1
250867 1
250927 1
250968 1
251215 1
251435 1
251879 1
251918 1
252494 1
252859 1
252869 1
252902 1
253141 1
253229 1
253231 1
253322 1
253326 1
253689 1
254045 1
254066 1
254951 1
255135 1
255176 1
255208 1
255215 1
255322 1
255383 1
255606 1
255611 1
255694 1
255742 1
256250 1
256367 2
256406 2
256687 1
256980 1
257106 1
257109 1
257914 1
258108 1
258217 1
258328 1
259132 1
259152 1
259603 1
259892 1
259927 1
260445 1
260463 1
260767 1
260862 1
261292 6
261362 1
261561 1
261601 1
262397 1
262639 1
262690 1
262932 1
263042 1
263120 1
263123 1
263162 1
263226 1
263580 1
263804 1
264058 1
264608 1
264934 1
265421 1
265641 1
266149 2
267174 1
267252 1
267257 1
267606 1
267631 2
267731 1
267752 1
268089 1
268202 1
268828 1
268887 1
269019 3
269039 1
269160 1
269610 1
269966 1
270993 1
271021 1
271372 1
272484 2
272557 1
272598 1
272806 1
273104 1
273139 1
273146 1
273197 2
273317 1
273401 1
273505 1
274054 2
274535 1
275247 1
275353 1
275865 1
275885 1
276248 1
277079 1
277248 1
277505 1
277705 1
277797 1
278145 1
278152 1
278169 1
278175 1
278675 1
278867 1
278930 1
279538 1
279695 1
279811 1
280094 1
280143 1
280618 1
281258 1
281346 1
281386 1
281958 1
282227 1
282377 1
282861 1
283053 1
283432 1
283503 1
283595 1
283882 1
283946 1
285097 1
285406 1
285536 1
285759 1
285906 1
285915 1
286285 1
286576 1
286757 2
287950 1
288312 1
288685 1
288801 2
289026 1
289254 1
289320 1
289476 1
289712 1
289929 1
289989 1
290091 1
290435 1
290841 2
291346 1
291447 1
291454 1
291531 1
291660 1
291665 1
291858 1
292476 1
292949 1
293117 1
293194 1
293370 1
293418 1
293582 1
293655 1
294112 1
294155 1
294338 1
294544 1
294738 1
294877 1
295388 1
295674 1
295679 1
296064 1
296862 1
297329 1
297547 1
298180 1
298837 1
299388 1
299568 1
299580 1
299933 1
299942 1
300157 1
300333 1
300766 1
301898 2
302029 1
302165 1
302251 2
302506 1
302676 1
302798 1
302824 1
303073 1
303094 1
303230 1
303281 1
303390 1
303721 1
303811 1
303945 1
303953 1
303984 1
304615 1
304634 1
305127 1
305401 1
305548 1
305735 1
306006 1
306274 1
306315 1
306368 1
306441 1
306521 1
306736 1
307125 1
307414 1
307487 1
308165 1
308223 2
308627 1
308830 2
309218 1
309309 2
309448 1
309568 2
309606 1
309636 1
309680 1
310233 2
311056 1
311372 1
311531 1
311614 1
311741 1
312126 1
312263 1
312271 1
312481 1
312706 1
313737 1
313929 1
314091 1
314144 1
314226 2
314430 1
314505 1
315032 1
315863 1
316147 1
316177 1
316322 1
316413 1
317096 1
317195 2
317685 1
317842 1
317982 2
318158 1
318524 1
319048 2
319284 1
319406 1
319410 1
319418 1
319883 1
319898 1
320092 1
320094 1
320111 1
320128 1
320712 1
321122 1
321126 1
321407 1
321448 1
323015 2
323741 1
323915 1
324346 1
324404 1
324567 1
324839 1
325195 1
325845 1
325848 1
326313 1
326351 2
326751 1
326817 1
327017 1
327182 1
327483 1
327769 6
327867 1
327924 3
328004 1
329134 1
329411 1
329451 1
329475 1
329710 1
330027 1
330195 1
331050 1
331715 1
331719 1
332240 1
332919 1
333025 1
333079 1
333102 1
333126 1
333242 3
333388 1
333439 1
333849 1
333922 1
334243 1
334293 1
334296 1
334609 1
334801 1
334910 1
335161 1
335285 1
335331 1
335804 1
336977 1
338127 2
338516 1
338675 1
339124 1
339354 1
339539 2
339882 1
340310 1
340442 1
340865 1
340927 1
340946 1
340995 13
341130 1
341404 1
341562 1
341935 1
342481 2
342533 1
342775 1
342802 1
343278 1
343597 1
344324 1
344476 1
345132 1
345612 1
346390 1
347050 2
347677 1
347859 1
347867 1
348410 2
349416 1
349794 1
350101 1
350493 1
350605 1
351442 1
351639 1
351807 1
352162 1
352517 1
352726 1
353643 1
353714 1
353909 1
354171 1
354191 1
354199 1
354543 1
354632 4
354879 1
355014 1
355712 1
356266 1
356493 1
356626 1
356697 1
357137 1
357397 1
357819 1
358516 1
359373 1
359639 2
359650 1
360491 1
360644 1
360983 1
361352 1
361435 2
362143 2
362205 1
362263 1
362280 1
362660 1
362903 1
363167 1
363171 1
363180 1
363518 2
363756 1
363843 1
363870 1
364173 1
364235 1
364401 1
364422 2
364776 1
364852 1
365278 1
365712 1
365749 1
366114 1
366872 1
367058 2
367067 1
367349 1
367412 1
367467 1
367907 1
368191 2
368209 1
368324 1
368561 1
368711 1
369425 1
370234 1
370305 1
371749 1
371878 2
372287 2
372430 3
372650 1
372985 1
373060 2
373137 1
373238 1
373832 1
374299 1
374640 1
374688 1
375204 1
375227 1
375770 2
375832 1
375897 1
376018 1
376789 1
376871 1
377009 2
377264 1
377337 1
377845 1
377952 1
377986 1
378307 2
378385 1
378516 1
378638 1
378754 1
379040 1
379171 1
379254 1
380155 1
380339 1
380368 1
380636 1
380685 1
381364 1
381373 2
381638 4
381661 1
382610 1
382945 1
382988 1
383194 1
383472 1
383502 1
383692 8
383912 1
384257 1
384944 1
385169 1
385318 1
385688 1
385704 1
385935 1
385984 1
386208 1
386241 3
386293 1
386734 1
386984 1
387059 1
387567 1
387749 1
387836 1
387909 1
388079 1
388357 1
388574 1
388699 1
389133 2
389434 1
389625 2
389831 1
389883 1
389988 2
390017 1
390028 1
390094 1
390151 1
390290 1
390568 2
390585 2
390687 1
391112 1
391375 1
391538 1
391680 1
391695 1
391970 2
392072 1
392465 1
392886 1
393047 1
393413 1
393547 1
393590 1
393606 1
393650 1
393785 1
394371 1
394654 1
394667 1
395002 1
395029 1
395067 1
395085 3
395247 2
395987 1
396114 1
396455 1
396489 1
396673 1
396848 1
397047 1
397238 1
397365 1
397434 1
398227 1
398451 1
398746 1
398866 1
399255 1
399631 1
399838 1
400197 1
400283 1
400666 1
400691 1
401181 1
401516 1
401951 1
402221 1
402308 1
402835 1
403219 1
403482 1
403617 1
403651 1
404233 1
404388 1
404800 1
404861 1
405035 4
405409 1
406268 1
406610 2
407004 1
407473 1
407491 1
407891 2
408111 1
408319 1
408507 1
408618 1
408672 1
408680 1
409246 1
409437 1
409847 1
409894 1
409975 2
410724 1
410746 1
410820 1
410855 1
411162 1
411197 1
411211 1
411534 1
412841 2
413122 1
413371 2
413667 1
413775 1
414049 1
414189 1
414408 1
414565 1
414697 1
415085 1
415170 1
415273 1
415704 1
416069 1
416208 1
416237 1
416598 1
416895 1
417147 1
418054 1
418522 1
418575 1
418676 1
418990 2
419057 2
419182 1
419959 1
420213 1
420236 1
420801 1
421060 1
421132 1
421449 1
421572 1
421661 1
422167 1
422169 1
422418 1
422713 1
422806 1
423046 2
423246 1
423429 1
423545 1
424360 3
424497 1
424678 1
425037 2
425392 3
425492 1
425890 1
426090 1
426669 1
426709 1
426818 1
426860 1
426900 1
427227 1
427475 1
427647 1
427946 1
428140 1
428280 1
428330 3
428341 1
428508 1
428529 1
428582 1
428881 2
428975 1
429077 1
429090 1
429201 1
429248 2
429419 1
429575 1
429696 1
429797 1
430075 1
430172 1
430251 1
430349 1
430704 1
430748 1
430751 1
430752 1
430759 1
430771 1
430772 1
430781 1
430792 2
430793 2
430798 1
430804 1
430805 1
430811 2
430816 1
430846 3
430851 2
430853 1
430873 1
430902 1
430912 1
430917 1
430918 1
430930 1
430951 1
430962 1
430978 1
430983 1
430989 1
431005 2
431011 1
431014 1
431015 4
431016 1
431046 1
431051 1
431055 1
431056 1
431082 1
431090 1
431101 1
431119 1
431136 1
431138 1
431139 1
431146 1
431164 1
431190 1
431196 1
431197 2
431200 1
431205 1
431211 1
431233 1
431242 1
431245 1
431268 1
431269 1
431278 1
431296 1
431303 1
431312 1
431315 1
431316 1
431345 1
431364 1
431387 1
431392 1
431399 1
431406 1
431412 1
431436 1
431441 1
431454 1
431455 1
431480 1
431497 1
431523 2
431528 1
431548 1
431573 2
431594 1
431599 1
431600 1
431605 1
431607 1
431610 1
431611 1
431620 1
431627 1
431632 1
431637 1
431642 1
431649 1
431680 1
431688 1
431702 1
431707 1
431708 1
431709 1
431720 1
431737 1
431740 1
431757 1
431765 1
431782 1
431785 1
431786 1
431794 1
431814 1
431828 1
431843 1
431859 1
431860 1
431865 1
431866 1
431875 2
431881 1
431895 1
431897 1
431910 2
431936 1
431946 1
431954 1
431956 1
431963 1
431967 1
431984 1
431988 1
431994 1
432023 1
432026 1
432044 1
432049 1
432054 1
432074 1
432091 1
432092 1
432106 1
432107 1
432116 1
432146 1
432148 1
432155 1
432156 1
432193 1
432194 1
432195 1
432199 1
432227 1
432230 1
432243 1
432246 1
432275 1
432276 1
432286 1
432287 1
432318 1
432329 1
432337 1
432366 1
432374 1
432383 1
432406 1
432414 1
432449 1
432467 1
432469 1
432479 1
432489 1
432493 1
432498 1
432511 1
432523 1
432536 1
432537 1
432540 1
432543 1
432547 1
432549 1
432550 1
432551 1
432561 1
432563 2
432564 1
432572 1
432577 1
432582 1
432585 1
432591 2
432592 1
432595 1
432609 1
432626 1
432632 1
432640 2
432670 1
432687 1
432690 1
432692 1
432722 1
432727 1
432733 1
432739 1
432744 1
432756 1
432772 1
432778 1
432786 1
432794 1
432800 1
432808 1
432813 1
432838 1
432847 1
432851 1
432862 1
432873 1
432874 2
432875 1
432881 1
432884 1
432886 1
432889 1
432890 1
432900 2
432901 1
432902 1
432903 1
432904 1
432908 1
432923 1
432929 1
432936 2
432939 1
432952 1
432973 1
432981 1
433008 1
433026 1
433053 1
433056 1
433064 2
433065 1
433067 1
433068 1
433083 1
433090 1
433093 1
433112 1
433113 1
433120 1
433139 1
433141 1
433153 1
433155 1
433167 1
433171 1
433172 1
433195 1
433199 1
433208 1
433213 1
433216 1
433219 1
433220 1
433236 1
433239 1
433241 1
433256 1
433269 1
433282 1
433295 1
433303 1
433319 1
433320 1
433330 1
433357 1
433358 1
433380 1
433389 1
433390 1
433392 1
433400 1
433401 1
433406 1
433409 1
433415 1
433430 1
433464 1
433477 1
433480 6
433488 1
433529 1
433530 1
433531 1
433540 2
433558 1
433567 1
433596 1
433606 1
433637 1
433649 1
433655 1
433656 1
433660 1
433661 1
433666 2
433680 1
433683 1
433692 1
433702 1
433707 1
433718 1
433724 1
433725 1
433726 1
433732 1
433745 1
433748 1
433753 1
433762 1
433769 1
433774 1
433781 1
433806 1
433836 1
433837 1
433843 1
433854 1
433860 1
433864 1
433870 1
433881 1
433890 1
433891 1
433911 1
433919 1
433921 1
433943 1
433955 1
433957 1
433963 1
433965 1
433968 1
433973 1
433984 1
434019 1
434026 1
434064 1
434075 2
434076 1
434077 1
434084 1
434100 1
434104 1
434112 1
434114 1
434119 1
434162 1
434175 2
434176 1
434179 1
434195 1
434211 1
434223 1
434232 1
434233 1
434247 1
434250 1
434313 1
434320 1
434323 1
434328 1
434335 1
434340 1
434511 1
434514 1
434528 2
434531 2
434553 1
434569 1
434570 1
434583 1
434592 1
434593 1
434606 1
434614 1
434618 1
434623 1
434644 1
434647 1
434652 1
434693 1
434711 1
434725 1
434737 1
434749 1
434768 1
434803 1
434804 1
434856 1
434868 1
434869 1
434874 1
434878 1
434879 1
434880 3
434881 1
434884 1
434887 1
434893 1
434914 1
434917 4
434927 1
434932 1
434957 1
434963 1
434969 1
434974 1
434979 1
434990 1
434997 1
435011 1
435012 1
435025 1
435030 1
435035 1
435046 1
435053 1
435074 1
435081 1
435084 1
435094 1
435109 2
435112 2
435119 1
435120 1
435122 1
435127 1
435132 1
435136 1
435137 1
435149 1
435169 1
435177 1
435181 1
435191 1
435198 1
435201 1
435214 1
435222 1
435228 1
435247 1
435258 1
435289 1
435290 1
435296 1
435321 1
435327 2
435328 2
435331 1
435335 1
435336 1
435339 1
435354 1
435365 1
435378 1
435383 1
435388 1
435404 1
435405 1
435408 1
435410 1
435416 1
435423 1
435426 1
435430 1
435436 1
435441 1
435445 1
435453 1
435455 1
435460 1
435471 1
435476 1
435484 1
435490 1
435518 1
435519 1
435522 1
435543 2
435548 1
435557 2
435594 2
435600 2
435601 2
435614 1
435617 1
435659 1
435682 1
435701 1
435734 1
435758 1
435783 1
435791 1
435793 3
435798 1
435799 1
435823 1
435828 2
435832 1
435833 3
435842 1
435843 1
435844 1
435845 1
435868 1
435893 1
435913 1
435922 1
435927 1
435932 2
435938 1
435947 1
435954 1
435955 1
435962 1
435977 1
435983 1
435986 1
435992 1
435993 1
436004 1
436007 1
436016 1
436022 1
436025 1
436026 1
436029 1
436049 1
436077 1
436094 1
436103 1
436106 1
436113 1
436117 1
436120 1
436123 1
436124 1
436135 1
436143 1
436193 1
436206 1
436211 1
436262 1
436267 1
436272 1
436273 1
436280 1
436341 2
436359 1
436366 1
436371 1
436374 1
436377 1
436383 1
436396 1
436400 1
436401 1
436412 1
436420 1
436442 1
436444 1
436445 1
436453 1
436464 1
436467 1
436471 1
436476 1
436519 1
436520 1
436556 1
436601 1
436606 1
436607 1
436635 1
436660 1
436663 1
436689 1
436694 1
436732 1
436744 1
436756 1
436787 1
436799 1
436819 1
436835 1
436859 1
436862 2
436869 1
436872 1
436879 1
436886 1
436892 1
436899 1
436900 1
436928 1
436952 1
436953 1
436975 1
437002 1
437011 1
437017 1
437022 1
437027 1
437051 1
437060 1
437083 1
437095 1
437098 1
437102 1
437114 1
437130 1
437131 1
437132 1
437133 1
437134 1
437159 1
437189 2
437214 1
437222 1
437236 1
437245 1
437250 1
437257 2
437272 1
437299 1
437308 2
437323 1
437340 1
437345 1
437352 1
437383 1
437396 1
437405 1
437416 1
437425 2
437485 1
437487 2
437494 1
437499 1
437541 1
437554 1
437568 2
437574 1
437583 1
437608 1
437614 1
437627 1
437648 1
437664 1
437668 1
437680 1
437685 2
437688 2
437691 1
437706 1
437707 1
437715 1
437727 1
437742 1
437759 1
437780 1
437821 1
437827 1
437830 1
437834 1
437852 1
437861 3
437880 2
437888 1
437898 1
437904 1
437907 1
437916 1
437922 1
437927 2
437930 1
437941 1
437942 1
437949 1
437953 1
437956 1
437973 1
437976 1
437983 1
437998 2
438001 1
438006 1
438022 1
438025 1
438036 1
438041 1
438046 1
438057 1
438072 1
438073 1
438076 1
438091 1
438106 1
438114 1
438131 1
438141 1
438142 1
438154 2
438161 1
438182 1
438226 1
438241 1
438246 1
438260 1
438264 1
438271 1
438275 2
438278 1
438279 2
438280 1
438302 1
438313 1
438314 1
438317 1
438331 1
438334 2
438349 1
438352 1
438370 1
438391 1
438406 1
438447 1
438448 1
438466 1
438469 1
438473 1
438481 1
438484 1
438490 1
438493 1
438496 1
438499 1
438523 1
438531 1
438546 1
438547 1
438550 1
438554 1
438562 1
438569 1
438580 1
438617 2
438633 1
438638 1
438647 1
438650 1
438653 1
438664 1
438665 1
438670 1
438679 1
438686 1
438698 2
438701 1
438704 1
438705 1
438707 1
438713 1
438744 1
438745 1
438750 1
438758 1
438760 1
438761 1
438768 2
438772 1
438797 1
438816 1
438824 1
438825 1
438836 1
438849 1
438851 1
438862 1
438863 2
438864 1
438878 1
438886 1
438894 1
438921 1
438936 1
438944 1
438945 1
438950 2
438966 1
438967 1
438980 1
438988 1
438989 1
438990 1
439005 1
439010 1
439031 1
439058 3
439061 1
439068 1
439069 1
439074 1
439098 1
439118 1
439119 1
439147 1
439148 1
439156 1
439159 1
439182 1
439185 1
439190 1
439196 1
439200 1
439208 1
439213 2
439214 1
439217 1
439222 1
439227 1
439254 1
439260 1
439264 1
439266 1
439272 1
439290 1
439299 1
439305 1
439339 1
439354 1
439359 1
439376 1
439385 1
439429 1
439430 1
439446 1
439447 1
439465 1
439470 1
439477 1
439479 1
439480 1
439485 1
439496 1
439500 1
439511 1
439525 1
439528 1
439529 1
439539 1
439544 1
439549 1
439554 1
439559 1
439574 1
439596 1
439627 1
439628 1
439655 1
439657 1
439660 1
439663 1
439668 1
439685 1
439687 1
439693 2
439719 1
439725 1
439726 1
439728 1
439733 1
439735 1
439737 1
439756 1
439761 1
439792 1
439795 1
439806 1
439807 2
439815 1
439844 1
439845 1
439849 1
439853 1
439854 1
439859 1
439873 1
439884 1
439889 1
439909 1
439923 1
439924 2
439979 2
440001 1
440026 1
440029 1
440038 1
440041 1
440042 1
440048 1
440050 1
440051 1
440058 1
440074 1
440092 1
440107 1
440118 1
440119 2
440138 1
440149 2
440150 2
440158 1
440176 1
440194 1
440201 1
440223 1
440242 1
440246 1
440266 2
440277 1
440281 1
440289 1
440296 1
440299 1
440308 1
440340 1
440353 1
440356 1
440370 1
440374 1
440375 1
440392 1
440397 1
440445 1
440450 1
440480 1
440488 1
440510 2
440519 1
440520 1
440536 1
440537 1
440540 1
440574 1
440586 1
440589 1
440600 1
440601 1
440608 1
440620 2
440631 1
440637 1
440648 1
440655 1
440665 1
440770 1
440779 1
440845 1
440848 1
440862 1
440870 1
440873 1
440890 1
440937 1
440942 1
440960 1
440978 1
440981 1
440984 1
440996 1
441021 1
441037 1
441038 1
441039 1
441040 1
441041 1
441042 1
441050 1
441064 1
441097 1
441110 1
441124 1
441128 1
441135 1
441136 1
441141 1
441154 1
441159 1
441162 1
441165 1
441166 1
441178 1
441202 1
441209 1
441212 1
441225 1
441230 1
441231 1
441246 1
441299 1
441300 1
441304 1
441327 1
441330 1
441334 1
441339 1
441373 1
441376 1
441379 1
441380 1
441382 1
441389 1
441392 1
441421 1
441423 1
441438 1
441441 1
441450 1
441454 1
441457 1
441472 1
441493 1
441506 1
441513 1
441514 1
441519 1
441524 1
441599 1
441600 1
441609 1
441619 1
441620 1
441626 1
441632 1
441656 1
441661 1
441665 1
441675 1
441685 1
441693 1
441694 1
441721 1
441727 1
441728 1
441729 1
441748 1
441753 1
441756 1
441760 1
441761 1
441764 1
441797 1
441814 1
441836 1
441839 1
441851 1
441862 1
441863 1
441895 1
441907 1
441923 1
441931 1
441934 1
441951 1
441954 1
441965 1
441973 1
441974 1
441979 1
442001 1
442011 1
442016 1
442020 1
442050 1
442051 1
442086 1
442104 1
442109 1
442110 1
442115 1
442118 1
442127 1
442145 1
442159 1
442165 1
442188 1
442198 1
442229 1
442238 1
442251 1
442260 1
442261 1
442265 1
442266 2
442273 1
442283 1
442317 1
442324 1
442345 1
442353 2
442362 1
442384 1
442389 1
442397 1
442400 1
442403 3
442407 1
442451 1
442452 1
442469 1
442474 1
442491 1
442514 1
442529 1
442548 1
442558 1
442577 1
442595 1
442601 1
442617 1
442627 1
442631 1
442645 1
442646 1
442662 1
442669 1
442682 1
442683 1
442692 1
442699 1
442704 1
442711 1
442731 1
442744 1
442751 1
442760 1
442764 1
442774 1
442782 1
442807 1
442814 1
442819 1
442836 2
442839 1
442844 1
442847 1
442850 1
442851 1
442869 1
442906 1
442909 1
442911 1
442925 1
442926 1
442931 1
442938 1
442953 1
442954 1
442959 1
442962 2
442983 1
442985 1
442986 2
442991 1
442993 1
442996 1
443013 2
443020 1
443025 1
443034 1
443043 4
443054 1
443061 1
443069 1
443089 1
443094 1
443102 2
443111 1
443118 1
443130 1
443150 1
443157 1
443158 1
443185 1
443194 1
443199 1
443210 1
443215 1
443220 1
443229 1
443235 1
443247 1
443257 1
443270 1
443279 1
443284 1
443318 1
443321 1
443336 1
443340 1
443343 2
443363 1
443371 1
443380 1
443388 1
443394 1
443412 1
443420 1
443424 1
443441 1
443443 1
443474 1
443478 2
443498 1
443509 1
443523 1
443540 1
443561 1
443563 3
443564 1
443571 1
443590 1
443595 1
443620 1
443625 1
443628 1
443631 1
443632 1
443634 1
443645 1
443646 1
443668 1
443673 1
443731 1
443742 1
443753 1
443758 1
443765 1
443769 1
443772 1
443773 1
443795 1
443815 1
443818 2
443846 1
443852 1
443856 2
443857 1
443878 1
443881 1
443882 1
443885 1
443907 1
443911 1
443916 1
443930 1
443935 1
444002 1
444006 1
444013 1
444032 1
444041 1
444053 1
444057 1
444060 1
444065 1
444066 1
444076 1
444085 1
444092 1
444093 1
444095 1
444098 3
444110 1
444112 1
444124 1
444137 1
444156 1
444157 1
444160 1
444161 1
444162 1
444172 3
444186 1
444199 1
444206 1
444211 1
444244 1
444255 1
444262 1
444265 1
444271 1
444274 1
444278 2
444279 1
444286 1
444294 1
444311 1
444337 1
444342 2
444352 1
444359 1
444365 1
444396 1
444399 1
444477 1
444480 1
444481 1
444488 1
444503 1
444512 1
444515 1
444516 1
444519 1
444522 1
444531 1
444548 1
444555 2
444569 1
444570 1
444577 1
444583 1
444592 2
444602 1
444623 1
444632 1
444667 1
444670 1
444675 1
444693 1
444695 1
444713 1
444723 1
444724 1
444735 1
444736 1
444758 1
444759 1
444766 1
444781 2
444846 3
444848 1
444849 1
444868 1
444901 1
444913 1
444925 1
444947 1
444949 1
444955 2
444967 1
444970 1
444977 1
444990 1
445008 1
445011 1
445022 1
445031 1
445037 1
445057 1
445058 1
445059 1
445064 1
445075 1
445082 1
445095 1
445126 1
445131 1
445135 1
445151 1
445155 1
445181 1
445190 2
445200 1
445231 1
445259 1
445270 1
445301 1
445302 1
445312 1
445344 1
445353 1
445354 1
445357 1
445358 1
445359 1
445376 2
445394 1
445402 1
445422 3
445434 1
445435 1
445483 1
445484 1
445516 1
445534 1
445547 1
445583 1
445592 1
445599 1
445632 1
445643 1
445683 1
445685 1
445704 1
445719 1
445743 1
445762 2
445763 1
445764 1
445782 1
445789 1
445799 1
445822 1
445825 1
445834 1
445839 1
445851 1
445852 1
445853 3
445877 1
445905 1
445910 1
445935 1
445938 1
445953 1
445955 1
445964 1
445976 1
445992 2
445999 1
446001 1
446034 1
446039 1
446044 1
446057 1
446068 1
446090 1
446111 1
446124 1
446126 2
446145 1
446148 1
446157 1
446158 1
446235 1
446261 1
446266 1
446267 1
446306 1
446316 1
446331 1
446387 1
446421 2
446425 1
446430 1
446441 1
446448 1
446449 1
446452 1
446453 1
446474 1
446493 1
446516 1
446517 1
446520 1
446523 1
446532 1
446533 2
446585 1
446596 1
446597 1
446600 1
446609 1
446625 1
446637 1
446656 1
446685 1
446704 1
446722 2
446737 1
446744 1
446747 1
446759 1
446779 1
446780 1
446797 1
446806 2
446810 1
446876 1
446884 1
446894 1
446901 1
446908 1
446915 1
446917 1
446945 1
446956 1
446962 1
446965 1
446992 1
446995 1
447012 1
447015 1
447025 1
447028 1
447035 1
447049 1
447061 2
447064 1
447065 1
447078 1
447079 2
447095 1
447114 1
447115 2
447121 1
447144 1
447153 1
447154 1
447165 1
447172 1
447209 1
447228 1
447245 1
447247 1
447250 1
447257 1
447271 1
447288 1
447328 1
447340 1
447349 1
447350 1
447386 1
447395 1
447396 1
447409 1
447417 1
447421 1
447432 1
447442 1
447445 1
447446 1
447477 1
447484 1
447491 2
447494 1
447501 1
447504 1
447510 1
447511 1
447525 1
447542 1
447551 1
447554 1
447565 1
447586 1
447607 1
447612 1
447619 1
447623 1
447648 1
447660 1
447663 1
447670 1
447693 1
447702 1
447711 1
447728 1
447733 1
447752 1
447757 1
447768 1
447769 1
447779 1
447782 1
447792 1
447811 1
447813 1
447814 1
447824 1
447833 1
447845 1
447846 1
447849 2
447898 1
447909 1
447922 1
447924 1
447926 1
447941 1
447964 1
447973 1
447976 1
447977 1
447986 1
447991 1
447994 1
447999 1
448005 1
448006 1
448013 1
448015 1
448046 1
448053 2
448055 2
448059 1
448060 2
448097 1
448105 1
448108 1
448112 1
448113 2
448114 2
448119 1
448133 1
448151 1
448164 2
448166 1
448169 1
448172 1
448176 1
448188 1
448195 1
448206 2
448212 1
448224 1
448232 1
448234 1
448235 1
448259 1
448262 1
448266 1
448268 1
448269 1
448272 1
448277 1
448279 1
448286 1
448294 2
448297 1
448338 1
448339 1
448344 1
448346 1
448363 1
448365 1
448371 1
448372 1
448373 1
448391 1
448406 1
448408 1
448413 1
448420 1
448421 1
448428 2
448429 1
448430 1
448442 2
448443 1
448449 1
448452 1
448462 1
448478 1
448479 1
448490 1
448493 1
448496 1
448499 1
448500 1
448504 1
448517 1
448527 1
448531 1
448555 1
448564 1
448570 1
448571 1
448572 1
448586 1
448594 1
448595 1
448605 1
448615 2
448632 1
448651 1
448652 1
448657 1
448683 1
448684 1
448690 2
448699 1
448700 1
448715 1
448730 1
448731 1
448755 1
448756 1
448765 1
448781 1
448785 1
448790 2
448807 2
448823 1
448825 1
448835 1
448836 1
448842 1
448843 1
448850 1
448852 1
448870 2
448876 1
448885 1
448897 1
448914 1
448916 1
448928 1
448940 1
448964 1
448996 1
449015 1
449038 1
449041 1
449054 1
449055 1
449064 1
449067 1
449071 1
449090 1
449095 1
449096 1
449105 1
449106 1
449107 1
449117 1
449124 1
449135 2
449141 1
449142 1
449143 1
449148 1
449154 1
449163 1
449164 1
449167 1
449178 1
449187 1
449201 1
449210 2
449211 1
449220 1
449227 1
449235 1
449247 2
449257 1
449258 1
449265 1
449296 1
449308 1
449319 1
449320 1
449321 1
449338 1
449355 1
449357 1
449374 1
449409 1
449420 2
449421 1
449428 1
449432 1
449434 1
449440 1
449475 1
449485 1
449488 1
449497 1
449503 1
449510 1
449523 1
449524 1
449525 2
449529 1
449551 1
449556 1
449563 1
449576 1
449579 1
449584 1
449588 1
449640 1
449641 1
449647 1
449650 1
449676 1
449692 1
449699 1
449701 1
449703 1
449708 1
449729 1
449738 1
449749 1
449777 1
449783 1
449784 1
449808 1
449809 1
449821 1
449824 1
449831 1
449833 1
449838 1
449842 1
449852 1
449861 1
449866 1
449887 3
449890 1
449900 1
449920 1
449923 1
449944 1
449957 1
449966 1
449977 1
449984 1
450003 1
450018 1
450026 1
450040 1
450043 1
450067 1
450079 1
450085 1
450092 3
450099 1
450103 1
450113 1
450115 1
450118 1
450120 1
450123 1
450129 1
450137 1
450181 1
450195 1
450196 2
450202 1
450214 1
450220 1
450236 1
450245 1
450246 1
450255 3
450256 1
450258 2
450272 1
450275 1
450288 1
450294 1
450297 1
450310 1
450314 1
450327 1
450348 1
450354 1
450371 1
450380 1
450383 1
450384 1
450385 1
450388 1
450394 1
450396 1
450406 1
450411 1
450419 1
450420 1
450427 1
450436 1
450444 1
450453 2
450457 1
450458 1
450462 1
450464 1
450466 1
450469 1
450488 1
450529 1
450550 1
450553 1
450584 1
450605 9
450622 1
450623 1
450632 1
450637 1
450647 1
450658 1
450662 1
450666 1
450679 1
450680 1
450681 1
450686 1
450701 1
450707 1
450715 1
450716 1
450720 1
450735 1
450737 1
450757 1
450760 1
450761 1
450766 1
450769 1
450774 1
450780 1
450781 1
450782 1
450810 1
450816 1
450821 1
450832 1
450842 1
450843 1
450850 1
450873 1
450876 1
450890 1
450891 1
450906 1
450914 1
450923 1
450934 1
450938 1
450953 1
450961 1
450967 2
450968 1
450975 1
450978 1
450979 1
450982 1
451011 1
451014 1
451018 1
451028 1
451037 1
451050 1
451054 1
451063 1
451066 1
451072 1
451095 1
451097 1
451101 1
451111 1
451114 1
451132 1
451133 1
451145 1
451152 1
451157 1
451164 1
451166 1
451168 1
451186 1
451189 1
451205 1
451211 1
451215 1
451228 1
451249 1
451250 1
451255 1
451256 3
451266 1
451276 1
451277 1
451318 1
451329 1
451330 1
451334 1
451354 1
451357 1
451369 1
451379 1
451385 1
451387 2
451401 1
451408 1
451421 1
451429 1
451444 1
451457 1
451458 1
451459 1
451464 1
451466 1
451472 1
451474 1
451476 1
451485 1
451490 1
451494 1
451498 1
451501 1
451504 1
451513 1
451514 1
451522 1
451529 1
451533 1
451547 1
451556 1
451560 1
451573 1
451581 1
451611 2
451613 2
451625 1
451626 2
451634 1
451637 1
451641 1
451642 3
451648 1
451664 1
451666 1
451670 1
451679 1
451689 1
451694 1
451703 1
451705 1
451713 1
451750 1
451751 1
451752 1
451755 1
451767 1
451769 1
451771 1
451772 1
451775 1
451793 1
451798 1
451809 1
451826 1
451828 1
451829 1
451831 1
451842 1
451850 1
451851 1
451871 1
451905 1
451928 1
451935 1
451939 1
451944 1
451947 1
451950 1
451965 2
451974 1
451975 1
451983 1
452021 1
452054 1
452065 1
452087 1
452091 2
452092 1
452113 1
452116 1
452120 1
452123 1
452132 1
452135 1
452137 1
452140 1
452155 1
452156 1
452158 1
452163 1
452171 1
452179 1
452218 1
452225 2
452228 1
452241 1
452250 1
452264 1
452277 1
452284 1
452287 1
452297 1
452298 1
452301 1
452305 1
452306 1
452310 1
452324 1
452328 1
452330 1
452346 1
452366 1
452380 1
452382 1
452387 2
452394 1
452404 1
452418 1
452441 1
452442 1
452443 1
452456 1
452500 1
452502 1
452519 1
452524 1
452525 1
452540 1
452545 1
452552 1
452553 1
452570 1
452575 1
452580 1
452595 1
452604 1
452606 1
452611 1
452621 1
452632 1
452649 1
452680 1
452683 1
452686 1
452697 1
452704 1
452710 1
452721 1
452724 1
452739 1
452746 1
452758 1
452765 1
452784 2
452789 2
452795 2
452798 1
452808 1
452812 1
452843 2
452850 2
452853 1
452855 1
452857 1
452869 1
452889 1
452890 1
452900 1
452905 1
452937 1
452938 2
452939 1
452944 1
452945 1
452950 1
452955 1
452956 1
452957 1
452958 1
452969 1
452971 1
452985 1
452986 1
452993 1
452994 1
452995 2
452996 1
453004 1
453006 1
453012 1
453018 1
453019 1
453040 1
453051 1
453054 1
453055 1
453061 1
453071 1
453078 1
453087 1
453092 1
453112 1
453135 1
453154 1
453158 1
453159 1
453163 2
453164 1
453178 1
453188 1
453193 1
453195 1
453211 1
453224 1
453238 2
453250 1
453251 1
453252 1
453276 1
453290 1
453291 1
453293 1
453302 1
453304 1
453313 1
453318 1
453335 1
453336 1
453339 1
453343 1
453355 1
453365 1
453370 1
453387 1
453412 1
453428 1
453436 2
453439 1
453450 1
453451 1
453456 1
453464 1
453465 1
453473 1
453474 1
453482 1
453495 1
453500 3
453501 1
453502 1
453503 1
453526 1
453559 1
453564 1
453565 1
453580 1
453587 2
453612 1
453628 1
453634 1
453635 1
453639 1
453641 1
453648 1
453661 1
453662 1
453671 1
453674 1
453675 1
453689 1
453692 1
453695 1
453697 1
453702 1
453707 1
453726 1
453746 1
453747 1
453769 1
453772 1
453776 1
453780 1
453783 1
453784 1
453792 1
453802 1
453805 1
453825 1
453850 1
453855 2
453859 1
453860 1
453875 1
453898 1
453913 1
453937 1
453939 1
453955 1
453956 1
453971 1
453976 1
453978 1
454011 1
454017 1
454031 1
454046 1
454055 1
454056 1
454064 1
454073 1
454075 1
454085 2
454088 1
454096 1
454102 1
454106 1
454109 1
454114 1
454128 1
454134 1
454135 1
454157 1
454172 1
454173 1
454175 1
454186 1
454195 1
454196 1
454202 1
454225 1
454244 1
454260 1
454267 1
454276 1
454288 1
454297 1
454304 1
454306 1
454316 1
454325 1
454328 1
454330 1
454349 1
454361 1
454366 1
454367 1
454371 1
454386 1
454390 1
454398 1
454416 1
454419 1
454439 1
454444 1
454457 1
454468 1
454471 1
454475 1
454481 1
454485 1
454488 1
454491 1
454495 1
454513 1
454536 1
454538 1
454559 1
454565 1
454587 1
454597 1
454609 1
454610 1
454619 1
454622 1
454625 1
454663 1
454665 2
454666 1
454674 2
454677 1
454684 1
454692 1
454693 1
454698 1
454701 1
454723 1
454730 1
454741 1
454754 2
454763 1
454764 1
454766 1
454777 1
454778 1
454784 1
454807 1
454813 1
454818 1
454824 1
454827 1
454845 1
454851 1
454855 1
454857 1
454880 1
454887 2
454892 1
454898 1
454900 1
454901 1
454902 1
454904 1
454923 1
454927 1
454934 1
454938 1
454940 1
454952 2
454956 1
454957 1
454965 1
454977 1
454986 1
454997 1
455001 1
455002 1
455004 1
455029 1
455031 1
455034 1
455037 1
455038 1
455039 1
455047 1
455048 1
455053 1
455057 1
455063 1
455076 1
455092 1
455103 1
455105 1
455106 1
455107 1
455119 1
455133 1
455163 1
455171 1
455174 1
455176 1
455179 1
455181 1
455198 1
455201 1
455217 1
455222 1
455261 1
455262 1
455283 1
455303 1
455308 1
455311 1
455315 1
455320 1
455321 1
455337 2
455345 1
455350 1
455362 1
455364 2
455365 1
455368 1
455374 1
455381 1
455382 1
455386 1
455392 1
455398 1
455404 1
455407 1
455416 1
455417 1
455421 1
455424 1
455444 1
455445 1
455452 1
455455 1
455465 1
455471 1
455476 1
455477 1
455478 1
455480 1
455500 1
455501 1
455504 1
455512 1
455529 1
455535 1
455541 1
455544 1
455560 1
455564 1
455575 1
455591 1
455596 1
455599 1
455632 1
455637 1
455649 1
455656 1
455669 1
455671 1
455689 1
455690 1
455699 1
455714 1
455718 1
455725 1
455733 1
455738 3
455746 1
455755 1
455767 1
455771 1
455777 1
455794 1
455801 2
455813 1
455823 1
455830 1
455832 1
455845 2
455850 1
455860 1
455883 1
455884 1
455886 1
455922 1
455926 2
455930 1
455931 1
455932 1
455938 1
455942 1
455944 1
455949 1
455950 1
455951 1
455960 1
455979 1
455993 1
455994 1
456004 1
456010 1
456039 1
456048 1
456051 1
456052 1
456059 1
456060 1
456064 1
456071 1
456083 1
456097 2
456127 1
456135 1
456143 1
456148 1
456156 2
456157 1
456160 1
456173 1
456180 1
456181 1
456192 1
456198 1
456201 1
456211 1
456243 1
456247 1
456251 1
456252 1
456260 1
456283 1
456286 1
456295 1
456296 1
456312 1
456316 1
456317 1
456342 1
456348 1
456386 1
456401 1
456402 1
456405 1
456424 1
456429 1
456443 2
456448 1
456453 1
456456 1
456472 1
456497 1
456499 1
456500 1
456530 1
456540 1
456542 1
456552 1
456562 1
456566 1
456571 2
456574 1
456575 1
456578 1
456579 1
456581 1
456589 1
456590 1
456594 1
456605 1
456606 1
456607 1
456618 1
456620 1
456631 1
456634 1
456635 2
456639 1
456648 1
456675 1
456676 1
456680 1
456689 2
456695 2
456698 1
456702 1
456719 1
456724 1
456725 1
456735 2
456738 1
456740 1
456750 1
456751 1
456753 1
456763 1
456776 1
456778 1
456781 1
456786 1
456793 1
456804 1
456821 1
456834 1
456841 1
456845 1
456847 2
456858 2
456867 1
456869 1
456874 1
456877 1
456878 1
456882 1
456887 1
456892 1
456893 1
456894 1
456911 1
456920 1
456923 1
456926 1
456931 1
456934 1
456937 1
456950 1
456956 1
456964 1
456982 2
456986 1
456994 1
457012 5
457029 1
457041 1
457042 1
457047 1
457054 1
457057 1
457058 1
457073 1
457080 1
457081 1
457087 1
457098 1
457105 1
457111 1
457120 1
457135 1
457148 1
457151 1
457158 1
457171 1
457172 1
457177 1
457180 1
457187 1
457191 1
457218 1
457224 1
457227 1
457233 1
457237 1
457248 1
457256 1
457278 1
457285 1
457289 1
457320 1
457324 1
457329 1
457333 1
457340 1
457341 2
457347 1
457354 1
457357 1
457367 1
457370 1
457396 1
457400 1
457428 1
457429 1
457430 1
457434 1
457439 1
457442 1
457444 1
457462 1
457476 1
457481 1
457482 1
457495 1
457496 1
457500 1
457506 1
457510 1
457517 1
457518 1
457535 1
457536 1
457559 1
457566 1
457584 1
457599 1
457609 1
457618 1
457622 1
457623 1
457625 1
457629 1
457630 1
457643 1
457664 1
457665 1
457669 2
457672 1
457686 1
457687 1
457691 1
457699 1
457702 1
457713 1
457724 2
457731 1
457736 1
457743 1
457754 1
457757 1
457758 1
457779 1
457789 1
457799 1
457814 1
457815 1
457816 1
457822 1
457828 1
457833 1
457846 1
457848 1
457861 1
457864 1
457870 1
457871 1
457875 2
457880 1
457887 1
457890 1
457899 1
457906 1
457907 1
457920 1
457924 2
457929 1
457939 1
457941 1
457963 1
457970 1
457976 1
457981 1
457989 1
457995 1
458002 1
458007 1
458013 1
458027 1
458030 1
458042 1
458049 1
458064 1
458071 1
458086 1
458113 1
458117 1
458123 1
458129 1
458145 1
458146 1
458150 1
458171 1
458186 1
458190 1
458196 1
458199 1
458216 1
458217 1
458226 1
458240 1
458247 1
458248 1
458250 1
458256 1
458264 1
458265 1
458266 1
458273 1
458288 1
458291 1
458294 1
458296 2
458305 1
458306 1
458314 1
458322 1
458340 1
458376 1
458387 1
458388 1
458399 1
458404 1
458417 1
458419 1
458445 1
458451 1
458454 1
458456 1
458459 1
458467 2
458470 1
458473 1
458480 1
458493 1
458496 1
458514 1
458515 1
458517 1
458534 1
458535 1
458536 1
458537 1
458542 1
458549 1
458551 1
458562 1
458582 1
458583 1
458584 1
458585 1
458602 1
458606 1
458618 1
458626 1
458650 1
458651 1
458652 1
458656 1
458657 1
458662 1
458665 1
458666 1
458678 1
458682 1
458689 1
458690 1
458703 1
458704 1
458725 2
458739 1
458746 1
458750 1
458757 1
458765 1
458767 1
458771 1
458773 1
458775 1
458777 1
458778 1
458779 1
458784 1
458797 1
458804 1
458805 1
458810 1
458813 1
458814 1
458820 1
458823 1
458825 1
458834 1
458841 2
458846 1
458857 1
458861 1
458867 1
458868 1
458883 1
458901 1
458902 1
458903 1
458923 2
458926 1
458934 1
458938 1
458942 1
458954 1
458957 2
458960 1
458963 1
458964 1
458967 1
458972 1
458977 1
458985 1
458986 1
458989 1
458997 2
459002 1
459009 1
459021 1
459026 1
459027 1
459028 1
459032 1
459034 1
459036 2
459043 1
459049 1
459062 1
459066 1
459068 1
459069 1
459081 1
459096 1
459099 1
459100 1
459106 1
459107 1
459110 1
459118 1
459119 1
459120 1
459126 1
459129 1
459139 1
459140 1
459155 1
459158 1
459161 1
459163 1
459168 1
459169 1
459170 1
459172 2
459177 2
459178 1
459184 1
459185 2
459187 1
459194 1
459196 1
459199 1
459212 1
459214 1
459215 1
459218 1
459229 1
459232 1
459241 1
459242 1
459249 1
459253 1
459254 2
459255 1
459262 1
459273 1
459278 1
459282 1
459286 1
459289 1
459295 1
459322 1
459324 1
459340 1
459343 1
459346 2
459351 1
459365 1
459370 1
459374 1
459375 1
459377 1
459379 1
459381 1
459391 1
459393 1
459403 1
459413 1
459423 1
459433 1
459435 1
459436 1
459441 1
459445 1
459451 1
459458 1
459474 1
459475 1
459476 1
459480 1
459485 1
459494 1
459500 1
459527 2
459534 1
459544 1
459558 1
459579 1
459583 1
459584 1
459585 1
459597 1
459604 1
459622 1
459623 1
459628 1
459634 1
459646 1
459655 2
459657 1
459664 1
459667 1
459671 1
459675 1
459689 1
459705 1
459709 2
459714 1
459715 2
459728 1
459735 1
459740 1
459763 1
459787 1
459789 1
459790 1
459791 1
459794 1
459799 1
459805 1
459807 1
459813 1
459814 1
459827 1
459830 1
459831 1
459835 1
459838 1
459841 1
459843 1
459847 1
459870 1
459888 1
459892 1
459915 1
459920 1
459924 1
459930 1
459937 1
459952 1
459960 2
459964 1
459966 1
459977 1
459980 1
459983 1
459989 1
459990 1
459995 1
459997 1
459999 1
460002 1
460006 1
460008 1
460024 1
460031 1
460035 2
460045 1
460058 1
460059 1
460064 1
460065 1
460075 1
460091 1
460096 1
460097 1
460101 1
460103 1
460104 1
460106 2
460113 1
460122 1
460125 1
460134 1
460150 1
460158 1
460168 1
460175 1
460179 1
460188 1
460196 2
460202 1
460205 1
460206 1
460207 1
460218 1
460220 1
460223 1
460225 1
460229 1
460233 1
460243 1
460245 1
460246 1
460249 1
460250 1
460269 1
460274 1
460279 1
460284 1
460298 1
460303 1
460314 1
460315 1
460316 1
460322 1
460328 1
460334 1
460338 1
460348 1
460350 1
460360 1
460365 1
460371 1
460375 1
460376 1
460382 1
460392 1
460394 1
460403 1
460422 1
460425 1
460431 1
460437 1
460442 1
460447 1
460467 1
460469 1
460472 1
460476 1
460478 1
460480 1
460493 1
460495 1
460502 1
460503 1
460506 1
460508 1
460509 1
460510 1
460519 1
460537 1
460543 1
460546 1
460548 2
460572 1
460580 1
460581 1
460583 1
460590 1
460591 1
460601 1
460612 1
460629 1
460635 1
460640 1
460645 1
460649 1
460650 1
460653 1
460658 1
460664 1
460667 1
460669 1
460675 1
460676 1
460679 1
460684 1
460685 1
460687 1
460690 1
460694 1
460709 1
460726 2
460733 1
460734 1
460751 1
460771 1
460780 1
460790 1
460802 1
460803 1
460805 1
460820 1
460824 1
460832 1
460838 1
460841 1
460842 1
460849 1
460850 1
460874 1
460886 1
460899 1
460931 1
460947 1
460955 1
460956 1
460968 1
460987 1
460998 1
461005 1
461011 1
461019 1
461020 1
461037 1
461042 1
461058 1
461060 1
461061 1
461067 1
461078 1
461085 1
461095 1
461097 1
461100 1
461103 1
461111 1
461116 1
461118 1
461120 1
461128 1
461136 1
461148 1
461152 1
461156 1
461164 1
461166 1
461167 1
461175 1
461185 1
461187 1
461191 1
461201 1
461207 1
461209 1
461212 1
461213 1
461226 1
461236 1
461240 1
461256 1
461281 1
461289 1
461291 1
461305 1
461309 1
461325 2
461332 1
461336 1
461342 1
461344 1
461346 1
461355 1
461359 1
461384 1
461395 1
461404 1
461409 1
461415 1
461420 1
461421 1
461422 1
461428 1
461430 1
461449 1
461455 1
461480 1
461515 1
461517 1
461532 1
461538 1
461540 1
461544 1
461547 1
461553 1
461559 1
461577 1
461579 1
461587 1
461594 1
461597 1
461599 1
461600 1
461605 1
461620 1
461636 1
461637 1
461646 1
461661 1
461671 1
461675 1
461679 1
461681 1
461683 1
461684 1
461688 1
461716 3
461725 1
461742 1
461748 1
461751 1
461767 1
461783 1
461784 1
461787 1
461794 1
461796 1
461809 1
461827 1
461835 1
461842 1
461858 1
461862 1
461866 1
461876 1
461881 2
461894 1
461899 1
461904 1
461930 1
461940 1
461946 3
461949 1
461963 1
461975 1
461989 1
461990 1
461991 1
461997 1
462002 1
462011 1
462019 1
462033 1
462034 1
462044 1
462056 1
462063 1
462068 1
462079 1
462081 2
462082 1
462083 1
462090 1
462094 1
462104 1
462108 1
462115 1
462117 1
462123 1
462124 1
462128 1
462131 1
462135 1
462139 1
462161 1
462175 1
462179 1
462189 1
462193 1
462194 1
462209 1
462215 1
462224 1
462225 1
462227 1
462263 1
462264 1
462274 1
462278 1
462288 1
462297 1
462309 1
462333 1
462344 1
462346 1
462349 1
462362 1
462370 1
462371 1
462381 1
462410 1
462413 1
462431 1
462443 1
462445 1
462446 1
462458 3
462459 1
462474 1
462481 1
462487 1
462508 1
462509 1
462510 1
462520 1
462522 1
462525 1
462531 1
462534 1
462555 1
462560 3
462567 1
462570 1
462576 1
462582 1
462604 1
462607 1
462625 1
462637 1
462641 2
462649 1
462671 2
462696 1
462697 1
462709 1
462712 1
462719 1
462723 1
462729 1
462747 1
462772 1
462784 1
462789 1
462824 1
462829 1
462838 1
462851 1
462862 1
462866 1
462868 2
462870 1
462872 1
462873 1
462877 1
462878 1
462883 2
462889 1
462893 1
462901 1
462903 1
462907 1
462912 1
462913 1
462917 2
462919 1
462923 1
462926 1
462929 2
462941 2
462945 1
462954 1
462960 1
462964 1
462966 1
462970 1
462980 2
462991 1
462992 2
462993 1
462994 1
462997 1
462998 2
463002 1
463006 1
463007 1
463015 1
463016 1
463018 2
463020 1
463026 1
463028 2
463034 1
463037 1
463044 1
463063 1
463066 1
463078 1
463082 1
463099 1
463108 1
463109 1
463110 1
463114 1
463120 2
463123 1
463124 1
463131 1
463135 1
463139 1
463143 1
463147 1
463150 2
463166 1
463173 1
463180 1
463193 1
463200 1
463203 1
463210 1
463213 1
463220 1
463223 1
463232 1
463239 1
463246 1
463248 1
463251 1
463252 1
463261 2
463267 1
463273 1
463274 1
463285 1
463289 1
463293 1
463300 1
463330 1
463338 1
463354 1
463358 1
463359 1
463368 1
463393 1
463400 1
463415 1
463417 1
463427 1
463431 1
463432 1
463441 1
463443 1
463447 1
463456 1
463462 1
463470 1
463473 1
463475 1
463476 1
463491 1
463501 1
463514 1
463531 1
463533 1
463535 1
463558 1
463570 1
463581 1
463590 2
463591 1
463604 1
463605 1
463608 1
463627 1
463638 1
463640 1
463649 1
463650 1
463651 1
463662 1
463669 1
463680 1
463681 1
463687 1
463691 1
463695 1
463702 1
463703 1
463705 1
463711 1
463722 1
463733 1
463740 2
463743 1
463750 1
463753 1
463758 1
463780 1
463790 1
463795 1
463807 1
463810 1
463815 1
463820 1
463830 1
463831 1
463863 1
463866 1
463869 1
463873 1
463897 1
463902 1
463903 1
463907 1
463917 1
463919 1
463921 1
463925 1
463927 1
463932 1
463936 1
463938 1
463941 1
463943 1
463944 1
463951 1
463974 1
463979 1
463984 1
463989 1
463994 1
464022 1
464024 1
464039 2
464044 1
464055 1
464064 1
464088 1
464097 1
464098 1
464117 1
464121 1
464129 1
464134 1
464138 1
464141 1
464148 1
464158 1
464161 1
464166 1
464170 1
464181 1
464201 1
464202 1
464208 1
464213 1
464220 2
464225 1
464241 1
464246 1
464250 1
464255 1
464256 1
464267 1
464270 2
464273 1
464289 1
464291 1
464292 1
464306 1
464311 1
464315 1
464316 1
464322 1
464328 2
464338 1
464339 1
464340 1
464356 1
464357 1
464369 1
464372 1
464380 1
464381 1
464388 1
464393 1
464394 1
464415 1
464417 1
464420 2
464425 1
464433 1
464435 1
464441 1
464449 1
464453 1
464457 1
464459 1
464460 1
464461 1
464465 1
464467 1
464468 1
464470 1
464473 1
464474 1
464479 2
464483 1
464486 1
464492 1
464494 2
464501 1
464503 1
464511 1
464520 1
464524 1
464532 1
464539 2
464547 1
464550 1
464556 1
464576 1
464577 1
464578 1
464580 1
464585 1
464589 1
464591 1
464596 1
464600 2
464606 2
464612 2
464614 1
464617 1
464619 1
464627 1
464629 1
464631 2
464632 1
464633 2
464637 1
464641 1
464648 1
464669 1
464672 1
464674 1
464677 2
464680 1
464687 1
464720 1
464722 1
464725 1
464729 1
464731 1
464735 1
464739 2
464740 1
464741 1
464752 1
464758 1
464767 1
464771 1
464773 1
464775 2
464781 1
464782 1
464787 1
464790 2
464797 1
464807 1
464822 1
464823 2
464833 2
464835 1
464840 2
464842 1
464847 1
464852 1
464864 2
464880 2
464883 1
464885 1
464898 1
464899 1
464900 1
464906 1
464911 1
464952 1
464955 1
464956 1
464961 1
464967 1
464968 1
464969 1
464982 1
465000 2
465003 1
465009 1
465016 1
465020 1
465024 1
465025 1
465031 1
465033 1
465037 1
465047 1
465060 1
465086 2
465095 1
465096 1
465106 1
465107 1
465112 1
465115 1
465118 1
465127 1
465129 1
465137 1
465141 1
465154 1
465158 1
465159 1
465170 1
465171 1
465172 1
465175 1
465176 1
465189 1
465191 1
465192 1
465193 1
465197 1
465212 1
465221 2
465231 1
465232 1
465247 1
465284 1
465287 1
465292 1
465311 1
465319 2
465322 1
465325 1
465326 1
465329 1
465336 1
465344 1
465351 1
465355 1
465356 1
465357 1
465370 1
465371 1
465378 1
465404 1
465407 1
465408 1
465411 1
465412 1
465415 1
465429 1
465430 1
465437 1
465440 1
465461 1
465468 1
465471 1
465472 1
465487 1
465496 1
465504 1
465515 2
465516 1
465517 1
465527 1
465532 1
465545 1
465547 1
465557 1
465564 1
465586 1
465588 1
465598 1
465602 1
465617 1
465624 1
465639 1
465643 1
465650 1
465651 1
465655 1
465693 1
465696 2
465697 1
465705 1
465713 1
465715 1
465721 1
465726 1
465734 1
465740 1
465746 2
465749 1
465750 1
465754 1
465759 1
465776 1
465778 1
465781 1
465782 1
465795 1
465796 1
465803 1
465805 3
465812 1
465818 1
465825 1
465829 1
465830 1
465848 1
465860 1
465864 1
465867 1
465877 1
465886 1
465888 1
465890 1
465918 1
465921 1
465932 1
465943 1
465951 1
465952 1
465954 1
465960 1
465992 1
466000 1
466008 1
466010 1
466011 1
466014 1
466020 1
466022 1
466039 1
466046 1
466049 1
466055 1
466058 1
466062 1
466064 1
466073 1
466077 1
466078 1
466104 1
466105 1
466108 1
466119 1
466124 1
466125 1
466148 1
466150 1
466153 1
466156 1
466173 1
466178 1
466212 1
466226 1
466227 1
466236 1
466237 1
466240 1
466241 1
466246 1
466247 1
466250 1
466257 1
466278 1
466284 1
466299 2
466303 1
466313 1
466314 1
466315 1
466320 1
466329 1
466330 1
466331 1
466334 1
466338 1
466340 1
466345 1
466352 1
466356 1
466357 1
466362 1
466367 1
466368 1
466377 1
466380 1
466381 2
466382 1
466383 1
466387 1
466388 1
466395 1
466398 1
466399 1
466422 1
466444 1
466445 1
466447 2
466458 1
466461 1
466462 1
466467 1
466477 1
466478 1
466485 1
466490 1
466498 1
466499 1
466525 1
466527 1
466541 1
466542 1
466546 1
466551 1
466553 1
466563 1
466569 2
466571 1
466592 1
466620 1
466624 1
466632 1
466633 1
466638 1
466646 1
466660 1
466667 1
466671 1
466677 1
466681 1
466682 1
466687 1
466704 1
466708 2
466709 1
466713 1
466723 1
466725 1
466729 1
466739 1
466743 1
466745 1
466754 1
466755 1
466756 1
466762 1
466766 1
466772 1
466786 1
466789 1
466791 1
466815 1
466818 1
466823 1
466828 1
466831 1
466833 1
466836 1
466846 1
466849 1
466852 1
466871 1
466879 1
466880 1
466890 1
466891 1
466903 1
466908 1
466925 1
466926 1
466929 1
466931 1
466932 1
466943 1
466945 2
466949 1
466950 1
466957 1
466961 1
466965 1
466977 1
466985 1
466988 1
466995 1
466998 1
466999 1
467006 1
467009 1
467016 1
467020 1
467022 1
467024 1
467026 1
467027 1
467032 1
467033 2
467038 1
467042 3
467047 1
467072 1
467080 2
467083 1
467090 1
467095 1
467097 1
467098 1
467110 1
467124 2
467136 1
467149 1
467156 1
467157 1
467183 1
467188 1
467201 1
467211 1
467222 1
467230 1
467243 1
467249 1
467260 1
467266 1
467275 1
467316 1
467317 1
467324 1
467328 1
467334 1
467338 1
467339 1
467345 1
467349 1
467356 1
467365 1
467366 1
467368 1
467371 2
467386 1
467391 1
467392 1
467407 2
467419 1
467420 1
467423 1
467428 1
467429 1
467434 1
467436 1
467443 1
467459 1
467470 1
467475 1
467476 1
467479 1
467494 1
467510 1
467512 1
467513 1
467517 1
467519 1
467521 1
467526 1
467530 1
467532 1
467533 1
467535 1
467551 1
467557 2
467558 1
467559 1
467574 1
467577 1
467581 1
467583 1
467590 1
467612 1
467614 1
467618 1
467624 1
467646 1
467647 1
467648 1
467653 1
467654 2
467655 1
467657 2
467659 1
467681 1
467682 1
467683 1
467699 1
467701 1
467703 1
467706 1
467709 1
467711 1
467722 1
467724 1
467725 1
467730 1
467734 1
467746 1
467747 1
467760 1
467766 1
467769 1
467776 1
467778 1
467780 2
467785 1
467805 1
467809 1
467813 1
467819 1
467824 1
467825 1
467845 1
467852 1
467857 1
467861 1
467870 1
467880 1
467886 1
467887 1
467900 3
467911 1
467919 1
467929 1
467942 1
467943 1
467948 1
467957 1
467958 1
467961 1
467963 1
467967 1
467976 1
467978 1
467979 1
467980 1
467981 1
467983 1
468014 1
468022 1
468024 1
468039 1
468049 1
468055 1
468058 1
468059 1
468069 2
468076 3
468080 2
468090 1
468091 1
468094 1
468097 1
468109 1
468110 1
468114 1
468119 1
468132 1
468140 1
468141 1
468142 1
468146 1
468170 1
468171 1
468175 1
468178 1
468179 1
468188 1
468204 1
468224 1
468241 1
468253 1
468259 1
468261 1
468272 1
468278 1
468279 1
468282 1
468284 1
468292 1
468293 1
468298 1
468303 1
468344 1
468350 1
468357 1
468358 1
468368 1
468377 1
468379 1
468388 1
468396 1
468402 2
468404 1
468405 1
468407 1
468409 1
468413 1
468423 1
468428 1
468438 1
468439 1
468444 1
468451 1
468454 1
468456 1
468461 1
468465 1
468482 1
468485 1
468514 1
468532 1
468542 1
468546 1
468554 1
468557 1
468576 2
468581 1
468596 1
468599 1
468600 1
468618 1
468621 1
468630 1
468631 2
468638 1
468643 1
468653 2
468678 1
468690 1
468691 2
468702 1
468703 1
468706 1
468715 1
468716 1
468719 1
468720 1
468727 1
468728 1
468729 1
468731 1
468733 1
468739 1
468746 1
468751 1
468759 1
468760 1
468767 1
468770 1
468782 1
468790 1
468796 1
468806 1
468807 1
468808 1
468810 1
468813 1
468818 1
468823 1
468831 1
468844 1
468848 1
468857 1
468858 1
468861 1
468865 1
468871 1
468876 1
468889 1
468901 2
468908 1
468909 1
468937 1
468942 1
468952 1
468953 1
468960 1
468963 1
468982 1
468989 1
469014 1
469043 1
469050 1
469066 2
469071 1
469076 1
469083 1
469088 1
469094 1
469109 1
469111 1
469112 1
469115 1
469125 1
469142 1
469158 1
469171 1
469181 1
469183 1
469186 1
469188 1
469191 1
469206 1
469207 1
469208 1
469209 1
469231 1
469240 2
469264 1
469271 1
469289 2
469295 1
469296 1
469304 1
469308 1
469321 1
469322 1
469346 1
469350 1
469359 1
469363 1
469372 1
469378 1
469384 1
469391 1
469392 1
469402 1
469404 1
469411 1
469415 1
469418 1
469419 1
469432 1
469434 1
469450 1
469455 1
469459 1
469461 1
469463 1
469465 1
469470 1
469476 1
469485 1
469487 1
469492 1
469495 1
469496 1
469498 1
469508 1
469514 1
469521 1
469523 1
469526 1
469543 1
469549 1
469558 1
469564 1
469566 1
469578 1
469581 2
469586 1
469588 2
469593 1
469599 1
469604 1
469605 1
469606 1
469610 1
469611 1
469612 1
469616 1
469620 1
469623 1
469626 1
469629 1
469636 1
469656 1
469657 1
469663 1
469684 1
469702 1
469705 1
469707 2
469708 1
469712 1
469726 1
469736 1
469741 1
469742 1
469751 1
469759 1
469772 1
469773 1
469778 1
469782 1
469791 1
469793 1
469797 1
469801 1
469804 1
469808 1
469810 1
469811 1
469818 1
469819 1
469836 1
469837 1
469839 1
469858 1
469863 1
469865 1
469867 1
469883 1
469904 1
469907 1
469912 1
469919 1
469931 1
469939 1
469943 1
469944 1
469945 1
469958 1
469969 1
469970 1
469981 1
469982 1
470014 1
470021 1
470024 1
470031 1
470036 1
470052 1
470064 1
470070 2
470074 1
470078 1
470084 1
470105 1
470106 1
470111 1
470124 1
470128 1
470131 1
470132 1
470136 1
470137 1
470142 1
470143 1
470146 1
470162 1
470170 1
470175 1
470177 1
470185 1
470210 1
470214 1
470225 1
470228 1
470230 1
470235 1
470252 1
470258 1
470261 1
470281 1
470291 1
470296 1
470299 1
470307 1
470311 1
470314 1
470326 1
470329 1
470349 1
470359 1
470386 1
470391 1
470399 1
470423 1
470425 1
470429 2
470438 1
470445 1
470467 1
470481 1
470482 1
470487 1
470495 1
470496 1
470504 1
470510 1
470511 1
470512 1
470531 1
470536 1
470543 1
470547 1
470572 1
470577 1
470579 1
470582 1
470586 1
470588 1
470592 1
470594 1
470595 1
470598 1
470599 1
470620 1
470624 1
470629 1
470632 1
470635 1
470661 1
470676 2
470680 1
470699 1
470700 1
470703 1
470713 1
470715 1
470717 1
470720 1
470722 1
470724 1
470730 1
470734 1
470736 1
470741 1
470764 1
470765 1
470766 1
470769 1
470783 1
470806 1
470807 1
470814 1
470827 1
470831 1
470843 1
470858 1
470876 1
470890 1
470908 1
470911 1
470924 1
470937 1
470954 1
470955 1
470963 3
470966 1
470986 1
470997 1
471001 17
471009 1
471019 1
471021 1
471023 1
471027 1
471028 1
471030 1
471044 1
471054 1
471060 1
471062 1
471070 1
471073 2
471078 1
471084 1
471094 1
471098 1
471100 1
471108 1
471112 1
471113 1
471136 1
471137 1
471141 1
471145 1
471155 1
471157 1
471159 1
471160 1
471167 1
471178 1
471186 1
471198 1
471208 1
471209 1
471216 1
471221 1
471226 1
471234 1
471242 1
471249 1
471250 1
471253 1
471256 1
471260 1
471262 1
471263 1
471266 1
471273 1
471274 1
471275 1
471294 2
471295 1
471297 1
471302 1
471306 1
471307 1
471309 1
471315 1
471324 1
471334 1
471339 1
471349 1
471353 1
471354 2
471357 1
471362 1
471371 1
471372 1
471375 1
471378 1
471379 1
471382 3
471411 1
471413 1
471426 1
471429 1
471434 1
471442 1
471444 1
471445 1
471448 1
471452 1
471457 1
471459 1
471469 1
471474 1
471477 1
471489 1
471492 1
471500 1
471528 1
471531 1
471542 1
471548 1
471557 1
471573 1
471577 1
471580 1
471598 2
471610 1
471612 1
471615 1
471617 1
471630 1
471636 1
471638 1
471644 1
471660 1
471664 1
471696 1
471728 1
471737 1
471745 1
471751 1
471771 1
471773 1
471777 1
471786 1
471799 1
471801 1
471804 1
471805 1
471808 1
471825 1
471849 3
471855 1
471857 1
471858 2
471860 1
471865 1
471872 1
471874 1
471875 1
471876 1
471881 1
471887 1
471890 1
471909 1
471918 1
471919 1
471929 1
471932 2
471945 1
471947 1
471951 1
471954 1
471955 1
471959 1
471963 1
471973 1
471974 1
471978 1
471997 1
471999 1
472000 1
472002 1
472006 1
472038 1
472057 1
472064 1
472070 1
472090 1
472098 1
472109 1
472111 1
472113 3
472118 1
472119 1
472124 2
472125 1
472126 1
472130 1
472136 1
472150 1
472177 1
472193 1
472197 1
472204 1
472207 2
472218 1
472224 1
472228 1
472252 1
472253 1
472264 1
472274 1
472293 1
472303 1
472312 1
472320 1
472324 1
472325 1
472329 1
472356 1
472363 1
472370 1
472376 1
472382 1
472388 1
472395 1
472398 1
472408 1
472410 1
472418 1
472427 1
472428 1
472435 1
472438 1
472440 1
472450 1
472456 1
472459 1
472471 1
472478 1
472494 1
472504 1
472505 1
472506 1
472508 1
472511 1
472512 1
472522 1
472523 1
472524 1
472529 1
472543 1
472544 1
472547 1
472554 1
472555 1
472564 1
472570 1
472572 1
472606 1
472611 1
472620 1
472622 1
472623 1
472626 1
472627 1
472630 1
472631 1
472634 1
472639 1
472644 1
472648 1
472655 1
472658 1
472666 1
472675 1
472678 1
472691 1
472692 1
472700 1
472704 1
472705 1
472709 1
472710 1
472719 1
472727 1
472732 1
472738 1
472750 1
472752 1
472753 1
472767 1
472772 1
472774 1
472788 2
472798 1
472817 1
472822 1
472827 1
472834 1
472859 1
472865 1
472874 2
472882 1
472884 1
472888 1
472893 1
472899 1
472900 1
472903 1
472904 1
472917 1
472926 1
472933 1
472935 1
472940 1
472944 1
472951 2
472963 1
472964 1
472974 1
472978 1
472996 1
472997 1
473001 1
473004 1
473011 1
473014 1
473021 1
473036 1
473040 1
473047 1
473082 1
473086 1
473125 1
473130 2
473151 1
473155 1
473169 1
473174 1
473175 1
473191 1
473196 1
473198 1
473200 1
473201 1
473226 1
473230 1
473247 1
473249 2
473251 1
473260 1
473264 4
473266 1
473273 1
473274 1
473275 3
473299 1
473317 1
473320 1
473325 1
473330 1
473331 1
473343 1
473352 1
473353 1
473361 1
473369 1
473372 1
473373 1
473377 1
473392 1
473394 1
473397 1
473423 1
473425 1
473426 1
473429 1
473432 1
473442 1
473457 1
473470 1
473477 1
473509 1
473511 1
473513 1
473515 1
473536 1
473539 1
473559 1
473560 1
473562 1
473568 1
473590 1
473591 1
473596 1
473602 1
473608 1
473615 1
473624 1
473625 1
473626 1
473629 1
473632 1
473644 1
473645 1
473647 1
473650 2
473651 1
473657 1
473660 1
473668 1
473683 1
473684 1
473691 1
473698 1
473707 1
473709 1
473716 1
473720 3
473722 1
473747 1
473759 1
473765 1
473771 1
473788 1
473794 1
473823 1
473824 1
473834 1
473859 1
473861 1
473881 1
473885 1
473897 1
473901 1
473904 1
473906 1
473912 1
473919 1
473921 1
473926 1
473927 1
473944 1
473945 1
473946 1
473964 1
473967 1
473973 1
474000 1
474007 1
474008 1
474010 2
474018 1
474019 1
474027 1
474042 1
474045 1
474052 1
474060 1
474075 1
474086 1
474091 2
474097 1
474100 1
474115 1
474131 1
474139 1
474150 1
474153 1
474167 1
474175 1
474180 1
474182 1
474185 1
474189 1
474196 1
474211 1
474218 1
474221 1
474223 1
474228 1
474230 2
474241 1
474258 1
474271 1
474272 1
474285 1
474297 1
474317 1
474363 1
474365 1
474370 1
474374 1
474390 1
474391 1
474393 1
474399 1
474405 1
474420 1
474421 1
474435 1
474444 1
474455 1
474458 1
474461 1
474467 3
474471 1
474474 1
474476 1
474480 1
474486 1
474491 1
474507 1
474508 1
474509 1
474511 1
474513 1
474523 1
474530 1
474531 1
474542 1
474553 1
474578 1
474585 1
474603 1
474606 1
474609 1
474643 1
474646 1
474650 1
474658 1
474660 1
474663 1
474665 1
474684 1
474687 1
474692 1
474693 1
474709 1
474713 1
474720 1
474727 1
474737 1
474741 2
474744 1
474748 1
474776 2
474784 1
474787 1
474790 1
474792 1
474796 1
474811 1
474831 1
474833 1
474838 2
474866 1
474871 1
474876 2
474892 1
474895 1
474898 1
474903 1
474905 1
474909 1
474925 1
474939 1
474946 1
474956 1
474960 1
474962 1
474963 1
474967 1
474970 1
474973 1
474975 2
474976 1
474978 1
474983 1
474989 1
475008 1
475012 1
475013 1
475021 1
475029 1
475030 1
475031 1
475037 1
475039 1
475042 1
475045 1
475065 1
475068 1
475073 1
475092 1
475099 1
475106 1
475107 1
475111 1
475114 1
475118 1
475123 1
475125 1
475134 1
475139 1
475140 1
475144 1
475150 1
475159 1
475169 1
475173 1
475178 1
475180 1
475185 1
475187 1
475193 1
475206 1
475224 1
475226 1
475247 1
475259 1
475261 1
475262 1
475265 1
475269 1
475273 1
475283 1
475288 1
475297 1
475335 1
475337 1
475350 1
475352 1
475355 1
475358 1
475380 1
475388 1
475393 1
475411 1
475413 1
475414 1
475417 1
475422 1
475428 1
475431 1
475447 1
475452 1
475457 1
475458 1
475459 1
475463 1
475468 1
475469 1
475470 1
475479 1
475481 1
475496 1
475499 1
475507 1
475536 1
475549 1
475552 1
475554 1
475562 2
475577 1
475582 1
475588 1
475601 1
475610 1
475616 1
475621 1
475647 1
475652 1
475660 2
475671 1
475699 1
475720 1
475730 1
475742 1
475748 1
475758 1
475765 1
475780 1
475781 1
475789 1
475796 1
475799 1
475800 1
475801 1
475803 1
475822 1
475829 1
475831 1
475833 1
475878 1
475882 2
475883 1
475885 1
475916 1
475924 1
475938 1
475962 1
475980 1
475995 1
475997 1
476007 1
476015 1
476027 1
476039 1
476040 1
476041 1
476048 1
476049 1
476060 1
476062 1
476068 1
476104 1
476115 1
476118 1
476120 1
476134 1
476139 1
476173 1
476180 1
476191 1
476192 1
476200 1
476214 1
476219 1
476232 2
476248 1
476260 1
476272 1
476280 1
476296 1
476299 1
476301 1
476303 2
476336 1
476354 1
476356 1
476371 1
476378 1
476380 1
476382 1
476390 1
476394 1
476418 1
476445 1
476447 1
476453 1
476467 1
476471 1
476475 1
476480 1
476491 1
476494 2
476516 1
476589 2
476591 1
476595 1
476629 1
476641 1
476655 1
476662 1
476687 1
476703 1
476710 1
476717 1
476728 1
476734 1
476735 1
476736 1
476741 1
476743 1
476745 1
476759 1
476772 1
476778 1
476786 1
476796 1
476801 1
476809 1
476811 1
476822 2
476823 1
476832 1
476840 1
476842 1
476852 1
476857 1
476870 1
476881 1
476898 1
476903 1
476907 1
476910 1
476911 1
476929 1
476930 1
476968 1
476975 1
476989 1
476992 1
477015 1
477019 1
477023 1
477042 1
477061 1
477063 1
477075 1
477086 1
477104 1
477141 1
477143 1
477155 1
477173 1
477181 1
477183 1
477313 1
477635 1
477648 1
477880 1
479445 1
481718 1
482128 1
482353 1
482916 1
483905 1
485046 1
489647 1
493758 1
494079 1
494499 1
496362 1
497969 1
498726 1
498847 1
500085 1
500959 1
501298 1
507520 1
510667 1
513514 1
513608 1
513829 1
529763 1
531525 1
531773 1
531910 1
534596 1
549364 1
561607 1
582398 1
587130 1
589339 1
591038 1
596348 1
633713 1
644772 1
647121 1
666138 1
686704 1
701145 1
729008 1
730421 1
757760 1
765363 1
769628 1
781492 1
809082 1
