1 1 100 597.497
2 2 100 5119.96
3 3 100 5276.43
4 4 100 5347.49
5 5 100 5390.86
6 6 100 5391.95
7 7 100 5433.43
8 8 100 5477.74
9 9 100 5513.9
10 10 100 5611.62
11 11 100 5638.31
12 12 100 5659.41
13 13 100 5681.32
14 14 100 5682.15
15 15 100 5697.54
16 16 100 5711.35
17 17 100 5729.16
18 18 100 5747.17
19 19 100 5761.62
20 20 100 5777.42
21 21 100 5790.51
22 22 100 5802.93
23 23 100 5813.51
24 24 100 5820.5
25 25 100 5830.63
26 26 100 5840.35
27 27 100 5850.95
28 28 100 5861.53
29 29 100 5866.98
30 30 100 5876.8
31 31 100 5885.98
32 32 100 5891.52
33 33 100 5898.8
34 34 100 5903.48
35 35 100 5909.89
36 36 100 5916.62
37 37 100 5918.4
38 38 100 5923.28
39 39 100 5928.48
40 40 100 5934.81
41 41 100 5942.16
42 42 100 5948.22
43 43 100 5976.06
44 44 100 5981.18
45 45 100 5995.9
46 46 100 6004.27
47 47 100 6009.03
48 48 100 6013.86
49 49 100 6019.62
50 50 100 6024.62
