1 1 100 9.32004
2 2 100 33.4393
3 3 100 42.8987
4 4 100 75.0684
5 5 100 84.7572
6 6 100 86.4522
7 7 100 93.7351
8 8 100 104.197
9 9 100 107.32
10 10 100 110.895
11 11 100 128.02
12 12 100 131.135
13 13 100 134.785
14 14 100 137.256
15 15 100 138.747
16 16 100 140.237
17 17 100 142.525
18 18 100 145.364
19 19 100 146.404
20 20 100 148.048
21 21 100 149.891
22 22 100 151.558
23 23 100 153.338
24 24 100 154.393
25 25 100 155.791
26 26 100 157.527
27 27 100 158.798
28 28 100 160.534
29 29 100 165.424
30 30 100 167.16
31 31 100 175.93
32 32 100 177.257
33 33 100 178.907
34 34 100 180.289
35 35 100 181.713
36 36 100 182.928
37 37 100 184.388
38 38 100 185.76
39 39 100 187.132
40 40 100 188.608
41 41 100 189.24
42 42 100 190.608
43 43 100 192.527
44 44 100 193.895
45 45 100 194.895
46 46 100 195.895
47 47 100 196.895
48 48 100 197.969
49 49 100 199.337
50 50 100 200.705
