16 1 1 1
322 15 15 1
981 2 1 0.5
1112 2 1 0.5
1662 1 1 1
1872 1 1 1
1973 1 1 1
2011 2 2 1
2091 4 4 1
2184 1 1 1
2289 1 1 1
2577 2 2 1
2662 1 1 1
5938 1 1 1
6611 1 1 1
6678 1 1 1
7135 1 1 1
7206 1 1 1
8111 3 1 0.333333
8518 1 1 1
9077 2 2 1
10313 1 1 1
10326 1 1 1
10543 5 5 1
12344 3 3 1
13678 1 1 1
14397 1 1 1
14606 1 1 1
18562 1 1 1
19536 1 1 1
19735 1 1 1
20177 1 1 1
20499 1 1 1
21145 1 1 1
21217 1 1 1
21883 1 1 1
21909 2 2 1
22094 1 1 1
22096 2 2 1
22149 2 1 0.5
22835 1 1 1
24137 2 2 1
24238 1 1 1
24607 3 2 0.666667
25502 1 1 1
25948 1 1 1
25952 3 3 1
26156 1 1 1
26277 1 1 1
26437 1 1 1
27542 1 1 1
28355 1 1 1
29257 1 1 1
29929 1 1 1
30250 1 1 1
30689 3 1 0.333333
31564 2 1 0.5
32033 3 3 1
32104 1 1 1
32968 1 1 1
33017 1 1 1
33404 1 1 1
35814 1 1 1
36771 1 1 1
37062 1 1 1
37200 1 1 1
38031 1 1 1
39261 1 1 1
40073 1 1 1
40359 1 1 1
40818 1 1 1
41376 1 1 1
41990 1 1 1
42884 2 2 1
42895 2 2 1
42982 2 2 1
43197 3 3 1
43377 1 1 1
43564 1 1 1
43793 1 1 1
43874 1 1 1
43963 1 1 1
44215 1 1 1
44465 2 2 1
44552 2 2 1
45340 1 1 1
46365 1 1 1
46465 1 1 1
46484 1 1 1
46529 1 1 1
46643 1 1 1
46836 1 1 1
47070 1 1 1
47154 1 1 1
47180 1 1 1
47191 1 1 1
47221 1 1 1
47233 1 1 1
47338 4 1 0.25
47373 1 1 1
47480 1 1 1
47634 2 1 0.5
47720 1 1 1
47752 1 1 1
47774 1 1 1
47815 1 1 1
47882 1 1 1
47910 1 1 1
47945 1 1 1
47956 1 1 1
47960 1 1 1
48008 2 1 0.5
48049 1 1 1
48075 1 1 1
48088 1 1 1
48144 1 1 1
48173 1 1 1
48181 1 1 1
48200 1 1 1
48248 1 1 1
48257 1 1 1
48386 2 1 0.5
48390 1 1 1
48510 1 1 1
48523 1 1 1
48677 1 1 1
48690 1 1 1
48708 1 1 1
48794 1 1 1
48796 1 1 1
48799 1 1 1
48910 2 1 0.5
48970 1 1 1
49007 1 1 1
49086 1 1 1
49107 1 1 1
49136 1 1 1
49154 1 1 1
49234 1 1 1
49255 2 2 1
49268 2 2 1
49472 2 1 0.5
49590 1 1 1
49597 1 1 1
49610 1 1 1
49663 1 1 1
49675 1 1 1
49706 1 1 1
49732 1 1 1
49742 1 1 1
49789 1 1 1
49798 2 1 0.5
49838 1 1 1
49963 1 1 1
50024 1 1 1
50032 1 1 1
50038 1 1 1
50048 1 1 1
50165 1 1 1
50174 1 1 1
50199 1 1 1
50383 1 1 1
50397 1 1 1
50459 1 1 1
50469 1 1 1
50533 1 1 1
50622 1 1 1
50650 1 1 1
50680 1 1 1
50695 1 1 1
50789 1 1 1
50802 1 1 1
50817 1 1 1
50839 1 1 1
50964 1 1 1
50982 1 1 1
51035 1 1 1
51077 1 1 1
51079 1 1 1
51149 3 1 0.333333
51153 1 1 1
51188 1 1 1
51195 1 1 1
51197 1 1 1
51210 1 1 1
51262 1 1 1
51287 1 1 1
51295 1 1 1
51305 1 1 1
51306 1 1 1
51343 1 1 1
51392 2 1 0.5
51400 1 1 1
51412 1 1 1
51455 1 1 1
51472 1 1 1
51490 1 1 1
51498 1 1 1
51515 1 1 1
51519 1 1 1
51522 1 1 1
51538 1 1 1
51542 2 1 0.5
51567 1 1 1
51661 1 1 1
51672 2 1 0.5
51675 1 1 1
51684 1 1 1
51689 1 1 1
51709 1 1 1
51732 1 1 1
51735 1 1 1
51737 1 1 1
51755 1 1 1
51761 1 1 1
51773 1 1 1
51780 2 1 0.5
51789 1 1 1
51791 1 1 1
51801 1 1 1
51814 2 2 1
51818 1 1 1
51822 2 2 1
51825 1 1 1
51845 1 1 1
51848 1 1 1
51857 1 1 1
51868 1 1 1
51873 1 1 1
51896 1 1 1
51900 1 1 1
51908 1 1 1
51916 1 1 1
51921 1 1 1
51923 1 1 1
51942 1 1 1
51946 2 2 1
51980 1 1 1
51985 1 1 1
51995 1 1 1
52016 1 1 1
52018 1 1 1
52045 2 1 0.5
52060 1 1 1
52063 1 1 1
52065 1 1 1
52067 1 1 1
52073 1 1 1
52076 1 1 1
52078 1 1 1
52092 1 1 1
52114 1 1 1
52119 1 1 1
52124 1 1 1
52132 1 1 1
52139 1 1 1
52157 1 1 1
52168 1 1 1
52173 1 1 1
52181 2 1 0.5
52184 1 1 1
52186 1 1 1
52217 1 1 1
52262 1 1 1
52266 1 1 1
52290 1 1 1
52306 1 1 1
52314 1 1 1
52332 1 1 1
52371 1 1 1
52381 1 1 1
52387 1 1 1
52396 1 1 1
52438 1 1 1
52440 1 1 1
52453 1 1 1
52468 1 1 1
52472 1 1 1
52482 1 1 1
52505 1 1 1
52523 1 1 1
52549 1 1 1
52572 1 1 1
52574 1 1 1
52597 1 1 1
52618 1 1 1
52621 1 1 1
52623 1 1 1
52644 1 1 1
52656 1 1 1
52660 1 1 1
52667 1 1 1
52670 1 1 1
52685 1 1 1
52717 1 1 1
52766 1 1 1
52771 1 1 1
52785 1 1 1
52787 1 1 1
52793 1 1 1
52814 1 1 1
52823 1 1 1
52834 1 1 1
52854 1 1 1
52883 1 1 1
52909 1 1 1
52930 1 1 1
52948 1 1 1
52960 1 1 1
53001 1 1 1
53003 1 1 1
53005 1 1 1
53022 2 1 0.5
53042 1 1 1
53046 1 1 1
53048 1 1 1
53050 2 2 1
53053 1 1 1
53065 1 1 1
53077 1 1 1
53086 1 1 1
53093 1 1 1
53103 1 1 1
53114 1 1 1
53127 1 1 1
53149 1 1 1
53173 1 1 1
53181 1 1 1
53192 1 1 1
53194 1 1 1
53215 1 1 1
53231 1 1 1
53257 1 1 1
53282 1 1 1
53285 1 1 1
53335 1 1 1
53344 1 1 1
53361 1 1 1
53377 1 1 1
53393 1 1 1
53395 1 1 1
53398 2 2 1
53407 1 1 1
53411 1 1 1
53424 1 1 1
53437 1 1 1
53445 1 1 1
53447 1 1 1
53454 1 1 1
53456 1 1 1
53458 1 1 1
53462 1 1 1
53465 1 1 1
53469 1 1 1
53474 1 1 1
53476 1 1 1
53499 1 1 1
53503 1 1 1
53510 1 1 1
53538 2 1 0.5
53544 1 1 1
53548 1 1 1
53556 1 1 1
53568 1 1 1
53570 1 1 1
53575 1 1 1
53586 1 1 1
53600 1 1 1
53602 1 1 1
53612 1 1 1
53614 1 1 1
53620 1 1 1
53626 1 1 1
53631 1 1 1
53640 1 1 1
53670 1 1 1
53677 1 1 1
53708 1 1 1
53721 1 1 1
53723 1 1 1
53733 1 1 1
53746 1 1 1
53748 1 1 1
53762 1 1 1
53765 1 1 1
53768 1 1 1
53772 1 1 1
53775 1 1 1
53786 1 1 1
53791 1 1 1
53801 1 1 1
53807 2 1 0.5
53811 2 1 0.5
53828 1 1 1
53830 1 1 1
53845 1 1 1
53850 1 1 1
53852 1 1 1
53866 1 1 1
53880 1 1 1
53898 1 1 1
53932 1 1 1
53939 1 1 1
53943 1 1 1
53953 1 1 1
53962 1 1 1
53976 1 1 1
54015 1 1 1
54037 1 1 1
54050 1 1 1
54070 1 1 1
54072 1 1 1
54098 1 1 1
54100 1 1 1
54109 1 1 1
54123 1 1 1
54127 1 1 1
54156 1 1 1
54187 1 1 1
54193 1 1 1
54195 1 1 1
54200 2 2 1
54204 1 1 1
54221 1 1 1
54298 1 1 1
54302 1 1 1
54304 1 1 1
54346 1 1 1
54361 1 1 1
54371 1 1 1
54373 1 1 1
54377 1 1 1
54380 1 1 1
54387 1 1 1
54410 1 1 1
54430 1 1 1
54444 1 1 1
54446 1 1 1
54479 1 1 1
54494 1 1 1
54499 1 1 1
54513 1 1 1
54532 1 1 1
54540 1 1 1
54550 1 1 1
54552 1 1 1
54569 2 2 1
54571 1 1 1
54581 1 1 1
54599 1 1 1
54620 1 1 1
54624 1 1 1
54630 1 1 1
54667 1 1 1
54673 1 1 1
54680 1 1 1
54688 1 1 1
54696 1 1 1
54698 1 1 1
54714 1 1 1
54732 1 1 1
54740 1 1 1
54748 1 1 1
54779 1 1 1
54805 1 1 1
54812 1 1 1
54818 1 1 1
54829 1 1 1
54836 1 1 1
54854 1 1 1
54861 1 1 1
54868 1 1 1
54882 1 1 1
54893 1 1 1
54964 1 1 1
54969 1 1 1
54978 1 1 1
54980 1 1 1
55006 1 1 1
55018 1 1 1
55047 3 2 0.666667
55069 1 1 1
55080 1 1 1
55109 1 1 1
55117 1 1 1
55119 1 1 1
55121 1 1 1
55130 1 1 1
55132 1 1 1
55135 1 1 1
55158 1 1 1
55169 1 1 1
55176 1 1 1
55180 1 1 1
55183 1 1 1
55199 1 1 1
55230 1 1 1
55238 1 1 1
55250 1 1 1
55268 1 1 1
55278 1 1 1
55304 1 1 1
55308 1 1 1
55322 1 1 1
55325 1 1 1
55339 1 1 1
55344 1 1 1
55349 2 1 0.5
55359 1 1 1
55363 2 1 0.5
55388 1 1 1
55405 1 1 1
55424 1 1 1
55433 1 1 1
55435 1 1 1
55443 1 1 1
55463 1 1 1
55465 1 1 1
55470 1 1 1
55478 1 1 1
55494 2 2 1
55520 1 1 1
55528 1 1 1
55534 1 1 1
55537 1 1 1
55539 1 1 1
55541 1 1 1
55546 1 1 1
55548 1 1 1
55574 1 1 1
55586 2 2 1
55600 1 1 1
55607 1 1 1
55632 1 1 1
55650 1 1 1
55690 1 1 1
55694 1 1 1
55716 1 1 1
55720 1 1 1
55722 1 1 1
55724 1 1 1
55747 1 1 1
55760 1 1 1
55787 1 1 1
55790 1 1 1
55795 1 1 1
55802 1 1 1
55828 1 1 1
55850 1 1 1
55902 1 1 1
55908 1 1 1
55910 1 1 1
55913 1 1 1
55987 1 1 1
55995 1 1 1
56004 1 1 1
56025 1 1 1
56042 1 1 1
56044 1 1 1
