178083 371720 0 300 0
31 660262 0 57 0
46 83033 363 0 0
46 420396 836 0 0
77 1641 82 0 0
77 2990 4753 0 0
77 4328 592 0 0
77 4367 3525 0 0
77 4956 2298 0 0
77 9829 1161 0 0
77 16193 4450 0 0
77 23944 787 0 0
77 30198 4496 0 0
77 33031 413 0 0
77 41011 275 0 0
77 41908 3817 0 0
77 44410 3446 0 0
77 60598 2860 0 0
77 65768 919 0 0
77 67394 4526 0 0
77 67738 211 0 0
77 70442 800 0 0
77 74406 1807 0 0
77 74613 2336 0 0
77 77471 402 0 0
77 78994 393 0 0
77 82311 4437 0 0
77 90583 1701 0 0
77 91532 1055 0 0
77 94262 369 0 0
77 94841 479 0 0
77 96416 426 0 0
77 106785 2183 0 0
77 115210 230 0 0
77 126026 297 0 0
77 134640 1388 0 0
77 135294 1982 0 0
77 137574 1006 0 0
77 151720 3789 0 0
77 151771 1521 0 0
77 151851 415 0 0
77 152027 1136 0 0
77 156881 3305 0 0
77 163974 4448 0 0
77 166111 604 0 0
77 168260 3060 0 0
77 171026 3318 0 0
77 171169 3629 0 0
77 172853 902 0 0
77 173231 230 0 0
77 175112 763 0 0
77 177533 525 0 0
77 182645 2465 0 0
77 184294 449 0 0
77 187023 428 0 0
77 188249 2011 0 0
77 191900 1072 0 0
77 205462 4230 0 0
77 210944 1290 0 0
77 212128 293 0 0
77 214321 101 0 0
77 214912 2460 0 0
77 215442 891 0 0
77 221409 3099 0 0
77 224964 3652 0 0
77 225161 4363 0 0
77 237216 3060 0 0
77 254237 801 0 0
77 255099 1529 0 0
77 278754 261 0 0
77 289317 585 0 0
77 297571 4960 0 0
77 298477 260 0 0
77 307680 87 0 0
77 318525 3338 0 0
77 319177 262 0 0
77 319775 707 0 0
77 326508 2705 0 0
77 328632 241 0 0
77 335411 2844 0 0
77 345135 2311 0 0
77 351238 3160 0 0
77 360385 3956 0 0
77 361659 1049 0 0
77 370848 257 0 0
77 371467 2348 0 0
77 384793 139 0 0
77 388751 2638 0 0
77 426740 4250 0 0
77 438653 195 0 0
77 442139 880 0 0
77 443229 2998 0 0
77 451685 1632 0 0
77 470128 422 0 0
77 473191 345 0 0
77 476870 424 0 0
77 572613 165 0 0
77 575630 1477 0 0
77 578915 2397 0 0
77 583837 1431 0 0
77 587843 3524 0 0
77 594764 3324 0 0
77 601169 1790 0 0
77 616312 360 0 0
77 616837 1272 0 0
77 623904 3276 0 0
77 634234 74 0 0
77 634442 729 0 0
77 648684 4303 0 0
77 649593 671 0 0
77 659220 4224 0 0
77 664941 39 0 0
77 664964 46 0 0
77 665035 60 0 0
77 665067 64 0 0
77 665102 76 0 0
77 665167 89 0 0
77 665222 102 0 0
77 665264 110 0 0
77 665350 124 0 0
77 665354 306 0 0
77 665381 128 0 0
77 665420 135 0 0
77 665445 142 0 0
77 665471 147 0 0
77 665492 150 0 0
77 665505 155 0 0
77 665565 180 0 0
77 665617 176 0 0
77 665648 182 0 0
77 665685 193 0 0
77 665695 293 0 0
77 665765 213 0 0
77 665804 221 0 0
77 665928 246 0 0
77 665945 249 0 0
77 666031 264 0 0
77 666148 288 0 0
77 666276 308 0 0
77 666278 308 0 0
77 666367 324 0 0
77 666488 349 0 0
77 666516 353 0 0
77 667104 469 0 0
77 667148 479 0 0
77 667380 524 0 0
77 667425 535 0 0
77 667503 552 0 0
77 667625 573 0 0
77 667809 618 0 0
77 668107 675 0 0
77 668202 696 0 0
77 668224 702 0 0
77 668333 721 0 0
77 668416 738 0 0
77 668600 775 0 0
77 668651 788 0 0
77 668661 790 0 0
77 668828 822 0 0
77 668975 847 0 0
77 668977 847 0 0
77 669368 919 0 0
77 669378 921 0 0
77 669386 923 0 0
77 669513 947 0 0
77 669743 998 0 0
77 669767 1003 0 0
77 669913 1035 0 0
77 670491 1146 0 0
77 670579 1167 0 0
77 670658 1182 0 0
77 670918 1707 0 0
77 671529 1380 0 0
77 672009 1479 0 0
77 672230 1532 0 0
77 672352 1555 0 0
77 672556 1594 0 0
77 672803 1638 0 0
77 673180 1731 0 0
77 673862 1885 0 0
77 674486 2018 0 0
77 674967 2123 0 0
77 675739 2252 0 0
77 675949 2290 0 0
77 675989 2297 0 0
77 676597 2412 0 0
77 677453 2575 0 0
77 678241 2751 0 0
77 678250 2753 0 0
77 678737 2847 0 0
77 678912 2876 0 0
77 679446 2978 0 0
77 679567 2998 0 0
77 679903 3058 0 0
77 679971 3069 0 0
77 680285 3122 0 0
77 680351 3134 0 0
77 681532 3346 0 0
77 681734 3387 0 0
77 682216 3490 0 0
77 682435 3541 0 0
77 682611 3585 0 0
77 683009 3673 0 0
77 684210 3933 0 0
77 684778 4046 0 0
77 685680 4229 0 0
77 685907 4277 0 0
77 687464 4630 0 0
77 687699 4690 0 0
77 687706 4693 0 0
77 688902 4962 0 0
77 688924 4969 0 0
77 689032 4994 0 0
96 9317 0 157 0
96 38155 0 195 0
116 2815 2702 0 0
116 43197 303 0 0
116 48170 209 0 0
116 65652 503 0 0
116 110190 3022 0 0
116 146695 1567 0 0
116 260143 177 0 0
116 671740 8 0 0
116 677200 1112 0 0
267252 684379 2254 0 0
166 653882 22 0 0
166 675602 31 0 0
166 689003 34 0 0
166 689005 18 0 0
166 689011 19 0 0
166 689030 22 0 0
166 689080 33 0 0
194 724 365 0 0
194 893 1182 0 0
194 17821 2189 0 0
194 25194 504 0 0
194 37742 902 0 0
194 61314 12 0 0
194 78302 1284 0 0
194 130380 1324 0 0
194 137755 1387 0 0
194 137969 461 0 0
194 225826 123 0 0
194 238322 310 0 0
194 243748 3627 0 0
194 247866 179 0 0
194 254143 889 0 0
194 257783 26 0 0
194 265092 27 0 0
194 280134 824 0 0
194 292300 2062 0 0
194 294832 140 0 0
194 299175 516 0 0
194 302058 969 0 0
194 329498 1113 0 0
194 347554 356 0 0
194 407891 536 0 0
194 418171 119 0 0
194 423148 1638 0 0
194 447653 659 0 0
194 448049 132 0 0
194 450453 39 0 0
194 492788 1620 0 0
194 570643 1019 0 0
194 620279 1781 0 0
194 624527 1374 0 0
194 642198 1304 0 0
194 674203 246 0 0
194 675312 51 0 0
194 675640 2416 0 0
194 676945 1346 0 0
194 677570 348 0 0
194 678022 76 0 0
194 678075 90 0 0
194 678755 31 0 0
194 679043 285 0 0
194 679125 101 0 0
194 680218 291 0 0
194 680389 522 0 0
194 680687 377 0 0
194 680704 380 0 0
194 681047 440 0 0
194 681850 797 0 0
194 682074 1085 0 0
194 682693 783 0 0
194 683174 887 0 0
194 683289 919 0 0
194 683496 949 0 0
194 683673 990 0 0
194 683802 1227 0 0
194 685013 1289 0 0
194 686522 1799 0 0
194 687034 1723 0 0
194 687273 1974 0 0
194 687301 1778 0 0
194 688252 1993 0 0
194 689076 2182 0 0
222 664452 0 52 0
226 686298 2893 0 0
303 395881 322 0 0
322 99740 0 37 0
322 392871 0 34 0
322 651524 0 23 0
322 651977 0 45 0
322 652651 0 30 0
322 653089 0 34 0
433 4614 694 0 0
433 116289 184 0 0
433 156948 1659 0 0
433 591237 332 0 0
433 680836 116 0 0
438 29596 1687 0 0
438 52073 27 0 0
438 52472 2259 0 0
438 52766 672 0 0
438 56025 1068 0 0
438 56104 2882 0 0
438 57239 3008 0 0
438 208421 1108 0 0
438 309568 603 0 0
438 532093 2460 0 0
438 547775 2693 0 0
438 560869 1548 0 0
438 675126 741 0 0
438 677418 1153 0 0
438 678551 1392 0 0
438 679061 1491 0 0
438 689037 3578 0 0
834 172778 0 1261 0
952 660579 0 1378 0
981 662945 32 0 0
624337 659619 0 141 0
1088 172778 0 5721 0
1185 172778 0 5751 0
268548 273596 1754 0 0
1465 657849 0 1898 0
1471 427595 15 0 0
179595 688142 0 143 0
1529 2337 0 1312 0
624853 668391 0 113 0
1664 17565 87 0 0
1664 206985 65 0 0
1664 429696 57 0 0
1664 688007 24 0 0
1697 654190 0 458 0
1701 7396 1021 0 0
1701 72541 1368 0 0
1701 75742 1137 0 0
1701 86575 1655 0 0
1701 114676 70 0 0
1701 653392 69 0 0
1701 653827 146 0 0
1701 654773 325 0 0
1701 655335 432 0 0
1701 655621 490 0 0
1701 655822 530 0 0
1701 657333 804 0 0
1701 658854 1061 0 0
1701 660340 1353 0 0
1701 660634 1400 0 0
1701 661683 1613 0 0
1701 664776 2144 0 0
1701 672252 3671 0 0
1701 676877 4602 0 0
1701 677875 4797 0 0
1719 172778 0 69 0
1781 676073 0 93 0
269025 395881 323 0 0
2011 679614 0 4 0
2047 85247 1913 0 0
2091 679614 0 29 0
2126 9317 0 72 0
2220 163671 0 637 0
2337 7361 2450 0 0
2337 18155 3331 0 0
2337 23942 148 0 0
2337 26941 375 0 0
2337 61944 4591 0 0
2337 63117 289 0 0
2337 65685 1157 0 0
2337 67040 696 0 0
2337 70901 969 0 0
2337 73341 3880 0 0
2337 96394 770 0 0
2337 99016 2338 0 0
2337 108383 4377 0 0
2337 132365 1186 0 0
2337 135543 111 0 0
2337 143220 3295 0 0
2337 146965 1763 0 0
2337 147171 4640 0 0
2337 149688 405 0 0
2337 154616 19 0 0
2337 159403 4381 0 0
2337 182042 3386 0 0
2337 188122 37 0 0
2337 188654 541 0 0
2337 189337 927 0 0
2337 208319 197 0 0
2337 225961 4916 0 0
2337 304961 5178 0 0
2337 330218 271 0 0
2337 336333 44 0 0
2337 457705 1696 0 0
2337 472818 3420 0 0
2337 481366 3983 0 0
2337 508920 407 0 0
2337 560213 298 0 0
2337 605332 994 0 0
2337 618469 4718 0 0
2337 636621 3251 0 0
2337 641215 227 0 0
2337 648932 654 0 0
2337 655243 3426 0 0
2337 658114 2471 0 0
2337 663236 23 0 0
2337 663866 148 0 0
2337 665309 2667 0 0
2337 665864 564 0 0
2337 671220 1650 0 0
2337 672573 2051 0 0
2337 675111 2560 0 0
2337 684914 4420 0 0
2337 686434 4830 0 0
2337 687116 4886 0 0
2353 9317 0 112 0
2577 19785 0 294 0
2577 146174 0 64 0
2625 662401 0 37 0
2625 671525 0 40 0
180793 659981 0 504 0
2941 163671 0 622 0
537214 685866 3036 0 0
181066 447247 0 53 0
181066 676902 0 152 0
181202 659981 0 573 0
448430 462445 0 2909 0
448430 665541 0 2666 0
181505 395881 1670 0 0
449062 677119 0 688 0
3909 655102 0 129 0
271104 659619 0 5853 0
449232 676798 0 2013 0
4288 6940 0 295 0
4450 462445 0 3143 0
4474 544497 5302 0 0
271615 658033 303 0 0
627940 654290 0 504 0
4710 147436 0 53 0
93883 662313 0 689 0
4946 125378 115 0 0
4995 408073 307 0 0
5184 159092 70 0 0
5532 271615 0 850 0
5532 658033 0 2222 0
5611 31308 306 0 0
5611 286762 80 0 0
5611 688806 478 0 0
95233 658845 0 5273 0
6207 172778 0 1334 0
6247 680477 40 0 0
6247 680706 84 0 0
184666 654190 0 5888 0
6611 679614 0 173 0
95736 665009 0 29 0
6807 334177 2198 0 0
6807 679184 2371 0 0
6940 11668 2792 0 0
6940 665639 81 0 0
6940 681617 3915 0 0
6940 688712 5741 0 0
7083 657849 0 1578 0
96242 183591 0 130 0
7206 679614 0 903 0
96296 650976 0 2418 0
96377 665541 0 2105 0
7361 163671 0 994 0
7361 462445 0 2389 0
7361 659619 0 3047 0
7361 665541 0 1971 0
7669 93846 1582 0 0
7669 126476 2068 0 0
7669 340995 44 0 0
7915 686077 68 0 0
8112 13462 0 972 0
8112 26089 0 983 0
8272 13462 0 20 0
364544 674870 21 0 0
542690 676374 2237 0 0
275684 280019 13 0 0
631908 660152 0 354 0
9030 673029 89 0 0
9317 464600 92 0 0
98392 659088 219 0 0
9645 115534 653 0 0
9749 658845 0 180 0
10099 659619 0 424 0
10130 661653 970 0 0
10319 327449 3760 0 0
10319 605000 2353 0 0
99740 674990 716 0 0
188830 663246 0 1700 0
100183 687201 0 254 0
11645 680055 52 0 0
12078 414644 0 1329 0
12078 648083 0 5057 0
101520 667652 0 209 0
279759 659619 0 3814 0
12741 112242 0 311 0
12829 191755 0 134 0
13024 172778 0 3145 0
13057 88307 0 25 0
13112 680811 22 0 0
458512 663304 537 0 0
13462 27542 2209 0 0
13723 172778 0 5754 0
458965 630523 0 24 0
14005 172778 0 6294 0
14035 468715 80 0 0
14462 657849 0 962 0
192633 578050 0 3897 0
14654 172778 0 6070 0
282230 671627 0 2743 0
282468 594541 0 44 0
460596 680663 1528 0 0
371720 663515 96 0 0
371720 664358 274 0 0
371720 672889 2004 0 0
371720 675772 2602 0 0
371720 676357 2708 0 0
371720 682258 3843 0 0
371720 686457 4852 0 0
282793 677891 0 454 0
194061 650976 0 638 0
105209 462445 0 4298 0
105268 295056 203 0 0
105452 172778 0 4508 0
105452 347345 0 9141 0
105452 657849 0 3747 0
105454 117485 1024 0 0
105454 663478 687 0 0
16435 68829 0 4136 0
16546 428881 2910 0 0
16581 140920 0 634 0
16581 175355 0 84 0
16596 241615 0 693 0
16930 662947 161 0 0
551244 665541 0 911 0
106173 147436 0 16 0
106193 173060 0 101 0
462445 486994 2187 0 0
462445 572440 1558 0 0
462445 634234 349 0 0
462445 650535 3731 0 0
462445 662235 163 0 0
462445 663968 106 0 0
462445 665104 340 0 0
462445 665282 376 0 0
462445 666395 786 0 0
462445 668892 1095 0 0
462445 670117 1333 0 0
462445 670686 1452 0 0
462445 671411 1626 0 0
462445 675176 2429 0 0
462445 676447 2648 0 0
462445 680905 5196 0 0
462445 684858 4326 0 0
462445 688841 5213 0 0
284588 657413 141 0 0
106679 671436 0 4169 0
17761 163671 0 157 0
17807 395881 1185 0 0
463246 660097 1322 0 0
18399 47076 0 566 0
18399 662401 0 115 0
18399 671795 0 40 0
18408 288823 0 59 0
463939 686149 1297 0 0
196855 257380 0 88 0
286156 672564 0 622 0
197122 652530 0 1184 0
108131 172778 0 1431 0
19092 457177 120 0 0
108324 659981 75 0 0
553530 665541 0 4342 0
19565 671948 0 629 0
642941 665541 0 1698 0
19734 666906 97 0 0
19735 47076 0 95 0
19784 672342 0 599 0
19820 672564 0 669 0
19943 655614 0 10 0
109251 192391 3992 0 0
376456 669000 0 285 0
20428 679100 289 0 0
198531 663308 13 0 0
109510 245650 0 263 0
109513 172778 0 3685 0
644131 657746 106 0 0
377038 674604 0 48 0
21639 654190 0 1904 0
288823 686712 211 0 0
645493 685536 0 151 0
22368 443857 676 0 0
22368 687210 711 0 0
645765 659032 603 0 0
645765 660725 921 0 0
22529 652763 0 831 0
22529 654551 0 511 0
22529 655640 0 300 0
22529 687443 0 120 0
111658 684083 0 291 0
23026 665541 0 3640 0
23081 261292 178 0 0
23081 517169 638 0 0
201259 663735 0 330 0
112241 112242 0 86 0
23371 172778 0 1885 0
23651 669311 0 19 0
23726 284588 0 1075 0
23942 163497 0 50 0
23942 284588 0 143 0
23942 656237 0 31 0
23942 670083 0 115 0
113049 309510 657 0 0
113049 672754 211 0 0
113049 674739 858 0 0
113049 679026 1480 0 0
24057 657922 925 0 0
113192 645765 0 4158 0
202275 435955 0 1291 0
647903 656660 210 0 0
24775 462445 0 3271 0
648083 677702 4333 0 0
114040 498248 132 0 0
25331 257380 0 6020 0
203443 462445 0 2952 0
203444 462445 0 3086 0
114527 131934 0 91 0
648948 653102 0 65 0
648997 668481 0 506 0
649106 676101 0 1524 0
204060 215305 21 0 0
204060 674225 284 0 0
26128 657849 0 2014 0
115434 172778 0 438 0
26411 172778 0 5659 0
115540 655102 0 2133 0
115549 172778 0 872 0
204620 652651 0 95 0
204620 659688 0 27 0
26541 675437 0 105 0
382804 462445 0 783 0
26941 655102 400 785 0
650249 673165 0 1492 0
116007 347345 0 157 0
116031 665009 0 763 0
116058 658349 0 1058 0
561757 561758 0 1129 0
561758 669087 2796 0 0
27542 95043 0 899 0
27624 56185 0 2142 0
27674 261292 619 0 0
650976 668622 555 0 0
650976 672384 1331 0 0
650976 672606 1378 0 0
650976 675040 1911 0 0
117113 172778 0 195 0
384244 678902 0 257 0
28154 127643 0 5481 0
28260 406587 0 84 0
384493 617438 0 61 0
206663 659619 0 5639 0
117786 127597 4636 0 0
117786 308830 127 0 0
296323 674144 814 0 0
652677 683287 5913 0 0
29443 340995 56 0 0
29444 659619 0 5627 0
652889 676688 4582 0 0
652889 677769 4789 0 0
118667 657849 0 147 0
118669 657849 0 147 0
118671 657849 0 147 0
652921 659619 0 1837 0
653089 676542 4520 0 0
29874 261292 72 0 0
653480 679406 5022 0 0
475510 659619 0 5225 0
653630 653696 12 0 0
653630 656316 516 0 0
653686 653687 0 100 0
653716 662694 0 1029 0
654080 663573 1706 0 0
654190 654753 109 0 0
654190 655092 174 0 0
654190 655374 228 0 0
654190 655401 236 0 0
654190 655671 287 0 0
654190 655684 290 0 0
654190 655777 309 0 0
654190 656085 373 0 0
654190 656160 385 0 0
654190 657107 555 0 0
654190 657131 558 0 0
654190 657802 672 0 0
654190 657850 678 0 0
654190 657877 681 0 0
654190 657960 693 0 0
654190 658314 753 0 0
654190 658361 761 0 0
654190 658672 821 0 0
654190 658760 836 0 0
654190 658802 843 0 0
654190 658826 845 0 0
654190 659672 1001 0 0
654190 659768 1020 0 0
654190 660135 1101 0 0
654190 661897 1445 0 0
654190 662017 1466 0 0
654190 662408 1516 0 0
654190 662737 1553 0 0
654190 662950 1570 0 0
654190 662974 1572 0 0
654190 665192 2017 0 0
654190 668313 2642 0 0
654190 669475 2862 0 0
654190 669655 2904 0 0
654190 670781 3133 0 0
654190 671379 3274 0 0
654190 672016 3404 0 0
654190 672064 3414 0 0
654190 672815 3563 0 0
654190 674247 3884 0 0
654190 674313 3899 0 0
654190 674664 3989 0 0
654190 674944 4043 0 0
654190 675011 4055 0 0
654190 675634 4157 0 0
654190 675872 4200 0 0
654190 676012 4225 0 0
654190 679057 4830 0 0
654190 679321 4878 0 0
654190 679863 4971 0 0
654190 681303 5223 0 0
654190 683321 5658 0 0
654190 683904 5792 0 0
654190 684429 5899 0 0
654190 685886 6195 0 0
654190 688156 6714 0 0
654195 674150 3860 0 0
654195 675083 4070 0 0
654195 681633 5288 0 0
654290 654576 52 0 0
298137 659619 0 305 0
654506 655614 0 276 0
654634 680689 5035 0 0
31367 660170 36 0 0
31367 685141 238 0 0
31367 685953 394 0 0
654732 659348 826 0 0
476706 671627 0 2354 0
654799 655143 67 0 0
120572 671627 0 1359 0
655038 655334 422 549 0
655091 655724 126 0 0
655102 655945 167 0 0
655102 659752 839 0 0
655239 668767 2533 0 0
655276 655277 0 61 0
121072 462445 0 7 0
655367 655551 35 0 0
655433 656424 189 0 0
655513 662747 1299 0 0
299470 674177 0 178 0
299470 674845 0 132 0
32472 163671 0 111 0
655822 656719 0 203 0
32597 163671 0 302 0
656032 656733 124 0 0
210944 462445 0 1579 0
210944 665541 0 1132 0
210944 667805 0 478 0
656237 656950 124 0 0
32992 673182 0 324 0
656326 666989 1154 0 0
656405 668452 2242 0 0
656414 670845 2724 0 0
33181 129388 1419 0 0
33181 439355 1514 0 0
33181 441196 1334 0 0
33181 441507 1484 0 0
33181 443146 904 0 0
33181 443273 1118 0 0
33181 445273 908 0 0
33181 446115 1436 0 0
33181 446850 1473 0 0
33181 447478 1359 0 0
33181 448639 960 0 0
33181 449648 1447 0 0
33181 456861 1261 0 0
33181 487779 1297 0 0
33181 492396 1175 0 0
33181 684537 674 0 0
33181 684538 617 0 0
33181 684545 618 0 0
33181 684574 624 0 0
33181 684611 632 0 0
33181 684632 637 0 0
33181 684635 637 0 0
33181 684641 637 0 0
33181 684649 640 0 0
33181 684657 641 0 0
33181 684661 642 0 0
33181 684673 644 0 0
33181 684686 647 0 0
33181 684701 649 0 0
33181 684793 668 0 0
33181 684808 672 0 0
33181 684824 675 0 0
33181 684826 676 0 0
33181 685302 761 0 0
33181 685981 911 0 0
33181 686085 929 0 0
33181 686342 989 0 0
33181 686898 1118 0 0
33181 687756 1318 0 0
33181 687836 1339 0 0
33181 688268 1432 0 0
33181 688426 1465 0 0
33181 688455 1475 0 0
33181 688576 1502 0 0
33181 688665 1523 0 0
33181 688722 1534 0 0
33181 688760 1545 0 0
33181 688764 1547 0 0
33181 688965 1597 0 0
122285 656021 0 6 0
122285 656428 477 0 0
122285 665321 0 84 0
656577 659981 0 1195 0
33420 172778 0 403 0
33464 172778 0 5994 0
33464 657849 0 5165 0
657036 659689 468 0 0
657090 661249 758 0 0
300946 659619 0 4063 0
300971 662273 0 520 0
657189 665814 1581 0 0
33937 657849 0 413 0
657317 657904 93 0 0
657459 659594 380 0 0
657597 669073 2155 0 0
34540 687026 9 0 0
657849 660260 451 0 0
657849 660459 485 0 0
657849 672817 2887 0 0
123768 659619 0 172 0
658033 672545 2809 0 0
34860 406587 0 137 0
34902 659619 0 5655 0
658265 658298 5 0 0
658265 660595 437 0 0
658265 662206 738 0 0
658265 688996 6164 0 0
35131 659898 0 267 0
480687 654516 0 101 0
480704 679614 0 30 0
35541 659619 0 857 0
658842 659981 0 1617 0
658977 667800 1660 0 0
659088 662682 644 0 0
659088 666036 1930 0 0
659165 665140 1094 0 0
659543 665623 1124 0 0
659619 659713 15 0 0
659619 659778 27 0 0
659619 659816 34 0 0
659619 659819 35 0 0
659619 659925 60 0 0
659619 659992 77 0 0
659619 660089 96 0 0
659619 660148 110 0 0
659619 660432 163 0 0
659619 660483 171 0 0
659619 660570 186 0 0
659619 660587 189 0 0
659619 660624 193 0 0
659619 660753 220 0 0
659619 660999 271 0 0
659619 661067 285 0 0
659619 661131 297 0 0
659619 661206 309 0 0
659619 661275 324 0 0
659619 661361 343 0 0
659619 661374 348 0 0
659619 661564 383 0 0
659619 661580 385 0 0
659619 661663 402 0 0
659619 661722 416 0 0
659619 661757 422 0 0
659619 661765 2864 0 0
659619 661816 434 0 0
659619 661923 455 0 0
659619 661932 457 0 0
659619 662009 471 0 0
659619 662099 487 0 0
659619 662239 496 0 0
659619 662860 568 0 0
659619 663096 601 0 0
659619 663312 643 0 0
659619 663332 646 0 0
659619 663581 695 0 0
659619 663591 696 0 0
659619 663642 703 0 0
659619 663766 731 0 0
659619 663803 736 0 0
659619 664806 942 0 0
659619 664833 947 0 0
659619 665118 1009 0 0
659619 665274 1040 0 0
659619 666038 1194 0 0
659619 666090 1203 0 0
659619 666274 1236 0 0
659619 666661 1310 0 0
659619 666694 1316 0 0
659619 667117 1401 0 0
659619 667666 1510 0 0
659619 667903 1564 0 0
659619 669136 1804 0 0
659619 670573 2094 0 0
659619 671021 2201 0 0
659619 671120 2222 0 0
659619 672109 2428 0 0
659619 672322 2479 0 0
659619 672458 2506 0 0
659619 672568 2525 0 0
659619 672828 2574 0 0
659619 673267 2679 0 0
659619 674670 2996 0 0
659619 675185 3095 0 0
659619 676008 3231 0 0
659619 676139 3257 0 0
659619 678079 3638 0 0
659619 679067 3838 0 0
659619 679828 3970 0 0
659619 682781 4711 0 0
659619 683671 4737 0 0
659619 685897 5204 0 0
659619 686204 5267 0 0
659619 686373 5309 0 0
659619 686462 5332 0 0
659619 687045 5472 0 0
659619 687373 5540 0 0
659619 687574 5588 0 0
659619 688049 5703 0 0
659619 688218 5734 0 0
659619 688558 5807 0 0
659619 688677 5837 0 0
125378 657654 0 129 0
125378 659046 0 128 0
125378 665806 0 317 0
125378 673112 0 161 0
125378 676480 0 35 0
125378 680085 0 157 0
125378 684634 0 416 0
36350 429696 151 0 0
125392 172778 0 3149 0
659674 659781 22 0 0
659674 686270 5278 0 0
659724 676871 3380 0 0
659952 659981 0 189 0
36672 120066 95 0 0
36672 256453 203 0 0
36672 463269 4516 0 0
36672 664657 247 0 0
36672 676672 2694 0 0
659981 660313 69 0 0
659981 661378 275 0 0
659981 664251 762 0 0
659981 665695 1050 0 0
659981 666561 1215 0 0
659981 667010 1304 0 0
214800 248087 105 0 0
214800 671897 56 0 0
214800 673366 374 0 0
214800 674086 524 0 0
36771 172778 0 1862 0
660112 660271 33 0 0
660112 660274 34 0 0
660112 681349 4134 0 0
660152 665719 1018 0 0
660152 679855 3863 0 0
660190 660690 85 0 0
571150 674942 1159 0 0
660262 660557 51 0 0
660262 673690 2646 0 0
571222 680955 0 1414 0
660579 661831 250 0 0
660663 668951 1574 0 0
660663 679194 3663 0 0
660663 680494 3890 0 0
660895 682823 4309 0 0
660922 678104 3384 0 0
660934 675333 2859 0 0
660934 678378 3443 0 0
660934 686526 5085 0 0
660934 686696 5117 0 0
660934 687080 5219 0 0
661010 675036 2795 0 0
661010 679152 3580 0 0
661010 684810 4710 0 0
216085 656237 0 338 0
38079 677722 0 145 0
661415 662606 186 0 0
661415 670111 1645 0 0
661597 661837 52 0 0
216454 216823 293 0 0
127643 199157 1151 0 0
127643 218411 455 0 0
127643 419892 58 0 0
127643 491185 1945 0 0
127643 498654 1414 0 0
127643 656093 59 0 0
127643 656561 139 0 0
127643 658993 565 0 0
216720 347345 0 3483 0
661946 672373 0 545 0
38914 687026 10 0 0
38982 163671 0 2136 0
662366 683804 4257 0 0
662401 667767 1013 0 0
306441 662366 0 9 0
662694 667343 898 0 0
662694 677234 2913 0 0
662694 677371 2940 0 0
662723 663053 36 0 0
662723 663165 58 0 0
662724 663100 46 0 0
662741 683204 4083 0 0
217590 367047 40 0 0
217590 393664 854 0 0
217590 410426 1950 0 0
217590 681959 821 0 0
217627 665541 0 1146 0
39563 47076 0 1 0
39563 296323 0 0 0
39563 671795 0 254 0
663061 663136 15 0 0
39880 663735 0 2608 0
40273 654149 0 407 0
663593 664048 93 0 0
663657 664167 111 0 0
40388 677891 0 1043 0
663735 680854 3432 0 0
663735 681974 3642 0 0
663742 664546 176 0 0
663892 664023 30 0 0
663892 664554 140 0 0
663915 663989 17 0 0
663915 664412 109 0 0
663915 664683 156 0 0
663915 666036 1049 0 0
663915 667600 736 0 0
40779 685761 14 0 0
40922 675106 0 46 0
397265 677919 3711 0 0
664513 665307 160 0 0
664547 669061 899 0 0
41299 669372 0 80 0
130488 674457 0 517 0
664742 686007 4295 0 0
219597 462445 0 1586 0
41707 172778 0 170 0
665302 666404 216 0 0
131073 654190 0 5190 0
665541 665679 30 0 0
665541 666416 174 0 0
665541 666434 177 0 0
665541 666834 256 0 0
665541 666933 270 0 0
665541 667168 319 0 0
665541 668376 566 0 0
665541 669488 780 0 0
665541 669954 880 0 0
665541 670223 928 0 0
665541 670523 990 0 0
665541 671097 1127 0 0
665541 671778 1270 0 0
665541 675280 2019 0 0
665541 675669 2077 0 0
665541 677163 2361 0 0
665541 678241 2603 0 0
665541 680545 3008 0 0
665541 683540 3615 0 0
665541 688397 4681 0 0
398545 672045 0 68 0
42443 347345 0 4872 0
42443 657849 0 799 0
665879 678293 2525 0 0
131934 681389 850 0 0
399069 666356 945 0 0
42982 214800 0 56 0
221148 254696 0 706 0
399605 648791 0 242 0
399651 668856 793 0 0
310648 630583 22 0 0
43527 127643 0 363 0
666976 677793 2205 0 0
667005 681680 2930 0 0
667111 687911 4272 0 0
221930 671627 0 1371 0
667240 667331 18 0 0
667240 672201 1028 0 0
667240 678093 2214 0 0
667240 681381 2815 0 0
489308 668391 0 143 0
44177 52203 665 0 0
44177 623469 2688 0 0
667489 670109 518 0 0
44250 676902 0 741 0
311381 583656 158 0 0
222363 678199 1301 0 0
667644 670832 587 0 0
667652 668765 234 0 0
44387 211263 1130 0 0
44387 682946 93 0 0
667805 670270 247 0 0
134129 676339 442 0 0
668391 668925 105 0 0
668391 668942 110 0 0
668391 669120 141 0 0
134215 659619 0 3729 0
668481 668720 52 0 0
668481 669059 113 0 0
668481 669101 120 0 0
668481 671854 699 0 0
668481 672133 757 0 0
668481 672207 778 0 0
668481 672474 828 0 0
668481 673942 1151 0 0
668481 674612 0 23 0
668481 674678 1318 0 0
668481 674706 1323 0 0
668481 675695 1502 0 0
668481 677588 1860 0 0
668481 678720 2095 0 0
668481 678793 2106 0 0
668481 678868 2116 0 0
668481 679350 2212 0 0
668481 679417 2224 0 0
668481 679898 2307 0 0
668481 681123 2524 0 0
668481 683064 2936 0 0
668481 685833 3509 0 0
668481 687791 3963 0 0
668481 688617 4147 0 0
401815 683484 2660 0 0
669035 669115 12 0 0
669035 669327 54 0 0
669035 670624 317 0 0
669035 672483 719 0 0
669035 677695 1768 0 0
669035 686608 3573 0 0
669089 669456 67 0 0
669125 674952 1247 0 0
669160 670018 173 0 0
669191 684677 3145 0 0
669216 669309 19 0 0
669216 669571 72 0 0
669229 673725 965 0 0
669266 669267 0 700 0
491218 662694 0 2485 0
224401 665541 0 244 0
669648 671307 353 0 0
669648 675606 1251 0 0
135503 674779 3960 0 0
224612 347345 0 885 0
402822 662759 1773 0 0
669960 680435 2105 0 0
46690 292533 0 1026 0
135787 136153 60 0 0
135787 137903 35 0 0
135892 163671 0 2042 0
581103 665541 0 1068 0
670277 686033 0 472 0
47076 83536 274 0 0
47076 118290 94 0 0
47076 366405 339 0 0
47076 683985 252 0 0
47076 687391 981 0 0
670514 671848 318 0 0
670778 674079 717 0 0
670778 684906 2870 0 0
225696 668450 0 215 0
225855 665541 0 1365 0
226155 684080 0 152 0
48170 81434 0 88 0
671457 671878 86 0 0
671457 686474 3037 0 0
671476 673049 328 0 0
671476 673320 393 0 0
671476 673421 423 0 0
671476 673888 518 0 0
671566 672548 201 0 0
671566 685557 2806 0 0
671566 688863 3563 0 0
671627 671876 50 0 0
671627 672154 110 0 0
671627 672472 175 0 0
671627 673734 454 0 0
671627 674307 571 0 0
671627 675379 795 0 0
671627 676965 1083 0 0
671627 676991 1087 0 0
671627 677051 1098 0 0
671627 678838 1459 0 0
671627 684081 2505 0 0
671627 684647 2619 0 0
671627 684697 2628 0 0
671627 685586 2803 0 0
671627 688215 3400 0 0
671795 673016 254 0 0
671795 675062 708 0 0
404714 664154 0 45 0
671838 686350 2861 0 0
672373 673568 221 0 0
405420 675437 0 125 0
227545 251926 27 0 0
227545 368191 6262 0 0
227545 387467 30 0 0
227545 418540 0 443 0
227545 550494 370 0 0
227545 606656 159 0 0
227545 655553 55 0 0
227545 657675 442 0 0
227545 663262 1419 0 0
673033 674142 243 0 0
673182 673878 157 0 0
673182 677334 824 0 0
673182 685288 2409 0 0
673182 685360 2422 0 0
673182 685404 2432 0 0
673182 685929 2553 0 0
673182 687265 2858 0 0
673187 675536 490 0 0
673247 674659 319 0 0
673387 684232 2156 0 0
673559 675064 319 0 0
673559 684024 2068 0 0
673559 684069 2080 0 0
228557 654190 0 4141 0
673854 676936 596 0 0
674104 674409 72 0 0
229088 261292 516 0 0
140062 670732 0 238 0
140062 672045 0 1395 0
674413 681035 224 0 0
496376 657036 0 1178 0
674639 674704 12 0 0
674913 683747 1711 0 0
229716 654190 0 2817 0
51946 172778 0 53 0
675292 675698 61 0 0
319284 330848 0 305 0
675456 688143 2579 0 0
586524 680793 63 0 0
586686 683066 0 960 0
319673 649191 1888 0 0
676073 676502 77 0 0
676073 676530 82 0 0
676136 677851 332 0 0
676288 678228 395 0 0
142088 672765 45 0 0
676336 676414 18 0 0
676488 680040 740 0 0
142414 163671 0 1680 0
676798 687490 2184 0 0
676902 678588 66 0 0
676902 678708 91 0 0
676906 678355 297 0 0
53732 292136 457 0 0
53765 657849 0 261 0
53768 657849 0 261 0
142865 676073 0 34 0
321091 654190 0 3703 0
232184 657550 776 0 0
232184 685308 6217 0 0
677561 681832 805 0 0
588559 677722 0 820 0
232397 659619 0 1110 0
677617 682117 820 0 0
232497 395881 730 0 0
677891 681538 680 0 0
677891 682077 792 0 0
677891 683202 1043 0 0
677891 683311 1067 0 0
677891 688950 2309 0 0
678451 681318 513 0 0
678621 678622 0 589 0
678621 679911 0 1430 0
678724 681224 444 0 0
678724 682633 745 0 0
678790 680004 219 0 0
411677 538757 144 0 0
411677 682054 192 0 0
55828 679614 0 217 0
145087 657849 0 72 0
56185 59068 673 0 0
56185 60182 807 0 0
56185 99813 3473 0 0
56185 531965 3416 0 0
56185 659878 56 0 0
56185 663884 334 0 0
56185 663921 284 0 0
56185 666312 765 0 0
56185 666619 822 0 0
56185 668520 1213 0 0
56185 669773 1455 0 0
56185 678500 3252 0 0
56185 683622 4247 0 0
56458 657849 0 789 0
590761 665541 0 1685 0
145796 671795 0 781 0
680065 680612 96 0 0
680065 681247 207 0 0
680065 681358 225 0 0
680065 687923 1660 0 0
680109 680265 26 0 0
680109 680300 31 0 0
680109 680321 36 0 0
680109 684180 836 0 0
680109 684803 960 0 0
680109 685172 1046 0 0
680109 685174 1046 0 0
680109 685176 1046 0 0
680109 685178 1046 0 0
680109 685180 1046 0 0
680109 685182 1046 0 0
680109 685184 1046 0 0
680109 685186 1046 0 0
680109 685188 1046 0 0
680109 685190 1046 0 0
680109 685192 1046 0 0
680109 685194 1046 0 0
680109 685196 1046 0 0
680109 685198 1046 0 0
680109 685200 1046 0 0
680109 685202 1046 0 0
680109 685204 1046 0 0
680109 685206 1046 0 0
680109 685208 1046 0 0
680109 685210 1046 0 0
680109 685212 1046 0 0
680109 685214 1046 0 0
680109 685216 1046 0 0
680109 685218 1046 0 0
680109 685220 1046 0 0
680109 685222 1046 0 0
680109 685224 1046 0 0
680109 685226 1046 0 0
680109 685228 1046 0 0
680109 685230 1046 0 0
680109 685232 1046 0 0
680109 685234 1046 0 0
680109 685236 1046 0 0
680109 685238 1046 0 0
680109 685240 1046 0 0
680109 685242 1046 0 0
680109 685244 1046 0 0
680109 685246 1046 0 0
680109 685248 1046 0 0
680109 685250 1046 0 0
680109 685252 1046 0 0
680109 685254 1046 0 0
680109 685256 1046 0 0
680109 685258 1046 0 0
680109 685260 1046 0 0
680109 685262 1046 0 0
680109 685264 1046 0 0
680109 685266 1046 0 0
680109 685268 1046 0 0
680109 685270 1046 0 0
680109 685272 1046 0 0
680109 685274 1046 0 0
680109 685276 1046 0 0
680109 685278 1046 0 0
680109 685280 1046 0 0
680109 685282 1046 0 0
680109 685284 1046 0 0
680109 685286 1046 0 0
234931 678580 382 0 0
56864 347345 0 1741 0
56864 657849 0 267 0
591237 670710 0 824 0
146174 161773 2550 0 0
146406 149561 229 0 0
146546 172778 0 66 0
57648 294022 731 0 0
681166 681363 30 0 0
681166 684438 698 0 0
147135 654190 0 4128 0
58184 668306 0 2685 0
681506 682151 138 0 0
681563 682335 167 0 0
147436 147613 16 0 0
147436 147633 19 0 0
147436 147635 58 0 0
147436 147757 37 0 0
147436 155949 13 0 0
147436 157148 38 0 0
147436 172815 74 0 0
147436 190880 81 0 0
147436 213006 32 0 0
147436 245860 27 0 0
147436 315903 12 0 0
147436 346450 22 0 0
147436 353811 38 0 0
147436 390151 25 0 0
147436 469097 35 0 0
147436 566153 87 0 0
147436 672005 12 0 0
147436 672083 29 0 0
147436 672151 47 0 0
147436 672318 20 0 0
147436 672376 31 0 0
147436 672496 54 0 0
147436 672507 56 0 0
147436 672534 60 0 0
147436 672541 64 0 0
147436 672617 79 0 0
147436 672646 83 0 0
147436 672657 86 0 0
147436 672667 87 0 0
147451 206948 0 2072 0
147762 654190 0 6850 0
326327 602395 46 0 0
326327 688326 88 0 0
148344 659619 0 1178 0
682682 688160 1150 0 0
682714 684755 433 0 0
683066 683374 60 0 0
683066 683536 90 0 0
683187 687478 927 0 0
683545 683787 39 0 0
683545 686112 0 512 0
683628 688459 38 0 0
683661 684515 57 0 0
683661 686873 438 0 0
594816 683545 973 0 0
594875 664421 46 0 0
684080 684503 87 0 0
684080 684974 192 0 0
684080 686061 401 0 0
684178 684295 39 0 0
684507 685086 127 0 0
684654 684675 5 0 0
239730 659619 0 5674 0
329047 659619 0 5673 0
685391 686363 217 0 0
62365 105072 0 901 0
62365 172778 0 901 0
418540 462970 891 0 0
418540 684090 1304 0 0
418540 687193 1969 0 0
62452 659981 0 1153 0
596780 665541 0 332 0
686033 687077 247 0 0
686033 687258 286 0 0
686033 687289 293 0 0
62892 669510 0 715 0
151981 660112 0 1 0
419207 665541 0 167 0
63079 163671 0 948 0
152155 462445 0 3039 0
241523 660934 0 1481 0
686940 687688 175 0 0
687188 687805 142 0 0
153034 681028 680 0 0
153034 687636 2097 0 0
420187 673679 124 0 0
420187 673785 143 0 0
420187 673969 180 0 0
420187 673988 0 427 0
420187 674000 186 0 0
420187 678185 1012 0 0
420187 679911 0 349 0
420187 684471 0 54 0
153262 192348 92 0 0
153262 687496 161 0 0
153262 687526 168 0 0
242343 378548 0 395 0
242343 667780 0 75 0
64594 655253 203 0 0
153952 471221 0 127 0
65068 655253 0 53 0
332265 674096 244 0 0
243332 671627 0 223 0
510555 663735 0 2745 0
65364 146174 0 2517 0
332743 674016 0 739 0
688967 689106 27 0 0
333067 682868 548 0 0
333126 668309 1953 0 0
66099 670654 1531 0 0
244514 654190 0 5144 0
244707 654556 38 0 0
512211 676073 0 289 0
245134 660262 0 4624 0
156111 672122 0 2296 0
423276 671627 0 974 0
156183 678040 0 130 0
334406 686059 261 0 0
334451 340995 705 0 0
245426 333294 1 0 0
67470 462445 0 138 0
67640 678724 0 213 0
156756 685125 589 0 0
246024 667183 284 0 0
513661 677196 136 0 0
68570 135787 0 13 0
602952 661010 0 1472 0
424973 680109 0 836 0
68829 114527 4671 0 0
68829 199088 4493 0 0
68829 245008 3477 0 0
68829 253565 705 0 0
68872 462445 0 1394 0
158360 648791 0 221 0
158540 267252 0 490 0
247803 657849 0 260 0
69917 147436 0 13 0
70283 462445 0 305 0
159336 172778 0 314 0
159579 660059 0 300 0
159644 502816 327 0 0
159644 502888 668 0 0
70632 676838 1524 0 0
71171 668391 0 150 0
427595 665541 0 1041 0
427595 672031 246 0 0
249748 344572 0 80 0
516899 672986 0 1336 0
251422 671436 0 124 0
162442 162547 76 0 0
162442 162585 83 0 0
162442 162627 222 0 0
162442 174308 241 0 0
162442 688041 14 0 0
162442 688068 18 0 0
162442 688089 21 0 0
162442 688147 31 0 0
162442 688158 33 0 0
162442 688279 62 0 0
162442 688301 69 0 0
162442 688442 95 0 0
162442 688512 109 0 0
162442 688514 109 0 0
162442 688865 197 0 0
162442 689121 253 0 0
162546 172778 0 3140 0
162592 676902 0 205 0
340995 344837 0 49 0
340995 475144 0 77 0
340995 654965 0 2204 0
340995 658349 0 47 0
340995 659083 0 45 0
340995 659108 0 47 0
340995 662478 0 821 0
340995 676879 0 1557 0
340995 677172 0 93 0
340995 677176 0 83 0
340995 677266 0 81 0
340995 677934 0 1336 0
430209 676820 42 0 0
163497 656458 232 0 0
163497 681417 5046 0 0
252669 664262 28 0 0
252669 664361 50 0 0
163671 197322 3694 0 0
163671 211674 1570 0 0
163671 212956 126 0 0
163671 221649 279 0 0
163671 223000 240 0 0
163671 249325 159 0 0
163671 269019 64 0 0
163671 332229 1379 0 0
163671 401707 1359 0 0
163671 416320 1273 0 0
163671 493528 1034 0 0
163671 514190 2155 0 0
163671 604334 926 0 0
163671 605838 71 0 0
163671 645582 452 0 0
163671 650625 781 0 0
163671 656560 1435 0 0
163671 670577 23 0 0
163671 670841 84 0 0
163671 670884 95 0 0
163671 670936 107 0 0
163671 670940 107 0 0
163671 670990 119 0 0
163671 671037 132 0 0
163671 671044 133 0 0
163671 671729 279 0 0
163671 671774 288 0 0
163671 672168 589 0 0
163671 672196 383 0 0
163671 672581 457 0 0
163671 672590 460 0 0
163671 673039 552 0 0
163671 673126 574 0 0
163671 674046 776 0 0
163671 674060 779 0 0
163671 674682 926 0 0
163671 674739 937 0 0
163671 675933 1144 0 0
163671 677083 1364 0 0
163671 678439 1644 0 0
163671 679015 1753 0 0
163671 679542 1851 0 0
163671 679777 1888 0 0
163671 682518 2418 0 0
163671 682785 2481 0 0
163671 684841 3017 0 0
163671 685812 3110 0 0
163671 688640 3757 0 0
163706 687255 1665 0 0
252979 659619 0 3258 0
74960 665541 0 938 0
253565 455222 0 261 0
166147 660439 996 0 0
166154 658265 0 360 0
344356 683850 0 97 0
255404 654190 0 448 0
433984 667185 55 0 0
256737 258282 314 0 0
256737 260806 573 0 0
256737 635265 55 0 0
256737 636123 224 0 0
256737 637857 591 0 0
79148 172778 0 3740 0
435955 654485 294 0 0
435955 664293 2074 0 0
435955 664882 2185 0 0
347345 385892 141 0 0
347345 571600 237 0 0
347345 666526 1078 0 0
347345 667513 1861 0 0
81147 689001 1939 0 0
81434 259069 418 0 0
81434 284698 1456 0 0
81434 448049 14 0 0
81434 653606 103 0 0
437734 673182 0 1062 0
260318 671627 0 218 0
82613 340995 46 0 0
171668 462445 0 829 0
171691 172778 0 3269 0
261292 578050 0 2352 0
261292 586524 0 1265 0
261292 664661 0 585 0
261292 671224 0 61 0
261292 684457 0 506 0
261292 685391 0 211 0
617878 670489 0 3461 0
172778 173369 4778 0 0
172778 177478 1082 0 0
172778 183220 1312 0 0
172778 193335 217 0 0
172778 194613 5704 0 0
172778 194726 5414 0 0
172778 197719 529 0 0
172778 199758 3596 0 0
172778 200332 4106 0 0
172778 200873 5419 0 0
172778 204312 517 0 0
172778 206663 179 0 0
172778 216720 4649 0 0
172778 220756 2848 0 0
172778 231756 4278 0 0
172778 241270 6161 0 0
172778 258313 27 0 0
172778 264429 2832 0 0
172778 269072 6279 0 0
172778 269305 731 0 0
172778 281386 515 0 0
172778 283070 1171 0 0
172778 292422 523 0 0
172778 332206 2871 0 0
172778 339318 3967 0 0
172778 407891 4756 0 0
172778 420623 5643 0 0
172778 439299 2901 0 0
172778 482751 114 0 0
172778 620993 1739 0 0
172778 622936 3091 0 0
172778 640161 2470 0 0
172778 654155 31 0 0
172778 654797 154 0 0
172778 655540 298 0 0
172778 655731 338 0 0
172778 655960 542 0 0
172778 656138 419 0 0
172778 658763 874 0 0
172778 659196 954 0 0
172778 659982 1105 0 0
172778 660896 1284 0 0
172778 663985 1808 0 0
172778 664029 1816 0 0
172778 664070 1828 0 0
172778 664778 2941 0 0
172778 665846 2189 0 0
172778 668050 2623 0 0
172778 670910 3221 0 0
172778 673303 3721 0 0
172778 675514 4179 0 0
172778 682263 5462 0 0
172778 682577 5535 0 0
172778 682596 5541 0 0
172778 683665 5766 0 0
172778 685582 6180 0 0
173050 680877 157 0 0
173050 688194 176 0 0
262161 648791 0 146 0
530235 676218 318 0 0
530235 680090 1064 0 0
530235 680842 1200 0 0
85408 661088 0 173 0
352627 462445 0 1259 0
620079 654190 0 1101 0
85901 172778 0 5841 0
175360 681737 2949 0 0
531554 655277 0 133 0
86396 671627 0 3472 0
442983 448443 0 2319 0
87058 659619 0 5145 0
87070 240963 0 1023 0
87346 654143 0 290 0
443772 671627 0 2698 0
87815 100310 711 0 0
87822 661415 0 1113 0
622270 624174 1541 0 0
88040 669311 0 84 0
88428 665541 0 669 0
177578 362777 79 0 0
177694 462445 0 25 0
