31 1 1 1
96 2 2 1
222 1 1 1
322 6 6 1
724 2 2 1
834 1 1 1
893 1 1 1
952 1 1 1
1088 1 1 1
1185 1 1 1
1465 1 1 1
1529 1 1 1
1641 1 1 1
1697 1 1 1
1719 1 1 1
1781 1 1 1
2011 1 1 1
2091 1 1 1
2126 1 1 1
2220 1 1 1
2353 1 1 1
2577 2 2 1
2625 2 2 1
2815 1 1 1
2941 1 1 1
2990 1 1 1
3909 1 1 1
4288 1 1 1
4328 1 1 1
4367 1 1 1
4450 1 1 1
4614 1 1 1
4710 2 2 1
4956 1 1 1
5532 2 2 1
6207 1 1 1
6611 1 1 1
7083 1 1 1
7206 1 1 1
7361 5 5 1
7396 1 1 1
8112 4 4 1
8272 4 1 0.25
9749 1 1 1
9829 1 1 1
10099 1 1 1
11668 1 1 1
12078 2 2 1
12741 1 1 1
12829 1 1 1
13024 1 1 1
13057 1 1 1
13723 1 1 1
14005 1 1 1
14462 1 1 1
14654 1 1 1
16193 1 1 1
16435 2 2 1
16581 2 2 1
16596 1 1 1
17565 1 1 1
17761 1 1 1
17821 1 1 1
18155 1 1 1
18399 3 3 1
18408 1 1 1
19565 1 1 1
19735 1 1 1
19784 1 1 1
19820 1 1 1
19943 1 1 1
21639 1 1 1
22529 4 4 1
23026 1 1 1
23371 1 1 1
23651 1 1 1
23726 1 1 1
23942 5 5 1
23944 1 1 1
24775 1 1 1
25194 1 1 1
25331 1 1 1
26128 1 1 1
26411 1 1 1
26541 1 1 1
26941 3 2 0.666667
27542 2 2 1
27624 1 1 1
28154 1 1 1
28260 1 1 1
29444 1 1 1
29596 1 1 1
30198 1 1 1
31308 1 1 1
32472 1 1 1
32597 1 1 1
32992 1 1 1
33031 1 1 1
33420 1 1 1
33464 2 2 1
33937 1 1 1
34860 1 1 1
34902 1 1 1
35131 1 1 1
35541 1 1 1
36771 1 1 1
37742 1 1 1
38079 1 1 1
38982 1 1 1
39563 3 2 0.666667
39880 1 1 1
40273 1 1 1
40388 1 1 1
40922 1 1 1
41011 1 1 1
41299 1 1 1
41707 1 1 1
41908 1 1 1
42443 3 3 1
42982 1 1 1
43197 1 1 1
43527 1 1 1
44250 1 1 1
44410 1 1 1
46690 2 1 0.5
48170 2 2 1
51946 1 1 1
52073 1 1 1
52203 1 1 1
52472 1 1 1
52766 1 1 1
53765 1 1 1
53768 1 1 1
55828 1 1 1
56025 1 1 1
56104 1 1 1
56458 1 1 1
56864 3 3 1
57239 1 1 1
58184 1 1 1
59068 1 1 1
60182 1 1 1
60598 1 1 1
61314 2 1 0.5
61944 1 1 1
62365 2 2 1
62452 1 1 1
62892 1 1 1
63079 1 1 1
63117 1 1 1
65068 1 1 1
65364 1 1 1
65652 1 1 1
65685 1 1 1
65768 1 1 1
67040 1 1 1
67394 1 1 1
67470 1 1 1
67640 1 1 1
67738 2 1 0.5
68570 1 1 1
68872 1 1 1
69917 1 1 1
70283 1 1 1
70442 1 1 1
70901 1 1 1
71171 1 1 1
72541 1 1 1
73341 1 1 1
74406 1 1 1
74613 1 1 1
74960 1 1 1
75742 1 1 1
77471 1 1 1
78302 1 1 1
78994 1 1 1
79148 1 1 1
82311 1 1 1
83033 1 1 1
83536 1 1 1
85247 2 1 0.5
85408 1 1 1
85901 1 1 1
86396 1 1 1
86575 1 1 1
87058 1 1 1
87070 1 1 1
87346 1 1 1
87822 1 1 1
88040 1 1 1
88428 1 1 1
90583 1 1 1
91532 1 1 1
93846 1 1 1
93883 1 1 1
94262 1 1 1
94841 1 1 1
95233 1 1 1
95736 1 1 1
96242 1 1 1
96296 1 1 1
96377 1 1 1
96394 1 1 1
96416 1 1 1
99016 1 1 1
99813 1 1 1
100183 1 1 1
100310 1 1 1
101520 1 1 1
105209 1 1 1
105452 5 5 1
106173 1 1 1
106193 1 1 1
106679 2 2 1
106785 1 1 1
108131 1 1 1
108383 1 1 1
109510 1 1 1
109513 1 1 1
110190 1 1 1
111658 2 1 0.5
112241 1 1 1
113192 1 1 1
114527 2 2 1
114676 1 1 1
115210 1 1 1
115434 1 1 1
115534 1 1 1
115540 1 1 1
115549 1 1 1
116007 1 1 1
116031 1 1 1
116058 1 1 1
116289 1 1 1
117113 1 1 1
117485 1 1 1
118290 1 1 1
118667 1 1 1
118669 1 1 1
118671 1 1 1
120066 1 1 1
120572 1 1 1
121072 1 1 1
122285 3 2 0.666667
123768 1 1 1
125378 8 8 1
125392 1 1 1
126026 1 1 1
126476 1 1 1
127597 1 1 1
129388 1 1 1
130380 1 1 1
130488 2 1 0.5
131073 1 1 1
132365 1 1 1
134215 1 1 1
134640 1 1 1
135294 1 1 1
135543 1 1 1
135892 1 1 1
136153 1 1 1
137574 1 1 1
137755 1 1 1
137903 1 1 1
137969 2 2 1
140062 2 2 1
142414 1 1 1
142865 1 1 1
143220 1 1 1
145087 1 1 1
145796 1 1 1
146546 1 1 1
146695 1 1 1
146965 1 1 1
147135 1 1 1
147171 1 1 1
147451 1 1 1
147613 1 1 1
147633 1 1 1
147635 2 2 1
147757 2 2 1
147762 1 1 1
148344 1 1 1
149561 1 1 1
149688 1 1 1
151720 1 1 1
151771 1 1 1
151851 1 1 1
151981 1 1 1
152027 1 1 1
152155 1 1 1
153952 1 1 1
154616 1 1 1
155949 1 1 1
156111 1 1 1
156183 2 1 0.5
156881 1 1 1
156948 1 1 1
157148 2 2 1
158360 1 1 1
158540 1 1 1
159092 1 1 1
159336 1 1 1
159403 1 1 1
159579 1 1 1
161773 2 2 1
162546 1 1 1
162547 1 1 1
162585 1 1 1
162592 2 1 0.5
162627 1 1 1
163974 1 1 1
166111 1 1 1
166154 1 1 1
168260 1 1 1
171026 1 1 1
171169 1 1 1
171668 1 1 1
171691 1 1 1
172815 1 1 1
172853 1 1 1
173231 1 1 1
173369 1 1 1
174308 1 1 1
175112 1 1 1
177478 1 1 1
177533 1 1 1
177694 1 1 1
178083 2 1 0.5
179595 1 1 1
180793 1 1 1
181066 2 2 1
181202 2 1 0.5
182042 1 1 1
182645 1 1 1
183220 1 1 1
184294 1 1 1
184666 1 1 1
187023 1 1 1
188122 1 1 1
188249 1 1 1
188654 1 1 1
188830 1 1 1
189337 1 1 1
190880 1 1 1
191900 1 1 1
192348 1 1 1
192391 1 1 1
192633 3 3 1
193335 1 1 1
194061 2 1 0.5
194613 1 1 1
194726 1 1 1
196855 1 1 1
197122 1 1 1
197322 1 1 1
197719 1 1 1
199088 1 1 1
199157 1 1 1
199758 1 1 1
200332 1 1 1
200873 1 1 1
201259 1 1 1
202275 1 1 1
203443 1 1 1
203444 1 1 1
204312 1 1 1
204620 2 2 1
205462 1 1 1
206663 2 2 1
206985 1 1 1
208319 1 1 1
208421 1 1 1
210944 4 4 1
211263 1 1 1
211674 1 1 1
212128 1 1 1
212956 1 1 1
213006 1 1 1
214321 1 1 1
214912 1 1 1
215305 1 1 1
215442 1 1 1
216085 1 1 1
216720 2 2 1
216823 1 1 1
217627 1 1 1
218411 1 1 1
219597 1 1 1
220756 1 1 1
221148 1 1 1
221409 1 1 1
221649 1 1 1
221930 1 1 1
223000 2 1 0.5
224401 1 1 1
224612 4 4 1
224964 1 1 1
225161 1 1 1
225696 1 1 1
225826 1 1 1
225855 1 1 1
225961 1 1 1
226155 1 1 1
227545 2 1 0.5
228557 1 1 1
229716 1 1 1
231756 1 1 1
232397 1 1 1
237216 1 1 1
238322 1 1 1
239730 2 1 0.5
241270 1 1 1
241523 1 1 1
242343 2 2 1
243332 1 1 1
243748 2 2 1
244514 1 1 1
245008 1 1 1
245134 1 1 1
245860 1 1 1
247803 1 1 1
247866 1 1 1
248087 1 1 1
249325 1 1 1
249748 1 1 1
251422 1 1 1
251926 1 1 1
252979 1 1 1
253565 2 2 1
254143 1 1 1
254237 1 1 1
255099 1 1 1
255404 1 1 1
256453 1 1 1
257783 1 1 1
258282 1 1 1
258313 1 1 1
259069 1 1 1
260143 4 1 0.25
260318 1 1 1
260806 1 1 1
261292 12 12 1
262161 1 1 1
264429 1 1 1
265092 1 1 1
269019 1 1 1
269072 1 1 1
269305 1 1 1
271104 1 1 1
273596 1 1 1
278754 1 1 1
279759 1 1 1
280019 1 1 1
280134 1 1 1
281386 1 1 1
282230 1 1 1
282468 1 1 1
282793 1 1 1
283070 1 1 1
284698 1 1 1
286156 2 1 0.5
286762 1 1 1
289317 1 1 1
292136 2 1 0.5
292300 1 1 1
292422 1 1 1
294022 1 1 1
294832 1 1 1
295056 1 1 1
297571 1 1 1
298137 1 1 1
298477 1 1 1
299175 1 1 1
299470 2 2 1
300946 1 1 1
300971 1 1 1
302058 1 1 1
304961 1 1 1
306441 1 1 1
307680 1 1 1
308830 1 1 1
309510 1 1 1
309568 1 1 1
315903 1 1 1
318525 1 1 1
319177 1 1 1
319284 1 1 1
319775 1 1 1
321091 1 1 1
326508 1 1 1
327449 2 2 1
328632 1 1 1
329047 2 1 0.5
329498 2 2 1
330218 1 1 1
332206 1 1 1
332229 1 1 1
332743 1 1 1
333294 1 1 1
334177 1 1 1
335411 1 1 1
336333 1 1 1
339318 1 1 1
340995 16 16 1
344356 3 1 0.333333
345135 1 1 1
346450 1 1 1
347554 1 1 1
351238 1 1 1
352627 2 1 0.5
353811 1 1 1
360385 1 1 1
361659 1 1 1
362777 1 1 1
366405 1 1 1
367047 1 1 1
368191 1 1 1
370848 1 1 1
371467 1 1 1
376456 1 1 1
377038 1 1 1
382804 1 1 1
384244 1 1 1
384493 1 1 1
384793 1 1 1
385892 2 2 1
387467 1 1 1
388751 1 1 1
390151 1 1 1
393664 1 1 1
395881 5 5 1
398545 1 1 1
399605 1 1 1
401707 1 1 1
404714 1 1 1
405420 1 1 1
407891 2 2 1
408073 1 1 1
410426 1 1 1
416320 1 1 1
418171 1 1 1
419207 1 1 1
419892 1 1 1
420187 5 4 0.8
420396 1 1 1
420623 1 1 1
423148 1 1 1
423276 1 1 1
424973 1 1 1
426740 1 1 1
427595 3 2 0.666667
428881 2 1 0.5
429696 2 2 1
437734 1 1 1
438653 2 1 0.5
439299 1 1 1
439355 1 1 1
441196 1 1 1
441507 1 1 1
442139 1 1 1
442983 1 1 1
443146 1 1 1
443229 1 1 1
443273 1 1 1
443772 1 1 1
443857 1 1 1
445273 1 1 1
446115 1 1 1
446850 1 1 1
447478 1 1 1
447653 1 1 1
448049 3 3 1
448430 2 2 1
448639 1 1 1
449062 1 1 1
449232 1 1 1
449648 1 1 1
450453 1 1 1
451685 1 1 1
456861 1 1 1
457177 1 1 1
457705 1 1 1
458965 1 1 1
462970 1 1 1
463269 1 1 1
464600 1 1 1
468715 1 1 1
469097 1 1 1
470128 1 1 1
472818 1 1 1
473191 1 1 1
475510 1 1 1
476706 1 1 1
476870 1 1 1
480687 1 1 1
480704 1 1 1
481366 1 1 1
482751 1 1 1
486994 1 1 1
487779 1 1 1
489308 1 1 1
491185 1 1 1
491218 1 1 1
492396 1 1 1
492788 1 1 1
493528 1 1 1
496376 1 1 1
498248 2 1 0.5
498654 1 1 1
502816 1 1 1
502888 1 1 1
508920 1 1 1
510555 1 1 1
512211 1 1 1
514190 1 1 1
516899 1 1 1
517169 1 1 1
531554 1 1 1
531965 1 1 1
532093 1 1 1
538757 1 1 1
544497 1 1 1
547775 1 1 1
550494 1 1 1
551244 1 1 1
553530 1 1 1
560213 1 1 1
560869 1 1 1
561757 1 1 1
566153 1 1 1
570643 1 1 1
571222 1 1 1
571600 1 1 1
572440 1 1 1
572613 1 1 1
575630 1 1 1
578915 1 1 1
581103 1 1 1
583656 1 1 1
583837 1 1 1
586686 1 1 1
587843 1 1 1
588559 1 1 1
590761 1 1 1
591237 5 2 0.4
594764 1 1 1
596780 1 1 1
601169 1 1 1
602395 1 1 1
602952 1 1 1
604334 1 1 1
605000 1 1 1
605332 1 1 1
605838 1 1 1
606656 1 1 1
616312 1 1 1
616837 1 1 1
617878 1 1 1
618469 1 1 1
620079 1 1 1
620279 1 1 1
620993 1 1 1
622936 1 1 1
623469 1 1 1
623904 1 1 1
624174 1 1 1
624337 1 1 1
624527 1 1 1
624853 1 1 1
627940 1 1 1
630583 1 1 1
631908 1 1 1
634234 2 2 1
634442 1 1 1
635265 1 1 1
636123 1 1 1
636621 1 1 1
637857 1 1 1
640161 1 1 1
641215 1 1 1
642198 1 1 1
642941 1 1 1
645493 1 1 1
645582 1 1 1
648684 1 1 1
648932 1 1 1
648948 1 1 1
648997 1 1 1
649106 1 1 1
649191 1 1 1
649593 1 1 1
650249 1 1 1
650535 1 1 1
650625 1 1 1
652921 1 1 1
653392 1 1 1
653606 1 1 1
653686 1 1 1
653696 1 1 1
653716 1 1 1
653827 1 1 1
653882 1 1 1
654155 1 1 1
654485 1 1 1
654506 2 1 0.5
654556 1 1 1
654576 1 1 1
654753 1 1 1
654773 1 1 1
654797 1 1 1
655038 2 1 0.5
655092 1 1 1
655102 6 1 0.166667
655143 1 1 1
655243 1 1 1
655253 2 1 0.5
655276 1 1 1
655334 2 1 0.5
655335 1 1 1
655374 1 1 1
655401 1 1 1
655540 1 1 1
655551 1 1 1
655553 1 1 1
655621 1 1 1
655671 1 1 1
655684 1 1 1
655724 1 1 1
655731 1 1 1
655777 1 1 1
655822 2 2 1
655945 1 1 1
655960 1 1 1
656085 1 1 1
656093 1 1 1
656138 1 1 1
656160 1 1 1
656316 1 1 1
656424 1 1 1
656428 1 1 1
656458 1 1 1
656560 2 1 0.5
656561 1 1 1
656577 1 1 1
656660 1 1 1
656733 1 1 1
656950 1 1 1
657107 2 1 0.5
657131 1 1 1
657333 1 1 1
657413 1 1 1
657550 1 1 1
657675 1 1 1
657746 2 1 0.5
657802 1 1 1
657850 1 1 1
657877 1 1 1
657904 1 1 1
657922 1 1 1
657960 1 1 1
658033 2 1 0.5
658114 1 1 1
658298 1 1 1
658314 1 1 1
658361 1 1 1
658672 1 1 1
658760 1 1 1
658763 1 1 1
658802 1 1 1
658826 1 1 1
658842 1 1 1
658854 1 1 1
658993 1 1 1
659032 1 1 1
659088 2 1 0.5
659196 1 1 1
659220 1 1 1
659348 1 1 1
659594 1 1 1
659672 1 1 1
659689 1 1 1
659713 1 1 1
659752 1 1 1
659768 1 1 1
659778 1 1 1
659781 1 1 1
659816 1 1 1
659819 1 1 1
659878 1 1 1
659925 1 1 1
659952 1 1 1
659981 2 1 0.5
659982 1 1 1
659992 1 1 1
660089 1 1 1
660097 1 1 1
660135 1 1 1
660148 1 1 1
660170 1 1 1
660260 1 1 1
660271 1 1 1
660274 1 1 1
660313 1 1 1
660340 1 1 1
660432 1 1 1
660439 1 1 1
660459 1 1 1
660483 1 1 1
660557 1 1 1
660570 1 1 1
660587 1 1 1
660595 1 1 1
660624 1 1 1
660634 1 1 1
660690 1 1 1
660725 1 1 1
660753 1 1 1
660896 1 1 1
660999 1 1 1
661067 1 1 1
661131 1 1 1
661206 1 1 1
661249 1 1 1
661275 1 1 1
661361 1 1 1
661374 1 1 1
661378 1 1 1
661564 1 1 1
661580 1 1 1
661653 1 1 1
661663 1 1 1
661683 1 1 1
661722 1 1 1
661757 1 1 1
661765 2 1 0.5
661816 1 1 1
661831 1 1 1
661837 1 1 1
661897 1 1 1
661923 1 1 1
661932 1 1 1
661946 1 1 1
662009 1 1 1
662017 1 1 1
662099 1 1 1
662206 1 1 1
662235 1 1 1
662239 1 1 1
662408 1 1 1
662606 1 1 1
662682 1 1 1
662737 1 1 1
662747 1 1 1
662759 1 1 1
662860 1 1 1
662945 2 1 0.5
662947 1 1 1
662950 1 1 1
662974 1 1 1
663053 1 1 1
663096 1 1 1
663100 1 1 1
663136 1 1 1
663165 1 1 1
663236 1 1 1
663262 1 1 1
663304 1 1 1
663308 1 1 1
663312 1 1 1
663332 1 1 1
663478 1 1 1
663515 1 1 1
663573 1 1 1
663581 1 1 1
663591 1 1 1
663642 1 1 1
663766 1 1 1
663803 1 1 1
663866 1 1 1
663884 1 1 1
663921 1 1 1
663968 1 1 1
663985 1 1 1
663989 1 1 1
664023 1 1 1
664029 1 1 1
664048 1 1 1
664070 1 1 1
664167 1 1 1
664251 1 1 1
664262 1 1 1
664293 1 1 1
664358 1 1 1
664361 1 1 1
664412 1 1 1
664421 1 1 1
664546 2 1 0.5
664554 1 1 1
664657 1 1 1
664683 1 1 1
664776 1 1 1
664778 1 1 1
664806 1 1 1
664833 1 1 1
664882 1 1 1
664941 1 1 1
664964 1 1 1
665035 1 1 1
665067 1 1 1
665102 1 1 1
665104 1 1 1
665118 1 1 1
665140 1 1 1
665167 1 1 1
665192 1 1 1
665222 1 1 1
665264 1 1 1
665274 1 1 1
665282 1 1 1
665307 1 1 1
665309 1 1 1
665350 1 1 1
665354 1 1 1
665381 1 1 1
665420 1 1 1
665445 1 1 1
665471 1 1 1
665492 1 1 1
665505 1 1 1
665565 1 1 1
665617 1 1 1
665623 1 1 1
665639 1 1 1
665648 1 1 1
665679 1 1 1
665685 1 1 1
665695 2 2 1
665719 1 1 1
665765 1 1 1
665804 1 1 1
665814 1 1 1
665846 1 1 1
665864 1 1 1
665928 1 1 1
665945 1 1 1
666031 1 1 1
666036 2 2 1
666038 1 1 1
666090 1 1 1
666148 1 1 1
666274 1 1 1
666276 1 1 1
666278 1 1 1
666312 1 1 1
666356 1 1 1
666367 1 1 1
666395 1 1 1
666404 1 1 1
666416 1 1 1
666434 1 1 1
666488 1 1 1
666516 1 1 1
666526 1 1 1
666561 1 1 1
666619 1 1 1
666661 1 1 1
666694 1 1 1
666834 2 1 0.5
666906 1 1 1
666933 1 1 1
666989 1 1 1
667010 1 1 1
667104 1 1 1
667117 1 1 1
667148 1 1 1
667168 1 1 1
667183 1 1 1
667185 1 1 1
667331 1 1 1
667343 1 1 1
667380 1 1 1
667425 1 1 1
667503 1 1 1
667513 2 2 1
667600 1 1 1
667625 1 1 1
667666 1 1 1
667767 1 1 1
667800 1 1 1
667809 1 1 1
667903 1 1 1
668050 1 1 1
668107 1 1 1
668202 1 1 1
668224 1 1 1
668309 1 1 1
668313 1 1 1
668333 1 1 1
668376 1 1 1
668416 1 1 1
668452 1 1 1
668481 2 1 0.5
668520 1 1 1
668600 1 1 1
668622 1 1 1
668651 1 1 1
668661 1 1 1
668720 1 1 1
668765 1 1 1
668767 1 1 1
668828 1 1 1
668856 1 1 1
668892 1 1 1
668925 1 1 1
668942 1 1 1
668951 1 1 1
668975 1 1 1
668977 1 1 1
669059 1 1 1
669061 1 1 1
669073 1 1 1
669087 1 1 1
669101 1 1 1
669115 1 1 1
669120 1 1 1
669136 1 1 1
669266 1 1 1
669309 1 1 1
669327 1 1 1
669368 1 1 1
669378 1 1 1
669386 1 1 1
669456 1 1 1
669475 1 1 1
669488 1 1 1
669513 1 1 1
669571 1 1 1
669655 1 1 1
669743 1 1 1
669767 1 1 1
669773 1 1 1
669913 1 1 1
669954 1 1 1
670018 1 1 1
670109 1 1 1
670111 1 1 1
670117 1 1 1
670223 1 1 1
670270 1 1 1
670277 1 1 1
670491 1 1 1
670523 1 1 1
670573 1 1 1
670577 1 1 1
670579 1 1 1
670624 1 1 1
670654 1 1 1
670658 1 1 1
670686 1 1 1
670781 1 1 1
670832 1 1 1
670841 1 1 1
670845 1 1 1
670884 1 1 1
670910 1 1 1
670918 1 1 1
670936 1 1 1
670940 1 1 1
670990 1 1 1
671021 1 1 1
671037 1 1 1
671044 1 1 1
671097 1 1 1
671120 1 1 1
671220 1 1 1
671307 1 1 1
671379 1 1 1
671411 1 1 1
671529 1 1 1
671729 1 1 1
671740 1 1 1
671774 1 1 1
671778 1 1 1
671848 2 1 0.5
671854 1 1 1
671876 1 1 1
671878 1 1 1
671897 1 1 1
672005 1 1 1
672009 1 1 1
672016 1 1 1
672031 1 1 1
672064 1 1 1
672083 1 1 1
672109 1 1 1
672133 1 1 1
672151 1 1 1
672154 1 1 1
672168 2 2 1
672196 1 1 1
672201 1 1 1
672207 1 1 1
672230 1 1 1
672252 1 1 1
672318 1 1 1
672322 1 1 1
672352 2 1 0.5
672376 1 1 1
672384 1 1 1
672458 1 1 1
672472 1 1 1
672474 1 1 1
672483 1 1 1
672496 1 1 1
672507 1 1 1
672534 1 1 1
672541 1 1 1
672545 1 1 1
672548 1 1 1
672556 1 1 1
672568 1 1 1
672573 1 1 1
672581 1 1 1
672590 1 1 1
672606 1 1 1
672617 1 1 1
672646 1 1 1
672657 1 1 1
672667 1 1 1
672754 1 1 1
672765 1 1 1
672803 1 1 1
672815 1 1 1
672817 1 1 1
672828 1 1 1
672889 1 1 1
673016 1 1 1
673029 1 1 1
673039 1 1 1
673049 1 1 1
673126 1 1 1
673180 1 1 1
673267 1 1 1
673303 1 1 1
673320 1 1 1
673366 1 1 1
673421 1 1 1
673568 1 1 1
673679 1 1 1
673690 1 1 1
673725 1 1 1
673734 1 1 1
673785 1 1 1
673862 1 1 1
673878 1 1 1
673888 1 1 1
673942 1 1 1
673969 1 1 1
674000 1 1 1
674046 1 1 1
674060 1 1 1
674079 1 1 1
674086 1 1 1
674096 1 1 1
674142 1 1 1
674144 1 1 1
674150 1 1 1
674203 1 1 1
674225 1 1 1
674247 1 1 1
674307 1 1 1
674313 1 1 1
674409 1 1 1
674486 1 1 1
674659 1 1 1
674664 1 1 1
674670 1 1 1
674678 1 1 1
674682 1 1 1
674704 1 1 1
674706 1 1 1
674739 2 2 1
674779 1 1 1
674870 1 1 1
674942 2 2 1
674944 1 1 1
674952 1 1 1
674967 1 1 1
674990 1 1 1
675011 1 1 1
675036 1 1 1
675040 1 1 1
675062 1 1 1
675064 1 1 1
675083 1 1 1
675111 1 1 1
675126 1 1 1
675176 1 1 1
675185 1 1 1
675280 1 1 1
675312 2 2 1
675333 1 1 1
675379 1 1 1
675514 1 1 1
675536 1 1 1
675602 1 1 1
675606 1 1 1
675634 1 1 1
675640 2 2 1
675669 1 1 1
675695 2 1 0.5
675698 1 1 1
675739 1 1 1
675772 1 1 1
675872 1 1 1
675933 1 1 1
675949 1 1 1
675989 1 1 1
676008 1 1 1
676012 1 1 1
676139 1 1 1
676218 1 1 1
676339 1 1 1
676357 1 1 1
676374 1 1 1
676414 1 1 1
676447 1 1 1
676502 1 1 1
676530 1 1 1
676542 1 1 1
676597 1 1 1
676672 1 1 1
676688 1 1 1
676820 1 1 1
676838 1 1 1
676871 1 1 1
676877 1 1 1
676936 1 1 1
676945 2 2 1
676965 1 1 1
676991 1 1 1
677051 1 1 1
677083 1 1 1
677163 1 1 1
677196 1 1 1
677200 1 1 1
677234 1 1 1
677334 1 1 1
677371 1 1 1
677418 1 1 1
677453 1 1 1
677570 1 1 1
677588 1 1 1
677695 1 1 1
677702 1 1 1
677769 1 1 1
677793 1 1 1
677851 1 1 1
677875 1 1 1
677919 1 1 1
678022 2 1 0.5
678075 1 1 1
678079 1 1 1
678093 1 1 1
678104 1 1 1
678185 2 1 0.5
678199 1 1 1
678228 2 1 0.5
678241 2 2 1
678250 1 1 1
678293 1 1 1
678355 1 1 1
678378 1 1 1
678439 1 1 1
678500 1 1 1
678551 1 1 1
678580 1 1 1
678588 1 1 1
678621 2 2 1
678708 1 1 1
678720 1 1 1
678737 1 1 1
678755 1 1 1
678793 1 1 1
678838 1 1 1
678868 1 1 1
678912 1 1 1
679015 1 1 1
679026 1 1 1
679043 1 1 1
679057 1 1 1
679061 1 1 1
679067 1 1 1
679100 1 1 1
679125 1 1 1
679152 1 1 1
679184 1 1 1
679194 1 1 1
679321 1 1 1
679350 1 1 1
679406 1 1 1
679417 1 1 1
679446 1 1 1
679542 1 1 1
679567 1 1 1
679777 1 1 1
679828 1 1 1
679855 1 1 1
679863 1 1 1
679898 1 1 1
679903 1 1 1
679971 1 1 1
680004 1 1 1
680040 1 1 1
680055 1 1 1
680090 1 1 1
680218 1 1 1
680265 1 1 1
680285 1 1 1
680300 1 1 1
680321 1 1 1
680351 1 1 1
680389 1 1 1
680435 1 1 1
680477 1 1 1
680494 1 1 1
680545 1 1 1
680612 1 1 1
680663 2 1 0.5
680687 1 1 1
680689 1 1 1
680704 1 1 1
680706 1 1 1
680793 1 1 1
680811 1 1 1
680836 1 1 1
680842 1 1 1
680854 1 1 1
680877 1 1 1
680905 1 1 1
681028 1 1 1
681035 1 1 1
681047 1 1 1
681123 1 1 1
681224 1 1 1
681247 1 1 1
681303 1 1 1
681318 1 1 1
681349 1 1 1
681358 2 1 0.5
681363 2 1 0.5
681381 1 1 1
681389 1 1 1
681417 2 1 0.5
681532 1 1 1
681538 1 1 1
681617 1 1 1
681633 1 1 1
681680 1 1 1
681734 1 1 1
681737 1 1 1
681832 1 1 1
681850 1 1 1
681959 1 1 1
681974 1 1 1
682054 1 1 1
682074 1 1 1
682077 1 1 1
682117 1 1 1
682151 1 1 1
682216 1 1 1
682258 1 1 1
682263 1 1 1
682335 1 1 1
682435 1 1 1
682518 1 1 1
682577 1 1 1
682596 1 1 1
682611 1 1 1
682633 1 1 1
682693 1 1 1
682781 1 1 1
682785 1 1 1
682823 1 1 1
682868 1 1 1
682946 1 1 1
683009 1 1 1
683064 1 1 1
683174 1 1 1
683202 1 1 1
683204 1 1 1
683287 1 1 1
683289 1 1 1
683311 1 1 1
683321 1 1 1
683374 1 1 1
683484 1 1 1
683496 1 1 1
683536 1 1 1
683540 1 1 1
683545 7 2 0.285714
683622 1 1 1
683665 1 1 1
683671 1 1 1
683673 1 1 1
683747 1 1 1
683787 1 1 1
683802 1 1 1
683804 1 1 1
683904 1 1 1
683985 1 1 1
684024 1 1 1
684069 1 1 1
684081 2 1 0.5
684090 1 1 1
684180 1 1 1
684210 1 1 1
684232 1 1 1
684295 2 2 1
684379 1 1 1
684429 1 1 1
684438 1 1 1
684503 1 1 1
684515 2 2 1
684537 2 1 0.5
684538 1 1 1
684545 1 1 1
684574 1 1 1
684611 1 1 1
684632 1 1 1
684635 1 1 1
684641 1 1 1
684647 1 1 1
684649 1 1 1
684657 1 1 1
684661 1 1 1
684673 1 1 1
684675 1 1 1
684677 1 1 1
684686 1 1 1
684697 1 1 1
684701 1 1 1
684755 1 1 1
684778 1 1 1
684793 1 1 1
684803 1 1 1
684808 1 1 1
684810 1 1 1
684824 1 1 1
684826 1 1 1
684841 1 1 1
684858 1 1 1
684906 1 1 1
684914 1 1 1
684974 1 1 1
685013 1 1 1
685086 1 1 1
685125 1 1 1
685141 1 1 1
685172 1 1 1
685174 1 1 1
685176 1 1 1
685178 1 1 1
685180 1 1 1
685182 1 1 1
685184 1 1 1
685186 1 1 1
685188 1 1 1
685190 1 1 1
685192 1 1 1
685194 1 1 1
685196 1 1 1
685198 1 1 1
685200 1 1 1
685202 1 1 1
685204 1 1 1
685206 1 1 1
685208 1 1 1
685210 1 1 1
685212 1 1 1
685214 1 1 1
685216 1 1 1
685218 1 1 1
685220 1 1 1
685222 1 1 1
685224 1 1 1
685226 1 1 1
685228 1 1 1
685230 1 1 1
685232 1 1 1
685234 1 1 1
685236 1 1 1
685238 1 1 1
685240 1 1 1
685242 1 1 1
685244 1 1 1
685246 1 1 1
685248 1 1 1
685250 1 1 1
685252 1 1 1
685254 1 1 1
685256 1 1 1
685258 1 1 1
685260 1 1 1
685262 1 1 1
685264 1 1 1
685266 1 1 1
685268 1 1 1
685270 1 1 1
685272 1 1 1
685274 1 1 1
685276 1 1 1
685278 1 1 1
685280 1 1 1
685282 1 1 1
685284 1 1 1
685286 1 1 1
685288 1 1 1
685302 1 1 1
685308 1 1 1
685360 1 1 1
685404 1 1 1
685557 1 1 1
685582 1 1 1
685586 1 1 1
685680 1 1 1
685761 1 1 1
685812 1 1 1
685833 1 1 1
685866 1 1 1
685886 1 1 1
685897 1 1 1
685907 1 1 1
685929 1 1 1
685953 1 1 1
685981 1 1 1
686007 1 1 1
686059 1 1 1
686061 1 1 1
686077 1 1 1
686085 1 1 1
686149 1 1 1
686204 1 1 1
686270 1 1 1
686298 1 1 1
686342 1 1 1
686350 1 1 1
686363 1 1 1
686373 1 1 1
686434 1 1 1
686457 1 1 1
686462 1 1 1
686474 1 1 1
686522 1 1 1
686526 1 1 1
686608 1 1 1
686696 1 1 1
686712 1 1 1
686873 1 1 1
686898 1 1 1
687026 4 2 0.5
687034 1 1 1
687045 1 1 1
687077 1 1 1
687080 1 1 1
687116 1 1 1
687193 1 1 1
687210 1 1 1
687255 1 1 1
687258 1 1 1
687265 1 1 1
687273 1 1 1
687289 1 1 1
687301 1 1 1
687373 1 1 1
687391 1 1 1
687464 1 1 1
687478 1 1 1
687490 1 1 1
687496 1 1 1
687526 1 1 1
687574 1 1 1
687636 1 1 1
687688 1 1 1
687699 1 1 1
687706 1 1 1
687756 1 1 1
687791 1 1 1
687805 1 1 1
687836 1 1 1
687911 1 1 1
687923 1 1 1
688007 1 1 1
688041 1 1 1
688049 1 1 1
688068 1 1 1
688089 1 1 1
688143 1 1 1
688147 1 1 1
688156 1 1 1
688158 1 1 1
688160 1 1 1
688194 1 1 1
688215 1 1 1
688218 1 1 1
688252 1 1 1
688268 1 1 1
688279 1 1 1
688301 1 1 1
688326 1 1 1
688397 1 1 1
688426 1 1 1
688442 1 1 1
688455 1 1 1
688459 1 1 1
688512 1 1 1
688514 1 1 1
688558 1 1 1
688576 1 1 1
688617 1 1 1
688640 1 1 1
688665 1 1 1
688677 1 1 1
688712 1 1 1
688722 1 1 1
688760 1 1 1
688764 1 1 1
688806 1 1 1
688841 1 1 1
688863 1 1 1
688865 1 1 1
688902 1 1 1
688924 1 1 1
688950 1 1 1
688965 1 1 1
688996 1 1 1
689001 1 1 1
689003 1 1 1
689005 1 1 1
689011 1 1 1
689030 1 1 1
689032 1 1 1
689037 1 1 1
689076 1 1 1
689080 1 1 1
689106 1 1 1
689121 1 1 1
