509001 72723 0
60106 72723 0
508467 438 0
267725 438 0
508492 438 0
508501 438 0
508511 438 0
508507 438 0
473532 438 0
218567 438 0
271803 438 0
51498 438 0
508521 438 0
270545 438 0
221082 438 0
267842 438 0
508559 438 0
508568 438 0
508578 438 0
508599 438 0
195458 438 0
208421 438 0
508615 438 0
268990 438 0
508625 438 0
508636 438 0
268971 438 0
66047 438 0
508665 438 0
508669 438 0
424864 438 0
508675 438 0
508689 438 0
508691 438 0
508699 438 0
508703 438 0
508743 438 0
508752 438 0
341729 438 0
508763 438 0
285852 438 0
508783 438 0
508808 438 0
508806 438 0
287247 438 0
274207 438 0
508836 438 0
508832 438 0
508852 438 0
508856 438 0
276477 438 0
508867 438 0
269568 438 0
508893 438 0
492408 438 0
294301 438 0
260534 438 0
508922 438 0
508924 438 0
51608 438 0
508929 438 0
508934 438 0
508940 438 0
470453 438 0
269065 438 0
508957 438 0
284725 438 0
508987 438 0
508991 438 0
268184 438 0
251764 438 0
509030 438 0
273499 438 0
509073 438 0
224070 438 0
321490 438 0
509095 438 0
509102 438 0
509104 438 0
509109 438 0
509122 438 0
268994 438 0
509142 438 0
509148 438 0
509159 438 0
509156 438 0
509170 438 0
509195 438 0
509202 438 0
509212 438 0
509218 438 0
237301 438 0
509225 438 0
509228 438 0
509250 438 0
222251 438 0
285557 438 0
509295 438 0
270665 438 0
509317 438 0
509345 438 0
507723 438 0
509349 438 0
509366 438 0
509364 438 0
509362 438 0
509381 438 0
509383 438 0
509394 438 0
359019 438 0
448139 438 0
509410 438 0
509439 438 0
341532 438 0
493312 438 0
509476 438 0
509486 438 0
453580 438 0
509491 438 0
509493 438 0
509501 438 0
269103 438 0
281665 438 0
509532 438 0
509542 438 0
295919 438 0
509573 438 0
509581 438 0
462090 438 0
378497 438 0
509616 438 0
509618 438 0
298992 438 0
509649 438 0
509667 438 0
509675 438 0
287374 438 0
509695 438 0
206067 438 0
282966 438 0
509734 438 0
509745 438 0
509759 438 0
509764 438 0
509768 438 0
509798 438 0
229494 438 0
333581 438 0
397209 438 0
322709 438 0
509856 438 0
509854 438 0
509852 438 0
509861 438 0
509866 438 0
509870 438 0
483794 438 0
353051 438 0
509922 438 0
282237 438 0
203188 438 0
52264 438 0
425692 438 0
509989 438 0
278284 438 0
510000 438 0
510002 438 0
268610 438 0
163769 438 0
510046 438 0
345441 438 0
510053 438 0
313611 438 0
510068 438 0
510066 438 0
343236 438 0
391829 438 0
475347 438 0
510092 438 0
510098 438 0
510112 438 0
510118 438 0
510122 438 0
510138 438 0
1465 438 0
317462 438 0
510161 438 0
307046 438 0
510168 438 0
510181 438 0
510183 438 0
271565 438 0
510206 438 0
510241 438 0
303322 438 0
384788 438 0
510284 438 0
510300 438 0
510306 438 0
510316 438 0
461977 438 0
351769 438 0
53231 438 0
378480 438 0
295930 438 0
510380 438 0
510425 438 0
348576 438 0
510444 438 0
510459 438 0
510468 438 0
510493 438 0
26128 438 0
510513 438 0
510526 438 0
510534 438 0
510532 438 0
510565 438 0
496972 438 0
404575 438 0
293184 438 0
510641 438 0
411654 438 0
510668 438 0
510670 438 0
510653 438 0
510683 438 0
510692 438 0
510703 438 0
510701 438 0
510717 438 0
510728 438 0
510736 438 0
435074 438 0
510745 438 0
40920 438 0
510751 438 0
510765 438 0
510767 438 0
510769 438 0
510774 438 0
510778 438 0
510782 438 0
510811 438 0
510809 438 0
510816 438 0
510826 438 0
510842 438 0
510874 438 0
332093 438 0
287756 438 0
510900 438 0
267878 438 0
510937 438 0
51490 438 0
510946 438 0
510948 438 0
510950 438 0
510965 438 0
510968 438 0
272819 438 0
510986 438 0
510995 438 0
510999 438 0
511012 438 0
511028 438 0
511042 438 0
511057 438 0
511053 438 0
511068 438 0
511072 438 0
236607 438 0
298959 438 0
511110 438 0
511112 438 0
511121 438 0
511125 438 0
511136 438 0
511151 438 0
272580 438 0
511196 438 0
493912 438 0
511214 438 0
511231 438 0
511233 438 0
511235 438 0
419016 438 0
511253 438 0
511257 438 0
511281 438 0
511279 438 0
511283 438 0
511293 438 0
509085 438 0
511315 438 0
511328 438 0
511340 438 0
511335 438 0
281342 438 0
511361 438 0
280646 438 0
511378 438 0
511397 438 0
511402 438 0
511409 438 0
511417 438 0
511421 438 0
511423 438 0
511432 438 0
511435 438 0
511440 438 0
383502 438 0
511452 438 0
511457 438 0
511474 438 0
511476 438 0
511495 438 0
471767 438 0
418510 438 0
511530 438 0
511534 438 0
511536 438 0
511540 438 0
511544 438 0
511562 438 0
511567 438 0
312959 438 0
511590 438 0
304529 438 0
511602 438 0
511613 438 0
400719 438 0
511631 438 0
32516 438 0
48011 438 0
511653 438 0
511655 438 0
511659 438 0
511663 438 0
511666 438 0
511672 438 0
511678 438 0
511687 438 0
483678 438 0
511550 438 0
287328 438 0
511752 438 0
511758 438 0
511769 438 0
275661 438 0
232885 438 0
511791 438 0
511805 438 0
511808 438 0
511823 438 0
511825 438 0
320808 438 0
29781 438 0
89527 438 0
360656 438 0
299233 438 0
314277 438 0
511873 438 0
88988 438 0
270179 438 0
511907 438 0
62365 438 0
53318 438 0
511936 438 0
511954 438 0
511961 438 0
511965 438 0
508677 438 0
511979 438 0
511983 438 0
511989 438 0
511994 438 0
474971 438 0
512005 438 0
512018 438 0
512024 438 0
262905 438 0
295574 438 0
512060 438 0
512070 438 0
512080 438 0
512093 438 0
512103 438 0
512105 438 0
512121 438 0
376488 438 0
512144 438 0
512151 438 0
512154 438 0
512170 438 0
512172 438 0
451670 438 0
512192 438 0
512197 438 0
512202 438 0
298518 438 0
413512 438 0
512215 438 0
512232 438 0
512238 438 0
512269 438 0
512291 438 0
283996 438 0
512369 438 0
512375 438 0
512373 438 0
512377 438 0
512383 438 0
512390 438 0
512396 438 0
512415 438 0
512417 438 0
504801 438 0
283439 438 0
512447 438 0
512453 438 0
512502 438 0
512541 438 0
512544 438 0
287283 438 0
285994 438 0
296088 438 0
512629 438 0
512650 438 0
512664 438 0
512686 438 0
444713 438 0
512730 438 0
286411 438 0
512790 438 0
512792 438 0
377295 438 0
512796 438 0
512833 438 0
512837 438 0
512860 438 0
512866 438 0
512888 438 0
512894 438 0
512892 438 0
271866 438 0
512934 438 0
512940 438 0
512980 438 0
59643 438 0
512995 438 0
513016 438 0
513018 438 0
513041 438 0
513086 438 0
513088 438 0
513149 438 0
513156 438 0
513170 438 0
393022 438 0
513192 438 0
513196 438 0
513205 438 0
513217 438 0
513270 438 0
513306 438 0
513337 438 0
513344 438 0
513369 438 0
513378 438 0
244539 438 0
513385 438 0
513397 438 0
513391 438 0
365624 438 0
513438 438 0
267919 438 0
513442 438 0
513351 438 0
513478 438 0
513494 438 0
313042 438 0
513521 438 0
513562 438 0
513565 438 0
300717 438 0
513597 438 0
513615 438 0
513619 438 0
513626 438 0
489388 438 0
513634 438 0
513657 438 0
513659 438 0
513686 438 0
513688 438 0
513698 438 0
286970 438 0
303774 438 0
513702 438 0
513707 438 0
513709 438 0
513721 438 0
513729 438 0
513784 438 0
513793 438 0
233141 438 0
277165 438 0
513849 438 0
513878 438 0
513890 438 0
258294 438 0
282740 438 0
408634 438 0
513918 438 0
513930 438 0
382508 438 0
513946 438 0
513958 438 0
252131 438 0
251360 438 0
514000 438 0
514018 438 0
514022 438 0
282510 438 0
514047 438 0
514051 438 0
481871 438 0
514060 438 0
463378 438 0
514101 438 0
514134 438 0
514140 438 0
514170 438 0
514179 438 0
514201 438 0
514234 438 0
514252 438 0
514269 438 0
303809 438 0
514220 438 0
312971 438 0
514327 438 0
514363 438 0
253229 438 0
514412 438 0
514434 438 0
287928 438 0
514497 438 0
514493 438 0
514500 438 0
514552 438 0
514571 438 0
6013 438 0
514592 438 0
514596 438 0
340596 438 0
514620 438 0
514667 438 0
271755 438 0
514685 438 0
285820 438 0
198047 438 0
514730 438 0
245402 438 0
35877 438 0
514822 438 0
514826 438 0
271076 438 0
514862 438 0
291806 438 0
514892 438 0
514890 438 0
514894 438 0
396099 438 0
445787 438 0
514907 438 0
514911 438 0
348677 438 0
515007 438 0
52472 438 0
515056 438 0
282609 438 0
515073 438 0
483459 438 0
315228 438 0
279637 438 0
515120 438 0
515126 438 0
515151 438 0
515201 438 0
305645 438 0
515251 438 0
515267 438 0
287421 438 0
444110 438 0
515291 438 0
515295 438 0
515301 438 0
515313 438 0
515315 438 0
515325 438 0
431360 438 0
515346 438 0
515351 438 0
47212 438 0
515371 438 0
515392 438 0
515409 438 0
515424 438 0
293523 438 0
228330 438 0
515502 438 0
515505 438 0
515513 438 0
468299 438 0
515526 438 0
515545 438 0
52173 438 0
515552 438 0
317264 438 0
515593 438 0
515619 438 0
515621 438 0
515632 438 0
431185 438 0
515656 438 0
43363 438 0
515697 438 0
515710 438 0
274972 438 0
515753 438 0
27233 438 0
515777 438 0
515789 438 0
515791 438 0
515856 438 0
278229 438 0
515889 438 0
515916 438 0
515936 438 0
515944 438 0
515978 438 0
340917 438 0
515995 438 0
515681 438 0
516017 438 0
286951 438 0
298404 438 0
516054 438 0
516074 438 0
516081 438 0
516127 438 0
516144 438 0
516151 438 0
516153 438 0
516174 438 0
516190 438 0
516206 438 0
392824 438 0
406046 438 0
516237 438 0
516227 438 0
294212 438 0
516254 438 0
516260 438 0
516271 438 0
514416 438 0
516300 438 0
516304 438 0
516318 438 0
327232 438 0
516350 438 0
502 438 0
516389 438 0
516391 438 0
516415 438 0
516434 438 0
516446 438 0
516497 438 0
516506 438 0
516547 438 0
516559 438 0
516561 438 0
436687 438 0
46380 438 0
516663 438 0
516670 438 0
516678 438 0
516682 438 0
516705 438 0
516654 438 0
516735 438 0
274680 438 0
194613 438 0
474551 438 0
516755 438 0
516776 438 0
516784 438 0
516789 438 0
516791 438 0
260176 438 0
516847 438 0
516885 438 0
516887 438 0
516926 438 0
355603 438 0
516957 438 0
516942 438 0
516973 438 0
321124 438 0
517009 438 0
517029 438 0
517046 438 0
517070 438 0
362116 438 0
517089 438 0
517096 438 0
517110 438 0
270549 438 0
517132 438 0
517135 438 0
517144 438 0
5348 438 0
517161 438 0
433129 438 0
517216 438 0
517228 438 0
517244 438 0
517240 438 0
517266 438 0
33756 438 0
517282 438 0
269557 438 0
517394 438 0
349943 438 0
517429 438 0
517480 438 0
517496 438 0
517504 438 0
517516 438 0
380269 438 0
517627 438 0
517629 438 0
277833 438 0
517687 438 0
517744 438 0
517751 438 0
517775 438 0
517779 438 0
517784 438 0
517798 438 0
344638 438 0
12410 438 0
517829 438 0
380957 438 0
517867 438 0
517886 438 0
517921 438 0
517918 438 0
26293 438 0
275030 438 0
517962 438 0
446842 438 0
471178 438 0
518045 438 0
518082 438 0
518130 438 0
518143 438 0
518150 438 0
518160 438 0
518170 438 0
401827 438 0
518244 438 0
518254 438 0
518292 438 0
518315 438 0
518329 438 0
518324 438 0
269816 438 0
518333 438 0
518362 438 0
271618 438 0
518402 438 0
40416 438 0
518490 438 0
528642 438 0
528664 438 0
528742 438 0
528790 438 0
528801 438 0
298344 438 0
272233 438 0
528884 438 0
528896 438 0
493615 438 0
528964 438 0
529037 438 0
529055 438 0
529076 438 0
529051 438 0
529099 438 0
529152 438 0
529167 438 0
529170 438 0
529181 438 0
309805 438 0
482121 438 0
529205 438 0
529078 438 0
529248 438 0
529267 438 0
529271 438 0
502793 438 0
529292 438 0
529299 438 0
420926 438 0
289163 438 0
529315 438 0
275438 438 0
429963 438 0
529348 438 0
118707 438 0
529397 438 0
529408 438 0
529445 438 0
529481 438 0
529483 438 0
529509 438 0
529514 438 0
529548 438 0
190622 438 0
3658 438 0
529590 438 0
268887 438 0
529605 438 0
529626 438 0
529633 438 0
273029 438 0
529646 438 0
7083 438 0
269881 438 0
529671 438 0
529684 438 0
529713 438 0
529736 438 0
529732 438 0
529751 438 0
529749 438 0
529753 438 0
529768 438 0
529787 438 0
529793 438 0
447880 438 0
446040 438 0
517663 438 0
529844 438 0
529864 438 0
529912 438 0
529928 438 0
529938 438 0
529953 438 0
315180 438 0
529955 438 0
529962 438 0
529978 438 0
529989 438 0
498405 438 0
270869 438 0
530042 438 0
530099 438 0
530110 438 0
139449 438 0
338073 438 0
530182 438 0
505836 438 0
530200 438 0
530213 438 0
530254 438 0
530256 438 0
206719 438 0
530269 438 0
259777 438 0
530377 438 0
56025 438 0
530409 438 0
530411 438 0
530414 438 0
530420 438 0
530432 438 0
530444 438 0
530459 438 0
332847 438 0
530481 438 0
530495 438 0
503071 438 0
276826 438 0
314988 438 0
283156 438 0
530581 438 0
530578 438 0
530622 438 0
530632 438 0
530683 438 0
530719 438 0
530714 438 0
530727 438 0
530757 438 0
530784 438 0
20234 438 0
530820 438 0
283744 438 0
530836 438 0
530865 438 0
530869 438 0
286521 438 0
530896 438 0
315178 438 0
530909 438 0
474433 438 0
530941 438 0
530986 438 0
531005 438 0
531015 438 0
332784 438 0
163921 438 0
531131 438 0
531144 438 0
375108 438 0
531199 438 0
531206 438 0
401088 438 0
491306 438 0
531304 438 0
531307 438 0
531324 438 0
451404 438 0
531369 438 0
531398 438 0
320134 438 0
531436 438 0
531476 438 0
268549 438 0
531550 438 0
367301 438 0
472784 438 0
531595 438 0
531591 438 0
531643 438 0
219827 438 0
531649 438 0
531653 438 0
531660 438 0
443118 438 0
531675 438 0
309055 438 0
483209 438 0
531694 438 0
531727 438 0
531732 438 0
531804 438 0
531802 438 0
531808 438 0
531826 438 0
367584 438 0
531885 438 0
531473 438 0
531919 438 0
439804 438 0
532029 438 0
532037 438 0
532077 438 0
532103 438 0
532119 438 0
532134 438 0
532137 438 0
277955 438 0
306655 438 0
423616 438 0
29646 438 0
532271 438 0
532294 438 0
271787 438 0
532351 438 0
532358 438 0
532363 438 0
273616 438 0
313919 438 0
532423 438 0
532425 438 0
64750 438 0
532442 438 0
532247 438 0
532507 438 0
531176 438 0
532587 438 0
532599 438 0
532618 438 0
231492 438 0
270157 438 0
532671 438 0
532683 438 0
532693 438 0
307039 438 0
532732 438 0
532775 438 0
532788 438 0
223782 438 0
532812 438 0
532823 438 0
532818 438 0
532835 438 0
532841 438 0
479882 438 0
532859 438 0
532885 438 0
532887 438 0
532927 438 0
532929 438 0
532976 438 0
299897 438 0
533003 438 0
533014 438 0
232385 438 0
500066 438 0
214201 438 0
533077 438 0
533115 438 0
533139 438 0
533142 438 0
288721 438 0
533222 438 0
533240 438 0
533259 438 0
308384 438 0
533309 438 0
533333 438 0
533363 438 0
457117 438 0
533424 438 0
533436 438 0
283603 438 0
342332 438 0
533577 438 0
533585 438 0
533615 438 0
276080 438 0
533639 438 0
204331 438 0
448910 438 0
533748 438 0
533784 438 0
533825 438 0
474101 438 0
533852 438 0
533855 438 0
533885 438 0
533895 438 0
466768 438 0
533928 438 0
533960 438 0
533974 438 0
534002 438 0
534000 438 0
534108 438 0
534082 438 0
534201 438 0
312889 438 0
534211 438 0
271066 438 0
534237 438 0
534250 438 0
487122 438 0
504830 438 0
272806 438 0
534318 438 0
387625 438 0
534490 438 0
345977 438 0
534533 438 0
534555 438 0
389456 438 0
534611 438 0
534634 438 0
534644 438 0
534681 438 0
534718 438 0
534728 438 0
297947 438 0
340294 438 0
205266 438 0
534850 438 0
534899 438 0
534916 438 0
409088 438 0
534914 438 0
303721 438 0
501163 438 0
534931 438 0
273277 438 0
534984 438 0
13717 438 0
535047 438 0
535045 438 0
297829 438 0
535061 438 0
175287 438 0
410084 438 0
271700 438 0
268220 438 0
535281 438 0
535300 438 0
535306 438 0
535302 438 0
535344 438 0
535506 438 0
535509 438 0
535525 438 0
535535 438 0
535582 438 0
535592 438 0
535616 438 0
210719 438 0
535710 438 0
535731 438 0
368752 438 0
535943 438 0
535954 438 0
424772 438 0
298269 438 0
536132 438 0
536152 438 0
536265 438 0
536278 438 0
536330 438 0
536338 438 0
278639 438 0
536503 438 0
458248 438 0
536627 438 0
536659 438 0
536684 438 0
534870 438 0
536739 438 0
536745 438 0
278829 438 0
536794 438 0
536840 438 0
536876 438 0
491351 438 0
376029 438 0
447064 438 0
537115 438 0
537123 438 0
313078 438 0
537197 438 0
537225 438 0
537275 438 0
514236 438 0
537135 438 0
537373 438 0
537428 438 0
537473 438 0
537489 438 0
537491 438 0
537504 438 0
284431 438 0
537600 438 0
537641 438 0
537650 438 0
467421 438 0
537675 438 0
270993 438 0
537686 438 0
495175 438 0
425233 438 0
537763 438 0
537862 438 0
537932 438 0
537948 438 0
537997 438 0
294950 438 0
537991 438 0
513897 438 0
16895 438 0
24963 438 0
538032 438 0
538051 438 0
538064 438 0
499048 438 0
382874 438 0
538142 438 0
538215 438 0
273315 438 0
439194 438 0
293874 438 0
386763 438 0
538438 438 0
57239 438 0
404749 438 0
538568 438 0
538578 438 0
538591 438 0
321275 438 0
538611 438 0
538625 438 0
538621 438 0
538661 438 0
538702 438 0
538823 438 0
343063 438 0
538920 438 0
538924 438 0
539019 438 0
206314 438 0
276274 438 0
539121 438 0
539146 438 0
27268 438 0
539148 438 0
539210 438 0
539263 438 0
324136 438 0
278777 438 0
151399 438 0
324935 438 0
539331 438 0
539344 438 0
317985 438 0
539474 438 0
220777 438 0
539551 438 0
539553 438 0
539646 438 0
539666 438 0
539668 438 0
539724 438 0
539747 438 0
539753 438 0
539790 438 0
539810 438 0
47435 438 0
36692 438 0
539996 438 0
540060 438 0
540063 438 0
540131 438 0
540156 438 0
540162 438 0
540166 438 0
540194 438 0
540212 438 0
540230 438 0
540277 438 0
352227 438 0
540280 438 0
457185 438 0
540353 438 0
540355 438 0
344870 438 0
540375 438 0
338755 438 0
540465 438 0
425609 438 0
540510 438 0
335070 438 0
540697 438 0
540739 438 0
540802 438 0
540865 438 0
292211 438 0
540950 438 0
540931 438 0
327750 438 0
539454 438 0
541002 438 0
541076 438 0
541107 438 0
541213 438 0
541222 438 0
490367 438 0
541282 438 0
541333 438 0
229160 438 0
541364 438 0
541383 438 0
541385 438 0
541421 438 0
217988 438 0
541479 438 0
541530 438 0
541562 438 0
541566 438 0
541574 438 0
541585 438 0
541618 438 0
541638 438 0
541660 438 0
541697 438 0
541778 438 0
92507 438 0
541810 438 0
541814 438 0
541866 438 0
541877 438 0
541964 438 0
285700 438 0
542076 438 0
542095 438 0
542130 438 0
542194 438 0
542190 438 0
542262 438 0
542260 438 0
289485 438 0
281400 438 0
444689 438 0
542483 438 0
542565 438 0
472794 438 0
218386 438 0
542835 438 0
542871 438 0
542902 438 0
542854 438 0
542926 438 0
542934 438 0
542962 438 0
542978 438 0
543060 438 0
543062 438 0
543072 438 0
543089 438 0
543104 438 0
543106 438 0
543114 438 0
543160 438 0
543216 438 0
534962 508543 0
514013 42895 0
509658 392 0
38904 392 0
511320 392 0
534706 392 0
9089 509391 0
529675 509545 0
513253 509545 0
512991 47694 0
510249 315665 0
448956 315665 0
2 509959 0
510174 7271 0
65083 7271 0
510290 7271 0
495126 7271 0
404575 7271 0
513763 7271 0
515082 7271 0
24137 7271 0
42895 21534 0
510955 21534 0
518165 510270 0
240508 510550 0
516798 510713 0
5001 5000 0
5593 5000 0
61721 510813 0
508057 500899 0
511395 500899 0
511363 509593 0
515469 12175 0
512562 510880 0
353026 510880 0
516403 510880 0
367450 510880 0
541704 510927 0
511025 510990 0
452593 510990 0
494015 510990 0
516549 510990 0
531532 510990 0
533589 510990 0
21534 506546 0
59049 506546 0
512429 511191 0
463393 511191 0
195427 34212 0
511696 34212 0
399489 34212 0
5001 5000 0
5593 5000 0
511857 511292 0
537567 511292 0
981 27566 0
57680 27566 0
39563 511456 0
145796 511456 0
82926 511456 0
2625 511456 0
52184 52159 0
512087 511596 0
456594 511599 0
34 511846 0
539334 511853 0
532390 511869 0
512051 511985 0
261292 37318 0
8804 37318 0
512549 512187 0
30375 512187 0
15810 512187 0
516513 512225 0
512536 488974 0
530186 488974 0
518346 512586 0
512719 512588 0
512830 512588 0
512826 512588 0
512908 512588 0
513122 512588 0
513194 512588 0
514414 512588 0
516636 512588 0
340995 512606 0
340995 9538 0
5593 5001 0
340995 512635 0
340995 512660 0
340995 512677 0
517331 512695 0
538537 512695 0
543058 512695 0
206584 494473 0
340995 512771 0
176487 18946 0
179906 184299 0
518098 513126 0
513584 513135 0
513340 366658 0
513525 513332 0
517033 41297 0
513717 513016 0
261292 513773 0
513948 513778 0
529130 514033 0
381069 438849 0
532142 514336 0
22284 514411 0
515603 514426 0
514638 514538 0
515671 514538 0
533006 514538 0
533746 514538 0
453876 46897 0
340995 514814 0
514867 184299 0
514871 184299 0
514865 184299 0
514869 184299 0
515257 184299 0
179906 184299 0
532503 184299 0
515550 514846 0
529479 514846 0
516001 514937 0
517668 514937 0
514948 435490 0
330883 88988 0
261292 514882 0
31393 30455 0
515386 515146 0
515490 515146 0
543213 515146 0
29023 515148 0
511395 500899 0
515717 500899 0
516306 500899 0
9771 493872 0
515148 29023 0
529372 515261 0
515439 8068 0
516036 515353 0
335578 515353 0
516545 515353 0
366371 515353 0
9831 515353 0
517463 515353 0
41065 515353 0
20125 515353 0
1203 515353 0
518462 515353 0
313560 515353 0
529629 515353 0
215221 515353 0
530955 515353 0
531440 515353 0
221568 515353 0
534876 515353 0
535284 515353 0
12323 515353 0
539316 515353 0
540032 515353 0
202252 515353 0
517066 515653 0
515761 515692 0
518319 515692 0
517670 515733 0
529839 515733 0
530948 515733 0
534866 515733 0
541273 515733 0
49732 49708 0
515946 515884 0
29023 515148 0
532263 515934 0
40769 11979 0
17528 11979 0
531185 11979 0
42884 11979 0
516306 500899 0
531273 516063 0
516288 516215 0
44155 516345 0
517791 135086 0
517909 135086 0
528719 135086 0
517179 516472 0
534103 516472 0
516618 487102 0
531344 85600 0
532848 517003 0
471112 517018 0
518419 517121 0
177161 19271 0
25509 19271 0
539151 50853 0
438523 106 0
517526 106 0
111267 106 0
311214 106 0
247154 106 0
127807 106 0
203188 106 0
104814 106 0
40617 106 0
517683 106 0
517709 106 0
517732 106 0
517782 106 0
517811 106 0
517938 106 0
11470 106 0
5610 106 0
518013 106 0
269421 106 0
219075 106 0
951 106 0
583 106 0
518194 106 0
7904 106 0
518364 106 0
518317 106 0
518519 106 0
65640 106 0
479874 106 0
384271 106 0
528862 106 0
528958 106 0
58522 106 0
438698 106 0
19617 106 0
529394 106 0
529402 106 0
485835 106 0
162077 106 0
317534 106 0
529715 106 0
60184 106 0
269517 106 0
530250 106 0
462286 106 0
364286 106 0
115073 106 0
530816 106 0
98882 106 0
457553 106 0
12326 106 0
218544 106 0
532189 106 0
532191 106 0
284753 106 0
104513 106 0
532878 106 0
481649 106 0
60400 106 0
135175 106 0
331295 106 0
534181 106 0
515091 106 0
534587 106 0
534883 106 0
534895 106 0
537135 106 0
536544 106 0
151652 106 0
538213 106 0
541652 106 0
408413 106 0
533307 517323 0
141983 510512 0
431468 209172 0
30992 251881 0
112787 517708 0
528960 1867 0
530008 1867 0
530029 1867 0
530774 1867 0
531782 1867 0
535500 1867 0
539346 1867 0
407359 1867 0
541155 1867 0
542232 1867 0
529974 153262 0
528749 490447 0
162077 105072 0
529700 517974 0
528903 223466 0
529095 223466 0
529183 223466 0
529413 223466 0
531354 518154 0
17807 491599 0
528650 312044 0
534569 518401 0
40089 35550 0
119606 1701 0
9308 20004 0
529225 412934 0
532257 528808 0
541310 528808 0
228300 201297 0
532454 528875 0
529060 528916 0
535113 18168 0
530532 91895 0
529533 18946 0
492526 18946 0
173672 23294 0
536218 23294 0
34 23294 0
86410 79232 0
531841 79232 0
2577 101805 0
538966 529453 0
529720 384361 0
499786 384361 0
386897 384361 0
530332 529695 0
530289 529651 0
530065 529755 0
94662 529755 0
537721 529755 0
284588 529755 0
543056 529755 0
532523 529841 0
534048 529870 0
530073 2695 0
85600 2695 0
7079 2695 0
541411 529887 0
532288 51306 0
75420 86 0
534075 530050 0
529755 530065 0
530215 34672 0
531864 34672 0
539851 530203 0
530483 530235 0
530717 530235 0
530822 530235 0
532576 530235 0
535386 530235 0
529458 530408 0
543187 10105 0
29023 530493 0
17807 303 0
224408 16078 0
532709 16078 0
25502 16078 0
259262 16078 0
533486 530898 0
47165 530947 0
533965 530998 0
61270 88040 0
531257 507057 0
531260 507057 0
454975 507057 0
531491 507057 0
531548 507057 0
531614 507057 0
302529 507057 0
532040 507057 0
532452 507057 0
533155 507057 0
533570 507057 0
536414 507057 0
531913 29547 0
507057 312320 0
507057 325771 0
275911 325771 0
532628 325771 0
533390 325771 0
38846 325771 0
534299 325771 0
535347 325771 0
537305 325771 0
532063 531400 0
532757 531400 0
534105 531400 0
51567 531400 0
507057 531432 0
531564 531435 0
487753 531435 0
532906 531442 0
533397 531442 0
535033 531442 0
535134 531442 0
535445 531442 0
535981 531442 0
537143 531442 0
538553 531442 0
541423 531442 0
541681 531442 0
542635 531442 0
507057 335405 0
32703 531516 0
34 531516 0
532934 508198 0
42969 508198 0
532332 531741 0
532596 531741 0
6990 531741 0
532807 531741 0
533325 531741 0
268202 531741 0
534797 531741 0
535247 531741 0
535563 531741 0
282855 531741 0
541556 531741 0
532896 531884 0
14296 529825 0
6611 529825 0
480704 529825 0
20499 529825 0
2091 529825 0
533381 529825 0
532273 531915 0
532275 531915 0
532292 531915 0
532298 531915 0
532340 531915 0
532356 531915 0
532361 531915 0
14134 532165 0
533548 532170 0
535885 532170 0
534687 103311 0
540096 103311 0
531873 532838 0
532373 515353 0
532477 515353 0
532568 515353 0
532658 515353 0
1644 515353 0
233835 515353 0
532932 515353 0
532947 515353 0
533021 515353 0
158026 515353 0
371074 515353 0
533235 515353 0
371467 515353 0
533392 515353 0
126026 515353 0
533499 515353 0
214912 515353 0
398581 515353 0
533718 515353 0
534056 515353 0
334566 515353 0
178365 515353 0
534863 515353 0
535328 515353 0
535533 515353 0
7478 515353 0
30262 515353 0
536476 515353 0
535159 515353 0
538375 515353 0
495693 515353 0
130687 515353 0
17526 515353 0
508419 515353 0
541171 515353 0
541217 515353 0
102948 515353 0
25405 515353 0
60106 515353 0
74406 515353 0
26765 515353 0
542508 515353 0
542514 515353 0
542613 515353 0
542845 515353 0
316723 515353 0
542989 515353 0
538990 532348 0
2579 531435 0
130406 531435 0
28239 531435 0
534835 531435 0
538709 531435 0
463285 531435 0
305906 531435 0
541789 531435 0
532585 56104 0
384557 56104 0
453193 56104 0
72214 56104 0
273309 56104 0
532759 56104 0
532777 56104 0
61270 56104 0
60400 56104 0
312012 56104 0
535330 56104 0
248658 56104 0
57239 56104 0
532632 532584 0
507057 532605 0
535136 532638 0
288 532638 0
507057 531257 0
532963 532676 0
532985 532676 0
535906 532676 0
541841 532735 0
541978 532735 0
538253 532765 0
532959 532867 0
16960 532867 0
410214 409414 0
533086 409414 0
410206 409414 0
410307 409414 0
533100 409414 0
410259 409414 0
533228 409414 0
533232 409414 0
533272 409414 0
533276 409414 0
533299 409414 0
533316 409414 0
533331 409414 0
500899 511395 0
533287 533119 0
533318 504038 0
515065 533064 0
498061 201137 0
38076 533387 0
534160 533264 0
37098 206584 0
533844 533767 0
534778 533767 0
535201 533767 0
535637 533767 0
261292 533893 0
507057 533897 0
535390 29865 0
33164 29865 0
211463 56515 0
340995 249524 0
340995 534098 0
340995 534113 0
340995 534138 0
340995 111366 0
534459 534210 0
534519 534210 0
535008 534210 0
535868 534210 0
6611 534336 0
480704 534336 0
2091 534336 0
55828 534336 0
7135 534336 0
534605 534364 0
534673 534364 0
536868 20099 0
89385 534406 0
471100 223706 0
2577 19785 0
541966 534529 0
504666 534677 0
136095 517003 0
504666 534823 0
535921 534828 0
535555 534886 0
402927 5000 0
15939 5000 0
25825 5000 0
536790 534994 0
535460 535035 0
536708 535035 0
538225 535035 0
540775 535035 0
541717 535035 0
37100 255611 0
43197 255611 0
112787 535096 0
541704 535096 0
382770 535280 0
535807 535310 0
535604 21534 0
535608 21534 0
535877 21534 0
21864 21534 0
536054 21534 0
539045 21534 0
540408 21534 0
487914 21534 0
536935 535612 0
541663 535612 0
535670 21534 0
535680 21534 0
535673 21534 0
535684 21534 0
535686 21534 0
32935 21534 0
152762 21534 0
535704 21534 0
426179 21534 0
535712 21534 0
535714 21534 0
507804 21534 0
535719 21534 0
535721 21534 0
535723 21534 0
535729 21534 0
466382 21534 0
535737 21534 0
535735 21534 0
21909 21534 0
535749 21534 0
535758 21534 0
535751 21534 0
535753 21534 0
535762 21534 0
535756 21534 0
535764 21534 0
535767 21534 0
535771 21534 0
535775 21534 0
535778 21534 0
535785 21534 0
535782 21534 0
56209 21534 0
535789 21534 0
535795 21534 0
535797 21534 0
535801 21534 0
513022 21534 0
535807 21534 0
535809 21534 0
535816 21534 0
535814 21534 0
535822 21534 0
474790 21534 0
535829 21534 0
535835 21534 0
535837 21534 0
41707 21534 0
535843 21534 0
506546 21534 0
535847 21534 0
535855 21534 0
535857 21534 0
535864 21534 0
535866 21534 0
535877 21534 0
535875 21534 0
535879 21534 0
535881 21534 0
503303 21534 0
535895 21534 0
400290 21534 0
25013 21534 0
535604 21534 0
535917 21534 0
535923 21534 0
535930 21534 0
535932 21534 0
535946 21534 0
50423 21534 0
530656 21534 0
535962 21534 0
535960 21534 0
535971 21534 0
535975 21534 0
535977 21534 0
535966 21534 0
399817 21534 0
535987 21534 0
535992 21534 0
535996 21534 0
535994 21534 0
535998 21534 0
42895 21534 0
536007 21534 0
536005 21534 0
536001 21534 0
536003 21534 0
536013 21534 0
536026 21534 0
536024 21534 0
536031 21534 0
536033 21534 0
536037 21534 0
536041 21534 0
532786 21534 0
536054 21534 0
536065 21534 0
536062 21534 0
536078 21534 0
536089 21534 0
536097 21534 0
536105 21534 0
536107 21534 0
536113 21534 0
536119 21534 0
536115 21534 0
536121 21534 0
536123 21534 0
51327 21534 0
536128 21534 0
536136 21534 0
536142 21534 0
536154 21534 0
536157 21534 0
536164 21534 0
536172 21534 0
536178 21534 0
536180 21534 0
536184 21534 0
536197 21534 0
536195 21534 0
22096 21534 0
536212 21534 0
536214 21534 0
351375 21534 0
536216 21534 0
536223 21534 0
536228 21534 0
536226 21534 0
536239 21534 0
536247 21534 0
536249 21534 0
536257 21534 0
536251 21534 0
536261 21534 0
536271 21534 0
536280 21534 0
1112 21534 0
536288 21534 0
536296 21534 0
536304 21534 0
536308 21534 0
536310 21534 0
536314 21534 0
536319 21534 0
536326 21534 0
536332 21534 0
536350 21534 0
536358 21534 0
536360 21534 0
536352 21534 0
536368 21534 0
536378 21534 0
529281 21534 0
536387 21534 0
536391 21534 0
536395 21534 0
536403 21534 0
536416 21534 0
536418 21534 0
536432 21534 0
536430 21534 0
536436 21534 0
536434 21534 0
536438 21534 0
536441 21534 0
536443 21534 0
536461 21534 0
536478 21534 0
536469 21534 0
536474 21534 0
36960 21534 0
536480 21534 0
536485 21534 0
536487 21534 0
536489 21534 0
471987 21534 0
536513 21534 0
536524 21534 0
536517 21534 0
536511 21534 0
536515 21534 0
536519 21534 0
536509 21534 0
536532 21534 0
536526 21534 0
536528 21534 0
536530 21534 0
536549 21534 0
536538 21534 0
536547 21534 0
21664 21534 0
53469 21534 0
536554 21534 0
536558 21534 0
536566 21534 0
536562 21534 0
73325 21534 0
364591 21534 0
536577 21534 0
536591 21534 0
536589 21534 0
536594 21534 0
190245 21534 0
536601 21534 0
536605 21534 0
536609 21534 0
532934 21534 0
409987 21534 0
536623 21534 0
536621 21534 0
536631 21534 0
536645 21534 0
536640 21534 0
536643 21534 0
536638 21534 0
536651 21534 0
403708 21534 0
536655 21534 0
536663 21534 0
536667 21534 0
536671 21534 0
536678 21534 0
536690 21534 0
29012 21534 0
536698 21534 0
536694 21534 0
536704 21534 0
536702 21534 0
21864 21534 0
536716 21534 0
536720 21534 0
536722 21534 0
536730 21534 0
536734 21534 0
536732 21534 0
536750 21534 0
21829 21534 0
536754 21534 0
536764 21534 0
536766 21534 0
35100 21534 0
536768 21534 0
536771 21534 0
536775 21534 0
536777 21534 0
536779 21534 0
206458 21534 0
536800 21534 0
536803 21534 0
536805 21534 0
536812 21534 0
536814 21534 0
536823 21534 0
536825 21534 0
56893 21534 0
536827 21534 0
536831 21534 0
536838 21534 0
536836 21534 0
536846 21534 0
536858 21534 0
468761 21534 0
536856 21534 0
536850 21534 0
536866 21534 0
536870 21534 0
536874 21534 0
24137 21534 0
536878 21534 0
536883 21534 0
536892 21534 0
20606 21534 0
536900 21534 0
536913 21534 0
536915 21534 0
536910 21534 0
536923 21534 0
536921 21534 0
536927 21534 0
536925 21534 0
536929 21534 0
536931 21534 0
536937 21534 0
536941 21534 0
536945 21534 0
536953 21534 0
536949 21534 0
217407 21534 0
536965 21534 0
536968 21534 0
536970 21534 0
536976 21534 0
536989 21534 0
536987 21534 0
536997 21534 0
337866 21534 0
536993 21534 0
537007 21534 0
537005 21534 0
536999 21534 0
537016 21534 0
537021 21534 0
493335 21534 0
537039 21534 0
537041 21534 0
537045 21534 0
30175 21534 0
43197 21534 0
537060 21534 0
537070 21534 0
536393 21534 0
537072 21534 0
537079 21534 0
396967 21534 0
218617 21534 0
299681 21534 0
537089 21534 0
537099 21534 0
537101 21534 0
537105 21534 0
537117 21534 0
537113 21534 0
537127 21534 0
537119 21534 0
537125 21534 0
537133 21534 0
68366 21534 0
537149 21534 0
537147 21534 0
537159 21534 0
537167 21534 0
537169 21534 0
537171 21534 0
537183 21534 0
537188 21534 0
537186 21534 0
536980 21534 0
537200 21534 0
537202 21534 0
52768 21534 0
64854 21534 0
537227 21534 0
537219 21534 0
537234 21534 0
537241 21534 0
537245 21534 0
537254 21534 0
537267 21534 0
537263 21534 0
537273 21534 0
537271 21534 0
537269 21534 0
537278 21534 0
508394 21534 0
537284 21534 0
537297 21534 0
537293 21534 0
537291 21534 0
32242 21534 0
537295 21534 0
537315 21534 0
481568 21534 0
537331 21534 0
537334 21534 0
537336 21534 0
537345 21534 0
537347 21534 0
537343 21534 0
537351 21534 0
537355 21534 0
537353 21534 0
537361 21534 0
537365 21534 0
537367 21534 0
537369 21534 0
537371 21534 0
537378 21534 0
537375 21534 0
537383 21534 0
537385 21534 0
537388 21534 0
537394 21534 0
537390 21534 0
537405 21534 0
537398 21534 0
537403 21534 0
536868 21534 0
537412 21534 0
25147 21534 0
537422 21534 0
537426 21534 0
537432 21534 0
537434 21534 0
537430 21534 0
537436 21534 0
537438 21534 0
537447 21534 0
537456 21534 0
537461 21534 0
537463 21534 0
537477 21534 0
537471 21534 0
537501 21534 0
537506 21534 0
537508 21534 0
537512 21534 0
537523 21534 0
537521 21534 0
537526 21534 0
537529 21534 0
537541 21534 0
338532 21534 0
537545 21534 0
537553 21534 0
414121 21534 0
537557 21534 0
537555 21534 0
54669 21534 0
537569 21534 0
22502 21534 0
537577 21534 0
537582 21534 0
537588 21534 0
537586 21534 0
537590 21534 0
537596 21534 0
528792 21534 0
537606 21534 0
537614 21534 0
72351 21534 0
537620 21534 0
56915 21534 0
163009 21534 0
537629 21534 0
2518 21534 0
537644 21534 0
537646 21534 0
537656 21534 0
537654 21534 0
18637 21534 0
537660 21534 0
537667 21534 0
537669 21534 0
537673 21534 0
537677 21534 0
537684 21534 0
17561 21534 0
64257 21534 0
537695 21534 0
537708 21534 0
537729 21534 0
44041 21534 0
537738 21534 0
537736 21534 0
537743 21534 0
537748 21534 0
322593 21534 0
537759 21534 0
419203 21534 0
537767 21534 0
537773 21534 0
537776 21534 0
537782 21534 0
537780 21534 0
537784 21534 0
537804 21534 0
537806 21534 0
537814 21534 0
537822 21534 0
537828 21534 0
537838 21534 0
537835 21534 0
537858 21534 0
537867 21534 0
537869 21534 0
537865 21534 0
537871 21534 0
537875 21534 0
537882 21534 0
537890 21534 0
537899 21534 0
537897 21534 0
537901 21534 0
537909 21534 0
537903 21534 0
537917 21534 0
537913 21534 0
537911 21534 0
537921 21534 0
537934 21534 0
537944 21534 0
537952 21534 0
24203 21534 0
537956 21534 0
537958 21534 0
537972 21534 0
537999 21534 0
537995 21534 0
255968 21534 0
538003 21534 0
538008 21534 0
186765 21534 0
538016 21534 0
538020 21534 0
538025 21534 0
538038 21534 0
538042 21534 0
538040 21534 0
18562 21534 0
538055 21534 0
454295 21534 0
538059 21534 0
421352 21534 0
538080 21534 0
89250 21534 0
58529 21534 0
510255 21534 0
538094 21534 0
538105 21534 0
36687 21534 0
411485 21534 0
538130 21534 0
538128 21534 0
538140 21534 0
538134 21534 0
538136 21534 0
538144 21534 0
538146 21534 0
538150 21534 0
538154 21534 0
538156 21534 0
538161 21534 0
420699 21534 0
538172 21534 0
538179 21534 0
538185 21534 0
22436 21534 0
538190 21534 0
538194 21534 0
538196 21534 0
538205 21534 0
538227 21534 0
538217 21534 0
538222 21534 0
538239 21534 0
538249 21534 0
538241 21534 0
538255 21534 0
538258 21534 0
538262 21534 0
538266 21534 0
538276 21534 0
538280 21534 0
538285 21534 0
538283 21534 0
538289 21534 0
538291 21534 0
538287 21534 0
538305 21534 0
538301 21534 0
538312 21534 0
19338 21534 0
495184 21534 0
538310 21534 0
538318 21534 0
538325 21534 0
538342 21534 0
538344 21534 0
538357 21534 0
538361 21534 0
538359 21534 0
538368 21534 0
538366 21534 0
538372 21534 0
538321 21534 0
538382 21534 0
538387 21534 0
538402 21534 0
538409 21534 0
538407 21534 0
538432 21534 0
538430 21534 0
472185 21534 0
538461 21534 0
538454 21534 0
538469 21534 0
538471 21534 0
219766 21534 0
538484 21534 0
538486 21534 0
538499 21534 0
538508 21534 0
538520 21534 0
538524 21534 0
424763 21534 0
538518 21534 0
538551 21534 0
325299 21534 0
538555 21534 0
538561 21534 0
538564 21534 0
538572 21534 0
538576 21534 0
538580 21534 0
538584 21534 0
538586 21534 0
538593 21534 0
538597 21534 0
538627 21534 0
6396 21534 0
538633 21534 0
538638 21534 0
538640 21534 0
269522 21534 0
538644 21534 0
31371 21534 0
538651 21534 0
538656 21534 0
538654 21534 0
538669 21534 0
21198 21534 0
538676 21534 0
538682 21534 0
538690 21534 0
538693 21534 0
538697 21534 0
538705 21534 0
27953 21534 0
538717 21534 0
538720 21534 0
538722 21534 0
530976 21534 0
538734 21534 0
538753 21534 0
538761 21534 0
538759 21534 0
402553 21534 0
538787 21534 0
538790 21534 0
538800 21534 0
538807 21534 0
538811 21534 0
54573 21534 0
538830 21534 0
538832 21534 0
538836 21534 0
538840 21534 0
538842 21534 0
538848 21534 0
538857 21534 0
538855 21534 0
538859 21534 0
538862 21534 0
538866 21534 0
538869 21534 0
528707 21534 0
538877 21534 0
538879 21534 0
538898 21534 0
538902 21534 0
538900 21534 0
538906 21534 0
538910 21534 0
538931 21534 0
538941 21534 0
26948 21534 0
538955 21534 0
538957 21534 0
538959 21534 0
538961 21534 0
538964 21534 0
538981 21534 0
57801 21534 0
538999 21534 0
539007 21534 0
539003 21534 0
539001 21534 0
539005 21534 0
539011 21534 0
539017 21534 0
539021 21534 0
539029 21534 0
539036 21534 0
539045 21534 0
43383 21534 0
539050 21534 0
539061 21534 0
539071 21534 0
539103 21534 0
399875 21534 0
142478 21534 0
539111 21534 0
539123 21534 0
88928 21534 0
539132 21534 0
539138 21534 0
539142 21534 0
539155 21534 0
539158 21534 0
6469 21534 0
539166 21534 0
539170 21534 0
539172 21534 0
539174 21534 0
539177 21534 0
539179 21534 0
539186 21534 0
539190 21534 0
539192 21534 0
539206 21534 0
487777 21534 0
539222 21534 0
539227 21534 0
539225 21534 0
539238 21534 0
539231 21534 0
539241 21534 0
20512 21534 0
491050 21534 0
539265 21534 0
539269 21534 0
539271 21534 0
539277 21534 0
539285 21534 0
539281 21534 0
539292 21534 0
539298 21534 0
539302 21534 0
6990 21534 0
539311 21534 0
539324 21534 0
539329 21534 0
336282 21534 0
54643 21534 0
539353 21534 0
539363 21534 0
378322 21534 0
539377 21534 0
539381 21534 0
539383 21534 0
539406 21534 0
539412 21534 0
539418 21534 0
539432 21534 0
539440 21534 0
499840 21534 0
539446 21534 0
539460 21534 0
86676 21534 0
539462 21534 0
539464 21534 0
539483 21534 0
539492 21534 0
539503 21534 0
539505 21534 0
539521 21534 0
539524 21534 0
539526 21534 0
539536 21534 0
539534 21534 0
539540 21534 0
539555 21534 0
539562 21534 0
539559 21534 0
539567 21534 0
539564 21534 0
539571 21534 0
539573 21534 0
53398 21534 0
539581 21534 0
539586 21534 0
19918 21534 0
239922 21534 0
539604 21534 0
539607 21534 0
507413 21534 0
539615 21534 0
539622 21534 0
539632 21534 0
539628 21534 0
539639 21534 0
539644 21534 0
539652 21534 0
539657 21534 0
539661 21534 0
539676 21534 0
539678 21534 0
539692 21534 0
539690 21534 0
539694 21534 0
539704 21534 0
539715 21534 0
539711 21534 0
269480 21534 0
420159 21534 0
539739 21534 0
539741 21534 0
539745 21534 0
487266 21534 0
539776 21534 0
539781 21534 0
539794 21534 0
539796 21534 0
539800 21534 0
437738 21534 0
539828 21534 0
539832 21534 0
539838 21534 0
539842 21534 0
539846 21534 0
539849 21534 0
539853 21534 0
539861 21534 0
539867 21534 0
539872 21534 0
237214 21534 0
539879 21534 0
539884 21534 0
539912 21534 0
53640 21534 0
267056 21534 0
539919 21534 0
539928 21534 0
539930 21534 0
539940 21534 0
539947 21534 0
238093 21534 0
539950 21534 0
539958 21534 0
539971 21534 0
539969 21534 0
539983 21534 0
38816 21534 0
539989 21534 0
540006 21534 0
540011 21534 0
540013 21534 0
540016 21534 0
540019 21534 0
540024 21534 0
540028 21534 0
540030 21534 0
540036 21534 0
540041 21534 0
540043 21534 0
540049 21534 0
540052 21534 0
540054 21534 0
540056 21534 0
540067 21534 0
540065 21534 0
540069 21534 0
540071 21534 0
540092 21534 0
540094 21534 0
540100 21534 0
251095 21534 0
540106 21534 0
540104 21534 0
540127 21534 0
17925 21534 0
540137 21534 0
540158 21534 0
540160 21534 0
540170 21534 0
540176 21534 0
540190 21534 0
540192 21534 0
540202 21534 0
540204 21534 0
540206 21534 0
540210 21534 0
540216 21534 0
540221 21534 0
540236 21534 0
540242 21534 0
540238 21534 0
302048 21534 0
380365 21534 0
540250 21534 0
540253 21534 0
540261 21534 0
540263 21534 0
540271 21534 0
212575 21534 0
540284 21534 0
540293 21534 0
540295 21534 0
540299 21534 0
540306 21534 0
540308 21534 0
540310 21534 0
540336 21534 0
540332 21534 0
31026 21534 0
540341 21534 0
540349 21534 0
323428 21534 0
540347 21534 0
540365 21534 0
540363 21534 0
540361 21534 0
540387 21534 0
540383 21534 0
540377 21534 0
540390 21534 0
540394 21534 0
540396 21534 0
540398 21534 0
540408 21534 0
540404 21534 0
540412 21534 0
540417 21534 0
540427 21534 0
540434 21534 0
540438 21534 0
540444 21534 0
540440 21534 0
540450 21534 0
540448 21534 0
540452 21534 0
540454 21534 0
540461 21534 0
540463 21534 0
540469 21534 0
540477 21534 0
540475 21534 0
540479 21534 0
540483 21534 0
540487 21534 0
540500 21534 0
540516 21534 0
540521 21534 0
540531 21534 0
540542 21534 0
540544 21534 0
540550 21534 0
540548 21534 0
540552 21534 0
540556 21534 0
540573 21534 0
540598 21534 0
540600 21534 0
540602 21534 0
540604 21534 0
540612 21534 0
487914 21534 0
540657 21534 0
540659 21534 0
540668 21534 0
540671 21534 0
210642 21534 0
540733 21534 0
540814 21534 0
540822 21534 0
540844 21534 0
540874 21534 0
540882 21534 0
540888 21534 0
540915 21534 0
300153 21534 0
540929 21534 0
540935 21534 0
473881 21534 0
540937 21534 0
226449 21534 0
540965 21534 0
540989 21534 0
540996 21534 0
511038 21534 0
541004 21534 0
541006 21534 0
392865 21534 0
541043 21534 0
541105 21534 0
541116 21534 0
541118 21534 0
541123 21534 0
541169 21534 0
541192 21534 0
541206 21534 0
541226 21534 0
541236 21534 0
541246 21534 0
541249 21534 0
541284 21534 0
541291 21534 0
541302 21534 0
541314 21534 0
21649 21534 0
541341 21534 0
282855 21534 0
383337 21534 0
541409 21534 0
541427 21534 0
415685 21534 0
541429 21534 0
541433 21534 0
541456 21534 0
533329 21534 0
541468 21534 0
6805 21534 0
203678 21534 0
541515 21534 0
541521 21534 0
541541 21534 0
541580 21534 0
541595 21534 0
541601 21534 0
541608 21534 0
541624 21534 0
541622 21534 0
541654 21534 0
541668 21534 0
541691 21534 0
189584 21534 0
541783 21534 0
541803 21534 0
541827 21534 0
541843 21534 0
505158 21534 0
541868 21534 0
541892 21534 0
541897 21534 0
541903 21534 0
170093 21534 0
541948 21534 0
541953 21534 0
541958 21534 0
541972 21534 0
541986 21534 0
542027 21534 0
542037 21534 0
542049 21534 0
51822 21534 0
542116 21534 0
542122 21534 0
542134 21534 0
234244 21534 0
517525 21534 0
374414 21534 0
542174 21534 0
542187 21534 0
542221 21534 0
542229 21534 0
542240 21534 0
542278 21534 0
542284 21534 0
542294 21534 0
542315 21534 0
542324 21534 0
542332 21534 0
542330 21534 0
542339 21534 0
542352 21534 0
542359 21534 0
542370 21534 0
542395 21534 0
513119 21534 0
542436 21534 0
542555 21534 0
542578 21534 0
542587 21534 0
542590 21534 0
542600 21534 0
430882 21534 0
542702 21534 0
542718 21534 0
542737 21534 0
542748 21534 0
542755 21534 0
34904 21534 0
541644 21534 0
32040 21534 0
542784 21534 0
542812 21534 0
542843 21534 0
283418 21534 0
542917 21534 0
542936 21534 0
542946 21534 0
29257 21534 0
535292 21534 0
542974 21534 0
542983 21534 0
22024 21534 0
543052 21534 0
543098 21534 0
543100 21534 0
89523 21534 0
543144 21534 0
543150 21534 0
543152 21534 0
543167 21534 0
543178 21534 0
543189 21534 0
543222 21534 0
533021 515353 0
12053 515353 0
536389 515353 0
536669 515353 0
48008 515353 0
536809 515353 0
536862 515353 0
24031 515353 0
30262 515353 0
31857 515353 0
176684 515353 0
537723 515353 0
537721 515353 0
495693 515353 0
534835 515353 0
476015 515353 0
130687 515353 0
171656 515353 0
371855 515353 0
539663 515353 0
508419 515353 0
539899 515353 0
68297 515353 0
481746 515353 0
25405 515353 0
191559 515353 0
202252 515353 0
47167 515353 0
48690 12053 0
538815 536397 0
532132 539699 0
529648 234146 0
538399 186118 0
536784 536576 0
542368 536576 0
306736 306521 0
38203 306521 0
479200 306521 0
537137 536756 0
538177 27893 0
192633 22183 0
225867 537359 0
537533 4255 0
537769 4255 0
90402 4255 0
538871 4255 0
539252 454887 0
316322 454887 0
542016 537720 0
147354 224599 0
147370 224599 0
539936 278152 0
540286 531228 0
538443 245085 0
29023 471557 0
30375 538711 0
538850 534138 0
538882 534138 0
539444 534138 0
179906 534138 0
539013 538746 0
539136 538861 0
538177 27893 0
540786 499442 0
541064 499442 0
224175 220801 0
222068 220801 0
221379 220801 0
539755 539289 0
539515 539313 0
29663 450255 0
540135 539357 0
40273 539402 0
402927 5000 0
5593 5000 0
206584 494473 0
220801 224455 0
537769 4255 0
58030 4255 0
90402 4255 0
542752 4255 0
540490 539949 0
58953 540010 0
540146 539613 0
541713 540122 0
34 540173 0
488963 57267 0
540544 21534 0
539225 21534 0
540792 21534 0
540898 21534 0
538638 21534 0
338532 21534 0
541135 21534 0
22096 21534 0
541116 21534 0
57801 21534 0
541278 21534 0
47720 21534 0
542007 21534 0
542168 21534 0
539940 21534 0
542350 21534 0
542602 21534 0
543209 540750 0
540980 540860 0
542493 58040 0
541086 128558 0
541390 541215 0
541764 541215 0
543191 541215 0
543200 541215 0
18315 8068 0
542127 8068 0
337386 8068 0
542387 542225 0
542271 542231 0
542897 21534 0
24137 21534 0
542985 21534 0
543218 542725 0
543038 542906 0
543054 542906 0
