8 459106 778 0 0
8 551854 943 0 0
8 552063 1018 0 0
34 531516 0 684 0
34 540173 0 17 0
34 549058 0 17 0
534364 534605 57 0 0
534364 534673 78 0 0
178365 515353 0 712 0
534529 541966 1954 0 0
288 532638 0 2678 0
89385 534406 0 505 0
379 21534 0 4964 0
379 47180 0 797 0
89438 312849 1295 0 0
89438 548129 40 0 0
534805 546927 3758 0 0
534828 535921 349 0 0
534886 535555 239 0 0
534994 536790 465 0 0
535035 535460 165 0 0
535035 536708 438 0 0
535035 538225 762 0 0
535035 540775 1434 0 0
535035 541717 1728 0 0
535035 545414 3090 0 0
535035 549913 4810 0 0
535096 541704 1702 0 0
535096 546879 3737 0 0
981 17930 272 0 0
981 531337 0 3813 0
535280 544512 2603 0 0
535280 548210 4153 0 0
535310 535807 353 0 0
535310 545398 2982 0 0
268202 531741 0 827 0
1112 21534 0 135 0
535596 543645 2147 0 0
535612 536935 265 0 0
535612 541663 1493 0 0
535612 551231 5096 0 0
1644 515353 0 152 0
179906 534138 0 279 0
1889 539730 0 2073 0
2091 529825 0 333 0
2091 534336 0 63 0
536397 538815 535 0 0
2229 31731 0 1477 0
536576 536784 38 0 0
536576 542368 1506 0 0
536756 537137 185 0 0
2518 21534 0 389 0
2577 19785 0 557 0
2577 209912 0 797 0
2579 531435 0 317 0
536862 545045 58 0 0
537720 542016 1173 0 0
3694 515353 0 3607 0
3712 51873 0 128 0
4255 58030 107 0 0
4255 90402 941 0 0
4255 537533 26 0 0
4255 537769 119 0 0
4255 538871 371 0 0
4255 542752 856 0 0
4255 549681 7716 0 0
4255 549825 4203 0 0
4367 515353 0 3589 0
538681 543624 1462 0 0
538746 539013 76 0 0
538861 539136 80 0 0
538861 547006 20 0 0
5000 5593 1020 0 0
5000 15939 1667 0 0
5000 25825 1708 0 0
5000 402927 2282 0 0
539289 539755 124 0 0
539313 539515 59 0 0
539357 540135 198 0 0
539613 540146 24 0 0
5534 544972 229 0 0
539814 543334 1053 0 0
539949 540490 134 0 0
540023 546336 2204 0 0
540122 541713 462 0 0
6396 21534 0 644 0
6469 21534 0 791 0
540750 543209 766 0 0
6611 529825 0 243 0
6611 534336 0 12 0
540860 540980 41 0 0
6805 21534 0 1415 0
541215 541390 56 0 0
541215 541764 176 0 0
541215 543191 621 0 0
541215 543200 625 0 0
541215 546270 1850 0 0
6990 21534 0 825 0
6990 531741 0 355 0
7135 534336 0 169 0
7478 515353 0 1136 0
542225 542387 52 0 0
542231 542271 12 0 0
186118 538399 432 0 0
8068 18315 21 0 0
8068 52830 2849 0 0
8068 337386 217 0 0
8068 542127 61 0 0
8068 543651 577 0 0
542725 543218 166 0 0
542906 543038 44 0 0
542906 543054 47 0 0
542906 543541 235 0 0
542906 543617 263 0 0
542906 544389 556 0 0
542906 544399 559 0 0
542906 547263 1751 0 0
542906 551792 3466 0 0
275911 325771 0 478 0
543146 543225 29 0 0
543193 548307 2112 0 0
543193 549045 2342 0 0
543193 550313 2778 0 0
543193 550972 3022 0 0
543193 551096 3067 0 0
543193 552327 3560 0 0
543883 547175 1355 0 0
454887 539252 427 0 0
454975 507057 0 84 0
544186 545112 388 0 0
544210 544399 217 0 0
544210 544731 207 0 0
544211 544791 398 0 0
544243 547537 1380 0 0
544477 545964 32 0 0
544537 546879 1052 0 0
544589 545586 0 79 0
544696 545131 185 0 0
545024 549964 1914 0 0
545038 546226 478 0 0
545086 545110 13 0 0
545086 545350 110 0 0
10854 515353 0 2977 0
545245 549275 1329 0 0
278152 539936 541 0 0
545571 546016 175 0 0
189538 545725 768 0 0
189538 549433 1264 0 0
189538 551711 2147 0 0
546064 550183 1585 0 0
546158 546389 86 0 0
12053 48690 942 0 0
12053 515353 0 88 0
546393 546861 200 0 0
546505 546538 16 0 0
546505 546542 18 0 0
546505 546630 54 0 0
546505 547142 268 0 0
546505 547170 278 0 0
546505 547217 301 0 0
546505 547790 561 0 0
546568 546569 0 108 0
546630 546663 0 181 0
546932 547259 146 0 0
547444 549312 674 0 0
13388 546393 0 1236 0
547695 547803 42 0 0
191559 515353 0 1704 0
102948 515353 0 2496 0
13916 22799 0 586 0
14134 532165 0 208 0
548514 549651 363 0 0
103311 534687 801 0 0
103311 540096 2167 0 0
14296 529825 0 1 0
548925 549730 257 0 0
548926 548996 33 0 0
459920 546393 0 1940 0
371074 515353 0 301 0
549268 549823 186 0 0
549337 549624 103 0 0
371467 515353 0 305 0
371855 515353 0 800 0
282855 531741 0 2691 0
16053 21534 0 4195 0
16078 25502 1008 0 0
16078 224408 116 0 0
16078 259262 2761 0 0
16078 532709 654 0 0
16078 544604 4137 0 0
550360 551911 617 0 0
550638 550917 94 0 0
550638 551100 161 0 0
550638 551315 259 0 0
551025 551035 1 0 0
16960 532867 0 68 0
16995 542906 0 444 0
551375 551388 5 0 0
551494 551581 35 0 0
551494 552174 264 0 0
551494 552189 271 0 0
551494 552201 275 0 0
551494 552402 337 0 0
551528 551531 1 0 0
17526 515353 0 1981 0
17561 21534 0 400 0
17925 21534 0 1034 0
552224 552225 0 162 0
463285 531435 0 2120 0
285270 515353 0 3328 0
18562 21534 0 484 0
18637 21534 0 396 0
19338 21534 0 554 0
19918 21534 0 903 0
20099 536868 653 0 0
376456 551603 0 39 0
20499 529825 0 292 0
20512 21534 0 810 0
20606 21534 0 240 0
21198 21534 0 658 0
21534 21649 1378 0 0
21534 21664 176 0 0
21534 21829 213 0 0
21534 21864 519 0 0
21534 21909 23 0 0
21534 22024 1894 0 0
21534 22096 554 0 0
21534 22436 520 0 0
21534 22502 375 0 0
21534 24137 348 0 0
21534 24203 461 0 0
21534 25013 52 0 0
21534 25147 342 0 0
21534 26681 2287 0 0
21534 26948 732 0 0
21534 27953 666 0 0
21534 29012 203 0 0
21534 29257 1875 0 0
21534 30175 267 0 0
21534 30614 3249 0 0
21534 31026 1091 0 0
21534 31371 652 0 0
21534 32040 1809 0 0
21534 32242 318 0 0
21534 32935 13 0 0
21534 33266 4555 0 0
21534 34904 1806 0 0
21534 35100 215 0 0
21534 36550 3085 0 0
21534 36687 500 0 0
21534 36960 170 0 0
21534 37100 4535 0 0
21534 38626 3257 0 0
21534 38816 999 0 0
21534 40731 4989 0 0
21534 41707 38 0 0
21534 42895 75 0 0
21534 43197 269 0 0
21534 43383 759 0 0
21534 44041 414 0 0
21534 46699 2722 0 0
21534 47720 304 0 0
21534 50423 63 0 0
21534 51327 100 0 0
21534 51822 1905 0 0
21534 52768 295 0 0
21534 53398 898 0 0
21534 53469 176 0 0
21534 53640 983 0 0
21534 54573 694 0 0
21534 54643 835 0 0
21534 54669 371 0 0
21534 56209 29 0 0
21534 56409 4201 0 0
21534 56473 2406 0 0
21534 56893 227 0 0
21534 56915 384 0 0
21534 57801 971 0 0
21534 58529 497 0 0
21534 64257 402 0 0
21534 64854 296 0 0
21534 68366 279 0 0
21534 72351 382 0 0
21534 73325 181 0 0
21534 74540 4183 0 0
21534 86676 868 0 0
21534 88928 783 0 0
21534 89250 496 0 0
21534 89523 1932 0 0
21534 142478 773 0 0
21534 152762 13 0 0
21534 163009 387 0 0
21534 170093 1557 0 0
21534 186765 478 0 0
21534 189584 1497 0 0
21534 190245 187 0 0
21534 203393 4019 0 0
21534 203678 1424 0 0
21534 206458 219 0 0
21534 210642 1184 0 0
21534 212575 1075 0 0
21534 217407 252 0 0
21534 218617 272 0 0
21534 219766 602 0 0
21534 226449 2391 0 0
21534 226793 3525 0 0
21534 234244 1615 0 0
21534 237214 974 0 0
21534 238093 990 0 0
21534 239922 906 0 0
21534 243177 4569 0 0
21534 246580 2083 0 0
21534 249759 3613 0 0
21534 251095 1028 0 0
21534 255968 473 0 0
21534 260832 1972 0 0
21534 266944 4068 0 0
21534 267056 983 0 0
21534 269480 935 0 0
21534 269522 651 0 0
21534 271570 2789 0 0
21534 271908 3069 0 0
21534 281193 2124 0 0
21534 282855 1380 0 0
21534 283418 1852 0 0
21534 299050 3031 0 0
21534 299681 272 0 0
21534 300153 1232 0 0
21534 302048 1069 0 0
21534 308972 2756 0 0
21534 314982 4701 0 0
21534 316454 4964 0 0
21534 317376 2659 0 0
21534 322593 420 0 0
21534 323428 1093 0 0
21534 325299 627 0 0
21534 331812 3854 0 0
21534 333388 2152 0 0
21534 335266 5239 0 0
21534 336282 831 0 0
21534 337866 258 0 0
21534 338532 519 0 0
21534 346438 3769 0 0
21534 351375 120 0 0
21534 359373 4574 0 0
21534 364591 181 0 0
21534 368092 2253 0 0
21534 372692 616 0 0
21534 374414 1624 0 0
21534 378322 844 0 0
21534 380279 2283 0 0
21534 380365 1070 0 0
21534 383337 1392 0 0
21534 392865 1276 0 0
21534 396967 272 0 0
21534 399817 72 0 0
21534 399875 773 0 0
21534 400290 51 0 0
21534 402553 682 0 0
21534 403708 196 0 0
21534 403891 3668 0 0
21534 407004 2081 0 0
21534 409987 192 0 0
21534 411485 504 0 0
21534 414121 370 0 0
21534 415685 1400 0 0
21534 416180 5246 0 0
21534 419203 421 0 0
21534 420159 939 0 0
21534 420699 515 0 0
21534 421352 489 0 0
21534 424763 615 0 0
21534 426179 17 0 0
21534 430882 1783 0 0
21534 437738 958 0 0
21534 450152 4095 0 0
21534 454295 484 0 0
21534 466382 21 0 0
21534 468761 232 0 0
21534 471987 171 0 0
21534 472185 594 0 0
21534 473881 1235 0 0
21534 474790 37 0 0
21534 475485 3966 0 0
21534 475962 2287 0 0
21534 480619 5051 0 0
21534 481568 322 0 0
21534 487266 949 0 0
21534 487777 805 0 0
21534 487914 2474 0 0
21534 491050 813 0 0
21534 491399 2547 0 0
21534 493335 263 0 0
21534 495184 554 0 0
21534 499840 864 0 0
21534 500238 3768 0 0
21534 503303 47 0 0
21534 505158 1537 0 0
21534 506546 40 0 0
21534 507413 908 0 0
21534 507804 19 0 0
21534 508394 314 0 0
21534 510255 498 0 0
21534 511038 1262 0 0
21534 513022 33 0 0
21534 513119 1702 0 0
21534 514442 2382 0 0
21534 516133 3331 0 0
21534 517525 1622 0 0
21534 528707 713 0 0
21534 528792 381 0 0
21534 529281 156 0 0
21534 530656 65 0 0
21534 530976 673 0 0
21534 532786 83 0 0
21534 532934 189 0 0
21534 533329 1411 0 0
21534 534331 3113 0 0
21534 535292 1876 0 0
21534 535604 129 0 0
21534 535608 77 0 0
21534 535670 9 0 0
21534 535673 11 0 0
21534 535680 11 0 0
21534 535684 12 0 0
21534 535686 12 0 0
21534 535704 17 0 0
21534 535712 18 0 0
21534 535714 19 0 0
21534 535719 19 0 0
21534 535721 20 0 0
21534 535723 21 0 0
21534 535729 21 0 0
21534 535735 22 0 0
21534 535737 22 0 0
21534 535749 23 0 0
21534 535751 24 0 0
21534 535753 24 0 0
21534 535756 24 0 0
21534 535758 24 0 0
21534 535762 24 0 0
21534 535764 25 0 0
21534 535767 26 0 0
21534 535771 26 0 0
21534 535775 27 0 0
21534 535778 28 0 0
21534 535782 28 0 0
21534 535785 28 0 0
21534 535789 29 0 0
21534 535795 31 0 0
21534 535797 32 0 0
21534 535801 32 0 0
21534 535807 33 0 0
21534 535809 33 0 0
21534 535814 34 0 0
21534 535816 33 0 0
21534 535822 35 0 0
21534 535829 37 0 0
21534 535835 37 0 0
21534 535837 38 0 0
21534 535843 39 0 0
21534 535847 40 0 0
21534 535855 41 0 0
21534 535857 41 0 0
21534 535864 42 0 0
21534 535866 42 0 0
21534 535875 45 0 0
21534 535877 232 0 0
21534 535879 46 0 0
21534 535881 46 0 0
21534 535895 48 0 0
21534 535917 54 0 0
21534 535923 56 0 0
21534 535930 59 0 0
21534 535932 59 0 0
21534 535946 63 0 0
21534 535960 65 0 0
21534 535962 65 0 0
21534 535966 71 0 0
21534 535971 67 0 0
21534 535975 69 0 0
21534 535977 69 0 0
21534 535987 72 0 0
21534 535992 73 0 0
21534 535994 73 0 0
21534 535996 73 0 0
21534 535998 74 0 0
21534 536001 75 0 0
21534 536003 75 0 0
21534 536005 75 0 0
21534 536007 75 0 0
21534 536013 76 0 0
21534 536024 79 0 0
21534 536026 79 0 0
21534 536031 80 0 0
21534 536033 81 0 0
21534 536037 82 0 0
21534 536041 83 0 0
21534 536054 551 0 0
21534 536062 88 0 0
21534 536065 88 0 0
21534 536078 90 0 0
21534 536089 93 0 0
21534 536097 94 0 0
21534 536105 95 0 0
21534 536107 96 0 0
21534 536113 98 0 0
21534 536115 98 0 0
21534 536119 98 0 0
21534 536121 99 0 0
21534 536123 99 0 0
21534 536128 100 0 0
21534 536136 103 0 0
21534 536142 105 0 0
21534 536154 109 0 0
21534 536157 109 0 0
21534 536164 110 0 0
21534 536172 111 0 0
21534 536178 111 0 0
21534 536180 112 0 0
21534 536184 112 0 0
21534 536195 117 0 0
21534 536197 117 0 0
21534 536212 120 0 0
21534 536214 120 0 0
21534 536216 121 0 0
21534 536223 121 0 0
21534 536226 122 0 0
21534 536228 122 0 0
21534 536239 125 0 0
21534 536247 127 0 0
21534 536249 127 0 0
21534 536251 129 0 0
21534 536257 129 0 0
21534 536261 130 0 0
21534 536271 132 0 0
21534 536280 134 0 0
21534 536288 136 0 0
21534 536296 137 0 0
21534 536304 140 0 0
21534 536308 141 0 0
21534 536310 141 0 0
21534 536314 142 0 0
21534 536319 143 0 0
21534 536326 146 0 0
21534 536332 146 0 0
21534 536350 150 0 0
21534 536352 151 0 0
21534 536358 151 0 0
21534 536360 151 0 0
21534 536368 155 0 0
21534 536378 156 0 0
21534 536387 157 0 0
21534 536391 158 0 0
21534 536393 271 0 0
21534 536395 158 0 0
21534 536403 159 0 0
21534 536416 161 0 0
21534 536418 161 0 0
21534 536430 164 0 0
21534 536432 164 0 0
21534 536434 165 0 0
21534 536436 165 0 0
21534 536438 165 0 0
21534 536441 165 0 0
21534 536443 166 0 0
21534 536461 168 0 0
21534 536469 169 0 0
21534 536474 169 0 0
21534 536478 169 0 0
21534 536480 170 0 0
21534 536485 170 0 0
21534 536487 171 0 0
21534 536489 171 0 0
21534 536509 174 0 0
21534 536511 174 0 0
21534 536513 174 0 0
21534 536515 174 0 0
21534 536517 174 0 0
21534 536519 174 0 0
21534 536524 174 0 0
21534 536526 175 0 0
21534 536528 175 0 0
21534 536530 175 0 0
21534 536532 175 0 0
21534 536538 176 0 0
21534 536547 176 0 0
21534 536549 176 0 0
21534 536554 177 0 0
21534 536558 178 0 0
21534 536562 180 0 0
21534 536566 180 0 0
21534 536577 182 0 0
21534 536589 185 0 0
21534 536591 185 0 0
21534 536594 186 0 0
21534 536601 187 0 0
21534 536605 188 0 0
21534 536609 189 0 0
21534 536621 192 0 0
21534 536623 192 0 0
21534 536631 193 0 0
21534 536638 195 0 0
21534 536640 195 0 0
21534 536643 195 0 0
21534 536645 195 0 0
21534 536651 196 0 0
21534 536655 197 0 0
21534 536663 198 0 0
21534 536667 198 0 0
21534 536671 199 0 0
21534 536678 200 0 0
21534 536690 202 0 0
21534 536694 203 0 0
21534 536698 203 0 0
21534 536702 204 0 0
21534 536704 204 0 0
21534 536716 208 0 0
21534 536720 208 0 0
21534 536722 208 0 0
21534 536730 209 0 0
21534 536732 210 0 0
21534 536734 210 0 0
21534 536750 213 0 0
21534 536754 214 0 0
21534 536764 215 0 0
21534 536766 215 0 0
21534 536768 216 0 0
21534 536771 217 0 0
21534 536775 217 0 0
21534 536777 218 0 0
21534 536779 219 0 0
21534 536800 222 0 0
21534 536803 222 0 0
21534 536805 223 0 0
21534 536812 224 0 0
21534 536814 224 0 0
21534 536823 226 0 0
21534 536825 227 0 0
21534 536827 227 0 0
21534 536831 228 0 0
21534 536836 228 0 0
21534 536838 228 0 0
21534 536846 230 0 0
21534 536850 232 0 0
21534 536856 232 0 0
21534 536858 232 0 0
21534 536866 233 0 0
21534 536868 340 0 0
21534 536870 234 0 0
21534 536874 234 0 0
21534 536878 235 0 0
21534 536883 236 0 0
21534 536892 239 0 0
21534 536900 240 0 0
21534 536910 243 0 0
21534 536913 243 0 0
21534 536915 243 0 0
21534 536921 244 0 0
21534 536923 244 0 0
21534 536925 245 0 0
21534 536927 245 0 0
21534 536929 245 0 0
21534 536931 246 0 0
21534 536937 248 0 0
21534 536941 250 0 0
21534 536945 251 0 0
21534 536949 252 0 0
21534 536953 252 0 0
21534 536965 254 0 0
21534 536968 255 0 0
21534 536970 255 0 0
21534 536976 256 0 0
21534 536980 290 0 0
21534 536987 257 0 0
21534 536989 257 0 0
21534 536993 258 0 0
21534 536997 258 0 0
21534 536999 259 0 0
21534 537005 259 0 0
21534 537007 259 0 0
21534 537016 261 0 0
21534 537021 263 0 0
21534 537039 265 0 0
21534 537041 266 0 0
21534 537045 267 0 0
21534 537060 270 0 0
21534 537070 271 0 0
21534 537072 271 0 0
21534 537079 272 0 0
21534 537089 273 0 0
21534 537099 275 0 0
21534 537101 275 0 0
21534 537105 275 0 0
21534 537113 276 0 0
21534 537117 276 0 0
21534 537119 277 0 0
21534 537125 277 0 0
21534 537127 277 0 0
21534 537133 278 0 0
21534 537147 280 0 0
21534 537149 280 0 0
21534 537159 281 0 0
21534 537167 283 0 0
21534 537169 284 0 0
21534 537171 284 0 0
21534 537183 288 0 0
21534 537186 289 0 0
21534 537188 289 0 0
21534 537200 292 0 0
21534 537202 293 0 0
21534 537219 297 0 0
21534 537227 297 0 0
21534 537234 300 0 0
21534 537241 302 0 0
21534 537245 303 0 0
21534 537254 307 0 0
21534 537263 309 0 0
21534 537267 309 0 0
21534 537269 310 0 0
21534 537271 310 0 0
21534 537273 310 0 0
21534 537278 313 0 0
21534 537284 315 0 0
21534 537291 318 0 0
21534 537293 318 0 0
21534 537295 318 0 0
21534 537297 318 0 0
21534 537315 321 0 0
21534 537331 322 0 0
21534 537334 323 0 0
21534 537336 323 0 0
21534 537343 325 0 0
21534 537345 325 0 0
21534 537347 325 0 0
21534 537351 326 0 0
21534 537353 327 0 0
21534 537355 327 0 0
21534 537361 330 0 0
21534 537365 330 0 0
21534 537367 330 0 0
21534 537369 332 0 0
21534 537371 332 0 0
21534 537375 333 0 0
21534 537378 333 0 0
21534 537383 334 0 0
21534 537385 1377 0 0
21534 537388 337 0 0
21534 537390 338 0 0
21534 537394 338 0 0
21534 537398 339 0 0
21534 537403 339 0 0
21534 537405 339 0 0
21534 537412 342 0 0
21534 537422 344 0 0
21534 537426 344 0 0
21534 537430 345 0 0
21534 537432 345 0 0
21534 537434 345 0 0
21534 537436 346 0 0
21534 537438 348 0 0
21534 537447 349 0 0
21534 537456 351 0 0
21534 537461 353 0 0
21534 537463 354 0 0
21534 537471 355 0 0
21534 537477 355 0 0
21534 537501 359 0 0
21534 537506 359 0 0
21534 537508 360 0 0
21534 537512 360 0 0
21534 537521 365 0 0
21534 537523 365 0 0
21534 537526 366 0 0
21534 537529 366 0 0
21534 537541 367 0 0
21534 537545 368 0 0
21534 537553 370 0 0
21534 537555 371 0 0
21534 537557 371 0 0
21534 537569 372 0 0
21534 537577 375 0 0
21534 537582 376 0 0
21534 537586 377 0 0
21534 537588 377 0 0
21534 537590 377 0 0
21534 537596 378 0 0
21534 537606 381 0 0
21534 537614 382 0 0
21534 537620 384 0 0
21534 537629 387 0 0
21534 537644 391 0 0
21534 537646 392 0 0
21534 537654 395 0 0
21534 537656 395 0 0
21534 537660 397 0 0
21534 537667 398 0 0
21534 537669 398 0 0
21534 537673 399 0 0
21534 537677 399 0 0
21534 537684 400 0 0
21534 537695 403 0 0
21534 537708 407 0 0
21534 537729 412 0 0
21534 537736 415 0 0
21534 537738 415 0 0
21534 537743 416 0 0
21534 537748 418 0 0
21534 537759 420 0 0
21534 537767 421 0 0
21534 537773 422 0 0
21534 537776 423 0 0
21534 537780 423 0 0
21534 537782 423 0 0
21534 537784 424 0 0
21534 537804 428 0 0
21534 537806 429 0 0
21534 537814 430 0 0
21534 537822 433 0 0
21534 537828 434 0 0
21534 537835 435 0 0
21534 537838 435 0 0
21534 537858 440 0 0
21534 537865 442 0 0
21534 537867 442 0 0
21534 537869 442 0 0
21534 537871 443 0 0
21534 537875 443 0 0
21534 537882 446 0 0
21534 537890 448 0 0
21534 537897 450 0 0
21534 537899 450 0 0
21534 537901 451 0 0
21534 537903 453 0 0
21534 537909 453 0 0
21534 537911 454 0 0
21534 537913 454 0 0
21534 537917 454 0 0
21534 537921 455 0 0
21534 537934 457 0 0
21534 537944 459 0 0
21534 537952 461 0 0
21534 537956 462 0 0
21534 537958 462 0 0
21534 537972 467 0 0
21534 537995 473 0 0
21534 537999 473 0 0
21534 538003 475 0 0
21534 538008 476 0 0
21534 538016 478 0 0
21534 538020 479 0 0
21534 538025 480 0 0
21534 538038 481 0 0
21534 538040 482 0 0
21534 538042 482 0 0
21534 538055 484 0 0
21534 538059 485 0 0
21534 538080 495 0 0
21534 538094 498 0 0
21534 538105 500 0 0
21534 538128 506 0 0
21534 538130 506 0 0
21534 538134 507 0 0
21534 538136 507 0 0
21534 538140 507 0 0
21534 538144 509 0 0
21534 538146 510 0 0
21534 538150 511 0 0
21534 538154 512 0 0
21534 538156 512 0 0
21534 538161 513 0 0
21534 538172 516 0 0
21534 538179 518 0 0
21534 538185 519 0 0
21534 538190 521 0 0
21534 538194 522 0 0
21534 538196 523 0 0
21534 538205 525 0 0
21534 538217 529 0 0
21534 538222 529 0 0
21534 538227 529 0 0
21534 538239 533 0 0
21534 538241 534 0 0
21534 538249 534 0 0
21534 538255 536 0 0
21534 538258 536 0 0
21534 538262 537 0 0
21534 538266 539 0 0
21534 538276 544 0 0
21534 538280 544 0 0
21534 538283 545 0 0
21534 538285 545 0 0
21534 538287 546 0 0
21534 538289 546 0 0
21534 538291 546 0 0
21534 538301 553 0 0
21534 538305 553 0 0
21534 538310 554 0 0
21534 538312 554 0 0
21534 538318 555 0 0
21534 538321 573 0 0
21534 538325 556 0 0
21534 538342 562 0 0
21534 538344 562 0 0
21534 538357 565 0 0
21534 538359 566 0 0
21534 538361 566 0 0
21534 538366 571 0 0
21534 538368 571 0 0
21534 538372 571 0 0
21534 538382 574 0 0
21534 538387 577 0 0
21534 538402 583 0 0
21534 538407 585 0 0
21534 538409 585 0 0
21534 538430 590 0 0
21534 538432 590 0 0
21534 538454 595 0 0
21534 538461 595 0 0
21534 538469 597 0 0
21534 538471 598 0 0
21534 538484 602 0 0
21534 538486 605 0 0
21534 538499 608 0 0
21534 538508 610 0 0
21534 538518 623 0 0
21534 538520 613 0 0
21534 538524 614 0 0
21534 538551 626 0 0
21534 538555 627 0 0
21534 538561 629 0 0
21534 538564 630 0 0
21534 538572 633 0 0
21534 538576 634 0 0
21534 538580 636 0 0
21534 538584 638 0 0
21534 538586 638 0 0
21534 538593 640 0 0
21534 538597 640 0 0
21534 538627 644 0 0
21534 538633 646 0 0
21534 538638 791 0 0
21534 538640 651 0 0
21534 538644 652 0 0
21534 538651 652 0 0
21534 538654 653 0 0
21534 538656 653 0 0
21534 538669 658 0 0
21534 538676 660 0 0
21534 538682 661 0 0
21534 538690 662 0 0
21534 538693 663 0 0
21534 538697 664 0 0
21534 538705 665 0 0
21534 538717 669 0 0
21534 538720 670 0 0
21534 538722 671 0 0
21534 538734 674 0 0
21534 538753 679 0 0
21534 538759 681 0 0
21534 538761 681 0 0
21534 538787 687 0 0
21534 538790 689 0 0
21534 538800 692 0 0
21534 538807 693 0 0
21534 538811 694 0 0
21534 538830 698 0 0
21534 538832 699 0 0
21534 538836 700 0 0
21534 538840 700 0 0
21534 538842 701 0 0
21534 538848 703 0 0
21534 538855 706 0 0
21534 538857 706 0 0
21534 538859 706 0 0
21534 538862 708 0 0
21534 538866 710 0 0
21534 538869 712 0 0
21534 538877 713 0 0
21534 538879 714 0 0
21534 538898 720 0 0
21534 538900 721 0 0
21534 538902 721 0 0
21534 538906 722 0 0
21534 538910 722 0 0
21534 538931 724 0 0
21534 538941 728 0 0
21534 538955 734 0 0
21534 538957 736 0 0
21534 538959 736 0 0
21534 538961 736 0 0
21534 538964 738 0 0
21534 538981 743 0 0
21534 538999 750 0 0
21534 539001 751 0 0
21534 539003 751 0 0
21534 539005 751 0 0
21534 539007 751 0 0
21534 539011 753 0 0
21534 539017 753 0 0
21534 539021 755 0 0
21534 539029 757 0 0
21534 539036 758 0 0
21534 539045 1625 0 0
21534 539050 761 0 0
21534 539061 767 0 0
21534 539071 768 0 0
21534 539103 773 0 0
21534 539111 776 0 0
21534 539123 782 0 0
21534 539132 783 0 0
21534 539138 787 0 0
21534 539142 788 0 0
21534 539155 790 0 0
21534 539158 791 0 0
21534 539166 792 0 0
21534 539170 792 0 0
21534 539172 793 0 0
21534 539174 793 0 0
21534 539177 794 0 0
21534 539179 794 0 0
21534 539186 797 0 0
21534 539190 797 0 0
21534 539192 798 0 0
21534 539206 803 0 0
21534 539222 805 0 0
21534 539225 846 0 0
21534 539227 807 0 0
21534 539231 808 0 0
21534 539238 808 0 0
21534 539241 809 0 0
21534 539265 814 0 0
21534 539269 815 0 0
21534 539271 816 0 0
21534 539277 817 0 0
21534 539281 818 0 0
21534 539285 818 0 0
21534 539292 820 0 0
21534 539298 823 0 0
21534 539302 824 0 0
21534 539311 826 0 0
21534 539324 829 0 0
21534 539329 830 0 0
21534 539353 837 0 0
21534 539363 840 0 0
21534 539377 846 0 0
21534 539381 847 0 0
21534 539383 848 0 0
21534 539406 853 0 0
21534 539412 855 0 0
21534 539418 858 0 0
21534 539432 860 0 0
21534 539440 863 0 0
21534 539446 865 0 0
21534 539460 868 0 0
21534 539462 869 0 0
21534 539464 869 0 0
21534 539483 875 0 0
21534 539492 878 0 0
21534 539503 882 0 0
21534 539505 882 0 0
21534 539521 887 0 0
21534 539524 888 0 0
21534 539526 888 0 0
21534 539534 891 0 0
21534 539536 891 0 0
21534 539540 892 0 0
21534 539555 895 0 0
21534 539559 895 0 0
21534 539562 895 0 0
21534 539564 896 0 0
21534 539567 896 0 0
21534 539571 897 0 0
21534 539573 897 0 0
21534 539581 899 0 0
21534 539586 900 0 0
21534 539604 907 0 0
21534 539607 907 0 0
21534 539615 909 0 0
21534 539622 911 0 0
21534 539628 912 0 0
21534 539632 912 0 0
21534 539639 915 0 0
21534 539644 916 0 0
21534 539652 919 0 0
21534 539657 922 0 0
21534 539661 923 0 0
21534 539676 926 0 0
21534 539678 926 0 0
21534 539690 929 0 0
21534 539692 929 0 0
21534 539694 930 0 0
21534 539704 932 0 0
21534 539711 933 0 0
21534 539715 933 0 0
21534 539739 940 0 0
21534 539741 941 0 0
21534 539745 942 0 0
21534 539776 949 0 0
21534 539781 950 0 0
21534 539794 952 0 0
21534 539796 952 0 0
21534 539800 954 0 0
21534 539828 959 0 0
21534 539832 960 0 0
21534 539838 963 0 0
21534 539842 965 0 0
21534 539846 966 0 0
21534 539849 967 0 0
21534 539853 967 0 0
21534 539861 971 0 0
21534 539867 972 0 0
21534 539872 974 0 0
21534 539879 976 0 0
21534 539884 977 0 0
21534 539912 983 0 0
21534 539919 984 0 0
21534 539928 986 0 0
21534 539930 988 0 0
21534 539940 1510 0 0
21534 539947 990 0 0
21534 539950 992 0 0
21534 539958 994 0 0
21534 539969 997 0 0
21534 539971 997 0 0
21534 539983 999 0 0
21534 539989 999 0 0
21534 540006 1004 0 0
21534 540011 1005 0 0
21534 540013 1005 0 0
21534 540016 1006 0 0
21534 540019 1006 0 0
21534 540024 1009 0 0
21534 540028 1011 0 0
21534 540030 1011 0 0
21534 540036 1013 0 0
21534 540041 1014 0 0
21534 540043 1015 0 0
21534 540049 1017 0 0
21534 540052 1018 0 0
21534 540054 1018 0 0
21534 540056 1019 0 0
21534 540065 1020 0 0
21534 540067 1020 0 0
21534 540069 1021 0 0
21534 540071 1021 0 0
21534 540092 1026 0 0
21534 540094 1027 0 0
21534 540100 1027 0 0
21534 540104 1029 0 0
21534 540106 1029 0 0
21534 540127 1034 0 0
21534 540137 1036 0 0
21534 540158 1046 0 0
21534 540160 1047 0 0
21534 540170 1051 0 0
21534 540176 1053 0 0
21534 540190 1059 0 0
21534 540192 1059 0 0
21534 540202 1061 0 0
21534 540204 1061 0 0
21534 540206 1062 0 0
21534 540210 1063 0 0
21534 540216 1064 0 0
21534 540221 1065 0 0
21534 540236 1067 0 0
21534 540238 1068 0 0
21534 540242 1068 0 0
21534 540250 1070 0 0
21534 540253 1071 0 0
21534 540261 1073 0 0
21534 540263 1074 0 0
21534 540271 1075 0 0
21534 540284 1079 0 0
21534 540293 1081 0 0
21534 540295 1081 0 0
21534 540299 1082 0 0
21534 540306 1083 0 0
21534 540308 1084 0 0
21534 540310 1085 0 0
21534 540332 1091 0 0
21534 540336 1091 0 0
21534 540341 1092 0 0
21534 540347 1093 0 0
21534 540349 1093 0 0
21534 540361 1097 0 0
21534 540363 1097 0 0
21534 540365 1097 0 0
21534 540377 1100 0 0
21534 540383 1100 0 0
21534 540387 1100 0 0
21534 540390 1101 0 0
21534 540394 1103 0 0
21534 540396 1104 0 0
21534 540398 1104 0 0
21534 540404 1107 0 0
21534 540408 2358 0 0
21534 540412 1108 0 0
21534 540417 1111 0 0
21534 540427 1113 0 0
21534 540434 1114 0 0
21534 540438 1114 0 0
21534 540440 1115 0 0
21534 540444 1115 0 0
21534 540448 1116 0 0
21534 540450 1116 0 0
21534 540452 1116 0 0
21534 540454 1116 0 0
21534 540461 1117 0 0
21534 540463 1118 0 0
21534 540469 1119 0 0
21534 540475 1121 0 0
21534 540477 1121 0 0
21534 540479 1122 0 0
21534 540483 1123 0 0
21534 540487 1124 0 0
21534 540500 1126 0 0
21534 540516 1132 0 0
21534 540521 1133 0 0
21534 540531 1135 0 0
21534 540542 1139 0 0
21534 540544 1169 0 0
21534 540548 1140 0 0
21534 540550 1140 0 0
21534 540552 1141 0 0
21534 540556 1142 0 0
21534 540573 1146 0 0
21534 540598 1155 0 0
21534 540600 1155 0 0
21534 540602 1156 0 0
21534 540604 1156 0 0
21534 540612 1157 0 0
21534 540657 1175 0 0
21534 540659 1178 0 0
21534 540668 1183 0 0
21534 540671 1183 0 0
21534 540733 1190 0 0
21534 540792 77 0 0
21534 540814 1210 0 0
21534 540822 1211 0 0
21534 540844 1213 0 0
21534 540874 1217 0 0
21534 540882 1220 0 0
21534 540888 1221 0 0
21534 540898 94 0 0
21534 540915 1229 0 0
21534 540929 1233 0 0
21534 540935 1235 0 0
21534 540937 1237 0 0
21534 540965 1247 0 0
21534 540989 1257 0 0
21534 540996 1260 0 0
21534 541004 1263 0 0
21534 541006 1263 0 0
21534 541043 1278 0 0
21534 541105 1298 0 0
21534 541116 1503 0 0
21534 541118 1301 0 0
21534 541123 1302 0 0
21534 541135 178 0 0
21534 541169 1317 0 0
21534 541192 1324 0 0
21534 541206 1331 0 0
21534 541226 1336 0 0
21534 541236 1342 0 0
21534 541246 1345 0 0
21534 541249 1346 0 0
21534 541278 231 0 0
21534 541284 1361 0 0
21534 541291 1365 0 0
21534 541302 1368 0 0
21534 541314 1371 0 0
21534 541341 1378 0 0
21534 541409 1393 0 0
21534 541427 1399 0 0
21534 541429 1400 0 0
21534 541433 1402 0 0
21534 541456 1411 0 0
21534 541468 1413 0 0
21534 541515 1427 0 0
21534 541521 1429 0 0
21534 541541 1434 0 0
21534 541580 1444 0 0
21534 541595 1448 0 0
21534 541601 1449 0 0
21534 541608 1452 0 0
21534 541622 1457 0 0
21534 541624 1457 0 0
21534 541644 1808 0 0
21534 541654 1472 0 0
21534 541668 1481 0 0
21534 541691 1488 0 0
21534 541783 1518 0 0
21534 541803 1522 0 0
21534 541827 1529 0 0
21534 541843 1536 0 0
21534 541868 1543 0 0
21534 541892 1554 0 0
21534 541897 1554 0 0
21534 541903 1556 0 0
21534 541948 1560 0 0
21534 541953 1562 0 0
21534 541958 1565 0 0
21534 541972 1571 0 0
21534 541986 1574 0 0
21534 542007 449 0 0
21534 542027 1587 0 0
21534 542037 1588 0 0
21534 542049 1591 0 0
21534 542116 1608 0 0
21534 542122 1610 0 0
21534 542134 1614 0 0
21534 542168 495 0 0
21534 542174 1625 0 0
21534 542187 1629 0 0
21534 542221 1640 0 0
21534 542229 1642 0 0
21534 542240 1644 0 0
21534 542278 1656 0 0
21534 542284 1659 0 0
21534 542294 1663 0 0
21534 542315 1673 0 0
21534 542324 1677 0 0
21534 542330 1678 0 0
21534 542332 1678 0 0
21534 542339 1679 0 0
21534 542350 552 0 0
21534 542352 1681 0 0
21534 542359 1684 0 0
21534 542370 1688 0 0
21534 542395 1695 0 0
21534 542436 1705 0 0
21534 542555 1742 0 0
21534 542578 1748 0 0
21534 542587 1754 0 0
21534 542590 1755 0 0
21534 542600 1759 0 0
21534 542602 631 0 0
21534 542702 1788 0 0
21534 542718 1794 0 0
21534 542737 1801 0 0
21534 542748 1804 0 0
21534 542755 1805 0 0
21534 542784 1814 0 0
21534 542812 1826 0 0
21534 542843 1833 0 0
21534 542897 95 0 0
21534 542917 1863 0 0
21534 542936 1868 0 0
21534 542946 1870 0 0
21534 542974 1877 0 0
21534 542983 1880 0 0
21534 542985 117 0 0
21534 543052 1905 0 0
21534 543098 1921 0 0
21534 543100 1921 0 0
21534 543144 1937 0 0
21534 543150 1938 0 0
21534 543152 1939 0 0
21534 543167 1946 0 0
21534 543178 1949 0 0
21534 543189 1954 0 0
21534 543222 1966 0 0
21534 543288 865 0 0
21534 543325 2008 0 0
21534 543328 2009 0 0
21534 543337 2013 0 0
21534 543403 2041 0 0
21534 543411 2042 0 0
21534 543426 2046 0 0
21534 543429 2047 0 0
21534 543435 924 0 0
21534 543438 2055 0 0
21534 543442 2057 0 0
21534 543455 2059 0 0
21534 543457 2059 0 0
21534 543493 2075 0 0
21534 543500 2079 0 0
21534 543509 2082 0 0
21534 543566 2103 0 0
21534 543581 2109 0 0
21534 543583 2109 0 0
21534 543592 2113 0 0
21534 543647 2127 0 0
21534 543682 2144 0 0
21534 543684 2144 0 0
21534 543715 2154 0 0
21534 543743 2161 0 0
21534 543747 2165 0 0
21534 543793 2183 0 0
21534 543795 2183 0 0
21534 543819 2192 0 0
21534 543821 2193 0 0
21534 543832 2197 0 0
21534 543846 2201 0 0
21534 543849 2202 0 0
21534 543935 2240 0 0
21534 543961 2247 0 0
21534 543966 2249 0 0
21534 543969 2250 0 0
21534 543986 495 0 0
21534 544020 1144 0 0
21534 544025 2274 0 0
21534 544029 2276 0 0
21534 544058 2288 0 0
21534 544066 2291 0 0
21534 544172 2338 0 0
21534 544174 2339 0 0
21534 544219 2356 0 0
21534 544229 2361 0 0
21534 544336 2398 0 0
21534 544338 2398 0 0
21534 544353 2403 0 0
21534 544412 2427 0 0
21534 544435 2433 0 0
21534 544453 2442 0 0
21534 544478 2453 0 0
21534 544483 2457 0 0
21534 544547 2484 0 0
21534 544653 2538 0 0
21534 544669 2544 0 0
21534 544707 2555 0 0
21534 544711 2555 0 0
21534 544720 2558 0 0
21534 544748 2568 0 0
21534 544784 2581 0 0
21534 544809 4342 0 0
21534 544822 2599 0 0
21534 544840 2607 0 0
21534 544842 844 0 0
21534 544951 2653 0 0
21534 544954 2654 0 0
21534 545014 2679 0 0
21534 545050 2696 0 0
21534 545062 2704 0 0
21534 545064 2705 0 0
21534 545081 2716 0 0
21534 545143 2740 0 0
21534 545160 2748 0 0
21534 545176 2753 0 0
21534 545348 2827 0 0
21534 545361 2836 0 0
21534 545390 2850 0 0
21534 545392 1721 0 0
21534 545427 2865 0 0
21534 545455 2873 0 0
21534 545465 2877 0 0
21534 545503 2891 0 0
21534 545513 2893 0 0
21534 545558 2905 0 0
21534 545572 2910 0 0
21534 545574 2911 0 0
21534 545612 2924 0 0
21534 545621 2930 0 0
21534 545673 2948 0 0
21534 545706 2960 0 0
21534 545713 2964 0 0
21534 545728 2969 0 0
21534 545749 2975 0 0
21534 545774 2984 0 0
21534 545844 3005 0 0
21534 545889 3025 0 0
21534 545927 3041 0 0
21534 546093 3115 0 0
21534 546102 3117 0 0
21534 546135 3130 0 0
21534 546213 3164 0 0
21534 546234 3170 0 0
21534 546253 3178 0 0
21534 546274 3184 0 0
21534 546286 3190 0 0
21534 546323 3205 0 0
21534 546328 3206 0 0
21534 546344 3213 0 0
21534 546366 3223 0 0
21534 546378 3231 0 0
21534 546435 1489 0 0
21534 546526 3294 0 0
21534 546531 3298 0 0
21534 546566 3314 0 0
21534 546691 3363 0 0
21534 546729 3379 0 0
21534 546749 3387 0 0
21534 546803 3409 0 0
21534 546865 3437 0 0
21534 546877 3440 0 0
21534 546893 3448 0 0
21534 546917 3455 0 0
21534 546929 3460 0 0
21534 546970 3479 0 0
21534 546972 3479 0 0
21534 546978 3483 0 0
21534 546988 3489 0 0
21534 547029 3508 0 0
21534 547040 3513 0 0
21534 547046 3515 0 0
21534 547064 3523 0 0
21534 547069 3525 0 0
21534 547097 3533 0 0
21534 547106 3538 0 0
21534 547109 3539 0 0
21534 547159 3558 0 0
21534 547194 3578 0 0
21534 547249 3602 0 0
21534 547261 3610 0 0
21534 547276 3617 0 0
21534 547302 3625 0 0
21534 547368 3661 0 0
21534 547420 3684 0 0
21534 547439 3694 0 0
21534 547489 2592 0 0
21534 547525 3737 0 0
21534 547578 3761 0 0
21534 547585 3764 0 0
21534 547738 3829 0 0
21534 547748 3834 0 0
21534 547767 3842 0 0
21534 547824 3857 0 0
21534 547828 3857 0 0
21534 547848 3867 0 0
21534 548078 3967 0 0
21534 548101 3975 0 0
21534 548250 4045 0 0
21534 548352 4078 0 0
21534 548383 4091 0 0
21534 548494 4121 0 0
21534 548501 4122 0 0
21534 548542 4132 0 0
21534 548553 4135 0 0
21534 548631 4158 0 0
21534 548654 3037 0 0
21534 548759 4202 0 0
21534 548774 4202 0 0
21534 548780 4205 0 0
21534 548791 4207 0 0
21534 548847 4220 0 0
21534 548863 4228 0 0
21534 548947 4268 0 0
21534 549037 4295 0 0
21534 549120 4316 0 0
21534 549172 4324 0 0
21534 549177 4326 0 0
21534 549202 4336 0 0
21534 549205 4337 0 0
21534 549213 4339 0 0
21534 549304 4367 0 0
21534 549340 4381 0 0
21534 549411 4404 0 0
21534 549507 4440 0 0
21534 549534 4449 0 0
21534 549558 4459 0 0
21534 549574 4463 0 0
21534 549605 4474 0 0
21534 549645 4489 0 0
21534 549668 4495 0 0
21534 549728 4512 0 0
21534 549806 4537 0 0
21534 549819 4542 0 0
21534 549834 4545 0 0
21534 549860 4560 0 0
21534 550067 4634 0 0
21534 550115 4650 0 0
21534 550132 4658 0 0
21534 550162 4673 0 0
21534 550291 4724 0 0
21534 550302 4729 0 0
21534 550329 4738 0 0
21534 550334 4742 0 0
21534 550339 3616 0 0
21534 550420 4779 0 0
21534 550474 4798 0 0
21534 550537 4819 0 0
21534 550547 4824 0 0
21534 550726 4895 0 0
21534 550772 4909 0 0
21534 550889 4942 0 0
21534 550929 4960 0 0
21534 550939 4964 0 0
21534 551159 5047 0 0
21534 551186 5059 0 0
21534 551188 5060 0 0
21534 551325 5125 0 0
21534 551333 5133 0 0
21534 551352 5138 0 0
21534 551397 5157 0 0
21534 551399 5157 0 0
21534 551425 5167 0 0
21534 551433 5171 0 0
21534 551452 5181 0 0
21534 551529 5222 0 0
21534 551535 5225 0 0
21534 551628 5255 0 0
21534 551663 5266 0 0
21534 551694 5285 0 0
21534 551704 5291 0 0
21534 551728 5302 0 0
21534 551749 5308 0 0
21534 551801 5328 0 0
21534 551856 5352 0 0
21534 551920 5370 0 0
21534 552059 5424 0 0
21534 552100 5436 0 0
21534 552192 5476 0 0
21534 552312 5508 0 0
21534 552337 5518 0 0
21534 552343 5520 0 0
21534 552428 5550 0 0
22094 49053 0 869 0
22183 192633 132 0 0
22284 530898 0 4324 0
111366 340995 55 0 0
22799 23033 301 0 0
22799 25050 1380 0 0
22799 51370 1166 0 0
22799 53775 861 0 0
22799 163009 763 0 0
22799 260209 76 0 0
22799 319660 232 0 0
22799 338727 405 0 0
22799 392865 1194 0 0
22799 445635 126 0 0
22799 528707 1365 0 0
22799 528973 87 0 0
22799 530656 63 0 0
22799 535753 416 0 0
22799 536478 667 0 0
22799 536781 185 0 0
22799 537127 138 0 0
22799 537828 306 0 0
22799 543715 543 0 0
22799 544238 525 0 0
22799 544720 561 0 0
22799 545615 613 0 0
22799 547578 77 0 0
22799 547767 296 0 0
22799 547848 507 0 0
22799 548248 16 0 0
22799 548269 24 0 0
22799 548272 24 0 0
22799 548275 26 0 0
22799 548279 27 0 0
22799 548285 28 0 0
22799 548296 31 0 0
22799 548300 33 0 0
22799 548302 33 0 0
22799 548317 40 0 0
22799 548324 42 0 0
22799 548329 42 0 0
22799 548364 53 0 0
22799 548368 55 0 0
22799 548376 105 0 0
22799 548381 61 0 0
22799 548386 62 0 0
22799 548426 72 0 0
22799 548449 79 0 0
22799 548454 80 0 0
22799 548456 80 0 0
22799 548470 84 0 0
22799 548473 85 0 0
22799 548475 85 0 0
22799 548486 88 0 0
22799 548490 90 0 0
22799 548498 92 0 0
22799 548503 93 0 0
22799 548519 97 0 0
22799 548523 98 0 0
22799 548538 102 0 0
22799 548544 103 0 0
22799 548546 103 0 0
22799 548553 145 0 0
22799 548557 107 0 0
22799 548563 109 0 0
22799 548577 112 0 0
22799 548590 116 0 0
22799 548638 132 0 0
22799 548645 134 0 0
22799 548649 135 0 0
22799 548651 136 0 0
22799 548657 138 0 0
22799 548682 145 0 0
22799 548699 150 0 0
22799 548703 152 0 0
22799 548734 159 0 0
22799 548761 169 0 0
22799 548763 170 0 0
22799 548784 177 0 0
22799 548802 181 0 0
22799 548840 188 0 0
22799 548842 188 0 0
22799 548880 203 0 0
22799 548895 209 0 0
22799 548900 210 0 0
22799 548916 219 0 0
22799 548927 227 0 0
22799 548945 238 0 0
22799 548953 241 0 0
22799 548965 246 0 0
22799 548967 247 0 0
22799 549007 263 0 0
22799 549078 280 0 0
22799 549093 282 0 0
22799 549097 283 0 0
22799 549099 283 0 0
22799 549103 284 0 0
22799 549113 287 0 0
22799 549147 291 0 0
22799 549170 294 0 0
22799 549177 298 0 0
22799 549189 299 0 0
22799 549196 303 0 0
22799 549207 309 0 0
22799 549209 309 0 0
22799 549211 310 0 0
22799 549222 312 0 0
22799 549224 313 0 0
22799 549231 315 0 0
22799 549235 316 0 0
22799 549246 320 0 0
22799 549263 327 0 0
22799 549290 333 0 0
22799 549299 336 0 0
22799 549306 341 0 0
22799 549314 342 0 0
22799 549321 344 0 0
22799 549331 350 0 0
22799 549333 351 0 0
22799 549342 352 0 0
22799 549344 352 0 0
22799 549347 353 0 0
22799 549367 359 0 0
22799 549371 359 0 0
22799 549377 360 0 0
22799 549397 367 0 0
22799 549405 371 0 0
22799 549416 380 0 0
22799 549429 383 0 0
22799 549437 384 0 0
22799 549444 386 0 0
22799 549459 393 0 0
22799 549479 399 0 0
22799 549481 399 0 0
22799 549500 406 0 0
22799 549503 409 0 0
22799 549520 417 0 0
22799 549522 417 0 0
22799 549543 422 0 0
22799 549549 425 0 0
22799 549564 431 0 0
22799 549576 435 0 0
22799 549579 437 0 0
22799 549581 437 0 0
22799 549638 457 0 0
22799 549640 458 0 0
22799 549649 460 0 0
22799 549655 460 0 0
22799 549672 467 0 0
22799 549674 468 0 0
22799 549678 470 0 0
22799 549698 474 0 0
22799 549732 483 0 0
22799 549747 488 0 0
22799 549766 492 0 0
22799 549874 535 0 0
22799 549883 538 0 0
22799 549885 540 0 0
22799 549889 540 0 0
22799 549891 540 0 0
22799 549895 541 0 0
22799 549924 552 0 0
22799 549931 554 0 0
22799 549937 555 0 0
22799 549949 560 0 0
22799 549953 561 0 0
22799 549957 562 0 0
22799 549990 576 0 0
22799 549994 577 0 0
22799 550011 582 0 0
22799 550057 601 0 0
22799 550059 601 0 0
22799 550067 613 0 0
22799 550094 616 0 0
22799 550117 622 0 0
22799 550132 654 0 0
22799 550134 629 0 0
22799 550164 639 0 0
22799 550197 662 0 0
22799 550223 669 0 0
22799 550275 687 0 0
22799 550279 687 0 0
22799 550285 692 0 0
22799 550324 708 0 0
22799 550337 715 0 0
22799 550347 721 0 0
22799 550377 732 0 0
22799 550410 747 0 0
22799 550440 761 0 0
22799 550457 765 0 0
22799 550461 765 0 0
22799 550468 767 0 0
22799 550470 769 0 0
22799 550486 774 0 0
22799 550520 784 0 0
22799 550529 788 0 0
22799 550549 796 0 0
22799 550580 807 0 0
22799 550584 807 0 0
22799 550589 809 0 0
22799 550591 809 0 0
22799 550593 810 0 0
22799 550600 813 0 0
22799 550611 821 0 0
22799 550647 838 0 0
22799 550665 847 0 0
22799 550671 852 0 0
22799 550681 853 0 0
22799 550695 858 0 0
22799 550738 869 0 0
22799 550740 869 0 0
22799 550744 870 0 0
22799 550766 878 0 0
22799 550768 879 0 0
22799 550803 889 0 0
22799 550825 892 0 0
22799 550853 898 0 0
22799 550860 903 0 0
22799 550867 907 0 0
22799 550872 909 0 0
22799 550874 910 0 0
22799 550934 933 0 0
22799 550952 939 0 0
22799 550983 950 0 0
22799 550996 957 0 0
22799 551014 970 0 0
22799 551016 970 0 0
22799 551033 976 0 0
22799 551041 978 0 0
22799 551083 991 0 0
22799 551151 1015 0 0
22799 551161 1019 0 0
22799 551170 1022 0 0
22799 551199 1037 0 0
22799 551205 1041 0 0
22799 551214 1044 0 0
22799 551242 1054 0 0
22799 551269 1070 0 0
22799 551273 1071 0 0
22799 551297 1083 0 0
22799 551318 1093 0 0
22799 551346 1108 0 0
22799 551354 1109 0 0
22799 551356 1110 0 0
22799 551371 1115 0 0
22799 551377 1118 0 0
22799 551381 1120 0 0
22799 551395 1127 0 0
22799 551399 1161 0 0
22799 551407 1130 0 0
22799 551455 1153 0 0
22799 551507 1182 0 0
22799 551572 1206 0 0
22799 551630 1227 0 0
22799 551657 1234 0 0
22799 551673 1243 0 0
22799 551675 1247 0 0
22799 551728 1281 0 0
22799 551734 1274 0 0
22799 551752 1281 0 0
22799 551759 1283 0 0
22799 551790 1296 0 0
22799 551812 1306 0 0
22799 551829 1313 0 0
22799 551842 1318 0 0
22799 551844 1318 0 0
22799 551917 1341 0 0
22799 551939 1349 0 0
22799 551959 1356 0 0
22799 551961 1357 0 0
22799 552073 1399 0 0
22799 552117 1410 0 0
22799 552128 1417 0 0
22799 552130 1418 0 0
22799 552132 1419 0 0
22799 552137 1421 0 0
22799 552151 1426 0 0
22799 552197 1449 0 0
22799 552277 1467 0 0
22799 552281 1468 0 0
22799 552301 1476 0 0
22799 552316 1481 0 0
22799 552324 1484 0 0
22799 552353 1492 0 0
22799 552364 1496 0 0
22799 552370 1497 0 0
22799 552394 1510 0 0
22799 552426 1520 0 0
22799 552432 1522 0 0
22799 552447 1530 0 0
22799 552457 1534 0 0
201137 498061 2651 0 0
23604 56087 0 48 0
112787 535096 0 1097 0
24031 515353 0 233 0
202252 515353 0 1865 0
202339 515353 0 3129 0
24514 24515 0 1489 0
24515 546164 38 0 0
24515 546666 240 0 0
24543 35253 2027 0 0
24543 50786 33 0 0
24543 543283 24 0 0
24543 544848 641 0 0
25405 515353 0 4258 0
25540 515353 0 2578 0
382770 535280 0 174 0
26651 515353 0 3143 0
26765 515353 0 2820 0
27893 538177 434 0 0
27893 547340 3404 0 0
206221 515353 0 6185 0
28239 531435 0 464 0
206584 494473 0 180 0
28841 543035 0 726 0
474097 547510 64 0 0
474097 551973 21 0 0
474097 552076 57 0 0
29023 55467 0 701 0
29023 471557 0 528 0
29547 531913 267 0 0
29663 450255 0 115 0
29781 231595 689 0 0
29865 33164 800 0 0
29865 535390 472 0 0
30031 549862 2901 0 0
30262 515353 0 1435 0
30375 538711 0 142 0
297738 551632 483 0 0
297738 552287 726 0 0
119682 515353 0 2355 0
476015 515353 0 630 0
298148 543035 0 129 0
31712 407601 0 177 0
31857 515353 0 334 0
388837 543703 25 0 0
32703 531516 0 667 0
33098 223706 0 2387 0
300359 551990 991 0 0
33334 546202 13 0 0
33464 162289 0 2472 0
300688 515353 0 5557 0
302529 507057 0 216 0
480704 529825 0 263 0
480704 534336 0 19 0
481269 487137 1976 0 0
481746 515353 0 1412 0
214912 515353 0 439 0
126026 515353 0 394 0
37098 206584 0 320 0
37100 255611 0 46 0
38076 533387 0 375 0
38203 306521 0 109 0
38307 546445 3468 0 0
38397 45997 1560 0 0
38397 72398 1357 0 0
38397 222688 2057 0 0
38397 545718 125 0 0
394759 515353 0 3844 0
216750 544024 0 340 0
305906 531435 0 2184 0
38846 325771 0 1022 0
306521 306736 51 0 0
306521 479200 134 0 0
128558 541086 46 0 0
40273 539402 0 184 0
40542 544649 0 28 0
130406 531435 0 328 0
41390 545556 1134 617 0
130687 515353 0 2485 0
398581 515353 0 452 0
42546 43370 0 1111 0
487753 531435 0 105 0
220801 221379 179 0 0
220801 222068 44 0 0
220801 224175 33 0 0
220801 224455 0 48 0
398928 500086 2746 0 0
398928 544818 94 0 0
398928 547676 1299 0 0
398928 547993 1430 0 0
398928 550096 2144 0 0
398928 551598 2741 0 0
42969 508198 0 2143 0
43197 255611 0 66 0
43370 62821 252 0 0
43370 269691 277 0 0
44937 550937 0 35 0
45072 544537 0 2053 0
312320 507057 471 0 0
223706 471100 2313 0 0
312849 530898 0 4579 0
134821 540023 0 1225 0
46869 481429 349 0 0
136095 517003 0 487 0
47165 530947 0 40 0
47167 515353 0 1916 0
47180 57235 624 0 0
47180 72398 184 0 0
47180 86475 911 0 0
47180 179906 350 0 0
47180 207133 626 0 0
47180 293560 1258 0 0
47180 548428 109 0 0
47180 548951 286 0 0
47180 549757 554 0 0
47180 551194 1061 0 0
47180 551217 1073 0 0
136771 551117 68 0 0
225867 537359 0 816 0
48008 515353 0 205 0
48902 515353 0 5487 0
316322 454887 0 1171 0
316723 515353 0 2960 0
49952 399019 119 0 0
495693 515353 0 2192 0
50689 398928 0 62 0
228902 511789 0 1623 0
407601 547961 150 0 0
407601 552163 1695 0 0
51567 531400 0 965 0
229961 399294 2130 0 0
52856 515353 0 3033 0
53196 175421 288 0 0
53196 208941 15 0 0
53196 221319 776 0 0
53196 546204 16 0 0
53196 546570 171 0 0
53196 546813 268 0 0
53196 547461 560 0 0
53196 547539 601 0 0
53196 547657 647 0 0
409414 410206 44 0 0
409414 410214 40 0 0
409414 410259 48 0 0
409414 410307 44 0 0
409414 533086 41 0 0
409414 533100 47 0 0
409414 533228 88 0 0
409414 533232 89 0 0
409414 533272 106 0 0
409414 533276 107 0 0
409414 533299 116 0 0
409414 533316 118 0 0
409414 533331 127 0 0
409414 546277 39 0 0
409414 546288 44 0 0
409414 546306 50 0 0
409414 546319 57 0 0
53441 515353 0 3217 0
499442 540786 438 0 0
499442 541064 517 0 0
55395 552305 66 0 0
55649 550336 0 52 0
500899 511395 0 95 0
233835 515353 0 153 0
55828 534336 0 110 0
55828 541398 0 64 0
323164 515353 0 2377 0
234146 529648 790 0 0
56104 57239 1741 0 0
56104 60400 528 0 0
56104 61270 302 0 0
56104 72214 43 0 0
56104 221082 20 0 0
56104 228650 90 0 0
56104 233829 96 0 0
56104 248658 1492 0 0
56104 273309 68 0 0
56104 309568 3068 0 0
56104 312012 571 0 0
56104 384557 23 0 0
56104 453193 39 0 0
56104 473850 906 0 0
56104 532585 8 0 0
56104 532759 72 0 0
56104 532777 75 0 0
56104 535330 904 0 0
56104 545254 549 0 0
56104 549369 15 0 0
56104 549413 34 0 0
56104 549586 94 0 0
56104 549670 122 0 0
56104 549877 193 0 0
56104 550004 236 0 0
56104 550517 439 0 0
56104 550756 528 0 0
56104 551177 681 0 0
56104 551492 881 0 0
56104 551565 860 0 0
56104 551709 922 0 0
56431 279115 0 113 0
56515 211463 830 0 0
57122 545086 0 37 0
57267 488963 674 0 0
57539 550915 541 0 0
58040 542493 483 0 0
58257 291305 0 5148 0
147354 224599 0 304 0
147370 224599 0 307 0
325771 507057 459 0 0
325771 532628 507 0 0
325771 533390 767 0 0
325771 534299 1063 0 0
325771 535347 1394 0 0
325771 537305 1827 0 0
414884 515353 0 2441 0
504038 533318 60 0 0
58953 540010 0 106 0
504666 534677 0 13 0
504666 534823 0 8 0
60106 515353 0 2766 0
61270 88040 0 843 0
507057 531257 30 363 0
507057 531260 31 0 0
507057 531432 0 387 0
507057 531491 109 0 0
507057 531548 130 0 0
507057 531614 160 0 0
507057 532040 327 0 0
507057 532452 478 0 0
507057 532605 0 387 0
507057 533155 708 0 0
507057 533570 845 0 0
507057 533897 0 24 0
507057 536414 1692 0 0
507057 546958 5003 0 0
508198 532934 480 0 0
508419 515353 0 2984 0
242547 515353 0 4180 0
333981 515353 0 2742 0
333981 531435 0 3843 0
333981 535096 0 2954 0
333981 544537 0 290 0
245085 538443 32 0 0
245285 515353 0 3211 0
334566 515353 0 690 0
335405 507057 365 0 0
68297 515353 0 1154 0
513649 550562 0 83 0
158026 515353 0 282 0
515065 533064 0 703 0
515131 545795 104 0 0
515353 532373 27 0 0
515353 532477 57 0 0
515353 532568 81 0 0
515353 532658 112 0 0
515353 532932 205 0 0
515353 532947 4388 0 0
515353 533021 318 0 0
515353 533235 303 0 0
515353 533392 363 0 0
515353 533499 394 0 0
515353 533718 469 0 0
515353 534056 578 0 0
515353 534835 624 0 0
515353 534863 820 0 0
515353 535159 1627 0 0
515353 535328 983 0 0
515353 535533 1060 0 0
515353 536389 157 0 0
515353 536476 1273 0 0
515353 536669 199 0 0
515353 536809 223 0 0
515353 536862 233 0 0
515353 537721 469 0 0
515353 537723 411 0 0
515353 538375 1676 0 0
515353 539663 923 0 0
515353 539899 982 0 0
515353 541130 3684 0 0
515353 541171 2422 0 0
515353 541217 2439 0 0
515353 542508 2830 0 0
515353 542514 2832 0 0
515353 542613 2867 0 0
515353 542845 2938 0 0
515353 542989 2987 0 0
515353 543394 5263 0 0
515353 543699 3252 0 0
515353 544795 3688 0 0
515353 544826 2601 0 0
515353 544939 2645 0 0
515353 545000 2673 0 0
515353 545305 3907 0 0
515353 546879 3545 0 0
515353 547797 3980 0 0
515353 548266 4052 0 0
515353 548982 4283 0 0
515353 549043 4297 0 0
515353 550318 4735 0 0
515353 551134 5040 0 0
515353 552430 5551 0 0
71371 74332 130 0 0
249524 340995 76 0 0
71725 538653 0 3401 0
517422 551184 25 0 0
517422 551437 140 0 0
517422 551634 225 0 0
517525 548388 91 0 0
162289 450255 1885 0 0
429427 481269 0 35 0
340995 534098 0 72 0
340995 534113 0 71 0
340995 534138 0 68 0
340995 546071 0 52 0
340995 546090 0 46 0
340995 546144 0 33 0
74406 515353 0 2812 0
165169 515353 0 3286 0
260496 515353 0 2225 0
171656 515353 0 745 0
261292 533893 0 505 0
262216 306521 0 2887 0
529825 533381 450 0 0
530898 533486 1214 0 0
530998 533965 1045 0 0
531228 540286 613 0 0
531400 532063 264 0 0
531400 532757 508 0 0
531400 534105 952 0 0
531400 544622 3979 0 0
531435 531564 48 0 0
531435 534835 781 0 0
531435 538709 1737 0 0
531435 541789 2589 0 0
531435 544939 3720 0 0
531435 546879 4605 0 0
531435 550512 5881 0 0
531435 550606 5914 0 0
531442 532906 537 0 0
531442 533397 702 0 0
531442 535033 1208 0 0
531442 535134 1249 0 0
531442 535445 1370 0 0
531442 535981 1513 0 0
531442 537143 1721 0 0
531442 538553 2069 0 0
531442 541423 2841 0 0
531442 541681 2925 0 0
531442 542635 3209 0 0
531741 532332 231 0 0
531741 532596 310 0 0
531741 532807 387 0 0
531741 533325 558 0 0
531741 534797 1024 0 0
531741 535247 1175 0 0
531741 535563 1293 0 0
531741 541556 2761 0 0
531741 546461 4589 0 0
531741 550061 5956 0 0
531873 532838 0 200 0
531884 532896 359 0 0
531915 532273 67 0 0
531915 532275 68 0 0
531915 532292 73 0 0
531915 532298 75 0 0
531915 532340 89 0 0
531915 532356 94 0 0
531915 532361 97 0 0
532132 539699 0 768 0
532170 533548 463 0 0
532170 535885 1202 0 0
532348 538990 1836 0 0
532584 532632 16 0 0
532638 535136 806 0 0
532676 532963 99 0 0
532676 532985 107 0 0
532676 535906 1036 0 0
532735 541841 2497 0 0
532735 541978 2534 0 0
532765 538253 1488 0 0
176684 515353 0 341 0
532867 532959 30 0 0
533119 533287 61 0 0
533264 534160 230 0 0
533767 533844 26 0 0
533767 534778 310 0 0
533767 535201 450 0 0
533767 535637 612 0 0
534138 538850 28 0 0
534138 538882 38 0 0
534138 539444 188 0 0
534210 534459 67 0 0
534210 534519 82 0 0
534210 535008 230 0 0
534210 535868 512 0 0
