34 3 3 1
288 1 1 1
379 2 2 1
981 3 1 0.333333
1112 1 1 1
1644 1 1 1
1889 1 1 1
2091 2 2 1
2229 1 1 1
2518 2 1 0.5
2577 2 2 1
2579 1 1 1
3694 1 1 1
3712 1 1 1
4367 1 1 1
5593 1 1 1
6396 1 1 1
6469 2 1 0.5
6611 2 2 1
6805 1 1 1
6990 2 2 1
7135 1 1 1
7478 1 1 1
10854 1 1 1
12053 2 1 0.5
13388 1 1 1
13916 1 1 1
14134 1 1 1
14296 1 1 1
15939 1 1 1
16053 1 1 1
16960 1 1 1
16995 1 1 1
17526 1 1 1
17561 1 1 1
17925 1 1 1
17930 1 1 1
18315 7 1 0.142857
18562 1 1 1
18637 1 1 1
19338 1 1 1
19918 1 1 1
20499 1 1 1
20512 1 1 1
20606 1 1 1
21198 1 1 1
21649 1 1 1
21664 1 1 1
21829 1 1 1
21864 2 2 1
21909 1 1 1
22024 1 1 1
22094 1 1 1
22096 3 3 1
22284 1 1 1
22436 1 1 1
22502 1 1 1
23033 1 1 1
23604 5 1 0.2
24031 1 1 1
24137 7 2 0.285714
24203 1 1 1
24514 1 1 1
25013 1 1 1
25050 1 1 1
25147 1 1 1
25405 2 2 1
25502 1 1 1
25540 1 1 1
25825 1 1 1
26651 1 1 1
26681 1 1 1
26765 1 1 1
26948 1 1 1
27953 1 1 1
28239 1 1 1
28841 1 1 1
29012 1 1 1
29023 24 2 0.0833333
29257 2 1 0.5
29663 1 1 1
30175 2 1 0.5
30262 2 2 1
30375 1 1 1
30614 2 1 0.5
31026 1 1 1
31371 1 1 1
31712 2 1 0.5
31857 1 1 1
32040 1 1 1
32242 1 1 1
32703 1 1 1
32935 1 1 1
33098 1 1 1
33164 1 1 1
33266 1 1 1
33464 1 1 1
34904 1 1 1
35100 1 1 1
35253 1 1 1
36550 1 1 1
36687 1 1 1
36960 1 1 1
37098 1 1 1
37100 2 2 1
38076 1 1 1
38203 1 1 1
38626 1 1 1
38816 1 1 1
38846 1 1 1
40273 1 1 1
40542 1 1 1
40731 1 1 1
41390 2 1 0.5
41707 1 1 1
42546 1 1 1
42895 1 1 1
42969 1 1 1
43197 2 2 1
43383 1 1 1
44041 1 1 1
44937 1 1 1
45072 1 1 1
45997 1 1 1
46699 1 1 1
47165 2 1 0.5
47167 1 1 1
47720 1 1 1
48008 1 1 1
48690 1 1 1
48902 1 1 1
50423 1 1 1
50689 1 1 1
50786 1 1 1
51327 1 1 1
51370 1 1 1
51567 1 1 1
51822 2 2 1
52768 1 1 1
52830 2 1 0.5
52856 1 1 1
53398 1 1 1
53441 1 1 1
53469 1 1 1
53640 1 1 1
53775 1 1 1
54573 1 1 1
54643 1 1 1
54669 1 1 1
55649 2 1 0.5
55828 2 2 1
56209 1 1 1
56409 1 1 1
56431 1 1 1
56473 1 1 1
56893 1 1 1
56915 1 1 1
57122 1 1 1
57235 1 1 1
57239 1 1 1
57801 2 2 1
58030 1 1 1
58257 1 1 1
58529 1 1 1
58953 1 1 1
60106 1 1 1
60400 1 1 1
61270 2 2 1
62821 1 1 1
64257 1 1 1
64854 1 1 1
68297 2 1 0.5
68366 1 1 1
71725 1 1 1
72214 1 1 1
72351 1 1 1
72398 2 2 1
73325 1 1 1
74332 1 1 1
74406 1 1 1
74540 1 1 1
86475 1 1 1
86676 1 1 1
88928 1 1 1
89250 1 1 1
89385 1 1 1
89523 1 1 1
90402 2 2 1
102948 1 1 1
112787 1 1 1
119682 1 1 1
126026 2 1 0.5
130406 1 1 1
130687 2 2 1
134821 1 1 1
136095 1 1 1
142478 1 1 1
147354 1 1 1
147370 1 1 1
152762 1 1 1
158026 1 1 1
163009 2 2 1
165169 1 1 1
170093 1 1 1
171656 1 1 1
175421 1 1 1
176684 1 1 1
178365 1 1 1
179906 2 2 1
186765 1 1 1
189584 1 1 1
190245 1 1 1
191559 1 1 1
192633 1 1 1
202252 1 1 1
202339 1 1 1
203393 1 1 1
203678 1 1 1
206221 2 2 1
206458 1 1 1
206584 5 1 0.2
207133 1 1 1
208941 1 1 1
210642 1 1 1
211463 1 1 1
212575 1 1 1
214912 1 1 1
216750 1 1 1
217407 1 1 1
218617 1 1 1
219766 1 1 1
220801 2 1 0.5
221082 1 1 1
221319 1 1 1
221379 1 1 1
222068 1 1 1
222688 1 1 1
224175 1 1 1
224408 1 1 1
225867 1 1 1
226449 2 2 1
226793 1 1 1
228650 1 1 1
228902 1 1 1
231595 4 4 1
233829 1 1 1
233835 1 1 1
234244 1 1 1
237214 1 1 1
238093 1 1 1
239922 1 1 1
242547 1 1 1
243177 1 1 1
245285 1 1 1
246580 1 1 1
248658 1 1 1
249759 2 1 0.5
251095 1 1 1
255968 1 1 1
259262 1 1 1
260209 1 1 1
260496 1 1 1
260832 1 1 1
261292 1 1 1
262216 1 1 1
266944 1 1 1
267056 1 1 1
268202 1 1 1
269480 1 1 1
269522 1 1 1
269691 1 1 1
271570 2 1 0.5
271908 1 1 1
273309 1 1 1
275911 1 1 1
281193 1 1 1
282855 2 2 1
283418 1 1 1
285270 1 1 1
293560 1 1 1
298148 1 1 1
299050 1 1 1
299681 1 1 1
300153 1 1 1
300688 1 1 1
302048 1 1 1
302529 1 1 1
305906 1 1 1
306736 1 1 1
308972 2 1 0.5
309568 1 1 1
312012 1 1 1
312849 2 2 1
314982 1 1 1
316322 1 1 1
316454 1 1 1
316723 1 1 1
317376 1 1 1
319660 1 1 1
322593 1 1 1
323164 1 1 1
323428 1 1 1
325299 1 1 1
331812 1 1 1
333388 1 1 1
333981 5 4 0.8
334566 1 1 1
335266 1 1 1
336282 1 1 1
337386 1 1 1
337866 1 1 1
338532 2 2 1
338727 1 1 1
340995 8 8 1
346438 1 1 1
351375 1 1 1
359373 1 1 1
364591 1 1 1
368092 1 1 1
371074 1 1 1
371467 1 1 1
371855 1 1 1
372692 1 1 1
374414 1 1 1
376456 1 1 1
378322 1 1 1
380279 1 1 1
380365 1 1 1
382770 1 1 1
383337 1 1 1
384557 1 1 1
392865 2 2 1
394759 1 1 1
396967 1 1 1
398581 1 1 1
399019 1 1 1
399294 2 1 0.5
399817 1 1 1
399875 1 1 1
400290 1 1 1
402553 1 1 1
402927 2 2 1
403708 1 1 1
403891 1 1 1
407004 1 1 1
409987 1 1 1
410206 1 1 1
410214 1 1 1
410259 1 1 1
410307 1 1 1
411485 1 1 1
414121 1 1 1
414884 1 1 1
415685 1 1 1
416180 1 1 1
419203 1 1 1
420159 1 1 1
420699 1 1 1
421352 1 1 1
424763 2 1 0.5
426179 1 1 1
429427 1 1 1
430882 1 1 1
437738 1 1 1
445635 1 1 1
450152 1 1 1
450255 2 1 0.5
453193 1 1 1
454295 1 1 1
454975 1 1 1
459106 1 1 1
459920 1 1 1
463285 1 1 1
466382 1 1 1
468761 1 1 1
471100 1 1 1
471987 1 1 1
472185 1 1 1
473850 1 1 1
473881 1 1 1
474790 1 1 1
475485 1 1 1
475962 1 1 1
476015 1 1 1
479200 1 1 1
480619 1 1 1
480704 2 2 1
481429 1 1 1
481568 3 1 0.333333
481746 1 1 1
487137 1 1 1
487266 1 1 1
487753 1 1 1
487777 1 1 1
487914 2 2 1
488963 1 1 1
491050 1 1 1
491399 1 1 1
493335 1 1 1
495184 1 1 1
495693 2 2 1
498061 1 1 1
499840 1 1 1
500086 1 1 1
500238 1 1 1
500899 1 1 1
503303 1 1 1
504666 3 2 0.666667
505158 1 1 1
506546 1 1 1
507057 8 7 0.875
507413 1 1 1
507804 1 1 1
508394 2 1 0.5
508419 2 2 1
510255 1 1 1
511038 1 1 1
513022 1 1 1
513119 2 1 0.5
513649 1 1 1
514442 1 1 1
515065 1 1 1
516133 1 1 1
517525 7 1 0.142857
528707 2 2 1
528792 1 1 1
528973 1 1 1
529281 1 1 1
529648 2 1 0.5
530656 2 2 1
530976 2 1 0.5
531257 2 1 0.5
531260 1 1 1
531491 1 1 1
531548 1 1 1
531564 1 1 1
531614 1 1 1
531873 2 1 0.5
531913 1 1 1
532040 1 1 1
532063 1 1 1
532132 2 1 0.5
532273 1 1 1
532275 1 1 1
532292 1 1 1
532298 1 1 1
532332 1 1 1
532340 1 1 1
532356 1 1 1
532361 1 1 1
532373 1 1 1
532452 1 1 1
532477 1 1 1
532568 1 1 1
532585 1 1 1
532596 1 1 1
532628 1 1 1
532632 1 1 1
532658 1 1 1
532709 1 1 1
532757 1 1 1
532759 1 1 1
532777 1 1 1
532786 1 1 1
532807 1 1 1
532896 1 1 1
532906 1 1 1
532932 1 1 1
532934 2 2 1
532947 2 2 1
532959 1 1 1
532963 1 1 1
532985 1 1 1
533021 3 2 0.666667
533086 1 1 1
533100 1 1 1
533155 1 1 1
533228 1 1 1
533232 1 1 1
533235 1 1 1
533272 1 1 1
533276 1 1 1
533287 1 1 1
533299 1 1 1
533316 1 1 1
533318 1 1 1
533325 1 1 1
533329 2 1 0.5
533331 1 1 1
533381 1 1 1
533390 1 1 1
533392 1 1 1
533397 1 1 1
533486 1 1 1
533499 1 1 1
533548 1 1 1
533570 1 1 1
533718 1 1 1
533844 1 1 1
533965 1 1 1
534056 1 1 1
534105 1 1 1
534160 1 1 1
534299 1 1 1
534331 1 1 1
534459 1 1 1
534519 1 1 1
534605 1 1 1
534673 1 1 1
534687 1 1 1
534778 1 1 1
534797 1 1 1
534835 2 2 1
534863 1 1 1
535008 1 1 1
535033 1 1 1
535134 1 1 1
535136 1 1 1
535159 1 1 1
535201 1 1 1
535247 1 1 1
535292 1 1 1
535328 1 1 1
535330 1 1 1
535347 1 1 1
535390 1 1 1
535445 1 1 1
535460 1 1 1
535533 1 1 1
535555 1 1 1
535563 1 1 1
535604 2 2 1
535608 1 1 1
535637 1 1 1
535670 1 1 1
535673 1 1 1
535680 1 1 1
535684 1 1 1
535686 1 1 1
535704 1 1 1
535712 1 1 1
535714 1 1 1
535719 1 1 1
535721 1 1 1
535723 1 1 1
535729 1 1 1
535735 1 1 1
535737 1 1 1
535749 1 1 1
535751 1 1 1
535753 2 2 1
535756 1 1 1
535758 1 1 1
535762 1 1 1
535764 1 1 1
535767 1 1 1
535771 1 1 1
535775 1 1 1
535778 1 1 1
535782 1 1 1
535785 1 1 1
535789 1 1 1
535795 1 1 1
535797 1 1 1
535801 1 1 1
535807 2 2 1
535809 1 1 1
535814 1 1 1
535816 1 1 1
535822 1 1 1
535829 1 1 1
535835 1 1 1
535837 1 1 1
535843 1 1 1
535847 1 1 1
535855 1 1 1
535857 1 1 1
535864 1 1 1
535866 1 1 1
535868 1 1 1
535875 1 1 1
535877 2 2 1
535879 1 1 1
535881 1 1 1
535885 1 1 1
535895 1 1 1
535906 1 1 1
535917 1 1 1
535921 1 1 1
535923 1 1 1
535930 1 1 1
535932 1 1 1
535946 1 1 1
535960 1 1 1
535962 1 1 1
535966 2 1 0.5
535971 1 1 1
535975 1 1 1
535977 1 1 1
535981 1 1 1
535987 1 1 1
535992 1 1 1
535994 1 1 1
535996 1 1 1
535998 1 1 1
536001 1 1 1
536003 1 1 1
536005 1 1 1
536007 1 1 1
536013 1 1 1
536024 1 1 1
536026 1 1 1
536031 1 1 1
536033 1 1 1
536037 1 1 1
536041 1 1 1
536054 2 2 1
536062 1 1 1
536065 1 1 1
536078 1 1 1
536089 1 1 1
536097 1 1 1
536105 1 1 1
536107 1 1 1
536113 1 1 1
536115 1 1 1
536119 1 1 1
536121 1 1 1
536123 1 1 1
536128 1 1 1
536136 1 1 1
536142 1 1 1
536154 1 1 1
536157 1 1 1
536164 1 1 1
536172 1 1 1
536178 1 1 1
536180 1 1 1
536184 1 1 1
536195 1 1 1
536197 1 1 1
536212 1 1 1
536214 1 1 1
536216 1 1 1
536223 1 1 1
536226 1 1 1
536228 2 1 0.5
536239 1 1 1
536247 1 1 1
536249 1 1 1
536251 1 1 1
536257 1 1 1
536261 1 1 1
536271 1 1 1
536280 1 1 1
536288 1 1 1
536296 1 1 1
536304 1 1 1
536308 1 1 1
536310 1 1 1
536314 1 1 1
536319 1 1 1
536326 1 1 1
536332 1 1 1
536350 1 1 1
536352 1 1 1
536358 1 1 1
536360 1 1 1
536368 1 1 1
536378 1 1 1
536387 1 1 1
536389 1 1 1
536391 1 1 1
536393 1 1 1
536395 1 1 1
536403 1 1 1
536414 1 1 1
536416 1 1 1
536418 1 1 1
536430 1 1 1
536432 1 1 1
536434 1 1 1
536436 1 1 1
536438 1 1 1
536441 1 1 1
536443 1 1 1
536461 1 1 1
536469 1 1 1
536474 1 1 1
536476 1 1 1
536478 2 2 1
536480 1 1 1
536485 1 1 1
536487 1 1 1
536489 1 1 1
536509 1 1 1
536511 1 1 1
536513 1 1 1
536515 1 1 1
536517 1 1 1
536519 1 1 1
536524 1 1 1
536526 1 1 1
536528 1 1 1
536530 1 1 1
536532 1 1 1
536538 1 1 1
536547 1 1 1
536549 1 1 1
536554 1 1 1
536558 1 1 1
536562 1 1 1
536566 1 1 1
536577 1 1 1
536589 1 1 1
536591 1 1 1
536594 1 1 1
536601 1 1 1
536605 1 1 1
536609 1 1 1
536621 1 1 1
536623 1 1 1
536631 1 1 1
536638 1 1 1
536640 1 1 1
536643 1 1 1
536645 1 1 1
536651 1 1 1
536655 1 1 1
536663 1 1 1
536667 1 1 1
536669 1 1 1
536671 1 1 1
536678 1 1 1
536690 1 1 1
536694 1 1 1
536698 1 1 1
536702 1 1 1
536704 1 1 1
536708 1 1 1
536716 1 1 1
536720 1 1 1
536722 1 1 1
536730 1 1 1
536732 1 1 1
536734 1 1 1
536750 1 1 1
536754 1 1 1
536764 1 1 1
536766 1 1 1
536768 1 1 1
536771 1 1 1
536775 1 1 1
536777 1 1 1
536779 1 1 1
536781 2 1 0.5
536784 1 1 1
536790 1 1 1
536800 1 1 1
536803 1 1 1
536805 1 1 1
536809 1 1 1
536812 1 1 1
536814 1 1 1
536823 1 1 1
536825 1 1 1
536827 1 1 1
536831 1 1 1
536836 1 1 1
536838 2 1 0.5
536846 1 1 1
536850 1 1 1
536856 1 1 1
536858 1 1 1
536862 2 1 0.5
536866 1 1 1
536868 2 2 1
536870 1 1 1
536874 1 1 1
536878 1 1 1
536883 1 1 1
536892 1 1 1
536900 1 1 1
536910 1 1 1
536913 1 1 1
536915 1 1 1
536921 1 1 1
536923 1 1 1
536925 1 1 1
536927 1 1 1
536929 1 1 1
536931 1 1 1
536935 1 1 1
536937 1 1 1
536941 1 1 1
536945 1 1 1
536949 1 1 1
536953 1 1 1
536965 1 1 1
536968 1 1 1
536970 1 1 1
536976 1 1 1
536980 1 1 1
536987 1 1 1
536989 1 1 1
536993 1 1 1
536997 1 1 1
536999 1 1 1
537005 1 1 1
537007 1 1 1
537016 1 1 1
537021 1 1 1
537039 1 1 1
537041 1 1 1
537045 1 1 1
537060 1 1 1
537070 1 1 1
537072 1 1 1
537079 1 1 1
537089 1 1 1
537099 1 1 1
537101 1 1 1
537105 1 1 1
537113 1 1 1
537117 1 1 1
537119 1 1 1
537125 1 1 1
537127 2 2 1
537133 1 1 1
537137 1 1 1
537143 1 1 1
537147 1 1 1
537149 1 1 1
537159 1 1 1
537167 1 1 1
537169 1 1 1
537171 1 1 1
537183 1 1 1
537186 1 1 1
537188 1 1 1
537200 1 1 1
537202 1 1 1
537219 1 1 1
537227 1 1 1
537234 1 1 1
537241 1 1 1
537245 1 1 1
537254 1 1 1
537263 1 1 1
537267 1 1 1
537269 1 1 1
537271 1 1 1
537273 1 1 1
537278 1 1 1
537284 1 1 1
537291 1 1 1
537293 1 1 1
537295 1 1 1
537297 1 1 1
537305 1 1 1
537315 1 1 1
537331 1 1 1
537334 1 1 1
537336 1 1 1
537343 1 1 1
537345 1 1 1
537347 1 1 1
537351 1 1 1
537353 1 1 1
537355 1 1 1
537361 1 1 1
537365 1 1 1
537367 1 1 1
537369 1 1 1
537371 1 1 1
537375 1 1 1
537378 1 1 1
537383 1 1 1
537385 2 2 1
537388 1 1 1
537390 1 1 1
537394 1 1 1
537398 1 1 1
537403 1 1 1
537405 1 1 1
537412 1 1 1
537422 1 1 1
537426 1 1 1
537430 1 1 1
537432 1 1 1
537434 1 1 1
537436 1 1 1
537438 1 1 1
537447 1 1 1
537456 1 1 1
537461 1 1 1
537463 1 1 1
537471 1 1 1
537477 1 1 1
537501 1 1 1
537506 1 1 1
537508 1 1 1
537512 1 1 1
537521 1 1 1
537523 1 1 1
537526 1 1 1
537529 1 1 1
537533 1 1 1
537541 1 1 1
537545 1 1 1
537553 1 1 1
537555 1 1 1
537557 1 1 1
537569 1 1 1
537577 1 1 1
537582 1 1 1
537586 1 1 1
537588 1 1 1
537590 1 1 1
537596 1 1 1
537606 1 1 1
537614 1 1 1
537620 1 1 1
537629 1 1 1
537644 1 1 1
537646 1 1 1
537654 1 1 1
537656 1 1 1
537660 1 1 1
537667 1 1 1
537669 1 1 1
537673 1 1 1
537677 1 1 1
537684 1 1 1
537695 1 1 1
537708 1 1 1
537721 1 1 1
537723 1 1 1
537729 1 1 1
537736 1 1 1
537738 1 1 1
537743 1 1 1
537748 1 1 1
537759 1 1 1
537767 1 1 1
537769 2 2 1
537773 1 1 1
537776 1 1 1
537780 1 1 1
537782 1 1 1
537784 1 1 1
537804 1 1 1
537806 1 1 1
537814 1 1 1
537822 1 1 1
537828 2 2 1
537835 1 1 1
537838 1 1 1
537858 1 1 1
537865 1 1 1
537867 1 1 1
537869 1 1 1
537871 1 1 1
537875 1 1 1
537882 1 1 1
537890 1 1 1
537897 1 1 1
537899 1 1 1
537901 1 1 1
537903 1 1 1
537909 1 1 1
537911 1 1 1
537913 1 1 1
537917 1 1 1
537921 1 1 1
537934 1 1 1
537944 1 1 1
537952 1 1 1
537956 1 1 1
537958 1 1 1
537972 1 1 1
537995 1 1 1
537999 1 1 1
538003 1 1 1
538008 1 1 1
538016 1 1 1
538020 1 1 1
538025 1 1 1
538038 1 1 1
538040 1 1 1
538042 1 1 1
538055 1 1 1
538059 1 1 1
538080 1 1 1
538094 1 1 1
538105 1 1 1
538128 1 1 1
538130 1 1 1
538134 1 1 1
538136 1 1 1
538140 1 1 1
538144 1 1 1
538146 1 1 1
538150 1 1 1
538154 1 1 1
538156 1 1 1
538161 1 1 1
538172 1 1 1
538177 2 2 1
538179 1 1 1
538185 1 1 1
538190 1 1 1
538194 1 1 1
538196 1 1 1
538205 1 1 1
538217 1 1 1
538222 1 1 1
538225 1 1 1
538227 1 1 1
538239 1 1 1
538241 1 1 1
538249 1 1 1
538253 1 1 1
538255 1 1 1
538258 1 1 1
538262 1 1 1
538266 1 1 1
538276 1 1 1
538280 1 1 1
538283 1 1 1
538285 1 1 1
538287 1 1 1
538289 1 1 1
538291 1 1 1
538301 1 1 1
538305 1 1 1
538310 1 1 1
538312 1 1 1
538318 1 1 1
538321 1 1 1
538325 1 1 1
538342 1 1 1
538344 1 1 1
538357 1 1 1
538359 1 1 1
538361 1 1 1
538366 1 1 1
538368 1 1 1
538372 1 1 1
538375 2 1 0.5
538382 1 1 1
538387 1 1 1
538399 2 1 0.5
538402 1 1 1
538407 1 1 1
538409 1 1 1
538430 1 1 1
538432 1 1 1
538443 1 1 1
538454 1 1 1
538461 1 1 1
538469 1 1 1
538471 1 1 1
538484 1 1 1
538486 1 1 1
538499 1 1 1
538508 1 1 1
538518 1 1 1
538520 1 1 1
538524 1 1 1
538551 1 1 1
538553 1 1 1
538555 1 1 1
538561 1 1 1
538564 1 1 1
538572 1 1 1
538576 1 1 1
538580 1 1 1
538584 1 1 1
538586 1 1 1
538593 1 1 1
538597 1 1 1
538627 1 1 1
538633 1 1 1
538638 2 2 1
538640 1 1 1
538644 1 1 1
538651 1 1 1
538654 1 1 1
538656 1 1 1
538669 1 1 1
538676 1 1 1
538682 1 1 1
538690 1 1 1
538693 1 1 1
538697 1 1 1
538705 1 1 1
538709 1 1 1
538717 1 1 1
538720 1 1 1
538722 1 1 1
538734 1 1 1
538753 1 1 1
538759 1 1 1
538761 1 1 1
538787 1 1 1
538790 1 1 1
538800 1 1 1
538807 1 1 1
538811 1 1 1
538815 1 1 1
538830 3 1 0.333333
538832 1 1 1
538836 1 1 1
538840 1 1 1
538842 1 1 1
538848 1 1 1
538850 1 1 1
538855 1 1 1
538857 1 1 1
538859 1 1 1
538862 1 1 1
538866 1 1 1
538869 1 1 1
538871 1 1 1
538877 1 1 1
538879 1 1 1
538882 1 1 1
538898 1 1 1
538900 1 1 1
538902 1 1 1
538906 1 1 1
538910 1 1 1
538931 1 1 1
538941 1 1 1
538955 1 1 1
538957 1 1 1
538959 1 1 1
538961 1 1 1
538964 1 1 1
538981 1 1 1
538990 1 1 1
538999 1 1 1
539001 1 1 1
539003 1 1 1
539005 1 1 1
539007 1 1 1
539011 1 1 1
539013 1 1 1
539017 1 1 1
539021 1 1 1
539029 1 1 1
539036 1 1 1
539045 2 2 1
539050 1 1 1
539061 1 1 1
539071 1 1 1
539103 1 1 1
539111 1 1 1
539123 1 1 1
539132 1 1 1
539136 1 1 1
539138 1 1 1
539142 2 1 0.5
539155 1 1 1
539158 1 1 1
539166 1 1 1
539170 1 1 1
539172 1 1 1
539174 1 1 1
539177 1 1 1
539179 1 1 1
539186 1 1 1
539190 1 1 1
539192 1 1 1
539206 1 1 1
539222 1 1 1
539225 2 2 1
539227 1 1 1
539231 1 1 1
539238 1 1 1
539241 1 1 1
539252 1 1 1
539265 1 1 1
539269 1 1 1
539271 1 1 1
539277 1 1 1
539281 1 1 1
539285 1 1 1
539292 1 1 1
539298 1 1 1
539302 1 1 1
539311 1 1 1
539324 2 1 0.5
539329 1 1 1
539353 1 1 1
539363 1 1 1
539377 1 1 1
539381 1 1 1
539383 1 1 1
539406 1 1 1
539412 1 1 1
539418 1 1 1
539432 1 1 1
539440 1 1 1
539444 1 1 1
539446 1 1 1
539460 1 1 1
539462 1 1 1
539464 1 1 1
539483 1 1 1
539492 1 1 1
539503 1 1 1
539505 1 1 1
539515 1 1 1
539521 1 1 1
539524 1 1 1
539526 1 1 1
539534 1 1 1
539536 1 1 1
539540 1 1 1
539555 1 1 1
539559 1 1 1
539562 1 1 1
539564 1 1 1
539567 1 1 1
539571 1 1 1
539573 1 1 1
539581 1 1 1
539586 1 1 1
539604 1 1 1
539607 1 1 1
539615 1 1 1
539622 1 1 1
539628 1 1 1
539632 1 1 1
539639 1 1 1
539644 1 1 1
539652 1 1 1
539657 1 1 1
539661 1 1 1
539663 3 1 0.333333
539676 1 1 1
539678 1 1 1
539690 1 1 1
539692 1 1 1
539694 1 1 1
539704 1 1 1
539711 1 1 1
539715 1 1 1
539739 1 1 1
539741 1 1 1
539745 1 1 1
539755 1 1 1
539776 1 1 1
539781 1 1 1
539794 1 1 1
539796 1 1 1
539800 1 1 1
539828 1 1 1
539832 1 1 1
539838 1 1 1
539842 1 1 1
539846 1 1 1
539849 1 1 1
539853 1 1 1
539861 1 1 1
539867 1 1 1
539872 1 1 1
539879 1 1 1
539884 1 1 1
539899 1 1 1
539912 1 1 1
539919 1 1 1
539928 1 1 1
539930 1 1 1
539936 1 1 1
539940 2 2 1
539947 1 1 1
539950 1 1 1
539958 1 1 1
539969 1 1 1
539971 1 1 1
539983 1 1 1
539989 1 1 1
540006 1 1 1
540011 1 1 1
540013 1 1 1
540016 1 1 1
540019 1 1 1
540024 1 1 1
540028 1 1 1
540030 1 1 1
540036 1 1 1
540041 1 1 1
540043 1 1 1
540049 1 1 1
540052 1 1 1
540054 1 1 1
540056 1 1 1
540065 1 1 1
540067 1 1 1
540069 1 1 1
540071 1 1 1
540092 1 1 1
540094 1 1 1
540096 1 1 1
540100 1 1 1
540104 1 1 1
540106 1 1 1
540127 1 1 1
540135 1 1 1
540137 1 1 1
540146 1 1 1
540158 1 1 1
540160 1 1 1
540170 1 1 1
540176 1 1 1
540190 1 1 1
540192 1 1 1
540202 1 1 1
540204 1 1 1
540206 1 1 1
540210 1 1 1
540216 1 1 1
540221 1 1 1
540236 1 1 1
540238 1 1 1
540242 1 1 1
540250 1 1 1
540253 1 1 1
540261 1 1 1
540263 1 1 1
540271 1 1 1
540284 1 1 1
540286 1 1 1
540293 1 1 1
540295 1 1 1
540299 1 1 1
540306 1 1 1
540308 1 1 1
540310 1 1 1
540332 1 1 1
540336 1 1 1
540341 1 1 1
540347 1 1 1
540349 1 1 1
540361 1 1 1
540363 1 1 1
540365 1 1 1
540377 3 1 0.333333
540383 1 1 1
540387 1 1 1
540390 1 1 1
540394 1 1 1
540396 1 1 1
540398 1 1 1
540404 1 1 1
540408 2 2 1
540412 1 1 1
540417 1 1 1
540427 1 1 1
540434 1 1 1
540438 1 1 1
540440 1 1 1
540444 1 1 1
540448 1 1 1
540450 1 1 1
540452 1 1 1
540454 1 1 1
540461 1 1 1
540463 1 1 1
540469 1 1 1
540475 1 1 1
540477 1 1 1
540479 1 1 1
540483 1 1 1
540487 1 1 1
540490 1 1 1
540500 1 1 1
540516 1 1 1
540521 1 1 1
540531 1 1 1
540542 1 1 1
540544 2 2 1
540548 1 1 1
540550 1 1 1
540552 1 1 1
540556 1 1 1
540573 1 1 1
540598 1 1 1
540600 1 1 1
540602 1 1 1
540604 1 1 1
540612 1 1 1
540657 1 1 1
540659 1 1 1
540668 1 1 1
540671 1 1 1
540733 1 1 1
540775 1 1 1
540786 1 1 1
540792 1 1 1
540814 1 1 1
540822 1 1 1
540844 1 1 1
540874 1 1 1
540882 1 1 1
540888 1 1 1
540898 2 1 0.5
540915 1 1 1
540929 1 1 1
540935 1 1 1
540937 1 1 1
540965 1 1 1
540980 1 1 1
540989 1 1 1
540996 1 1 1
541004 1 1 1
541006 1 1 1
541043 1 1 1
541064 1 1 1
541086 1 1 1
541105 1 1 1
541116 2 2 1
541118 1 1 1
541123 1 1 1
541130 1 1 1
541135 1 1 1
541169 1 1 1
541171 1 1 1
541192 1 1 1
541206 1 1 1
541217 1 1 1
541226 2 1 0.5
541236 1 1 1
541246 1 1 1
541249 1 1 1
541278 1 1 1
541284 1 1 1
541291 1 1 1
541302 1 1 1
541314 1 1 1
541341 1 1 1
541390 1 1 1
541409 1 1 1
541423 1 1 1
541427 1 1 1
541429 1 1 1
541433 1 1 1
541456 1 1 1
541468 1 1 1
541515 1 1 1
541521 1 1 1
541541 1 1 1
541556 1 1 1
541580 1 1 1
541595 1 1 1
541601 1 1 1
541608 1 1 1
541622 1 1 1
541624 1 1 1
541644 1 1 1
541654 1 1 1
541663 1 1 1
541668 1 1 1
541681 1 1 1
541691 1 1 1
541704 1 1 1
541713 1 1 1
541717 1 1 1
541764 1 1 1
541783 1 1 1
541789 1 1 1
541803 1 1 1
541827 1 1 1
541841 1 1 1
541843 1 1 1
541868 1 1 1
541892 1 1 1
541897 2 1 0.5
541903 1 1 1
541948 1 1 1
541953 1 1 1
541958 1 1 1
541966 1 1 1
541972 1 1 1
541978 1 1 1
541986 1 1 1
542007 1 1 1
542016 1 1 1
542027 1 1 1
542037 1 1 1
542049 1 1 1
542116 1 1 1
542122 1 1 1
542127 1 1 1
542134 1 1 1
542168 1 1 1
542174 1 1 1
542187 1 1 1
542221 1 1 1
542229 1 1 1
542240 1 1 1
542271 1 1 1
542278 1 1 1
542284 1 1 1
542294 1 1 1
542315 1 1 1
542324 1 1 1
542330 1 1 1
542332 1 1 1
542339 1 1 1
542350 1 1 1
542352 1 1 1
542359 1 1 1
542368 1 1 1
542370 1 1 1
542387 1 1 1
542395 1 1 1
542436 1 1 1
542493 1 1 1
542508 1 1 1
542514 1 1 1
542555 1 1 1
542578 1 1 1
542587 1 1 1
542590 1 1 1
542600 1 1 1
542602 1 1 1
542613 1 1 1
542635 1 1 1
542702 1 1 1
542718 1 1 1
542737 1 1 1
542748 1 1 1
542752 1 1 1
542755 1 1 1
542784 1 1 1
542812 1 1 1
542843 1 1 1
542845 1 1 1
542897 1 1 1
542917 1 1 1
542936 1 1 1
542946 1 1 1
542974 1 1 1
542983 1 1 1
542985 1 1 1
542989 1 1 1
543038 1 1 1
543052 1 1 1
543054 1 1 1
543098 1 1 1
543100 1 1 1
543144 1 1 1
543150 1 1 1
543152 1 1 1
543167 1 1 1
543178 1 1 1
543189 1 1 1
543191 1 1 1
543200 1 1 1
543209 1 1 1
543218 1 1 1
543222 1 1 1
543225 1 1 1
543283 1 1 1
543288 1 1 1
543325 1 1 1
543328 1 1 1
543334 1 1 1
543337 1 1 1
543394 2 2 1
543403 1 1 1
543411 1 1 1
543426 1 1 1
543429 1 1 1
543435 1 1 1
543438 1 1 1
543442 1 1 1
543455 1 1 1
543457 1 1 1
543493 1 1 1
543500 1 1 1
543509 1 1 1
543541 1 1 1
543566 1 1 1
543581 1 1 1
543583 1 1 1
543592 1 1 1
543617 1 1 1
543624 1 1 1
543645 1 1 1
543647 1 1 1
543651 1 1 1
543682 1 1 1
543684 1 1 1
543699 1 1 1
543703 1 1 1
543715 2 2 1
543743 1 1 1
543747 1 1 1
543793 1 1 1
543795 1 1 1
543819 1 1 1
543821 1 1 1
543832 1 1 1
543846 1 1 1
543849 1 1 1
543935 1 1 1
543961 1 1 1
543966 1 1 1
543969 1 1 1
543986 1 1 1
544020 1 1 1
544025 1 1 1
544029 1 1 1
544058 1 1 1
544066 1 1 1
544172 1 1 1
544174 1 1 1
544219 1 1 1
544229 1 1 1
544238 1 1 1
544336 1 1 1
544338 1 1 1
544353 1 1 1
544389 1 1 1
544399 3 3 1
544412 1 1 1
544435 1 1 1
544453 1 1 1
544478 1 1 1
544483 1 1 1
544512 1 1 1
544547 1 1 1
544589 2 1 0.5
544604 1 1 1
544622 1 1 1
544653 1 1 1
544669 1 1 1
544707 1 1 1
544711 1 1 1
544720 2 2 1
544731 1 1 1
544748 1 1 1
544784 1 1 1
544791 2 1 0.5
544795 1 1 1
544809 2 2 1
544818 1 1 1
544822 1 1 1
544826 1 1 1
544840 1 1 1
544842 1 1 1
544848 1 1 1
544939 2 2 1
544951 1 1 1
544954 1 1 1
544972 1 1 1
545000 1 1 1
545014 1 1 1
545045 2 1 0.5
545050 1 1 1
545062 1 1 1
545064 1 1 1
545081 1 1 1
545110 1 1 1
545112 1 1 1
545131 1 1 1
545143 1 1 1
545160 1 1 1
545176 1 1 1
545254 1 1 1
545305 1 1 1
545348 1 1 1
545350 1 1 1
545361 1 1 1
545390 1 1 1
545392 1 1 1
545398 1 1 1
545414 1 1 1
545427 1 1 1
545455 1 1 1
545465 1 1 1
545503 1 1 1
545513 1 1 1
545556 3 1 0.333333
545558 1 1 1
545572 1 1 1
545574 1 1 1
545612 1 1 1
545615 1 1 1
545621 1 1 1
545673 1 1 1
545706 1 1 1
545713 1 1 1
545718 1 1 1
545725 2 1 0.5
545728 1 1 1
545749 1 1 1
545774 1 1 1
545795 1 1 1
545844 1 1 1
545889 1 1 1
545927 1 1 1
545964 1 1 1
546016 1 1 1
546093 1 1 1
546102 1 1 1
546135 1 1 1
546164 1 1 1
546202 1 1 1
546204 1 1 1
546213 1 1 1
546226 1 1 1
546234 1 1 1
546253 1 1 1
546270 1 1 1
546274 1 1 1
546277 1 1 1
546286 1 1 1
546288 1 1 1
546306 1 1 1
546319 1 1 1
546323 1 1 1
546328 1 1 1
546336 1 1 1
546344 1 1 1
546366 1 1 1
546378 1 1 1
546389 1 1 1
546435 1 1 1
546445 1 1 1
546461 1 1 1
546526 1 1 1
546531 1 1 1
546538 1 1 1
546542 1 1 1
546566 1 1 1
546568 1 1 1
546570 1 1 1
546630 2 2 1
546666 1 1 1
546691 1 1 1
546729 1 1 1
546749 1 1 1
546803 1 1 1
546813 1 1 1
546861 1 1 1
546865 1 1 1
546877 1 1 1
546879 4 4 1
546893 1 1 1
546917 1 1 1
546927 1 1 1
546929 1 1 1
546958 1 1 1
546970 1 1 1
546972 1 1 1
546978 1 1 1
546988 1 1 1
547006 1 1 1
547029 1 1 1
547040 1 1 1
547046 1 1 1
547064 1 1 1
547069 1 1 1
547097 1 1 1
547106 1 1 1
547109 1 1 1
547142 1 1 1
547159 1 1 1
547170 1 1 1
547175 1 1 1
547194 1 1 1
547217 1 1 1
547249 1 1 1
547259 1 1 1
547261 1 1 1
547263 1 1 1
547276 1 1 1
547302 1 1 1
547340 1 1 1
547368 1 1 1
547420 1 1 1
547439 1 1 1
547461 1 1 1
547489 1 1 1
547510 1 1 1
547525 1 1 1
547537 1 1 1
547539 1 1 1
547578 2 2 1
547585 1 1 1
547657 1 1 1
547676 1 1 1
547738 1 1 1
547748 1 1 1
547767 2 2 1
547790 1 1 1
547797 1 1 1
547803 1 1 1
547824 1 1 1
547828 1 1 1
547848 2 2 1
547961 1 1 1
547993 1 1 1
548078 1 1 1
548101 1 1 1
548129 1 1 1
548210 1 1 1
548248 1 1 1
548250 1 1 1
548266 1 1 1
548269 1 1 1
548272 1 1 1
548275 1 1 1
548279 1 1 1
548285 1 1 1
548296 1 1 1
548300 1 1 1
548302 1 1 1
548307 1 1 1
548317 1 1 1
548324 1 1 1
548329 1 1 1
548352 1 1 1
548364 1 1 1
548368 1 1 1
548376 1 1 1
548381 1 1 1
548383 1 1 1
548386 1 1 1
548388 1 1 1
548426 1 1 1
548428 1 1 1
548449 1 1 1
548454 1 1 1
548456 1 1 1
548470 1 1 1
548473 1 1 1
548475 1 1 1
548486 1 1 1
548490 1 1 1
548494 1 1 1
548498 1 1 1
548501 1 1 1
548503 1 1 1
548519 1 1 1
548523 1 1 1
548538 1 1 1
548542 1 1 1
548544 1 1 1
548546 1 1 1
548553 2 2 1
548557 1 1 1
548563 1 1 1
548577 1 1 1
548590 1 1 1
548631 1 1 1
548638 1 1 1
548645 1 1 1
548649 1 1 1
548651 1 1 1
548654 1 1 1
548657 1 1 1
548682 1 1 1
548699 1 1 1
548703 1 1 1
548734 1 1 1
548759 1 1 1
548761 1 1 1
548763 1 1 1
548774 1 1 1
548780 1 1 1
548784 1 1 1
548791 1 1 1
548802 1 1 1
548840 1 1 1
548842 1 1 1
548847 1 1 1
548863 1 1 1
548880 1 1 1
548895 1 1 1
548900 1 1 1
548916 1 1 1
548927 1 1 1
548945 1 1 1
548947 1 1 1
548951 1 1 1
548953 1 1 1
548965 1 1 1
548967 1 1 1
548982 1 1 1
548996 1 1 1
549007 1 1 1
549037 1 1 1
549043 1 1 1
549045 1 1 1
549078 1 1 1
549093 1 1 1
549097 1 1 1
549099 1 1 1
549103 1 1 1
549113 1 1 1
549120 1 1 1
549147 1 1 1
549170 1 1 1
549172 1 1 1
549177 2 2 1
549189 1 1 1
549196 1 1 1
549202 1 1 1
549205 1 1 1
549207 1 1 1
549209 1 1 1
549211 1 1 1
549213 1 1 1
549222 1 1 1
549224 1 1 1
549231 1 1 1
549235 1 1 1
549246 1 1 1
549263 1 1 1
549275 2 2 1
549290 1 1 1
549299 1 1 1
549304 1 1 1
549306 1 1 1
549312 1 1 1
549314 1 1 1
549321 1 1 1
549331 1 1 1
549333 1 1 1
549340 1 1 1
549342 1 1 1
549344 1 1 1
549347 1 1 1
549367 1 1 1
549369 1 1 1
549371 1 1 1
549377 1 1 1
549397 1 1 1
549405 1 1 1
549411 1 1 1
549413 1 1 1
549416 1 1 1
549429 1 1 1
549433 1 1 1
549437 1 1 1
549444 1 1 1
549459 1 1 1
549479 1 1 1
549481 1 1 1
549500 1 1 1
549503 1 1 1
549507 1 1 1
549520 1 1 1
549522 1 1 1
549534 1 1 1
549543 1 1 1
549549 1 1 1
549558 1 1 1
549564 1 1 1
549574 1 1 1
549576 1 1 1
549579 1 1 1
549581 1 1 1
549586 1 1 1
549605 1 1 1
549624 1 1 1
549638 1 1 1
549640 1 1 1
549645 1 1 1
549649 1 1 1
549651 1 1 1
549655 1 1 1
549668 1 1 1
549670 1 1 1
549672 1 1 1
549674 1 1 1
549678 1 1 1
549681 2 2 1
549698 1 1 1
549728 1 1 1
549730 1 1 1
549732 1 1 1
549747 1 1 1
549757 1 1 1
549766 1 1 1
549806 1 1 1
549819 1 1 1
549823 1 1 1
549825 1 1 1
549834 1 1 1
549860 1 1 1
549862 1 1 1
549874 1 1 1
549877 1 1 1
549883 1 1 1
549885 1 1 1
549889 1 1 1
549891 1 1 1
549895 1 1 1
549913 1 1 1
549924 1 1 1
549931 1 1 1
549937 1 1 1
549949 1 1 1
549953 1 1 1
549957 1 1 1
549964 1 1 1
549990 1 1 1
549994 1 1 1
550004 1 1 1
550011 1 1 1
550057 1 1 1
550059 1 1 1
550061 1 1 1
550067 2 2 1
550094 1 1 1
550096 1 1 1
550115 1 1 1
550117 1 1 1
550132 2 2 1
550134 1 1 1
550162 1 1 1
550164 1 1 1
550183 1 1 1
550197 1 1 1
550223 1 1 1
550275 1 1 1
550279 1 1 1
550285 1 1 1
550291 1 1 1
550302 1 1 1
550313 1 1 1
550318 1 1 1
550324 1 1 1
550329 1 1 1
550334 1 1 1
550337 1 1 1
550339 1 1 1
550347 1 1 1
550377 1 1 1
550410 1 1 1
550420 1 1 1
550440 1 1 1
550457 1 1 1
550461 1 1 1
550468 1 1 1
550470 1 1 1
550474 1 1 1
550486 1 1 1
550512 1 1 1
550517 1 1 1
550520 1 1 1
550529 1 1 1
550537 1 1 1
550547 1 1 1
550549 1 1 1
550580 1 1 1
550584 1 1 1
550589 1 1 1
550591 1 1 1
550593 1 1 1
550600 1 1 1
550606 1 1 1
550611 1 1 1
550647 1 1 1
550665 1 1 1
550671 1 1 1
550681 1 1 1
550695 1 1 1
550726 1 1 1
550738 1 1 1
550740 1 1 1
550744 1 1 1
550756 1 1 1
550766 1 1 1
550768 1 1 1
550772 1 1 1
550803 1 1 1
550825 1 1 1
550853 1 1 1
550860 1 1 1
550867 1 1 1
550872 1 1 1
550874 1 1 1
550889 1 1 1
550915 1 1 1
550917 1 1 1
550929 1 1 1
550934 1 1 1
550939 1 1 1
550952 1 1 1
550972 1 1 1
550983 1 1 1
550996 1 1 1
551014 1 1 1
551016 1 1 1
551033 1 1 1
551035 1 1 1
551041 1 1 1
551083 1 1 1
551096 1 1 1
551100 1 1 1
551117 1 1 1
551134 1 1 1
551151 1 1 1
551159 1 1 1
551161 1 1 1
551170 1 1 1
551177 1 1 1
551184 1 1 1
551186 1 1 1
551188 1 1 1
551194 1 1 1
551199 1 1 1
551205 1 1 1
551214 1 1 1
551217 1 1 1
551231 1 1 1
551242 1 1 1
551269 1 1 1
551273 1 1 1
551297 1 1 1
551315 1 1 1
551318 1 1 1
551325 1 1 1
551333 1 1 1
551346 1 1 1
551352 1 1 1
551354 1 1 1
551356 1 1 1
551371 1 1 1
551377 1 1 1
551381 1 1 1
551388 1 1 1
551395 1 1 1
551397 1 1 1
551399 2 2 1
551407 1 1 1
551425 1 1 1
551433 1 1 1
551437 1 1 1
551452 1 1 1
551455 1 1 1
551492 1 1 1
551507 1 1 1
551529 1 1 1
551531 1 1 1
551535 1 1 1
551565 1 1 1
551572 1 1 1
551581 1 1 1
551598 1 1 1
551628 1 1 1
551630 1 1 1
551632 1 1 1
551634 1 1 1
551657 1 1 1
551663 1 1 1
551673 1 1 1
551675 1 1 1
551694 1 1 1
551704 1 1 1
551709 1 1 1
551711 1 1 1
551728 2 2 1
551734 1 1 1
551749 1 1 1
551752 1 1 1
551759 1 1 1
551790 1 1 1
551792 1 1 1
551801 1 1 1
551812 1 1 1
551829 1 1 1
551842 1 1 1
551844 1 1 1
551854 1 1 1
551856 1 1 1
551911 1 1 1
551917 1 1 1
551920 1 1 1
551939 1 1 1
551959 1 1 1
551961 1 1 1
551973 1 1 1
551990 1 1 1
552059 1 1 1
552063 1 1 1
552073 1 1 1
552076 1 1 1
552100 1 1 1
552117 1 1 1
552128 1 1 1
552130 1 1 1
552132 1 1 1
552137 1 1 1
552151 1 1 1
552163 1 1 1
552174 1 1 1
552189 1 1 1
552192 1 1 1
552197 1 1 1
552201 1 1 1
552224 1 1 1
552277 1 1 1
552281 1 1 1
552287 1 1 1
552301 1 1 1
552305 1 1 1
552312 1 1 1
552316 1 1 1
552324 1 1 1
552327 1 1 1
552337 1 1 1
552343 1 1 1
552353 1 1 1
552364 1 1 1
552370 1 1 1
552394 1 1 1
552402 1 1 1
552426 1 1 1
552428 1 1 1
552430 1 1 1
552432 1 1 1
552447 1 1 1
552457 1 1 1
