1 1 100 416.775
2 2 100 697.998
3 3 100 919.766
4 4 100 1091.61
5 5 100 1225.85
6 6 100 1278.91
7 7 100 1307.75
8 8 100 1335.7
9 9 100 1361.19
10 10 100 1383.66
11 11 100 1396.04
12 12 100 1408.29
13 13 100 1419.95
14 14 100 1430.95
15 15 100 1440.69
16 16 100 1450.12
17 17 100 1459.36
18 18 100 1468.54
19 19 100 1476.95
20 20 100 1485.31
21 21 100 1493.3
22 22 100 1501.27
23 23 100 1508.58
24 24 100 1515.84
25 25 100 1520.19
26 26 100 1527.28
27 27 100 1533.07
28 28 100 1538.6
29 29 100 1543.84
30 30 100 1548.94
31 31 100 1554
32 32 100 1558.98
33 33 100 1563.94
34 34 100 1568.71
35 35 100 1573.39
36 36 100 1578.07
37 37 100 1582.4
38 38 100 1586.72
39 39 100 1591.03
40 40 100 1595.34
41 41 100 1599.59
42 42 100 1603.78
43 43 100 1607.86
44 44 100 1611.9
45 45 100 1615.93
46 46 100 1619.87
47 47 100 1623.82
48 48 100 1627.49
49 49 100 1628.12
50 50 100 1631.7
