31 1
46 1
61 2
77 1
96 2
116 1
145 1
166 1
194 2
222 1
226 1
261 1
303 4
322 6
392 1
433 2
438 1
463 1
568 1
588 1
637 1
713 3
724 2
778 3
834 1
893 1
936 1
952 1
981 1
1004 1
1043 1
1088 1
1109 1
1137 1
1180 1
1185 1
1286 1
1437 2
1462 1
1465 1
1471 1
1529 1
1573 1
1641 1
1664 1
1697 1
1701 1
1719 1
1756 2
1781 1
1979 1
2011 1
2035 1
2047 1
2091 1
2119 1
2126 1
2220 1
2226 1
2237 1
2335 1
2337 1
2353 1
2440 1
2463 2
2516 1
2563 1
2577 2
2625 2
2633 3
2652 1
2769 1
2815 1
2865 1
2879 4
2935 1
2941 1
2990 1
3359 4
3456 1
3610 1
3637 3
3909 1
3925 1
4163 1
4174 2
4234 1
4235 3
4288 1
4328 1
4367 1
4450 1
4474 1
4512 2
4567 1
4572 1
4614 1
4710 2
4775 1
4866 1
4899 1
4911 1
4946 1
4956 1
4995 1
5003 1
5184 1
5190 2
5255 2
5388 1
5414 2
5521 2
5532 2
5611 1
5837 1
5865 1
6039 1
6177 1
6207 1
6247 1
6253 1
6399 1
6428 2
6611 1
6667 2
6668 2
6807 2
6940 15
7083 1
7149 1
7206 1
7361 5
7367 1
7396 1
7510 1
7526 1
7669 4
7915 1
8073 1
8112 4
8152 1
8166 1
8197 1
8272 4
8285 1
8314 1
8424 1
8662 1
9020 2
9030 1
9071 1
9103 1
9308 1
9317 1
9322 1
9401 3
9533 1
9645 2
9696 1
9749 1
9829 1
9846 1
9859 1
9894 1
9929 1
9941 1
9966 3
10031 1
10099 1
10130 1
10252 1
10268 1
10319 2
10533 1
10838 1
10957 1
11202 1
11206 1
11414 1
11645 1
11668 1
11960 2
11973 3
12043 2
12078 2
12155 1
12466 1
12531 1
12561 1
12683 1
12741 1
12814 3
12824 1
12829 1
13024 1
13057 1
13112 1
13344 1
13452 2
13462 2
13474 1
13644 1
13723 1
13772 1
13904 1
14005 1
14035 1
14413 4
14462 1
14654 1
14997 2
15035 1
15182 1
15303 1
15416 1
15587 2
15668 2
15796 1
15803 1
16013 1
16026 1
16094 3
16133 1
16193 1
16253 1
16355 2
16435 2
16456 1
16457 1
16546 4
16581 2
16596 1
16794 1
16796 1
16930 1
17004 1
17116 1
17383 1
17397 1
17461 1
17565 1
17761 1
17807 1
17821 1
17917 1
17993 1
18038 1
18116 1
18155 1
18165 1
18315 1
18399 3
18408 1
18545 1
18561 1
18677 1
18715 1
18855 1
19022 1
19090 1
19092 2
19160 2
19191 2
19320 1
19371 1
19565 1
19734 1
19735 1
19767 1
19784 1
19785 1
19820 1
19844 1
19943 1
20081 1
20132 1
20365 1
20376 1
20428 2
20514 1
20712 1
20972 1
21003 1
21079 1
21190 1
21432 1
21465 1
21483 1
21606 1
21607 1
21639 1
21684 1
21729 1
21742 1
22167 1
22212 1
22360 2
22368 1
22529 4
22539 2
23026 1
23081 3
23268 1
23371 1
23598 1
23625 1
23651 1
23726 1
23858 1
23942 5
23944 1
24057 1
24128 1
24129 1
24315 1
24473 1
24534 1
24775 1
24792 1
24918 1
25046 1
25194 1
25331 1
25389 1
25428 1
25496 1
25592 1
25991 2
26013 2
26066 1
26089 3
26128 1
26284 1
26371 1
26411 1
26541 1
26656 1
26898 1
26941 3
27349 1
27395 1
27542 2
27545 1
27624 1
27662 1
27674 1
27675 2
27972 1
28080 1
28154 1
28190 1
28260 1
28334 1
28622 1
29000 6
29022 1
29100 1
29194 1
29227 1
29443 1
29444 1
29542 3
29596 1
29784 1
29874 1
30033 1
30073 1
30175 1
30198 1
30234 1
30313 1
30455 1
30532 1
30578 1
30745 2
31281 1
31308 1
31367 1
31400 1
31542 1
31591 1
31838 1
31875 1
32060 1
32094 1
32095 1
32234 2
32365 1
32447 2
32472 1
32597 1
32992 1
33031 1
33084 2
33181 1
33420 1
33464 2
33562 1
33662 1
33754 1
33755 1
33935 1
33937 1
34127 1
34238 3
34540 1
34550 1
34752 1
34860 1
34883 3
34902 1
34967 1
35131 1
35428 1
35541 1
35672 1
36024 2
36350 2
36402 1
36467 1
36481 1
36507 1
36592 3
36615 1
36672 1
36771 1
37061 1
37093 1
37320 1
37496 1
37742 1
38079 1
38155 1
38307 1
38482 1
38674 1
38914 1
38982 1
39011 1
39092 3
39252 4
39344 2
39385 1
39508 1
39527 2
39563 3
39880 1
40179 1
40232 2
40273 1
40388 1
40470 1
40493 2
40779 1
40864 1
40922 1
41011 1
41038 1
41097 1
41105 1
41133 1
41158 5
41244 1
41299 1
41365 1
41466 1
41549 1
41573 1
41707 1
41908 1
42113 1
42173 1
42380 1
42443 3
42477 1
42527 1
42982 1
43197 1
43258 1
43287 1
43527 1
44177 1
44250 1
44387 1
44410 1
44496 1
44542 1
44809 1
44927 1
45145 1
45419 1
45617 1
46507 1
46690 2
46865 2
47076 1
47708 1
47820 1
48118 1
48170 2
48390 1
48429 1
48451 1
48562 2
49084 1
49161 1
49423 1
49684 1
49820 1
49859 1
50042 1
50210 1
50227 1
50301 1
50354 1
50393 2
50552 2
50733 1
51407 1
51431 1
51505 1
51842 1
51946 1
52031 1
52073 1
52203 1
52472 1
52766 1
52902 2
52930 1
52960 1
52964 1
53465 1
53732 1
53765 1
53768 1
53946 1
54138 1
54145 1
54187 1
55119 1
55138 2
55188 1
55435 1
55534 1
55741 1
55828 1
56025 1
56104 1
56185 1
56271 1
56308 1
56313 2
56458 1
56864 3
57239 1
57290 1
57404 1
57648 1
58047 1
58184 1
58315 1
58616 1
58697 1
59068 1
59355 1
59634 1
60182 1
60598 1
60621 2
61134 1
61314 2
61370 1
61944 1
62135 2
62365 2
62386 1
62403 1
62452 1
62892 1
62926 1
62939 1
63079 1
63117 1
63768 2
63985 1
64040 1
64507 1
64594 2
64701 1
65020 1
65068 1
65364 1
65652 1
65685 1
65768 1
66099 1
66454 1
66513 1
67040 1
67394 1
67470 1
67552 1
67640 1
67738 2
68329 1
68420 2
68570 1
68576 1
68829 2
68872 1
68890 1
69194 1
69388 1
69870 2
69917 1
69994 1
70283 1
70365 1
70389 1
70442 1
70632 2
70901 1
71171 1
71471 1
72165 1
72541 1
72863 1
72867 1
73314 2
73341 1
73345 1
73601 1
73721 1
74012 1
74152 1
74406 1
74613 1
74960 1
75742 1
75936 1
76385 1
77381 1
77471 1
77889 2
78302 1
78411 1
78894 1
78994 1
79148 1
79276 1
79323 1
79818 1
80317 1
80748 1
80820 1
81109 1
81147 1
81434 2
81650 1
81948 1
82159 1
82311 1
82613 1
82678 2
82738 1
83033 1
83437 2
83536 1
83594 2
84430 1
84996 2
85247 2
85347 1
85408 1
85504 1
85826 1
85901 1
86064 1
86339 1
86396 1
86541 1
86575 1
86666 1
86690 1
87058 1
87070 1
87346 1
87511 1
87815 2
87822 1
87855 1
88040 1
88170 1
88307 1
88320 1
88428 1
88942 1
89031 1
89523 1
89666 1
89936 1
90033 1
90213 1
90283 1
90583 1
91088 1
91457 1
91475 2
91532 1
91658 1
91916 1
92171 1
92262 1
92306 1
93128 1
93778 1
93846 1
93883 1
93929 1
94262 1
94361 1
94554 1
94841 1
95043 1
95199 1
95233 1
95384 1
95432 1
95700 1
95736 1
96173 1
96242 1
96271 1
96296 1
96366 1
96377 1
96394 1
96416 1
96451 1
96562 1
97513 1
97939 1
98123 1
98392 1
98837 3
98955 1
98995 1
99016 1
99159 1
99604 1
99649 1
99740 2
99780 1
99813 1
99946 2
100063 6
100105 1
100183 1
100310 1
100314 2
101228 1
101520 1
101985 1
102453 1
102474 1
103226 1
103230 1
104047 1
104165 2
104809 1
105072 1
105177 1
105209 1
105268 1
105452 5
105454 2
106173 1
106193 1
106473 1
106679 2
106785 1
106832 1
106940 1
107045 2
107398 1
107816 1
108112 1
108131 1
108324 1
108383 1
108389 1
108649 1
109251 1
109510 1
109513 1
109567 1
109930 1
110190 1
110287 1
110365 1
110386 2
110400 1
110622 1
110719 1
111658 2
112002 1
112110 1
112241 1
112242 1
113049 1
113090 1
113192 1
113232 1
113485 1
113637 1
113918 1
114018 1
114040 1
114280 1
114469 1
114527 2
114574 1
114581 1
114676 1
114900 1
115210 1
115348 1
115434 1
115534 1
115540 1
115549 1
115637 1
116007 1
116031 1
116058 1
116277 1
116289 1
116391 2
116961 1
117009 3
117113 1
117136 3
117393 1
117401 1
117480 1
117485 1
117539 1
117554 1
117556 1
117786 1
118290 1
118457 1
118667 1
118669 1
118671 1
119657 1
119852 2
120066 1
120572 1
121072 1
121940 1
122285 3
122811 1
123496 1
123768 1
124225 1
124955 1
125378 8
125392 1
125791 1
125809 1
126026 1
126189 2
126288 2
126476 1
126763 1
127147 1
127305 1
127597 1
127643 2
127644 1
127901 2
127923 1
128395 1
128408 5
128561 1
129096 1
129388 1
130380 1
130488 2
131073 1
131871 1
131934 1
131991 1
132073 1
132284 2
132365 1
132608 1
132878 1
132905 1
133093 1
133108 1
133457 4
133628 1
133677 1
134045 1
134129 1
134215 1
134518 1
134581 1
134640 1
134657 1
135294 1
135503 1
135543 1
135583 1
135637 1
135707 1
135787 1
135892 1
135966 2
136123 1
136153 1
136260 1
136377 2
136389 1
137183 1
137189 1
137574 1
137651 1
137666 1
137755 1
137903 1
137969 2
138065 1
138519 1
138547 1
138736 1
138783 1
138862 2
139233 1
139423 2
139715 1
140036 2
140060 1
140062 2
140109 1
140306 1
140654 1
140673 1
140920 1
141227 1
141463 1
142088 1
142335 1
142414 1
142710 1
142748 1
142865 1
143220 1
143598 1
143816 1
144548 1
145087 1
145112 1
145796 1
145939 1
146174 2
146406 1
146546 1
146615 1
146695 1
146906 1
146965 1
147135 1
147171 1
147436 2
147451 1
147602 1
147613 1
147615 1
147633 1
147635 2
147757 2
147762 1
148344 1
148445 1
148553 1
148798 1
149288 2
149344 4
149466 1
149561 1
149634 1
149688 1
150007 1
150198 1
150949 1
151081 1
151226 1
151720 1
151771 1
151851 1
151981 1
152027 1
152155 1
152645 1
153034 1
153158 1
153227 1
153262 1
153307 1
153681 5
153952 1
154275 1
154295 1
154616 1
155025 2
155546 1
155949 1
156111 1
156183 2
156658 1
156756 1
156881 1
156948 1
156954 1
157148 2
157180 1
157207 3
157899 1
157926 1
158002 1
158085 2
158360 1
158540 1
158705 3
158975 1
159092 1
159336 1
159403 1
159496 1
159579 1
159644 1
159864 1
160169 1
160282 1
160984 1
161773 2
161787 1
161814 2
162442 1
162483 1
162546 1
162547 1
162585 1
162592 2
162627 1
162757 1
162805 1
163497 1
163609 1
163671 2
163706 2
163709 1
163974 1
165579 1
165580 2
165619 1
165643 1
165822 2
165969 1
166111 1
166147 1
166154 1
166275 1
166403 5
166508 2
166834 1
167039 1
167318 1
167687 1
167862 3
168260 1
168632 1
169008 2
170140 1
170471 1
170565 1
171026 1
171169 1
171668 1
171691 1
172299 1
172508 3
172648 1
172778 1
172815 1
172852 2
172853 1
173050 1
173060 2
173231 1
173274 1
173369 1
174266 1
174308 1
175112 1
175282 1
175355 1
175360 1
175458 1
175543 1
176701 1
176880 1
177003 2
177049 1
177216 1
177257 1
177478 1
177533 1
177578 1
177694 1
177898 1
178083 2
178529 1
178611 1
179106 1
179487 2
179595 1
179888 1
179899 1
180336 2
180341 1
180398 1
180529 1
180793 1
181066 2
181134 1
181202 2
181505 2
181569 1
181720 2
181810 1
182042 1
182645 1
183220 1
183591 1
183728 1
184144 1
184294 1
184436 1
184666 1
185335 1
186251 1
186610 1
186740 1
186914 1
187023 1
187101 1
187127 1
187468 1
187487 1
187744 2
187795 1
188122 1
188249 1
188573 1
188654 1
188830 1
189337 1
189340 1
189505 1
190188 1
190546 1
190880 1
191119 1
191217 1
191530 1
191755 1
191900 1
192146 1
192348 1
192391 1
192633 3
193335 1
194061 2
194248 1
194287 1
194613 1
194679 1
194726 1
194763 1
195062 1
195713 1
195932 1
196090 3
196144 1
196410 2
196855 1
196957 1
197097 1
197122 1
197322 1
197385 3
197719 1
198111 1
198146 1
198482 1
198531 2
198800 1
198844 1
198983 1
199088 1
199157 1
199261 1
199271 1
199391 1
199550 1
199758 1
200332 1
200380 1
200512 1
200557 1
200605 3
200873 1
201259 1
201898 3
202162 1
202194 1
202275 1
202316 1
202494 1
202988 1
202999 1
203110 1
203443 1
203444 1
203590 1
203607 1
203856 1
204060 1
204312 1
204522 1
204620 2
204637 1
204678 1
204844 1
205113 1
205416 1
205425 1
205462 1
205706 1
205708 1
206146 1
206182 1
206276 1
206358 1
206663 2
206733 1
206948 1
206985 1
206995 1
207452 1
207503 1
207513 1
207538 2
207903 1
208319 1
208421 1
208487 2
208736 1
208819 1
209124 1
209673 1
209975 1
210156 1
210587 1
210673 1
210944 4
211263 1
211658 1
211674 1
211834 1
212128 1
212362 1
212398 1
212901 1
212956 1
213006 1
213512 1
214321 1
214528 2
214793 1
214800 1
214912 1
214968 1
215114 2
215128 3
215134 1
215304 1
215305 1
215442 1
215469 1
215549 1
215588 1
216085 1
216355 1
216454 1
216484 1
216720 2
216823 1
216862 1
217199 1
217544 2
217590 1
217627 1
217708 3
217726 1
217879 1
218031 1
218325 1
218370 1
218411 1
218432 1
218632 4
218926 1
219421 1
219469 2
219536 2
219597 1
220756 1
221148 1
221155 1
221188 1
221234 1
221409 1
221552 1
221607 1
221637 1
221649 1
221682 1
221930 1
222363 1
222449 3
222468 1
223000 2
223721 3
223757 1
223833 1
224401 1
224494 2
224579 1
224612 4
224699 1
224964 1
225161 1
225696 1
225826 1
225842 1
225855 1
225946 1
225961 1
226010 1
226155 1
226213 1
226412 1
226465 1
226626 1
226736 1
226796 1
227229 4
227513 1
227545 2
227585 1
227847 1
228276 1
228418 1
228557 1
228582 1
228587 1
229088 1
229114 1
229566 1
229695 1
229716 1
229907 1
231756 1
232053 1
232184 1
232209 1
232305 1
232397 1
232497 4
232857 1
233266 1
233267 2
233452 1
234366 1
234931 1
235249 1
236165 4
236232 2
237142 1
237216 1
237463 1
238006 1
238322 1
238711 2
239117 1
239419 1
239730 2
240185 1
240866 1
240963 1
241270 1
241523 1
241615 1
241901 6
241967 1
242343 2
242360 1
243332 1
243748 2
243945 1
244379 1
244514 1
244532 1
244613 2
244707 2
245008 1
245124 2
245134 1
245426 1
245650 1
245860 1
245884 2
246024 1
246470 1
246940 1
247086 1
247803 1
247866 1
248087 1
248695 1
249169 1
249325 1
249748 1
250895 1
251422 1
251574 1
251926 1
252669 1
252760 1
252874 1
252979 1
253312 1
253565 2
253822 1
254143 1
254237 1
254294 1
254387 1
254541 1
254696 2
255099 1
255245 1
255302 2
255404 1
255536 1
256453 1
256613 1
256719 1
256737 1
256985 1
256999 1
257250 1
257380 1
257536 1
257783 1
257914 1
258131 1
258282 1
258313 1
258501 2
259069 1
259299 1
259927 3
260143 4
260317 1
260318 1
260346 1
260396 1
260644 1
260705 3
260806 1
260887 1
261267 1
261292 12
262161 1
262714 1
263042 1
263332 1
264013 1
264095 1
264369 1
264429 1
264783 1
265092 1
265468 1
265479 2
266501 1
267252 1
267292 1
267807 1
268548 1
268706 2
268707 2
269019 1
269025 2
269072 1
269078 1
269160 1
269305 1
269904 1
271104 1
271207 3
271615 2
271620 1
273197 3
273596 1
275274 1
275521 1
275684 2
276018 2
277753 1
278235 1
278754 1
278839 2
279759 1
280019 1
280134 1
281386 1
281608 1
282227 1
282230 1
282236 1
282468 1
282512 1
282793 1
283070 1
283212 1
283852 1
284588 1
284698 1
284786 1
284860 1
285940 1
286079 1
286156 2
286285 2
286762 1
287376 1
287394 1
287638 1
287825 1
288609 1
288621 1
288654 1
288823 1
288844 1
289026 1
289317 1
290471 1
290533 1
291320 1
291381 1
292136 2
292300 1
292422 1
292533 1
292693 1
293057 1
293240 1
293331 1
293459 1
293487 1
293570 1
294022 1
294738 1
294832 1
295051 3
295056 1
295283 1
295404 1
295532 1
296323 1
297571 1
298137 1
298463 1
298477 1
298483 1
298878 1
299175 1
299219 1
299470 2
300243 1
300302 1
300946 1
300971 1
301178 1
302058 1
302251 2
302404 1
303281 1
304961 1
305104 1
305776 1
306274 1
306441 1
306451 1
306837 1
307680 1
307734 1
307930 1
308043 2
308346 1
308830 1
308923 1
309510 1
309568 1
309712 3
310579 1
310580 2
310648 1
310813 1
311381 1
311945 2
312942 1
314041 2
315479 1
315645 1
315903 1
316574 1
317005 1
317343 1
317750 1
317762 2
317982 2
318302 1
318389 1
318525 1
318887 8
319127 3
319177 1
319284 1
319673 1
319775 1
319960 1
320604 1
321091 1
323528 2
324162 2
325717 1
325845 1
326116 1
326327 1
326508 1
326661 1
326689 1
327449 2
327657 1
328130 1
328610 1
328632 1
329047 2
329498 2
330218 1
330634 1
330848 1
330870 1
331316 1
331480 1
332206 1
332229 1
332265 1
332743 1
333067 1
333079 1
333126 1
333294 1
333300 1
334177 1
334406 1
334451 1
334924 1
335207 1
335227 2
335234 1
335411 1
336158 2
336333 1
338509 1
339318 1
340139 5
340995 16
344283 1
344356 3
344572 3
344669 1
344837 1
345135 1
345842 1
346450 1
346598 2
347050 1
347345 4
347399 2
347554 1
349019 1
350827 2
351238 1
351618 1
351727 2
352627 2
353463 1
353811 1
356409 1
356506 2
358639 1
358802 1
358812 1
360385 1
360437 1
361073 1
361659 1
362777 1
362876 1
363756 1
363946 1
364544 1
364780 1
366405 1
366707 1
366912 1
367047 1
367254 1
368191 1
368561 2
368742 1
369847 1
369889 1
370848 1
371467 1
371720 2
371725 1
373363 1
374413 1
374636 2
375587 1
375855 1
376306 1
376456 1
376535 1
376789 1
377038 1
378426 1
378548 1
380576 1
381432 1
381638 1
381776 1
381803 2
382296 1
382804 1
383249 1
384244 1
384293 1
384493 1
384793 1
384811 1
384977 1
385238 1
385440 1
385892 2
385971 1
385984 2
386794 1
387467 1
387670 1
388383 1
388751 1
389718 2
389763 1
390017 1
390151 1
390440 1
391113 1
391487 2
392465 1
392871 1
393111 1
393128 2
393664 1
394089 1
395881 5
396673 1
397265 1
397551 1
397690 1
397930 2
398545 1
399069 1
399605 1
399651 1
400739 2
401707 1
401815 1
402822 1
402909 1
403740 1
403901 1
403980 1
404489 1
404714 1
405241 1
405399 1
405420 1
405562 1
406587 1
407246 1
407681 1
407891 2
408073 1
408329 1
408691 1
409045 1
410426 1
410855 1
411677 1
411857 1
412088 2
412840 1
413184 1
413612 1
413988 1
414644 1
415197 1
416298 1
416320 1
416461 1
418171 1
418540 1
419207 1
419371 1
419510 1
419892 1
420187 5
420396 1
420511 1
420623 1
422026 1
422948 3
423148 1
423276 1
423668 1
424406 1
424973 1
426013 1
426233 1
426740 1
426833 1
426974 1
427237 1
427506 1
427595 3
427960 1
428529 2
428623 1
428749 1
428881 2
429326 1
429348 1
429352 1
429696 2
430209 1
430248 1
430385 1
430544 1
431441 1
431454 1
431688 1
431716 1
433064 1
433655 1
433984 1
434075 1
435823 1
435955 1
436123 1
437095 1
437734 1
437898 1
437930 1
438653 2
438704 1
438967 1
439299 1
439355 1
441196 1
441507 1
441833 1
442001 1
442139 1
442983 1
443146 1
443229 1
443273 1
443704 1
443772 1
443857 1
444781 1
445273 1
445555 1
445592 1
445851 1
446115 1
446453 1
446493 2
446850 1
447247 1
447478 1
447653 1
447994 1
448049 3
448088 1
448338 1
448430 2
448443 1
448639 1
449062 1
449232 1
449319 1
449648 1
449824 1
450327 2
450380 1
450453 1
451685 1
452519 1
452910 1
453634 2
454488 1
455213 1
455222 1
456861 1
457047 1
457177 1
457341 5
457705 1
458190 1
458512 1
458846 1
458851 1
458868 1
458965 1
459480 1
460596 1
462445 1
462970 1
463246 1
463269 1
463939 1
464600 1
464968 1
465515 1
465829 2
466119 1
467110 1
467201 1
467819 1
468130 1
468715 1
469097 1
470128 1
471221 1
472006 1
472628 1
472818 1
473191 1
474776 2
474962 1
475144 1
475510 1
475726 1
476706 1
476778 1
476870 1
477203 1
478109 1
480584 1
480687 1
480704 1
481325 1
481366 1
481592 1
481709 1
482751 1
483345 1
483383 3
483388 1
483509 1
483853 1
484711 1
485114 1
486665 1
486994 1
487779 1
489109 1
489308 1
489687 1
490030 1
490363 1
490464 1
491185 1
491218 1
491556 1
492038 1
492396 1
492788 1
493528 1
493908 1
494660 1
495833 2
496362 1
496376 1
496656 1
498198 1
498248 2
498654 1
498847 2
498922 1
499175 1
499928 1
500961 1
501114 1
501123 1
501171 1
502816 1
502888 1
505826 1
506042 1
506153 1
507370 1
507392 1
507463 1
508236 1
508590 1
508920 1
509279 1
509636 1
510074 1
510512 2
510555 1
510596 1
512211 1
512535 1
513005 2
513227 1
513661 1
514190 1
514569 1
514798 1
516899 1
517169 1
517202 1
517330 4
517724 1
517869 2
530235 2
530485 1
530857 1
531067 1
531392 1
531554 1
531608 1
531688 1
531717 1
531965 1
532093 1
533040 1
533343 1
535203 1
535511 1
535650 2
535991 1
537214 1
538757 1
539878 1
540257 1
542189 1
542690 1
542921 1
544497 1
546044 1
547005 3
547604 1
547775 1
549043 1
550290 1
550494 1
550553 1
551104 1
551244 1
553530 1
554241 1
554463 7
556365 1
556649 1
557166 4
558232 2
560213 1
560869 1
561074 1
561278 1
561507 1
561550 1
561562 1
561567 1
561757 1
561758 1
562197 1
563799 1
565171 1
565248 1
565757 2
566153 1
566715 1
569944 1
570369 1
570643 1
571150 2
571222 1
571600 1
571771 1
572391 1
572440 1
572613 1
572838 1
575630 1
578050 4
578469 1
578739 1
578915 1
579333 1
580044 1
580070 1
580471 1
580775 1
581103 1
581495 1
582361 2
582442 1
583625 2
583656 1
583837 1
584101 1
584294 2
585228 1
585487 1
586524 1
586686 1
586790 1
587018 1
587258 1
587630 1
587843 1
588559 1
589540 1
589818 1
590761 1
590872 1
591237 5
593256 1
593331 1
593784 2
593949 1
594407 1
594541 1
594764 1
594816 1
594875 1
594883 1
594892 1
595329 2
595501 1
595525 1
596008 1
596780 1
597037 1
597049 1
597898 4
598819 1
599795 1
600246 1
600398 1
600470 1
600669 1
600697 1
601007 1
601169 1
601655 2
602395 1
602739 1
602952 1
604334 1
605000 1
605316 1
605332 1
605838 1
606656 1
607100 1
607317 2
608971 4
609398 1
611609 1
611862 1
612236 1
612613 1
612798 1
612995 1
613301 1
613752 2
614235 1
614579 1
616044 1
616312 1
616837 1
617438 1
617878 1
618123 1
618318 2
618469 1
619128 1
619630 1
619867 1
620079 1
620279 1
620993 1
621113 1
621512 1
621620 1
621685 1
622119 1
622270 1
622936 1
622987 1
623412 1
623469 1
623904 1
624174 1
624337 1
624470 1
624527 1
624853 1
624859 6
625489 1
625785 1
626139 1
627066 1
627262 1
627478 1
627619 1
627940 1
628290 1
629207 1
629219 1
629496 1
629675 1
629973 1
630288 1
630523 1
630583 1
631908 1
632162 1
632300 1
633222 1
633471 2
634084 2
634234 2
634442 1
635063 1
635265 1
636088 1
636123 1
636617 1
636621 1
637261 1
637338 1
637629 1
637857 1
638144 3
638269 1
638663 1
638887 1
639268 1
639726 1
640072 1
640132 1
640161 1
640624 1
641108 1
641215 1
641390 3
641606 1
641982 1
642022 4
642198 1
642941 1
644131 1
644721 1
645284 1
645468 1
645493 1
645582 1
645765 1
645806 1
645808 1
646478 1
646817 1
647127 1
647191 1
647210 1
647903 1
648083 1
648652 1
648684 1
648719 1
648791 1
648932 1
648948 1
648997 1
649106 1
649191 1
649593 1
650096 1
650203 1
650249 1
650361 1
650535 1
650625 1
650643 4
650976 1
651370 1
651524 5
651682 1
651712 1
651901 1
651962 1
651977 1
652114 1
652515 1
652530 1
652642 1
652651 1
652677 1
652683 1
652684 1
652699 1
652702 1
652703 1
652716 1
652717 2
652724 1
652763 1
652768 1
652796 1
652807 1
652823 1
652826 1
652827 1
652841 1
652885 1
652889 1
652894 2
652905 1
652909 1
652914 1
652921 1
652923 1
652924 1
652940 1
652960 2
652988 1
653020 1
653047 1
653050 1
653089 1
653102 1
653105 1
653112 1
653128 1
653199 1
653200 1
653222 1
653313 1
653330 2
653331 2
653346 1
653369 1
653392 1
653424 1
653457 1
653480 1
653493 1
653504 1
653509 1
653510 1
653559 1
653568 1
653581 1
653582 2
653587 1
653606 1
653614 3
653615 2
653630 1
653654 1
653661 1
653666 1
653669 1
653673 1
653678 1
653686 1
653687 1
653696 1
653716 1
653747 1
653767 1
653772 1
653785 1
653804 1
653809 1
653822 1
653827 1
653836 1
653843 1
653850 1
653882 1
653891 1
653903 1
653932 1
653935 1
653942 3
653958 1
653976 1
653979 1
653988 1
654004 1
654015 1
654018 1
654026 1
654027 1
654043 1
654054 1
654065 2
654080 1
654100 1
654143 1
654149 1
654155 1
654163 1
654166 1
654173 1
654180 1
654190 1
654195 1
654198 1
654201 1
654234 1
654239 1
654242 1
654284 1
654285 1
654290 1
654302 1
654314 1
654327 1
654338 1
654369 1
654372 1
654381 1
654384 1
654398 1
654440 1
654468 1
654484 1
654485 1
654497 1
654503 1
654506 2
654516 1
654517 1
654518 1
654525 1
654538 1
654551 1
654556 1
654576 1
654578 1
654587 1
654598 1
654622 1
654627 1
654634 1
654639 1
654657 1
654691 1
654722 1
654732 1
654753 1
654761 1
654762 1
654773 1
654797 1
654799 1
654802 1
654805 1
654825 2
654827 1
654847 1
654901 1
654917 1
654942 1
654943 1
654965 1
654968 1
654994 1
654995 1
655002 1
655011 1
655016 1
655038 2
655052 1
655058 1
655089 1
655091 1
655092 1
655096 1
655102 6
655129 1
655142 1
655143 1
655145 1
655156 1
655168 1
655188 1
655205 1
655239 1
655242 2
655243 1
655252 1
655253 2
655258 1
655276 1
655277 1
655300 1
655316 1
655334 2
655335 1
655353 1
655367 1
655374 1
655388 1
655401 1
655405 1
655406 1
655422 1
655425 1
655433 1
655435 1
655436 1
655437 1
655442 2
655446 1
655447 1
655473 1
655474 1
655513 1
655530 1
655540 1
655547 1
655551 1
655553 1
655565 1
655566 1
655579 2
655582 1
655590 1
655593 1
655596 1
655603 1
655612 1
655614 3
655621 1
655640 1
655641 1
655646 1
655653 1
655671 1
655684 1
655693 1
655694 1
655696 2
655716 1
655717 1
655724 1
655730 1
655731 1
655749 1
655766 1
655777 1
655781 1
655791 1
655792 1
655815 1
655822 2
655824 1
655856 1
655867 1
655886 1
655945 1
655951 1
655960 1
655970 2
655977 1
655980 1
656003 2
656021 1
656032 1
656042 1
656063 1
656082 2
656083 1
656084 1
656085 1
656087 1
656088 1
656093 1
656097 1
656098 1
656121 1
656138 1
656160 1
656203 1
656205 1
656208 1
656223 1
656224 3
656225 1
656232 1
656237 2
656256 1
656273 1
656278 2
656299 1
656308 1
656315 1
656316 1
656326 2
656346 1
656400 1
656405 1
656414 1
656418 1
656421 1
656424 1
656428 1
656430 1
656431 1
656434 1
656442 1
656457 1
656458 1
656468 2
656471 2
656485 3
656504 1
656514 1
656530 1
656542 1
656560 2
656561 1
656568 1
656577 1
656643 1
656648 1
656659 1
656660 1
656709 1
656710 1
656716 1
656719 1
656733 1
656802 1
656813 1
656824 1
656833 1
656858 1
656861 1
656892 1
656901 2
656908 1
656917 1
656918 1
656930 1
656943 1
656944 1
656950 1
657001 1
657004 1
657009 1
657014 1
657033 1
657036 1
657039 2
657074 1
657090 1
657096 1
657107 2
657113 1
657125 1
657128 1
657131 1
657133 2
657176 1
657179 1
657188 1
657189 1
657192 1
657193 2
657201 1
657207 1
657216 1
657219 1
657238 1
657271 1
657288 1
657309 1
657317 1
657333 1
657345 1
657401 1
657406 1
657413 1
657441 1
657452 1
657459 1
657466 1
657523 1
657540 3
657547 1
657550 1
657558 1
657559 1
657597 2
657606 1
657628 1
657631 1
657639 1
657654 1
657675 1
657703 1
657709 1
657710 1
657713 1
657716 1
657717 1
657727 2
657743 1
657746 2
657760 1
657793 5
657802 1
657830 1
657849 1
657850 1
657874 1
657875 5
657877 1
657904 1
657912 1
657922 1
657938 1
657960 1
657989 1
657999 1
658008 1
658012 1
658013 1
658018 1
658030 1
658033 2
658042 1
658045 1
658048 2
658057 1
658078 1
658107 1
658110 2
658114 1
658157 1
658183 1
658193 1
658195 1
658206 1
658244 1
658259 1
658260 1
658265 1
658266 1
658269 1
658291 1
658298 1
658314 1
658322 2
658327 2
658349 3
658358 1
658361 1
658384 1
658466 1
658471 1
658504 1
658523 1
658526 1
658539 1
658564 1
658592 1
658607 1
658626 1
658627 1
658628 1
658660 1
658672 1
658680 2
658684 1
658685 1
658703 1
658708 1
658760 1
658762 1
658763 1
658802 1
658826 1
658842 1
658844 2
658845 2
658853 1
658854 1
658865 1
658870 1
658880 1
658901 1
658906 1
658911 1
658943 1
658945 1
658946 1
658953 2
658957 1
658962 1
658974 1
658977 1
658993 1
659015 1
659032 1
659046 1
659049 1
659052 1
659078 1
659080 1
659083 1
659088 2
659108 1
659111 1
659145 1
659148 1
659158 1
659165 1
659179 1
659180 1
659185 1
659188 1
659196 1
659220 1
659224 1
659229 1
659273 1
659287 1
659288 5
659325 1
659348 1
659357 1
659361 1
659368 1
659400 1
659404 1
659407 2
659414 1
659430 1
659433 1
659490 1
659499 1
659502 1
659529 1
659532 1
659543 1
659558 1
659574 1
659589 1
659594 1
659617 1
659619 1
659622 1
659650 1
659672 1
659674 1
659677 1
659688 1
659689 1
659693 1
659713 1
659724 1
659728 1
659752 1
659768 1
659778 1
659781 1
659804 1
659815 1
659816 1
659819 1
659823 1
659834 1
659843 1
659870 1
659877 1
659878 1
659884 1
659893 1
659898 1
659899 1
659912 1
659917 1
659925 1
659949 1
659952 1
659956 1
659981 2
659982 1
659986 1
659992 1
659994 1
659995 1
660031 1
660032 1
660035 1
660045 1
660059 1
660068 1
660069 1
660086 1
660089 1
660091 1
660097 1
660107 1
660112 1
660135 1
660145 1
660148 1
660152 1
660155 2
660158 1
660169 2
660170 1
660178 1
660183 1
660190 1
660191 1
660194 1
660203 1
660204 1
660207 1
660216 1
660217 2
660226 1
660231 1
660259 1
660260 1
660262 1
660271 1
660273 1
660274 1
660295 1
660307 1
660310 1
660313 1
660328 1
660335 1
660339 1
660340 1
660390 1
660393 1
660427 1
660432 1
660439 1
660441 1
660446 1
660453 1
660456 1
660459 1
660483 1
660498 1
660510 1
660524 1
660539 1
660557 1
660570 1
660572 1
660573 1
660579 1
660587 1
660595 1
660605 1
660618 1
660623 1
660624 1
660634 1
660663 1
660687 1
660690 1
660697 2
660720 1
660725 1
660727 1
660753 1
660755 1
660777 1
660784 1
660796 1
660814 1
660816 1
660818 1
660825 1
660834 1
660835 1
660856 1
660873 1
660874 1
660875 1
660885 1
660894 1
660895 1
660896 1
660922 1
660934 1
660953 1
660968 1
660999 1
661009 1
661010 1
661043 1
661067 1
661069 1
661088 1
661101 1
661106 1
661111 1
661114 1
661131 1
661153 1
661168 1
661179 1
661206 1
661223 1
661237 1
661249 1
661275 1
661305 1
661345 1
661348 1
661361 1
661371 1
661374 1
661378 1
661382 1
661383 1
661395 1
661411 1
661412 1
661415 1
661431 1
661497 1
661502 1
661509 1
661510 1
661516 2
661539 1
661564 1
661577 1
661580 1
661588 2
661596 1
661597 1
661623 1
661628 1
661629 1
661653 1
661663 1
661667 1
661678 1
661683 1
661697 3
661702 1
661714 1
661721 1
661722 1
661738 1
661743 1
661757 1
661764 1
661765 2
661772 1
661781 1
661782 1
661791 1
661816 1
661831 1
661837 1
661851 1
661862 1
661863 2
661888 1
661897 1
661922 1
661923 1
661927 1
661930 1
661931 1
661932 1
661935 1
661946 1
661957 1
661985 1
661994 1
661998 1
662009 1
662017 1
662019 1
662020 1
662036 1
662044 1
662092 1
662099 1
662206 1
662210 1
662213 1
662235 1
662239 1
662255 1
662266 1
662273 1
662278 1
662313 1
662351 1
662358 1
662361 1
662366 1
662396 1
662401 2
662408 1
662460 1
662463 1
662478 1
662486 1
662518 1
662531 1
662601 1
662606 1
662622 1
662625 1
662643 2
662651 2
662652 1
662657 1
662682 1
662684 1
662687 1
662689 1
662694 1
662702 1
662718 1
662723 1
662724 1
662728 1
662737 1
662741 1
662747 1
662759 1
662761 1
662781 1
662860 1
662927 1
662945 2
662947 1
662949 10
662950 1
662966 1
662974 1
662987 1
663019 1
663032 1
663039 1
663050 1
663053 1
663061 1
663067 1
663092 1
663095 1
663096 1
663100 1
663108 2
663129 1
663136 1
663142 1
663146 1
663159 1
663165 1
663171 1
663174 1
663202 1
663214 1
663224 1
663236 1
663243 1
663246 1
663259 1
663262 1
663266 1
663297 1
663304 1
663308 1
663312 1
663332 1
663387 1
663392 1
663397 1
663404 1
663411 1
663422 1
663439 1
663455 1
663474 1
663478 1
663482 1
663512 1
663515 1
663531 1
663532 1
663540 1
663556 1
663565 1
663570 1
663573 1
663575 1
663578 1
663581 1
663591 1
663593 1
663608 1
663627 1
663635 1
663637 1
663642 1
663648 1
663657 1
663701 1
663710 1
663723 1
663735 1
663742 1
663765 1
663766 1
663773 1
663786 1
663793 1
663794 1
663803 1
663807 1
663853 1
663866 1
663884 1
663892 1
663895 1
663896 1
663906 1
663907 1
663909 1
663913 1
663915 1
663916 1
663921 1
663930 1
663935 1
663943 1
663955 1
663958 1
663968 1
663978 2
663985 1
663989 1
663995 2
663997 1
663998 1
664023 1
664029 1
664039 1
664040 1
664048 1
664052 1
664069 1
664070 1
664095 1
664109 1
664113 2
664119 1
664126 1
664140 2
664154 2
664162 1
664167 1
664173 1
664181 1
664190 1
664208 2
664215 1
664229 1
664230 1
664240 1
664248 1
664251 1
664262 1
664271 1
664289 1
664293 1
664296 1
664331 1
664332 2
664335 1
664353 1
664358 1
664361 1
664373 1
664385 1
664393 2
664402 2
664412 1
664414 1
664417 1
664418 1
664421 1
664437 1
664443 1
664452 1
664455 1
664468 1
664513 1
664546 2
664547 1
664554 1
664595 1
664616 1
664633 1
664647 1
664652 1
664657 1
664661 1
664662 1
664676 1
664680 1
664683 1
664697 1
664698 1
664732 1
664739 1
664742 1
664753 1
664776 1
664778 1
664786 1
664797 1
664801 1
664806 1
664824 1
664833 1
664855 1
664864 1
664875 1
664882 1
664886 1
664920 1
664924 1
664928 1
664938 1
664941 1
664963 1
664964 1
664994 1
664997 1
665000 7
665009 1
665034 1
665035 1
665043 1
665067 1
665070 1
665085 1
665102 1
665104 1
665117 1
665118 1
665120 1
665125 1
665131 1
665140 1
665166 1
665167 1
665169 1
665184 1
665192 1
665210 1
665215 1
665221 2
665222 1
665246 1
665264 1
665274 1
665282 1
665286 1
665291 1
665301 1
665302 1
665307 1
665309 1
665321 1
665342 1
665350 1
665354 1
665369 3
665371 1
665374 1
665381 1
665385 1
665386 1
665420 1
665431 1
665445 1
665449 1
665461 1
665466 1
665471 1
665477 2
665492 1
665494 1
665505 1
665516 1
665525 1
665541 1
665565 1
665604 1
665607 3
665617 1
665619 1
665620 1
665623 1
665639 1
665648 1
665669 1
665676 1
665679 1
665685 1
665695 2
665705 1
665710 1
665711 1
665719 1
665721 1
665736 1
665741 1
665744 1
665765 1
665781 2
665787 1
665804 1
665806 1
665814 1
665831 1
665842 1
665846 1
665864 1
665868 1
665879 1
665884 1
665907 1
665927 1
665928 1
665943 1
665945 1
665951 1
665952 1
665956 2
665959 1
665972 1
666031 1
666036 2
666038 1
666046 1
666069 1
666087 1
666090 1
666096 1
666130 1
666145 5
666148 1
666206 1
666209 2
666236 1
666241 1
666244 1
666254 1
666259 1
666262 1
666267 1
666274 1
666276 1
666278 1
666289 1
666311 1
666312 1
666322 1
666330 1
666343 1
666356 1
666366 1
666367 1
666373 1
666382 1
666395 1
666404 1
666415 1
666416 1
666423 1
666432 1
666433 1
666434 1
666454 2
666459 1
666461 1
666468 1
666488 1
666516 1
666526 1
666561 1
666564 1
666577 1
666580 1
666587 1
666596 1
666617 2
666619 1
666621 1
666630 1
666642 1
666643 5
666661 1
666686 1
666694 1
666696 2
666699 1
666700 1
666701 1
666704 1
666710 3
666715 1
666729 1
666737 1
666762 1
666781 1
666789 1
666792 1
666812 1
666825 1
666829 1
666834 2
666849 2
666877 1
666888 1
666892 1
666897 1
666906 1
666918 1
666933 1
666937 1
666943 1
666970 1
666976 1
666989 1
666991 1
666999 1
667005 1
667010 1
667020 1
667038 1
667054 1
667073 1
667098 1
667104 1
667108 1
667111 1
667117 1
667145 1
667148 1
667168 1
667170 1
667183 1
667185 1
667195 1
667201 1
667214 1
667217 1
667223 1
667228 1
667233 1
667240 1
667247 1
667248 1
667254 1
667264 1
667279 1
667306 1
667307 1
667326 1
667331 1
667333 1
667343 1
667349 1
667362 1
667365 1
667380 1
667425 1
667445 1
667453 2
667466 1
667485 1
667488 1
667489 2
667492 1
667502 1
667503 1
667513 2
667517 1
667524 1
667536 1
667540 1
667559 1
667570 1
667576 1
667577 1
667585 1
667586 1
667592 2
667599 1
667600 1
667620 1
667625 1
667644 2
667652 1
667666 1
667681 1
667690 1
667696 1
667697 1
667698 1
667722 1
667723 1
667742 2
667751 1
667760 1
667767 1
667780 1
667800 1
667805 3
667808 1
667809 1
667825 1
667834 1
667843 2
667856 1
667903 1
667914 1
667921 1
667929 1
667930 1
667943 1
667950 1
667957 1
667960 1
667964 1
667981 1
667996 1
667997 1
668050 1
668053 1
668062 1
668069 1
668092 1
668107 1
668117 1
668122 1
668125 1
668126 1
668132 1
668162 1
668170 1
668175 1
668202 1
668206 1
668214 1
668219 1
668220 1
668223 1
668224 1
668246 1
668260 1
668277 2
668282 1
668306 1
668309 1
668313 1
668315 1
668317 1
668332 1
668333 1
668335 1
668338 1
668355 1
668362 1
668367 1
668376 1
668378 1
668391 1
668403 1
668406 1
668413 1
668416 1
668450 1
668452 1
668481 2
668486 1
668491 1
668501 1
668504 4
668505 1
668520 1
668576 1
668579 1
668582 1
668591 1
668600 1
668602 1
668622 1
668627 1
668651 1
668661 1
668687 1
668698 1
668701 1
668702 1
668717 1
668720 1
668733 1
668749 1
668756 1
668765 1
668767 1
668787 2
668790 1
668804 1
668806 1
668811 1
668817 1
668820 1
668821 1
668828 1
668830 1
668839 1
668840 1
668849 1
668856 1
668872 1
668881 1
668892 1
668925 1
668934 1
668942 1
668951 1
668975 1
668977 1
668984 1
668987 1
669000 1
669001 1
669027 1
669032 1
669035 1
669043 1
669048 1
669059 1
669061 1
669073 1
669081 1
669087 1
669089 1
669100 1
669101 1
669111 1
669115 1
669119 1
669120 1
669124 1
669125 1
669136 1
669138 1
669141 1
669146 1
669155 1
669160 1
669191 1
669216 1
669226 1
669229 1
669238 1
669246 1
669251 1
669254 1
669261 1
669266 1
669267 1
669270 1
669285 2
669288 1
669306 1
669309 1
669311 1
669323 1
669326 1
669327 1
669357 1
669360 1
669363 1
669364 1
669368 1
669371 2
669372 1
669375 1
669378 1
669381 1
669386 1
669394 1
669405 1
669438 1
669439 1
669450 1
669456 1
669460 1
669463 1
669464 1
669475 1
669477 1
669488 1
669510 1
669513 1
669520 1
669534 1
669544 1
669555 1
669558 1
669571 1
669594 1
669636 1
669641 1
669646 1
669648 1
669649 1
669651 1
669655 1
669657 1
669664 1
669701 1
669704 1
669710 1
669719 1
669742 1
669743 1
669747 1
669760 1
669767 1
669773 1
669777 2
669792 1
669800 1
669818 1
669855 1
669858 1
669867 1
669881 1
669884 2
669888 1
669903 1
669908 1
669913 1
669925 1
669939 1
669954 1
669960 1
669974 1
669984 1
669985 1
669995 2
670004 1
670011 1
670018 1
670036 1
670061 1
670076 1
670083 1
670096 1
670099 1
670100 1
670109 1
670111 1
670117 1
670119 1
670120 1
670143 1
670154 1
670186 1
670223 1
670227 1
670245 1
670246 1
670259 1
670270 1
670274 1
670277 1
670292 1
670298 1
670312 1
670317 1
670347 1
670392 1
670399 1
670402 1
670403 1
670404 1
670438 1
670440 1
670456 1
670461 5
670468 2
670470 1
670487 1
670488 1
670489 1
670490 1
670491 1
670500 1
670505 1
670506 1
670511 1
670514 1
670523 1
670529 1
670536 1
670573 1
670577 1
670579 1
670598 1
670608 1
670609 1
670624 1
670628 2
670654 1
670658 1
670682 1
670686 1
670710 1
670727 2
670728 2
670732 1
670733 1
670778 1
670781 1
670792 1
670806 1
670809 1
670810 1
670815 1
670817 1
670826 1
670831 1
670832 1
670841 1
670845 1
670852 2
670861 1
670879 1
670884 1
670886 1
670893 1
670899 1
670910 1
670918 1
670924 1
670935 1
670936 1
670940 1
670944 1
670956 1
670962 2
670976 1
670990 1
670994 1
671008 1
671019 3
671021 1
671035 1
671036 1
671037 1
671044 1
671046 1
671064 1
671073 1
671086 1
671097 1
671101 1
671106 1
671120 1
671128 2
671159 1
671176 1
671220 1
671224 1
671233 1
671236 1
671250 1
671259 1
671262 1
671275 1
671278 1
671300 1
671307 1
671340 1
671341 1
671355 1
671360 1
671363 1
671379 1
671411 1
671423 1
671434 1
671436 2
671442 1
671450 1
671456 1
671457 1
671458 1
671475 1
671476 1
671477 1
671488 1
671493 1
671494 1
671495 1
671525 1
671529 1
671541 1
671550 1
671555 1
671559 1
671566 1
671569 2
671574 1
671579 1
671588 1
671607 1
671627 1
671641 1
671661 1
671662 1
671668 3
671672 1
671682 1
671683 1
671687 1
671690 1
671702 1
671720 1
671729 1
671734 1
671737 1
671740 1
671753 1
671760 1
671774 1
671778 1
671782 1
671785 1
671795 1
671809 2
671824 1
671838 2
671848 2
671854 1
671856 1
671876 1
671878 1
671897 1
671907 1
671941 1
671948 1
671951 1
671958 1
671963 1
672005 1
672009 1
672016 1
672026 1
672031 1
672045 1
672054 1
672059 1
672064 1
672075 1
672076 1
672077 1
672083 1
672103 1
672109 1
672122 1
672129 1
672132 1
672133 1
672137 1
672151 1
672154 1
672168 2
672171 2
672190 1
672196 1
672198 2
672201 1
672207 1
672216 1
672224 1
672227 1
672230 1
672239 1
672252 1
672273 1
672287 1
672301 1
672302 1
672318 1
672322 1
672328 1
672337 1
672342 1
672352 2
672364 1
672371 1
672373 2
672376 1
672380 1
672384 1
672388 1
672396 1
672404 1
672405 1
672425 1
672428 2
672435 1
672451 1
672455 1
672458 1
672472 1
672474 1
672476 1
672483 1
672495 1
672496 1
672502 1
672507 1
672534 1
672541 1
672545 1
672548 1
672556 1
672564 1
672568 1
672570 1
672573 1
672581 1
672590 1
672596 2
672606 1
672616 1
672617 1
672639 1
672640 1
672646 1
672657 1
672667 1
672691 1
672695 1
672702 1
672703 1
672754 1
672765 1
672777 1
672782 1
672787 1
672803 1
672815 1
672817 1
672821 1
672828 1
672839 1
672889 1
672891 1
672900 1
672918 1
672928 1
672945 1
672953 1
672958 1
672964 1
672965 1
672983 1
672986 1
673016 1
673020 1
673029 1
673033 1
673039 1
673041 1
673049 1
673051 1
673068 1
673073 1
673076 1
673102 1
673112 1
673126 1
673136 1
673145 1
673150 1
673151 1
673156 1
673159 1
673165 1
673170 1
673175 1
673178 1
673179 1
673180 1
673182 1
673187 1
673204 1
673209 1
673210 1
673222 2
673227 1
673247 1
673267 1
673269 1
673278 1
673280 1
673303 1
673320 1
673331 1
673338 2
673347 1
673359 2
673364 1
673365 4
673366 1
673387 1
673395 1
673404 1
673421 1
673423 1
673426 1
673429 1
673477 1
673489 1
673492 1
673509 1
673512 1
673517 1
673528 1
673538 1
673545 1
673548 1
673559 1
673568 1
673571 1
673589 1
673608 1
673616 1
673638 1
673652 1
673659 1
673676 1
673679 1
673683 1
673690 1
673700 1
673701 1
673702 1
673703 1
673712 1
673725 1
673734 1
673742 1
673758 1
673759 1
673785 1
673828 1
673829 1
673851 1
673854 1
673862 1
673873 1
673878 1
673888 1
673914 1
673915 1
673939 1
673942 1
673944 1
673952 1
673962 1
673969 1
673977 1
673988 6
674000 1
674002 1
674015 1
674016 1
674020 2
674028 1
674029 1
674036 1
674046 1
674060 1
674079 1
674086 1
674096 1
674104 1
674113 1
674131 1
674142 1
674144 1
674150 1
674156 1
674177 2
674185 1
674203 1
674225 1
674241 1
674242 1
674247 1
674272 1
674307 1
674313 1
674315 1
674338 1
674345 1
674355 1
674360 1
674372 1
674373 1
674408 1
674409 1
674413 1
674423 1
674432 1
674452 1
674457 1
674475 2
674482 1
674486 1
674498 1
674536 1
674546 1
674551 2
674567 1
674575 1
674578 1
674589 1
674596 1
674604 1
674605 1
674606 1
674612 1
674634 1
674639 1
674659 1
674661 1
674664 1
674667 1
674669 1
674670 1
674678 1
674682 1
674699 1
674704 1
674706 1
674710 1
674739 2
674746 1
674747 1
674750 1
674779 1
674781 1
674785 1
674795 1
674803 1
674820 1
674821 1
674838 1
674845 1
674846 1
674848 1
674855 1
674870 1
674874 1
674892 1
674909 1
674912 1
674913 1
674942 2
674944 1
674952 1
674966 1
674967 1
674969 1
674970 1
674971 1
674987 1
674990 1
674992 1
675001 1
675011 1
675019 1
675024 1
675029 1
675036 1
675040 1
675053 1
675061 1
675062 1
675064 1
675072 1
675083 1
675091 1
675106 1
675111 1
675117 1
675121 2
675126 1
675144 1
675155 1
675156 1
675176 1
675178 1
675185 1
675187 1
675216 1
675219 1
675220 1
675226 1
675257 1
675280 1
675292 2
675303 1
675312 2
675333 1
675335 1
675354 1
675367 1
675379 1
675437 1
675456 1
675465 1
675491 2
675505 2
675508 1
675514 1
675526 1
675536 1
675602 1
675606 1
675634 1
675640 2
675669 1
675695 2
675698 1
675708 2
675738 1
675739 1
675772 1
675783 1
675786 1
675797 1
675799 1
675825 1
675832 1
675843 1
675844 1
675872 1
675878 1
675879 1
675886 1
675889 1
675890 1
675891 1
675916 1
675919 1
675933 1
675940 2
675949 1
675955 1
675958 1
675959 1
675974 1
675989 1
675991 1
676008 1
676012 1
676073 1
676083 1
676100 1
676101 2
676102 3
676105 1
676116 1
676118 1
676133 1
676136 2
676139 1
676141 1
676152 1
676158 1
676189 1
676218 1
676234 1
676252 1
676263 1
676288 1
676309 1
676310 1
676321 1
676333 1
676336 1
676339 1
676357 1
676374 1
676384 2
676413 1
676414 1
676433 1
676447 1
676475 1
676480 1
676488 1
676502 1
676508 1
676511 1
676530 1
676532 1
676542 1
676544 1
676551 1
676554 1
676559 1
676576 1
676592 1
676597 1
676627 1
676628 1
676634 1
676647 1
676668 1
676669 1
676670 1
676672 1
676688 1
676691 1
676706 1
676711 1
676715 1
676727 1
676746 1
676749 1
676750 1
676754 1
676758 1
676766 3
676767 1
676772 1
676798 1
676818 1
676820 1
676830 1
676837 1
676838 1
676844 1
676871 1
676877 1
676879 1
676894 1
676897 1
676902 3
676903 1
676906 1
676907 1
676928 1
676934 1
676935 1
676936 1
676940 1
676945 2
676949 1
676952 1
676953 1
676965 1
676981 1
676984 1
676991 1
676995 2
676996 1
677005 1
677011 1
677014 1
677041 1
677051 1
677067 1
677083 1
677085 4
677108 1
677115 1
677116 1
677119 1
677124 1
677131 1
677132 1
677138 1
677155 1
677158 1
677163 1
677171 1
677172 1
677175 1
677176 1
677187 1
677196 1
677200 1
677234 1
677248 1
677250 1
677262 1
677263 1
677266 2
677275 1
677283 1
677315 1
677322 1
677325 1
677332 1
677333 1
677334 1
677362 1
677371 1
677412 1
677418 1
677424 3
677451 1
677453 1
677466 1
677467 1
677479 1
677488 1
677496 1
677512 1
677515 1
677532 1
677555 1
677560 1
677561 1
677562 1
677570 1
677578 1
677588 1
677596 7
677610 1
677617 1
677628 1
677695 1
677702 1
677712 1
677714 1
677721 1
677722 1
677725 1
677735 1
677753 1
677766 1
677769 1
677792 1
677793 1
677813 1
677817 1
677839 1
677842 1
677851 1
677875 1
677891 1
677902 3
677907 2
677919 1
677922 1
677924 1
677927 1
677934 1
677961 1
677966 1
677995 1
678004 1
678007 1
678021 1
678022 2
678024 1
678031 1
678040 1
678073 1
678075 1
678079 1
678093 1
678099 1
678104 1
678125 1
678144 1
678158 2
678185 2
678199 1
678203 1
678214 1
678217 1
678227 1
678228 2
678240 1
678241 2
678250 1
678256 1
678261 1
678282 1
678292 1
678293 1
678328 1
678341 1
678355 1
678361 1
678362 1
678363 1
678378 1
678410 1
678422 1
678439 1
678447 1
678451 1
678456 1
678469 1
678478 3
678490 1
678500 1
678506 1
678512 1
678545 1
678551 1
678561 1
678568 1
678573 1
678576 1
678579 1
678580 1
678588 1
678594 2
678609 2
678612 1
678621 2
678622 1
678625 1
678629 1
678632 5
678655 1
678670 1
678671 1
678680 1
678694 1
678701 1
678708 1
678720 1
678724 1
678737 1
678750 1
678751 1
678752 1
678755 1
678790 1
678793 1
678799 1
678800 1
678813 1
678814 1
678817 1
678837 1
678838 1
678842 1
678861 1
678868 1
678872 1
678897 1
678902 1
678903 1
678912 1
678941 1
678960 1
679015 1
679026 1
679030 1
679033 1
679043 1
679053 1
679054 1
679057 1
679061 1
679067 1
679083 1
679100 1
679125 1
679131 1
679140 1
679151 1
679152 1
679171 1
679184 1
679194 1
679197 1
679204 1
679223 1
679233 1
679236 1
679237 1
679252 1
679258 1
679274 1
679303 1
679306 1
679312 1
679315 1
679321 1
679336 1
679345 1
679350 1
679356 1
679368 1
679406 1
679414 1
679417 1
679423 1
679429 1
679446 1
679456 1
679467 1
679485 1
679528 1
679531 1
679542 1
679562 1
679567 1
679581 1
679594 1
679614 1
679621 1
679628 1
679635 1
679642 1
679676 1
679692 2
679703 1
679743 1
679773 1
679776 1
679777 1
679786 1
679819 1
679828 1
679838 1
679853 1
679855 1
679863 1
679878 2
679886 1
679887 1
679898 1
679903 1
679911 1
679929 1
679958 1
679971 1
679985 1
679989 1
679994 1
679997 2
680004 1
680018 1
680040 1
680054 2
680055 1
680065 1
680068 2
680085 1
680090 1
680100 1
680109 1
680116 1
680124 1
680125 1
680132 1
680142 1
680174 1
680185 1
680190 1
680203 1
680204 1
680211 1
680218 1
680234 1
680246 1
680250 1
680265 1
680267 1
680285 1
680294 1
680300 1
680308 1
680321 1
680343 1
680346 1
680351 1
680389 1
680391 1
680435 1
680441 1
680444 1
680473 1
680476 1
680477 1
680481 1
680488 1
680491 1
680494 1
680509 1
680510 1
680514 1
680525 1
680528 1
680545 1
680549 1
680562 2
680581 1
680600 1
680601 1
680602 1
680605 1
680612 1
680658 1
680663 2
680664 1
680687 1
680689 1
680691 1
680704 1
680706 1
680713 1
680724 1
680728 1
680731 1
680761 1
680767 1
680776 1
680784 1
680793 1
680811 1
680823 1
680836 1
680838 1
680842 1
680845 1
680851 1
680854 1
680856 1
680877 1
680902 2
680905 1
680914 1
680947 1
680952 1
680955 1
680962 1
680966 1
680973 1
681010 1
681019 1
681028 1
681032 1
681035 1
681044 1
681047 1
681057 1
681086 1
681104 1
681105 1
681123 1
681133 1
681144 1
681152 1
681157 1
681159 1
681166 1
681202 1
681203 1
681224 1
681226 4
681238 1
681247 1
681272 1
681273 1
681282 1
681303 1
681305 1
681318 1
681329 1
681340 1
681349 1
681351 1
681358 2
681363 2
681376 1
681381 1
681389 1
681397 1
681400 1
681403 1
681417 2
681460 1
681491 1
681506 1
681508 1
681516 1
681532 1
681538 1
681552 1
681563 1
681591 1
681602 1
681617 1
681625 1
681633 1
681674 1
681680 1
681722 1
681734 1
681737 1
681743 1
681753 2
681760 1
681761 1
681774 1
681785 1
681797 1
681812 1
681817 1
681818 1
681821 1
681832 1
681840 1
681850 1
681852 1
681856 1
681861 1
681873 1
681889 1
681911 1
681921 1
681942 1
681943 1
681954 1
681959 1
681973 1
681974 1
681978 1
681998 1
681999 1
682025 1
682053 1
682054 1
682059 1
682061 2
682062 1
682074 1
682077 1
682096 1
682097 1
682100 1
682106 1
682107 2
682114 1
682117 1
682146 1
682151 1
682170 1
682179 1
682180 1
682188 1
682216 1
682258 1
682263 1
682273 1
682286 1
682287 1
682296 1
682310 1
682317 1
682332 1
682335 1
682351 1
682369 1
682376 1
682409 1
682416 1
682417 1
682420 1
682435 1
682439 1
682457 1
682490 1
682497 1
682498 1
682499 1
682500 1
682518 1
682525 1
682528 1
682535 2
682538 1
682567 1
682568 1
682570 1
682577 1
682595 1
682596 1
682610 1
682611 1
682630 1
682633 1
682645 1
682646 2
682679 1
682682 2
682693 1
682697 1
682701 1
682709 1
682714 1
682741 1
682754 1
682764 1
682771 1
682774 1
682775 1
682781 1
682785 1
682787 1
682810 1
682820 1
682823 1
682825 1
682865 1
682868 1
682888 1
682899 1
682946 1
682950 1
682996 1
682997 1
683009 1
683013 1
683035 1
683038 1
683042 1
683061 1
683064 1
683066 1
683075 1
683094 1
683103 1
683129 1
683130 1
683168 1
683174 1
683187 1
683191 1
683202 1
683204 1
683208 1
683273 1
683287 1
683289 1
683296 1
683297 1
683300 2
683310 1
683311 1
683321 1
683335 1
683336 1
683345 1
683374 1
683379 4
683390 1
683394 1
683395 1
683412 1
683415 1
683426 1
683437 1
683444 1
683449 1
683484 1
683486 1
683493 1
683496 1
683520 1
683523 2
683529 1
683536 1
683540 1
683545 7
683552 1
683579 1
683619 1
683622 1
683628 1
683651 1
683661 3
683665 1
683671 1
683673 1
683677 1
683699 1
683747 1
683749 1
683754 1
683765 1
683768 1
683781 1
683784 1
683787 1
683799 1
683802 1
683804 1
683837 1
683850 1
683875 2
683878 1
683883 1
683884 1
683899 1
683904 1
683921 1
683939 1
683940 1
683943 1
683952 1
683961 1
683963 1
683970 1
683985 1
683993 1
683996 1
684005 1
684012 1
684024 1
684062 1
684069 1
684079 1
684080 1
684081 2
684083 1
684084 1
684087 1
684090 1
684118 1
684143 1
684178 2
684180 1
684184 1
684193 2
684207 1
684210 1
684220 1
684231 1
684232 1
684248 1
684292 1
684295 2
684312 1
684379 1
684400 1
684401 1
684402 1
684407 1
684429 1
684438 1
684457 1
684471 1
684477 1
684486 1
684503 1
684507 1
684515 2
684517 1
684524 1
684537 2
684538 1
684544 1
684545 1
684553 1
684574 1
684578 1
684611 1
684632 1
684634 1
684635 1
684641 1
684647 1
684649 1
684654 1
684657 1
684661 1
684667 1
684673 1
684675 1
684677 1
684686 1
684697 1
684701 1
684724 1
684732 1
684733 1
684755 1
684778 1
684787 1
684788 1
684793 1
684803 1
684808 1
684810 1
684816 1
684823 1
684824 1
684826 1
684836 1
684841 1
684845 1
684858 1
684860 1
684863 1
684874 1
684875 1
684881 1
684883 3
684892 1
684906 1
684914 1
684961 1
684971 1
684974 1
685002 1
685013 1
685044 1
685064 1
685067 1
685083 1
685086 1
685092 1
685093 1
685103 1
685107 1
685112 1
685125 1
685129 1
685141 1
685161 1
685165 1
685172 1
685174 1
685176 1
685178 1
685180 1
685182 1
685184 1
685186 1
685188 1
685190 1
685192 1
685194 1
685196 1
685198 1
685200 1
685202 1
685204 1
685206 1
685208 1
685210 1
685212 1
685214 1
685216 1
685218 1
685220 1
685222 1
685224 1
685226 1
685228 1
685230 1
685232 1
685234 1
685236 1
685238 1
685240 1
685242 1
685244 1
685246 1
685248 1
685250 1
685252 1
685254 1
685256 1
685258 1
685260 1
685262 1
685264 1
685266 1
685268 1
685270 1
685272 1
685274 1
685276 1
685278 1
685280 1
685282 1
685284 1
685286 1
685288 1
685290 1
685299 1
685302 1
685308 1
685318 1
685360 1
685384 1
685391 1
685404 1
685423 1
685428 1
685462 1
685465 1
685510 1
685536 1
685557 1
685579 1
685582 1
685586 1
685597 1
685598 1
685610 1
685632 1
685636 1
685638 2
685641 1
685668 1
685678 1
685679 1
685680 1
685699 1
685700 1
685703 1
685704 1
685710 1
685720 1
685731 1
685756 1
685761 1
685781 1
685812 1
685820 1
685825 2
685826 1
685833 1
685841 1
685842 1
685845 1
685866 1
685872 1
685875 1
685877 1
685886 1
685897 1
685907 1
685929 1
685953 1
685978 1
685981 1
685983 1
686007 1
686014 1
686033 1
686043 1
686052 1
686059 1
686061 1
686067 1
686077 1
686085 1
686098 1
686101 1
686102 1
686111 1
686112 2
686127 1
686128 1
686143 1
686149 1
686152 1
686159 1
686166 1
686204 1
686212 1
686216 1
686217 1
686245 3
686254 1
686255 1
686260 1
686261 1
686268 1
686269 1
686270 1
686282 1
686298 1
686317 1
686342 1
686350 1
686357 1
686360 1
686363 1
686365 1
686373 1
686386 1
686391 1
686433 1
686434 1
686436 1
686437 1
686457 1
686462 1
686474 1
686501 1
686519 1
686522 1
686526 1
686549 1
686556 1
686566 1
686567 1
686569 1
686576 1
686598 1
686601 1
686608 1
686611 1
686616 1
686652 1
686686 1
686693 1
686696 1
686712 1
686722 1
686725 1
686726 1
686730 1
686733 1
686761 1
686762 1
686765 1
686766 1
686771 1
686779 1
686790 1
686797 1
686836 1
686843 1
686866 1
686873 1
686875 1
686878 1
686898 1
686907 1
686937 1
686940 1
686945 1
686950 1
686975 1
686996 1
687007 1
687014 1
687026 4
687034 1
687044 1
687045 1
687067 1
687074 2
687077 1
687079 1
687080 1
687097 1
687115 1
687116 1
687124 1
687148 1
687160 1
687188 1
687189 1
687193 1
687201 1
687205 1
687206 1
687210 1
687235 1
687246 1
687255 1
687258 1
687262 1
687265 1
687273 1
687275 1
687284 1
687289 1
687295 1
687301 1
687373 1
687379 1
687388 1
687391 1
687418 1
687443 1
687464 1
687474 1
687478 1
687490 1
687496 1
687526 1
687535 1
687546 1
687569 1
687574 1
687594 1
687599 1
687602 1
687605 1
687619 1
687622 2
687623 1
687631 1
687636 1
687638 1
687639 1
687663 1
687688 1
687690 1
687691 1
687692 1
687699 1
687706 1
687724 1
687749 1
687756 1
687759 1
687767 1
687774 1
687777 1
687784 1
687791 1
687805 1
687807 1
687830 1
687835 1
687836 1
687846 1
687871 1
687890 1
687911 1
687923 1
687929 1
687968 1
687989 1
687998 1
688007 1
688025 1
688026 1
688029 1
688041 1
688043 1
688049 1
688067 1
688068 1
688089 1
688098 1
688099 1
688108 1
688117 1
688132 1
688142 1
688143 1
688147 1
688151 1
688156 1
688158 1
688160 1
688166 1
688171 1
688189 1
688190 1
688191 1
688194 1
688198 1
688215 1
688217 1
688218 1
688252 1
688254 1
688268 1
688277 1
688279 1
688292 1
688298 1
688301 1
688323 1
688326 1
688378 1
688389 1
688390 1
688397 1
688426 1
688438 2
688442 1
688455 1
688458 1
688459 1
688473 1
688512 1
688514 1
688530 1
688535 1
688546 1
688547 1
688558 1
688566 1
688569 1
688576 1
688596 1
688617 1
688638 1
688639 1
688640 1
688642 1
688662 1
688665 1
688667 1
688677 1
688703 1
688708 1
688711 1
688712 1
688722 1
688725 1
688741 1
688749 1
688760 1
688764 1
688806 1
688816 1
688817 1
688820 1
688832 1
688841 1
688843 1
688863 1
688865 1
688869 1
688897 1
688902 1
688910 1
688917 1
688924 1
688939 1
688950 1
688954 1
688965 1
688967 1
688987 1
688996 1
689001 1
689003 1
689005 1
689011 1
689026 1
689030 1
689032 1
689036 1
689037 1
689039 1
689076 1
689080 1
689082 1
689093 1
689106 1
689108 1
689121 1
729330 1
