1 1 100 2.54509
2 2 100 3.91297
3 3 100 5.28085
4 4 100 6.64873
5 5 100 8.01661
6 6 100 9.01661
7 7 100 10.3845
8 8 100 12.1203
9 9 100 13.948
10 10 100 15.3159
11 11 100 16.3404
12 12 100 18.0761
13 13 100 19.1988
14 14 100 20.3827
15 15 100 21.7506
16 16 100 23.8542
17 17 100 28.3491
18 18 100 30.4527
19 19 100 32.1885
20 20 100 33.5564
21 21 100 34.6299
22 22 100 36.1204
23 23 100 37.4883
24 24 100 38.8562
25 25 100 40.2241
26 26 100 41.5919
27 27 100 42.9598
28 28 100 45.7992
29 29 100 46.8237
30 30 100 52.6061
31 31 100 53.974
32 32 100 60.6895
33 33 100 63.1611
34 34 100 64.5289
35 35 100 65.8968
36 36 100 67.2647
37 37 100 68.6326
38 38 100 70.0005
39 39 100 75.9776
40 40 100 77.6214
41 41 100 78.9893
42 42 100 80.3571
43 43 100 81.3817
44 44 100 82.4221
45 45 100 83.4467
46 46 100 84.8146
47 47 100 86.1824
48 48 100 88.654
49 49 100 90.0219
50 50 100 91.2058
