3 547 0 38 0
3 6006 0 33 0
3 7268 0 39 0
3 8285 0 68 0
3 10291 0 38 0
3 11809 0 246 0
3 11830 0 234 0
3 11841 0 221 0
3 13237 0 33 0
3 14087 0 34 0
3 16817 0 58 0
3 25745 0 147 0
3 25805 0 111 0
3 25848 0 89 0
3 26017 0 85 0
3 26120 0 62 0
3 26183 0 63 0
3 26264 0 42 0
3 26379 0 31 0
3 26419 0 33 0
3 26468 0 30 0
3 26554 0 31 0
3 26599 0 36 0
3 26887 0 23 0
3 26939 0 30 0
3 27107 0 33 0
3 27158 0 25 0
3 27189 0 30 0
3 27272 0 48 0
3 27913 0 59 0
3 28166 0 27 0
3 28236 0 23 0
54 17310 0 105 0
82 6585 0 63 0
96 476 0 437 0
96 2518 0 37 0
96 5761 0 173 0
96 5919 0 46 0
96 8585 0 604 0
96 11357 0 54 0
96 14412 0 178 0
151 16940 0 2176 0
194 615 14 0 0
194 4547 153 0 0
194 8498 184 0 0
194 12682 3895 0 0
194 17097 96 0 0
194 17160 108 0 0
194 17186 113 0 0
194 17324 146 0 0
194 17680 238 0 0
194 17821 272 0 0
194 18974 589 0 0
194 22125 1513 0 0
194 25810 2848 0 0
194 28563 3694 0 0
222 5992 0 34 0
222 23525 0 68 0
281 23382 0 223 0
297 22252 0 250 0
303 17807 354 0 0
322 468 0 401 0
322 2212 0 1725 0
322 3095 0 39 0
322 3896 0 89 0
322 4501 0 82 0
322 5907 0 653 0
322 6457 0 491 0
322 7017 0 2335 0
322 7022 0 2325 0
322 7160 0 2285 0
322 7686 0 2106 0
322 8285 0 2140 0
322 8335 0 1837 0
322 8995 0 1673 0
322 9102 0 2035 0
322 9361 0 1541 0
322 9517 0 1483 0
322 9607 0 1439 0
322 9805 0 1349 0
322 10139 0 1240 0
322 10461 0 1095 0
322 10726 0 981 0
322 10945 0 886 0
322 10957 0 869 0
322 10998 0 845 0
322 11206 0 774 0
322 11544 0 634 0
322 11761 0 544 0
322 11809 0 503 0
322 11841 0 479 0
322 11848 0 469 0
322 11989 0 358 0
322 12024 0 327 0
322 12106 0 296 0
322 12166 0 278 0
322 12334 0 88 0
322 12391 0 61 0
322 12459 0 41 0
322 12838 0 147 0
322 12963 0 186 0
322 12996 0 200 0
322 13701 0 628 0
322 13882 0 96 0
322 14238 0 1057 0
322 15795 0 56 0
322 16041 0 114 0
322 16128 0 138 0
322 16145 0 57 0
322 16225 0 25 0
322 16729 0 64 0
322 16807 0 129 0
322 17070 0 72 0
322 17096 0 62 0
322 17347 0 56 0
322 18027 0 82 0
322 18104 0 44 0
322 18110 0 34 0
322 18290 0 94 0
322 18337 0 65 0
322 18414 0 41 0
322 18419 0 37 0
322 18470 0 119 0
322 18520 0 75 0
322 18667 0 26 0
322 18883 0 22 0
322 18971 0 44 0
322 19295 0 29 0
322 19318 0 20 0
322 19340 0 61 0
322 28997 0 95 0
322 29009 0 84 0
359 12042 0 1107 0
363 7801 55 0 0
363 7868 70 0 0
363 8167 139 0 0
363 9198 348 0 0
363 23951 4627 0 0
379 18104 0 733 0
392 14087 500 178 0
392 16163 1089 0 0
441 4614 64 0 0
441 12323 902 0 0
441 22165 95 0 0
441 23434 38 0 0
441 23518 46 0 0
441 23585 1276 0 0
441 23596 72 0 0
441 23623 79 0 0
441 23682 103 0 0
441 23687 107 0 0
441 23702 113 0 0
441 23764 133 0 0
441 23784 138 0 0
441 23847 159 0 0
441 23872 167 0 0
441 24086 253 0 0
441 24210 288 0 0
441 24219 313 0 0
441 24319 326 0 0
441 24466 374 0 0
441 24610 432 0 0
441 24775 493 0 0
441 24839 548 0 0
441 24888 534 0 0
441 24996 619 0 0
441 25255 758 0 0
441 25262 759 0 0
441 25514 831 0 0
441 25565 851 0 0
441 25705 901 0 0
441 25975 988 0 0
441 26054 1017 0 0
441 26171 1045 0 0
441 26237 1484 0 0
441 26266 1077 0 0
441 26651 1202 0 0
441 27688 1545 0 0
441 28102 1622 0 0
441 28420 1730 0 0
441 28506 1754 0 0
441 28738 1838 0 0
468 552 1661 0 0
468 7361 2437 0 0
468 8605 1900 0 0
468 12030 38 0 0
468 12045 41 0 0
468 12074 47 0 0
468 12124 56 0 0
468 12430 187 0 0
468 12454 192 0 0
468 12815 619 0 0
468 12872 285 0 0
468 13038 320 0 0
468 13087 334 0 0
468 13147 352 0 0
468 13162 608 0 0
468 13235 378 0 0
468 13262 383 0 0
468 13312 395 0 0
468 13331 401 0 0
468 13380 414 0 0
468 13447 431 0 0
468 13457 435 0 0
468 13543 538 0 0
468 13560 461 0 0
468 13566 461 0 0
468 13581 486 0 0
468 13686 491 0 0
468 13733 505 0 0
468 13775 555 0 0
468 13810 563 0 0
468 13817 564 0 0
468 13838 568 0 0
468 13918 585 0 0
468 13985 604 0 0
468 14072 627 0 0
468 14106 1083 0 0
468 14126 638 0 0
468 14140 642 0 0
468 14209 659 0 0
468 14248 672 0 0
468 14328 702 0 0
468 14410 724 0 0
468 14421 727 0 0
468 14432 727 0 0
468 14460 737 0 0
468 14467 739 0 0
468 14620 769 0 0
468 14684 787 0 0
468 14738 800 0 0
468 14752 803 0 0
468 14757 804 0 0
468 14825 824 0 0
468 14842 827 0 0
468 14865 832 0 0
468 14889 838 0 0
468 14902 841 0 0
468 14909 842 0 0
468 14948 852 0 0
468 14993 865 0 0
468 15051 877 0 0
468 15059 878 0 0
468 15092 2572 0 0
468 15094 887 0 0
468 15096 888 0 0
468 15165 901 0 0
468 15189 905 0 0
468 15194 1677 0 0
468 15199 906 0 0
468 15290 931 0 0
468 15424 1280 0 0
468 15475 1045 0 0
468 15505 1057 0 0
468 15561 1070 0 0
468 15590 1080 0 0
468 15612 1081 0 0
468 15621 1082 0 0
468 15624 1084 0 0
468 15718 1106 0 0
468 15720 1108 0 0
468 15728 1110 0 0
468 15733 1112 0 0
468 15762 1118 0 0
468 15804 1129 0 0
468 15861 1143 0 0
468 15869 1146 0 0
468 15877 1148 0 0
468 15899 1152 0 0
468 16109 1205 0 0
468 16154 1219 0 0
468 16260 1247 0 0
468 16400 1823 0 0
468 16446 1289 0 0
468 16474 1292 0 0
468 16493 1294 0 0
468 16522 1301 0 0
468 16591 1315 0 0
468 16620 1323 0 0
468 16668 1334 0 0
468 16772 1363 0 0
468 16782 1364 0 0
468 16811 1369 0 0
468 16815 1369 0 0
468 16831 1373 0 0
468 16921 1382 0 0
468 17011 1447 0 0
468 17036 1453 0 0
468 17068 1459 0 0
468 17192 1485 0 0
468 17196 1486 0 0
468 17229 1496 0 0
468 17322 1516 0 0
468 17451 1549 0 0
468 17506 1564 0 0
468 17656 1600 0 0
468 17682 1608 0 0
468 17709 1617 0 0
468 17761 1624 0 0
468 17780 1630 0 0
468 17933 4162 0 0
468 17959 1676 0 0
468 17973 1679 0 0
468 18052 1744 0 0
468 18110 1143 0 0
468 18149 1768 0 0
468 18152 1768 0 0
468 18166 1772 0 0
468 18384 1810 0 0
468 18406 1812 0 0
468 18439 1820 0 0
468 18477 1829 0 0
468 18485 1830 0 0
468 18635 1865 0 0
468 18660 1871 0 0
468 18681 1878 0 0
468 18912 1941 0 0
468 18944 1950 0 0
468 18965 1956 0 0
468 18969 1958 0 0
468 19007 1967 0 0
468 19023 1973 0 0
468 19143 2009 0 0
468 19243 2034 0 0
468 19462 2097 0 0
468 19464 2098 0 0
468 19539 2118 0 0
468 19593 2178 0 0
468 19669 2207 0 0
468 19796 2247 0 0
468 19882 2272 0 0
468 20012 2307 0 0
468 20086 2327 0 0
468 20105 2331 0 0
468 20155 2347 0 0
468 20210 2360 0 0
468 20212 2360 0 0
468 20255 2371 0 0
468 20268 2375 0 0
468 20413 2420 0 0
468 20453 2432 0 0
468 20749 2502 0 0
468 20757 2504 0 0
468 20809 2519 0 0
468 21026 2575 0 0
468 21094 2595 0 0
468 21160 2616 0 0
468 21388 2677 0 0
468 21435 2694 0 0
468 21511 2710 0 0
468 21521 2714 0 0
468 21610 2741 0 0
468 21657 2755 0 0
468 21682 2761 0 0
468 21831 2798 0 0
468 21844 2802 0 0
468 22113 2880 0 0
468 22171 2898 0 0
468 22228 3418 0 0
468 22465 2980 0 0
468 22541 3005 0 0
468 22562 3013 0 0
468 22564 3015 0 0
468 22612 3028 0 0
468 22622 3030 0 0
468 22641 3037 0 0
468 22744 3067 0 0
468 22767 3074 0 0
468 22866 3118 0 0
468 23115 3206 0 0
468 23134 3210 0 0
468 23737 3403 0 0
468 23754 3412 0 0
468 24437 3645 0 0
468 24535 3683 0 0
468 24591 3705 0 0
468 24741 3761 0 0
468 24925 3826 0 0
468 25011 3905 0 0
468 25074 3930 0 0
468 25371 4073 0 0
468 25423 4078 0 0
468 25639 4158 0 0
468 25668 207 0 0
468 25720 4184 0 0
468 25948 300 0 0
468 26258 4353 0 0
468 26290 4360 0 0
468 26608 4469 0 0
468 27141 4648 0 0
468 27223 4666 0 0
468 27231 710 0 0
468 27326 4709 0 0
468 27334 4711 0 0
468 27352 4715 0 0
468 27407 4729 0 0
468 27969 4866 0 0
468 28252 4951 0 0
468 28270 4958 0 0
468 28344 4981 0 0
468 28482 5026 0 0
468 29045 1264 0 0
468 29165 5258 0 0
468 29210 5272 0 0
476 1747 11 0 0
476 13564 28 0 0
476 16160 786 0 0
476 19268 1669 0 0
476 25224 3593 0 0
547 8112 229 0 0
744 9618 205 0 0
794 7393 0 2782 0
904 25331 5574 0 0
981 5577 0 61 0
981 5643 478 0 0
981 8136 0 213 0
981 15289 0 310 0
981 27566 0 150 0
1112 18104 0 66 0
1140 9558 197 0 0
1182 2212 315 0 0
1182 15450 2355 0 0
1206 14029 0 233 0
1335 13735 133 0 0
1439 5712 0 8 0
1589 2577 448 0 0
1589 6529 9 0 0
1662 5626 39 0 0
1662 5774 140 0 0
1662 5938 181 0 0
1662 5940 181 0 0
1662 6071 219 0 0
1662 6197 242 0 0
1662 6386 307 0 0
1662 6678 376 0 0
1662 7002 455 0 0
1662 7192 493 0 0
1662 7628 593 0 0
1662 7872 695 0 0
1662 9087 943 0 0
1662 10080 1188 0 0
1662 10760 2824 0 0
1662 13576 2167 0 0
1662 14445 2434 0 0
1662 16659 5097 0 0
1662 19362 3769 0 0
1759 9093 758 0 0
1766 14405 0 3653 0
1766 15803 0 3202 0
1857 1872 151 0 0
1857 1973 153 0 0
1857 2289 251 0 0
1857 6611 13 0 0
1857 6837 71 0 0
1857 7135 138 0 0
1867 25331 5880 0 0
2005 5600 203 0 0
2005 25331 5935 0 0
2011 6810 0 39 0
2011 11452 0 116 0
2011 14139 0 10 0
2018 24393 0 26 0
2035 9594 48 0 0
2035 10040 164 0 0
2035 10157 192 0 0
2035 10216 206 0 0
2035 10390 253 0 0
2035 10867 409 0 0
2035 11696 598 0 0
2035 15487 1738 0 0
2035 17484 2244 0 0
2035 17763 2312 0 0
2035 18097 2445 0 0
2035 20623 3159 0 0
2035 25301 4734 0 0
2035 26126 5002 0 0
2091 14139 0 39 0
2105 12012 0 3130 0
2118 16581 172 0 0
2126 2197 21 0 0
2126 2353 33 0 0
2212 2541 97 0 0
2267 18043 538 0 0
2267 25509 2906 0 0
2381 16960 0 1753 0
2421 12270 180 0 0
2577 6995 0 312 0
2577 17916 0 84 0
2577 19767 0 441 0
2577 19785 0 423 0
2695 7079 437 0 0
2790 2978 41 0 0
2790 3403 808 0 0
2790 3970 147 0 0
2790 5578 21 0 0
2790 17789 14 0 0
2790 17824 24 0 0
2790 17945 55 0 0
2790 18369 188 0 0
2790 18430 199 0 0
2790 18956 335 0 0
2790 19175 397 0 0
2790 19573 554 0 0
2790 19683 596 0 0
2790 20575 844 0 0
2790 21900 1201 0 0
2790 29203 3652 0 0
3108 19691 478 0 0
3207 12012 0 1953 0
3303 3583 0 75 0
3351 14869 0 679 0
3377 8569 159 0 0
3377 8878 2365 0 0
3377 9062 259 0 0
3377 9704 159 0 0
3377 10287 630 0 0
3377 12191 604 0 0
3377 17049 1531 0 0
3377 22854 4169 0 0
3377 27356 4793 0 0
3377 27546 4851 0 0
3377 28360 5060 0 0
3583 3661 5894 0 0
3583 3671 89 0 0
3583 4301 2356 0 0
3583 7024 3672 0 0
3583 10170 998 0 0
3583 15117 2389 0 0
3583 16458 2779 0 0
3583 17482 5576 0 0
3583 27471 6660 0 0
3683 11081 0 27 0
3754 3755 0 3054 0
3871 4022 0 134 0
3896 20673 646 0 0
3946 13587 39 0 0
3946 14491 316 0 0
3975 8414 70 0 0
3975 8605 84 0 0
3975 9891 375 0 0
3975 10021 412 0 0
3975 11482 807 0 0
4022 4967 401 0 0
4022 8112 991 0 0
4022 16581 424 0 0
4022 18586 651 0 0
4022 19063 1126 0 0
4022 19284 266 0 0
4022 20073 544 0 0
4022 24804 2006 0 0
4022 27542 2617 0 0
4022 27710 3054 0 0
4067 6555 0 248 0
4161 22162 1250 0 0
4161 23710 455 0 0
4161 25309 1110 0 0
4161 25390 1132 0 0
4161 26368 0 387 0
4501 10694 812 0 0
4501 19177 72 0 0
4501 20712 548 0 0
4501 20834 53 0 0
4501 21229 2381 0 0
4501 21414 4836 0 0
4501 26057 2354 0 0
4501 27031 2666 0 0
4501 27412 2787 0 0
4520 7393 0 15 0
4563 6869 0 2374 0
4675 4950 0 192 0
4675 12272 0 202 0
4710 14423 0 724 0
4839 7393 0 4299 0
4937 14291 0 1683 0
4978 5406 94 0 0
5003 5148 33 0 0
5046 8075 881 0 0
5046 14562 2622 0 0
5123 8397 927 0 0
5134 11163 1600 0 0
5148 17875 0 387 0
5165 10991 170 0 0
5186 11979 0 1818 0
5267 5607 123 0 0
5268 5392 30 0 0
5268 5869 254 0 0
5335 7393 0 2664 0
5368 28152 6688 0 0
5425 5735 186 0 0
5473 7380 582 0 0
5480 12138 0 419 0
5508 6088 210 0 0
5508 7326 517 0 0
5508 7981 709 0 0
5508 11049 1441 0 0
5508 11397 1525 0 0
5508 17057 3150 0 0
5508 20007 3998 0 0
5508 20776 4202 0 0
5508 21639 4442 0 0
5508 24719 5446 0 0
5524 9558 1086 0 0
5525 19922 3969 0 0
5551 7753 642 0 0
5551 11203 1468 0 0
5564 15620 14 0 0
5607 16960 0 1963 0
5610 11694 0 328 0
5656 13654 2141 0 0
5677 9033 884 0 0
5716 9304 926 0 0
5754 6127 91 0 0
5783 7707 467 0 0
5783 10010 1032 0 0
5799 23215 4794 0 0
5799 23786 4979 0 0
5879 6950 277 0 0
5938 10077 0 547 0
6003 12164 1589 0 0
6005 6006 0 222 0
6065 6408 96 0 0
6065 6737 174 0 0
6065 7373 321 0 0
6065 7716 393 0 0
6065 8959 697 0 0
6065 13960 2085 0 0
6069 22067 4603 0 0
6114 16323 0 2893 0
6169 6851 180 0 0
6174 8610 594 0 0
6183 16323 0 191 0
6247 24669 98 0 0
6247 26670 20 0 0
6247 27631 336 0 0
6247 28800 674 0 0
6270 6271 0 40 0
6271 12861 1728 0 0
6399 15854 1493 0 0
6399 16581 18 0 0
6400 8985 0 91 0
6453 6454 0 62 0
6454 6877 158 0 0
6529 10277 0 61 0
6555 6774 55 0 0
6555 7141 138 0 0
6555 7433 207 0 0
6555 8787 539 0 0
6555 8983 577 0 0
6555 9846 785 0 0
6555 19854 3624 0 0
6611 6810 0 11 0
6611 14291 0 44 0
6644 10471 929 0 0
6678 26143 0 335 0
6748 18708 3197 0 0
6785 7357 131 0 0
6785 8127 348 0 0
6785 13719 1802 0 0
6807 10926 0 36 0
6810 6866 13 0 0
6810 7135 75 0 0
6810 7206 90 0 0
6810 7620 186 0 0
6810 7630 187 0 0
6810 7643 189 0 0
6837 14139 0 538 0
6869 9365 290 0 0
6869 10745 429 0 0
6869 17795 0 2085 0
6891 9672 4259 0 0
6891 11489 1128 0 0
6891 22802 4367 0 0
6891 25361 5340 0 0
6924 8153 320 0 0
6990 21534 0 174 0
7001 7091 17 0 0
7095 9406 543 0 0
7135 14139 0 68 0
7206 11452 0 363 0
7213 7297 24 0 0
7213 8112 251 0 0
7213 15588 36 0 0
7249 10277 0 35 0
7268 9349 643 0 0
7268 9488 525 0 0
7268 21860 105 0 0
7268 22626 330 0 0
7268 25445 1384 0 0
7361 10500 0 2837 0
7361 12012 0 2450 0
7361 14029 0 1832 0
7361 18104 0 695 0
7367 7638 60 0 0
7367 12877 1455 0 0
7370 8342 258 0 0
7370 9799 581 0 0
7370 12061 1213 0 0
7370 14064 1792 0 0
7370 17109 2635 0 0
7370 19788 3410 0 0
7370 27708 5998 0 0
7393 7455 13 0 0
7393 7590 45 0 0
7393 7592 45 0 0
7393 7662 58 0 0
7393 7678 62 0 0
7393 7687 64 0 0
7393 7827 142 0 0
7393 7849 148 0 0
7393 7906 1424 0 0
7393 7926 166 0 0
7393 8422 2745 0 0
7393 8561 296 0 0
7393 8612 305 0 0
7393 9164 420 0 0
7393 9824 581 0 0
7393 10085 647 0 0
7393 10237 685 0 0
7393 10481 753 0 0
7393 10555 768 0 0
7393 10563 770 0 0
7393 10565 771 0 0
7393 10778 835 0 0
7393 11303 972 0 0
7393 11338 980 0 0
7393 11709 1075 0 0
7393 12013 1193 78 0
7393 12022 1198 0 0
7393 12057 1206 0 0
7393 12107 1214 0 0
7393 12193 1230 0 0
7393 12199 1233 0 0
7393 12211 1236 0 0
7393 12365 1333 0 0
7393 12372 1334 0 0
7393 12406 1344 0 0
7393 12474 1358 0 0
7393 12480 1360 0 0
7393 12598 1468 0 0
7393 12614 1393 0 0
7393 12662 1404 0 0
7393 12835 1438 0 0
7393 12890 1451 0 0
7393 12892 1451 0 0
7393 12957 1463 0 0
7393 13055 1610 0 0
7393 13079 1494 0 0
7393 13126 1506 0 0
7393 13153 1514 0 0
7393 13190 1526 0 0
7393 13358 1570 0 0
7393 13415 1585 0 0
7393 13581 394 0 0
7393 13626 1636 0 0
7393 13668 1647 0 0
7393 13800 1721 0 0
7393 13812 1724 0 0
7393 13828 1727 0 0
7393 13856 1731 0 0
7393 13947 1756 0 0
7393 14046 1781 0 0
7393 14121 1798 0 0
7393 14151 1804 0 0
7393 14430 1888 0 0
7393 14465 1899 0 0
7393 14571 1918 0 0
7393 14601 1926 0 0
7393 14635 1936 0 0
7393 14659 1943 0 0
7393 14677 1947 0 0
7393 14759 1966 0 0
7393 14870 1994 0 0
7393 14914 2005 0 0
7393 14966 2020 0 0
7393 15100 2050 0 0
7393 15151 2062 0 0
7393 15363 2177 0 0
7393 15391 2185 0 0
7393 15478 2207 0 0
7393 15485 2211 0 0
7393 15564 2232 0 0
7393 15702 2266 0 0
7393 15782 2284 0 0
7393 15827 2296 0 0
7393 15932 2324 0 0
7393 15981 2334 0 0
7393 16007 2344 0 0
7393 16027 2348 0 0
7393 16090 2362 0 0
7393 16151 2378 0 0
7393 16189 2386 0 0
7393 16229 2398 0 0
7393 16717 2506 0 0
7393 16774 2524 0 0
7393 16809 2529 0 0
7393 16824 2532 0 0
7393 17064 2620 0 0
7393 17241 2659 0 0
7393 17370 2689 0 0
7393 17561 2744 0 0
7393 17650 2759 0 0
7393 17677 2767 0 0
7393 17713 2778 0 0
7393 17776 2790 0 0
7393 17987 2885 0 0
7393 17991 2885 0 0
7393 18108 2921 0 0
7393 18117 2923 0 0
7393 18125 2926 0 0
7393 18363 2967 0 0
7393 18472 2989 0 0
7393 19081 3151 0 0
7393 19105 3158 0 0
7393 19264 3202 0 0
7393 19268 3202 0 0
7393 19579 3335 0 0
7393 19626 3351 0 0
7393 19667 3368 0 0
7393 19693 3378 0 0
7393 19714 3383 0 0
7393 19818 3413 0 0
7393 19835 3418 0 0
7393 19860 3428 0 0
7393 19904 3439 0 0
7393 20059 3479 0 0
7393 20287 3543 0 0
7393 20301 3548 0 0
7393 20372 3567 0 0
7393 20480 3600 0 0
7393 20595 3629 0 0
7393 20936 3709 0 0
7393 21008 3731 0 0
7393 21097 3756 0 0
7393 21103 3759 0 0
7393 21116 3763 0 0
7393 21217 3791 0 0
7393 21368 3835 0 0
7393 21646 3914 0 0
7393 21844 5183 0 0
7393 21898 3979 0 0
7393 22158 4055 0 0
7393 22377 4115 0 0
7393 22392 4118 0 0
7393 22453 4137 0 0
7393 22751 4229 0 0
7393 22845 4268 0 0
7393 22876 4281 0 0
7393 23035 4335 0 0
7393 23197 4392 0 0
7393 23203 4394 0 0
7393 23274 4410 0 0
7393 24357 4776 0 0
7393 24502 4829 0 0
7393 24580 4861 0 0
7393 24810 4948 0 0
7393 25102 5099 0 0
7393 25150 5162 0 0
7393 25368 5227 0 0
7393 25441 5245 0 0
7393 25464 5256 0 0
7393 25607 5302 0 0
7393 25658 5323 0 0
7393 25878 5401 0 0
7393 26557 5607 0 0
7393 26899 5729 0 0
7393 27017 5765 0 0
7393 27050 5778 0 0
7393 27221 5827 0 0
7393 27528 5930 0 0
7393 27962 6026 0 0
7393 28005 6036 0 0
7393 28374 6147 0 0
7393 28734 6276 0 0
7393 28839 6314 0 0
7393 28970 6360 0 0
7393 29096 6401 0 0
7393 29112 6404 0 0
7393 29266 6449 0 0
7427 21269 3799 0 0
7432 7574 2179 0 0
7546 11076 879 0 0
7592 22787 266 0 0
7671 18104 0 2004 0
7685 10118 591 0 0
7800 7891 72 0 0
7800 12084 1075 0 0
7807 8417 0 3557 0
7846 7902 14 0 0
7846 7906 14 0 0
7846 7956 24 0 0
7846 7959 24 0 0
7846 8012 37 0 0
7846 8014 37 0 0
7846 8024 39 0 0
7846 8026 39 0 0
7846 8031 40 0 0
7846 8044 41 0 0
7846 8051 43 0 0
7846 8070 49 0 0
7846 8140 64 0 0
7846 8186 75 0 0
7846 8218 82 0 0
7846 8220 83 0 0
7846 8283 95 0 0
7846 8292 96 0 0
7846 8359 105 0 0
7846 8406 116 0 0
7846 8414 1658 0 0
7846 8641 162 0 0
7846 8671 172 0 0
7846 8731 182 0 0
7846 8977 230 0 0
7846 9046 246 0 0
7846 9272 293 0 0
7846 9283 294 0 0
7846 9473 345 0 0
7846 9483 348 0 0
7846 9549 361 0 0
7846 9590 372 0 0
7846 9806 430 0 0
7846 9881 446 0 0
7846 10067 494 0 0
7846 10137 513 0 0
7846 10368 573 0 0
7846 10392 579 0 0
7846 10702 661 0 0
7846 11295 820 0 0
7846 11916 979 0 0
7846 11961 989 0 0
7846 12076 1060 0 0
7846 12090 1062 0 0
7846 12185 1079 0 0
7846 13067 2859 0 0
7846 13092 1349 0 0
7846 13130 1360 0 0
7846 13197 1379 0 0
7846 13463 1449 0 0
7846 13491 1456 0 0
7846 13972 1613 0 0
7846 14797 1830 0 0
7846 15126 1910 0 0
7846 15228 1926 0 0
7846 16406 2292 0 0
7846 17643 2611 0 0
7846 17921 2681 0 0
7846 18149 2900 0 0
7846 18456 2837 0 0
7846 18890 2950 0 0
7846 19169 3027 0 0
7846 19392 3090 0 0
7846 19681 3227 0 0
7846 20210 3883 0 0
7846 21070 3598 0 0
7846 21560 3738 0 0
7846 21707 3779 0 0
7846 21783 3798 0 0
7846 21870 3822 0 0
7846 22100 3885 0 0
7846 22195 3916 0 0
7846 22388 3969 0 0
7846 22555 4023 0 0
7846 22628 4044 0 0
7846 22666 4057 0 0
7846 22940 4160 0 0
7846 23191 4242 0 0
7846 23440 4316 0 0
7846 23548 4348 0 0
7846 24042 4528 0 0
7846 24148 4561 0 0
7846 24608 4725 0 0
7846 24824 4804 0 0
7846 25033 4927 0 0
7846 25743 5208 0 0
7846 27060 5636 0 0
7846 27076 5641 0 0
7846 28862 6175 0 0
7846 29092 6251 0 0
7856 9942 461 0 0
7938 7939 0 85 0
7958 17613 2580 0 0
7980 8109 0 78 0
8031 12561 0 13 0
8068 9396 275 0 0
8104 8840 82 0 0
8104 8851 83 0 0
8104 8989 109 0 0
8104 9011 116 0 0
8104 13227 1265 0 0
8104 13683 1380 0 0
8104 15082 1774 0 0
8104 18024 2625 0 0
8104 24279 4482 0 0
8105 8163 13 0 0
8109 8633 38 0 0
8109 8867 86 0 0
8109 9990 355 0 0
8112 11142 0 23 0
8112 11214 0 515 0
8112 13462 0 1331 0
8112 14087 0 52 0
8112 15854 0 511 0
8112 21268 0 212 0
8112 23168 0 34 0
8112 23207 0 87 0
8112 26183 0 51 0
8126 8345 44 0 0
8126 8347 44 0 0
8126 8349 44 0 0
8126 8351 44 0 0
8126 8353 45 0 0
8126 8355 45 0 0
8126 8361 45 0 0
8126 9255 231 0 0
8272 11258 18 13 0
8272 13462 0 150 0
8417 19691 431 0 0
8517 9486 206 0 0
8545 10922 577 0 0
8560 11245 663 0 0
8585 11999 890 0 0
8662 10745 583 0 0
8676 8705 6 0 0
8676 8707 6 0 0
8676 8709 6 0 0
8676 8713 6 0 0
8676 8715 6 0 0
8676 8719 6 0 0
8676 10097 330 0 0
8676 11610 1030 0 0
8742 9077 68 0 0
8996 9071 18 0 0
9001 10669 416 0 0
9077 18017 0 537 0
9102 19609 0 972 0
9115 9170 14 0 0
9179 11796 669 0 0
9184 9310 21 0 0
9184 9977 196 0 0
9184 11430 575 0 0
9184 11448 579 0 0
9184 16111 1940 0 0
9184 24398 4363 0 0
9184 28781 5867 0 0
9243 9702 112 0 0
9243 9765 129 0 0
9243 9771 131 0 0
9243 11590 605 0 0
9345 13363 0 65 0
9360 10704 101 0 0
9360 11057 202 0 0
9361 9388 8 0 0
9361 9568 52 0 0
9369 10045 175 0 0
9477 11868 622 0 0
9477 14397 1390 0 0
9480 11387 496 0 0
9494 10688 308 0 0
9494 14716 1508 0 0
9494 15063 1542 0 0
9494 21215 3292 0 0
9538 16323 0 3292 0
9607 10054 116 0 0
9624 13980 1235 0 0
9645 15408 0 26 0
9696 21178 0 97 0
9702 19022 0 1068 0
9780 10495 186 0 0
9780 28007 5469 0 0
9835 9859 6 0 0
9985 10017 7 0 0
9985 10032 10 0 0
9985 10056 15 0 0
9985 10795 215 0 0
10094 10163 19 0 0
10254 29201 5741 0 0
10277 10304 6 0 0
10277 10326 15 0 0
10277 10546 71 0 0
10277 11175 243 0 0
10277 11831 410 0 0
10277 16629 1791 0 0
10291 13747 2839 0 0
10394 16579 1745 0 0
10422 11579 302 0 0
10473 10540 14 0 0
10473 10588 25 0 0
10479 23056 3590 0 0
10497 25121 4354 0 0
10500 11086 189 0 0
10500 11128 26 0 0
10500 11226 197 0 0
10500 11291 212 0 0
10500 11305 71 0 0
10500 11313 219 0 0
10500 11459 106 0 0
10500 11495 259 0 0
10500 11525 2121 0 0
10500 11581 283 0 0
10500 11723 510 0 0
10500 11864 359 0 0
10500 12966 709 0 0
10500 13118 747 0 0
10500 13212 631 0 0
10500 13553 718 0 0
10500 14449 1139 0 0
10500 16069 1455 0 0
10500 16099 1463 0 0
10500 16245 1646 0 0
10500 16390 1681 0 0
10500 16968 1842 0 0
10500 17055 1863 0 0
10500 17361 1787 0 0
10500 17705 2021 0 0
10500 17996 2131 0 0
10500 18360 2211 0 0
10500 18870 2338 0 0
10500 19149 2417 0 0
10500 19156 2418 0 0
10500 19769 2642 0 0
10500 21399 3086 0 0
10500 21655 3015 0 0
10500 21746 3181 0 0
10500 22292 3335 0 0
10500 22636 3440 0 0
10500 22649 3444 0 0
10500 22925 3545 0 0
10500 23289 3661 0 0
10500 23563 3747 0 0
10500 23694 3794 0 0
10500 23918 7743 0 0
10500 24137 3805 0 0
10500 24353 4019 0 0
10500 25372 4473 0 0
10500 25580 4540 0 0
10500 26043 9250 0 0
10500 26399 4800 0 0
10500 26706 4901 0 0
10500 27302 10068 0 0
10500 27354 5148 0 0
10500 29116 11163 0 0
10500 29144 5658 0 0
10607 11432 218 0 0
10737 10932 53 0 0
10815 18321 2116 0 0
10926 11845 237 0 0
10975 11113 35 0 0
10975 27386 4206 0 0
11019 11224 49 0 0
11081 29010 5455 0 0
11096 11263 41 0 0
11096 11271 42 0 0
11096 11631 129 0 0
11096 12066 287 0 0
11096 16019 1424 0 0
11096 17033 1692 0 0
11096 17834 1885 0 0
11096 20356 2642 0 0
11096 20691 2727 0 0
11096 28478 5265 0 0
11258 11614 84 0 0
11452 19735 142 0 0
11452 20382 326 0 0
11452 20499 360 0 0
11452 24368 1534 0 0
11464 13613 326 0 0
11467 12419 40 0 0
11514 11707 53 0 0
11661 15908 1256 0 0
11662 12400 283 0 0
11694 13992 561 0 0
11694 15070 357 0 0
11694 24712 3225 0 0
11695 12386 267 0 0
11695 15063 94 0 0
11695 25070 1187 0 0
11858 21623 2792 0 0
11978 11979 0 20 0
11979 13429 424 0 0
11979 15065 77 0 0
11979 15842 335 0 0
11979 16292 1247 0 0
11979 17528 2361 0 0
11979 19585 3765 0 0
11979 22975 2353 0 0
11979 25500 3304 0 0
12011 12012 0 47 0
12012 12053 59 0 0
12012 12158 78 0 0
12012 12218 369 0 0
12012 12227 91 0 0
12012 12375 190 0 0
12012 12520 226 0 0
12012 12954 316 0 0
12012 13031 334 0 0
12012 13090 351 0 0
12012 13558 476 0 0
12012 13752 566 0 0
12012 13822 580 0 0
12012 14017 627 0 0
12012 14958 870 0 0
12012 15348 1027 0 0
12012 16089 1362 0 0
12012 16384 1289 0 0
12012 16417 1298 0 0
12012 17178 1497 0 0
12012 17667 1618 0 0
12012 19013 1986 0 0
12012 19458 2111 0 0
12012 20752 2518 0 0
12012 20816 2535 0 0
12012 21437 2710 0 0
12012 22151 2907 0 0
12012 22315 2952 0 0
12012 22493 3003 0 0
12012 24365 3631 0 0
12012 25349 4076 0 0
12012 25405 4090 0 0
12012 28968 5213 0 0
12013 13055 495 0 0
12034 14187 616 0 0
12138 12815 270 0 0
12138 20925 516 0 0
12161 12162 0 46 0
12162 15968 490 0 0
12162 19167 1333 0 0
12162 25281 3362 0 0
12162 28932 9708 0 0
12181 16695 1277 0 0
12325 13325 299 0 0
12428 13507 259 0 0
12429 13398 233 0 0
12462 12463 0 72 0
12463 12501 86 0 0
12463 12505 87 0 0
12463 12656 121 0 0
12463 12934 175 0 0
12463 13016 195 0 0
12463 15599 958 0 0
12463 16323 0 3272 0
12463 16613 1361 3208 0
12478 14291 0 454 0
12482 12599 29 0 0
12497 15799 140 0 0
12497 17082 473 0 0
12561 23128 2957 0 0
12682 12683 0 87 0
12683 13206 208 0 0
12829 14177 188 0 0
12829 15850 676 0 0
12838 19965 2162 0 0
12857 13452 150 0 0
12887 13057 40 0 0
12993 12994 2297 176 0
12993 14824 0 42 0
12994 14824 0 2339 0
12994 16581 1180 0 0
12994 27542 447 0 0
13057 27663 0 83 0
13062 13063 0 182 0
13144 17216 1144 0 0
13155 13183 10 0 0
13155 18255 1434 0 0
13400 19585 1771 0 0
13400 23184 2805 0 0
13548 20657 1954 0 0
13548 20759 161 0 0
13548 23831 1092 0 0
13589 13702 191 0 0
13589 13907 117 0 0
13589 16337 796 0 0
13589 17930 1203 0 0
13589 20476 1971 0 0
13589 27927 4391 0 0
13593 18104 0 688 0
13597 14074 157 0 0
13606 16323 0 3631 0
13639 18867 1454 0 0
13672 18972 1470 0 0
13809 17123 909 0 0
13809 23101 2638 0 0
13902 14285 101 0 0
14029 14506 134 0 0
14029 14508 134 0 0
14029 14512 135 0 0
14029 14514 135 0 0
14029 14516 135 0 0
14029 14518 135 0 0
14029 14521 136 0 0
14029 14523 256 0 0
14029 14528 136 0 0
14029 14533 136 0 0
14029 14537 137 0 0
14029 14539 137 0 0
14029 14541 137 0 0
14029 14546 137 0 0
14029 14548 138 0 0
14029 14697 177 0 0
14029 14736 187 0 0
14029 15430 423 0 0
14029 16247 628 0 0
14029 24016 2890 0 0
14029 25913 207 0 0
14029 27883 5122 0 0
14029 28644 1041 0 0
14071 21818 37 0 0
14071 22051 101 0 0
14071 23367 517 0 0
14071 23551 578 0 0
14071 23859 684 0 0
14087 27153 197 0 0
14097 15523 0 19 0
14139 14144 0 0 0
14139 14380 75 0 0
14139 14419 85 0 0
14139 14569 113 0 0
14139 15279 284 0 0
14139 16172 580 0 0
14139 18410 1170 0 0
14160 23005 2520 0 0
14218 14292 23 0 0
14218 14307 29 0 0
14218 14350 47 0 0
14218 15577 415 0 0
14233 14234 0 23 0
14291 14296 0 0 0
14291 14408 39 0 0
14291 14510 64 0 0
14291 14616 85 0 0
14291 14897 157 0 0
14316 14417 32 0 0
14318 14401 27 0 0
14318 16146 521 0 0
14363 26415 3688 0 0
14462 16323 0 369 0
14699 15550 278 0 0
14794 16645 514 0 0
14794 19415 1268 0 0
14794 23762 2597 0 0
14794 26806 3714 0 0
14824 15414 40 0 0
14869 15553 236 0 0
14886 17084 625 0 0
14930 26303 3516 0 0
15107 15195 15 0 0
15254 15255 0 398 0
15284 15531 443 0 0
15284 15979 248 0 0
15284 16029 263 0 0
15284 16365 342 0 0
15284 16562 385 0 0
15284 16734 425 0 0
15371 18969 1887 0 0
15393 15537 43 0 0
15393 16581 22 0 0
15393 18113 738 0 0
15393 26457 1747 0 0
15424 25571 86 0 0
15441 19017 935 0 0
15446 27699 3789 0 0
15459 15460 0 2489 0
15484 18831 873 0 0
15539 16355 0 237 0
15576 15637 13 0 0
15684 15685 0 524 0
15854 17510 1556 0 0
15854 19691 2262 0 0
15854 27542 231 0 0
15959 15960 0 189 0
15960 18133 785 0 0
16077 16078 0 3070 0
16078 25502 5981 0 0
16133 17120 0 60 0
16133 17335 306 0 0
16145 16657 116 0 0
16153 16435 70 0 0
16202 17486 330 0 0
16202 17526 342 0 0
16202 18621 635 0 0
16202 19354 838 0 0
16202 20439 1202 0 0
16202 20470 1209 0 0
16202 22004 1618 0 0
16202 22202 1677 0 0
16202 26113 3085 0 0
16222 17013 0 52 0
16241 25343 2968 0 0
16309 16719 91 0 0
16323 16386 17 0 0
16323 16414 23 0 0
16323 16528 44 0 0
16323 16613 64 0 0
16323 16789 106 0 0
16323 16895 119 0 0
16323 16943 128 0 0
16323 17114 210 0 0
16323 17267 245 0 0
16323 17356 268 0 0
16323 17468 296 0 0
16323 17632 337 0 0
16323 17803 397 0 0
16323 18575 595 0 0
16323 18735 640 0 0
16323 18837 665 0 0
16323 19026 716 0 0
16323 19055 724 0 0
16323 20207 1102 0 0
16323 20234 3691 0 0
16323 20921 1283 0 0
16323 21148 1355 0 0
16323 21608 1482 0 0
16323 22098 1614 0 0
16323 23046 1920 0 0
16323 23679 2124 0 0
16323 24484 2400 0 0
16323 24979 2633 0 0
16323 26270 3099 0 0
16323 26867 3294 0 0
16323 26982 3337 0 0
16323 27012 3344 0 0
16323 27029 3352 0 0
16323 27063 3366 0 0
16323 27081 3371 0 0
16323 27093 3375 0 0
16323 27148 3391 0 0
16323 27233 3411 0 0
16323 27251 3416 0 0
16323 27297 3437 0 0
16323 27307 3441 0 0
16323 27319 3447 0 0
16323 27321 3448 0 0
16323 27345 3456 0 0
16323 27418 3473 0 0
16323 27481 3494 0 0
16323 27485 3496 0 0
16323 27487 3497 0 0
16323 27501 3503 0 0
16323 27522 3508 0 0
16323 27526 3509 0 0
16323 27595 3533 0 0
16323 27619 3541 0 0
16323 27885 3585 0 0
16323 27924 3597 0 0
16323 27944 3602 0 0
16323 27954 3606 0 0
16323 27995 3615 0 0
16323 28013 3620 0 0
16323 28125 3651 0 0
16323 28154 3661 0 0
16323 28160 3662 0 0
16323 28177 3666 0 0
16323 28228 3683 0 0
16323 28310 3802 0 0
16323 28353 3724 0 0
16323 28408 3744 0 0
16323 28459 3761 0 0
16323 28523 3782 0 0
16323 28662 3831 0 0
16323 28826 3890 0 0
16323 28885 3909 0 0
16323 29183 4007 0 0
16328 17966 419 0 0
16328 22513 1741 0 0
16328 22533 1745 0 0
16372 16514 30 0 0
16372 17210 219 0 0
16564 16565 0 27 0
16615 16911 58 0 0
16940 24498 2279 0 0
16940 24767 2384 0 0
16940 25095 2552 0 0
16940 25904 2860 0 0
16940 26371 2999 0 0
16940 26918 3191 0 0
16940 28455 3633 0 0
16960 17795 0 1407 0
16960 18105 329 0 0
16960 18896 506 0 0
16960 19212 595 0 0
16960 20629 1042 0 0
16960 23225 1807 0 0
17035 18619 409 0 0
17075 23981 2032 0 0
17089 17237 33 0 0
17099 17100 0 43 0
17292 18104 0 734 0
17306 17307 0 86 0
17360 22094 1466 0 0
17408 23042 1638 0 0
17458 27530 3218 0 0
17576 18221 200 0 0
17669 18399 208 0 0
17669 18807 311 0 0
17703 17826 30 0 0
17703 20997 953 0 0
17703 21422 1077 0 0
17703 22839 1491 0 0
17703 26768 2903 0 0
17703 28641 3465 0 0
17795 19432 452 0 0
17795 22508 1360 0 0
17795 23008 1530 0 0
17795 23813 1794 0 0
17975 23391 1609 0 0
17975 23572 1665 0 0
17975 23649 1690 0 0
17998 28338 3254 0 0
18009 20040 585 0 0
18009 20153 619 0 0
18009 25748 534 0 0
18009 25755 2474 0 0
18009 26216 671 0 0
18009 26232 679 0 0
18009 28001 1211 0 0
18009 28430 1351 0 0
18009 29142 1588 0 0
18017 19412 356 0 0
18017 19764 505 0 0
18017 20016 580 0 0
18017 20648 749 0 0
18017 21976 1109 0 0
18017 22871 1392 0 0
18017 23029 1443 0 0
18020 19571 439 0 0
18020 19698 485 0 0
18028 18069 13 0 0
18104 18309 35 0 0
18104 18373 47 0 0
18104 18637 106 0 0
18104 18651 110 0 0
18104 18716 130 0 0
18104 18892 1427 0 0
18104 18977 200 0 0
18104 19296 136 0 0
18104 19300 288 0 0
18104 19374 311 0 0
18104 19476 343 0 0
18104 19485 345 0 0
18104 19536 209 0 0
18104 19651 443 0 0
18104 20177 593 0 0
18104 20497 1223 0 0
18104 20501 685 0 0
18104 20517 686 0 0
18104 20606 710 0 0
18104 21864 1048 0 0
18104 21909 1063 0 0
18104 22096 1112 0 0
18104 22235 1154 0 0
18104 22481 1224 0 0
18104 22808 1185 0 0
18104 23398 1532 0 0
18104 23617 1598 0 0
18104 23637 3099 0 0
18104 25169 17 0 0
18104 25346 2301 0 0
18104 25420 83 0 0
18104 25853 2473 0 0
18104 26384 395 0 0
18104 26430 2645 0 0
18104 26567 2692 0 0
18104 26683 14 0 0
18104 27229 2909 0 0
18104 27366 2959 0 0
18104 28318 3216 0 0
18104 28875 3406 0 0
18104 29312 3545 0 0
18159 18311 24 0 0
18159 18480 58 0 0
18159 18557 79 0 0
18159 22624 1259 0 0
18165 25428 2307 0 0
18289 19756 443 0 0
18395 18789 97 0 0
18414 18647 55 0 0
18446 18649 48 0 0
18446 19220 207 0 0
18520 18603 15 0 0
18719 22815 1205 0 0
18845 20361 71 0 0
18845 23476 25 0 0
18845 23804 132 0 0
18845 25337 762 0 0
18845 28023 1584 0 0
18911 18981 20 0 0
18911 19117 60 0 0
18911 19124 62 0 0
18911 19228 91 0 0
18911 19260 100 0 0
18911 19502 168 0 0
18911 19679 274 0 0
18911 19899 338 0 0
18911 19933 346 0 0
18911 20230 424 0 0
18911 20366 466 0 0
18911 23991 1556 0 0
18911 24471 1715 0 0
18911 29109 3303 0 0
18911 29244 3342 0 0
18931 18996 16 0 0
18931 20010 360 0 0
18946 21764 830 0 0
18946 22208 955 0 0
18946 22718 1111 0 0
18946 22946 1230 0 0
18946 23898 1506 0 0
18946 26941 2633 0 0
18971 28878 3208 0 0
19022 22057 1765 0 0
19022 22059 1765 0 0
19022 22061 1765 0 0
19214 21534 0 338 0
19257 20167 310 0 0
19257 21156 576 0 0
19257 21459 659 0 0
19257 23461 1268 0 0
19257 24403 1589 0 0
19257 28461 2980 0 0
19277 19278 0 1083 0
19397 20862 1299 0 0
19397 21344 32 0 0
19397 21594 659 0 0
19491 21173 514 0 0
19591 20430 0 267 0
19609 19868 84 0 0
19609 19959 107 0 0
19609 19992 118 0 0
19609 20171 166 0 0
19609 21523 530 0 0
19609 23565 1158 0 0
19615 19616 0 34 0
19616 19649 48 0 0
19616 20045 161 0 0
19616 20090 175 0 0
19616 24173 1400 0 0
19616 24676 1586 0 0
19628 19629 0 490 0
19633 19831 64 0 0
19633 20934 355 0 0
19633 21152 421 0 0
19633 21273 453 0 0
19633 21570 534 0 0
19633 21800 597 0 0
19691 20194 0 3945 0
19758 19865 495 0 0
19865 24040 1246 0 0
20078 20162 25 0 0
20081 20196 31 0 0
20108 21534 0 799 0
20108 22799 0 536 0
20188 20361 86 0 0
20188 22128 78 0 0
20188 22592 216 0 0
20188 23476 961 8 0
20188 24165 0 45 0
20188 24714 1612 0 0
20188 27145 2296 0 0
20192 20597 113 0 0
20219 20220 0 51 0
20220 20272 66 0 0
20220 20431 116 0 0
20220 21327 351 0 0
20220 22937 834 0 0
20220 23353 962 0 0
20220 26105 2001 0 0
20220 26592 2149 0 0
20284 20285 0 2400 0
20295 26790 2139 0 0
20300 20798 130 0 0
20300 25019 1524 0 0
20308 20361 96 0 0
20328 20947 158 0 0
20328 22402 567 0 0
20361 22985 0 88 0
20361 23467 0 44 0
20381 20657 70 0 0
20441 22013 417 0 0
20476 26292 0 9 0
20551 23900 34 0 0
20746 20747 0 1109 0
20793 23716 882 0 0
20883 20907 4 0 0
20883 21012 35 0 0
20883 21090 59 0 0
20883 21137 77 0 0
20883 21207 91 0 0
20883 21255 106 0 0
20883 21294 120 0 0
20883 21329 129 0 0
20883 21373 140 0 0
20883 21405 150 0 0
20883 21469 166 0 0
20883 21503 175 0 0
21107 23974 892 0 0
21122 22692 638 0 0
21362 25253 54 0 0
21534 21633 32 0 0
21534 21649 36 0 0
21534 21686 45 0 0
21534 21703 48 0 0
21534 21737 55 0 0
21534 21740 57 0 0
21534 21829 81 0 0
21534 21846 85 0 0
21534 21892 100 0 0
21534 21956 116 0 0
21534 21974 120 0 0
21534 22037 138 0 0
21534 22041 138 0 0
21534 22076 149 0 0
21534 22107 162 0 0
21534 22232 195 0 0
21534 22244 876 0 0
21534 22246 198 0 0
21534 22381 238 0 0
21534 22502 276 0 0
21534 22608 310 0 0
21534 22634 317 0 0
21534 22771 357 0 0
21534 23429 584 0 0
21534 23840 721 0 0
21534 24188 842 0 0
21534 24203 846 0 0
21534 25013 1190 0 0
21534 25077 1213 0 0
21534 25147 1284 0 0
21534 26084 1587 0 0
21534 26205 1614 0 0
21534 26559 1730 0 0
21534 26624 1758 0 0
21534 26948 1868 0 0
21534 27001 1883 0 0
21534 27313 1986 0 0
21534 29012 2495 0 0
21534 29257 2568 0 0
21544 22280 204 0 0
21645 25065 1177 0 0
21828 24012 705 0 0
22030 22041 559 0 0
22030 24306 743 0 0
22030 26611 1616 0 0
22167 27624 1905 0 0
22168 25337 1090 0 0
22173 25337 1179 0 0
22284 24559 768 0 0
22284 25991 1347 0 0
22368 22487 33 0 0
22421 22422 0 2441 0
22436 23998 526 0 0
22576 24012 494 0 0
22604 24129 340 0 0
22670 23591 305 0 0
22692 24034 0 60 0
22692 24129 0 26 0
22743 23409 226 0 0
22799 22835 16 0 0
22799 22996 75 0 0
22799 23012 80 0 0
22799 23033 85 0 0
22799 23156 127 0 0
22799 23266 159 0 0
22799 23281 164 0 0
22799 23415 205 0 0
22799 23643 279 0 0
22799 23724 309 0 0
22799 23948 392 0 0
22799 24869 719 0 0
22799 24910 733 0 0
22799 24942 748 0 0
22799 25050 833 0 0
22799 25491 1016 0 0
22832 23535 230 0 0
22862 28896 53 0 0
22907 26974 1780 0 0
23028 23044 7 0 0
23028 23076 17 0 0
23028 23142 40 0 0
23028 23150 43 0 0
23028 23159 45 0 0
23028 23285 82 0 0
23028 23296 85 0 0
23028 23849 268 0 0
23028 24770 599 0 0
23064 23621 176 0 0
23182 23916 241 0 0
23188 29105 2016 0 0
23213 23214 0 1519 0
23251 23373 36 0 0
23423 25106 644 0 0
23446 23633 60 0 0
23452 23794 119 0 0
23452 23978 187 0 0
23452 24083 226 0 0
23452 25483 794 0 0
23466 24044 206 0 0
23476 24165 0 37 0
23476 25745 0 113 0
23480 23760 100 0 0
23560 24390 285 0 0
23651 23684 17 21 0
23651 27190 1288 0 0
23788 24208 143 0 0
23789 24493 239 0 0
23789 25247 614 0 0
23797 23900 31 0 0
23797 27604 1368 0 0
23827 24801 0 889 0
23927 24936 358 0 0
23976 23996 6 0 0
24033 24355 106 0 0
24033 24704 239 0 0
24033 24892 306 0 0
24033 25866 728 0 0
24033 26286 852 0 0
24033 27151 1142 0 0
24039 24206 51 0 0
24061 25409 552 0 0
24061 26031 763 0 0
24061 26700 969 0 0
24142 24282 0 281 0
24165 24714 236 0 0
24400 24866 177 0 0
24431 24921 183 0 0
24661 24698 15 0 0
24667 27434 1005 0 0
24711 25021 162 0 0
24711 27626 1053 0 0
24714 24833 0 1644 0
24783 25251 262 0 0
24833 25337 132 0 0
24880 24975 37 0 0
25079 25132 21 0 0
25240 26894 62 0 0
25240 27225 163 0 0
25240 27922 351 0 0
25240 28802 636 0 0
25273 28404 961 0 0
25278 25314 10 0 0
25290 26770 0 166 0
25294 25808 171 0 0
25343 25815 0 5806 0
25363 25855 168 0 0
25399 25400 0 2653 0
25400 26328 2954 0 0
25504 25556 22 0 0
25678 25679 0 311 0
25681 25737 27 0 0
25697 25907 68 0 0
25745 25859 39 0 0
25745 26045 96 0 0
25745 26251 155 0 0
25745 26446 212 0 0
25745 26562 252 0 0
25745 26689 297 0 0
25745 26775 325 0 0
25745 26782 327 0 0
25745 26906 376 0 0
25745 27003 405 0 0
25745 27171 459 0 0
25745 27564 586 0 0
25745 27919 659 0 0
25745 28706 911 0 0
25894 28027 638 0 0
25894 28089 655 0 0
26039 26974 311 16 0
26258 26597 33 0 0
26285 26910 213 0 0
26330 26972 219 0 0
26437 26438 0 547 0
26438 26619 614 0 0
26438 27895 989 0 0
26459 27504 354 0 0
26459 27724 429 0 0
26459 27726 429 0 0
26459 27728 429 0 0
26459 27730 429 0 0
26459 27732 429 0 0
26459 27734 429 0 0
26459 27736 429 0 0
26459 27738 429 0 0
26459 27740 429 0 0
26459 27742 429 0 0
26459 27744 429 0 0
26459 27746 429 0 0
26459 27748 429 0 0
26459 27750 429 0 0
26459 27754 429 0 0
26459 27756 429 0 0
26459 27758 429 0 0
26459 27760 429 0 0
26459 27762 429 0 0
26459 27764 429 0 0
26459 27766 429 0 0
26459 27770 430 0 0
26459 27772 430 0 0
26459 27774 430 0 0
26459 27776 430 0 0
26459 27778 430 0 0
26459 27780 430 0 0
26459 27782 430 0 0
26459 27784 430 0 0
26459 27786 430 0 0
26459 27788 430 0 0
26459 27790 430 0 0
26459 27792 430 0 0
26459 27794 430 0 0
26459 27796 430 0 0
26459 27798 430 0 0
26459 27800 430 0 0
26459 27802 430 0 0
26459 27804 430 0 0
26459 27806 430 0 0
26459 27808 430 0 0
26459 27810 430 0 0
26459 27812 430 0 0
26459 27814 430 0 0
26459 27816 430 0 0
26459 27818 430 0 0
26459 27820 430 0 0
26459 27822 430 0 0
26459 27824 430 0 0
26459 27826 430 0 0
26459 27828 430 0 0
26459 27830 430 0 0
26459 27832 430 0 0
26459 27834 430 0 0
26459 27836 430 0 0
26459 27838 430 0 0
26459 27840 430 0 0
26459 27842 430 0 0
26459 27844 430 0 0
26459 27846 430 0 0
26459 27848 430 0 0
26459 27850 430 0 0
26459 27852 430 0 0
26459 27854 430 0 0
26459 27856 430 0 0
26459 27858 430 0 0
26459 27860 430 0 0
26459 27862 430 0 0
26459 27864 430 0 0
26459 27866 430 0 0
26459 27868 430 0 0
26459 27870 430 0 0
26459 27872 430 0 0
26459 27874 430 0 0
26459 27876 430 0 0
26459 27878 430 0 0
26459 27880 430 0 0
26459 27893 439 0 0
26459 27901 442 0 0
26459 27909 444 0 0
26459 27914 444 0 0
26459 27929 446 0 0
26459 27932 450 0 0
26459 27936 451 0 0
26459 27951 455 0 0
26459 27978 461 0 0
26459 27981 461 0 0
26459 27987 462 0 0
26459 27990 463 0 0
26459 27997 465 0 0
26459 28034 477 0 0
26459 28061 484 0 0
26459 28073 489 0 0
26459 28075 489 0 0
26459 28077 489 0 0
26459 28081 489 0 0
26459 28131 504 0 0
26459 28146 508 0 0
26459 28179 516 0 0
26459 28211 527 0 0
26459 28230 535 0 0
26459 28278 553 0 0
26459 28284 554 0 0
26459 28286 554 0 0
26459 28288 554 0 0
26459 28300 560 0 0
26459 28327 569 0 0
26459 28358 576 0 0
26459 28422 603 0 0
26459 28437 607 0 0
26459 28538 639 0 0
26459 28585 652 0 0
26459 28598 654 0 0
26459 28602 655 0 0
26459 28614 658 0 0
26459 28633 667 0 0
26459 28760 716 0 0
26459 28873 756 0 0
26459 28985 797 0 0
26459 28998 800 0 0
26459 29094 831 0 0
26459 29139 842 0 0
26459 29181 857 0 0
26459 29205 862 0 0
26459 29237 873 0 0
26468 26832 131 0 0
26538 28239 508 0 0
26566 26812 81 0 0
26577 26865 96 0 0
26670 28324 0 26 0
26705 26788 30 0 0
26829 28260 415 0 0
27014 27165 52 0 0
27014 27430 134 0 0
27014 27556 177 0 0
27014 28508 433 0 0
27090 27668 186 0 0
27119 27198 0 71 0
27126 27536 129 0 0
27198 27608 134 0 0
27207 28133 93 0 0
27218 28622 402 0 0
27490 28954 436 0 0
27512 27548 12 0 0
27623 29124 446 0 0
27674 27942 40 0 0
27935 27983 11 0 0
28011 28018 4 0 0
28249 28250 0 4378 0
28352 28530 63 0 0
28659 28683 12 0 0
28659 28788 49 0 0
28659 28796 51 0 0
28659 28837 67 0 0
28659 28975 116 0 0
28659 29086 147 0 0
28787 28907 41 0 0
28891 28930 17 0 0
28891 28936 18 0 0
28977 29107 41 0 0
28996 29192 61 0 0
