1 1 100 624.969
2 2 100 708.766
3 3 100 834.524
4 4 100 854.315
5 5 100 871.786
6 6 100 900.502
7 7 100 912.529
8 8 100 927.692
9 9 100 949.763
10 10 100 959.052
11 11 100 968.643
12 12 100 975.458
13 13 100 983.482
14 14 100 992.818
15 15 100 993.862
16 16 100 999.357
17 17 100 1002.93
18 18 100 1003.81
19 19 100 1047.88
20 20 100 1219.22
21 21 100 1223.93
22 22 100 1230.72
23 23 100 1235.35
24 24 100 1239.88
25 25 100 1246.25
26 26 100 1251.42
27 27 100 1252.5
28 28 100 1272.5
29 29 100 1275.68
30 30 100 1281.43
31 31 100 1294.5
32 32 100 1298.69
33 33 100 1302.19
34 34 100 1304.97
35 35 100 1308.96
36 36 100 1310.86
37 37 100 1315.81
38 38 100 1324.66
39 39 100 1327.94
40 40 100 1329.85
41 41 100 1332.67
42 42 100 1336.25
43 43 100 1339.71
44 44 100 1346.33
45 45 100 1351.02
46 46 100 1354.26
47 47 100 1356.2
48 48 100 1357.3
49 49 100 1378.58
50 50 100 1381.45
