1 1 100 605.954
2 2 100 829.789
3 3 100 985.633
4 4 100 1084.46
5 5 100 1145.69
6 6 100 1196.91
7 7 100 1234.88
8 8 100 1263.71
9 9 100 1283.84
10 10 100 1303.33
11 11 100 1321.99
12 12 100 1339.79
13 13 100 1355.86
14 14 100 1370.38
15 15 100 1384.81
16 16 100 1396.48
17 17 100 1408.06
18 18 100 1419.54
19 19 100 1430.75
20 20 100 1441.32
21 21 100 1451.17
22 22 100 1461
23 23 100 1470.73
24 24 100 1480.16
25 25 100 1489.25
26 26 100 1498.3
27 27 100 1507.03
28 28 100 1515.57
29 29 100 1522.89
30 30 100 1530.14
31 31 100 1537.24
32 32 100 1543.85
33 33 100 1550.37
34 34 100 1556.89
35 35 100 1563.04
36 36 100 1569.19
37 37 100 1575.25
38 38 100 1581.1
39 39 100 1586.88
40 40 100 1592.29
41 41 100 1597.71
42 42 100 1603.06
43 43 100 1607.81
44 44 100 1612.49
45 45 100 1616.94
46 46 100 1621.25
47 47 100 1625.56
48 48 100 1629.87
49 49 100 1634
50 50 100 1638.13
