16 108230 0 3041 0
34 170 0 812 0
34 89719 0 1805 0
38 113491 628 0 0
86 34873 48 0 0
86 75275 403 0 0
86 75420 30 0 0
106 1118 3560 0 0
106 1239 2945 0 0
106 3015 2015 0 0
106 5610 309 0 0
106 7158 917 0 0
106 7361 1863 0 0
106 11470 310 0 0
106 12326 2191 0 0
106 15635 1358 0 0
106 15637 3072 0 0
106 20047 1675 0 0
106 20706 260 0 0
106 24888 414 0 0
106 33950 1877 0 0
106 38512 2029 0 0
106 53634 3094 0 0
106 56112 1526 0 0
106 62110 783 0 0
106 66768 3309 0 0
106 70192 733 0 0
106 71682 176 0 0
106 72984 1612 0 0
106 74157 1201 0 0
106 81010 3187 0 0
106 88151 545 0 0
106 89472 393 0 0
106 95589 3007 0 0
106 98043 237 0 0
106 98676 4336 0 0
106 103033 158 0 0
106 103967 639 0 0
106 103978 200 0 0
106 104031 45 0 0
106 104058 56 0 0
106 104076 59 0 0
106 104123 67 0 0
106 104228 100 0 0
106 104248 106 0 0
106 104264 112 0 0
106 104281 117 0 0
106 104283 117 0 0
106 104298 124 0 0
106 104327 131 0 0
106 104331 132 0 0
106 104359 142 0 0
106 104390 152 0 0
106 104432 163 0 0
106 104495 177 0 0
106 104507 181 0 0
106 104513 183 0 0
106 104517 184 0 0
106 104534 189 0 0
106 104536 190 0 0
106 104538 190 0 0
106 104591 205 0 0
106 104630 213 0 0
106 104636 213 0 0
106 104770 239 0 0
106 104783 244 0 0
106 104814 253 0 0
106 104897 272 0 0
106 104919 276 0 0
106 104965 286 0 0
106 105001 295 0 0
106 105109 316 0 0
106 105137 324 0 0
106 105234 351 0 0
106 105255 361 0 0
106 105339 388 0 0
106 105353 392 0 0
106 105359 394 0 0
106 105621 461 0 0
106 105649 477 0 0
106 105798 520 0 0
106 105825 527 0 0
106 105832 528 0 0
106 105893 544 0 0
106 105924 546 0 0
106 105982 566 0 0
106 106048 588 0 0
106 106116 602 0 0
106 106142 608 0 0
106 106145 608 0 0
106 106304 656 0 0
106 106534 717 0 0
106 106649 745 0 0
106 106651 745 0 0
106 106892 810 0 0
106 106920 819 0 0
106 106938 821 0 0
106 106969 831 0 0
106 106979 834 0 0
106 107162 884 0 0
106 107168 885 0 0
106 107193 889 0 0
106 107206 1034 0 0
106 107276 911 0 0
106 107388 937 0 0
106 107534 977 0 0
106 107651 1010 0 0
106 107661 1014 0 0
106 107720 1030 0 0
106 107830 1057 0 0
106 108210 1143 0 0
106 108401 1184 0 0
106 108466 1197 0 0
106 108540 1211 0 0
106 108574 1217 0 0
106 108719 1246 0 0
106 109201 1354 0 0
106 109612 1443 0 0
106 109729 1496 0 0
106 109892 1501 0 0
106 109901 1503 0 0
106 109926 1564 0 0
106 110077 1545 0 0
106 110208 2173 0 0
106 110473 1630 0 0
106 110527 1643 0 0
106 110571 1650 0 0
106 110626 1662 0 0
106 110675 1671 0 0
106 111207 1794 0 0
106 111353 1828 0 0
106 111548 1874 0 0
106 111612 1898 0 0
106 112016 1995 0 0
106 112301 2247 0 0
106 112337 2067 0 0
106 112449 2097 0 0
106 112531 2115 0 0
106 113503 2356 0 0
106 113576 2547 0 0
106 113690 2400 0 0
106 113777 2420 0 0
106 113918 2450 0 0
106 114285 2546 0 0
106 114344 2561 0 0
106 114446 2588 0 0
106 114533 2611 0 0
106 114558 2619 0 0
106 114666 2639 0 0
106 115181 2755 0 0
106 115887 2918 0 0
106 116144 2972 0 0
106 116300 3003 0 0
106 116343 3367 0 0
106 117237 3221 0 0
106 117623 3304 0 0
106 118486 3509 0 0
106 119051 3621 0 0
106 119192 3645 0 0
106 119299 3659 0 0
106 119502 3694 0 0
106 119663 3721 0 0
106 119711 3730 0 0
106 119929 3773 0 0
106 120177 3818 0 0
106 121320 4038 0 0
106 121889 4137 0 0
106 123132 4331 0 0
106 123916 4476 0 0
106 124296 4535 0 0
106 125474 4729 0 0
112 18864 83 0 0
112 102120 8 0 0
112 102213 32 0 0
112 103833 479 0 0
114 123888 454 0 0
170 1194 3087 0 0
170 7249 1811 0 0
170 7361 633 0 0
170 15637 1827 0 0
170 16435 795 0 0
170 31587 1980 0 0
170 58666 3266 0 0
170 68110 341 0 0
170 73729 1296 0 0
170 74406 61 0 0
170 90182 1551 0 0
170 93181 292 0 0
170 94697 245 0 0
170 97489 264 0 0
170 101757 94 0 0
170 102208 3054 0 0
170 108877 45 0 0
170 108933 59 0 0
170 108983 70 0 0
170 108998 72 0 0
170 109153 106 0 0
170 109661 218 0 0
170 109719 231 0 0
170 109919 271 0 0
170 110159 326 0 0
170 110513 404 0 0
170 110937 489 0 0
170 111294 581 0 0
170 111361 593 0 0
170 112321 826 0 0
170 112341 831 0 0
170 112869 980 0 0
170 113254 1504 0 0
170 113572 1135 0 0
170 113710 1166 0 0
170 113906 1210 0 0
170 114125 1272 0 0
170 114422 1347 0 0
170 114668 2032 0 0
170 115023 1483 0 0
170 115343 1719 0 0
170 115401 1569 0 0
170 115428 1574 0 0
170 116863 1903 0 0
170 118046 2163 0 0
170 118403 2260 0 0
170 118729 2327 0 0
170 119204 2410 0 0
170 119369 2781 0 0
170 120712 2682 0 0
170 121974 2912 0 0
170 122743 3033 0 0
170 122999 3074 0 0
170 123771 3216 0 0
170 125250 3456 0 0
222 108370 0 235 0
222 109961 0 283 0
89360 89719 0 1339 0
463 17905 0 1242 0
528 1701 0 31 0
528 98694 130 0 0
528 104645 1678 0 0
528 111054 103 0 0
528 111288 164 0 0
528 111974 332 0 0
528 119606 2058 0 0
89619 108230 0 3377 0
89719 90240 1189 0 0
89719 90906 3187 0 0
89719 91182 1386 0 0
89719 91247 1071 0 0
89719 91285 1827 0 0
89719 91847 1135 0 0
89719 91880 6088 0 0
89719 91914 1516 0 0
89719 91974 6155 0 0
89719 91993 4573 0 0
89719 92069 1142 0 0
89719 92151 4558 0 0
89719 92198 1128 0 0
89719 92218 1702 0 0
89719 92248 1328 0 0
89719 92634 1690 0 0
89719 92653 341 0 0
89719 92854 1739 0 0
89719 92894 1272 0 0
89719 92916 1407 0 0
89719 93374 7156 0 0
89719 93744 2255 0 0
89719 93846 3290 0 0
89719 94005 6081 0 0
89719 94243 5094 0 0
89719 94373 2794 0 0
89719 94443 51 0 0
89719 94490 64 0 0
89719 94511 73 0 0
89719 94678 113 0 0
89719 94738 127 0 0
89719 94960 4986 0 0
89719 94964 184 0 0
89719 94985 5614 0 0
89719 95088 1511 0 0
89719 95177 4538 0 0
89719 95376 4461 0 0
89719 95478 1319 0 0
89719 95744 1398 0 0
89719 96226 1767 0 0
89719 96231 7037 0 0
89719 96435 6859 0 0
89719 96776 1260 0 0
89719 96787 1298 0 0
89719 96796 1300 0 0
89719 97144 1127 0 0
89719 97313 1656 0 0
89719 97335 1240 0 0
89719 97408 1085 0 0
89719 97429 2190 0 0
89719 97513 817 0 0
89719 97548 4587 0 0
89719 97641 1237 0 0
89719 97824 1037 0 0
89719 98120 1104 0 0
89719 98353 1051 0 0
89719 98366 1048 0 0
89719 98386 1052 0 0
89719 98392 1053 0 0
89719 98451 1070 0 0
89719 98470 1075 0 0
89719 98472 1075 0 0
89719 98483 1360 0 0
89719 98500 1084 0 0
89719 98502 1084 0 0
89719 98515 1275 0 0
89719 98554 1204 0 0
89719 98719 1129 0 0
89719 98722 1130 0 0
89719 98827 1151 0 0
89719 98829 1152 0 0
89719 98859 1157 0 0
89719 98947 1175 0 0
89719 98981 1183 0 0
89719 99027 1189 0 0
89719 99064 1199 0 0
89719 99230 1237 0 0
89719 99252 1241 0 0
89719 99268 1502 0 0
89719 99336 1505 0 0
89719 99432 2357 0 0
89719 99442 1604 0 0
89719 99575 4757 0 0
89719 99741 1396 0 0
89719 99855 1619 0 0
89719 99861 6846 0 0
89719 99908 1392 0 0
89719 99993 1410 0 0
89719 100092 1439 0 0
89719 100164 1473 0 0
89719 100243 1542 0 0
89719 100326 1500 0 0
89719 100391 1531 0 0
89719 100395 2793 0 0
89719 100661 1895 0 0
89719 100680 1591 0 0
89719 100685 1592 0 0
89719 100712 1669 0 0
89719 100751 1607 0 0
89719 100781 1615 0 0
89719 100957 1659 0 0
89719 100971 1748 0 0
89719 101046 1680 0 0
89719 101184 1847 0 0
89719 101233 1736 0 0
89719 101247 7103 0 0
89719 101283 1784 0 0
89719 101410 1782 0 0
89719 101453 2052 0 0
89719 101863 1912 0 0
89719 102012 2172 0 0
89719 102118 1993 0 0
89719 102124 2009 0 0
89719 102128 2353 0 0
89719 102182 1991 0 0
89719 102186 1991 0 0
89719 102208 1998 0 0
89719 102230 2003 0 0
89719 102269 2010 0 0
89719 102319 2057 0 0
89719 102324 2025 0 0
89719 102378 2111 0 0
89719 102407 2162 0 0
89719 102626 2116 0 0
89719 102817 5701 0 0
89719 102839 2183 0 0
89719 102955 6899 0 0
89719 103108 6411 0 0
89719 103122 2254 0 0
89719 103165 2267 0 0
89719 103252 2334 0 0
89719 103470 2482 0 0
89719 103491 2386 0 0
89719 103570 2926 0 0
89719 103622 2436 0 0
89719 103752 2424 0 0
89719 103787 2795 0 0
89719 103811 3272 0 0
89719 103861 2454 0 0
89719 103906 2462 0 0
89719 104004 2495 0 0
89719 104008 6823 0 0
89719 104060 2858 0 0
89719 104147 2528 0 0
89719 104443 2633 0 0
89719 104483 2733 0 0
89719 104526 2644 0 0
89719 104559 2688 0 0
89719 104653 2673 0 0
89719 104726 2687 0 0
89719 105050 2768 0 0
89719 105238 4100 0 0
89719 105310 2838 0 0
89719 105401 2904 0 0
89719 105419 2869 0 0
89719 105437 2873 0 0
89719 105517 4686 0 0
89719 105830 3069 0 0
89719 105874 2994 0 0
89719 106139 3063 0 0
89719 106422 3138 0 0
89719 106430 6833 0 0
89719 106544 3174 0 0
89719 106671 3292 0 0
89719 106945 3458 0 0
89719 107288 3551 0 0
89719 107297 3891 0 0
89719 107452 3410 0 0
89719 107558 3474 0 0
89719 107655 3467 0 0
89719 107790 3507 0 0
89719 107798 3508 0 0
89719 107834 5571 0 0
89719 107894 3662 0 0
89719 107919 3732 0 0
89719 107993 3552 0 0
89719 108020 3601 0 0
89719 108121 3580 0 0
89719 108239 3605 0 0
89719 108430 3651 0 0
89719 108544 3749 0 0
89719 108561 4116 0 0
89719 108600 3676 0 0
89719 108683 3695 0 0
89719 108958 6478 0 0
89719 109045 3787 0 0
89719 109085 4706 0 0
89719 109208 3813 0 0
89719 109328 4578 0 0
89719 109395 6431 0 0
89719 109567 3889 0 0
89719 109838 3948 0 0
89719 110040 3993 0 0
89719 110467 4095 0 0
89719 110471 4140 0 0
89719 110922 4178 0 0
89719 111102 4245 0 0
89719 111127 4467 0 0
89719 111165 4278 0 0
89719 111249 4261 0 0
89719 111338 4281 0 0
89719 111387 4294 0 0
89719 111471 4313 0 0
89719 111587 4573 0 0
89719 111627 4566 0 0
89719 111667 4369 0 0
89719 111687 4625 0 0
89719 111731 4382 0 0
89719 111891 4464 0 0
89719 112026 4887 0 0
89719 112035 4456 0 0
89719 112113 4554 0 0
89719 112122 4473 0 0
89719 112358 4614 0 0
89719 112426 4547 0 0
89719 112552 4871 0 0
89719 112750 4707 0 0
89719 112820 5196 0 0
89719 113043 4815 0 0
89719 113127 4748 0 0
89719 113394 5110 0 0
89719 113595 5285 0 0
89719 113844 4888 0 0
89719 114057 4948 0 0
89719 114158 4974 0 0
89719 114170 5124 0 0
89719 114491 5103 0 0
89719 114527 5138 0 0
89719 114725 5276 0 0
89719 114776 5116 0 0
89719 114796 5122 0 0
89719 114988 6648 0 0
89719 115014 5295 0 0
89719 115232 5372 0 0
89719 115264 5232 0 0
89719 115471 5283 0 0
89719 115515 5368 0 0
89719 115653 5324 0 0
89719 115873 6231 0 0
89719 115976 5396 0 0
89719 116044 5450 0 0
89719 116332 5467 0 0
89719 116472 5633 0 0
89719 116504 5585 0 0
89719 116522 5560 0 0
89719 116542 5568 0 0
89719 116790 5582 0 0
89719 116803 5581 0 0
89719 116994 5699 0 0
89719 117016 5689 0 0
89719 117281 5689 0 0
89719 117420 5961 0 0
89719 117451 6816 0 0
89719 117474 5905 0 0
89719 117760 5944 0 0
89719 117834 6357 0 0
89719 117893 5826 0 0
89719 117907 5828 0 0
89719 118216 5915 0 0
89719 118309 5925 0 0
89719 118548 6507 0 0
89719 118737 6021 0 0
89719 119130 6092 0 0
89719 119328 6260 0 0
89719 119859 6295 0 0
89719 119863 6415 0 0
89719 119967 6235 0 0
89719 120195 6277 0 0
89719 120481 6325 0 0
89719 120583 6347 0 0
89719 120590 7114 0 0
89719 120613 6357 0 0
89719 120748 6532 0 0
89719 120797 6388 0 0
89719 120887 6405 0 0
89719 121216 6645 0 0
89719 121236 6477 0 0
89719 121238 6477 0 0
89719 121250 6520 0 0
89719 121265 6490 0 0
89719 121324 6494 0 0
89719 121435 6888 0 0
89719 121455 6540 0 0
89719 121831 6734 0 0
89719 121835 7058 0 0
89719 122302 6664 0 0
89719 122520 6971 0 0
89719 122529 6691 0 0
89719 122869 6863 0 0
89719 122917 6772 0 0
89719 122930 6907 0 0
89719 123371 6863 0 0
89719 123876 6924 0 0
89719 124362 7074 0 0
89719 124497 7174 0 0
89719 124705 7059 0 0
89719 124718 7189 0 0
89719 124787 7070 0 0
89719 124790 7071 0 0
89719 124847 7083 0 0
89719 124988 7112 0 0
89719 125138 7134 0 0
793 125529 529 0 0
854 118076 96 0 0
854 118175 120 0 0
854 118298 154 0 0
854 118765 258 0 0
854 123083 1012 0 0
881 18182 1421 0 0
881 62125 321 0 0
881 97408 2172 0 0
881 104202 355 0 0
881 108626 1490 0 0
893 108230 0 3137 0
951 103540 0 4715 0
988 71375 173 569 0
988 107970 0 72 0
90164 111308 0 107 0
90232 115624 0 819 0
1239 109961 0 156 0
1465 108230 0 374 0
1486 89719 0 2711 0
1529 2337 0 37 0
1589 104385 0 221 0
1617 108230 0 3070 0
1701 5940 598 0 0
1701 6225 148 0 0
1701 8424 48 0 0
1701 8563 78 0 0
1701 9846 1622 0 0
1701 12280 175 0 0
1701 12313 1151 0 0
1701 26293 1598 0 0
1701 28992 36 0 0
1701 41970 144 0 0
1701 82416 1157 0 0
1701 89693 559 0 0
1701 92285 619 0 0
1701 103743 128 0 0
1701 105280 96 0 0
1701 105387 41 0 0
1701 114576 10 0 0
1701 114590 13 0 0
1701 114626 19 0 0
1701 114628 19 0 0
1701 114653 25 0 0
1701 114670 28 0 0
1701 114676 29 0 0
1701 114703 35 0 0
1701 114710 35 0 0
1701 114719 37 0 0
1701 114723 38 0 0
1701 114746 42 0 0
1701 114836 63 0 0
1701 114842 66 0 0
1701 114879 72 0 0
1701 114922 83 0 0
1701 114937 89 0 0
1701 114979 96 0 0
1701 115005 101 0 0
1701 115018 105 0 0
1701 115044 113 0 0
1701 115074 122 0 0
1701 115089 124 0 0
1701 115170 139 0 0
1701 115177 143 0 0
1701 115297 172 0 0
1701 115308 173 0 0
1701 115320 176 0 0
1701 115326 176 0 0
1701 115348 181 0 0
1701 115365 184 0 0
1701 115390 190 0 0
1701 115405 195 0 0
1701 115434 201 0 0
1701 115441 204 0 0
1701 115450 210 0 0
1701 115462 213 0 0
1701 115534 230 0 0
1701 115549 233 0 0
1701 115603 244 0 0
1701 115630 251 0 0
1701 115651 255 0 0
1701 115694 266 0 0
1701 115719 270 0 0
1701 115732 272 0 0
1701 115801 285 0 0
1701 115863 300 0 0
1701 115929 317 0 0
1701 115935 317 0 0
1701 115971 326 0 0
1701 115982 329 0 0
1701 116056 342 0 0
1701 116088 350 0 0
1701 116099 352 0 0
1701 116201 372 0 0
1701 116266 383 0 0
1701 116285 388 0 0
1701 116291 389 0 0
1701 116319 397 0 0
1701 116358 403 0 0
1701 116380 406 0 0
1701 116389 408 0 0
1701 116581 460 0 0
1701 116585 460 0 0
1701 116705 484 0 0
1701 116788 509 0 0
1701 116793 510 0 0
1701 116846 523 0 0
1701 116992 555 0 0
1701 117004 558 0 0
1701 117199 605 0 0
1701 117212 607 0 0
1701 117587 684 0 0
1701 117643 696 0 0
1701 117666 700 0 0
1701 117911 761 0 0
1701 118028 784 0 0
1701 118137 912 0 0
1701 118214 831 0 0
1701 118292 854 0 0
1701 118320 859 0 0
1701 118407 883 0 0
1701 118539 910 0 0
1701 118747 954 0 0
1701 118964 991 0 0
1701 119014 1069 0 0
1701 119029 1006 0 0
1701 119110 1021 0 0
1701 119236 1038 0 0
1701 119402 1064 0 0
1701 120069 1185 0 0
1701 120377 1237 0 0
1701 120450 1250 0 0
1701 120528 1266 0 0
1701 120790 1319 0 0
1701 120951 1354 0 0
1701 120953 1354 0 0
1701 121144 1388 0 0
1701 121468 1459 0 0
1701 122123 1569 0 0
1701 122186 1577 0 0
1701 122926 1688 0 0
1701 123107 1716 0 0
1701 123323 1757 0 0
1701 123441 1775 0 0
1701 123747 1832 0 0
1701 123882 1857 0 0
1701 123929 1866 0 0
1701 124073 1889 0 0
1701 124136 1895 0 0
1701 124223 1911 0 0
1701 124714 1991 0 0
1701 124803 2005 0 0
1701 124815 2008 0 0
1701 124825 2011 0 0
1701 125088 2059 0 0
1701 125394 2105 0 0
1908 96218 363 0 0
2011 122304 0 16 0
2091 122304 0 102 0
2337 4191 201 0 0
2337 6174 396 0 0
2337 7951 72 0 0
2337 8774 258 0 0
2337 9808 5701 0 0
2337 9941 2083 0 0
2337 9964 2951 0 0
2337 18182 4444 0 0
2337 19862 1336 0 0
2337 20523 5992 0 0
2337 23367 243 0 0
2337 26368 3394 0 0
2337 52582 1713 0 0
2337 58184 1018 0 0
2337 60533 28 0 0
2337 60588 4410 0 0
2337 60655 1041 0 0
2337 60659 17 0 0
2337 60690 128 0 0
2337 60887 69 0 0
2337 60992 4524 0 0
2337 61077 4113 0 0
2337 61217 159 0 0
2337 61221 4570 0 0
2337 61242 189 0 0
2337 61452 35 0 0
2337 61512 449 0 0
2337 61688 5261 0 0
2337 61754 99 0 0
2337 61899 473 0 0
2337 61962 3876 0 0
2337 62125 106 0 0
2337 62330 112 0 0
2337 62338 85 0 0
2337 62630 4077 0 0
2337 62649 4329 0 0
2337 62711 1270 0 0
2337 62734 354 0 0
2337 63296 2534 0 0
2337 63541 14 0 0
2337 63611 1735 0 0
2337 63677 2561 0 0
2337 63743 937 0 0
2337 64018 46 0 0
2337 64115 3421 0 0
2337 64236 1970 0 0
2337 64520 127 0 0
2337 64710 470 0 0
2337 65024 254 0 0
2337 65070 560 0 0
2337 65111 2243 0 0
2337 65593 1574 0 0
2337 65818 1638 0 0
2337 65990 2173 0 0
2337 66013 4214 0 0
2337 66065 7272 0 0
2337 66385 63 0 0
2337 66441 115 0 0
2337 66629 2012 0 0
2337 66637 153 0 0
2337 66964 5998 0 0
2337 67008 215 0 0
2337 67014 1156 0 0
2337 67094 1617 0 0
2337 67563 719 0 0
2337 67667 1805 0 0
2337 67845 409 0 0
2337 68199 203 0 0
2337 68714 584 0 0
2337 68731 316 0 0
2337 68818 585 0 0
2337 68920 1981 0 0
2337 68991 193 0 0
2337 69170 73 0 0
2337 69492 1537 0 0
2337 69543 1751 0 0
2337 69879 1380 0 0
2337 69979 29 0 0
2337 70308 3052 0 0
2337 70555 53 0 0
2337 70674 2405 0 0
2337 70701 5520 0 0
2337 71179 2279 0 0
2337 71295 1047 0 0
2337 71520 8 0 0
2337 71591 118 0 0
2337 71831 2845 0 0
2337 72016 1869 0 0
2337 72365 69 0 0
2337 72815 5438 0 0
2337 72842 220 0 0
2337 73387 3486 0 0
2337 73677 3773 0 0
2337 74584 287 0 0
2337 74666 3980 0 0
2337 74673 330 0 0
2337 74932 86 0 0
2337 75009 167 0 0
2337 75049 860 0 0
2337 75159 4360 0 0
2337 75179 846 0 0
2337 75355 151 0 0
2337 75990 2013 0 0
2337 76420 3069 0 0
2337 76944 1161 0 0
2337 77412 2198 0 0
2337 77513 1914 0 0
2337 77534 1524 0 0
2337 77541 588 0 0
2337 77697 2922 0 0
2337 77737 304 0 0
2337 77995 3866 0 0
2337 78018 2465 0 0
2337 78055 473 0 0
2337 78318 238 0 0
2337 78372 108 0 0
2337 78391 802 0 0
2337 78573 2748 0 0
2337 78850 570 0 0
2337 79124 4124 0 0
2337 79602 264 0 0
2337 79987 3840 0 0
2337 80009 205 0 0
2337 80436 89 0 0
2337 81012 16 0 0
2337 81110 18 0 0
2337 81238 3923 0 0
2337 81594 56 0 0
2337 81740 1805 0 0
2337 81844 89 0 0
2337 82059 347 0 0
2337 82538 3854 0 0
2337 82642 86 0 0
2337 82683 559 0 0
2337 82820 2092 0 0
2337 82968 185 0 0
2337 83083 11 0 0
2337 83279 322 0 0
2337 83399 1954 0 0
2337 83534 3361 0 0
2337 83726 5079 0 0
2337 83773 788 0 0
2337 84891 137 0 0
2337 84994 323 0 0
2337 85005 2261 0 0
2337 85088 741 0 0
2337 85532 433 0 0
2337 85590 2206 0 0
2337 85962 337 0 0
2337 86165 565 0 0
2337 86179 60 0 0
2337 86368 2079 0 0
2337 86442 5077 0 0
2337 86690 667 0 0
2337 87072 1579 0 0
2337 87253 2024 0 0
2337 87264 127 0 0
2337 87279 359 0 0
2337 87623 1585 0 0
2337 87661 627 0 0
2337 88046 5460 0 0
2337 88191 297 0 0
2337 88630 2969 0 0
2337 88970 2289 0 0
2337 89119 77 0 0
2337 89133 598 0 0
2337 89390 504 0 0
2337 90042 17 0 0
2337 90148 1358 0 0
2337 90217 2979 0 0
2337 90396 2474 0 0
2337 90598 41 0 0
2337 90670 353 0 0
2337 90722 91 0 0
2337 90906 3052 0 0
2337 91285 791 0 0
2337 91299 789 0 0
2337 91880 5066 0 0
2337 91914 1165 0 0
2337 92151 8112 0 0
2337 92193 581 0 0
2337 92366 4202 0 0
2337 92487 889 0 0
2337 92554 266 0 0
2337 92693 2229 0 0
2337 93680 4159 0 0
2337 93846 312 0 0
2337 93988 104 0 0
2337 94005 5027 0 0
2337 94755 228 0 0
2337 95265 2473 0 0
2337 95376 3420 0 0
2337 95612 538 0 0
2337 95813 777 0 0
2337 95959 366 0 0
2337 96007 1719 0 0
2337 96058 4702 0 0
2337 96585 670 0 0
2337 96832 655 0 0
2337 97221 673 0 0
2337 97313 464 0 0
2337 97408 36 0 0
2337 98012 770 0 0
2337 98217 5962 0 0
2337 98353 9 0 0
2337 98366 41 0 0
2337 98392 36 0 0
2337 98406 24 0 0
2337 98408 25 0 0
2337 98429 51 0 0
2337 98470 401 0 0
2337 98515 162 0 0
2337 98554 160 0 0
2337 98625 75 0 0
2337 98827 122 0 0
2337 98890 167 0 0
2337 99064 172 0 0
2337 99151 184 0 0
2337 99221 1279 0 0
2337 99252 222 0 0
2337 99268 472 0 0
2337 99344 442 0 0
2337 99350 520 0 0
2337 99442 564 0 0
2337 99458 2221 0 0
2337 99642 367 0 0
2337 99741 341 0 0
2337 99743 4293 0 0
2337 100164 424 0 0
2337 100243 499 0 0
2337 100334 468 0 0
2337 100387 634 0 0
2337 100389 538 0 0
2337 100505 711 0 0
2337 100568 528 0 0
2337 100631 1759 0 0
2337 100665 573 0 0
2337 100690 840 0 0
2337 100770 579 0 0
2337 100963 628 0 0
2337 101074 654 0 0
2337 101186 776 0 0
2337 101233 695 0 0
2337 101283 710 0 0
2337 101316 718 0 0
2337 101412 744 0 0
2337 101425 429 0 0
2337 101453 940 0 0
2337 101634 797 0 0
2337 101863 870 0 0
2337 102113 978 0 0
2337 102118 943 0 0
2337 102131 984 0 0
2337 102168 1926 0 0
2337 102208 3265 0 0
2337 102407 1114 0 0
2337 102739 1118 0 0
2337 102790 4453 0 0
2337 102937 1207 0 0
2337 103096 1250 0 0
2337 103481 1322 0 0
2337 103499 1384 0 0
2337 103533 1598 0 0
2337 103570 1427 0 0
2337 103615 2576 0 0
2337 103622 1389 0 0
2337 103749 1390 0 0
2337 103904 1429 0 0
2337 103963 1451 0 0
2337 103965 1451 0 0
2337 104072 1481 0 0
2337 104105 461 0 0
2337 104315 4177 0 0
2337 104422 1641 0 0
2337 104443 1589 0 0
2337 104818 2130 0 0
2337 104853 1684 0 0
2337 105050 1729 0 0
2337 105061 2704 0 0
2337 105125 1833 0 0
2337 105259 1785 0 0
2337 105284 1797 0 0
2337 105461 1930 0 0
2337 105517 127 0 0
2337 105583 3785 0 0
2337 105749 1954 0 0
2337 106170 5119 0 0
2337 106862 2231 0 0
2337 106945 2372 0 0
2337 107046 2279 0 0
2337 107182 2310 0 0
2337 107184 2311 0 0
2337 107297 2598 0 0
2337 107398 3481 0 0
2337 107556 2578 0 0
2337 107655 2445 0 0
2337 107674 3447 0 0
2337 108160 3529 0 0
2337 108225 2570 0 0
2337 108371 2599 0 0
2337 108430 2613 0 0
2337 108613 835 0 0
2337 108704 2665 0 0
2337 108764 2677 0 0
2337 109045 2744 0 0
2337 109182 126 0 0
2337 109258 2791 0 0
2337 109276 2812 0 0
2337 109328 2807 0 0
2337 109725 2507 0 0
2337 109778 604 0 0
2337 110393 3081 0 0
2337 110467 3052 0 0
2337 110471 3100 0 0
2337 110775 521 0 0
2337 110800 3389 0 0
2337 111587 3560 0 0
2337 111627 3541 0 0
2337 111671 3337 0 0
2337 111743 3350 0 0
2337 111808 3383 0 0
2337 111889 3385 0 0
2337 111989 30 0 0
2337 112035 3436 0 0
2337 112041 43 0 0
2337 112069 50 0 0
2337 112108 145 0 0
2337 112265 91 0 0
2337 112319 104 0 0
2337 112378 118 0 0
2337 112475 145 0 0
2337 112501 149 0 0
2337 112541 160 0 0
2337 112637 190 0 0
2337 112837 251 0 0
2337 112903 3648 0 0
2337 113086 3720 0 0
2337 113127 3705 0 0
2337 113269 353 0 0
2337 113456 3860 0 0
2337 113474 394 0 0
2337 113509 3843 0 0
2337 113540 77 0 0
2337 113772 3923 0 0
2337 113844 3864 0 0
2337 114096 544 0 0
2337 114432 627 0 0
2337 114464 633 0 0
2337 114491 4051 0 0
2337 114498 4025 0 0
2337 114523 651 0 0
2337 114531 1307 0 0
2337 114551 4315 0 0
2337 114560 662 0 0
2337 114725 4237 0 0
2337 114727 693 0 0
2337 114742 695 0 0
2337 114776 4089 0 0
2337 114867 724 0 0
2337 114904 4505 0 0
2337 115014 4254 0 0
2337 115355 4236 0 0
2337 115411 850 0 0
2337 115599 897 0 0
2337 115704 4344 0 0
2337 115707 923 0 0
2337 115712 924 0 0
2337 115873 5291 0 0
2337 115997 4541 0 0
2337 116214 1028 0 0
2337 116591 314 0 0
2337 116619 1120 0 0
2337 116790 4544 0 0
2337 116914 1191 0 0
2337 117027 1219 0 0
2337 117218 1262 0 0
2337 117264 1272 0 0
2337 117343 1288 0 0
2337 117420 73 0 0
2337 117438 1307 0 0
2337 117551 1867 0 0
2337 117640 4775 0 0
2337 117674 5710 0 0
2337 117684 1358 0 0
2337 117760 86 0 0
2337 117793 1388 0 0
2337 117870 1406 0 0
2337 117893 159 0 0
2337 117941 1588 0 0
2337 117949 40 0 0
2337 117986 1430 0 0
2337 118067 1447 0 0
2337 118112 1456 0 0
2337 118166 5050 0 0
2337 118192 4861 0 0
2337 118216 4867 0 0
2337 118245 4974 0 0
2337 118309 5027 0 0
2337 118466 4959 0 0
2337 118505 5085 0 0
2337 118548 1566 0 0
2337 118675 4976 0 0
2337 118737 11003 0 0
2337 119006 5203 0 0
2337 119031 5196 0 0
2337 119117 1675 0 0
2337 119369 1878 0 0
2337 119684 417 0 0
2337 119769 1786 0 0
2337 119859 5257 0 0
2337 119863 11 0 0
2337 119878 5285 0 0
2337 119967 5277 0 0
2337 120087 1843 0 0
2337 120231 1867 0 0
2337 120416 1898 0 0
2337 120590 5634 0 0
2337 120921 5504 0 0
2337 121236 5485 0 0
2337 121250 5445 0 0
2337 121265 5489 0 0
2337 121455 5490 0 0
2337 121669 2149 0 0
2337 121683 27 0 0
2337 121710 27 0 0
2337 121712 27 0 0
2337 121777 35 0 0
2337 121804 39 0 0
2337 121831 5551 0 0
2337 121850 46 0 0
2337 121866 48 0 0
2337 121885 51 0 0
2337 121934 57 0 0
2337 121941 58 0 0
2337 121972 5572 0 0
2337 121984 66 0 0
2337 122008 2198 0 0
2337 122207 107 0 0
2337 122235 113 0 0
2337 122253 116 0 0
2337 122271 5816 0 0
2337 122562 156 0 0
2337 122750 2312 0 0
2337 122762 187 0 0
2337 122771 5697 0 0
2337 122836 198 0 0
2337 122854 203 0 0
2337 122869 13097 0 0
2337 122930 6132 0 0
2337 123216 266 0 0
2337 123255 274 0 0
2337 123345 298 0 0
2337 123374 293 0 0
2337 123417 402 0 0
2337 123435 301 0 0
2337 123449 305 0 0
2337 123578 328 0 0
2337 123718 2480 0 0
2337 123942 396 0 0
2337 123991 404 0 0
2337 124050 412 0 0
2337 124094 2544 0 0
2337 124160 426 0 0
2337 124190 5974 0 0
2337 124288 564 0 0
2337 124323 6010 0 0
2337 124554 6601 0 0
2337 124705 531 0 0
2337 124781 545 0 0
2337 124955 594 0 0
2337 125051 2705 0 0
2337 125182 600 0 0
2337 125184 600 0 0
2337 125335 622 0 0
2337 125373 2755 0 0
2337 125455 2768 0 0
2381 23225 0 622 0
2577 87772 0 226 0
2577 113725 0 563 0
2597 89719 0 4965 0
91717 108936 0 7 0
2745 89719 0 887 0
2841 22414 0 502 0
91908 121976 230 0 0
91908 123546 268 0 0
91908 124304 41 0 0
91908 124740 111 0 0
2941 7618 0 1206 0
2941 100915 0 460 0
2941 107411 0 552 0
2941 107842 0 434 0
2941 109961 0 181 0
3015 115937 0 507 0
92136 95194 0 138 0
92171 95194 0 636 0
3149 13041 0 19 0
92285 107842 0 2300 0
92702 121375 0 32 0
3683 99363 0 93 0
3683 107262 0 93 0
3683 115236 0 48 0
3712 15417 0 149 0
3755 96240 0 860 0
3946 37725 45 0 0
3986 89719 0 4084 0
93101 103540 0 105 0
4161 28094 566 0 0
93370 106568 65 0 0
93370 115505 303 0 0
93371 120875 495 0 0
4360 89719 0 1076 0
4501 108188 3610 0 0
4501 109840 1549 0 0
4501 113006 6284 0 0
93734 107411 0 967 0
4937 103201 0 2154 0
4937 108270 0 630 0
4974 89719 0 826 0
5126 7675 0 1047 0
5166 5167 0 32 0
5167 108458 165 0 0
94229 98532 1089 0 0
94229 101113 1697 0 0
5218 37093 1086 0 0
5218 97959 74 0 0
5218 100941 807 0 0
5218 105538 2050 0 0
5218 108846 2881 0 0
94298 105788 2955 0 0
94298 113846 4871 0 0
94386 97982 891 0 0
94386 106376 3086 0 0
94413 101178 1678 0 0
94496 94813 76 0 0
94496 96737 534 0 0
5480 101754 0 353 0
5610 11694 0 1694 0
5610 94229 0 139 0
5610 109961 0 1430 0
5610 112548 0 1012 0
5610 117338 0 257 0
5643 114317 0 122 0
94700 96821 507 0 0
94761 94763 1 0 0
94810 107842 0 990 0
5920 89719 0 6308 0
94962 103221 0 360 0
95069 106568 635 0 0
6033 89719 0 3379 0
95092 96191 262 0 0
95092 100560 1343 0 0
95109 95829 179 0 0
95109 95902 196 0 0
95109 96344 294 0 0
95109 97554 608 0 0
95109 101224 1506 0 0
95129 106552 2950 0 0
95194 95644 118 0 0
95194 97365 540 0 0
95194 97627 612 0 0
95194 98026 701 0 0
95194 98210 762 0 0
95194 98800 904 0 0
95194 101067 1445 0 0
95194 101849 1657 0 0
95194 103940 2236 0 0
95194 106152 2824 0 0
95194 106513 2923 0 0
95194 110112 3768 0 0
95194 112433 4309 0 0
6181 110279 0 481 0
6183 107842 0 1069 0
6183 108230 0 2688 0
6183 109288 0 3196 0
6183 110279 0 1406 0
95329 96498 0 48 0
95394 97086 406 0 0
95498 110685 3859 0 0
6617 107842 0 776 0
95725 103589 2008 0 0
6946 89719 0 4837 0
7083 89719 0 2304 0
7145 101264 0 325 0
7213 24099 0 34 0
7295 89719 0 5709 0
7361 103221 0 2027 0
7361 103540 0 1935 0
7361 109961 0 351 0
96443 96621 44 0 0
96451 96942 117 1923 0
96451 98172 0 2103 0
96462 97880 0 635 0
96462 99427 0 346 0
7455 118078 0 1067 0
96526 97051 131 0 0
96526 97717 321 0 0
96526 98740 579 0 0
96526 99324 702 0 0
96526 102733 1594 0 0
96526 112124 3918 0 0
96526 115202 4659 0 0
96526 115649 4767 0 0
7618 27890 1146 0 0
7618 96755 210 0 0
7618 98676 821 0 0
96709 98006 2173 0 0
7675 30792 4968 0 0
7675 40101 332 0 0
7675 85577 4028 0 0
7675 99363 797 0 0
7675 101942 1 0 0
7675 103180 185 0 0
7675 103484 270 0 0
7675 106195 991 0 0
7675 113750 2783 0 0
7675 120284 4204 0 0
96858 97425 163 0 0
96858 97492 177 0 0
96942 98172 0 180 0
7923 98812 0 302 0
7923 99647 0 72 0
97018 114018 0 465 0
8104 57867 1205 0 0
8104 72392 150 0 0
8104 92992 1729 0 0
8104 94137 2820 0 0
8104 94337 3739 0 0
8104 98242 47 0 0
8104 98676 156 0 0
8104 98909 206 0 0
8104 99578 356 0 0
8104 101004 709 0 0
8104 104064 1549 0 0
8104 105185 1830 0 0
8104 105911 2041 0 0
8104 106003 2063 0 0
8104 109442 2898 0 0
8104 110738 3176 0 0
8104 110874 3205 0 0
8104 112227 3561 0 0
8104 112630 3639 0 0
8104 114631 4126 0 0
8112 13041 0 617 0
97251 97645 118 0 0
8301 80203 0 99 0
8573 108230 0 3068 0
97643 97644 0 180 0
97644 103817 1767 0 0
8774 89719 0 1289 0
97857 120820 5492 0 0
97859 110279 0 1086 0
97867 110588 3210 0 0
97867 110683 3229 0 0
97929 98081 47 0 0
98006 100096 504 0 0
98048 123230 5855 0 0
98128 103781 253 0 0
98172 107746 1292 0 0
98172 122895 4546 0 0
98216 119581 5157 0 0
98282 105489 1865 0 0
9259 102454 0 1723 0
98426 121041 5373 0 0
9438 46382 309 0 0
9438 57019 831 0 0
9438 87328 257 0 0
9438 112956 555 0 0
9438 117113 1793 0 0
9438 118178 1677 0 0
9438 122785 2749 0 0
98612 100312 390 0 0
98675 103801 1321 0 0
9645 103674 0 4235 0
9645 110722 0 2505 0
9645 116070 0 1221 0
98731 99320 125 0 0
98731 113960 3898 0 0
98848 98849 0 201 0
9808 89719 0 6237 0
9877 9878 0 380 0
9878 78651 839 0 0
9878 108565 37 0 0
9878 109549 248 0 0
98919 99674 169 0 0
98919 101344 588 0 0
98919 103553 1209 0 0
98919 103809 1272 0 0
98919 106896 2097 0 0
98919 107084 2147 0 0
98919 109991 2813 0 0
98919 117636 4593 0 0
98919 122040 5451 0 0
9890 89719 0 1210 0
9964 89719 0 3996 0
99089 102657 921 0 0
99232 99939 161 0 0
99303 100597 316 0 0
99496 115937 0 1342 0
10514 111517 437 0 0
10552 103935 0 1309 0
10594 98536 0 2851 0
99686 99754 14 0 0
99793 100273 120 0 0
99818 110268 0 2249 0
99946 100866 326 0 0
100049 112997 2449 0 0
100108 101245 286 0 0
100108 101384 324 0 0
100325 111773 2889 0 0
100422 101084 169 0 0
11447 89719 0 5544 0
11464 109961 0 183 0
11464 117338 0 249 0
11467 94229 0 138 0
11467 117338 0 258 0
11468 94700 0 427 0
11470 11694 0 394 0
11470 94229 0 185 0
11470 94700 0 432 0
11470 109961 0 181 0
11470 112548 0 378 0
11470 117338 0 260 0
100534 101069 135 0 0
11505 51680 0 965 0
11505 98919 0 1268 0
11575 123644 0 18 0
11633 89719 0 2493 0
11694 32016 1008 0 0
11694 80985 509 0 0
11694 81355 127 0 0
11694 86793 116 0 0
11694 104074 568 0 0
11694 105651 74 0 0
11694 109417 76 0 0
11694 116650 2850 0 0
100785 104060 895 0 0
100785 104217 934 0 0
100785 108764 2347 0 0
100915 101613 174 0 0
100915 101689 193 0 0
100915 102547 443 0 0
100915 106354 1470 0 0
100915 107223 4610 0 0
100915 121907 5414 0 0
100922 112760 3057 0 0
100922 116250 434 0 0
100922 117830 797 0 0
11892 116332 0 0 0
12007 89719 0 2146 0
101222 102501 357 0 0
101222 106820 1523 0 0
101237 101238 0 19 0
12197 89719 0 2497 0
101238 101394 62 0 0
101264 109386 2113 0 0
101299 102606 368 0 0
101299 102653 376 0 0
101299 102686 606 0 0
101299 103799 519 0 0
101299 111720 2633 0 0
101299 112301 3095 0 0
101313 102810 426 0 0
101497 120465 4520 0 0
12511 103162 0 4740 0
12605 100915 0 4629 0
12645 108230 0 3408 0
101706 109539 221 0 0
101706 109804 279 0 0
101706 110496 431 0 0
101706 111794 735 0 0
101706 112306 850 0 0
101706 123385 3175 0 0
101707 103199 423 0 0
101707 105946 1159 0 0
101707 107223 1502 0 0
101707 110140 17 0 0
101707 110153 20 0 0
101707 110812 155 0 0
101707 113336 784 0 0
101707 113960 917 0 0
101707 117638 1765 0 0
101754 121248 166 0 0
101754 121279 172 0 0
101947 103293 369 0 0
101948 114308 3072 0 0
12970 89719 0 1160 0
102017 112956 2859 0 0
12994 16581 329 0 0
12997 34127 0 744 0
13120 108230 0 3163 0
102208 107842 0 218 0
102287 104461 94 0 0
102287 113049 2186 0 0
102287 120572 3810 0 0
13260 80715 0 743 0
102354 112065 2428 0 0
102367 108910 1705 0 0
102413 106378 1073 0 0
102454 118519 3907 0 0
102537 112956 2716 0 0
102568 103497 254 0 0
102568 108349 1522 0 0
102568 113992 2817 0 0
13543 76905 0 156 0
102616 108230 0 2587 0
102616 109961 0 411 0
13613 121427 0 331 0
102660 109961 0 171 0
102815 102816 0 177 0
13858 89719 0 4164 0
103075 103413 64 0 0
103100 103440 98 0 0
103104 114151 2723 0 0
103201 109840 1664 0 0
103213 103540 0 309 0
103221 103261 16 0 0
103221 103551 100 0 0
103221 103610 118 0 0
103221 103981 209 0 0
103221 104221 859 0 0
103221 105204 518 0 0
103221 105435 594 0 0
103221 106091 774 0 0
103221 106327 837 0 0
103221 106731 945 0 0
103221 109201 1619 0 0
103221 109928 1688 0 0
103221 111857 2132 0 0
103221 116248 3169 0 0
103221 120850 4117 0 0
103221 122073 4351 0 0
14211 110279 0 1584 0
103272 104798 409 0 0
103299 104351 362 0 0
103311 105103 462 0 0
103316 120181 3966 0 0
103340 104955 625 0 0
103421 109776 1594 0 0
103426 109961 0 829 0
103459 109961 0 612 0
103467 103625 50 0 0
14462 108230 0 509 0
14462 109288 0 351 0
103540 103585 13 0 0
103540 103741 47 0 0
103540 103837 74 0 0
103540 103880 82 0 0
103540 104108 146 0 0
103540 104434 245 0 0
103540 104472 255 0 0
103540 104768 320 0 0
103540 104989 373 0 0
103540 105276 451 0 0
103540 105421 494 0 0
103540 106474 779 0 0
103540 107023 926 0 0
103540 107074 940 0 0
103540 107550 1063 0 0
103540 108204 1223 0 0
103540 108865 1360 0 0
103540 108919 1373 0 0
103540 109384 1475 0 0
103540 109573 1516 0 0
103540 109678 1540 0 0
103540 110679 1752 0 0
103540 110790 1774 0 0
103540 111537 1952 0 0
103540 111780 2279 0 0
103540 112022 2078 0 0
103540 112687 2244 0 0
103540 113006 2334 0 0
103540 113034 2339 0 0
103540 113402 2419 0 0
103540 114751 2736 0 0
103540 115413 2889 0 0
103540 115443 2898 0 0
103540 116132 3050 0 0
103540 116415 3108 0 0
103540 116535 3139 0 0
103540 117268 3311 0 0
103540 120215 3904 0 0
103540 120375 3930 0 0
103540 120594 3974 0 0
103540 121365 4129 0 0
103540 121837 4210 0 0
103540 122050 4248 0 0
103540 122363 4295 0 0
103540 122600 4329 0 0
103540 125351 4791 0 0
103548 105729 2125 0 0
103548 123965 4563 0 0
103621 104561 254 0 0
103621 104711 287 0 0
103621 105868 594 0 0
103625 103658 0 1 0
103677 108230 0 3160 0
103710 104470 212 0 0
103710 104802 290 0 0
103710 104876 307 0 0
103710 106130 590 0 0
103710 110508 1679 0 0
103710 118120 1676 0 0
103888 104351 145 0 0
103956 104351 114 0 0
103992 103993 0 736 0
103993 110592 2356 0 0
104064 109961 0 433 0
104135 105095 244 0 0
104143 104873 197 0 0
104168 117970 0 236 0
104208 114945 2609 0 0
104278 108230 0 2559 0
104283 107842 0 65 0
104283 108230 0 238 0
104283 109961 0 60 0
104382 109961 0 190 0
104385 106154 459 0 0
104385 106278 707 0 0
104385 106945 1007 0 0
104405 105337 230 0 0
104405 118128 0 111 0
104405 119086 0 195 0
104405 120150 3654 0 0
104405 120609 0 132 0
104405 121870 0 52 0
104405 122283 4047 0 0
104405 123565 4253 0 0
104488 105301 201 0 0
104506 104955 103 0 0
15489 89719 0 6031 0
104580 105600 254 0 0
104580 105858 331 0 0
104581 111251 1604 0 0
104603 104680 15 0 0
104603 106381 463 0 0
104603 108760 1045 0 0
15564 28144 2016 0 0
15564 106568 424 0 0
104613 105447 208 0 0
15576 89719 0 6764 0
15635 109961 0 438 0
104879 108520 939 0 0
104880 105410 141 0 0
104880 105898 275 0 0
16172 122304 0 27 0
105294 106439 311 0 0
105294 108330 793 0 0
105294 109021 939 0 0
16258 113735 0 673 0
105331 106065 1 0 0
105410 107933 1018 0 0
105410 109402 913 0 0
105410 109993 1042 0 0
105410 110568 1164 0 0
105410 112060 1520 0 0
105410 123850 3979 0 0
105454 117485 596 0 0
105454 117647 631 0 0
105454 123913 1798 0 0
105495 117806 222 0 0
105495 120121 680 0 0
105495 120769 800 0 0
105505 108392 748 0 0
105505 109565 1000 0 0
105521 105675 49 0 0
16541 108230 0 3128 0
105606 105783 57 0 0
16581 48118 0 21 0
105627 106608 0 107 0
105651 107842 0 183 0
105829 107121 345 0 0
105855 115487 2298 0 0
105945 112956 1793 0 0
105981 108230 0 3127 0
106231 106752 140 0 0
106252 108230 0 3233 0
17495 108230 0 3040 0
106568 119636 0 172 0
106696 107172 127 0 0
17756 107509 2 0 0
106898 107037 36 0 0
17858 107842 0 143 0
17905 30166 31 0 0
17905 99278 12 0 0
17905 99280 12 0 0
17905 99338 22 0 0
17905 99346 23 0 0
17905 99464 50 0 0
17905 99565 76 0 0
17905 99724 112 0 0
17905 99803 132 0 0
17905 99818 135 0 0
17905 100105 205 0 0
17905 100576 325 0 0
17905 105097 1533 0 0
17905 105997 1786 0 0
17905 106182 1836 0 0
17905 112141 3239 0 0
17905 112217 3259 0 0
17905 116252 4210 0 0
17905 123890 5687 0 0
107068 107283 55 0 0
107068 108707 385 0 0
18182 89719 0 5235 0
107231 110671 769 0 0
107231 115568 1946 0 0
107258 107473 53 0 0
107303 107933 166 0 0
107303 108499 284 0 0
107303 108694 320 0 0
107303 109294 458 0 0
107303 109510 500 0 0
107303 111021 824 0 0
107303 111142 857 0 0
107303 111270 891 0 0
107303 115096 1818 0 0
107303 116689 2172 0 0
107303 117657 2390 0 0
107303 120959 3047 0 0
107345 107842 0 2884 0
107370 107371 0 209 0
107411 107465 18 0 0
107411 108066 170 0 0
107411 109000 369 0 0
107411 110516 701 0 0
107425 107856 122 0 0
107425 113289 1368 0 0
107425 117746 2389 0 0
18399 116090 0 48 0
107464 112956 1302 0 0
107479 109961 0 800 0
107537 109615 2327 0 0
107537 117863 2384 0 0
107541 109866 517 0 0
107617 108581 222 0 0
107702 116828 2763 0 0
107734 112956 1312 0 0
107821 108836 217 0 0
107842 107931 23 0 0
107842 107942 24 0 0
107842 107976 31 0 0
107842 108049 43 0 0
107842 108127 63 0 0
107842 108150 70 0 0
107842 108283 94 0 0
107842 108448 130 0 0
107842 108636 164 0 0
107842 108709 181 0 0
107842 108729 184 0 0
107842 108779 194 0 0
107842 108885 221 0 0
107842 108994 246 0 0
107842 109004 247 0 0
107842 109015 250 0 0
107842 109078 264 0 0
107842 109130 274 0 0
107842 109141 277 0 0
107842 109219 295 0 0
107842 109236 298 0 0
107842 109364 327 0 0
107842 109412 336 0 0
107842 109488 352 0 0
107842 109537 363 0 0
107842 109632 385 0 0
107842 110006 467 0 0
107842 110171 502 0 0
107842 110379 551 0 0
107842 110490 572 0 0
107842 110533 581 0 0
107842 110608 595 0 0
107842 110611 595 0 0
107842 110731 618 0 0
107842 110809 634 0 0
107842 110950 665 0 0
107842 110975 671 0 0
107842 110997 675 0 0
107842 111006 678 0 0
107842 111107 703 0 0
107842 111194 729 0 0
107842 111209 731 0 0
107842 111222 733 0 0
107842 111265 747 0 0
107842 111601 830 0 0
107842 111652 848 0 0
107842 111775 872 0 0
107842 111902 902 0 0
107842 112089 948 0 0
107842 112126 956 0 0
107842 112399 1020 0 0
107842 112525 1050 0 0
107842 112605 1150 0 0
107842 112823 1499 0 0
107842 113056 1203 0 0
107842 113187 1231 0 0
107842 113203 1237 0 0
107842 113548 1302 0 0
107842 113716 1342 0 0
107842 113999 1408 0 0
107842 114852 1618 0 0
107842 114997 1649 0 0
107842 115034 1661 0 0
107842 115214 1698 0 0
107842 116011 1884 0 0
107842 116277 1934 0 0
107842 116407 1962 0 0
107842 116411 1985 0 0
107842 116439 1970 0 0
107842 116705 2148 0 0
107842 117210 2156 0 0
107842 117300 2175 0 0
107842 117696 2258 0 0
107842 118040 2336 0 0
107842 118137 2482 0 0
107842 118239 2388 0 0
107842 118459 2441 0 0
107842 119014 2553 0 0
107842 119289 2595 0 0
107842 119621 2650 0 0
107842 119661 2658 0 0
107842 119747 2675 0 0
107842 120346 2780 0 0
107842 120475 2946 0 0
107842 120643 2842 0 0
107842 120714 2856 0 0
107842 120844 2876 0 0
107842 121001 2911 0 0
107842 121052 3079 0 0
107842 121479 3011 0 0
107842 121587 3032 0 0
107842 121905 3076 0 0
107842 123177 3279 0 0
107842 124084 3439 0 0
107842 124302 3474 0 0
107842 124687 3537 0 0
107842 125201 3624 0 0
107891 117424 0 141 0
107896 108001 18 0 0
107896 108156 54 0 0
107896 108236 70 0 0
107896 109345 309 0 0
107896 109409 320 0 0
107896 109486 336 0 0
107896 120084 2721 0 0
107896 120387 2773 0 0
107896 121090 2913 0 0
107896 121992 3073 0 0
107970 109608 349 0 0
107970 110814 864 0 0
107970 112653 1059 0 0
107970 116164 1884 0 0
107970 117533 2189 0 0
107970 118329 2381 0 0
108013 115698 1780 0 0
108019 108530 111 0 0
19026 108230 0 3357 0
108108 108887 165 0 0
108108 109322 1618 0 0
108108 110225 10 0 0
108230 108362 27 0 0
108230 108426 42 0 0
108230 108659 83 0 0
108230 108926 146 0 0
108230 109055 174 0 0
108230 109105 183 0 0
108230 109114 184 0 0
108230 109116 186 0 0
108230 109205 207 0 0
108230 109296 230 0 0
108230 109367 243 0 0
108230 109388 246 0 0
108230 109414 251 0 0
108230 109440 257 0 0
108230 109503 271 0 0
108230 109515 273 0 0
108230 109582 288 0 0
108230 109746 323 0 0
108230 109953 367 0 0
108230 109958 369 0 0
108230 110004 381 0 0
108230 110014 384 0 0
108230 110109 403 0 0
108230 110251 434 0 0
108230 110276 436 0 0
108230 110424 474 0 0
108230 110511 492 0 0
108230 110637 516 0 0
108230 110728 532 0 0
108230 110777 542 0 0
108230 110824 551 0 0
108230 110918 573 0 0
108230 111002 590 0 0
108230 111042 603 0 0
108230 111403 692 0 0
108230 111490 714 0 0
108230 111611 790 0 0
108230 111678 767 0 0
108230 111949 827 0 0
108230 112006 846 0 0
108230 112071 860 0 0
108230 112286 903 0 0
108230 112430 945 0 0
108230 112445 947 0 0
108230 112483 957 0 0
108230 112710 1022 0 0
108230 112877 1070 0 0
108230 112927 1085 0 0
108230 113029 1205 0 0
108230 113209 1149 0 0
108230 113360 1181 0 0
108230 113374 1183 0 0
108230 113538 1215 0 0
108230 113706 1254 0 0
108230 113951 1309 0 0
108230 113974 1312 0 0
108230 113989 1316 0 0
108230 114021 1334 0 0
108230 114236 1389 0 0
108230 114302 1402 0 0
108230 114607 3432 0 0
108230 114648 1488 0 0
108230 115084 1587 0 0
108230 115142 1598 0 0
108230 115385 1653 0 0
108230 115659 1722 0 0
108230 115723 1734 0 0
108230 115964 1788 0 0
108230 115985 1794 0 0
108230 116115 1818 0 0
108230 116130 1821 0 0
108230 116343 2210 0 0
108230 116614 1929 0 0
108230 116740 1960 0 0
108230 116828 3367 0 0
108230 116834 1984 0 0
108230 116885 1996 0 0
108230 117113 2046 0 0
108230 117118 2048 0 0
108230 117120 2048 0 0
108230 117159 2058 0 0
108230 117253 3287 0 0
108230 117462 2120 0 0
108230 117542 2137 0 0
108230 117563 2145 0 0
108230 117630 2157 0 0
108230 117703 3059 0 0
108230 117865 2215 0 0
108230 117922 2228 0 0
108230 117965 2235 0 0
108230 118024 2247 0 0
108230 118137 2274 0 0
108230 118141 2274 0 0
108230 118276 2338 0 0
108230 118327 2326 0 0
108230 118647 2399 0 0
108230 118707 2411 0 0
108230 118772 2423 0 0
108230 118867 2437 0 0
108230 119061 2476 0 0
108230 119106 2484 0 0
108230 119128 2487 0 0
108230 119240 2503 0 0
108230 119475 2541 0 0
108230 119482 2542 0 0
108230 119511 2547 0 0
108230 119573 2556 0 0
108230 119659 2573 0 0
108230 119707 2582 0 0
108230 119717 2584 0 0
108230 119944 2627 0 0
108230 120400 2907 0 0
108230 120422 2709 0 0
108230 120455 2715 0 0
108230 120545 2733 0 0
108230 120682 2766 0 0
108230 120763 2780 0 0
108230 121157 2856 0 0
108230 121165 2857 0 0
108230 121557 2941 0 0
108230 121597 2948 0 0
108230 121741 2967 0 0
108230 121900 3065 0 0
108230 122188 3042 0 0
108230 122309 3061 0 0
108230 122320 3062 0 0
108230 122331 3063 0 0
108230 122358 3066 0 0
108230 122368 3066 0 0
108230 122384 3069 0 0
108230 122412 3073 0 0
108230 122418 3074 0 0
108230 122424 3075 0 0
108230 122428 3076 0 0
108230 122430 3077 0 0
108230 122434 3077 0 0
108230 122436 3077 0 0
108230 122438 3077 0 0
108230 122449 3079 0 0
108230 122451 3079 0 0
108230 122457 3079 0 0
108230 122468 3080 0 0
108230 122477 3081 0 0
108230 122479 3081 0 0
108230 122488 3082 0 0
108230 122491 3083 0 0
108230 122493 3083 0 0
108230 122497 3083 0 0
108230 122518 3086 0 0
108230 122525 3087 0 0
108230 122527 3087 0 0
108230 122534 3088 0 0
108230 122540 3088 0 0
108230 122542 3088 0 0
108230 122549 3090 0 0
108230 122553 3091 0 0
108230 122560 3092 0 0
108230 122564 3093 0 0
108230 122578 3096 0 0
108230 122580 3096 0 0
108230 122589 3097 0 0
108230 122591 3098 0 0
108230 122594 3099 0 0
108230 122598 3100 0 0
108230 122608 3102 0 0
108230 122639 3107 0 0
108230 122651 3109 0 0
108230 122657 3110 0 0
108230 122663 3110 0 0
108230 122673 3112 0 0
108230 122675 3112 0 0
108230 122681 3112 0 0
108230 122725 3119 0 0
108230 122729 3119 0 0
108230 122748 3122 0 0
108230 122766 3125 0 0
108230 122769 3126 0 0
108230 122773 3127 0 0
108230 122783 3128 0 0
108230 122785 3206 0 0
108230 122828 3134 0 0
108230 122845 3137 0 0
108230 122849 3138 0 0
108230 122859 3140 0 0
108230 122875 3142 0 0
108230 122881 3143 0 0
108230 122893 3144 0 0
108230 122901 3145 0 0
108230 122912 3149 0 0
108230 122936 3154 0 0
108230 122952 3157 0 0
108230 122958 3158 0 0
108230 123009 3163 0 0
108230 123038 3169 0 0
108230 123054 3171 0 0
108230 123065 3173 0 0
108230 123079 3174 0 0
108230 123161 3190 0 0
108230 123165 3191 0 0
108230 123196 3199 0 0
108230 123198 3199 0 0
108230 123211 3203 0 0
108230 123222 3204 0 0
108230 123242 3207 0 0
108230 123249 3209 0 0
108230 123263 3213 0 0
108230 123265 3213 0 0
108230 123271 3214 0 0
108230 123294 3217 0 0
108230 123300 3218 0 0
108230 123320 3221 0 0
108230 123331 3223 0 0
108230 123362 3227 0 0
108230 123377 3230 0 0
108230 123383 3231 0 0
108230 123391 3232 0 0
108230 123419 3235 0 0
108230 123426 3237 0 0
108230 123473 3246 0 0
108230 123490 3251 0 0
108230 123502 3253 0 0
108230 123552 3261 0 0
108230 123561 3262 0 0
108230 123563 3263 0 0
108230 123569 3264 0 0
108230 123590 3268 0 0
108230 123601 3270 0 0
108230 123607 3271 0 0
108230 123620 3289 0 0
108230 123638 3276 0 0
108230 123655 3278 0 0
108230 123688 3284 0 0
108230 123692 3286 0 0
108230 123723 3292 0 0
108230 123761 3300 0 0
108230 123763 3300 0 0
108230 123775 3305 0 0
108230 123805 3309 0 0
108230 123816 3311 0 0
108230 123818 3311 0 0
108230 123844 3316 0 0
108230 123923 3329 0 0
108230 123946 3334 0 0
108230 123950 3334 0 0
108230 123982 3340 0 0
108230 123984 3340 0 0
108230 123995 3341 0 0
108230 123999 3341 0 0
108230 124027 3346 0 0
108230 124071 3352 0 0
108230 124075 3353 0 0
108230 124086 3354 0 0
108230 124122 3358 0 0
108230 124132 3359 0 0
108230 124166 3365 0 0
108230 124170 3365 0 0
108230 124216 3375 0 0
108230 124229 3376 0 0
108230 124243 3378 0 0
108230 124260 3381 0 0
108230 124270 3382 0 0
108230 124284 3384 0 0
108230 124319 3391 0 0
108230 124344 3394 0 0
108230 124421 3407 0 0
108230 124455 3414 0 0
108230 124511 3423 0 0
108230 124525 3424 0 0
108230 124614 3436 0 0
108230 124640 3441 0 0
108230 124644 3442 0 0
108230 124647 3444 0 0
108230 124651 3444 0 0
108230 124660 3447 0 0
108230 124708 3455 0 0
108230 124728 3458 0 0
108230 124734 3458 0 0
108230 124736 3459 0 0
108230 124761 3463 0 0
108230 124763 3463 0 0
108230 124774 3464 0 0
108230 124792 3467 0 0
108230 124830 3476 0 0
108230 124903 3490 0 0
108230 124984 3507 0 0
108230 125039 3517 0 0
108230 125075 3520 0 0
108230 125146 3532 0 0
108230 125148 3532 0 0
108230 125191 3538 0 0
108230 125207 3540 0 0
108230 125214 3541 0 0
108230 125343 3562 0 0
108230 125347 3562 0 0
108230 125400 3570 0 0
108230 125411 3572 0 0
108230 125434 3575 0 0
108230 125450 3577 0 0
108230 125484 3582 0 0
108230 125521 3589 0 0
19201 107983 2156 0 0
108254 112559 973 0 0
108254 116941 2003 0 0
108254 119457 2532 0 0
108270 108511 51 0 0
108270 108536 56 0 0
108270 108552 58 0 0
108270 110332 445 0 0
108327 119184 2476 0 0
108425 118005 2203 0 0
108506 109961 0 24 0
19480 103248 1327 0 0
19480 113960 4072 0 0
108554 112949 1025 0 0
108554 114607 2274 0 0
108554 116027 1737 0 0
108554 120896 2737 0 0
108554 121010 2762 0 0
19550 28190 261 0 0
19550 97398 76 0 0
108599 109017 93 0 0
108615 112401 860 0 0
108650 110303 362 0 0
108774 112891 0 216 0
109132 109847 156 0 0
20099 120410 1206 0 0
109170 112956 991 0 0
109230 112956 973 0 0
109231 115505 1487 0 0
109288 112956 138 0 0
109377 116182 1591 0 0
20361 114091 0 59 0
20361 116777 938 0 0
20361 118422 999 0 0
109408 110181 170 0 0
109408 110280 187 0 0
109408 110287 190 0 0
109408 110563 250 0 0
109408 110880 314 0 0
109408 112187 635 0 0
109408 113834 1033 0 0
109408 115303 1387 0 0
109408 116733 1706 0 0
109408 117255 1829 0 0
109408 117967 1985 0 0
109408 119687 2329 0 0
109408 120326 2442 0 0
109408 121954 2748 0 0
109408 125541 3341 0 0
109495 116828 2365 0 0
20523 89719 0 7022 0
109652 110780 238 0 0
109665 109931 56 0 0
109715 110807 458 0 0
109764 110208 100 0 0
109764 110213 101 0 0
109764 111324 347 0 0
109764 111459 377 0 0
109764 111591 415 0 0
109764 112969 767 0 0
109764 119042 2145 0 0
109827 120402 4197 0 0
20787 22414 0 1168 0
109917 110690 166 0 0
109961 110050 18 0 0
109961 110068 22 0 0
109961 110122 33 0 0
109961 110178 45 0 0
109961 110192 50 0 0
109961 110217 57 0 0
109961 110253 61 0 0
109961 110257 62 0 0
109961 110430 101 0 0
109961 110516 1380 0 0
109961 110522 121 0 0
109961 110524 122 0 0
109961 110539 123 0 0
109961 110555 125 0 0
109961 110557 126 0 0
109961 110594 135 0 0
109961 110596 135 0 0
109961 110658 147 0 0
109961 110681 150 0 0
109961 110766 167 0 0
109961 110853 186 0 0
109961 110857 187 0 0
109961 110886 193 0 0
109961 111037 229 0 0
109961 111139 256 0 0
109961 111280 291 0 0
109961 111674 393 0 0
109961 111750 408 0 0
109961 111931 450 0 0
109961 111935 452 0 0
109961 112118 495 0 0
109961 112163 506 0 0
109961 112205 515 0 0
109961 112316 539 0 0
109961 112371 553 0 0
109961 112463 580 0 0
109961 112605 618 0 0
109961 112607 618 0 0
109961 112609 619 0 0
109961 112757 664 0 0
109961 112780 669 0 0
109961 112842 690 0 0
109961 113097 756 0 0
109961 113194 774 0 0
109961 113199 775 0 0
109961 113351 807 0 0
109961 113358 808 0 0
109961 113461 829 0 0
109961 113467 829 0 0
109961 113503 839 0 0
109961 113576 851 0 0
109961 113712 882 0 0
109961 113723 886 0 0
109961 113859 916 0 0
109961 114052 969 0 0
109961 114221 1011 0 0
109961 114832 1153 0 0
109961 115067 1212 0 0
109961 115987 1422 0 0
109961 116264 1474 0 0
109961 116283 1479 0 0
109961 116313 1486 0 0
109961 116317 1488 0 0
109961 116343 1713 0 0
109961 116384 1498 0 0
109961 116650 1562 0 0
109961 116757 1590 0 0
109961 116984 1645 0 0
109961 117154 1684 0 0
109961 118082 1888 0 0
109961 118278 1942 0 0
109961 118332 1954 0 0
109961 118426 1977 0 0
109961 118484 1987 0 0
109961 118687 2034 0 0
109961 118755 2047 0 0
109961 118831 2057 0 0
109961 119489 2170 0 0
109961 120016 2266 0 0
109961 120102 2283 0 0
109961 120271 2310 0 0
109961 121014 2455 0 0
109961 121132 2477 0 0
109961 121252 2502 0 0
109961 121311 2515 0 0
109961 121367 2527 0 0
109961 122721 2745 0 0
109961 122903 2772 0 0
109961 123081 2802 0 0
109961 123795 2935 0 0
109961 124044 2976 0 0
109961 125535 3217 0 0
109968 110088 24 0 0
109978 114408 1054 0 0
110016 110167 32 0 0
110016 110546 113 0 0
110016 110698 143 0 0
110016 111291 285 0 0
110016 112596 604 0 0
110016 113133 750 0 0
110016 113627 852 0 0
110016 115587 1321 0 0
110030 110313 58 0 0
110030 111833 415 0 0
110030 113112 746 0 0
21167 89719 0 5189 0
110279 111177 108 0 0
110279 111513 189 0 0
110279 111661 233 0 0
110279 112301 588 0 0
110279 112847 533 0 0
110279 114354 883 0 0
110279 114883 1005 0 0
110279 116527 1378 0 0
110279 116998 1488 0 0
110279 117934 1700 0 0
110279 121052 2302 0 0
110279 121390 2372 0 0
110293 113192 705 0 0
110325 119279 0 153 0
110345 115301 1181 0 0
110400 114543 996 0 0
110527 114430 328 0 0
110535 112956 687 0 0
110598 110954 74 0 0
21787 22414 0 1196 0
110948 112956 599 0 0
110966 115229 1034 0 0
21959 89719 0 3705 0
111113 118575 1765 0 0
111308 117214 87 0 0
111308 119406 544 0 0
111308 124612 1452 0 0
22400 89719 0 1142 0
22414 27246 110 0 0
22414 31431 2705 0 0
22414 88028 224 0 0
22414 106310 282 0 0
22414 111174 27 0 0
22414 111656 152 0 0
22414 111811 186 0 0
22414 112261 289 0 0
22414 112414 329 0 0
22414 112905 467 0 0
22414 113507 597 0 0
22414 115518 1080 0 0
22414 117286 1474 0 0
22414 119124 1875 0 0
22414 124484 2808 0 0
22414 124856 2871 0 0
22414 124894 2878 0 0
111485 112641 290 0 0
22476 89719 0 61 0
111564 119902 1892 0 0
111620 111621 0 1380 0
111686 113106 362 0 0
111793 116828 1810 0 0
22817 89719 0 5549 0
22901 99789 202 0 0
111952 114013 503 0 0
111989 120359 1824 0 0
23207 95203 0 2839 0
23225 105410 0 2479 0
23455 107970 0 2935 0
23455 115937 0 1084 0
112548 115911 805 0 0
23651 112333 0 7 0
112883 117352 1027 0 0
112918 114896 459 0 0
112956 112996 0 49 0
23929 89719 0 1152 0
113078 121603 1825 0 0
24099 89216 6 6 0
24099 107659 216 0 0
113250 118455 1198 0 0
113386 114110 171 0 0
24514 59440 0 3814 0
24540 117988 105 0 0
113637 114570 233 0 0
113710 114519 154 0 0
113735 118509 1105 0 0
113901 114767 196 0 0
113901 121970 1392 0 0
24913 101707 0 675 0
24963 108230 0 235 0
114071 114073 1 0 0
114075 114076 0 0 0
114091 120641 1403 0 0
114137 114986 197 0 0
114137 115048 212 0 0
114137 124887 2123 0 0
114261 115131 205 0 0
114261 115945 393 0 0
114261 118851 1043 0 0
114261 120368 1307 0 0
114330 116544 507 0 0
114490 117916 774 0 0
114819 119818 1081 0 0
25816 102332 0 213 0
114895 116988 479 0 0
114967 122393 1442 0 0
114979 117726 0 649 0
115003 116476 331 0 0
115003 119763 1027 0 0
115003 120671 1198 0 0
115003 120811 1220 0 0
26128 108230 0 728 0
115237 115505 67 0 0
115458 116308 182 0 0
115489 116876 256 0 0
26452 115624 0 1159 0
115498 116445 200 0 0
26469 108230 0 42 0
115561 118655 598 0 0
115624 116007 84 0 0
115624 118689 694 0 0
115624 118695 695 0 0
115624 118697 696 0 0
115624 118705 697 0 0
115624 118721 699 0 0
115624 118725 700 0 0
115624 118731 702 0 0
115624 118741 703 0 0
115624 118757 706 0 0
115624 118762 707 0 0
115624 118812 713 0 0
115624 118816 714 0 0
115624 118980 744 0 0
115624 119140 774 0 0
115624 119142 775 0 0
115624 119167 778 0 0
115624 119178 780 0 0
115624 119186 782 0 0
115624 119202 784 0 0
115624 119215 786 0 0
115624 119228 787 0 0
115624 119244 790 0 0
115624 119253 791 0 0
115624 119268 793 0 0
115624 119280 794 0 0
115624 119305 799 0 0
115624 119320 801 0 0
115624 119341 804 0 0
115624 119347 806 0 0
115624 119367 808 0 0
115624 119541 839 0 0
115624 119553 840 0 0
115624 119579 843 0 0
115624 119741 875 0 0
115624 119759 877 0 0
115624 119895 905 0 0
115624 119899 906 0 0
115624 119942 913 0 0
115624 119953 915 0 0
115624 119977 918 0 0
115624 119987 920 0 0
115624 120001 921 0 0
115624 120160 953 0 0
115624 120173 955 0 0
115624 120189 958 0 0
115624 120197 959 0 0
115624 120201 960 0 0
115624 120237 964 0 0
115624 120248 966 0 0
115624 120258 967 0 0
115624 120269 969 0 0
115624 120278 971 0 0
115624 120286 972 0 0
115624 120295 974 0 0
115624 120310 975 0 0
115624 120324 977 0 0
115624 120337 979 0 0
115624 120344 981 0 0
115624 120505 1013 0 0
115624 120511 1014 0 0
115624 120530 1016 0 0
115624 120552 1020 0 0
115624 120554 1021 0 0
115624 120622 1041 0 0
115624 120686 1053 0 0
115624 120700 1054 0 0
115624 120706 1055 0 0
115624 120716 1057 0 0
115624 120720 1058 0 0
115624 120737 1060 0 0
115624 120750 1063 0 0
115624 120777 1067 0 0
115624 120783 1068 0 0
115624 120792 1069 0 0
115624 120801 1070 0 0
115624 120938 1101 0 0
115624 120943 1102 0 0
115624 120947 1103 0 0
115624 120957 1105 0 0
115624 120963 1105 0 0
115624 120972 1107 0 0
115624 120980 1107 0 0
115624 120983 1109 0 0
115624 120987 1110 0 0
115624 120999 1112 0 0
115624 121004 1113 0 0
115624 121016 1114 0 0
115624 121019 1116 0 0
115624 121030 1117 0 0
115624 121045 1119 0 0
115624 121060 1122 0 0
115624 121063 1123 0 0
115624 121069 1124 0 0
115624 121074 1126 0 0
115624 121076 1127 0 0
115624 121084 1128 0 0
115624 121092 1130 0 0
115624 121098 1131 0 0
115624 121107 1132 0 0
115624 121115 1134 0 0
115624 121120 1134 0 0
115624 121128 1136 0 0
115624 121134 1137 0 0
115624 121146 1138 0 0
115624 121161 1143 0 0
115624 121168 1144 0 0
115624 121182 1147 0 0
115624 121190 1148 0 0
115624 121200 1149 0 0
115624 121205 1151 0 0
115624 121359 1185 0 0
115624 121500 1216 0 0
115624 121507 1218 0 0
115624 121513 1219 0 0
115624 121533 1223 0 0
115624 121546 1225 0 0
115624 121548 1226 0 0
115624 121553 1227 0 0
115624 121563 1228 0 0
115624 121572 1230 0 0
115624 121581 1232 0 0
115624 121589 1233 0 0
115624 121601 1235 0 0
115624 121607 1236 0 0
115624 121619 1238 0 0
115624 121626 1239 0 0
115624 121645 1241 0 0
115624 121739 1253 0 0
115624 121752 1254 0 0
115624 121763 1257 0 0
115624 121774 1258 0 0
115624 121785 1259 0 0
115624 121978 1289 0 0
115624 121982 1289 0 0
115624 121999 1291 0 0
115624 122052 1305 0 0
115624 122131 1321 0 0
115624 122171 1326 0 0
115624 122180 1327 0 0
115624 122404 1359 0 0
115624 122618 1389 0 0
115624 122634 1392 0 0
115624 122642 1393 0 0
115624 122647 1394 0 0
115624 122661 1396 0 0
115624 122669 1397 0 0
115624 122863 1427 0 0
115624 123058 1458 0 0
115624 123220 1489 0 0
115624 123226 1491 0 0
115624 123413 1521 0 0
115624 123603 1556 0 0
115624 123610 1557 0 0
115624 123621 1559 0 0
115624 123631 1560 0 0
115624 123640 1562 0 0
115624 123780 1592 0 0
115624 123792 1593 0 0
115624 123975 1625 0 0
115624 123993 1627 0 0
115624 124010 1630 0 0
115624 124021 1631 0 0
115624 124041 1635 0 0
115624 124062 1636 0 0
115624 124069 1638 0 0
115624 124077 1639 0 0
115624 124096 1640 0 0
115624 124102 1642 0 0
115624 124116 1643 0 0
115624 124128 1644 0 0
115624 124140 1646 0 0
115624 124150 1647 0 0
115624 124321 1678 0 0
115624 124334 1679 0 0
115624 124516 1709 0 0
115624 124527 1710 0 0
115624 124535 1712 0 0
115624 124552 1714 0 0
115624 124563 1715 0 0
115624 124752 1747 0 0
115624 124925 1779 0 0
115624 124930 1781 0 0
115624 124936 1782 0 0
115624 124943 1783 0 0
115624 125144 1818 0 0
115624 125155 1819 0 0
115624 125172 1821 0 0
115624 125186 1823 0 0
115624 125199 1825 0 0
115624 125203 1825 0 0
115624 125212 1826 0 0
115624 125240 1830 0 0
115624 125262 1833 0 0
115624 125270 1835 0 0
115624 125277 1836 0 0
115624 125283 1838 0 0
115624 125298 1840 0 0
115624 125492 1870 0 0
115624 125506 1871 0 0
115624 125531 1876 0 0
115624 125549 1877 0 0
115680 116058 80 0 0
115680 116103 89 0 0
115680 116782 244 0 0
115680 121788 1247 0 0
115680 122455 1352 0 0
115680 122705 1390 0 0
26865 93370 0 519 0
26865 123687 0 139 0
115906 116255 69 0 0
115906 118475 582 0 0
115937 116270 67 0 0
115937 116289 72 0 0
115937 116336 83 0 0
115937 116554 135 0 0
115937 116583 143 0 0
115937 116917 220 0 0
115937 116976 236 0 0
115937 117142 272 0 0
115937 117401 329 0 0
115937 117716 397 0 0
115937 118681 625 0 0
115937 118912 665 0 0
115937 120741 994 0 0
115937 121196 1082 0 0
115937 121302 1105 0 0
115937 121758 1188 0 0
116013 117208 272 0 0
116018 117600 352 0 0
116018 117650 361 0 0
116018 124225 1577 0 0
116033 116034 0 124 0
116090 118290 502 0 0
27155 106999 2244 0 0
116305 124005 1487 0 0
116329 116434 21 0 0
116589 117791 273 0 0
116609 119921 695 0 0
116816 119632 588 0 0
116853 121907 1002 0 0
116873 117228 79 0 0
116959 124630 1428 0 0
117057 124231 1342 0 0
28094 113869 0 1766 0
117218 122812 0 433 0
117224 117329 23 0 0
117225 119260 434 0 0
28190 95842 0 237 0
28192 89719 0 1749 0
117338 117443 20 0 0
117338 117506 31 0 0
117338 117524 35 0 0
117338 117559 47 0 0
117338 117595 53 0 0
117338 117875 11 0 0
117338 118042 154 0 0
117338 118143 179 0 0
117338 118244 213 0 0
117338 119248 407 0 0
117338 119297 414 0 0
117338 119557 457 0 0
117338 123897 2349 0 0
117424 120073 23 0 0
117424 120473 92 0 0
117424 123070 547 0 0
117480 120040 190 0 0
117548 121334 756 0 0
117550 117830 69 0 0
28530 109764 0 105 0
117662 117663 0 325 0
117711 122768 0 20 0
28854 59808 5543 0 0
28854 66845 107 0 0
28854 66855 92 0 0
28854 66861 5540 0 0
28854 68010 1424 0 0
28854 69720 682 0 0
28854 70828 1908 0 0
28854 72874 19 0 0
28854 73427 1384 0 0
28854 79172 5177 0 0
28854 83722 6707 0 0
28854 87316 1554 0 0
28854 87666 3874 0 0
28854 94690 10 0 0
28854 94749 33 0 0
28854 94819 37 0 0
28854 94853 45 0 0
28854 94872 51 0 0
28854 95107 112 0 0
28854 95224 142 0 0
28854 95318 164 0 0
28854 95465 205 0 0
28854 95685 265 0 0
28854 96591 468 0 0
28854 98760 1032 0 0
28854 99386 1162 0 0
28854 100491 1433 0 0
28854 100550 1449 0 0
28854 101466 1682 0 0
28854 101817 1782 0 0
28854 102150 1874 0 0
28854 102980 2112 0 0
28854 104246 2455 0 0
28854 105871 2907 0 0
28854 107440 3298 0 0
28854 108453 3543 0 0
28854 110215 3929 0 0
28854 110967 4279 0 0
28854 111527 4218 0 0
28854 114131 4859 0 0
28854 117185 5561 0 0
28854 122288 6555 0 0
28854 123011 6668 0 0
28854 124211 6871 0 0
117970 118667 170 0 0
117970 118669 170 0 0
117970 118671 170 0 0
118007 120374 1295 0 0
118007 124559 1184 0 0
118078 118311 61 0 0
118078 118403 88 0 0
118078 119604 300 0 0
118078 119802 340 0 0
118078 120965 560 0 0
118078 121860 724 0 0
118078 122273 797 0 0
118114 118403 79 0 0
118128 120430 438 0 0
29391 107842 0 1043 0
29391 110279 0 428 0
29396 104850 0 980 0
29396 108048 0 153 0
29449 45633 0 3063 0
29451 89719 0 6714 0
29479 100915 0 1781 0
29750 108230 0 3543 0
29768 108230 0 3236 0
29768 109961 0 2957 0
118909 121661 513 0 0
119003 119148 25 0 0
119003 122841 672 0 0
119033 120262 211 0 0
29993 104182 2159 0 0
119059 120463 242 0 0
119059 120550 260 0 0
119279 125047 1007 0 0
30259 109961 0 1218 0
119572 122671 555 0 0
119642 122101 461 0 0
119645 120501 156 0 0
119647 123097 608 0 0
119723 122983 575 0 0
30704 108230 0 3488 0
119935 120066 22 0 0
119935 120467 91 0 0
119935 120678 339 0 0
119935 121072 212 0 0
119935 121718 338 0 0
119935 122813 506 0 0
119935 123194 571 0 0
119935 123381 605 0 0
119935 123967 712 0 0
119935 124597 808 0 0
119935 124913 865 0 0
119989 120900 170 0 0
120047 121313 244 0 0
120307 120694 81 0 0
120354 120936 117 0 0
120354 124256 683 0 0
120400 121667 91 0 0
120435 123171 481 0 0
120435 123592 557 0 0
120662 124330 631 0 0
120662 124537 665 0 0
120662 125448 816 0 0
120732 123302 445 0 0
120732 124168 592 0 0
120739 121223 94 0 0
31714 109961 0 304 0
120788 120789 0 410 0
120920 121482 119 0 0
120962 121186 42 0 0
121056 121163 23 0 0
121179 121756 109 0 0
32253 94229 0 63 0
121331 125103 0 13 0
32295 108230 0 3079 0
121342 121779 77 0 0
121346 121544 43 0 0
121346 122443 182 0 0
121346 123077 278 0 0
121427 121843 70 0 0
121427 124286 473 0 0
121427 125324 646 0 0
121634 123105 226 0 0
32845 89719 0 1868 0
121918 122146 0 121 0
121918 122768 14 0 0
121918 123568 0 71 0
121918 123920 0 68 0
33100 110939 0 1209 0
33181 37126 1660 0 0
33181 38186 1391 0 0
33181 38880 1643 0 0
33181 40040 1634 0 0
33181 40042 1457 0 0
33181 41141 1598 0 0
33181 41351 1503 0 0
33181 41581 1639 0 0
33181 41925 1210 0 0
33181 42117 1622 0 0
33181 42328 1515 0 0
33181 42339 1618 0 0
33181 42413 1406 0 0
33181 42470 1513 0 0
33181 42482 1621 0 0
33181 42710 1524 0 0
33181 42796 1539 0 0
33181 42810 1514 0 0
33181 42850 1622 0 0
33181 42886 1430 0 0
33181 43064 1517 0 0
33181 43070 1553 0 0
33181 43080 1471 0 0
33181 43153 1531 0 0
33181 43235 1390 0 0
33181 43310 1440 0 0
33181 43387 1323 0 0
33181 44114 1601 0 0
33181 44131 1623 0 0
33181 44159 1644 0 0
33181 44336 1449 0 0
33181 44525 1670 0 0
33181 44531 1533 0 0
33181 45317 1372 0 0
33181 45326 1375 0 0
33181 45507 1636 0 0
33181 45550 1438 0 0
33181 46139 1589 0 0
33181 46482 1645 0 0
33181 46488 1633 0 0
33181 46812 1606 0 0
33181 46852 1299 0 0
33181 46910 1512 0 0
33181 46951 1347 0 0
33181 47266 1394 0 0
33181 47284 1668 0 0
33181 115674 588 0 0
33181 115686 592 0 0
33181 115690 593 0 0
33181 115692 593 0 0
33181 115702 595 0 0
33181 115709 596 0 0
33181 115714 597 0 0
33181 115734 599 0 0
33181 115760 605 0 0
33181 115764 606 0 0
33181 115771 607 0 0
33181 115785 609 0 0
33181 115799 612 0 0
33181 115815 615 0 0
33181 115825 619 0 0
33181 115840 622 0 0
33181 115844 622 0 0
33181 115848 624 0 0
33181 115854 624 0 0
33181 115857 625 0 0
33181 116190 697 0 0
33181 116495 763 0 0
33181 120104 736 0 0
33181 120106 737 0 0
33181 120128 741 0 0
33181 120154 745 0 0
33181 120162 748 0 0
33181 120164 748 0 0
33181 120179 750 0 0
33181 120205 755 0 0
33181 120219 756 0 0
33181 120227 757 0 0
33181 120233 758 0 0
33181 120250 761 0 0
33181 120256 761 0 0
33181 121401 985 0 0
33181 122021 1090 0 0
33181 122507 1165 0 0
33181 122778 1207 0 0
33181 122932 1233 0 0
33181 123167 1271 0 0
33181 123179 1274 0 0
33181 123213 1283 0 0
33181 123224 1285 0 0
33181 123238 1286 0 0
33181 123269 1294 0 0
33181 123316 1301 0 0
33181 123364 1307 0 0
33181 123471 1319 0 0
33181 123559 1342 0 0
33181 123657 1358 0 0
33181 123659 1359 0 0
33181 123667 1361 0 0
33181 123679 1363 0 0
33181 123683 1363 0 0
33181 123694 1366 0 0
33181 123706 1369 0 0
33181 123782 1386 0 0
33181 123797 1388 0 0
33181 123801 1388 0 0
33181 123903 1405 0 0
33181 123921 1409 0 0
33181 123953 1415 0 0
33181 123969 1418 0 0
33181 124003 1422 0 0
33181 124012 1424 0 0
33181 124058 1430 0 0
33181 124079 1433 0 0
33181 124156 1442 0 0
33181 124306 1469 0 0
33181 124347 1475 0 0
33181 124378 1479 0 0
33181 124380 1479 0 0
33181 124387 1480 0 0
33181 124398 1482 0 0
33181 124415 1485 0 0
33181 124441 1492 0 0
33181 124490 1500 0 0
33181 124541 1507 0 0
33181 124589 1513 0 0
33181 124605 1515 0 0
33181 124702 1534 0 0
33181 124724 1536 0 0
33181 124827 1555 0 0
33181 124863 1563 0 0
33181 124953 1579 0 0
33181 124959 1581 0 0
33181 124979 1586 0 0
33181 124992 1588 0 0
33181 124994 1588 0 0
33181 125014 1591 0 0
33181 125019 1592 0 0
33181 125032 1593 0 0
33181 125095 1604 0 0
33181 125101 1605 0 0
33181 125130 1610 0 0
33181 125176 1616 0 0
33181 125178 1616 0 0
33181 125188 1617 0 0
33181 125257 1626 0 0
33181 125264 1627 0 0
33181 125279 1631 0 0
33181 125281 1631 0 0
33181 125294 1633 0 0
33181 125333 1639 0 0
33181 125341 1642 0 0
33181 125361 1643 0 0
33181 125369 1644 0 0
33181 125385 1647 0 0
33181 125405 1650 0 0
33181 125413 1652 0 0
33181 125452 1657 0 0
33181 125458 1659 0 0
33181 125494 1664 0 0
33181 125537 1671 0 0
33181 125557 1673 0 0
33219 103221 0 4001 0
122262 122263 0 132 0
122304 122551 30 0 0
122304 122566 34 0 0
122588 123153 91 0 0
33716 101459 0 1927 0
33716 109173 0 1359 0
122812 124486 288 0 0
33999 34264 0 79 0
123049 124899 140 0 0
34115 107842 0 1128 0
34127 35980 1163 0 0
34127 105454 1117 0 0
34127 111029 180 0 0
34127 111167 220 0 0
34127 111635 342 0 0
34127 111869 393 0 0
34127 112301 793 0 0
34127 115670 1308 0 0
34127 116343 1708 0 0
34127 118445 1937 0 0
34127 121960 2582 0 0
123459 124756 219 0 0
123459 125003 266 0 0
123558 124950 236 0 0
34540 121918 66 0 0
123822 124007 31 0 0
123852 125082 137 0 0
34873 108230 0 3113 0
35253 109961 0 904 0
35317 121918 0 435 0
124414 124636 37 0 0
124414 125061 113 0 0
124545 124608 8 0 0
124545 124693 26 0 0
124545 125272 122 0 0
124545 125338 134 0 0
124780 125151 67 0 0
35925 89719 0 5204 0
36040 115624 0 1248 0
36247 109132 0 451 0
125323 125566 36 0 0
36418 107842 0 1989 0
36935 117713 3678 0 0
37187 89719 0 374 0
37280 115624 0 1282 0
37688 121918 65 113 0
37705 80715 0 11 0
38076 95109 0 793 0
38212 89719 0 4144 0
38408 103540 0 505 0
39003 89719 0 1989 0
39563 122304 0 8 0
39928 95109 0 1466 0
39955 109961 0 241 0
39967 109961 0 967 0
40211 51680 0 777 0
40291 49348 0 232 0
41267 108293 0 948 0
42443 115624 0 1107 0
42443 117970 0 617 0
42652 107842 0 3612 0
42732 89719 0 1424 0
42982 103421 0 121 0
44410 115937 0 1271 0
44496 117338 0 586 0
45633 105265 20 0 0
45633 105805 176 0 0
45633 109729 1124 0 0
45633 110486 1289 0 0
45633 111149 1435 0 0
45633 114616 2285 0 0
46250 77743 0 56 0
46590 109961 0 1479 0
47416 103221 0 204 0
47923 80715 0 1467 0
48483 95109 0 29 0
49648 120991 0 191 0
49711 103140 1073 0 0
50199 108270 0 94 0
51335 108230 0 3398 0
51680 51709 1051 0 0
51680 51737 11255 0 0
51680 51773 843 0 0
51680 52124 12819 0 0
51680 52883 4063 0 0
51680 53005 10384 0 0
51680 53048 2477 0 0
51680 53093 3431 0 0
51680 53149 337 0 0
51680 53939 3684 0 0
51680 55180 6898 0 0
51680 56493 12479 0 0
51680 56922 4576 0 0
51680 57441 4300 0 0
51680 57756 209 0 0
51680 58883 8631 0 0
51680 59040 124 0 0
51680 59604 3004 0 0
51680 65793 5293 0 0
51680 69301 504 0 0
51680 95878 21 0 0
51680 96119 91 0 0
51680 97536 435 0 0
51680 97687 947 0 0
51680 99543 1008 0 0
51680 99798 980 0 0
51680 99865 926 0 0
51680 101108 1306 0 0
51680 101119 2572 0 0
51680 101174 1322 0 0
51680 101325 1367 0 0
51680 101617 2813 0 0
51680 101821 1430 0 0
51680 102023 1494 0 0
51680 102086 1509 0 0
51680 102965 1755 0 0
51680 103679 3978 0 0
51680 103961 2096 0 0
51680 104781 4846 0 0
51680 105463 2491 0 0
51680 107328 6015 0 0
51680 107913 3151 0 0
51680 109135 6826 0 0
51680 113066 4337 0 0
51680 114568 4617 0 0
51680 115392 4872 0 0
51680 116612 5144 0 0
51680 124581 6648 0 0
51680 125466 6796 0 0
51822 59440 0 1422 0
51822 124414 0 79 0
51946 89719 0 5318 0
51946 112301 0 22 0
51946 120665 0 19 0
52582 89719 0 1388 0
52695 119461 0 186 0
52729 112934 129 0 0
53234 109764 0 1226 0
53600 108230 0 22 0
53600 109288 0 17 0
53600 122741 0 21 0
53765 115624 0 85 0
53765 117970 0 164 0
53768 115624 0 85 0
53768 117970 0 164 0
54931 115572 186 0 0
55470 117970 0 849 0
55646 100254 133 0 0
56458 115624 0 781 0
56836 59440 0 641 0
56864 115624 0 125 0
56864 117970 0 772 0
58184 89719 0 6813 0
58441 59440 0 3150 0
59271 59440 0 41 0
59434 59440 0 777 0
59438 59440 0 781 0
59440 63231 4321 0 0
59440 63347 273 0 0
59440 87351 3872 0 0
59440 102036 152 0 0
59440 102172 184 0 0
59440 102298 213 0 0
59440 102836 378 0 0
59440 104857 913 0 0
59440 106478 1350 0 0
59440 107293 1569 0 0
59440 107899 1731 0 0
59440 114277 3194 0 0
59440 122195 4842 0 0
59673 115561 0 558 0
59797 107842 0 1153 0
60621 120839 31 0 0
60690 89719 0 1628 0
60858 89719 0 6365 0
60869 89719 0 6967 0
60887 89719 0 3016 0
61111 89719 0 1576 0
61217 89719 0 1245 0
61242 89719 0 1677 0
61416 105948 433 0 0
61721 96736 0 61 0
61962 89719 0 4917 0
62330 89719 0 1167 0
62365 107842 0 901 0
62365 108230 0 900 0
62630 89719 0 1110 0
62992 108832 0 310 0
63053 89719 0 192 0
63205 89719 0 2909 0
63260 89719 0 1788 0
63475 89719 0 6182 0
63555 89719 0 3661 0
63611 89719 0 864 0
63677 89719 0 3785 0
63743 89719 0 2041 0
63764 108108 0 136 0
63863 89719 0 3940 0
64115 89719 0 4446 0
64209 89719 0 2487 0
64536 89719 0 6392 0
64706 89719 0 1983 0
64735 89719 0 5417 0
64825 89719 0 2677 0
64899 89719 0 2762 0
65024 89719 0 1300 0
65141 95194 0 12 0
65446 97327 0 2094 0
65526 89719 0 2133 0
65962 105294 0 207 0
65997 89719 0 4902 0
66210 89719 0 1139 0
66339 89719 0 1520 0
66629 89719 0 2018 0
66735 89719 0 4053 0
66948 100296 0 44 0
67091 89719 0 6596 0
67094 89719 0 1989 0
67281 89719 0 3566 0
67434 89719 0 6248 0
68199 89719 0 849 0
69107 107842 0 1193 0
69283 89719 0 1283 0
69671 89719 0 1065 0
69764 89719 0 3084 0
70192 103540 0 862 0
70769 89719 0 3219 0
71016 89719 0 1056 0
71347 89719 0 3030 0
71375 72234 56 0 0
71375 98541 304 0 0
71375 106673 2423 0 0
71375 107970 0 245 0
71375 110814 3985 0 0
71375 122709 5934 0 0
71806 89719 0 1157 0
71865 109961 0 349 0
72010 89719 0 2109 0
72016 89719 0 1841 0
72018 89719 0 1304 0
72104 94496 0 15 0
72117 89719 0 1331 0
72530 89719 0 1699 0
72550 89719 0 3401 0
72582 89719 0 3120 0
72639 89719 0 4214 0
72815 89719 0 6453 0
72842 89719 0 1259 0
73522 89719 0 2328 0
73541 89719 0 4803 0
73642 117480 0 544 0
73677 89719 0 4771 0
73729 109961 0 1004 0
73867 89719 0 5887 0
74175 103221 0 564 0
74290 89719 0 3193 0
74371 95307 262 0 0
74666 89719 0 5050 0
74673 89719 0 1372 0
74704 108230 0 3086 0
75173 89719 0 1516 0
75179 89719 0 1716 0
75359 108230 0 3119 0
75977 89719 0 1705 0
75994 89719 0 1869 0
76222 89719 0 2291 0
76252 97937 14 0 0
76272 89719 0 6393 0
76420 89719 0 3509 0
76496 89719 0 1949 0
76726 89719 0 7038 0
76889 89719 0 1685 0
76905 113404 0 762 0
76905 114065 630 0 0
76905 114583 760 0 0
76905 114674 776 0 0
76905 116148 1110 0 0
76905 119636 2114 0 0
76905 122879 2427 0 0
76944 89719 0 2204 0
76970 89719 0 5985 0
76986 89719 0 1071 0
77105 89719 0 1117 0
77293 89719 0 3317 0
77513 89719 0 2942 0
77534 89719 0 2589 0
77553 89719 0 1657 0
77563 89719 0 1093 0
77737 89719 0 1326 0
78055 89719 0 1375 0
78172 89719 0 1261 0
78245 89719 0 2692 0
78318 89719 0 1343 0
78391 89719 0 498 0
78481 89719 0 3420 0
78573 89719 0 3673 0
78854 89719 0 3182 0
78860 89719 0 3721 0
79205 89719 0 5877 0
79232 86410 0 120 0
79502 89719 0 5322 0
79595 89719 0 5999 0
79657 89719 0 1832 0
79987 89719 0 4881 0
80009 89719 0 1232 0
80215 89719 0 3991 0
80377 89719 0 4510 0
80409 109764 0 257 0
80497 89719 0 6931 0
80640 89719 0 90 0
80715 102606 43 0 0
80715 102959 39 0 0
80715 102996 53 0 0
80715 103038 66 0 0
80715 103211 103 0 0
80715 103240 116 0 0
80715 103355 150 0 0
80715 103523 198 0 0
80715 103587 216 0 0
80715 103803 267 0 0
80715 104020 324 0 0
80715 104221 379 0 0
80715 104309 410 0 0
80715 104739 517 0 0
80715 105471 708 0 0
80715 107862 1354 0 0
80715 112223 2326 0 0
80715 114453 2871 0 0
80715 124990 4939 0 0
80915 89719 0 5165 0
80942 89719 0 2327 0
81139 89719 0 6724 0
81194 89719 0 4039 0
81212 89719 0 5070 0
81238 89719 0 4209 0
81505 89719 0 1439 0
81523 89719 0 5749 0
81551 89719 0 6007 0
81594 89719 0 1099 0
81728 89719 0 4483 0
81740 89719 0 2830 0
81746 108270 0 1039 0
81844 89719 0 4367 0
81967 89719 0 1053 0
82023 103540 0 321 0
82059 89719 0 1388 0
82156 99813 0 57 0
82279 107842 0 37 0
82369 105554 57 0 0
82410 89719 0 5345 0
82442 89719 0 1296 0
82837 89719 0 332 0
82926 122304 0 8 0
83072 89719 0 2734 0
83335 101299 0 1925 0
83399 89719 0 2973 0
83424 89719 0 3452 0
83534 89719 0 4289 0
83661 115937 0 928 0
83678 108230 0 935 0
83904 89719 0 81 0
84014 89719 0 6289 0
84382 108650 0 2380 0
84620 107842 0 34 0
84620 108230 0 3182 0
84680 109961 0 668 0
84994 89719 0 6949 0
85207 103695 0 634 0
85447 89719 0 4228 0
85651 103306 0 33 0
86179 89719 0 6415 0
86252 89719 0 5384 0
86690 89719 0 1709 0
86721 89719 0 1177 0
87216 89719 0 1249 0
87264 89719 0 1165 0
87328 110279 0 317 0
87623 89719 0 1201 0
87733 89719 0 7003 0
88056 89719 0 940 0
88062 89719 0 1122 0
88148 113904 410 0 0
88348 89719 0 4391 0
88653 110279 0 890 0
88657 89719 0 1691 0
88970 89719 0 3339 0
88998 102308 90 0 0
88998 109080 0 318 0
88998 121094 4518 0 0
