1 1 100 8.08168
2 2 100 15.2034
3 3 100 20.9858
4 4 100 23.7669
5 5 100 25.9
6 6 100 27.1283
7 7 100 31.476
8 8 100 35.7869
9 9 100 39.8219
10 10 100 40.9139
11 11 100 44.7649
12 12 100 48.3401
13 13 100 51.3634
14 14 100 54.3867
15 15 100 57.2261
16 16 100 60.0655
17 17 100 62.9049
18 18 100 63.9454
19 19 100 66.3764
20 20 100 68.664
21 21 100 71.1356
22 22 100 73.2392
23 23 100 75.3429
24 24 100 77.6852
25 25 100 79.7888
26 26 100 81.8925
27 27 100 83.9961
28 28 100 85.0651
29 29 100 86.1341
30 30 100 87.2261
31 31 100 88.548
32 32 100 90.2837
33 33 100 91.9276
34 34 100 93.6633
35 35 100 95.3991
36 36 100 97.1348
37 37 100 98.8706
38 38 100 100.33
39 39 100 101.735
40 40 100 103.471
41 41 100 105.207
42 42 100 106.942
43 43 100 108.678
44 44 100 110.794
45 45 100 111.886
46 46 100 112.794
47 47 100 114.546
48 48 100 115.914
49 49 100 117.282
50 50 100 118.65
