1 1 100 58.7815
2 2 100 81.7946
3 3 100 103.672
4 4 100 124.473
5 5 100 128.151
6 6 100 130.211
7 7 100 171.427
8 8 100 188.638
9 9 100 202.882
10 10 100 214.012
11 11 100 222.394
12 12 100 230.506
13 13 100 238.864
14 14 100 246.285
15 15 100 247.688
16 16 100 254.758
17 17 100 261.399
18 18 100 268.285
19 19 100 352.474
20 20 100 358.205
21 21 100 363.936
22 22 100 368.806
23 23 100 374.589
24 24 100 380.612
25 25 100 386.079
26 26 100 518.014
27 27 100 523.428
28 28 100 528.842
29 29 100 533.276
30 30 100 538.138
31 31 100 554.234
32 32 100 555.193
33 33 100 559.282
34 34 100 563.317
35 35 100 567.291
36 36 100 571.635
37 37 100 575.619
38 38 100 579.194
39 39 100 583.137
40 40 100 586.895
41 41 100 589.936
42 42 100 593.419
43 43 100 596.35
44 44 100 597.5
45 45 100 600.248
46 46 100 602.238
47 47 100 605.445
48 48 100 608.652
49 49 100 611.859
50 50 100 614.698
