1 1 100 1.07682
2 2 100 2.17554
3 3 100 3.54342
4 4 100 4.64827
5 5 100 5.70606
6 6 100 6.72357
7 7 100 7.92777
8 8 100 9.12486
9 9 100 10.4927
10 10 100 11.8606
11 11 100 13.0446
12 12 100 14.4124
13 13 100 17.0679
14 14 100 18.4358
15 15 100 19.8037
16 16 100 21.5394
17 17 100 22.9073
18 18 100 24.0299
19 19 100 25.0474
20 20 100 26.4153
21 21 100 27.7832
22 22 100 29.1511
23 23 100 30.8868
24 24 100 31.9678
25 25 100 33.3356
26 26 100 36.5429
27 27 100 37.9108
28 28 100 39.2787
29 29 100 40.6465
30 30 100 41.8305
31 31 100 43.7502
32 32 100 45.1181
33 33 100 47.9575
34 34 100 49.3253
35 35 100 50.6932
36 36 100 52.0611
37 37 100 53.1531
38 38 100 54.5209
39 39 100 55.6436
40 40 100 94.1257
41 41 100 95.4936
42 42 100 96.8614
43 43 100 98.2293
44 44 100 99.3213
45 45 100 100.689
46 46 100 102.057
47 47 100 103.425
48 48 100 104.793
49 49 100 106.327
50 50 100 107.695
