1 1 100 4.66751
2 2 100 22.9174
3 3 100 24.799
4 4 100 29.8457
5 5 100 107.448
6 6 100 172.954
7 7 100 206.396
8 8 100 228.736
9 9 100 231.848
10 10 100 236.549
11 11 100 246.686
12 12 100 251.375
13 13 100 298.729
14 14 100 301.174
15 15 100 303.325
16 16 100 307.636
17 17 100 336.247
18 18 100 337.798
19 19 100 338.839
20 20 100 340.219
21 21 100 343.223
22 22 100 345.507
23 23 100 348.963
24 24 100 364.77
25 25 100 380.578
26 26 100 393.924
27 27 100 396.511
28 28 100 399.589
29 29 100 401.325
30 30 100 403.853
31 31 100 411.475
32 32 100 418.545
33 33 100 420.038
34 34 100 426.292
35 35 100 433.178
36 36 100 439.696
37 37 100 445.059
38 38 100 451.21
39 39 100 456.624
40 40 100 460.629
41 41 100 465.308
42 42 100 469.987
43 43 100 474.665
44 44 100 478.977
45 45 100 480.681
46 46 100 482.439
47 47 100 484.297
48 48 100 486.091
49 49 100 490.402
50 50 100 492.322
