34 511846 0 17 0
86 75420 72 0 0
106 583 249 0 0
106 951 859 0 0
106 1239 1593 0 0
106 5339 4092 0 0
106 5610 609 0 0
106 6990 106 0 0
106 7904 273 0 0
106 9113 3012 0 0
106 11470 195 0 0
106 12326 1239 0 0
106 12458 179 0 0
106 19617 961 0 0
106 25502 3437 0 0
106 28127 431 0 0
106 28164 3993 0 0
106 31116 220 0 0
106 33619 2620 0 0
106 33937 3339 0 0
106 34515 1272 0 0
106 37696 836 0 0
106 38870 139 0 0
106 40617 98 0 0
106 45146 2071 0 0
106 46948 1724 0 0
106 48407 2078 0 0
106 54052 257 0 0
106 57798 41 0 0
106 58522 497 0 0
106 60184 2898 0 0
106 65640 352 0 0
106 69184 71 0 0
106 70042 1723 0 0
106 82351 1923 0 0
106 91715 875 0 0
106 98882 204 0 0
106 99724 1324 0 0
106 104814 94 0 0
106 104897 347 0 0
106 107534 2395 0 0
106 111267 383 0 0
106 115073 993 0 0
106 127560 1253 0 0
106 127807 85 0 0
106 134049 68 0 0
106 151652 1578 0 0
106 162077 640 0 0
106 164059 2537 0 0
106 166581 1007 0 0
106 173109 5259 0 0
106 183565 177 0 0
106 183591 4453 0 0
106 184728 4406 0 0
106 185642 684 0 0
106 203188 93 0 0
106 207933 2517 0 0
106 213982 1441 0 0
106 219075 232 0 0
106 219306 1532 0 0
106 224341 197 0 0
106 230196 1084 0 0
106 230924 129 0 0
106 239309 234 0 0
106 247154 80 0 0
106 258938 616 0 0
106 263914 199 0 0
106 267910 1990 0 0
106 269421 1838 0 0
106 269517 702 0 0
106 281309 3557 0 0
106 286234 165 0 0
106 288558 2626 0 0
106 298054 74 0 0
106 311214 78 0 0
106 312462 2043 0 0
106 317534 659 0 0
106 324228 1581 0 0
106 333933 971 0 0
106 349666 2262 0 0
106 350787 514 0 0
106 363590 2919 0 0
106 364286 919 0 0
106 374822 254 0 0
106 379888 24 0 0
106 384271 403 0 0
106 412841 621 0 0
106 422083 692 0 0
106 427864 680 0 0
106 432690 1563 0 0
106 438025 2797 0 0
106 438523 10 0 0
106 438698 752 0 0
106 439889 4273 0 0
106 451136 180 0 0
106 456736 1990 0 0
106 462286 885 0 0
106 477568 166 0 0
106 479874 3898 0 0
106 482770 614 0 0
106 485835 628 0 0
106 485991 118 0 0
106 494995 2467 0 0
106 501616 6 0 0
106 501634 10 0 0
106 501798 43 0 0
106 501840 50 0 0
106 501946 69 0 0
106 501952 70 0 0
106 502045 91 0 0
106 502115 101 0 0
106 502256 132 0 0
106 502272 137 0 0
106 502422 170 0 0
106 502509 192 0 0
106 502844 273 0 0
106 502913 294 0 0
106 502933 298 0 0
106 503051 323 0 0
106 503249 369 0 0
106 503266 373 0 0
106 503311 388 0 0
106 503417 413 0 0
106 503483 427 0 0
106 503609 464 0 0
106 503653 514 0 0
106 503712 530 0 0
106 503862 607 0 0
106 504056 649 0 0
106 504103 658 0 0
106 504124 662 0 0
106 504396 735 0 0
106 504512 767 0 0
106 504786 828 0 0
106 504910 863 0 0
106 504959 876 0 0
106 505047 902 0 0
106 505141 927 0 0
106 505754 1079 0 0
106 505865 1116 0 0
106 506131 1183 0 0
106 506398 1251 0 0
106 506407 1254 0 0
106 506458 1269 0 0
106 507088 1444 0 0
106 507683 1614 0 0
106 509776 2182 0 0
106 510148 2268 0 0
106 510388 2337 0 0
106 510487 2359 0 0
106 510500 2362 0 0
106 510771 2444 0 0
106 511700 2687 0 0
106 511836 2728 0 0
106 512089 2804 0 0
106 512314 2880 0 0
106 512533 3131 0 0
106 512900 3050 0 0
106 513569 3241 0 0
106 513809 3444 0 0
106 514790 3579 0 0
106 515554 3912 0 0
106 517349 4378 0 0
106 517526 71 0 0
106 517683 115 0 0
106 517709 122 0 0
106 517732 131 0 0
106 517782 147 0 0
106 517811 155 0 0
106 517938 191 0 0
106 518013 210 0 0
106 518194 262 0 0
106 518317 339 0 0
106 518364 309 0 0
106 518519 344 0 0
106 528862 405 0 0
106 528958 428 0 0
106 529394 557 0 0
106 529402 559 0 0
106 529715 666 0 0
106 530250 836 0 0
106 530693 5377 0 0
106 530816 1063 0 0
222 27421 0 982 0
303 364 14 0 0
303 17807 17 0 0
303 449135 27 0 0
303 451611 190 0 0
392 38904 149 0 0
392 509658 90 0 0
392 511320 521 0 0
438 502 2228 0 0
438 1465 418 0 0
438 3658 3135 0 0
438 5348 2462 0 0
438 6013 1668 0 0
438 7083 3158 0 0
438 12410 2670 0 0
438 20234 3565 0 0
438 26128 509 0 0
438 26293 2705 0 0
438 27233 2030 0 0
438 29781 877 0 0
438 32516 823 0 0
438 33756 2502 0 0
438 35877 1731 0 0
438 40416 2847 0 0
438 40920 589 0 0
438 43363 2003 0 0
438 46380 2314 0 0
438 47212 1908 0 0
438 48011 824 0 0
438 51490 633 0 0
438 51498 19 0 0
438 51608 113 0 0
438 52173 1963 0 0
438 52264 365 0 0
438 52472 1800 0 0
438 53231 475 0 0
438 53318 903 0 0
438 56025 3406 0 0
438 59643 1223 0 0
438 62365 900 0 0
438 66047 54 0 0
438 88988 891 0 0
438 89527 886 0 0
438 118707 3060 0 0
438 139449 3321 0 0
438 163769 391 0 0
438 190622 3135 0 0
438 194613 2339 0 0
438 195458 41 0 0
438 198047 1705 0 0
438 203188 364 0 0
438 206067 312 0 0
438 206719 3355 0 0
438 208421 43 0 0
438 218567 18 0 0
438 221082 23 0 0
438 222251 204 0 0
438 224070 155 0 0
438 228330 1940 0 0
438 229494 337 0 0
438 232885 866 0 0
438 233141 1470 0 0
438 236607 673 0 0
438 237301 194 0 0
438 244539 1334 0 0
438 245402 1729 0 0
438 251360 1523 0 0
438 251764 137 0 0
438 252131 1518 0 0
438 253229 1625 0 0
438 258294 1493 0 0
438 259777 3395 0 0
438 260176 2359 0 0
438 260534 110 0 0
438 262905 936 0 0
438 267725 11 0 0
438 267842 24 0 0
438 267878 628 0 0
438 267919 1347 0 0
438 268184 134 0 0
438 268610 391 0 0
438 268887 3140 0 0
438 268971 50 0 0
438 268990 44 0 0
438 268994 167 0 0
438 269065 120 0 0
438 269103 257 0 0
438 269557 2526 0 0
438 269568 103 0 0
438 269816 2812 0 0
438 269881 3164 0 0
438 270179 895 0 0
438 270545 21 0 0
438 270549 2451 0 0
438 270665 219 0 0
438 270869 3279 0 0
438 271076 1740 0 0
438 271565 428 0 0
438 271618 2824 0 0
438 271755 1697 0 0
438 271803 19 0 0
438 271866 1202 0 0
438 272233 2924 0 0
438 272580 692 0 0
438 272819 649 0 0
438 273029 3155 0 0
438 273499 150 0 0
438 274207 85 0 0
438 274680 2337 0 0
438 274972 2025 0 0
438 275030 2709 0 0
438 275438 3054 0 0
438 275661 865 0 0
438 276477 95 0 0
438 276826 3476 0 0
438 277165 1475 0 0
438 277833 2630 0 0
438 278229 2060 0 0
438 278284 380 0 0
438 279637 1825 0 0
438 280646 743 0 0
438 281342 740 0 0
438 281665 260 0 0
438 282237 362 0 0
438 282510 1531 0 0
438 282609 1810 0 0
438 282740 1498 0 0
438 282966 319 0 0
438 283156 3484 0 0
438 283439 1067 0 0
438 283744 3589 0 0
438 283996 1038 0 0
438 284725 124 0 0
438 285557 208 0 0
438 285820 1701 0 0
438 285852 72 0 0
438 285994 1124 0 0
438 286411 1164 0 0
438 286951 2108 0 0
438 286970 1428 0 0
438 287247 85 0 0
438 287283 1104 0 0
438 287328 843 0 0
438 287374 311 0 0
438 287421 1868 0 0
438 287756 622 0 0
438 287928 1646 0 0
438 289163 3043 0 0
438 291806 1753 0 0
438 293184 550 0 0
438 293523 1931 0 0
438 294212 2184 0 0
438 294301 109 0 0
438 295574 941 0 0
438 295919 269 0 0
438 295930 482 0 0
438 296088 1126 0 0
438 298344 2919 0 0
438 298404 2120 0 0
438 298518 985 0 0
438 298959 673 0 0
438 298992 297 0 0
438 299233 888 0 0
438 300717 1401 0 0
438 303322 441 0 0
438 303774 1429 0 0
438 303809 1596 0 0
438 304529 805 0 0
438 305645 1862 0 0
438 307046 420 0 0
438 309805 3007 0 0
438 312959 803 0 0
438 312971 1612 0 0
438 313042 1374 0 0
438 313611 396 0 0
438 314277 889 0 0
438 314988 3480 0 0
438 315180 3255 0 0
438 315228 1823 0 0
438 317264 1972 0 0
438 317462 419 0 0
438 320808 875 0 0
438 321124 2415 0 0
438 321490 156 0 0
438 322709 346 0 0
438 327232 2211 0 0
438 332093 621 0 0
438 332847 3434 0 0
438 333581 342 0 0
438 338073 3321 0 0
438 340596 1678 0 0
438 340917 2096 0 0
438 341532 247 0 0
438 341729 70 0 0
438 343236 397 0 0
438 344638 2667 0 0
438 345441 395 0 0
438 348576 497 0 0
438 348677 1783 0 0
438 349943 2552 0 0
438 351769 472 0 0
438 353051 360 0 0
438 355603 2402 0 0
438 359019 240 0 0
438 360656 887 0 0
438 362116 2441 0 0
438 365624 1342 0 0
438 376488 965 0 0
438 377295 1169 0 0
438 378480 482 0 0
438 378497 286 0 0
438 380269 2584 0 0
438 380957 2682 0 0
438 382508 1504 0 0
438 383502 763 0 0
438 384788 449 0 0
438 391829 399 0 0
438 392824 2177 0 0
438 393022 1279 0 0
438 396099 1757 0 0
438 397209 342 0 0
438 400719 815 0 0
438 401827 2778 0 0
438 404575 539 0 0
438 406046 2177 0 0
438 408634 1502 0 0
438 411654 558 0 0
438 413512 987 0 0
438 418510 782 0 0
438 419016 717 0 0
438 420926 3039 0 0
438 424864 55 0 0
438 425692 376 0 0
438 429963 3055 0 0
438 431185 1994 0 0
438 431360 1899 0 0
438 433129 2476 0 0
438 435074 588 0 0
438 436687 2299 0 0
438 444110 1873 0 0
438 444713 1145 0 0
438 445787 1757 0 0
438 446040 3210 0 0
438 446842 2714 0 0
438 447880 3208 0 0
438 448139 240 0 0
438 451670 982 0 0
438 453580 256 0 0
438 461977 465 0 0
438 462090 285 0 0
438 463378 1550 0 0
438 468299 1958 0 0
438 470453 118 0 0
438 471178 2728 0 0
438 471767 781 0 0
438 473532 18 0 0
438 474551 2341 0 0
438 474971 923 0 0
438 475347 399 0 0
438 481871 1539 0 0
438 482121 3007 0 0
438 483459 1823 0 0
438 483678 830 0 0
438 483794 353 0 0
438 489388 1412 0 0
438 492408 109 0 0
438 493312 250 0 0
438 493615 2943 0 0
438 493912 707 0 0
438 496972 536 0 0
438 498405 3279 0 0
438 502793 3036 0 0
438 503071 3462 0 0
438 504801 1063 0 0
438 505836 3326 0 0
438 507723 228 0 0
438 508467 9 0 0
438 508492 14 0 0
438 508501 15 0 0
438 508507 17 0 0
438 508511 17 0 0
438 508521 19 0 0
438 508559 25 0 0
438 508568 27 0 0
438 508578 31 0 0
438 508599 40 0 0
438 508615 43 0 0
438 508625 45 0 0
438 508636 49 0 0
438 508665 55 0 0
438 508669 55 0 0
438 508675 57 0 0
438 508677 916 0 0
438 508689 60 0 0
438 508691 61 0 0
438 508699 62 0 0
438 508703 62 0 0
438 508743 69 0 0
438 508752 70 0 0
438 508763 72 0 0
438 508783 74 0 0
438 508806 82 0 0
438 508808 82 0 0
438 508832 88 0 0
438 508836 88 0 0
438 508852 93 0 0
438 508856 95 0 0
438 508867 99 0 0
438 508893 105 0 0
438 508922 111 0 0
438 508924 112 0 0
438 508929 114 0 0
438 508934 116 0 0
438 508940 117 0 0
438 508957 122 0 0
438 508987 132 0 0
438 508991 133 0 0
438 509030 140 0 0
438 509073 152 0 0
438 509085 733 0 0
438 509095 157 0 0
438 509102 159 0 0
438 509104 160 0 0
438 509109 161 0 0
438 509122 163 0 0
438 509142 171 0 0
438 509148 173 0 0
438 509156 176 0 0
438 509159 176 0 0
438 509170 181 0 0
438 509195 188 0 0
438 509202 191 0 0
438 509212 193 0 0
438 509218 194 0 0
438 509225 196 0 0
438 509228 197 0 0
438 509250 203 0 0
438 509295 216 0 0
438 509317 220 0 0
438 509345 227 0 0
438 509349 228 0 0
438 509362 232 0 0
438 509364 232 0 0
438 509366 232 0 0
438 509381 235 0 0
438 509383 237 0 0
438 509394 239 0 0
438 509410 241 0 0
438 509439 245 0 0
438 509476 253 0 0
438 509486 255 0 0
438 509491 256 0 0
438 509493 256 0 0
438 509501 257 0 0
438 509532 267 0 0
438 509542 269 0 0
438 509573 275 0 0
438 509581 278 0 0
438 509616 290 0 0
438 509618 290 0 0
438 509649 301 0 0
438 509667 304 0 0
438 509675 307 0 0
438 509695 311 0 0
438 509734 321 0 0
438 509745 323 0 0
438 509759 325 0 0
438 509764 328 0 0
438 509768 328 0 0
438 509798 336 0 0
438 509852 347 0 0
438 509854 347 0 0
438 509856 347 0 0
438 509861 348 0 0
438 509866 349 0 0
438 509870 350 0 0
438 509922 361 0 0
438 509989 379 0 0
438 510000 381 0 0
438 510002 382 0 0
438 510046 393 0 0
438 510053 395 0 0
438 510066 397 0 0
438 510068 397 0 0
438 510092 403 0 0
438 510098 404 0 0
438 510112 408 0 0
438 510118 410 0 0
438 510122 410 0 0
438 510138 414 0 0
438 510161 419 0 0
438 510168 420 0 0
438 510181 422 0 0
438 510183 423 0 0
438 510206 432 0 0
438 510241 441 0 0
438 510284 449 0 0
438 510300 458 0 0
438 510306 459 0 0
438 510316 462 0 0
438 510380 483 0 0
438 510425 494 0 0
438 510444 499 0 0
438 510459 503 0 0
438 510468 504 0 0
438 510493 509 0 0
438 510513 515 0 0
438 510526 524 0 0
438 510532 526 0 0
438 510534 526 0 0
438 510565 535 0 0
438 510641 555 0 0
438 510653 566 0 0
438 510668 563 0 0
438 510670 564 0 0
438 510683 571 0 0
438 510692 574 0 0
438 510701 577 0 0
438 510703 576 0 0
438 510717 580 0 0
438 510728 583 0 0
438 510736 585 0 0
438 510745 589 0 0
438 510751 590 0 0
438 510765 592 0 0
438 510767 593 0 0
438 510769 593 0 0
438 510774 595 0 0
438 510778 595 0 0
438 510782 596 0 0
438 510809 602 0 0
438 510811 602 0 0
438 510816 605 0 0
438 510826 606 0 0
438 510842 611 0 0
438 510874 619 0 0
438 510900 625 0 0
438 510937 633 0 0
438 510946 635 0 0
438 510948 636 0 0
438 510950 637 0 0
438 510965 641 0 0
438 510968 641 0 0
438 510986 649 0 0
438 510995 650 0 0
438 510999 652 0 0
438 511012 654 0 0
438 511028 661 0 0
438 511042 663 0 0
438 511053 667 0 0
438 511057 667 0 0
438 511068 670 0 0
438 511072 671 0 0
438 511110 678 0 0
438 511112 679 0 0
438 511121 682 0 0
438 511125 683 0 0
438 511136 686 0 0
438 511151 690 0 0
438 511196 704 0 0
438 511214 709 0 0
438 511231 714 0 0
438 511233 715 0 0
438 511235 716 0 0
438 511253 719 0 0
438 511257 720 0 0
438 511279 724 0 0
438 511281 724 0 0
438 511283 725 0 0
438 511293 728 0 0
438 511315 733 0 0
438 511328 736 0 0
438 511335 737 0 0
438 511340 737 0 0
438 511361 743 0 0
438 511378 746 0 0
438 511397 751 0 0
438 511402 753 0 0
438 511409 754 0 0
438 511417 756 0 0
438 511421 757 0 0
438 511423 758 0 0
438 511432 760 0 0
438 511435 761 0 0
438 511440 762 0 0
438 511452 766 0 0
438 511457 768 0 0
438 511474 773 0 0
438 511476 774 0 0
438 511495 779 0 0
438 511530 788 0 0
438 511534 789 0 0
438 511536 789 0 0
438 511540 791 0 0
438 511544 792 0 0
438 511550 835 0 0
438 511562 799 0 0
438 511567 801 0 0
438 511590 805 0 0
438 511602 808 0 0
438 511613 810 0 0
438 511631 818 0 0
438 511653 825 0 0
438 511655 825 0 0
438 511659 826 0 0
438 511663 826 0 0
438 511666 827 0 0
438 511672 828 0 0
438 511678 829 0 0
438 511687 830 0 0
438 511752 849 0 0
438 511758 851 0 0
438 511769 856 0 0
438 511791 866 0 0
438 511805 868 0 0
438 511808 869 0 0
438 511823 874 0 0
438 511825 874 0 0
438 511873 890 0 0
438 511907 899 0 0
438 511936 907 0 0
438 511954 912 0 0
438 511961 913 0 0
438 511965 914 0 0
438 511979 916 0 0
438 511983 918 0 0
438 511989 919 0 0
438 511994 922 0 0
438 512005 930 0 0
438 512018 934 0 0
438 512024 935 0 0
438 512060 945 0 0
438 512070 947 0 0
438 512080 950 0 0
438 512093 953 0 0
438 512103 955 0 0
438 512105 956 0 0
438 512121 963 0 0
438 512144 967 0 0
438 512151 969 0 0
438 512154 969 0 0
438 512170 974 0 0
438 512172 975 0 0
438 512192 983 0 0
438 512197 984 0 0
438 512202 985 0 0
438 512215 991 0 0
438 512232 999 0 0
438 512238 1000 0 0
438 512269 1011 0 0
438 512291 1022 0 0
438 512369 1043 0 0
438 512373 1045 0 0
438 512375 1045 0 0
438 512377 1045 0 0
438 512383 1047 0 0
438 512390 1051 0 0
438 512396 1056 0 0
438 512415 1062 0 0
438 512417 1062 0 0
438 512447 1068 0 0
438 512453 1070 0 0
438 512502 1083 0 0
438 512541 1095 0 0
438 512544 1096 0 0
438 512629 1126 0 0
438 512650 1133 0 0
438 512664 1136 0 0
438 512686 1139 0 0
438 512730 1154 0 0
438 512790 1167 0 0
438 512792 1168 0 0
438 512796 1169 0 0
438 512833 1179 0 0
438 512837 1181 0 0
438 512860 1187 0 0
438 512866 1189 0 0
438 512888 1195 0 0
438 512892 1199 0 0
438 512894 1199 0 0
438 512934 1207 0 0
438 512940 1208 0 0
438 512980 1221 0 0
438 512995 1225 0 0
438 513016 1230 0 0
438 513018 1230 0 0
438 513041 1235 0 0
438 513086 1251 0 0
438 513088 1252 0 0
438 513149 1270 0 0
438 513156 1271 0 0
438 513170 1273 0 0
438 513192 1282 0 0
438 513196 1283 0 0
438 513205 1285 0 0
438 513217 1289 0 0
438 513270 1308 0 0
438 513306 1318 0 0
438 513337 1324 0 0
438 513344 1325 0 0
438 513351 1358 0 0
438 513369 1331 0 0
438 513378 1332 0 0
438 513385 1334 0 0
438 513391 1337 0 0
438 513397 1337 0 0
438 513438 1346 0 0
438 513442 1348 0 0
438 513478 1364 0 0
438 513494 1367 0 0
438 513521 1376 0 0
438 513562 1388 0 0
438 513565 1388 0 0
438 513597 1401 0 0
438 513615 1404 0 0
438 513619 1405 0 0
438 513626 1409 0 0
438 513634 1412 0 0
438 513657 1418 0 0
438 513659 1419 0 0
438 513686 1427 0 0
438 513688 1427 0 0
438 513698 1428 0 0
438 513702 1430 0 0
438 513707 1432 0 0
438 513709 1433 0 0
438 513721 1436 0 0
438 513729 1439 0 0
438 513784 1463 0 0
438 513793 1465 0 0
438 513849 1480 0 0
438 513878 1489 0 0
438 513890 1492 0 0
438 513918 1502 0 0
438 513930 1504 0 0
438 513946 1508 0 0
438 513958 1514 0 0
438 514000 1523 0 0
438 514018 1528 0 0
438 514022 1530 0 0
438 514047 1539 0 0
438 514051 1539 0 0
438 514060 1543 0 0
438 514101 1555 0 0
438 514134 1565 0 0
438 514140 1566 0 0
438 514170 1571 0 0
438 514179 1573 0 0
438 514201 1578 0 0
438 514220 1611 0 0
438 514234 1587 0 0
438 514252 1591 0 0
438 514269 1595 0 0
438 514327 1612 0 0
438 514363 1620 0 0
438 514412 1633 0 0
438 514416 2197 0 0
438 514434 1639 0 0
438 514493 1650 0 0
438 514497 1650 0 0
438 514500 1651 0 0
438 514552 1665 0 0
438 514571 1668 0 0
438 514592 1675 0 0
438 514596 1677 0 0
438 514620 1682 0 0
438 514667 1694 0 0
438 514685 1699 0 0
438 514730 1712 0 0
438 514822 1735 0 0
438 514826 1738 0 0
438 514862 1746 0 0
438 514890 1755 0 0
438 514892 1755 0 0
438 514894 1755 0 0
438 514907 1758 0 0
438 514911 1762 0 0
438 515007 1796 0 0
438 515056 1808 0 0
438 515073 1812 0 0
438 515120 1828 0 0
438 515126 1829 0 0
438 515151 1838 0 0
438 515201 1851 0 0
438 515251 1863 0 0
438 515267 1868 0 0
438 515291 1881 0 0
438 515295 1882 0 0
438 515301 1884 0 0
438 515313 1889 0 0
438 515315 1891 0 0
438 515325 1897 0 0
438 515346 1903 0 0
438 515351 1904 0 0
438 515371 1911 0 0
438 515392 1916 0 0
438 515409 1920 0 0
438 515424 1926 0 0
438 515502 1952 0 0
438 515505 1954 0 0
438 515513 1956 0 0
438 515526 1960 0 0
438 515545 1963 0 0
438 515552 1968 0 0
438 515593 1982 0 0
438 515619 1988 0 0
438 515621 1988 0 0
438 515632 1991 0 0
438 515656 1996 0 0
438 515681 2102 0 0
438 515697 2006 0 0
438 515710 2014 0 0
438 515753 2027 0 0
438 515777 2035 0 0
438 515789 2040 0 0
438 515791 2040 0 0
438 515856 2059 0 0
438 515889 2069 0 0
438 515916 2081 0 0
438 515936 2085 0 0
438 515944 2086 0 0
438 515978 2094 0 0
438 515995 2100 0 0
438 516017 2105 0 0
438 516054 2123 0 0
438 516074 2128 0 0
438 516081 2129 0 0
438 516127 2149 0 0
438 516144 2156 0 0
438 516151 2160 0 0
438 516153 2160 0 0
438 516174 2167 0 0
438 516190 2171 0 0
438 516206 2177 0 0
438 516227 2184 0 0
438 516237 2184 0 0
438 516254 2189 0 0
438 516260 2191 0 0
438 516271 2193 0 0
438 516300 2201 0 0
438 516304 2201 0 0
438 516318 2208 0 0
438 516350 2219 0 0
438 516389 2232 0 0
438 516391 2233 0 0
438 516415 2238 0 0
438 516434 2246 0 0
438 516446 2249 0 0
438 516497 2265 0 0
438 516506 2268 0 0
438 516547 2280 0 0
438 516559 2284 0 0
438 516561 2284 0 0
438 516654 2334 0 0
438 516663 2315 0 0
438 516670 2319 0 0
438 516678 2320 0 0
438 516682 2321 0 0
438 516705 2328 0 0
438 516735 2337 0 0
438 516755 2342 0 0
438 516776 2347 0 0
438 516784 2352 0 0
438 516789 2352 0 0
438 516791 2353 0 0
438 516847 2372 0 0
438 516885 2385 0 0
438 516887 2386 0 0
438 516926 2399 0 0
438 516942 2409 0 0
438 516957 2407 0 0
438 516973 2411 0 0
438 517009 2422 0 0
438 517029 2427 0 0
438 517046 2432 0 0
438 517070 2439 0 0
438 517089 2445 0 0
438 517096 2448 0 0
438 517110 2450 0 0
438 517132 2455 0 0
438 517135 2456 0 0
438 517144 2459 0 0
438 517161 2463 0 0
438 517216 2480 0 0
438 517228 2484 0 0
438 517240 2491 0 0
438 517244 2491 0 0
438 517266 2499 0 0
438 517282 2505 0 0
438 517394 2550 0 0
438 517429 2558 0 0
438 517480 2573 0 0
438 517496 2577 0 0
438 517504 2577 0 0
438 517516 2581 0 0
438 517627 2610 0 0
438 517629 2610 0 0
438 517663 3214 0 0
438 517687 2631 0 0
438 517744 2646 0 0
438 517751 2649 0 0
438 517775 2659 0 0
438 517779 2660 0 0
438 517784 2662 0 0
438 517798 2665 0 0
438 517829 2674 0 0
438 517867 2684 0 0
438 517886 2691 0 0
438 517918 2697 0 0
438 517921 2697 0 0
438 517962 2710 0 0
438 518045 2734 0 0
438 518082 2743 0 0
438 518130 2754 0 0
438 518143 2760 0 0
438 518150 2762 0 0
438 518160 2764 0 0
438 518170 2770 0 0
438 518244 2788 0 0
438 518254 2790 0 0
438 518292 2801 0 0
438 518315 2807 0 0
438 518324 2811 0 0
438 518329 2811 0 0
438 518333 2812 0 0
438 518362 2823 0 0
438 518402 2832 0 0
438 518490 2850 0 0
438 528642 2862 0 0
438 528664 2865 0 0
438 528742 2885 0 0
438 528790 2899 0 0
438 528801 2905 0 0
438 528884 2926 0 0
438 528896 2928 0 0
438 528964 2944 0 0
438 529037 2965 0 0
438 529051 2982 0 0
438 529055 2969 0 0
438 529076 2976 0 0
438 529078 3015 0 0
438 529099 2983 0 0
438 529152 2996 0 0
438 529167 2999 0 0
438 529170 3000 0 0
438 529181 3004 0 0
438 529205 3009 0 0
438 529248 3025 0 0
438 529267 3030 0 0
438 529271 3031 0 0
438 529292 3038 0 0
438 529299 3039 0 0
438 529315 3045 0 0
438 529348 3055 0 0
438 529397 3072 0 0
438 529408 3076 0 0
438 529445 3086 0 0
438 529481 3101 0 0
438 529483 3101 0 0
438 529509 3113 0 0
438 529514 3114 0 0
438 529548 3127 0 0
438 529590 3140 0 0
438 529605 3146 0 0
438 529626 3152 0 0
438 529633 3154 0 0
438 529646 3158 0 0
438 529671 3169 0 0
438 529684 3173 0 0
438 529713 3180 0 0
438 529732 3185 0 0
438 529736 3185 0 0
438 529749 3188 0 0
438 529751 3188 0 0
438 529753 3189 0 0
438 529768 3195 0 0
438 529787 3203 0 0
438 529793 3206 0 0
438 529844 3218 0 0
438 529864 3225 0 0
438 529912 3238 0 0
438 529928 3244 0 0
438 529938 3247 0 0
438 529953 3253 0 0
438 529955 3255 0 0
438 529962 3256 0 0
438 529978 3260 0 0
438 529989 3265 0 0
438 530042 3283 0 0
438 530099 3299 0 0
438 530110 3302 0 0
438 530182 3325 0 0
438 530200 3331 0 0
438 530213 3338 0 0
438 530254 3352 0 0
438 530256 3354 0 0
438 530269 3358 0 0
438 530377 3399 0 0
438 530409 3411 0 0
438 530411 3413 0 0
438 530414 3414 0 0
438 530420 3417 0 0
438 530432 3420 0 0
438 530444 3423 0 0
438 530459 3429 0 0
438 530481 3441 0 0
438 530495 3450 0 0
438 530578 3485 0 0
438 530581 3485 0 0
438 530622 3498 0 0
438 530632 3503 0 0
438 530683 3524 0 0
438 530714 3536 0 0
438 530719 3536 0 0
438 530727 3539 0 0
438 530757 3551 0 0
438 530784 3565 0 0
438 530820 3578 0 0
438 530836 3590 0 0
438 530865 3592 0 0
981 8136 0 81 0
981 27566 0 258 0
981 93770 0 133 0
1112 93720 0 4246 0
1203 515353 0 852 0
1442 499168 0 1230 0
1465 40859 0 173 0
1662 6678 130 0 0
1662 17819 2360 0 0
1662 28164 9 0 0
1662 82759 157 0 0
179906 184299 0 813 0
1867 528960 301 0 0
1867 530008 633 0 0
1867 530029 640 0 0
1867 530774 919 0 0
2011 10319 0 5 0
2577 19785 0 613 0
2577 103397 0 607 0
2577 109153 0 258 0
2577 472111 0 16 0
2577 499168 0 612 0
2625 14886 0 179 0
2625 472111 0 37 0
2625 511456 0 134 0
2695 85600 329 0 0
2695 530073 65 0 0
2836 30221 275 0 0
91895 530532 463 0 0
3014 34860 0 2108 0
92771 340995 44 0 0
4225 40859 0 4761 0
93720 434943 251 0 0
93720 503858 65 0 0
93720 504916 322 0 0
93720 529083 4289 0 0
360874 509069 844 0 0
4839 57648 0 3902 0
4853 63861 2446 0 0
4853 82759 853 0 0
4853 341144 4 0 0
4853 496686 9 0 0
5000 5001 843 1053 0
5000 5593 4244 0 0
5001 5593 3546 0 0
94154 491895 625 0 0
5221 17819 3275 0 0
5221 82759 1223 0 0
5221 473402 491 0 0
5418 40859 0 759 0
450623 504784 1366 0 0
6175 26156 8 0 0
6175 505003 875 0 0
184299 514865 15 0 0
184299 514867 15 0 0
184299 514869 15 0 0
184299 514871 15 0 0
184299 515257 129 0 0
6611 10319 0 136 0
7271 40859 0 7 0
7271 65083 50 0 0
7271 404575 1185 0 0
7271 495126 158 0 0
7271 510174 26 0 0
7271 510290 59 0 0
7271 513763 1057 0 0
7271 515082 1421 0 0
7361 40859 0 523 0
452593 510990 0 12 0
7752 501430 71 0 0
8068 515439 62 0 0
186244 495697 38 0 0
8610 71171 0 23 0
8804 37318 0 369 0
9011 27421 0 201 0
9089 509391 0 2904 0
9538 340995 66 0 0
9771 493872 0 17 0
9831 515353 0 428 0
455410 501645 0 4793 0
366371 515353 0 381 0
10304 146779 0 889 0
10319 19735 64 0 0
10319 480704 15 0 0
10395 40859 0 47 0
188573 506108 0 197 0
99740 498315 0 786 0
367450 510880 0 2622 0
456594 505147 86 0 0
456594 505217 157 0 0
456594 505741 233 0 0
456594 505748 235 0 0
456594 509048 1154 0 0
456594 510831 1434 0 0
456594 515172 2668 0 0
456594 517304 3520 0 0
456594 517408 10594 0 0
456594 528973 4009 0 0
11979 17528 169 0 0
11979 40769 53 0 0
12175 515469 1417 0 0
12565 299091 0 273 0
12565 505537 0 148 0
13388 40769 19 0 0
13388 459920 5 0 0
13388 508679 1217 0 0
13665 500278 1020 0 0
13665 500398 1046 0 0
13683 505155 0 1104 0
13860 418427 0 226 0
14234 261292 18 0 0
14508 58529 1936 0 0
14508 59079 4615 0 0
14508 393831 1689 0 0
14508 476272 256 0 0
14508 499936 88 0 0
14508 500567 228 0 0
14508 500593 236 0 0
14508 501011 341 0 0
14508 501027 342 0 0
14508 501179 377 0 0
14508 501512 457 0 0
14508 501735 511 0 0
14508 502820 750 0 0
14508 502980 787 0 0
14508 504325 1195 0 0
14508 504400 1217 0 0
14508 505616 1526 0 0
14508 506467 1751 0 0
14508 508656 2384 0 0
14508 508942 2448 0 0
14508 509549 2600 0 0
14508 511760 3182 0 0
14508 513654 3749 0 0
14508 514331 3943 0 0
14508 515185 4176 0 0
14508 516110 4471 0 0
192633 261292 73 0 0
14886 17084 0 125 0
14886 40922 43 0 0
14886 65364 25 0 0
14886 82926 50 0 0
14886 499271 487 0 0
14886 500740 809 0 0
371973 501645 0 4760 0
15810 512187 0 191 0
15895 517858 4901 0 0
105072 162077 467 0 0
16078 25502 2648 0 0
16078 34504 862 0 0
16078 224408 1719 0 0
16078 407037 11 0 0
16414 40859 0 789 0
461716 498773 301 0 0
461716 503868 1562 0 0
461716 507587 1023 0 0
461716 511557 2080 0 0
461716 512267 2291 0 0
194679 305931 0 1947 0
462288 496240 0 136 0
17084 59792 1429 0 0
17084 262317 1375 0 0
17084 506085 1356 0 0
106679 190699 1026 0 0
17807 491599 0 7 0
463393 511191 0 541 0
18703 261292 339 0 0
18946 176487 517 0 0
18946 529533 81 0 0
19271 25509 372 0 0
19271 177161 152 0 0
20125 515353 0 740 0
20623 146779 0 1533 0
21143 124955 0 103 0
466708 468241 898 0 0
21534 42895 19 0 0
21534 254966 132 0 0
21534 293560 3819 0 0
21534 422083 1112 0 0
21534 481568 348 0 0
21534 506546 0 59 0
21534 510955 239 0 0
21909 93720 0 573 0
22235 93720 0 1099 0
22284 514411 0 448 0
467657 506128 0 1861 0
23383 497250 0 4939 0
23637 93720 0 630 0
381069 438849 0 42 0
114555 498131 361 0 0
471112 517018 0 1133 0
471222 508047 0 2314 0
26128 40859 0 2086 0
26156 146779 0 90 0
27107 340995 49 0 0
27233 501645 0 3891 0
27421 36682 897 0 0
27421 46590 130 0 0
27421 56533 1491 0 0
27421 118426 314 0 0
27421 127560 1841 0 0
27421 220830 4411 0 0
27421 260862 3097 0 0
27421 334600 2943 0 0
27421 358126 1074 0 0
27421 363590 3165 0 0
27421 472312 53 0 0
27421 499480 68 0 0
27421 499870 152 0 0
27421 501494 528 0 0
27421 501972 627 0 0
27421 502304 697 0 0
27421 502307 775 0 0
27421 502471 738 0 0
27421 502501 746 0 0
27421 508062 2294 0 0
27421 514190 3982 0 0
27421 518077 5149 0 0
294782 504042 0 218 0
384361 386897 170 0 0
384361 503503 352 0 0
384361 529720 51 0 0
117329 502375 0 214 0
206584 494473 0 1670 0
28622 479676 395 0 0
29023 498051 0 3029 0
29023 515148 0 1928 0
207503 240338 0 3028 0
29468 505288 0 2164 0
207800 503020 0 3068 0
386208 501645 0 5053 0
30178 501645 0 5419 0
30305 146779 0 11 0
30375 512187 0 145 0
30455 31393 66 0 0
119632 131000 0 514 0
30992 251881 0 683 0
209172 431468 179 0 0
31487 496215 0 72 0
31647 497669 0 641 0
32516 502206 146 0 0
32516 503870 633 0 0
33317 197993 0 13 0
301058 516170 2684 0 0
34000 146779 0 53 0
34212 195427 19 0 0
34212 399489 2348 0 0
34212 511696 133 0 0
34568 71171 0 29 0
34672 530215 10 0 0
34689 35594 1119 0 0
34689 495292 144 0 0
35335 106381 90 0 0
35335 157615 4096 0 0
35335 494647 195 0 0
35335 497621 835 0 0
35335 499860 1349 0 0
35335 501771 1796 0 0
35335 506492 3030 0 0
35335 508264 3558 0 0
35335 512922 4809 0 0
35384 505070 0 2250 0
35688 493955 0 492 0
303013 507981 0 1977 0
36313 43432 230 0 0
36313 158360 990 0 0
481897 501645 0 4627 0
36767 40859 0 2807 0
36955 502334 0 183 0
304299 340995 56 0 0
37314 496215 0 117 0
37318 261292 43 0 0
37635 498632 474 0 0
37635 500040 0 321 0
37710 40859 0 6632 0
37991 505517 1428 0 0
216096 427962 3365 0 0
216096 502330 16 0 0
216096 502511 63 0 0
216096 502527 65 0 0
216096 508115 1625 0 0
216473 504038 0 55 0
38674 141469 157 0 0
216863 504924 0 3562 0
484080 501645 0 4614 0
306521 474862 100 0 0
306521 493107 1306 0 0
306521 499699 421 0 0
306521 501854 915 0 0
395619 501645 0 4938 0
39563 511456 0 0 0
40408 40859 0 2833 0
40408 501645 0 1254 0
40678 93720 0 3400 0
40859 41052 2351 0 0
40859 42443 500 0 0
40859 53765 396 0 0
40859 53768 396 0 0
40859 55470 2899 0 0
40859 56458 146 0 0
40859 56864 2196 0 0
40859 113187 1179 0 0
40859 138741 5685 0 0
40859 149568 1453 0 0
40859 167386 887 0 0
40859 242358 27 0 0
40859 254385 56 0 0
40859 299233 75 0 0
40859 303174 677 0 0
40859 303390 2583 0 0
40859 307485 754 0 0
40859 310233 981 0 0
40859 317748 5652 0 0
40859 326430 66 0 0
40859 381631 4473 0 0
40859 395369 2216 0 0
40859 404575 980 0 0
40859 406820 142 0 0
40859 411707 721 0 0
40859 413163 37 0 0
40859 417147 21 0 0
40859 417407 1187 0 0
40859 417770 3778 0 0
40859 429322 6434 0 0
40859 436121 5092 0 0
40859 439299 52 0 0
40859 448292 4014 0 0
40859 458923 6305 0 0
40859 464315 800 0 0
40859 468630 663 0 0
40859 473130 1802 0 0
40859 475224 1297 0 0
40859 476232 3573 0 0
40859 483211 3635 0 0
40859 483314 252 0 0
40859 483517 6082 0 0
40859 487625 87 0 0
40859 488577 128 0 0
40859 491420 838 0 0
40859 491869 37 0 0
40859 494929 41 0 0
40859 495037 62 0 0
40859 495118 76 0 0
40859 495153 81 0 0
40859 495194 90 0 0
40859 495275 135 0 0
40859 495309 115 0 0
40859 495347 120 0 0
40859 495688 192 0 0
40859 495744 206 0 0
40859 495778 216 0 0
40859 495794 219 0 0
40859 496227 323 0 0
40859 496246 329 0 0
40859 496481 380 0 0
40859 496549 393 0 0
40859 496611 405 0 0
40859 496720 427 0 0
40859 496826 458 0 0
40859 496908 6583 0 0
40859 496929 478 0 0
40859 497008 499 0 0
40859 497068 520 0 0
40859 497126 527 0 0
40859 497389 577 0 0
40859 497462 592 0 0
40859 497464 592 0 0
40859 497488 595 0 0
40859 497522 603 0 0
40859 497569 613 0 0
40859 497615 627 0 0
40859 497693 643 0 0
40859 497758 656 0 0
40859 497902 682 0 0
40859 497969 697 0 0
40859 498359 798 0 0
40859 498523 833 0 0
40859 498692 874 0 0
40859 498781 896 0 0
40859 498833 910 0 0
40859 499041 966 0 0
40859 499359 1032 0 0
40859 499608 1085 0 0
40859 500126 1314 0 0
40859 500166 1207 0 0
40859 500280 1230 0 0
40859 500378 1252 0 0
40859 500638 1313 0 0
40859 500651 1318 0 0
40859 500680 1324 0 0
40859 500835 1356 0 0
40859 500930 1382 0 0
40859 501075 1421 0 0
40859 501221 1454 0 0
40859 502127 1652 0 0
40859 502183 1663 0 0
40859 502292 1687 0 0
40859 502824 1818 0 0
40859 503108 1884 0 0
40859 503218 1912 0 0
40859 503748 2085 0 0
40859 503809 2101 0 0
40859 504159 2220 0 0
40859 504439 2293 0 0
40859 504912 2410 0 0
40859 504961 2424 0 0
40859 505454 2549 0 0
40859 506503 2825 0 0
40859 507398 3293 0 0
40859 507759 3314 0 0
40859 509812 3736 0 0
40859 510056 3793 0 0
40859 510094 3801 0 0
40859 511555 4195 0 0
40859 511765 4252 0 0
40859 512283 4416 0 0
40859 512473 4472 0 0
40859 512489 4476 0 0
40859 513335 4722 0 0
40859 514390 5026 0 0
40859 514665 5092 0 0
40859 514782 5124 0 0
40859 517878 6085 0 0
40859 528970 6355 0 0
40859 529516 6513 0 0
41065 515353 0 683 0
486470 490634 0 105 0
41267 503404 0 2396 0
41297 517033 1099 0 0
487102 502677 351 0 0
487102 516618 23 0 0
220009 498472 522 0 0
131000 514657 3299 0 0
42143 306521 0 2734 0
220915 505830 1534 0 0
42895 514013 1342 0 0
221248 505250 0 20 0
399605 499168 0 53 0
488974 512536 58 0 0
488974 530186 2289 0 0
44155 516345 0 336 0
44465 504924 0 2248 0
222852 233179 0 25 0
312044 528650 43 0 0
490358 491410 205 219 0
490358 498389 0 212 0
490447 501645 0 4521 0
490447 528749 211 0 0
134290 340995 51 0 0
223466 528903 173 0 0
223466 529095 225 0 0
223466 529183 247 0 0
223466 529413 321 0 0
490634 499482 753 0 0
490634 499657 786 0 0
490634 502193 1359 0 0
223706 505361 631 0 0
135086 517791 428 0 0
135086 517909 460 0 0
135086 528719 641 0 0
491390 507375 62 0 0
491410 508444 1974 0 0
313560 515353 0 1120 0
224641 501645 0 102 0
46653 493837 0 1099 0
491895 495710 0 944 0
46701 126871 0 1589 0
224976 501645 0 122 0
46897 453876 347 0 0
47694 512991 928 0 0
404059 494262 0 346 0
493334 494900 0 66 0
493716 494508 248 0 0
315665 448956 2616 0 0
315665 510249 80 0 0
493911 494271 73 0 0
493917 494142 43 0 0
493955 503698 2232 0 0
493955 507768 3345 0 0
493955 514946 5329 0 0
493955 517960 6265 0 0
494015 510990 0 944 0
494262 494711 89 0 0
494435 494503 16 0 0
405626 499168 0 1267 0
138621 495098 146 0 0
494841 507800 3173 0 0
494853 495167 0 329 0
49708 49732 21 0 0
495018 495737 134 0 0
495167 497540 522 0 0
50034 503198 1932 0 0
495583 495676 20 0 0
495724 496467 178 0 0
495724 497352 0 58 0
495796 496576 178 0 0
495796 497180 316 0 0
495796 497617 408 0 0
50908 503279 0 4883 0
496215 496337 25 0 0
496215 496353 28 0 0
496215 496396 44 0 0
496215 496458 56 0 0
496215 496564 75 0 0
496215 496618 86 0 0
496215 497514 281 0 0
496215 497524 284 0 0
496215 498099 415 0 0
496215 498509 511 0 0
496215 500434 942 0 0
496215 501137 1116 0 0
496215 501606 1232 0 0
496215 504919 2093 0 0
496215 506411 2484 0 0
496215 506605 2531 0 0
496215 507053 2659 0 0
496215 508273 3032 0 0
496215 508902 3185 0 0
496215 512347 4116 0 0
496215 514144 4644 0 0
496447 496580 24 0 0
51452 55541 241 0 0
51452 507135 116 0 0
496662 503611 1596 0 0
51689 141983 258 0 0
496911 497377 101 0 0
497025 504904 1906 0 0
497133 497206 13 0 0
52159 52184 826 0 0
497482 513106 4061 0 0
497650 502372 1072 0 0
498010 498011 0 67 0
498058 498297 62 0 0
498058 501987 901 0 0
498058 502021 909 0 0
498058 513944 4185 0 0
498058 518410 5510 0 0
141983 510512 0 300 0
498439 514749 4301 0 0
498465 499822 0 406 0
498486 507608 2318 0 0
53439 503280 97 0 0
498930 499428 112 0 0
499025 503481 1012 0 0
499185 503295 933 0 0
54200 93720 0 2179 0
499507 515678 4336 0 0
499642 508592 2347 0 0
500000 500253 56 0 0
500174 500295 24 0 0
55433 93720 0 1230 0
500799 500857 17 0 0
500799 506776 1555 0 0
500899 508057 578 0 0
500899 511395 1079 0 0
500899 515717 176 0 0
500899 516306 2865 0 0
500960 501435 183 0 0
501033 501477 105 0 0
55908 502704 694 0 0
501242 506220 1295 0 0
501645 501713 17 0 0
501645 501745 23 0 0
501645 501827 36 0 0
501645 501836 37 0 0
501645 501848 40 0 0
501645 502113 89 0 0
501645 502220 113 0 0
501645 502227 116 0 0
501645 502268 125 0 0
501645 502559 194 0 0
501645 502640 211 0 0
501645 502886 275 0 0
501645 502969 293 0 0
501645 503085 319 0 0
501645 503202 348 0 0
501645 503386 392 0 0
501645 503860 594 0 0
501645 503963 615 0 0
501645 504083 643 0 0
501645 504428 731 0 0
501645 504550 763 0 0
501645 504874 838 0 0
501645 505172 921 0 0
501645 505464 993 0 0
501645 505734 1062 0 0
501645 506011 1140 0 0
501645 506106 1164 0 0
501645 506111 1164 0 0
501645 506257 1201 0 0
501645 506529 1271 0 0
501645 507149 1452 0 0
501645 507477 1542 0 0
501645 507679 1602 0 0
501645 507759 1745 0 0
501645 507825 1647 0 0
501645 507877 1664 0 0
501645 508181 1768 0 0
501645 508862 1937 0 0
501645 509482 2093 0 0
501645 510185 2262 0 0
501645 513167 3112 0 0
501645 513234 3137 0 0
501645 513799 3305 0 0
501645 516125 3987 0 0
501645 516845 4211 0 0
501645 517972 4552 0 0
501645 517989 4556 0 0
501645 518088 4584 0 0
501645 518102 4585 0 0
501645 518145 4598 0 0
501645 518284 4639 0 0
501645 518416 4673 0 0
501645 528770 4733 0 0
501645 528772 4734 0 0
501645 528952 4780 0 0
501645 529058 4810 0 0
501645 529123 4826 0 0
501645 529127 4828 0 0
501645 529587 4977 0 0
501645 529781 5040 0 0
501645 529993 5105 0 0
501645 530105 5137 0 0
501645 530536 5305 0 0
501645 530556 5316 0 0
323578 506520 500 0 0
145796 511456 0 20 0
412934 529225 123 0 0
502171 504444 634 0 0
502177 502859 161 0 0
502180 505056 416 0 0
502515 506544 1092 0 0
57648 110496 1587 0 0
57648 466090 4158 0 0
57648 500409 1463 0 0
146779 166388 17 0 0
146779 186255 230 0 0
146779 477571 1190 0 0
146779 502616 7 0 0
146779 502636 12 0 0
146779 502740 38 0 0
146779 503507 221 0 0
146779 504001 428 0 0
146779 518282 4439 0 0
146779 529497 4748 0 0
503023 510191 1961 0 0
503279 505114 543 0 0
503279 529668 4641 0 0
503280 507481 0 2427 0
503494 528873 4345 0 0
504042 505498 369 0 0
237016 501645 0 31 0
326062 502006 0 763 0
504285 504286 0 138 0
504514 504543 5 0 0
504531 505126 153 0 0
504639 511883 1950 0 0
504876 505973 295 0 0
504924 508198 917 0 0
504924 508231 928 0 0
504924 509456 1232 0 0
504924 514237 2571 0 0
504924 518062 3848 0 0
504924 528911 3917 0 0
504924 530456 4412 0 0
237890 361347 178 0 0
505155 508134 830 0 0
60106 72723 0 182 0
60106 501160 0 820 0
505449 506308 224 0 0
505722 505971 73 0 0
505878 509686 2559 0 0
417177 506993 0 1988 0
506224 517809 3312 0 0
506224 529309 3687 0 0
506293 507421 317 0 0
506293 507614 376 0 0
506293 508001 490 0 0
506293 512445 1698 0 0
506293 529277 3664 0 0
506572 506573 0 808 0
506865 511140 1164 0 0
506865 516853 2851 0 0
61721 510813 0 43 0
506993 507611 184 0 0
506993 508419 434 0 0
507457 510264 749 0 0
507569 517827 2939 0 0
240508 510550 0 249 0
507648 509054 392 0 0
419290 494669 0 138 0
508366 508587 55 0 0
508366 518300 2822 0 0
63271 117447 0 696 0
63861 146779 0 1036 0
64042 93720 0 16 0
64042 502180 0 31 0
153262 529974 587 0 0
509545 529675 2904 0 0
509593 511363 129 0 0
64446 113197 270 0 0
64446 508778 2242 0 0
64446 530209 5505 0 0
420692 530538 6161 0 0
332081 500025 0 20 0
510270 518165 2321 0 0
65364 499168 0 101 0
510713 516798 1779 0 0
510880 512562 483 0 0
510880 516403 1616 0 0
510990 511025 11 0 0
510990 516549 1631 0 0
65857 418427 0 1384 0
511191 512429 363 0 0
511292 511857 159 0 0
511596 512087 147 0 0
66701 500566 0 51 0
66701 501187 0 51 0
66703 500566 0 51 0
66703 501187 0 51 0
66705 500566 0 51 0
66705 501187 0 51 0
66707 500566 0 51 0
66707 501187 0 51 0
66709 500566 0 51 0
66709 501187 0 51 0
66711 500566 0 51 0
66711 501187 0 51 0
66713 500566 0 51 0
66713 501187 0 51 0
66715 500566 0 51 0
66715 501187 0 51 0
66717 500566 0 51 0
66717 501187 0 51 0
66719 500566 0 51 0
66719 501187 0 51 0
66721 500566 0 51 0
66721 501187 0 51 0
66723 500566 0 51 0
66723 501187 0 51 0
66725 500566 0 51 0
66725 501187 0 51 0
66727 500566 0 51 0
66727 501187 0 51 0
511985 512051 25 0 0
512187 512549 117 0 0
512225 516513 1277 0 0
512586 518346 1733 0 0
512588 512719 35 0 0
512588 512826 64 0 0
512588 512830 64 0 0
512588 512908 86 0 0
512588 513122 149 0 0
512588 513194 168 0 0
512588 514414 520 0 0
512588 516636 1193 0 0
512695 517331 1379 0 0
513016 513717 59 0 0
513126 518098 1483 0 0
513135 513584 130 0 0
513332 513525 52 0 0
335578 515353 0 349 0
68547 93720 0 4261 0
513778 513948 50 0 0
514033 529130 1457 0 0
425037 508047 0 348 0
514426 515603 348 0 0
514538 514638 27 0 0
514538 515671 340 0 0
514846 515550 226 0 0
514846 529479 1359 0 0
514937 516001 329 0 0
514937 517668 851 0 0
336965 505473 11 14 0
515146 515386 76 0 0
515146 515490 108 0 0
515261 529372 1198 0 0
515353 516036 205 0 0
515353 516545 374 0 0
515353 517463 661 0 0
515353 518462 937 0 0
515353 529629 1247 0 0
515653 517066 443 0 0
515692 515761 26 0 0
515692 518319 804 0 0
515733 517670 603 0 0
515733 529839 1196 0 0
515884 515946 19 0 0
516215 516288 20 0 0
71171 204682 487 0 0
71171 291616 859 0 0
71171 450118 22 0 0
71171 500967 40 0 0
71171 500991 12 0 0
71171 501117 42 0 0
71171 501144 48 0 0
71171 501960 23 0 0
71171 502169 66 0 0
71171 505732 1026 0 0
516472 517179 211 0 0
517121 518419 383 0 0
72026 495697 103 0 0
72056 494669 0 302 0
72723 509001 138 0 0
517974 529700 465 0 0
340995 498922 0 47 0
340995 512606 0 1484 0
340995 512635 0 64 0
340995 512660 0 67 0
340995 512677 0 70 0
340995 512771 0 49 0
340995 514814 0 859 0
254738 501645 0 94 0
344006 498033 257 0 0
344006 504564 1867 0 0
256661 499168 0 1171 0
79232 86410 215 0 0
435490 514948 1 0 0
436121 501645 0 3643 0
436531 501645 0 910 0
169929 501645 0 912 0
82926 511456 0 70 0
261292 452795 0 182 0
261292 495985 0 52 0
261292 498439 0 290 0
261292 500118 0 140 0
261292 513773 0 319 0
261292 514882 0 162 0
172271 501645 0 1210 0
439521 501645 0 5073 0
172549 506865 0 1553 0
261779 499168 0 1096 0
528916 529060 12 0 0
262161 499168 0 553 0
529458 530408 0 105 0
529651 530289 183 0 0
173490 501645 0 1348 0
529695 530332 205 0 0
529755 530065 100 19 0
530235 530483 96 0 0
530235 530717 191 0 0
530235 530822 234 0 0
353026 510880 0 844 0
442186 512125 1266 0 0
443856 492624 0 217 0
355621 504924 0 1901 0
177831 490358 1105 0 0
177831 491410 294 0 0
177831 505007 1981 0 0
88908 504924 0 1581 0
